       91.00  0.8656873E-09   0.0000000E+00   0.8656873E-09
       94.00  0.8646893E-08   0.0000000E+00   0.8646893E-08
       96.00  0.1085878E-07   0.0000000E+00   0.1085878E-07
       98.00  0.1520753E-07   0.0000000E+00   0.1520753E-07
      100.00  0.2061882E-07   0.0000000E+00   0.2061882E-07
      102.00  0.1823580E-07   0.0000000E+00   0.1823580E-07
      104.00  0.2141893E-07   0.0000000E+00   0.2141893E-07
      106.00  0.2231064E-07   0.0000000E+00   0.2231064E-07
      108.00  0.2483258E-07   0.0000000E+00   0.2483258E-07
      110.00  0.3201387E-07   0.0000000E+00   0.3201387E-07
      114.00  0.2991368E-07   0.0000000E+00   0.2991368E-07
      118.00  0.2599127E-07   0.0000000E+00   0.2599127E-07
      121.00  0.7762251E-07   0.0000000E+00   0.7762251E-07
      125.00  0.9145319E-07   0.0000000E+00   0.9145319E-07
      127.00  0.8887785E-07   0.0000000E+00   0.8887785E-07
      128.00  0.9191459E-07   0.0000000E+00   0.9191459E-07
      131.00  0.8139833E-07   0.0000000E+00   0.8139833E-07
      132.00  0.9984778E-07   0.0000000E+00   0.9984778E-07
      134.00  0.9428976E-07   0.0000000E+00   0.9428976E-07
      137.00  0.9131488E-07   0.0000000E+00   0.9131488E-07
      140.00  0.9926582E-07   0.0000000E+00   0.9926582E-07
      143.00  0.1328055E-06   0.0000000E+00   0.1328055E-06
      147.00  0.1585995E-06   0.0000000E+00   0.1585995E-06
      151.00  0.1595288E-06   0.0000000E+00   0.1595288E-06
      155.00  0.1572498E-06   0.0000000E+00   0.1572498E-06
      159.00  0.1712698E-06   0.0000000E+00   0.1712698E-06
      162.00  0.1765798E-06   0.0000000E+00   0.1765798E-06
      166.00  0.1751471E-06   0.0000000E+00   0.1751471E-06
      170.00  0.1729680E-06   0.0000000E+00   0.1729680E-06
      173.00  0.1822545E-06   0.0000000E+00   0.1822545E-06
      177.00  0.1753915E-06   0.0000000E+00   0.1753915E-06
      180.00  0.1906635E-06   0.0000000E+00   0.1906635E-06
      182.00  0.1878345E-06   0.0000000E+00   0.1878345E-06
      186.00  0.1904640E-06   0.0000000E+00   0.1904640E-06
      191.00  0.1984617E-06   0.0000000E+00   0.1984617E-06
      194.00  0.2071051E-06   0.0000000E+00   0.2071051E-06
      198.00  0.2119883E-06   0.0000000E+00   0.2119883E-06
      202.00  0.2196824E-06   0.0000000E+00   0.2196824E-06
      205.00  0.2203962E-06   0.0000000E+00   0.2203962E-06
      210.00  0.2261442E-06   0.0000000E+00   0.2261442E-06
      216.00  0.2303738E-06   0.0000000E+00   0.2303738E-06
      220.00  0.2376074E-06   0.0000000E+00   0.2376074E-06
      223.00  0.2404573E-06   0.0000000E+00   0.2404573E-06
      227.00  0.2475735E-06   0.0000000E+00   0.2475735E-06
      228.00  0.2499447E-06   0.0000000E+00   0.2499447E-06
      228.00  0.7560600E-08   0.0000000E+00   0.7560600E-08
      230.00  0.4159804E-06   0.0000000E+00   0.4159804E-06
      234.00  0.1232820E-05   0.0000000E+00   0.1232820E-05
      240.00  0.2138344E-05   0.0000000E+00   0.2138344E-05
      246.00  0.2561508E-05   0.0000000E+00   0.2561508E-05
      252.00  0.3187136E-05   0.0000000E+00   0.3187136E-05
      257.00  0.2150828E-05   0.0000000E+00   0.2150828E-05
      260.00  0.3075475E-05   0.0000000E+00   0.3075475E-05
      264.00  0.3101843E-05   0.0000000E+00   0.3101843E-05
      269.00  0.3081841E-05   0.0000000E+00   0.3081841E-05
      274.00  0.3057274E-05   0.0000000E+00   0.3057274E-05
      279.00  0.2787264E-05   0.0000000E+00   0.2787264E-05
      284.00  0.2772667E-05   0.0000000E+00   0.2772667E-05
      290.00  0.2536950E-05   0.0000000E+00   0.2536950E-05
      296.00  0.2410383E-05   0.0000000E+00   0.2410383E-05
      301.00  0.1756925E-05   0.0000000E+00   0.1756925E-05
      308.00  0.1991974E-05   0.0000000E+00   0.1991974E-05
      318.00  0.2225308E-05   0.0000000E+00   0.2225308E-05
      328.00  0.2127033E-05   0.0000000E+00   0.2127033E-05
      338.00  0.1942777E-05   0.0000000E+00   0.1942777E-05
      348.00  0.1802417E-05   0.0000000E+00   0.1802417E-05
      353.30  0.1745824E-05   0.0000000E+00   0.1745824E-05
      353.30  0.1748146E-05   0.0000000E+00   0.1748146E-05
      357.00  0.1716059E-05   0.0000000E+00   0.1716059E-05
      366.00  0.1638010E-05   0.0000000E+00   0.1638010E-05
      375.00  0.1568310E-05   0.0000000E+00   0.1568310E-05
      385.00  0.1443115E-05   0.0000000E+00   0.1443115E-05
      395.00  0.1385867E-05   0.0000000E+00   0.1385867E-05
      405.00  0.1328768E-05   0.0000000E+00   0.1328768E-05
      414.00  0.1268557E-05   0.0000000E+00   0.1268557E-05
      422.00  0.1204182E-05   0.0000000E+00   0.1204182E-05
      430.00  0.1132634E-05   0.0000000E+00   0.1132634E-05
      441.00  0.1092568E-05   0.0000000E+00   0.1092568E-05
      451.00  0.1045158E-05   0.0000000E+00   0.1045158E-05
      460.00  0.9947578E-06   0.0000000E+00   0.9947578E-06
      470.00  0.9488337E-06   0.0000000E+00   0.9488337E-06
      480.00  0.9031804E-06   0.0000000E+00   0.9031804E-06
      490.00  0.8550496E-06   0.0000000E+00   0.8550496E-06
      500.00  0.8217010E-06   0.0000000E+00   0.8217010E-06
      504.60  0.8125006E-06   0.0000000E+00   0.8125006E-06
      504.60  0.8031436E-06   0.0000000E+00   0.8031436E-06
      506.00  0.7951153E-06   0.0000000E+00   0.7951153E-06
      512.00  0.7710305E-06   0.0000000E+00   0.7710305E-06
      520.00  0.7440972E-06   0.0000000E+00   0.7440972E-06
      530.00  0.7102327E-06   0.0000000E+00   0.7102327E-06
      540.00  0.6731103E-06   0.0000000E+00   0.6731103E-06
      550.00  0.6391553E-06   0.0000000E+00   0.6391553E-06
      560.00  0.6172045E-06   0.0000000E+00   0.6172045E-06
      570.00  0.5922491E-06   0.0000000E+00   0.5922491E-06
      580.00  0.5651185E-06   0.0000000E+00   0.5651185E-06
      590.00  0.5440476E-06   0.0000000E+00   0.5440476E-06
      600.00  0.5212881E-06   0.0000000E+00   0.5212881E-06
      610.00  0.4867346E-06   0.0000000E+00   0.4867346E-06
      620.00  0.4802682E-06   0.0000000E+00   0.4802682E-06
      630.00  0.4607625E-06   0.0000000E+00   0.4607625E-06
      640.00  0.4435013E-06   0.0000000E+00   0.4435013E-06
      650.00  0.4276537E-06   0.0000000E+00   0.4276537E-06
      658.00  0.4142344E-06   0.0000000E+00   0.4142344E-06
      665.00  0.4016350E-06   0.0000000E+00   0.4016350E-06
      675.00  0.3879059E-06   0.0000000E+00   0.3879059E-06
      685.00  0.3822647E-06   0.0000000E+00   0.3822647E-06
      695.00  0.3599969E-06   0.0000000E+00   0.3599969E-06
      705.00  0.3475088E-06   0.0000000E+00   0.3475088E-06
      716.00  0.3337016E-06   0.0000000E+00   0.3337016E-06
      726.00  0.3227077E-06   0.0000000E+00   0.3227077E-06
      735.00  0.3121581E-06   0.0000000E+00   0.3121581E-06
      745.00  0.3002543E-06   0.0000000E+00   0.3002543E-06
      755.00  0.2923339E-06   0.0000000E+00   0.2923339E-06
      765.00  0.2802446E-06   0.0000000E+00   0.2802446E-06
      775.00  0.2727520E-06   0.0000000E+00   0.2727520E-06
      785.00  0.2558721E-06   0.0000000E+00   0.2558721E-06
      795.00  0.2547886E-06   0.0000000E+00   0.2547886E-06
      805.00  0.2488656E-06   0.0000000E+00   0.2488656E-06
      815.00  0.2408813E-06   0.0000000E+00   0.2408813E-06
      825.00  0.2332682E-06   0.0000000E+00   0.2332682E-06
      835.00  0.2267187E-06   0.0000000E+00   0.2267187E-06
      845.00  0.2210681E-06   0.0000000E+00   0.2210681E-06
      855.00  0.2135166E-06   0.0000000E+00   0.2135166E-06
      865.00  0.2075131E-06   0.0000000E+00   0.2075131E-06
      875.00  0.2017893E-06   0.0000000E+00   0.2017893E-06
      885.00  0.1962690E-06   0.0000000E+00   0.1962690E-06
      895.00  0.1903869E-06   0.0000000E+00   0.1903869E-06
      905.00  0.1850463E-06   0.0000000E+00   0.1850463E-06
      912.40  0.1814429E-06   0.4281764E-10   0.1814857E-06
      912.40  0.4820184E-06   0.4281828E-10   0.4820612E-06
      915.00  0.4682514E-06   0.4883532E-10   0.4683002E-06
      925.00  0.4153010E-06   0.5652934E-10   0.4153575E-06
      935.00  0.4441567E-06   0.6521562E-10   0.4442219E-06
      945.00  0.3827797E-06   0.7499196E-10   0.3828547E-06
      955.00  0.4857566E-06   0.8596247E-10   0.4858426E-06
      965.00  0.5054599E-06   0.9823762E-10   0.5055581E-06
      975.00  0.2725350E-06   0.1119343E-09   0.2726469E-06
      985.00  0.3416684E-06   0.1271760E-09   0.3417956E-06
      995.00  0.4714372E-06   0.1440928E-09   0.4715813E-06
     1005.00  0.5167880E-06   0.1628213E-09   0.5169508E-06
     1015.00  0.4462089E-06   0.1835049E-09   0.4463924E-06
     1025.00  0.4175909E-06   0.2062935E-09   0.4177972E-06
     1035.00  0.4057289E-06   0.2313435E-09   0.4059602E-06
     1045.00  0.4951318E-06   0.2588246E-09   0.4953906E-06
     1055.00  0.4929645E-06   0.2889018E-09   0.4932534E-06
     1065.00  0.4615823E-06   0.3217503E-09   0.4619041E-06
     1075.00  0.4365446E-06   0.3575525E-09   0.4369022E-06
     1085.00  0.3434085E-06   0.3964966E-09   0.3438050E-06
     1095.00  0.4525268E-06   0.4387772E-09   0.4529656E-06
     1105.00  0.4408432E-06   0.4845946E-09   0.4413278E-06
     1115.00  0.4198495E-06   0.5341546E-09   0.4203837E-06
     1125.00  0.3050993E-06   0.5876676E-09   0.3056870E-06
     1135.00  0.4231993E-06   0.6453513E-09   0.4238447E-06
     1145.00  0.4117707E-06   0.7074272E-09   0.4124781E-06
     1155.00  0.2901485E-06   0.7741220E-09   0.2909226E-06
     1165.00  0.3202284E-06   0.8456666E-09   0.3210741E-06
     1175.00  0.2806926E-06   0.9222964E-09   0.2816149E-06
     1185.00  0.3802222E-06   0.1004251E-08   0.3812265E-06
     1195.00  0.3384919E-06   0.1091773E-08   0.3395837E-06
     1205.00  0.3163181E-06   0.1185109E-08   0.3175032E-06
     1215.00  0.2552829E-06   0.1284510E-08   0.2565674E-06
     1225.00  0.2895532E-06   0.1181177E-07   0.3013650E-06
     1235.00  0.3514293E-06   0.2137880E-07   0.3728081E-06
     1245.00  0.3354589E-06   0.2953219E-07   0.3649911E-06
     1255.00  0.3316996E-06   0.3651811E-07   0.3682177E-06
     1265.00  0.3276459E-06   0.4251909E-07   0.3701650E-06
     1275.00  0.3383320E-06   0.4767952E-07   0.3860115E-06
     1285.00  0.2784656E-06   0.5211732E-07   0.3305829E-06
     1295.00  0.2851263E-06   0.5593067E-07   0.3410570E-06
     1305.00  0.3086259E-06   0.5920241E-07   0.3678283E-06
     1315.00  0.2978287E-06   0.6200308E-07   0.3598318E-06
     1325.00  0.2921806E-06   0.6439318E-07   0.3565738E-06
     1335.00  0.2931683E-06   0.6642489E-07   0.3595932E-06
     1345.00  0.2721888E-06   0.6814346E-07   0.3403323E-06
     1355.00  0.2976623E-06   0.6958823E-07   0.3672505E-06
     1365.00  0.2862175E-06   0.7079355E-07   0.3570111E-06
     1375.00  0.2789519E-06   0.7178951E-07   0.3507414E-06
     1385.00  0.2790299E-06   0.7260250E-07   0.3516324E-06
     1395.00  0.3114364E-06   0.7325576E-07   0.3846922E-06
     1405.00  0.3098678E-06   0.7376977E-07   0.3836376E-06
     1415.00  0.2535098E-06   0.7416261E-07   0.3276724E-06
     1425.00  0.2468338E-06   0.7445029E-07   0.3212841E-06
     1435.00  0.2623972E-06   0.7464700E-07   0.3370442E-06
     1442.00  0.2646261E-06   0.7473737E-07   0.3393635E-06
     1447.00  0.2630160E-06   0.7478060E-07   0.3377966E-06
     1455.00  0.2602525E-06   0.7481648E-07   0.3350690E-06
     1465.00  0.2470699E-06   0.7481039E-07   0.3218803E-06
     1475.00  0.2498488E-06   0.7475595E-07   0.3246047E-06
     1485.00  0.2322132E-06   0.7466105E-07   0.3068743E-06
     1495.00  0.2498900E-06   0.7453277E-07   0.3244228E-06
     1505.00  0.2448731E-06   0.7437742E-07   0.3192505E-06
     1512.00  0.2325046E-06   0.7425560E-07   0.3067602E-06
     1517.00  0.2347092E-06   0.7416315E-07   0.3088724E-06
     1525.00  0.2069142E-06   0.7400745E-07   0.2809217E-06
     1535.00  0.2292168E-06   0.7380242E-07   0.3030192E-06
     1545.00  0.1768260E-06   0.7358957E-07   0.2504156E-06
     1555.00  0.2411246E-06   0.7337198E-07   0.3144966E-06
     1565.00  0.2066557E-06   0.7315334E-07   0.2798090E-06
     1575.00  0.2648186E-06   0.7293662E-07   0.3377552E-06
     1585.00  0.2687594E-06   0.7272442E-07   0.3414838E-06
     1595.00  0.3278303E-06   0.7251909E-07   0.4003494E-06
     1605.00  0.3123080E-06   0.7232274E-07   0.3846307E-06
     1615.00  0.3350773E-06   0.7213725E-07   0.4072145E-06
     1625.00  0.3188535E-06   0.7196431E-07   0.3908178E-06
     1635.00  0.3403281E-06   0.7180532E-07   0.4121334E-06
     1645.00  0.4489300E-06   0.7166167E-07   0.5205917E-06
     1655.00  0.3209891E-06   0.7153464E-07   0.3925237E-06
     1665.00  0.5093828E-06   0.7142530E-07   0.5808081E-06
     1672.00  0.3817902E-06   0.7135982E-07   0.4531500E-06
     1677.00  0.1646925E-05   0.7131881E-07   0.1718244E-05
     1685.00  0.1708987E-05   0.7126347E-07   0.1780250E-05
     1695.00  0.1430327E-05   0.7121260E-07   0.1501540E-05
     1705.00  0.1789557E-05   0.7118269E-07   0.1860740E-05
     1715.00  0.2527078E-05   0.7117434E-07   0.2598252E-05
     1725.00  0.2851806E-05   0.7118806E-07   0.2922994E-05
     1735.00  0.3438085E-05   0.7122433E-07   0.3509309E-05
     1745.00  0.3385409E-05   0.7128353E-07   0.3456693E-05
     1755.00  0.4174131E-05   0.7136602E-07   0.4245497E-05
     1765.00  0.3041023E-05   0.7147209E-07   0.3112495E-05
     1775.00  0.3905987E-05   0.7160199E-07   0.3977589E-05
     1785.00  0.4276551E-05   0.7175593E-07   0.4348307E-05
     1795.00  0.5560762E-05   0.7193408E-07   0.5632696E-05
     1805.00  0.5654650E-05   0.7213657E-07   0.5726787E-05
     1815.00  0.6130812E-05   0.7236352E-07   0.6203176E-05
     1825.00  0.5569239E-05   0.7261501E-07   0.5641854E-05
     1835.00  0.5680816E-05   0.7289110E-07   0.5753707E-05
     1845.00  0.4185169E-05   0.7319180E-07   0.4258361E-05
     1855.00  0.5464079E-05   0.7351711E-07   0.5537596E-05
     1865.00  0.6915583E-05   0.7386700E-07   0.6989450E-05
     1875.00  0.6549874E-05   0.7424145E-07   0.6624115E-05
     1885.00  0.6839963E-05   0.7464039E-07   0.6914603E-05
     1895.00  0.7722851E-05   0.7506376E-07   0.7797915E-05
     1905.00  0.7284297E-05   0.7551146E-07   0.7359808E-05
     1915.00  0.8081079E-05   0.7598339E-07   0.8157062E-05
     1925.00  0.7522025E-05   0.7647944E-07   0.7598504E-05
     1935.00  0.4828237E-05   0.7699949E-07   0.4905236E-05
     1945.00  0.8887670E-05   0.7754216E-07   0.8965212E-05
     1955.00  0.9344701E-05   0.7810673E-07   0.9422808E-05
     1967.00  0.1079424E-04   0.7881468E-07   0.1087305E-04
     1976.00  0.1020562E-04   0.7936727E-07   0.1028499E-04
     1984.00  0.1040528E-04   0.7987390E-07   0.1048515E-04
     1995.00  0.1037125E-04   0.8059406E-07   0.1045184E-04
     2005.00  0.9434307E-05   0.8127218E-07   0.9515579E-05
     2015.00  0.9987102E-05   0.8197240E-07   0.1006907E-04
     2025.00  0.8356062E-05   0.8269450E-07   0.8438757E-05
     2035.00  0.1080215E-04   0.8344265E-07   0.1088559E-04
     2045.00  0.1202775E-04   0.8421429E-07   0.1211196E-04
     2055.00  0.1185875E-04   0.3981601E-07   0.1189857E-04
     2065.00  0.1120030E-04   0.3955310E-07   0.1123985E-04
     2074.00  0.1344365E-04   0.3932398E-07   0.1348297E-04
     2078.00  0.1536331E-04   0.3922440E-07   0.1540253E-04
     2085.00  0.1537363E-04   0.3905343E-07   0.1541268E-04
     2095.00  0.1448428E-04   0.3881643E-07   0.1452310E-04
     2105.00  0.1345459E-04   0.3858782E-07   0.1349318E-04
     2115.00  0.1461321E-04   0.3836748E-07   0.1465158E-04
     2125.00  0.1381323E-04   0.3815530E-07   0.1385139E-04
     2135.00  0.1216377E-04   0.3795115E-07   0.1220172E-04
     2145.00  0.1484776E-04   0.3775491E-07   0.1488551E-04
     2155.00  0.1467720E-04   0.3756647E-07   0.1471477E-04
     2165.00  0.1333457E-04   0.3738570E-07   0.1337196E-04
     2175.00  0.1345945E-04   0.3721251E-07   0.1349666E-04
     2185.00  0.1525706E-04   0.3704679E-07   0.1529411E-04
     2195.00  0.1671097E-04   0.3688840E-07   0.1674786E-04
     2205.00  0.1574885E-04   0.3673721E-07   0.1578559E-04
     2215.00  0.1361656E-04   0.3659312E-07   0.1365315E-04
     2225.00  0.1433297E-04   0.3645601E-07   0.1436943E-04
     2235.00  0.1771409E-04   0.3632577E-07   0.1775042E-04
     2245.00  0.1634579E-04   0.3620228E-07   0.1638199E-04
     2255.00  0.1401696E-04   0.3608542E-07   0.1405305E-04
     2265.00  0.1364511E-04   0.3597510E-07   0.1368109E-04
     2275.00  0.1487414E-04   0.3587120E-07   0.1491001E-04
     2285.00  0.1714284E-04   0.3577325E-07   0.1717861E-04
     2295.00  0.1507386E-04   0.3568112E-07   0.1510954E-04
     2305.00  0.1702747E-04   0.3559504E-07   0.1706307E-04
     2315.00  0.1631673E-04   0.3551491E-07   0.1635224E-04
     2325.00  0.1338236E-04   0.3544062E-07   0.1341780E-04
     2335.00  0.1286682E-04   0.3537206E-07   0.1290219E-04
     2345.00  0.9400458E-05   0.3530914E-07   0.9435767E-05
     2355.00  0.1568854E-04   0.3525176E-07   0.1572379E-04
     2365.00  0.1035412E-04   0.3519980E-07   0.1038932E-04
     2375.00  0.1347688E-04   0.3515319E-07   0.1351203E-04
     2385.00  0.8072217E-05   0.3511181E-07   0.8107329E-05
     2395.00  0.1031846E-04   0.3507556E-07   0.1035354E-04
     2405.00  0.1030374E-04   0.3504439E-07   0.1033878E-04
     2415.00  0.1119261E-04   0.3501820E-07   0.1122763E-04
     2425.00  0.1662305E-04   0.3499686E-07   0.1665805E-04
     2435.00  0.1615452E-04   0.3498030E-07   0.1618950E-04
     2445.00  0.1842764E-04   0.3496842E-07   0.1846261E-04
     2455.00  0.1859000E-04   0.3496112E-07   0.1862496E-04
     2465.00  0.1843904E-04   0.3495833E-07   0.1847400E-04
     2475.00  0.1613852E-04   0.3495995E-07   0.1617348E-04
     2485.00  0.1351554E-04   0.3496590E-07   0.1355051E-04
     2495.00  0.1385072E-04   0.3497610E-07   0.1388570E-04
     2505.00  0.1929408E-04   0.3499045E-07   0.1932907E-04
     2513.00  0.1198847E-04   0.3500487E-07   0.1202347E-04
     2518.00  0.8860537E-05   0.3501520E-07   0.8895552E-05
     2525.00  0.9428892E-05   0.3503131E-07   0.9463923E-05
     2535.00  0.1219102E-04   0.3505765E-07   0.1222608E-04
     2545.00  0.1314796E-04   0.3508781E-07   0.1318305E-04
     2555.00  0.1759033E-04   0.3512173E-07   0.1762545E-04
     2565.00  0.1550301E-04   0.3515932E-07   0.1553817E-04
     2575.00  0.1840577E-04   0.3520052E-07   0.1844097E-04
     2585.00  0.1767889E-04   0.3524524E-07   0.1771414E-04
     2595.00  0.1676841E-04   0.3529342E-07   0.1680370E-04
     2605.00  0.1503836E-04   0.3403483E-07   0.1507239E-04
     2615.00  0.1338862E-04   0.3408125E-07   0.1342270E-04
     2625.00  0.1796968E-04   0.3413102E-07   0.1800381E-04
     2635.00  0.2238245E-04   0.3418407E-07   0.2241663E-04
     2645.00  0.2869082E-04   0.3424034E-07   0.2872506E-04
     2655.00  0.3305717E-04   0.3429976E-07   0.3309147E-04
     2665.00  0.2608815E-04   0.3436227E-07   0.2612251E-04
     2675.00  0.2891922E-04   0.3442779E-07   0.2895365E-04
     2685.00  0.3090947E-04   0.3449626E-07   0.3094397E-04
     2695.00  0.2526526E-04   0.3456763E-07   0.2529983E-04
     2705.00  0.2832632E-04   0.3464182E-07   0.2836096E-04
     2715.00  0.2325424E-04   0.3471879E-07   0.2328896E-04
     2725.00  0.2259758E-04   0.3479846E-07   0.2263238E-04
     2735.00  0.2575458E-04   0.3488077E-07   0.2578946E-04
     2745.00  0.1679943E-04   0.3496568E-07   0.1683440E-04
     2755.00  0.2054739E-04   0.3505312E-07   0.2058244E-04
     2765.00  0.2461067E-04   0.3514303E-07   0.2464581E-04
     2775.00  0.2688744E-04   0.3523536E-07   0.2692268E-04
     2785.00  0.1990943E-04   0.3533006E-07   0.1994476E-04
     2795.00  0.7223013E-05   0.3542706E-07   0.7258440E-05
     2805.00  0.9560871E-05   0.3552632E-07   0.9596397E-05
     2815.00  0.2659322E-04   0.3562777E-07   0.2662885E-04
     2825.00  0.3220529E-04   0.3573138E-07   0.3224102E-04
     2835.00  0.3107319E-04   0.3583709E-07   0.3110903E-04
     2845.00  0.2721267E-04   0.3594484E-07   0.2724861E-04
     2855.00  0.1942744E-04   0.3605421E-07   0.1946349E-04
     2865.00  0.3124382E-04   0.3616511E-07   0.3127999E-04
     2875.00  0.3422338E-04   0.3627785E-07   0.3425966E-04
     2885.00  0.3282830E-04   0.3639240E-07   0.3286469E-04
     2895.00  0.3414945E-04   0.3650871E-07   0.3418596E-04
     2910.00  0.4145725E-04   0.3668638E-07   0.4149394E-04
     2930.00  0.3865094E-04   0.3692898E-07   0.3868787E-04
     2950.00  0.3750495E-04   0.3717781E-07   0.3754213E-04
     2970.00  0.3883566E-04   0.3743251E-07   0.3887309E-04
     2990.00  0.3957861E-04   0.3769276E-07   0.3961630E-04
     3010.00  0.4041699E-04   0.3795823E-07   0.4045495E-04
     3030.00  0.4121377E-04   0.3822861E-07   0.4125200E-04
     3050.00  0.4289491E-04   0.3850373E-07   0.4293341E-04
     3070.00  0.4381082E-04   0.3878335E-07   0.4384960E-04
     3090.00  0.4383912E-04   0.3906705E-07   0.4387819E-04
     3110.00  0.4528684E-04   0.3935458E-07   0.4532619E-04
     3130.00  0.4392190E-04   0.3928842E-07   0.4396119E-04
     3150.00  0.4386927E-04   0.3957889E-07   0.4390885E-04
     3170.00  0.4618297E-04   0.3987246E-07   0.4622284E-04
     3190.00  0.4243495E-04   0.4016887E-07   0.4247512E-04
     3210.00  0.4558893E-04   0.4046790E-07   0.4562940E-04
     3230.00  0.4162475E-04   0.4076932E-07   0.4166552E-04
     3250.00  0.4918324E-04   0.4107291E-07   0.4922431E-04
     3270.00  0.5406234E-04   0.4137795E-07   0.5410372E-04
     3290.00  0.5367358E-04   0.4168436E-07   0.5371526E-04
     3310.00  0.5304620E-04   0.4199223E-07   0.5308819E-04
     3330.00  0.5309307E-04   0.4230138E-07   0.5313537E-04
     3350.00  0.5194673E-04   0.4261162E-07   0.5198934E-04
     3370.00  0.4553761E-04   0.4292277E-07   0.4558053E-04
     3390.00  0.4895047E-04   0.4323467E-07   0.4899370E-04
     3410.00  0.4973964E-04   0.4354715E-07   0.4978319E-04
     3430.00  0.5255969E-04   0.4126075E-07   0.5260095E-04
     3450.00  0.5329675E-04   0.4154339E-07   0.5333829E-04
     3470.00  0.5422800E-04   0.4182636E-07   0.5426983E-04
     3490.00  0.5698639E-04   0.4210951E-07   0.5702850E-04
     3510.00  0.5918284E-04   0.4239266E-07   0.5922523E-04
     3530.00  0.5598319E-04   0.4267519E-07   0.5602587E-04
     3550.00  0.6167636E-04   0.4295743E-07   0.6171932E-04
     3570.00  0.5209606E-04   0.4323926E-07   0.5213930E-04
     3590.00  0.5125756E-04   0.4352058E-07   0.5130108E-04
     3610.00  0.5690870E-04   0.4380127E-07   0.5695250E-04
     3630.00  0.5798371E-04   0.4408122E-07   0.5802779E-04
     3640.00  0.5923243E-04   0.4422090E-07   0.5927665E-04
     3650.00  0.6362735E-04   0.9387581E-08   0.6363674E-04
     3670.00  0.6343488E-04   0.9329493E-08   0.6344421E-04
     3690.00  0.6049669E-04   0.8735296E-08   0.6050543E-04
     3710.00  0.6574809E-04   0.8675089E-08   0.6575677E-04
     3730.00  0.5584370E-04   0.8616679E-08   0.5585232E-04
     3750.00  0.6273336E-04   0.8560008E-08   0.6274192E-04
     3770.00  0.7018784E-04   0.8505023E-08   0.7019635E-04
     3790.00  0.7375424E-04   0.8451670E-08   0.7376269E-04
     3810.00  0.7616896E-04   0.8399897E-08   0.7617736E-04
     3830.00  0.5797596E-04   0.8349656E-08   0.5798431E-04
     3850.00  0.7235897E-04   0.8300897E-08   0.7236727E-04
     3870.00  0.7289706E-04   0.8253574E-08   0.7290531E-04
     3890.00  0.6941721E-04   0.8207642E-08   0.6942542E-04
     3910.00  0.8301048E-04   0.8163057E-08   0.8301864E-04
     3930.00  0.5386749E-04   0.8119776E-08   0.5387561E-04
     3950.00  0.7835094E-04   0.8077759E-08   0.7835902E-04
     3970.00  0.5636438E-04   0.8036983E-08   0.5637242E-04
     3990.00  0.9311721E-04   0.7997445E-08   0.9312521E-04
     4010.00  0.9895441E-04   0.7959051E-08   0.9896237E-04
     4030.00  0.9875675E-04   0.7921765E-08   0.9876467E-04
     4050.00  0.9683584E-04   0.7885552E-08   0.9684373E-04
     4070.00  0.9454845E-04   0.7850378E-08   0.9455630E-04
     4090.00  0.1004784E-03   0.7816210E-08   0.1004862E-03
     4110.00  0.9288235E-04   0.7783017E-08   0.9289013E-04
     4130.00  0.9972494E-04   0.7750767E-08   0.9973269E-04
     4150.00  0.9955658E-04   0.7719430E-08   0.9956430E-04
     4170.00  0.1005066E-03   0.7688978E-08   0.1005143E-03
     4190.00  0.9822967E-04   0.7659382E-08   0.9823733E-04
     4210.00  0.9910764E-04   0.7630616E-08   0.9911527E-04
     4230.00  0.9745516E-04   0.7602652E-08   0.9746276E-04
     4250.00  0.9826330E-04   0.7575465E-08   0.9827088E-04
     4270.00  0.9521911E-04   0.7549031E-08   0.9522666E-04
     4290.00  0.9099064E-04   0.7523325E-08   0.9099816E-04
     4310.00  0.8133946E-04   0.7498324E-08   0.8134696E-04
     4330.00  0.9795826E-04   0.7474006E-08   0.9796573E-04
     4350.00  0.9256951E-04   0.7450352E-08   0.9257696E-04
     4370.00  0.1041293E-03   0.7427344E-08   0.1041367E-03
     4390.00  0.9929506E-04   0.7404953E-08   0.9930246E-04
     4410.00  0.1032560E-03   0.7383161E-08   0.1032634E-03
     4430.00  0.1090169E-03   0.7361948E-08   0.1090243E-03
     4450.00  0.1086170E-03   0.7341296E-08   0.1086243E-03
     4470.00  0.1121558E-03   0.7321185E-08   0.1121631E-03
     4490.00  0.1140667E-03   0.7301599E-08   0.1140740E-03
     4510.00  0.1215829E-03   0.7282521E-08   0.1215902E-03
     4530.00  0.1132974E-03   0.7263933E-08   0.1133047E-03
     4550.00  0.1156748E-03   0.7245820E-08   0.1156820E-03
     4570.00  0.1210907E-03   0.7228166E-08   0.1210979E-03
     4590.00  0.1169945E-03   0.7210956E-08   0.1170017E-03
     4610.00  0.1197593E-03   0.7194175E-08   0.1197665E-03
     4630.00  0.1185610E-03   0.7177810E-08   0.1185682E-03
     4650.00  0.1193931E-03   0.7161846E-08   0.1194003E-03
     4670.00  0.1218049E-03   0.7146271E-08   0.1218120E-03
     4690.00  0.1207512E-03   0.7131070E-08   0.1207583E-03
     4710.00  0.1183123E-03   0.7116232E-08   0.1183194E-03
     4730.00  0.1210252E-03   0.7101745E-08   0.1210323E-03
     4750.00  0.1230526E-03   0.7087596E-08   0.1230597E-03
     4770.00  0.1224214E-03   0.7073774E-08   0.1224285E-03
     4790.00  0.1218255E-03   0.7060268E-08   0.1218326E-03
     4810.00  0.1215638E-03   0.7047056E-08   0.1215708E-03
     4830.00  0.1220867E-03   0.7034126E-08   0.1220937E-03
     4850.00  0.1160945E-03   0.7021480E-08   0.1161015E-03
     4870.00  0.1057867E-03   0.7009108E-08   0.1057937E-03
     4890.00  0.1193697E-03   0.6997001E-08   0.1193767E-03
     4910.00  0.1197552E-03   0.6985149E-08   0.1197622E-03
     4930.00  0.1181884E-03   0.6973543E-08   0.1181954E-03
     4950.00  0.1215897E-03   0.6962175E-08   0.1215967E-03
     4970.00  0.1218579E-03   0.6951037E-08   0.1218649E-03
     4990.00  0.1162177E-03   0.6940119E-08   0.1162246E-03
     5010.00  0.1125833E-03   0.6929415E-08   0.1125902E-03
     5030.00  0.1173292E-03   0.6918917E-08   0.1173361E-03
     5050.00  0.1166084E-03   0.6908617E-08   0.1166153E-03
     5070.00  0.1198628E-03   0.6898528E-08   0.1198697E-03
     5090.00  0.1160649E-03   0.6888722E-08   0.1160718E-03
     5110.00  0.1175035E-03   0.6879089E-08   0.1175104E-03
     5130.00  0.1150660E-03   0.6869623E-08   0.1150729E-03
     5150.00  0.1120625E-03   0.6860317E-08   0.1120694E-03
     5170.00  0.1084209E-03   0.6851164E-08   0.1084278E-03
     5190.00  0.1103519E-03   0.6842160E-08   0.1103587E-03
     5210.00  0.1132022E-03   0.6833298E-08   0.1132090E-03
     5230.00  0.1161669E-03   0.6824574E-08   0.1161737E-03
     5250.00  0.1187246E-03   0.6815980E-08   0.1187314E-03
     5270.00  0.1109146E-03   0.6807513E-08   0.1109214E-03
     5290.00  0.1190159E-03   0.6799167E-08   0.1190227E-03
     5310.00  0.1223627E-03   0.6790937E-08   0.1223695E-03
     5330.00  0.1145133E-03   0.6782819E-08   0.1145201E-03
     5350.00  0.1202049E-03   0.6774808E-08   0.1202117E-03
     5370.00  0.1194113E-03   0.6766895E-08   0.1194181E-03
     5390.00  0.1179671E-03   0.6759069E-08   0.1179739E-03
     5410.00  0.1163326E-03   0.6751335E-08   0.1163394E-03
     5430.00  0.1172017E-03   0.6743692E-08   0.1172084E-03
     5450.00  0.1196447E-03   0.6736133E-08   0.1196514E-03
     5470.00  0.1180445E-03   0.6728656E-08   0.1180512E-03
     5490.00  0.1182506E-03   0.6721257E-08   0.1182573E-03
     5510.00  0.1177568E-03   0.6713932E-08   0.1177635E-03
     5530.00  0.1193744E-03   0.6706679E-08   0.1193811E-03
     5550.00  0.1201764E-03   0.6699493E-08   0.1201831E-03
     5570.00  0.1177322E-03   0.6692372E-08   0.1177389E-03
     5590.00  0.1164586E-03   0.6685312E-08   0.1164653E-03
     5610.00  0.1184020E-03   0.6678311E-08   0.1184087E-03
     5630.00  0.1185227E-03   0.6671365E-08   0.1185294E-03
     5650.00  0.1189398E-03   0.6664472E-08   0.1189465E-03
     5670.00  0.1167179E-03   0.6657629E-08   0.1167246E-03
     5690.00  0.1186251E-03   0.6650833E-08   0.1186318E-03
     5710.00  0.1155555E-03   0.5349983E-08   0.1155608E-03
     5730.00  0.1207486E-03   0.5341344E-08   0.1207539E-03
     5750.00  0.1184875E-03   0.5332789E-08   0.1184928E-03
     5770.00  0.1190963E-03   0.5324317E-08   0.1191016E-03
     5790.00  0.1165861E-03   0.5315924E-08   0.1165914E-03
     5810.00  0.1186185E-03   0.5307608E-08   0.1186238E-03
     5830.00  0.1199307E-03   0.5299367E-08   0.1199360E-03
     5850.00  0.1177135E-03   0.5291197E-08   0.1177188E-03
     5870.00  0.1178798E-03   0.5283098E-08   0.1178851E-03
     5890.00  0.1115029E-03   0.5275066E-08   0.1115082E-03
     5910.00  0.1165236E-03   0.5267099E-08   0.1165289E-03
     5930.00  0.1165436E-03   0.5259196E-08   0.1165489E-03
     5950.00  0.1164020E-03   0.5251354E-08   0.1164073E-03
     5970.00  0.1171752E-03   0.5243570E-08   0.1171804E-03
     5990.00  0.1160328E-03   0.5235844E-08   0.1160380E-03
     6010.00  0.1146652E-03   0.5228174E-08   0.1146704E-03
     6030.00  0.1157207E-03   0.5220557E-08   0.1157259E-03
     6050.00  0.1169912E-03   0.5212991E-08   0.1169964E-03
     6070.00  0.1161173E-03   0.5205475E-08   0.1161225E-03
     6090.00  0.1141262E-03   0.5198007E-08   0.1141314E-03
     6110.00  0.1140847E-03   0.5190586E-08   0.1140899E-03
     6130.00  0.1102003E-03   0.5183209E-08   0.1102055E-03
     6150.00  0.1119167E-03   0.5175875E-08   0.1119219E-03
     6170.00  0.1092236E-03   0.5168584E-08   0.1092288E-03
     6190.00  0.1124096E-03   0.5161333E-08   0.1124148E-03
     6210.00  0.1119129E-03   0.5154122E-08   0.1119181E-03
     6230.00  0.1097907E-03   0.5146948E-08   0.1097958E-03
     6250.00  0.1072023E-03   0.5139810E-08   0.1072074E-03
     6270.00  0.1103497E-03   0.5132708E-08   0.1103548E-03
     6290.00  0.1108476E-03   0.5125641E-08   0.1108527E-03
     6310.00  0.1089847E-03   0.5118605E-08   0.1089898E-03
     6330.00  0.1098427E-03   0.5111602E-08   0.1098478E-03
     6350.00  0.1104178E-03   0.5104629E-08   0.1104229E-03
     6370.00  0.1100329E-03   0.5097685E-08   0.1100380E-03
     6390.00  0.1101570E-03   0.5090770E-08   0.1101621E-03
     6410.00  0.1082604E-03   0.5083882E-08   0.1082655E-03
     6430.00  0.1087897E-03   0.5077021E-08   0.1087948E-03
     6450.00  0.1085473E-03   0.5070185E-08   0.1085524E-03
     6470.00  0.1080356E-03   0.5063374E-08   0.1080407E-03
     6490.00  0.1062189E-03   0.5056587E-08   0.1062240E-03
     6510.00  0.1082532E-03   0.5049821E-08   0.1082582E-03
     6530.00  0.1082176E-03   0.5043017E-08   0.1082226E-03
     6550.00  0.1044287E-03   0.5036216E-08   0.1044337E-03
     6570.00  0.9555424E-04   0.5029432E-08   0.9555927E-04
     6590.00  0.1057426E-03   0.5022666E-08   0.1057476E-03
     6610.00  0.1068806E-03   0.5015917E-08   0.1068856E-03
     6630.00  0.1067887E-03   0.5009184E-08   0.1067937E-03
     6650.00  0.1063661E-03   0.4981217E-08   0.1063711E-03
     6670.00  0.1051356E-03   0.4974583E-08   0.1051406E-03
     6690.00  0.1065326E-03   0.4967963E-08   0.1065376E-03
     6710.00  0.1042323E-03   0.4961358E-08   0.1042373E-03
     6730.00  0.1056430E-03   0.4954766E-08   0.1056480E-03
     6750.00  0.1043430E-03   0.4948187E-08   0.1043479E-03
     6770.00  0.1045499E-03   0.4941621E-08   0.1045548E-03
     6790.00  0.1040787E-03   0.4935065E-08   0.1040836E-03
     6810.00  0.1037748E-03   0.4928522E-08   0.1037797E-03
     6830.00  0.1042382E-03   0.4921989E-08   0.1042431E-03
     6850.00  0.1024701E-03   0.4915467E-08   0.1024750E-03
     6870.00  0.1030884E-03   0.4908954E-08   0.1030933E-03
     6890.00  0.1038276E-03   0.4902451E-08   0.1038325E-03
     6910.00  0.1032069E-03   0.4895957E-08   0.1032118E-03
     6930.00  0.1027580E-03   0.4889472E-08   0.1027629E-03
     6950.00  0.1020833E-03   0.4882995E-08   0.1020882E-03
     6970.00  0.1025713E-03   0.4876527E-08   0.1025762E-03
     6990.00  0.1019984E-03   0.4870065E-08   0.1020033E-03
     7010.00  0.1007374E-03   0.4863611E-08   0.1007423E-03
     7030.00  0.1015100E-03   0.4857167E-08   0.1015149E-03
     7050.00  0.1014550E-03   0.4850729E-08   0.1014599E-03
     7070.00  0.9995748E-04   0.4844297E-08   0.9996232E-04
     7090.00  0.9905522E-04   0.4837872E-08   0.9906006E-04
     7110.00  0.9816529E-04   0.4831451E-08   0.9817012E-04
     7130.00  0.9698959E-04   0.4825036E-08   0.9699442E-04
     7150.00  0.9678593E-04   0.4818625E-08   0.9679075E-04
     7170.00  0.9734323E-04   0.4812220E-08   0.9734804E-04
     7190.00  0.9530964E-04   0.4805819E-08   0.9531445E-04
     7210.00  0.9636810E-04   0.4799422E-08   0.9637290E-04
     7230.00  0.9738005E-04   0.4793029E-08   0.9738484E-04
     7250.00  0.9727180E-04   0.4786640E-08   0.9727659E-04
     7270.00  0.9722715E-04   0.4780254E-08   0.9723193E-04
     7290.00  0.9597180E-04   0.4773872E-08   0.9597657E-04
     7310.00  0.9695248E-04   0.4767494E-08   0.9695725E-04
     7330.00  0.9689329E-04   0.4761118E-08   0.9689805E-04
     7350.00  0.9711942E-04   0.4754745E-08   0.9712417E-04
     7370.00  0.9816020E-04   0.4748376E-08   0.9816495E-04
     7390.00  0.9668700E-04   0.4742008E-08   0.9669174E-04
     7410.00  0.9545794E-04   0.4735644E-08   0.9546268E-04
     7430.00  0.9698276E-04   0.4729282E-08   0.9698749E-04
     7450.00  0.9704144E-04   0.4715265E-08   0.9704616E-04
     7470.00  0.9726761E-04   0.4708923E-08   0.9727232E-04
     7490.00  0.9680157E-04   0.4702584E-08   0.9680627E-04
     7510.00  0.9703159E-04   0.4696248E-08   0.9703629E-04
     7530.00  0.9733729E-04   0.4689914E-08   0.9734198E-04
     7550.00  0.9757839E-04   0.4683581E-08   0.9758307E-04
     7570.00  0.9696802E-04   0.4677251E-08   0.9697270E-04
     7590.00  0.9600706E-04   0.4670923E-08   0.9601173E-04
     7610.00  0.9534565E-04   0.4664568E-08   0.9535031E-04
     7630.00  0.9465340E-04   0.4658187E-08   0.9465806E-04
     7650.00  0.9400034E-04   0.4651806E-08   0.9400499E-04
     7670.00  0.9162116E-04   0.4645425E-08   0.9162581E-04
     7690.00  0.9316478E-04   0.4639045E-08   0.9316942E-04
     7710.00  0.9163747E-04   0.4632664E-08   0.9164210E-04
     7730.00  0.9193350E-04   0.4626284E-08   0.9193813E-04
     7750.00  0.9117917E-04   0.4619904E-08   0.9118379E-04
     7770.00  0.9209491E-04   0.4613525E-08   0.9209952E-04
     7790.00  0.9188057E-04   0.4607145E-08   0.9188518E-04
     7810.00  0.9199448E-04   0.4600766E-08   0.9199908E-04
     7830.00  0.9122615E-04   0.4594387E-08   0.9123074E-04
     7850.00  0.9071552E-04   0.4588008E-08   0.9072011E-04
     7870.00  0.9127753E-04   0.4508009E-08   0.9128204E-04
     7890.00  0.9041095E-04   0.4501799E-08   0.9041545E-04
     7910.00  0.8891379E-04   0.4495590E-08   0.8891829E-04
     7930.00  0.8873400E-04   0.4489380E-08   0.8873849E-04
     7950.00  0.8814301E-04   0.4483171E-08   0.8814749E-04
     7970.00  0.8981418E-04   0.4476962E-08   0.8981866E-04
     7990.00  0.8948984E-04   0.4470753E-08   0.8949431E-04
     8010.00  0.9049250E-04   0.4464544E-08   0.9049696E-04
     8030.00  0.9060543E-04   0.4458336E-08   0.9060989E-04
     8050.00  0.9006741E-04   0.4452128E-08   0.9007186E-04
     8070.00  0.9037866E-04   0.4445920E-08   0.9038311E-04
     8090.00  0.8974699E-04   0.4439713E-08   0.8975143E-04
     8110.00  0.8999271E-04   0.4433506E-08   0.8999714E-04
     8130.00  0.9040184E-04   0.4427300E-08   0.9040627E-04
     8150.00  0.9038948E-04   0.4421094E-08   0.9039390E-04
     8170.00  0.9022999E-04   0.4414888E-08   0.9023440E-04
     8190.00  0.8884802E-04   0.4408683E-08   0.8885243E-04
     8210.00  0.8831802E-04   0.3954407E-08   0.8832197E-04
     8230.00  0.8823735E-04   0.2205211E-08   0.8823956E-04
     8250.00  0.8826056E-04   0.2200919E-08   0.8826276E-04
     8270.00  0.8854343E-04   0.2196646E-08   0.8854563E-04
     8290.00  0.8801888E-04   0.2170808E-08   0.8802105E-04
     8310.00  0.8692010E-04   0.2166622E-08   0.8692227E-04
     8330.00  0.8609784E-04   0.2162454E-08   0.8610000E-04
     8350.00  0.8643350E-04   0.2158304E-08   0.8643566E-04
     8370.00  0.8631477E-04   0.2154170E-08   0.8631692E-04
     8390.00  0.8441605E-04   0.2150053E-08   0.8441820E-04
     8410.00  0.8595502E-04   0.2145952E-08   0.8595717E-04
     8430.00  0.8440544E-04   0.2141868E-08   0.8440758E-04
     8450.00  0.8449146E-04   0.2137800E-08   0.8449360E-04
     8470.00  0.8379845E-04   0.2133747E-08   0.8380058E-04
     8490.00  0.8391209E-04   0.2129711E-08   0.8391422E-04
     8510.00  0.8064416E-04   0.2125690E-08   0.8064629E-04
     8530.00  0.8349664E-04   0.2121684E-08   0.8349876E-04
     8550.00  0.7540742E-04   0.2117694E-08   0.7540954E-04
     8570.00  0.8442004E-04   0.2113719E-08   0.8442215E-04
     8590.00  0.8342280E-04   0.2109758E-08   0.8342491E-04
     8610.00  0.8321013E-04   0.2105813E-08   0.8321224E-04
     8630.00  0.8403977E-04   0.2101882E-08   0.8404187E-04
     8650.00  0.8370493E-04   0.2097965E-08   0.8370703E-04
     8670.00  0.7558682E-04   0.2094063E-08   0.7558891E-04
     8690.00  0.8221242E-04   0.2090174E-08   0.8221451E-04
     8710.00  0.8352712E-04   0.2086300E-08   0.8352921E-04
     8730.00  0.8345271E-04   0.2082440E-08   0.8345479E-04
     8750.00  0.8166789E-04   0.2078593E-08   0.8166997E-04
     8770.00  0.8308460E-04   0.2074759E-08   0.8308667E-04
     8790.00  0.8310169E-04   0.2070940E-08   0.8310376E-04
     8810.00  0.8206370E-04   0.2067133E-08   0.8206577E-04
     8830.00  0.8205680E-04   0.2063339E-08   0.8205886E-04
     8850.00  0.8166943E-04   0.2059559E-08   0.8167149E-04
     8870.00  0.7949902E-04   0.2055791E-08   0.7950108E-04
     8890.00  0.8126156E-04   0.2052036E-08   0.8126361E-04
     8910.00  0.8137212E-04   0.2048294E-08   0.8137417E-04
     8930.00  0.8066338E-04   0.2044564E-08   0.8066542E-04
     8950.00  0.8027927E-04   0.2040847E-08   0.8028131E-04
     8970.00  0.8039473E-04   0.2037142E-08   0.8039677E-04
     8990.00  0.8030917E-04   0.2033449E-08   0.8031120E-04
     9010.00  0.7732367E-04   0.2029768E-08   0.7732570E-04
     9030.00  0.7944711E-04   0.2026099E-08   0.7944914E-04
     9050.00  0.8039766E-04   0.2022442E-08   0.8039968E-04
     9070.00  0.7996132E-04   0.2018797E-08   0.7996334E-04
     9090.00  0.7851662E-04   0.2015163E-08   0.7851864E-04
     9110.00  0.7924981E-04   0.2011541E-08   0.7925182E-04
     9130.00  0.7938268E-04   0.2007931E-08   0.7938469E-04
     9150.00  0.7918473E-04   0.2004332E-08   0.7918673E-04
     9170.00  0.7897873E-04   0.2000745E-08   0.7898073E-04
     9190.00  0.7903360E-04   0.1997169E-08   0.7903560E-04
     9210.00  0.7783374E-04   0.1993604E-08   0.7783573E-04
     9230.00  0.7616843E-04   0.1990050E-08   0.7617042E-04
     9250.00  0.7701485E-04   0.1986507E-08   0.7701684E-04
     9270.00  0.7725920E-04   0.1982974E-08   0.7726118E-04
     9290.00  0.7702041E-04   0.1979452E-08   0.7702239E-04
     9310.00  0.7712894E-04   0.1975941E-08   0.7713092E-04
     9330.00  0.7691048E-04   0.1972440E-08   0.7691245E-04
     9350.00  0.7650510E-04   0.1968950E-08   0.7650707E-04
     9370.00  0.7565231E-04   0.1965469E-08   0.7565428E-04
     9390.00  0.7619562E-04   0.1961999E-08   0.7619758E-04
     9410.00  0.7500959E-04   0.1958540E-08   0.7501155E-04
     9430.00  0.7587312E-04   0.1955090E-08   0.7587508E-04
     9450.00  0.7514118E-04   0.1951650E-08   0.7514313E-04
     9470.00  0.7553345E-04   0.1948220E-08   0.7553540E-04
     9490.00  0.7530754E-04   0.1944800E-08   0.7530948E-04
     9510.00  0.7488051E-04   0.1941390E-08   0.7488245E-04
     9530.00  0.7449766E-04   0.1937989E-08   0.7449960E-04
     9550.00  0.7235531E-04   0.1934598E-08   0.7235724E-04
     9570.00  0.7372575E-04   0.1931217E-08   0.7372768E-04
     9590.00  0.7418931E-04   0.1927845E-08   0.7419124E-04
     9610.00  0.7353982E-04   0.1924482E-08   0.7354174E-04
     9630.00  0.7343442E-04   0.1921129E-08   0.7343634E-04
     9650.00  0.7256159E-04   0.1917786E-08   0.7256351E-04
     9670.00  0.7244010E-04   0.1914451E-08   0.7244201E-04
     9690.00  0.7275768E-04   0.1911125E-08   0.7275959E-04
     9710.00  0.7229081E-04   0.1907809E-08   0.7229272E-04
     9730.00  0.7185508E-04   0.1904502E-08   0.7185698E-04
     9750.00  0.7158915E-04   0.1901204E-08   0.7159105E-04
     9770.00  0.7156755E-04   0.1897914E-08   0.7156945E-04
     9790.00  0.7086205E-04   0.1894633E-08   0.7086394E-04
     9810.00  0.7149200E-04   0.1891362E-08   0.7149389E-04
     9830.00  0.7118250E-04   0.1888099E-08   0.7118439E-04
     9850.00  0.7111702E-04   0.1884844E-08   0.7111890E-04
     9870.00  0.7066017E-04   0.1881599E-08   0.7066205E-04
     9890.00  0.7042791E-04   0.1878362E-08   0.7042979E-04
     9910.00  0.7029027E-04   0.1875133E-08   0.7029215E-04
     9930.00  0.7018320E-04   0.1871913E-08   0.7018507E-04
     9950.00  0.7001894E-04   0.1868702E-08   0.7002081E-04
     9970.00  0.6984441E-04   0.1865499E-08   0.6984628E-04
     9990.00  0.6958684E-04   0.1862304E-08   0.6958870E-04
    10025.00  0.6866808E-04   0.1856733E-08   0.6866994E-04
    10075.00  0.6759801E-04   0.1848818E-08   0.6759986E-04
    10125.00  0.6780123E-04   0.1840953E-08   0.6780307E-04
    10175.00  0.6697406E-04   0.1833180E-08   0.6697589E-04
    10225.00  0.6666312E-04   0.1825462E-08   0.6666495E-04
    10275.00  0.6640690E-04   0.1817791E-08   0.6640872E-04
    10325.00  0.6532436E-04   0.1810165E-08   0.6532617E-04
    10375.00  0.6480132E-04   0.1802586E-08   0.6480312E-04
    10425.00  0.6467054E-04   0.1795051E-08   0.6467234E-04
    10475.00  0.6387577E-04   0.1787561E-08   0.6387756E-04
    10525.00  0.6364248E-04   0.1780115E-08   0.6364426E-04
    10575.00  0.6286031E-04   0.1772713E-08   0.6286208E-04
    10625.00  0.6230400E-04   0.1765353E-08   0.6230577E-04
    10675.00  0.6131236E-04   0.1758036E-08   0.6131412E-04
    10725.00  0.6120889E-04   0.1750762E-08   0.6121064E-04
    10775.00  0.6048070E-04   0.1743529E-08   0.6048244E-04
    10825.00  0.5971737E-04   0.1736337E-08   0.5971911E-04
    10875.00  0.5938156E-04   0.1729186E-08   0.5938329E-04
    10925.00  0.5866312E-04   0.1722076E-08   0.5866484E-04
    10975.00  0.5836040E-04   0.1715006E-08   0.5836212E-04
    11025.00  0.5836614E-04   0.1707976E-08   0.5836785E-04
    11075.00  0.5799136E-04   0.1700985E-08   0.5799306E-04
    11125.00  0.5742308E-04   0.1694033E-08   0.5742477E-04
    11175.00  0.5677765E-04   0.1562812E-08   0.5677921E-04
    11225.00  0.5659636E-04   0.1556366E-08   0.5659792E-04
    11275.00  0.5577659E-04   0.1549957E-08   0.5577814E-04
    11325.00  0.5545486E-04   0.1543587E-08   0.5545640E-04
    11375.00  0.5492389E-04   0.1537253E-08   0.5492543E-04
    11425.00  0.5428441E-04   0.1530957E-08   0.5428594E-04
    11475.00  0.5440081E-04   0.1524697E-08   0.5440233E-04
    11525.00  0.5405579E-04   0.1518473E-08   0.5405731E-04
    11575.00  0.5338750E-04   0.1512285E-08   0.5338901E-04
    11625.00  0.5256350E-04   0.1506133E-08   0.5256501E-04
    11675.00  0.5238226E-04   0.1500016E-08   0.5238376E-04
    11725.00  0.5242241E-04   0.1493934E-08   0.5242390E-04
    11775.00  0.5151191E-04   0.1487887E-08   0.5151340E-04
    11825.00  0.5111896E-04   0.1481875E-08   0.5112044E-04
    11875.00  0.5040717E-04   0.1475896E-08   0.5040865E-04
    11925.00  0.5079884E-04   0.1469951E-08   0.5080031E-04
    11975.00  0.4941727E-04   0.1464040E-08   0.4941873E-04
    12025.00  0.4977945E-04   0.1458162E-08   0.4978091E-04
    12075.00  0.4922320E-04   0.1452318E-08   0.4922465E-04
    12125.00  0.4908034E-04   0.1446506E-08   0.4908179E-04
    12175.00  0.4893180E-04   0.1440727E-08   0.4893324E-04
    12225.00  0.4851488E-04   0.1434979E-08   0.4851631E-04
    12275.00  0.4805538E-04   0.1429264E-08   0.4805681E-04
    12325.00  0.4776055E-04   0.1423581E-08   0.4776197E-04
    12375.00  0.4742018E-04   0.1417929E-08   0.4742160E-04
    12425.00  0.4704554E-04   0.1412309E-08   0.4704695E-04
    12475.00  0.4678976E-04   0.1406719E-08   0.4679117E-04
    12525.00  0.4633212E-04   0.1399822E-08   0.4633352E-04
    12575.00  0.4606006E-04   0.1394304E-08   0.4606145E-04
    12625.00  0.4569624E-04   0.1388816E-08   0.4569763E-04
    12675.00  0.4531976E-04   0.1383358E-08   0.4532114E-04
    12725.00  0.4512727E-04   0.1377930E-08   0.4512865E-04
    12775.00  0.4484332E-04   0.1372532E-08   0.4484469E-04
    12825.00  0.4327297E-04   0.1367163E-08   0.4327434E-04
    12875.00  0.4401789E-04   0.1361824E-08   0.4401925E-04
    12925.00  0.4364849E-04   0.1356514E-08   0.4364985E-04
    12975.00  0.4367566E-04   0.1351232E-08   0.4367701E-04
    13025.00  0.4323338E-04   0.1345980E-08   0.4323473E-04
    13075.00  0.4308040E-04   0.1340742E-08   0.4308174E-04
    13125.00  0.4246579E-04   0.1335532E-08   0.4246713E-04
    13175.00  0.4217196E-04   0.1330350E-08   0.4217329E-04
    13225.00  0.4206407E-04   0.1325195E-08   0.4206540E-04
    13275.00  0.4143458E-04   0.1320068E-08   0.4143590E-04
    13325.00  0.4140870E-04   0.1314968E-08   0.4141001E-04
    13375.00  0.4103979E-04   0.1309895E-08   0.4104110E-04
    13425.00  0.4097128E-04   0.1304849E-08   0.4097258E-04
    13475.00  0.4065209E-04   0.1299830E-08   0.4065339E-04
    13525.00  0.4038194E-04   0.1294838E-08   0.4038323E-04
    13575.00  0.3983389E-04   0.1289872E-08   0.3983518E-04
    13625.00  0.3957124E-04   0.1284385E-08   0.3957252E-04
    13675.00  0.3958714E-04   0.1279474E-08   0.3958842E-04
    13725.00  0.3953035E-04   0.1274589E-08   0.3953162E-04
    13775.00  0.3933622E-04   0.1269730E-08   0.3933749E-04
    13825.00  0.3921231E-04   0.1264897E-08   0.3921357E-04
    13875.00  0.3880572E-04   0.1260089E-08   0.3880698E-04
    13925.00  0.3831080E-04   0.1255307E-08   0.3831206E-04
    13975.00  0.3810607E-04   0.1250549E-08   0.3810732E-04
    14025.00  0.3764465E-04   0.1245817E-08   0.3764590E-04
    14075.00  0.3774936E-04   0.1241109E-08   0.3775060E-04
    14125.00  0.3737883E-04   0.1230668E-08   0.3738006E-04
    14175.00  0.3744444E-04   0.1226047E-08   0.3744567E-04
    14225.00  0.3694798E-04   0.1221450E-08   0.3694920E-04
    14275.00  0.3656460E-04   0.1216877E-08   0.3656582E-04
    14325.00  0.3684820E-04   0.1212327E-08   0.3684941E-04
    14375.00  0.3683571E-04   0.1207802E-08   0.3683692E-04
    14425.00  0.3608927E-04   0.1203299E-08   0.3609047E-04
    14475.00  0.3651252E-04   0.1198821E-08   0.3651372E-04
    14525.00  0.3603767E-04   0.1194365E-08   0.3603886E-04
    14570.00  0.3607511E-04   0.1190375E-08   0.3607630E-04
    14620.00  0.3583738E-04   0.8844823E-09   0.3583826E-04
    14675.00  0.3566276E-04   0.8808802E-09   0.3566364E-04
    14725.00  0.3522699E-04   0.8755429E-09   0.3522787E-04
    14775.00  0.3530192E-04   0.8723139E-09   0.3530279E-04
    14825.00  0.3522645E-04   0.8691030E-09   0.3522732E-04
    14875.00  0.3484711E-04   0.8659102E-09   0.3484798E-04
    14925.00  0.3523257E-04   0.8627354E-09   0.3523343E-04
    14975.00  0.3489004E-04   0.8595783E-09   0.3489090E-04
    15025.00  0.3455380E-04   0.8564390E-09   0.3455466E-04
    15075.00  0.3430886E-04   0.8533171E-09   0.3430971E-04
    15125.00  0.3470031E-04   0.8502126E-09   0.3470116E-04
    15175.00  0.3462967E-04   0.8471253E-09   0.3463052E-04
    15225.00  0.3446797E-04   0.8440562E-09   0.3446881E-04
    15275.00  0.3447692E-04   0.8410049E-09   0.3447776E-04
    15325.00  0.3427206E-04   0.8379705E-09   0.3427290E-04
    15375.00  0.3425580E-04   0.8349526E-09   0.3425663E-04
    15425.00  0.3408651E-04   0.8319513E-09   0.3408734E-04
    15475.00  0.3408730E-04   0.8289664E-09   0.3408813E-04
    15525.00  0.3379068E-04   0.8259977E-09   0.3379151E-04
    15575.00  0.3310819E-04   0.8230452E-09   0.3310901E-04
    15625.00  0.3345007E-04   0.8201087E-09   0.3345089E-04
    15675.00  0.3317712E-04   0.8171881E-09   0.3317794E-04
    15725.00  0.3322817E-04   0.8142833E-09   0.3322898E-04
    15775.00  0.3218979E-04   0.8113942E-09   0.3219060E-04
    15825.00  0.3245446E-04   0.8085207E-09   0.3245527E-04
    15875.00  0.3190894E-04   0.8056626E-09   0.3190975E-04
    15925.00  0.3270218E-04   0.8028198E-09   0.3270298E-04
    15975.00  0.3221430E-04   0.7999923E-09   0.3221510E-04
    16050.00  0.3212965E-04   0.7957792E-09   0.3213045E-04
    16150.00  0.3181548E-04   0.7902142E-09   0.3181627E-04
    16250.00  0.3151618E-04   0.7847081E-09   0.3151696E-04
    16350.00  0.3156227E-04   0.7792601E-09   0.3156305E-04
    16450.00  0.3025173E-04   0.7738695E-09   0.3025250E-04
    16550.00  0.3069196E-04   0.7685354E-09   0.3069273E-04
    16650.00  0.2975685E-04   0.7632569E-09   0.2975761E-04
    16750.00  0.2940629E-04   0.7580335E-09   0.2940705E-04
    16850.00  0.2844586E-04   0.7528643E-09   0.2844661E-04
    16950.00  0.2860894E-04   0.7477486E-09   0.2860969E-04
    17050.00  0.2780558E-04   0.7426856E-09   0.2780632E-04
    17150.00  0.2740170E-04   0.7376746E-09   0.2740244E-04
    17250.00  0.2680249E-04   0.7327149E-09   0.2680322E-04
    17350.00  0.2581046E-04   0.7278059E-09   0.2581119E-04
    17450.00  0.2571504E-04   0.7229468E-09   0.2571576E-04
    17550.00  0.2523242E-04   0.7181370E-09   0.2523314E-04
    17650.00  0.2478571E-04   0.7133759E-09   0.2478642E-04
    17750.00  0.2423380E-04   0.7086627E-09   0.2423451E-04
    17850.00  0.2384656E-04   0.7039969E-09   0.2384726E-04
    17950.00  0.2338193E-04   0.6993778E-09   0.2338263E-04
    18050.00  0.2285307E-04   0.6948049E-09   0.2285376E-04
    18150.00  0.2224261E-04   0.6902774E-09   0.2224330E-04
    18250.00  0.2206214E-04   0.6857958E-09   0.2206283E-04
    18350.00  0.2177087E-04   0.6813664E-09   0.2177155E-04
    18450.00  0.2134943E-04   0.6769800E-09   0.2135011E-04
    18550.00  0.2111477E-04   0.6511207E-09   0.2111542E-04
    18650.00  0.2066550E-04   0.6469642E-09   0.2066615E-04
    18750.00  0.1998995E-04   0.6428479E-09   0.1999059E-04
    18850.00  0.2003676E-04   0.6387714E-09   0.2003740E-04
    18950.00  0.1940935E-04   0.6347342E-09   0.1940998E-04
    19050.00  0.1938865E-04   0.6307358E-09   0.1938928E-04
    19150.00  0.1899307E-04   0.6267757E-09   0.1899370E-04
    19250.00  0.1868111E-04   0.6228535E-09   0.1868173E-04
    19350.00  0.1821714E-04   0.6189687E-09   0.1821776E-04
    19450.00  0.1766463E-04   0.6151208E-09   0.1766525E-04
    19550.00  0.1765679E-04   0.6113093E-09   0.1765740E-04
    19650.00  0.1736718E-04   0.6075339E-09   0.1736779E-04
    19750.00  0.1700772E-04   0.6037942E-09   0.1700832E-04
    19850.00  0.1677498E-04   0.6000896E-09   0.1677558E-04
    19950.00  0.1653003E-04   0.5964197E-09   0.1653063E-04
    20050.00  0.1638904E-04   0.5927842E-09   0.1638963E-04
    20150.00  0.1615803E-04   0.5891825E-09   0.1615862E-04
    20250.00  0.1580668E-04   0.5854529E-09   0.1580727E-04
    20350.00  0.1556445E-04   0.5819195E-09   0.1556503E-04
    20450.00  0.1546633E-04   0.5784187E-09   0.1546691E-04
    20550.00  0.1522377E-04   0.5749503E-09   0.1522434E-04
    20650.00  0.1495187E-04   0.5715138E-09   0.1495244E-04
    20750.00  0.1476426E-04   0.5681088E-09   0.1476483E-04
    20850.00  0.1455444E-04   0.5647351E-09   0.1455500E-04
    20950.00  0.1428987E-04   0.5613921E-09   0.1429043E-04
    21050.00  0.1417431E-04   0.5580796E-09   0.1417487E-04
    21150.00  0.1393913E-04   0.5547973E-09   0.1393968E-04
    21250.00  0.1373571E-04   0.5515446E-09   0.1373626E-04
    21350.00  0.1358611E-04   0.5483213E-09   0.1358666E-04
    21450.00  0.1338928E-04   0.5451272E-09   0.1338983E-04
    21550.00  0.1318444E-04   0.5418909E-09   0.1318498E-04
    21650.00  0.1282130E-04   0.5387544E-09   0.1282184E-04
    21750.00  0.1274650E-04   0.5356459E-09   0.1274704E-04
    21850.00  0.1258107E-04   0.5325651E-09   0.1258160E-04
    21950.00  0.1243162E-04   0.5295117E-09   0.1243215E-04
    22050.00  0.1215893E-04   0.5264855E-09   0.1215946E-04
    22150.00  0.1208373E-04   0.5234860E-09   0.1208425E-04
    22250.00  0.1182277E-04   0.5197138E-09   0.1182329E-04
    22350.00  0.1167849E-04   0.5167750E-09   0.1167901E-04
    22450.00  0.1151975E-04   0.5138619E-09   0.1152026E-04
    22550.00  0.1136518E-04   0.5109743E-09   0.1136569E-04
    22650.00  0.1116367E-04   0.5081118E-09   0.1116418E-04
    22750.00  0.1104954E-04   0.5052743E-09   0.1105005E-04
    22850.00  0.1084292E-04   0.4378641E-09   0.1084336E-04
    22950.00  0.9581248E-05   0.4351453E-09   0.9581683E-05
    23050.00  0.1000950E-04   0.4327805E-09   0.1000993E-04
    23150.00  0.9917815E-05   0.4304361E-09   0.9918245E-05
    23250.00  0.8839045E-05   0.4281120E-09   0.8839473E-05
    23350.00  0.9290762E-05   0.4258077E-09   0.9291188E-05
    23450.00  0.9131362E-05   0.4235232E-09   0.9131786E-05
    23550.00  0.8232287E-05   0.4212582E-09   0.8232708E-05
    23650.00  0.8706265E-05   0.4190125E-09   0.8706684E-05
    23750.00  0.8539846E-05   0.4167859E-09   0.8540263E-05
    23850.00  0.7822151E-05   0.4145781E-09   0.7822566E-05
    23950.00  0.8165031E-05   0.4123890E-09   0.8165443E-05
    24050.00  0.8113040E-05   0.4102182E-09   0.8113450E-05
    24150.00  0.7504835E-05   0.4080657E-09   0.7505243E-05
    24250.00  0.7724541E-05   0.4059312E-09   0.7724947E-05
    24350.00  0.7662855E-05   0.4038146E-09   0.7663259E-05
    24450.00  0.7276803E-05   0.4017155E-09   0.7277205E-05
    24550.00  0.7205848E-05   0.3996339E-09   0.7206248E-05
    24650.00  0.7319102E-05   0.3975694E-09   0.7319500E-05
    24750.00  0.7067238E-05   0.3955221E-09   0.7067634E-05
    24850.00  0.6746017E-05   0.3934916E-09   0.6746410E-05
    24950.00  0.6829963E-05   0.3914777E-09   0.6830354E-05
    25050.00  0.6900466E-05   0.3894803E-09   0.6900855E-05
    25150.00  0.6463073E-05   0.3874993E-09   0.6463460E-05
    25250.00  0.6589150E-05   0.3855343E-09   0.6589536E-05
    25350.00  0.6571744E-05   0.3835854E-09   0.6572128E-05
    25450.00  0.6416194E-05   0.3816522E-09   0.6416576E-05
    25550.00  0.6324611E-05   0.3797346E-09   0.6324991E-05
    25650.00  0.6307155E-05   0.3778324E-09   0.6307533E-05
    25750.00  0.6303495E-05   0.3759455E-09   0.6303871E-05
    25850.00  0.6059635E-05   0.3740737E-09   0.6060009E-05
    25950.00  0.6097107E-05   0.3722169E-09   0.6097479E-05
    26050.00  0.6083582E-05   0.3703749E-09   0.6083952E-05
    26150.00  0.5958217E-05   0.3685475E-09   0.5958586E-05
    26250.00  0.5837175E-05   0.3667346E-09   0.5837542E-05
    26350.00  0.5872157E-05   0.3649360E-09   0.5872522E-05
    26450.00  0.5826077E-05   0.3631515E-09   0.5826440E-05
    26550.00  0.5727720E-05   0.3613811E-09   0.5728081E-05
    26650.00  0.5622426E-05   0.3596246E-09   0.5622786E-05
    26750.00  0.5660158E-05   0.3578818E-09   0.5660516E-05
    26850.00  0.5598966E-05   0.3561526E-09   0.5599322E-05
    26950.00  0.5490288E-05   0.3544368E-09   0.5490642E-05
    27050.00  0.5474846E-05   0.3527344E-09   0.5475199E-05
    27150.00  0.5413311E-05   0.3510451E-09   0.5413662E-05
    27250.00  0.5375137E-05   0.3493689E-09   0.5375486E-05
    27350.00  0.5268815E-05   0.3477055E-09   0.5269163E-05
    27450.00  0.5247116E-05   0.3460549E-09   0.5247462E-05
    27550.00  0.5188926E-05   0.3444169E-09   0.5189270E-05
    27650.00  0.5123791E-05   0.3374943E-09   0.5124128E-05
    27750.00  0.5058271E-05   0.3359097E-09   0.5058607E-05
    27850.00  0.5023692E-05   0.3343371E-09   0.5024026E-05
    27950.00  0.4990403E-05   0.3327764E-09   0.4990736E-05
    28050.00  0.4927452E-05   0.3312274E-09   0.4927783E-05
    28150.00  0.4857056E-05   0.3296902E-09   0.4857386E-05
    28250.00  0.4812944E-05   0.3281645E-09   0.4813272E-05
    28350.00  0.4772783E-05   0.3266502E-09   0.4773110E-05
    28450.00  0.4712225E-05   0.3251472E-09   0.4712550E-05
    28550.00  0.4657339E-05   0.3236555E-09   0.4657663E-05
    28650.00  0.4602062E-05   0.3221748E-09   0.4602384E-05
    28750.00  0.4531017E-05   0.3207052E-09   0.4531338E-05
    28850.00  0.4504041E-05   0.3192464E-09   0.4504360E-05
    28950.00  0.4455765E-05   0.3177983E-09   0.4456083E-05
    29050.00  0.4402627E-05   0.3163609E-09   0.4402943E-05
    29150.00  0.4357743E-05   0.3149341E-09   0.4358058E-05
    29250.00  0.4292455E-05   0.3135177E-09   0.4292769E-05
    29350.00  0.4263700E-05   0.3121117E-09   0.4264012E-05
    29450.00  0.4203756E-05   0.3107159E-09   0.4204067E-05
    29550.00  0.4160259E-05   0.3093303E-09   0.4160568E-05
    29650.00  0.4119647E-05   0.3079547E-09   0.4119955E-05
    29750.00  0.4073164E-05   0.3065584E-09   0.4073471E-05
    29850.00  0.4024545E-05   0.3052027E-09   0.4024850E-05
    29950.00  0.3978427E-05   0.3038568E-09   0.3978731E-05
    30050.00  0.3933836E-05   0.3025206E-09   0.3934139E-05
    30150.00  0.3897421E-05   0.3011939E-09   0.3897722E-05
    30250.00  0.3850206E-05   0.2998767E-09   0.3850506E-05
    30350.00  0.3782278E-05   0.2985688E-09   0.3782577E-05
    30450.00  0.3765635E-05   0.2972703E-09   0.3765932E-05
    30550.00  0.3728026E-05   0.2959810E-09   0.3728322E-05
    30650.00  0.3687886E-05   0.2947007E-09   0.3688181E-05
    30750.00  0.3654244E-05   0.2934296E-09   0.3654537E-05
    30850.00  0.3609824E-05   0.2921673E-09   0.3610116E-05
    30950.00  0.3572740E-05   0.2909140E-09   0.3573031E-05
    31050.00  0.3541229E-05   0.2896694E-09   0.3541519E-05
    31150.00  0.3486484E-05   0.2884335E-09   0.3486772E-05
    31250.00  0.3463670E-05   0.2872062E-09   0.3463957E-05
    31350.00  0.3428387E-05   0.2859733E-09   0.3428673E-05
    31450.00  0.3391274E-05   0.2847628E-09   0.3391559E-05
    31550.00  0.3348167E-05   0.2835607E-09   0.3348451E-05
    31650.00  0.3316093E-05   0.2823669E-09   0.3316375E-05
    31750.00  0.3284076E-05   0.2811814E-09   0.3284357E-05
    31850.00  0.3248767E-05   0.2800039E-09   0.3249047E-05
    31950.00  0.3216558E-05   0.2788346E-09   0.3216837E-05
    32100.00  0.3163073E-05   0.2769338E-09   0.3163350E-05
    32300.00  0.3095770E-05   0.2746452E-09   0.3096045E-05
    32500.00  0.3030559E-05   0.2723875E-09   0.3030831E-05
    32700.00  0.2964962E-05   0.2701602E-09   0.2965232E-05
    32900.00  0.2889084E-05   0.2497307E-09   0.2889334E-05
    33100.00  0.2838443E-05   0.2476649E-09   0.2838691E-05
    33300.00  0.2776694E-05   0.2456977E-09   0.2776940E-05
    33500.00  0.2723189E-05   0.2437562E-09   0.2723433E-05
    33700.00  0.2664145E-05   0.2418402E-09   0.2664387E-05
    33900.00  0.2604383E-05   0.2399490E-09   0.2604623E-05
    34100.00  0.2548888E-05   0.2380824E-09   0.2549126E-05
    34300.00  0.2501558E-05   0.2362398E-09   0.2501794E-05
    34500.00  0.2450983E-05   0.2344208E-09   0.2451217E-05
    34700.00  0.2398671E-05   0.2326251E-09   0.2398904E-05
    34900.00  0.2349740E-05   0.2308521E-09   0.2349971E-05
    35100.00  0.2302352E-05   0.2291016E-09   0.2302581E-05
    35300.00  0.2251827E-05   0.2273731E-09   0.2252054E-05
    35500.00  0.2208460E-05   0.2256663E-09   0.2208686E-05
    35700.00  0.2161410E-05   0.2239808E-09   0.2161634E-05
    35900.00  0.2117652E-05   0.2223162E-09   0.2117874E-05
    36100.00  0.2077234E-05   0.2206723E-09   0.2077455E-05
    36300.00  0.2035282E-05   0.2190485E-09   0.2035501E-05
    36500.00  0.1990408E-05   0.2174446E-09   0.1990625E-05
    36700.00  0.1949982E-05   0.2158603E-09   0.1950198E-05
    36900.00  0.1907118E-05   0.2142953E-09   0.1907332E-05
    37100.00  0.1868355E-05   0.2127492E-09   0.1868568E-05
    37300.00  0.1834172E-05   0.2112216E-09   0.1834383E-05
    37500.00  0.1789067E-05   0.2097124E-09   0.1789277E-05
    37700.00  0.1764819E-05   0.2082212E-09   0.1765027E-05
    37900.00  0.1729728E-05   0.2067477E-09   0.1729935E-05
    38100.00  0.1696878E-05   0.2052917E-09   0.1697083E-05
    38300.00  0.1665575E-05   0.2038528E-09   0.1665779E-05
    38500.00  0.1634420E-05   0.2024308E-09   0.1634622E-05
    38700.00  0.1599348E-05   0.1993773E-09   0.1599547E-05
    38900.00  0.1570146E-05   0.1980022E-09   0.1570344E-05
    39100.00  0.1540440E-05   0.1966429E-09   0.1540637E-05
    39300.00  0.1512473E-05   0.1952993E-09   0.1512668E-05
    39500.00  0.1480821E-05   0.1939711E-09   0.1481015E-05
    39700.00  0.1453789E-05   0.1926581E-09   0.1453982E-05
    39900.00  0.1421222E-05   0.1913601E-09   0.1421413E-05
    40100.00  0.1397574E-05   0.1900767E-09   0.1397764E-05
    40300.00  0.1373565E-05   0.1888078E-09   0.1373754E-05
    40500.00  0.1342206E-05   0.1875532E-09   0.1342394E-05
    40700.00  0.1322332E-05   0.1863126E-09   0.1322518E-05
    40900.00  0.1298962E-05   0.1850858E-09   0.1299147E-05
    41100.00  0.1275728E-05   0.1838654E-09   0.1275912E-05
    41300.00  0.1253304E-05   0.1826656E-09   0.1253487E-05
    41500.00  0.1229771E-05   0.1814790E-09   0.1229952E-05
    41700.00  0.1206146E-05   0.1803055E-09   0.1206326E-05
    41900.00  0.1184616E-05   0.1791447E-09   0.1184795E-05
    42100.00  0.1161725E-05   0.1779966E-09   0.1161903E-05
    42300.00  0.1145890E-05   0.1768609E-09   0.1146067E-05
    42500.00  0.1123364E-05   0.1757374E-09   0.1123540E-05
    42700.00  0.1105177E-05   0.1746260E-09   0.1105352E-05
    42900.00  0.1043565E-05   0.1735265E-09   0.1043739E-05
    43100.00  0.9862633E-06   0.1724350E-09   0.9864357E-06
    43300.00  0.9898611E-06   0.1713588E-09   0.9900325E-06
    43500.00  0.9360646E-06   0.1702940E-09   0.9362349E-06
    43700.00  0.9089063E-06   0.1692404E-09   0.9090755E-06
    43900.00  0.8899207E-06   0.1681555E-09   0.8900889E-06
    44100.00  0.8443043E-06   0.1671243E-09   0.8444714E-06
    44300.00  0.8348850E-06   0.1661038E-09   0.8350511E-06
    44500.00  0.8182833E-06   0.1650939E-09   0.8184484E-06
    44700.00  0.7811772E-06   0.1626800E-09   0.7813399E-06
    44900.00  0.7857319E-06   0.1568653E-09   0.7858888E-06
    45100.00  0.7637783E-06   0.1559331E-09   0.7639342E-06
    45300.00  0.7379941E-06   0.1550104E-09   0.7381491E-06
    45500.00  0.7380492E-06   0.1540970E-09   0.7382033E-06
    45700.00  0.7289572E-06   0.1531928E-09   0.7291104E-06
    45900.00  0.7000533E-06   0.1522977E-09   0.7002056E-06
    46100.00  0.7057392E-06   0.1514116E-09   0.7058906E-06
    46300.00  0.6903860E-06   0.1505342E-09   0.6905365E-06
    46500.00  0.6815065E-06   0.1496656E-09   0.6816562E-06
    46700.00  0.6779111E-06   0.1488056E-09   0.6780599E-06
    46900.00  0.6663022E-06   0.1479540E-09   0.6664502E-06
    47100.00  0.6525271E-06   0.1471108E-09   0.6526742E-06
    47300.00  0.6554874E-06   0.1462758E-09   0.6556337E-06
    47500.00  0.6404668E-06   0.1454490E-09   0.6406122E-06
    47700.00  0.6315849E-06   0.1446302E-09   0.6317295E-06
    47900.00  0.6250496E-06   0.1438193E-09   0.6251934E-06
    48100.00  0.6087694E-06   0.1430162E-09   0.6089124E-06
    48300.00  0.6129049E-06   0.1422208E-09   0.6130471E-06
    48500.00  0.6007316E-06   0.1414330E-09   0.6008730E-06
    48700.00  0.5879694E-06   0.1406527E-09   0.5881101E-06
    48900.00  0.5808998E-06   0.1398798E-09   0.5810397E-06
    49100.00  0.5731369E-06   0.1391143E-09   0.5732760E-06
    49300.00  0.5642980E-06   0.1383559E-09   0.5644364E-06
    49500.00  0.5542824E-06   0.1376046E-09   0.5544200E-06
    49700.00  0.5512180E-06   0.1368604E-09   0.5513549E-06
    49900.00  0.5431701E-06   0.1361231E-09   0.5433062E-06
    50100.00  0.5366942E-06   0.1353927E-09   0.5368296E-06
    50300.00  0.5294316E-06   0.1346690E-09   0.5295663E-06
    50500.00  0.5173298E-06   0.1339520E-09   0.5174638E-06
    50700.00  0.5134027E-06   0.1332416E-09   0.5135359E-06
    50900.00  0.5071676E-06   0.1325377E-09   0.5073001E-06
    51100.00  0.4974372E-06   0.1318402E-09   0.4975690E-06
    51300.00  0.4933178E-06   0.1311490E-09   0.4934489E-06
    51500.00  0.4851931E-06   0.1298567E-09   0.4853230E-06
    51700.00  0.4841414E-06   0.1291820E-09   0.4842706E-06
    51900.00  0.4743944E-06   0.1285134E-09   0.4745229E-06
    52100.00  0.4692661E-06   0.1278508E-09   0.4693940E-06
    52300.00  0.4611870E-06   0.1271942E-09   0.4613142E-06
    52500.00  0.4579735E-06   0.1265433E-09   0.4581000E-06
    52700.00  0.4566466E-06   0.1258983E-09   0.4567725E-06
    52900.00  0.4445096E-06   0.1252589E-09   0.4446349E-06
    53100.00  0.4387584E-06   0.1246251E-09   0.4388830E-06
    53300.00  0.4355247E-06   0.1239970E-09   0.4356487E-06
    53500.00  0.4300255E-06   0.1233743E-09   0.4301489E-06
    53700.00  0.4254520E-06   0.1227570E-09   0.4255748E-06
    53900.00  0.4205981E-06   0.1221451E-09   0.4207202E-06
    54100.00  0.4155317E-06   0.1215385E-09   0.4156532E-06
    54300.00  0.4076112E-06   0.1209350E-09   0.4077321E-06
    54500.00  0.4061857E-06   0.1203388E-09   0.4063060E-06
    54700.00  0.3990235E-06   0.1197477E-09   0.3991432E-06
    54900.00  0.3950024E-06   0.1191617E-09   0.3951216E-06
    55100.00  0.3893114E-06   0.1185806E-09   0.3894300E-06
    55300.00  0.3911743E-06   0.1180045E-09   0.3912923E-06
    55500.00  0.3796602E-06   0.1174332E-09   0.3797776E-06
    55700.00  0.3797589E-06   0.1168668E-09   0.3798758E-06
    55900.00  0.3728792E-06   0.1163051E-09   0.3729955E-06
    56100.00  0.3703462E-06   0.1157481E-09   0.3704619E-06
    56300.00  0.3630208E-06   0.1151958E-09   0.3631360E-06
    56500.00  0.3616608E-06   0.1146471E-09   0.3617754E-06
    56700.00  0.3570190E-06   0.1141040E-09   0.3571331E-06
    56900.00  0.3502659E-06   0.1135653E-09   0.3503795E-06
    57100.00  0.3492925E-06   0.1130310E-09   0.3494055E-06
    57300.00  0.3448731E-06   0.1125012E-09   0.3449856E-06
    57500.00  0.3407515E-06   0.1119624E-09   0.3408635E-06
    57700.00  0.3360457E-06   0.1114413E-09   0.3361571E-06
    57900.00  0.3339867E-06   0.1109243E-09   0.3340976E-06
    58100.00  0.3285569E-06   0.1104116E-09   0.3286673E-06
    58300.00  0.3250597E-06   0.1099030E-09   0.3251696E-06
    58500.00  0.3214985E-06   0.1069317E-09   0.3216054E-06
    58700.00  0.3163850E-06   0.1064400E-09   0.3164914E-06
    58900.00  0.3131825E-06   0.1059582E-09   0.3132885E-06
    59100.00  0.3092434E-06   0.1054803E-09   0.3093489E-06
    59300.00  0.3065323E-06   0.1050061E-09   0.3066373E-06
    59500.00  0.3021741E-06   0.1045357E-09   0.3022786E-06
    59700.00  0.2997087E-06   0.1040690E-09   0.2998128E-06
    59900.00  0.2961581E-06   0.1036059E-09   0.2962617E-06
    60100.00  0.2927197E-06   0.1031465E-09   0.2928228E-06
    60300.00  0.2892501E-06   0.1026907E-09   0.2893528E-06
    60500.00  0.2848082E-06   0.1022384E-09   0.2849104E-06
    60700.00  0.2817059E-06   0.1017896E-09   0.2818077E-06
    60900.00  0.2784106E-06   0.1013443E-09   0.2785119E-06
    61100.00  0.2746713E-06   0.1009024E-09   0.2747722E-06
    61300.00  0.2720883E-06   0.1004639E-09   0.2721888E-06
    61500.00  0.2692086E-06   0.1000288E-09   0.2693086E-06
    61700.00  0.2666855E-06   0.9959697E-10   0.2667851E-06
    61900.00  0.2634731E-06   0.9916845E-10   0.2635723E-06
    62100.00  0.2607287E-06   0.9874318E-10   0.2608274E-06
    62300.00  0.2571277E-06   0.9832112E-10   0.2572260E-06
    62500.00  0.2535737E-06   0.9790225E-10   0.2536716E-06
    62700.00  0.2507820E-06   0.9748653E-10   0.2508795E-06
    62900.00  0.2480091E-06   0.9707392E-10   0.2481062E-06
    63100.00  0.2450836E-06   0.9666440E-10   0.2451803E-06
    63300.00  0.2429460E-06   0.9625793E-10   0.2430423E-06
    63500.00  0.2396496E-06   0.9585448E-10   0.2397455E-06
    63700.00  0.2376905E-06   0.9545402E-10   0.2377860E-06
    63900.00  0.2339695E-06   0.9505652E-10   0.2340646E-06
    64200.00  0.2304651E-06   0.9446574E-10   0.2305596E-06
    64600.00  0.2250099E-06   0.9368811E-10   0.2251036E-06
    65000.00  0.2200516E-06   0.9292177E-10   0.2201445E-06
    65400.00  0.2149847E-06   0.9216650E-10   0.2150769E-06
    65800.00  0.2103975E-06   0.9142207E-10   0.2104889E-06
    66200.00  0.2055097E-06   0.9043541E-10   0.2056001E-06
    66600.00  0.2009539E-06   0.8971474E-10   0.2010436E-06
    67000.00  0.1966088E-06   0.8900425E-10   0.1966978E-06
    67400.00  0.1920963E-06   0.8830371E-10   0.1921846E-06
    67800.00  0.1878466E-06   0.8761295E-10   0.1879342E-06
    68200.00  0.1836835E-06   0.8693176E-10   0.1837704E-06
    68600.00  0.1797475E-06   0.8625997E-10   0.1798338E-06
    69000.00  0.1757202E-06   0.8559738E-10   0.1758058E-06
    69400.00  0.1719146E-06   0.8494319E-10   0.1719995E-06
    69800.00  0.1681951E-06   0.8429850E-10   0.1682794E-06
    70200.00  0.1644969E-06   0.8366251E-10   0.1645806E-06
    70600.00  0.1610319E-06   0.8303504E-10   0.1611149E-06
    71000.00  0.1575523E-06   0.8241594E-10   0.1576347E-06
    71400.00  0.1542219E-06   0.8180506E-10   0.1543037E-06
    71800.00  0.1508981E-06   0.8120181E-10   0.1509793E-06
    72200.00  0.1477360E-06   0.8060689E-10   0.1478166E-06
    72600.00  0.1445797E-06   0.8001975E-10   0.1446597E-06
    73000.00  0.1415631E-06   0.7943545E-10   0.1416425E-06
    73400.00  0.1385830E-06   0.7886356E-10   0.1386619E-06
    73800.00  0.1357305E-06   0.7829902E-10   0.1358088E-06
    74200.00  0.1328735E-06   0.7665747E-10   0.1329502E-06
    74600.00  0.1299679E-06   0.7611777E-10   0.1300440E-06
    75000.00  0.1273560E-06   0.7558487E-10   0.1274316E-06
    75400.00  0.1248645E-06   0.7505866E-10   0.1249396E-06
    75800.00  0.1223866E-06   0.7453902E-10   0.1224611E-06
    76200.00  0.1199206E-06   0.7402583E-10   0.1199946E-06
    76600.00  0.1175102E-06   0.7351899E-10   0.1175837E-06
    77000.00  0.1151446E-06   0.7301837E-10   0.1152176E-06
    77400.00  0.1128624E-06   0.7252388E-10   0.1129349E-06
    77800.00  0.1106371E-06   0.7203540E-10   0.1107091E-06
    78200.00  0.1084413E-06   0.7155284E-10   0.1085129E-06
    78600.00  0.1063083E-06   0.7107609E-10   0.1063794E-06
    79000.00  0.1042352E-06   0.7060506E-10   0.1043058E-06
    79400.00  0.1022094E-06   0.7013965E-10   0.1022795E-06
    79800.00  0.1002334E-06   0.6967976E-10   0.1003031E-06
    80200.00  0.9828579E-07   0.6922530E-10   0.9835502E-07
    80600.00  0.9639142E-07   0.6877618E-10   0.9646020E-07
    81000.00  0.9458183E-07   0.6833232E-10   0.9465016E-07
    81400.00  0.9276773E-07   0.6789363E-10   0.9283562E-07
    81800.00  0.9103404E-07   0.6746001E-10   0.9110150E-07
    82200.00  0.8932853E-07   0.6703140E-10   0.8939556E-07
    82600.00  0.8765482E-07   0.6649127E-10   0.8772131E-07
    83000.00  0.8602542E-07   0.6607343E-10   0.8609149E-07
    83400.00  0.8441113E-07   0.6566033E-10   0.8447679E-07
    83800.00  0.8285719E-07   0.6525191E-10   0.8292244E-07
    84200.00  0.8135965E-07   0.6484808E-10   0.8142450E-07
    84600.00  0.7985971E-07   0.6444877E-10   0.7992416E-07
    85000.00  0.7841171E-07   0.6405392E-10   0.7847576E-07
    85400.00  0.7698174E-07   0.6366345E-10   0.7704540E-07
    85800.00  0.7558862E-07   0.6327729E-10   0.7565190E-07
    86200.00  0.7424565E-07   0.6289520E-10   0.7430855E-07
    86600.00  0.7291282E-07   0.6251748E-10   0.7297534E-07
    87000.00  0.7161293E-07   0.6214387E-10   0.7167507E-07
    87400.00  0.7034382E-07   0.6177431E-10   0.7040559E-07
    87800.00  0.6909892E-07   0.6140874E-10   0.6916033E-07
    88200.00  0.6788474E-07   0.6104711E-10   0.6794579E-07
    88600.00  0.6669289E-07   0.6068934E-10   0.6675358E-07
    89000.00  0.6553291E-07   0.6033523E-10   0.6559325E-07
    89400.00  0.6440754E-07   0.5998499E-10   0.6446752E-07
    89800.00  0.6328259E-07   0.5963845E-10   0.6334223E-07
    90200.00  0.6220563E-07   0.5929368E-10   0.6226492E-07
    90600.00  0.6115014E-07   0.5895438E-10   0.6120909E-07
    91000.00  0.6008149E-07   0.5861861E-10   0.6014011E-07
    91400.00  0.5907983E-07   0.5776529E-10   0.5913760E-07
    91800.00  0.5808716E-07   0.5743976E-10   0.5814460E-07
    92200.00  0.5711937E-07   0.5711849E-10   0.5717649E-07
    92600.00  0.5615904E-07   0.5680051E-10   0.5621584E-07
    93000.00  0.5522908E-07   0.5648576E-10   0.5528557E-07
    93400.00  0.5430006E-07   0.5617420E-10   0.5435623E-07
    93800.00  0.5340107E-07   0.5586578E-10   0.5345694E-07
    94200.00  0.5251822E-07   0.5556046E-10   0.5257378E-07
    94600.00  0.5165489E-07   0.5525819E-10   0.5171015E-07
    95000.00  0.5081528E-07   0.5495893E-10   0.5087024E-07
    95400.00  0.4998799E-07   0.5466263E-10   0.5004265E-07
    95800.00  0.4917767E-07   0.5436926E-10   0.4923204E-07
    96200.00  0.4838591E-07   0.5407877E-10   0.4843999E-07
    96600.00  0.4760970E-07   0.5379113E-10   0.4766349E-07
    97000.00  0.4684203E-07   0.5350629E-10   0.4689554E-07
    97400.00  0.4607869E-07   0.5322422E-10   0.4613191E-07
    97800.00  0.4535613E-07   0.5294487E-10   0.4540907E-07
    98200.00  0.4464388E-07   0.5266821E-10   0.4469655E-07
    98600.00  0.4394493E-07   0.5239421E-10   0.4399732E-07
    99000.00  0.4325534E-07   0.5212282E-10   0.4330746E-07
    99400.00  0.4257343E-07   0.5185402E-10   0.4262528E-07
    99800.00  0.4191175E-07   0.5158776E-10   0.4196334E-07
   100200.00  0.4126340E-07   0.1297189E-10   0.4127637E-07
   200000.00  0.2715481E-08   0.3255956E-11   0.2718737E-08
   400000.00  0.1725191E-09   0.8139891E-12   0.1733331E-09
   600000.00  0.3410306E-10   0.3617729E-12   0.3446483E-10
   800000.00  0.1076386E-10   0.2034973E-12   0.1096736E-10
  1000000.00  0.4393253E-11   0.1302383E-12   0.4523491E-11
  1200000.00  0.2110732E-11   0.9044323E-13   0.2201175E-11
  1400000.00  0.1135382E-11   0.6644809E-13   0.1201830E-11
  1600000.00  0.6630031E-12   0.5087432E-13   0.7138774E-12
