       91.00  0.8936312E-24   0.0000000E+00   0.8936312E-24
       94.00  0.1429806E-23   0.0000000E+00   0.1429806E-23
       96.00  0.1787263E-23   0.0000000E+00   0.1787263E-23
       98.00  0.2144709E-23   0.0000000E+00   0.2144709E-23
      100.00  0.2502167E-23   0.0000000E+00   0.2502167E-23
      102.00  0.2859619E-23   0.0000000E+00   0.2859619E-23
      104.00  0.3217070E-23   0.0000000E+00   0.3217070E-23
      106.00  0.3574521E-23   0.0000000E+00   0.3574521E-23
      108.00  0.3931968E-23   0.0000000E+00   0.3931968E-23
      110.00  0.1433855E-16   0.0000000E+00   0.1433855E-16
      114.00  0.4301564E-16   0.0000000E+00   0.4301564E-16
      118.00  0.1720627E-15   0.0000000E+00   0.1720627E-15
      121.00  0.4444957E-15   0.0000000E+00   0.4444957E-15
      125.00  0.1376500E-14   0.0000000E+00   0.1376500E-14
      127.00  0.2365857E-14   0.0000000E+00   0.2365857E-14
      128.00  0.3140152E-14   0.0000000E+00   0.3140152E-14
      131.00  0.6624429E-14   0.0000000E+00   0.6624429E-14
      132.00  0.8359374E-14   0.0000000E+00   0.8359374E-14
      134.00  0.1329185E-13   0.0000000E+00   0.1329185E-13
      137.00  0.2533631E-13   0.0000000E+00   0.2533631E-13
      140.00  0.4664356E-13   0.0000000E+00   0.4664356E-13
      143.00  0.8393882E-13   0.0000000E+00   0.8393882E-13
      147.00  0.1714784E-12   0.0000000E+00   0.1714784E-12
      151.00  0.3308609E-12   0.0000000E+00   0.3308609E-12
      155.00  0.6029211E-12   0.0000000E+00   0.6029211E-12
      159.00  0.1051376E-11   0.0000000E+00   0.1051376E-11
      162.00  0.1538713E-11   0.0000000E+00   0.1538713E-11
      166.00  0.2371301E-11   0.0000000E+00   0.2371301E-11
      170.00  0.3676652E-11   0.0000000E+00   0.3676652E-11
      173.00  0.4923648E-11   0.0000000E+00   0.4923648E-11
      177.00  0.7223736E-11   0.0000000E+00   0.7223736E-11
      180.00  0.9535040E-11   0.0000000E+00   0.9535040E-11
      182.00  0.1136772E-10   0.0000000E+00   0.1136772E-10
      186.00  0.1614510E-10   0.0000000E+00   0.1614510E-10
      191.00  0.2494919E-10   0.0000000E+00   0.2494919E-10
      194.00  0.3255641E-10   0.0000000E+00   0.3255641E-10
      198.00  0.4674854E-10   0.0000000E+00   0.4674854E-10
      202.00  0.6758998E-10   0.0000000E+00   0.6758998E-10
      205.00  0.9160119E-10   0.0000000E+00   0.9160119E-10
      210.00  0.1486464E-09   0.0000000E+00   0.1486464E-09
      216.00  0.2711442E-09   0.0000000E+00   0.2711442E-09
      220.00  0.4081021E-09   0.0000000E+00   0.4081021E-09
      223.00  0.5544339E-09   0.0000000E+00   0.5544339E-09
      227.00  0.8248355E-09   0.0000000E+00   0.8248355E-09
      228.00  0.9058810E-09   0.0000000E+00   0.9058810E-09
      228.00  0.3752060E-06   0.0000000E+00   0.3752060E-06
      230.00  0.1622486E-06   0.0000000E+00   0.1622486E-06
      234.00  0.5881633E-06   0.0000000E+00   0.5881633E-06
      240.00  0.4269164E-05   0.0000000E+00   0.4269164E-05
      246.00  0.3151609E-05   0.0000000E+00   0.3151609E-05
      252.00  0.5098645E-05   0.0000000E+00   0.5098645E-05
      257.00  0.1188199E-04   0.0000000E+00   0.1188199E-04
      260.00  0.8522515E-05   0.0000000E+00   0.8522515E-05
      264.00  0.4444920E-04   0.0000000E+00   0.4444920E-04
      269.00  0.6650177E-04   0.0000000E+00   0.6650177E-04
      274.00  0.2248473E-04   0.0000000E+00   0.2248473E-04
      279.00  0.4640445E-04   0.0000000E+00   0.4640445E-04
      284.00  0.5918011E-04   0.0000000E+00   0.5918011E-04
      290.00  0.6437616E-04   0.0000000E+00   0.6437616E-04
      296.00  0.7556162E-04   0.0000000E+00   0.7556162E-04
      301.00  0.3115579E-03   0.0000000E+00   0.3115579E-03
      308.00  0.6812683E-03   0.0000000E+00   0.6812683E-03
      318.00  0.7065670E-03   0.0000000E+00   0.7065670E-03
      328.00  0.1718085E-03   0.0000000E+00   0.1718085E-03
      338.00  0.4386106E-03   0.0000000E+00   0.4386106E-03
      348.00  0.7633998E-03   0.0000000E+00   0.7633998E-03
      353.30  0.9590485E-03   0.0000000E+00   0.9590485E-03
      353.30  0.1095641E-02   0.0000000E+00   0.1095641E-02
      357.00  0.1005232E-02   0.0000000E+00   0.1005232E-02
      366.00  0.7853189E-03   0.0000000E+00   0.7853189E-03
      375.00  0.1700106E-02   0.0000000E+00   0.1700106E-02
      385.00  0.1721747E-02   0.0000000E+00   0.1721747E-02
      395.00  0.1556131E-02   0.0000000E+00   0.1556131E-02
      405.00  0.2001580E-02   0.0000000E+00   0.2001580E-02
      414.00  0.2714876E-02   0.0000000E+00   0.2714876E-02
      422.00  0.2932748E-02   0.0000000E+00   0.2932748E-02
      430.00  0.3104012E-02   0.0000000E+00   0.3104012E-02
      441.00  0.3723674E-02   0.0000000E+00   0.3723674E-02
      451.00  0.4338482E-02   0.0000000E+00   0.4338482E-02
      460.00  0.4638242E-02   0.0000000E+00   0.4638242E-02
      470.00  0.5173000E-02   0.0000000E+00   0.5173000E-02
      480.00  0.5992278E-02   0.0000000E+00   0.5992278E-02
      490.00  0.5073326E-02   0.0000000E+00   0.5073326E-02
      500.00  0.7281066E-02   0.0000000E+00   0.7281066E-02
      504.60  0.9039636E-02   0.0000000E+00   0.9039636E-02
      504.60  0.2426375E-01   0.0000000E+00   0.2426375E-01
      506.00  0.2937139E-01   0.0000000E+00   0.2937139E-01
      512.00  0.4469431E-01   0.0000000E+00   0.4469431E-01
      520.00  0.4622274E-01   0.0000000E+00   0.4622274E-01
      530.00  0.4878176E-01   0.0000000E+00   0.4878176E-01
      540.00  0.1104254E-01   0.0000000E+00   0.1104254E-01
      550.00  0.5386156E-01   0.0000000E+00   0.5386156E-01
      560.00  0.4866194E-01   0.0000000E+00   0.4866194E-01
      570.00  0.5465387E-01   0.0000000E+00   0.5465387E-01
      580.00  0.2143119E-01   0.0000000E+00   0.2143119E-01
      590.00  0.5503727E-01   0.0000000E+00   0.5503727E-01
      600.00  0.5360946E-01   0.0000000E+00   0.5360946E-01
      610.00  0.4834611E-01   0.0000000E+00   0.4834611E-01
      620.00  0.5582256E-01   0.0000000E+00   0.5582256E-01
      630.00  0.5526375E-01   0.0000000E+00   0.5526375E-01
      640.00  0.5643474E-01   0.0000000E+00   0.5643474E-01
      650.00  0.4219277E-01   0.0000000E+00   0.4219277E-01
      658.00  0.3702484E-01   0.0000000E+00   0.3702484E-01
      665.00  0.5033771E-01   0.0000000E+00   0.5033771E-01
      675.00  0.5732469E-01   0.0000000E+00   0.5732469E-01
      685.00  0.4746597E-01   0.0000000E+00   0.4746597E-01
      695.00  0.3212519E-01   0.0000000E+00   0.3212519E-01
      705.00  0.7710214E-01   0.0000000E+00   0.7710214E-01
      716.00  0.5972378E-01   0.0000000E+00   0.5972378E-01
      726.00  0.6016361E-01   0.0000000E+00   0.6016361E-01
      735.00  0.6054646E-01   0.0000000E+00   0.6054646E-01
      745.00  0.6101176E-01   0.0000000E+00   0.6101176E-01
      755.00  0.6138528E-01   0.0000000E+00   0.6138528E-01
      765.00  0.7173382E-01   0.0000000E+00   0.7173382E-01
      775.00  0.6247352E-01   0.0000000E+00   0.6247352E-01
      785.00  0.2767466E-01   0.0000000E+00   0.2767466E-01
      795.00  0.6310496E-01   0.0000000E+00   0.6310496E-01
      805.00  0.6373712E-01   0.0000000E+00   0.6373712E-01
      815.00  0.6226771E-01   0.0000000E+00   0.6226771E-01
      825.00  0.6450592E-01   0.0000000E+00   0.6450592E-01
      835.00  0.8062502E-01   0.0000000E+00   0.8062502E-01
      845.00  0.6550370E-01   0.0000000E+00   0.6550370E-01
      855.00  0.6080154E-01   0.0000000E+00   0.6080154E-01
      865.00  0.6584702E-01   0.0000000E+00   0.6584702E-01
      875.00  0.6616328E-01   0.0000000E+00   0.6616328E-01
      885.00  0.6643938E-01   0.0000000E+00   0.6643938E-01
      895.00  0.6658238E-01   0.0000000E+00   0.6658238E-01
      905.00  0.6656952E-01   0.0000000E+00   0.6656952E-01
      912.40  0.6645966E-01   0.6860700E-04   0.6652827E-01
      912.40  0.5633048E+00   0.6860758E-04   0.5633734E+00
      915.00  0.5631590E+00   0.9025726E-04   0.5632493E+00
      925.00  0.5625981E+00   0.9812219E-04   0.5626962E+00
      935.00  0.5724843E+00   0.1064567E-03   0.5725908E+00
      945.00  0.5590069E+00   0.1152732E-03   0.5591222E+00
      955.00  0.6153322E+00   0.1245838E-03   0.6154568E+00
      965.00  0.6286598E+00   0.1344000E-03   0.6287942E+00
      975.00  0.4274521E+00   0.1447327E-03   0.4275968E+00
      985.00  0.6055049E+00   0.1555924E-03   0.6056605E+00
      995.00  0.5980744E+00   0.1669890E-03   0.5982414E+00
     1005.00  0.5877277E+00   0.1789319E-03   0.5879066E+00
     1015.00  0.5629958E+00   0.1914297E-03   0.5631872E+00
     1025.00  0.4855624E+00   0.2044907E-03   0.4857669E+00
     1035.00  0.5371911E+00   0.2181224E-03   0.5374092E+00
     1045.00  0.5560428E+00   0.2323451E-03   0.5562751E+00
     1055.00  0.5435062E+00   0.2471546E-03   0.5437534E+00
     1065.00  0.5221252E+00   0.2625547E-03   0.5223878E+00
     1075.00  0.4211209E+00   0.2785503E-03   0.4213995E+00
     1085.00  0.4894167E+00   0.2951461E-03   0.4897118E+00
     1095.00  0.4979540E+00   0.3123456E-03   0.4982663E+00
     1105.00  0.4850147E+00   0.3301523E-03   0.4853449E+00
     1115.00  0.4682639E+00   0.3485682E-03   0.4686125E+00
     1125.00  0.2554381E+00   0.3675946E-03   0.2558057E+00
     1135.00  0.4551218E+00   0.3872337E-03   0.4555090E+00
     1145.00  0.4413481E+00   0.4074865E-03   0.4417556E+00
     1155.00  0.3293249E+00   0.4283530E-03   0.3297533E+00
     1165.00  0.3654590E+00   0.4498329E-03   0.3659088E+00
     1175.00  0.3087379E+00   0.4719253E-03   0.3092098E+00
     1185.00  0.4066099E+00   0.4946288E-03   0.4071045E+00
     1195.00  0.3882238E+00   0.5179414E-03   0.3887417E+00
     1205.00  0.3280169E+00   0.5418605E-03   0.3285588E+00
     1215.00  0.3143127E+00   0.5663832E-03   0.3148791E+00
     1225.00  0.3447533E+00   0.1254781E-02   0.3460081E+00
     1235.00  0.3639407E+00   0.1882248E-02   0.3658229E+00
     1245.00  0.3455796E+00   0.2419906E-02   0.3479995E+00
     1255.00  0.3433884E+00   0.2883399E-02   0.3462718E+00
     1265.00  0.3425106E+00   0.3284321E-02   0.3457949E+00
     1275.00  0.3369620E+00   0.3631840E-02   0.3405938E+00
     1285.00  0.3196260E+00   0.3933435E-02   0.3235594E+00
     1295.00  0.3049051E+00   0.4195334E-02   0.3091004E+00
     1305.00  0.3140771E+00   0.4422783E-02   0.3184999E+00
     1315.00  0.3047406E+00   0.4620248E-02   0.3093608E+00
     1325.00  0.2970275E+00   0.4791554E-02   0.3018191E+00
     1335.00  0.2951245E+00   0.4940000E-02   0.3000645E+00
     1345.00  0.2632773E+00   0.5068437E-02   0.2683457E+00
     1355.00  0.2856509E+00   0.5179347E-02   0.2908302E+00
     1365.00  0.2789270E+00   0.5274889E-02   0.2842019E+00
     1375.00  0.2730059E+00   0.5356952E-02   0.2783629E+00
     1385.00  0.2615632E+00   0.5427193E-02   0.2669904E+00
     1395.00  0.2320672E+00   0.5487064E-02   0.2375543E+00
     1405.00  0.2615465E+00   0.5537842E-02   0.2670843E+00
     1415.00  0.2501214E+00   0.5580654E-02   0.2557021E+00
     1425.00  0.2355506E+00   0.5616493E-02   0.2411671E+00
     1435.00  0.2396099E+00   0.5646235E-02   0.2452561E+00
     1442.00  0.2388147E+00   0.5663848E-02   0.2444785E+00
     1447.00  0.2365564E+00   0.5674967E-02   0.2422314E+00
     1455.00  0.2334034E+00   0.5690450E-02   0.2390938E+00
     1465.00  0.2273061E+00   0.5706217E-02   0.2330123E+00
     1475.00  0.2220348E+00   0.5718501E-02   0.2277533E+00
     1485.00  0.2174635E+00   0.5727781E-02   0.2231913E+00
     1495.00  0.2159740E+00   0.5734481E-02   0.2217085E+00
     1505.00  0.2099295E+00   0.5738979E-02   0.2156685E+00
     1512.00  0.2052330E+00   0.5741000E-02   0.2109740E+00
     1517.00  0.2047105E+00   0.5741941E-02   0.2104524E+00
     1525.00  0.1965610E+00   0.5742676E-02   0.2023037E+00
     1535.00  0.1949776E+00   0.5742436E-02   0.2007200E+00
     1545.00  0.8111826E-01   0.5741128E-02   0.8685939E-01
     1555.00  0.1939516E+00   0.5738857E-02   0.1996905E+00
     1565.00  0.1416970E+00   0.5735894E-02   0.1474329E+00
     1575.00  0.1835505E+00   0.5732411E-02   0.1892829E+00
     1585.00  0.1462417E+00   0.5728555E-02   0.1519703E+00
     1595.00  0.1784086E+00   0.5724452E-02   0.1841331E+00
     1605.00  0.1750800E+00   0.5720219E-02   0.1808002E+00
     1615.00  0.1720285E+00   0.5715954E-02   0.1777445E+00
     1625.00  0.1694144E+00   0.5711746E-02   0.1751261E+00
     1635.00  0.1668436E+00   0.5707631E-02   0.1725512E+00
     1645.00  0.1632561E+00   0.5703693E-02   0.1689598E+00
     1655.00  0.1610426E+00   0.5700014E-02   0.1667426E+00
     1665.00  0.1585509E+00   0.5696646E-02   0.1642475E+00
     1672.00  0.1561565E+00   0.5694498E-02   0.1618510E+00
     1677.00  0.1557214E+00   0.5693078E-02   0.1614145E+00
     1685.00  0.1534800E+00   0.5691016E-02   0.1591710E+00
     1695.00  0.1506074E+00   0.5688826E-02   0.1562962E+00
     1705.00  0.1478793E+00   0.5687091E-02   0.1535664E+00
     1715.00  0.1449821E+00   0.5685835E-02   0.1506679E+00
     1725.00  0.1425836E+00   0.5685078E-02   0.1482687E+00
     1735.00  0.1405688E+00   0.5684835E-02   0.1462536E+00
     1745.00  0.1381395E+00   0.5685119E-02   0.1438246E+00
     1755.00  0.1361478E+00   0.5685939E-02   0.1418337E+00
     1765.00  0.1332463E+00   0.5687303E-02   0.1389336E+00
     1775.00  0.1312275E+00   0.5689217E-02   0.1369167E+00
     1785.00  0.1294000E+00   0.5691681E-02   0.1350917E+00
     1795.00  0.1274751E+00   0.5694685E-02   0.1331698E+00
     1805.00  0.1256012E+00   0.5698233E-02   0.1312994E+00
     1815.00  0.1231446E+00   0.5702328E-02   0.1288469E+00
     1825.00  0.1213742E+00   0.5706967E-02   0.1270812E+00
     1835.00  0.1194293E+00   0.5712146E-02   0.1251414E+00
     1845.00  0.1165952E+00   0.5717858E-02   0.1223131E+00
     1855.00  0.1145329E+00   0.5724095E-02   0.1202570E+00
     1865.00  0.1131681E+00   0.5730852E-02   0.1188990E+00
     1875.00  0.1119370E+00   0.5738118E-02   0.1176751E+00
     1885.00  0.1091630E+00   0.5745886E-02   0.1149089E+00
     1895.00  0.1068549E+00   0.5754146E-02   0.1126090E+00
     1905.00  0.1062003E+00   0.5762888E-02   0.1119632E+00
     1915.00  0.1040314E+00   0.5772101E-02   0.1098035E+00
     1925.00  0.1022359E+00   0.5781775E-02   0.1080177E+00
     1935.00  0.1013121E+00   0.5791900E-02   0.1071040E+00
     1945.00  0.1001751E+00   0.5802428E-02   0.1059775E+00
     1955.00  0.9770809E-01   0.5813333E-02   0.1035214E+00
     1967.00  0.9680266E-01   0.5826954E-02   0.1026296E+00
     1976.00  0.9596311E-01   0.5837541E-02   0.1018007E+00
     1984.00  0.9425386E-01   0.5847211E-02   0.1001011E+00
     1995.00  0.9233238E-01   0.5860894E-02   0.9819327E-01
     2005.00  0.9149622E-01   0.5873710E-02   0.9736993E-01
     2015.00  0.9041229E-01   0.5886873E-02   0.9629916E-01
     2025.00  0.8932599E-01   0.5900371E-02   0.9522636E-01
     2035.00  0.8759962E-01   0.5914408E-02   0.9351403E-01
     2045.00  0.8633504E-01   0.5928851E-02   0.9226389E-01
     2055.00  0.8557197E-01   0.3423644E-02   0.8899561E-01
     2065.00  0.8461642E-01   0.3410631E-02   0.8802705E-01
     2074.00  0.8428004E-01   0.3399245E-02   0.8767929E-01
     2078.00  0.8324546E-01   0.3394283E-02   0.8663974E-01
     2085.00  0.8252803E-01   0.3385742E-02   0.8591377E-01
     2095.00  0.8104995E-01   0.3373851E-02   0.8442380E-01
     2105.00  0.8026538E-01   0.3362319E-02   0.8362770E-01
     2115.00  0.7923956E-01   0.3351138E-02   0.8259070E-01
     2125.00  0.7825125E-01   0.3340300E-02   0.8159155E-01
     2135.00  0.7706492E-01   0.3329797E-02   0.8039472E-01
     2145.00  0.7584967E-01   0.3319622E-02   0.7916929E-01
     2155.00  0.7493995E-01   0.3309767E-02   0.7824972E-01
     2165.00  0.7387443E-01   0.3300225E-02   0.7717465E-01
     2175.00  0.7279425E-01   0.3290989E-02   0.7608524E-01
     2185.00  0.7184486E-01   0.3282055E-02   0.7512691E-01
     2195.00  0.7091720E-01   0.3273411E-02   0.7419061E-01
     2205.00  0.6990272E-01   0.3265052E-02   0.7316777E-01
     2215.00  0.6891291E-01   0.3256970E-02   0.7216988E-01
     2225.00  0.6789687E-01   0.3249159E-02   0.7114603E-01
     2235.00  0.6698299E-01   0.3241611E-02   0.7022460E-01
     2245.00  0.6611698E-01   0.3234320E-02   0.6935130E-01
     2255.00  0.6517326E-01   0.3227280E-02   0.6840054E-01
     2265.00  0.6432714E-01   0.3220484E-02   0.6754762E-01
     2275.00  0.6344120E-01   0.3213926E-02   0.6665513E-01
     2285.00  0.6262920E-01   0.3207549E-02   0.6583675E-01
     2295.00  0.6157291E-01   0.3201345E-02   0.6477426E-01
     2305.00  0.6093334E-01   0.3195357E-02   0.6412870E-01
     2315.00  0.6008268E-01   0.3189578E-02   0.6327226E-01
     2325.00  0.5815172E-01   0.3184003E-02   0.6133572E-01
     2335.00  0.5842650E-01   0.3178627E-02   0.6160513E-01
     2345.00  0.5764916E-01   0.3173444E-02   0.6082260E-01
     2355.00  0.5695652E-01   0.3168448E-02   0.6012497E-01
     2365.00  0.5616686E-01   0.3163635E-02   0.5933049E-01
     2375.00  0.5543411E-01   0.3158999E-02   0.5859311E-01
     2385.00  0.5466842E-01   0.3154535E-02   0.5782296E-01
     2395.00  0.5398892E-01   0.3150239E-02   0.5713916E-01
     2405.00  0.5328352E-01   0.3146105E-02   0.5642962E-01
     2415.00  0.5258967E-01   0.3142130E-02   0.5573180E-01
     2425.00  0.5195072E-01   0.3138308E-02   0.5508903E-01
     2435.00  0.5125770E-01   0.3134634E-02   0.5439233E-01
     2445.00  0.5061806E-01   0.3131105E-02   0.5374917E-01
     2455.00  0.4998625E-01   0.3127716E-02   0.5311397E-01
     2465.00  0.4932271E-01   0.3124462E-02   0.5244717E-01
     2475.00  0.4869914E-01   0.3121339E-02   0.5182048E-01
     2485.00  0.4808799E-01   0.3118343E-02   0.5120633E-01
     2495.00  0.4716292E-01   0.3115471E-02   0.5027839E-01
     2505.00  0.4688457E-01   0.3112719E-02   0.4999729E-01
     2513.00  0.4628345E-01   0.3110600E-02   0.4939405E-01
     2518.00  0.4611767E-01   0.3109312E-02   0.4922698E-01
     2525.00  0.4569885E-01   0.3107556E-02   0.4880641E-01
     2535.00  0.4510810E-01   0.3105140E-02   0.4821324E-01
     2545.00  0.4451104E-01   0.3102834E-02   0.4761387E-01
     2555.00  0.4402579E-01   0.3100630E-02   0.4712642E-01
     2565.00  0.4347558E-01   0.3098525E-02   0.4657410E-01
     2575.00  0.4295372E-01   0.3096515E-02   0.4605024E-01
     2585.00  0.4242938E-01   0.3094597E-02   0.4552398E-01
     2595.00  0.4190674E-01   0.3092769E-02   0.4499951E-01
     2605.00  0.4138873E-01   0.3026433E-02   0.4441516E-01
     2615.00  0.4098582E-01   0.3024894E-02   0.4401071E-01
     2625.00  0.4050308E-01   0.3023438E-02   0.4352652E-01
     2635.00  0.4001530E-01   0.3022063E-02   0.4303736E-01
     2645.00  0.3960531E-01   0.3020766E-02   0.4262608E-01
     2655.00  0.3912380E-01   0.3019544E-02   0.4214334E-01
     2665.00  0.3861984E-01   0.3018395E-02   0.4163823E-01
     2675.00  0.3815112E-01   0.3017315E-02   0.4116843E-01
     2685.00  0.3776526E-01   0.3016302E-02   0.4078156E-01
     2695.00  0.3722822E-01   0.3015354E-02   0.4024357E-01
     2705.00  0.3686219E-01   0.3014468E-02   0.3987666E-01
     2715.00  0.3641506E-01   0.3013642E-02   0.3942870E-01
     2725.00  0.3590292E-01   0.3012873E-02   0.3891579E-01
     2735.00  0.3556272E-01   0.3012159E-02   0.3857488E-01
     2745.00  0.3510610E-01   0.3011498E-02   0.3811760E-01
     2755.00  0.3470518E-01   0.3010888E-02   0.3771607E-01
     2765.00  0.3424180E-01   0.3010326E-02   0.3725213E-01
     2775.00  0.3393094E-01   0.3009811E-02   0.3694075E-01
     2785.00  0.3353652E-01   0.3009340E-02   0.3654586E-01
     2795.00  0.3302695E-01   0.3008912E-02   0.3603586E-01
     2805.00  0.3271186E-01   0.3008524E-02   0.3572038E-01
     2815.00  0.3239967E-01   0.3008175E-02   0.3540784E-01
     2825.00  0.3194440E-01   0.3007863E-02   0.3495226E-01
     2835.00  0.3157930E-01   0.3007586E-02   0.3458689E-01
     2845.00  0.3128545E-01   0.3007342E-02   0.3429279E-01
     2855.00  0.3092947E-01   0.3007101E-02   0.3393657E-01
     2865.00  0.3058746E-01   0.3006858E-02   0.3359432E-01
     2875.00  0.3023639E-01   0.3006641E-02   0.3324303E-01
     2885.00  0.2990913E-01   0.3006448E-02   0.3291558E-01
     2895.00  0.2958014E-01   0.3006278E-02   0.3258642E-01
     2910.00  0.2909215E-01   0.3006063E-02   0.3209821E-01
     2930.00  0.2843763E-01   0.3005843E-02   0.3144347E-01
     2950.00  0.2773872E-01   0.3005689E-02   0.3074441E-01
     2970.00  0.2719189E-01   0.3005593E-02   0.3019748E-01
     2990.00  0.2659896E-01   0.3005543E-02   0.2960450E-01
     3010.00  0.2603098E-01   0.3005532E-02   0.2903651E-01
     3030.00  0.2547525E-01   0.3005550E-02   0.2848080E-01
     3050.00  0.2491790E-01   0.3005595E-02   0.2792350E-01
     3070.00  0.2439757E-01   0.3005662E-02   0.2740323E-01
     3090.00  0.2388229E-01   0.3005737E-02   0.2688803E-01
     3110.00  0.2338407E-01   0.3005816E-02   0.2638989E-01
     3130.00  0.2287583E-01   0.2991293E-02   0.2586712E-01
     3150.00  0.2241389E-01   0.2991390E-02   0.2540528E-01
     3170.00  0.2195932E-01   0.2991476E-02   0.2495080E-01
     3190.00  0.2145341E-01   0.2991543E-02   0.2444495E-01
     3210.00  0.2106292E-01   0.2991588E-02   0.2405451E-01
     3230.00  0.2063536E-01   0.2991605E-02   0.2362697E-01
     3250.00  0.2021297E-01   0.2991591E-02   0.2320456E-01
     3270.00  0.1981634E-01   0.2991489E-02   0.2280783E-01
     3290.00  0.1941617E-01   0.2991312E-02   0.2240748E-01
     3310.00  0.1904503E-01   0.2991086E-02   0.2203612E-01
     3330.00  0.1866447E-01   0.2990806E-02   0.2165528E-01
     3350.00  0.1827569E-01   0.2990471E-02   0.2126616E-01
     3370.00  0.1793215E-01   0.2990077E-02   0.2092223E-01
     3390.00  0.1758201E-01   0.2989623E-02   0.2057163E-01
     3410.00  0.1724398E-01   0.2989106E-02   0.2023309E-01
     3430.00  0.1684276E-01   0.2844259E-02   0.1968702E-01
     3450.00  0.1661720E-01   0.2843217E-02   0.1946042E-01
     3470.00  0.1634806E-01   0.2842121E-02   0.1919018E-01
     3490.00  0.1603984E-01   0.2840970E-02   0.1888081E-01
     3510.00  0.1575450E-01   0.2839755E-02   0.1859426E-01
     3530.00  0.1545539E-01   0.2838431E-02   0.1829382E-01
     3550.00  0.1516742E-01   0.2837040E-02   0.1800446E-01
     3570.00  0.1490309E-01   0.2835581E-02   0.1773867E-01
     3590.00  0.1460219E-01   0.2834053E-02   0.1743624E-01
     3610.00  0.1433839E-01   0.2832455E-02   0.1717085E-01
     3630.00  0.1407145E-01   0.2830787E-02   0.1690224E-01
     3640.00  0.1396840E-01   0.2829927E-02   0.1679833E-01
     3650.00  0.1571771E-01   0.8737155E-03   0.1659143E-01
     3670.00  0.1542603E-01   0.8687100E-03   0.1629474E-01
     3690.00  0.1501422E-01   0.8356332E-03   0.1584985E-01
     3710.00  0.1481280E-01   0.8307258E-03   0.1564353E-01
     3730.00  0.1453833E-01   0.8259110E-03   0.1536424E-01
     3750.00  0.1467643E-01   0.8211859E-03   0.1549762E-01
     3770.00  0.1448701E-01   0.8165477E-03   0.1530356E-01
     3790.00  0.1453679E-01   0.8119937E-03   0.1534878E-01
     3810.00  0.1460657E-01   0.8075213E-03   0.1541409E-01
     3830.00  0.1382376E-01   0.8031282E-03   0.1462689E-01
     3850.00  0.1433659E-01   0.7988117E-03   0.1513540E-01
     3870.00  0.1423220E-01   0.7945697E-03   0.1502677E-01
     3890.00  0.1302791E-01   0.7903998E-03   0.1381831E-01
     3910.00  0.1381504E-01   0.7863000E-03   0.1460134E-01
     3930.00  0.1358220E-01   0.7822681E-03   0.1436447E-01
     3950.00  0.1333437E-01   0.7783022E-03   0.1411267E-01
     3970.00  0.1210441E-01   0.7744018E-03   0.1287881E-01
     3990.00  0.1285836E-01   0.7705683E-03   0.1362893E-01
     4010.00  0.1272649E-01   0.7667946E-03   0.1349328E-01
     4030.00  0.1241026E-01   0.7630791E-03   0.1317334E-01
     4050.00  0.1233124E-01   0.7594199E-03   0.1309066E-01
     4070.00  0.1208708E-01   0.7558157E-03   0.1284290E-01
     4090.00  0.1158852E-01   0.7522646E-03   0.1234078E-01
     4110.00  0.1093423E-01   0.7487653E-03   0.1168300E-01
     4130.00  0.1143411E-01   0.7453162E-03   0.1217943E-01
     4150.00  0.1128283E-01   0.7419160E-03   0.1202475E-01
     4170.00  0.1112998E-01   0.7385633E-03   0.1186854E-01
     4190.00  0.1095950E-01   0.7352567E-03   0.1169476E-01
     4210.00  0.1077978E-01   0.7319950E-03   0.1151178E-01
     4230.00  0.1059769E-01   0.7287770E-03   0.1132647E-01
     4250.00  0.1041792E-01   0.7256014E-03   0.1114352E-01
     4270.00  0.1023895E-01   0.7224671E-03   0.1096142E-01
     4290.00  0.1007596E-01   0.7193730E-03   0.1079533E-01
     4310.00  0.9877646E-02   0.7163180E-03   0.1059396E-01
     4330.00  0.9414635E-02   0.7133011E-03   0.1012794E-01
     4350.00  0.9010901E-02   0.7103215E-03   0.9721223E-02
     4370.00  0.9404543E-02   0.7073784E-03   0.1011192E-01
     4390.00  0.9239016E-02   0.7044705E-03   0.9943486E-02
     4410.00  0.9148325E-02   0.7015967E-03   0.9849922E-02
     4430.00  0.8998174E-02   0.6987562E-03   0.9696930E-02
     4450.00  0.8866534E-02   0.6959482E-03   0.9562482E-02
     4470.00  0.8611475E-02   0.6931718E-03   0.9304647E-02
     4490.00  0.8581004E-02   0.6904262E-03   0.9271430E-02
     4510.00  0.8453157E-02   0.6877107E-03   0.9140868E-02
     4530.00  0.8316747E-02   0.6850245E-03   0.9001771E-02
     4550.00  0.8181948E-02   0.6823668E-03   0.8864315E-02
     4570.00  0.8062588E-02   0.6797371E-03   0.8742325E-02
     4590.00  0.7938415E-02   0.6771346E-03   0.8615550E-02
     4610.00  0.7819080E-02   0.6745586E-03   0.8493639E-02
     4630.00  0.7696846E-02   0.6720085E-03   0.8368854E-02
     4650.00  0.7571210E-02   0.6694837E-03   0.8240694E-02
     4670.00  0.7464534E-02   0.6669836E-03   0.8131518E-02
     4690.00  0.7351710E-02   0.6645076E-03   0.8016218E-02
     4710.00  0.7208628E-02   0.6620552E-03   0.7870683E-02
     4730.00  0.7132140E-02   0.6596259E-03   0.7791766E-02
     4750.00  0.7022814E-02   0.6572190E-03   0.7680033E-02
     4770.00  0.6922946E-02   0.6548341E-03   0.7577780E-02
     4790.00  0.6819112E-02   0.6524706E-03   0.7471583E-02
     4810.00  0.6713504E-02   0.6501271E-03   0.7363631E-02
     4830.00  0.6593640E-02   0.6478028E-03   0.7241443E-02
     4850.00  0.6323997E-02   0.6454986E-03   0.6969496E-02
     4870.00  0.6013174E-02   0.6432140E-03   0.6656388E-02
     4890.00  0.6297952E-02   0.6409486E-03   0.6938901E-02
     4910.00  0.6233008E-02   0.6387020E-03   0.6871710E-02
     4930.00  0.6105199E-02   0.6364737E-03   0.6741673E-02
     4950.00  0.6060590E-02   0.6342634E-03   0.6694853E-02
     4970.00  0.5977627E-02   0.6320708E-03   0.6609698E-02
     4990.00  0.5890692E-02   0.6298955E-03   0.6520587E-02
     5010.00  0.5779591E-02   0.6277371E-03   0.6407328E-02
     5030.00  0.5724662E-02   0.6255952E-03   0.6350257E-02
     5050.00  0.5631166E-02   0.6234697E-03   0.6254636E-02
     5070.00  0.5566657E-02   0.6213620E-03   0.6188019E-02
     5090.00  0.5488841E-02   0.6192795E-03   0.6108121E-02
     5110.00  0.5412288E-02   0.6172118E-03   0.6029500E-02
     5130.00  0.5335186E-02   0.6151586E-03   0.5950345E-02
     5150.00  0.5258908E-02   0.6131197E-03   0.5872028E-02
     5170.00  0.5186306E-02   0.6110948E-03   0.5797401E-02
     5190.00  0.5116228E-02   0.6090837E-03   0.5725312E-02
     5210.00  0.5046426E-02   0.6070860E-03   0.5653512E-02
     5230.00  0.4977387E-02   0.6051016E-03   0.5582489E-02
     5250.00  0.4910034E-02   0.6031302E-03   0.5513164E-02
     5270.00  0.4841904E-02   0.6011716E-03   0.5443076E-02
     5290.00  0.4779531E-02   0.5992255E-03   0.5378757E-02
     5310.00  0.4714532E-02   0.5972918E-03   0.5311824E-02
     5330.00  0.4649410E-02   0.5953703E-03   0.5244780E-02
     5350.00  0.4588710E-02   0.5934607E-03   0.5182171E-02
     5370.00  0.4528431E-02   0.5915625E-03   0.5119994E-02
     5390.00  0.4469024E-02   0.5896747E-03   0.5058699E-02
     5410.00  0.4409170E-02   0.5877982E-03   0.4996968E-02
     5430.00  0.4350754E-02   0.5859328E-03   0.4936687E-02
     5450.00  0.4293245E-02   0.5840784E-03   0.4877323E-02
     5470.00  0.4238458E-02   0.5822348E-03   0.4820693E-02
     5490.00  0.4183981E-02   0.5804018E-03   0.4764383E-02
     5510.00  0.4129429E-02   0.5785793E-03   0.4708008E-02
     5530.00  0.4075606E-02   0.5767671E-03   0.4652373E-02
     5550.00  0.4022899E-02   0.5749651E-03   0.4597864E-02
     5570.00  0.3971584E-02   0.5731731E-03   0.4544757E-02
     5590.00  0.3921298E-02   0.5713910E-03   0.4492689E-02
     5610.00  0.3871430E-02   0.5696187E-03   0.4441049E-02
     5630.00  0.3822374E-02   0.5678559E-03   0.4390230E-02
     5650.00  0.3772673E-02   0.5661027E-03   0.4338776E-02
     5670.00  0.3724825E-02   0.5643587E-03   0.4289184E-02
     5690.00  0.3679719E-02   0.5626241E-03   0.4242343E-02
     5710.00  0.3634377E-02   0.4886598E-03   0.4123037E-02
     5730.00  0.3589649E-02   0.4870689E-03   0.4076718E-02
     5750.00  0.3544186E-02   0.4854878E-03   0.4029674E-02
     5770.00  0.3501516E-02   0.4839162E-03   0.3985432E-02
     5790.00  0.3458626E-02   0.4823540E-03   0.3940980E-02
     5810.00  0.3416161E-02   0.4808012E-03   0.3896962E-02
     5830.00  0.3373858E-02   0.4792575E-03   0.3853116E-02
     5850.00  0.3331587E-02   0.4777229E-03   0.3809310E-02
     5870.00  0.3259023E-02   0.4761973E-03   0.3735220E-02
     5890.00  0.3249535E-02   0.4746804E-03   0.3724215E-02
     5910.00  0.3213012E-02   0.4731723E-03   0.3686184E-02
     5930.00  0.3173752E-02   0.4716727E-03   0.3645425E-02
     5950.00  0.3134843E-02   0.4701817E-03   0.3605025E-02
     5970.00  0.3098196E-02   0.4686990E-03   0.3566895E-02
     5990.00  0.3061340E-02   0.4672246E-03   0.3528565E-02
     6010.00  0.3024908E-02   0.4657583E-03   0.3490666E-02
     6030.00  0.2988780E-02   0.4643002E-03   0.3453080E-02
     6050.00  0.2952886E-02   0.4628500E-03   0.3415736E-02
     6070.00  0.2918799E-02   0.4614077E-03   0.3380207E-02
     6090.00  0.2884808E-02   0.4599732E-03   0.3344781E-02
     6110.00  0.2850833E-02   0.4585464E-03   0.3309379E-02
     6130.00  0.2816717E-02   0.4571272E-03   0.3273844E-02
     6150.00  0.2783164E-02   0.4557155E-03   0.3238880E-02
     6170.00  0.2751546E-02   0.4543113E-03   0.3205857E-02
     6190.00  0.2720522E-02   0.4529144E-03   0.3173436E-02
     6210.00  0.2689185E-02   0.4515248E-03   0.3140710E-02
     6230.00  0.2657894E-02   0.4501424E-03   0.3108036E-02
     6250.00  0.2626077E-02   0.4487671E-03   0.3074844E-02
     6270.00  0.2597781E-02   0.4473988E-03   0.3045180E-02
     6290.00  0.2568585E-02   0.4460375E-03   0.3014623E-02
     6310.00  0.2539008E-02   0.4446831E-03   0.2983691E-02
     6330.00  0.2510365E-02   0.4433355E-03   0.2953701E-02
     6350.00  0.2481190E-02   0.4419947E-03   0.2923185E-02
     6370.00  0.2453977E-02   0.4406605E-03   0.2894638E-02
     6390.00  0.2426976E-02   0.4393330E-03   0.2866309E-02
     6410.00  0.2399351E-02   0.4380120E-03   0.2837363E-02
     6430.00  0.2372565E-02   0.4366975E-03   0.2809263E-02
     6450.00  0.2345581E-02   0.4353894E-03   0.2780970E-02
     6470.00  0.2320046E-02   0.4340877E-03   0.2754134E-02
     6490.00  0.2293620E-02   0.4327923E-03   0.2726412E-02
     6510.00  0.2267815E-02   0.4315031E-03   0.2699318E-02
     6530.00  0.2237929E-02   0.4302153E-03   0.2668144E-02
     6550.00  0.2178296E-02   0.4289322E-03   0.2607228E-02
     6570.00  0.2063578E-02   0.4276550E-03   0.2491233E-02
     6590.00  0.2158480E-02   0.4263837E-03   0.2584864E-02
     6610.00  0.2145752E-02   0.4251182E-03   0.2570870E-02
     6630.00  0.2124628E-02   0.4238585E-03   0.2548486E-02
     6650.00  0.2102312E-02   0.4217229E-03   0.2524035E-02
     6670.00  0.2073622E-02   0.4204809E-03   0.2494103E-02
     6690.00  0.2051702E-02   0.4192446E-03   0.2470947E-02
     6710.00  0.2036132E-02   0.4180138E-03   0.2454146E-02
     6730.00  0.2014352E-02   0.4167885E-03   0.2431141E-02
     6750.00  0.1992962E-02   0.4155687E-03   0.2408531E-02
     6770.00  0.1972261E-02   0.4143543E-03   0.2386615E-02
     6790.00  0.1951455E-02   0.4131453E-03   0.2364600E-02
     6810.00  0.1931061E-02   0.4119416E-03   0.2343003E-02
     6830.00  0.1910617E-02   0.4107431E-03   0.2321360E-02
     6850.00  0.1890217E-02   0.4095500E-03   0.2299767E-02
     6870.00  0.1870901E-02   0.4083620E-03   0.2279263E-02
     6890.00  0.1851495E-02   0.4071792E-03   0.2258674E-02
     6910.00  0.1832366E-02   0.4060016E-03   0.2238368E-02
     6930.00  0.1813138E-02   0.4048291E-03   0.2217967E-02
     6950.00  0.1794157E-02   0.4036616E-03   0.2197819E-02
     6970.00  0.1776037E-02   0.4024991E-03   0.2178536E-02
     6990.00  0.1757875E-02   0.4013416E-03   0.2159217E-02
     7010.00  0.1739865E-02   0.4001891E-03   0.2140054E-02
     7030.00  0.1722046E-02   0.3990414E-03   0.2121087E-02
     7050.00  0.1704318E-02   0.3978986E-03   0.2102217E-02
     7070.00  0.1678572E-02   0.3967607E-03   0.2075333E-02
     7090.00  0.1670343E-02   0.3956275E-03   0.2065971E-02
     7110.00  0.1653298E-02   0.3944992E-03   0.2047797E-02
     7130.00  0.1636544E-02   0.3933756E-03   0.2029920E-02
     7150.00  0.1619892E-02   0.3922568E-03   0.2012149E-02
     7170.00  0.1603850E-02   0.3911426E-03   0.1994993E-02
     7190.00  0.1587906E-02   0.3900331E-03   0.1977939E-02
     7210.00  0.1572179E-02   0.3889282E-03   0.1961107E-02
     7230.00  0.1555597E-02   0.3878279E-03   0.1943425E-02
     7250.00  0.1540867E-02   0.3867322E-03   0.1927599E-02
     7270.00  0.1525881E-02   0.3856410E-03   0.1911522E-02
     7290.00  0.1506673E-02   0.3845543E-03   0.1891227E-02
     7310.00  0.1495905E-02   0.3834721E-03   0.1879377E-02
     7330.00  0.1481254E-02   0.3823944E-03   0.1863648E-02
     7350.00  0.1466609E-02   0.3813211E-03   0.1847930E-02
     7370.00  0.1452422E-02   0.3802522E-03   0.1832674E-02
     7390.00  0.1438164E-02   0.3791876E-03   0.1817352E-02
     7410.00  0.1424025E-02   0.3781274E-03   0.1802152E-02
     7430.00  0.1410486E-02   0.3770715E-03   0.1787558E-02
     7450.00  0.1396864E-02   0.3757188E-03   0.1772583E-02
     7470.00  0.1383553E-02   0.3746721E-03   0.1758225E-02
     7490.00  0.1370467E-02   0.3736296E-03   0.1744097E-02
     7510.00  0.1357108E-02   0.3725914E-03   0.1729699E-02
     7530.00  0.1344321E-02   0.3715573E-03   0.1715878E-02
     7550.00  0.1331341E-02   0.3705274E-03   0.1701868E-02
     7570.00  0.1318788E-02   0.3695016E-03   0.1688290E-02
     7590.00  0.1306428E-02   0.3684799E-03   0.1674908E-02
     7610.00  0.1294043E-02   0.3674629E-03   0.1661506E-02
     7630.00  0.1281797E-02   0.3664504E-03   0.1648247E-02
     7650.00  0.1269488E-02   0.3654420E-03   0.1634930E-02
     7670.00  0.1257626E-02   0.3644377E-03   0.1622064E-02
     7690.00  0.1246064E-02   0.3634374E-03   0.1609501E-02
     7710.00  0.1234172E-02   0.3624410E-03   0.1596613E-02
     7730.00  0.1222894E-02   0.3614486E-03   0.1584343E-02
     7750.00  0.1211243E-02   0.3604602E-03   0.1571703E-02
     7770.00  0.1199547E-02   0.3594757E-03   0.1559023E-02
     7790.00  0.1189153E-02   0.3584951E-03   0.1547648E-02
     7810.00  0.1177974E-02   0.3575183E-03   0.1535492E-02
     7830.00  0.1167311E-02   0.3565455E-03   0.1523856E-02
     7850.00  0.1156602E-02   0.3555764E-03   0.1512178E-02
     7870.00  0.1145307E-02   0.3505622E-03   0.1495869E-02
     7890.00  0.1134809E-02   0.3496171E-03   0.1484426E-02
     7910.00  0.1124891E-02   0.3486758E-03   0.1473567E-02
     7930.00  0.1114433E-02   0.3477381E-03   0.1462171E-02
     7950.00  0.1104418E-02   0.3468041E-03   0.1451222E-02
     7970.00  0.1094524E-02   0.3458736E-03   0.1440398E-02
     7990.00  0.1085147E-02   0.3449468E-03   0.1430094E-02
     8010.00  0.1074896E-02   0.3440236E-03   0.1418920E-02
     8030.00  0.1065512E-02   0.3431040E-03   0.1408616E-02
     8050.00  0.1055943E-02   0.3421879E-03   0.1398131E-02
     8070.00  0.1046935E-02   0.3412753E-03   0.1388210E-02
     8090.00  0.1036944E-02   0.3403663E-03   0.1377310E-02
     8110.00  0.1027943E-02   0.3394607E-03   0.1367404E-02
     8130.00  0.1019328E-02   0.3385587E-03   0.1357887E-02
     8150.00  0.1009547E-02   0.3376600E-03   0.1347207E-02
     8170.00  0.1001300E-02   0.3367648E-03   0.1338065E-02
     8190.00  0.9920407E-03   0.3358731E-03   0.1327914E-02
     8210.00  0.9998833E-03   0.3099253E-03   0.1309809E-02
     8230.00  0.9919644E-03   0.2117198E-03   0.1203684E-02
     8250.00  0.9834727E-03   0.2111309E-03   0.1194604E-02
     8270.00  0.9735968E-03   0.2105448E-03   0.1184142E-02
     8290.00  0.9660502E-03   0.2089832E-03   0.1175033E-02
     8310.00  0.9573372E-03   0.2084067E-03   0.1165744E-02
     8330.00  0.9481396E-03   0.2078330E-03   0.1155973E-02
     8350.00  0.9395458E-03   0.2072619E-03   0.1146808E-02
     8370.00  0.9298964E-03   0.2066933E-03   0.1136590E-02
     8390.00  0.9227359E-03   0.2061274E-03   0.1128863E-02
     8410.00  0.9145725E-03   0.2055640E-03   0.1120136E-02
     8430.00  0.9067066E-03   0.2050031E-03   0.1111710E-02
     8450.00  0.8981148E-03   0.2044448E-03   0.1102560E-02
     8470.00  0.8870324E-03   0.2038890E-03   0.1090921E-02
     8490.00  0.8866650E-03   0.2033357E-03   0.1090001E-02
     8510.00  0.8695693E-03   0.2027849E-03   0.1072354E-02
     8530.00  0.8745601E-03   0.2022365E-03   0.1076797E-02
     8550.00  0.8470160E-03   0.2016906E-03   0.1048707E-02
     8570.00  0.8661421E-03   0.2011471E-03   0.1067289E-02
     8590.00  0.8422591E-03   0.2006059E-03   0.1042865E-02
     8610.00  0.8341320E-03   0.2000672E-03   0.1034199E-02
     8630.00  0.8487237E-03   0.1995309E-03   0.1048255E-02
     8650.00  0.8322172E-03   0.1989969E-03   0.1031214E-02
     8670.00  0.7973938E-03   0.1984652E-03   0.9958590E-03
     8690.00  0.8256841E-03   0.1979359E-03   0.1023620E-02
     8710.00  0.8249654E-03   0.1974088E-03   0.1022374E-02
     8730.00  0.8098141E-03   0.1968841E-03   0.1006698E-02
     8750.00  0.7701109E-03   0.1963617E-03   0.9664726E-03
     8770.00  0.7911652E-03   0.1958415E-03   0.9870067E-03
     8790.00  0.7986432E-03   0.1953235E-03   0.9939667E-03
     8810.00  0.7930746E-03   0.1948078E-03   0.9878824E-03
     8830.00  0.7846015E-03   0.1942943E-03   0.9788958E-03
     8850.00  0.7606386E-03   0.1937830E-03   0.9544216E-03
     8870.00  0.7320846E-03   0.1932738E-03   0.9253584E-03
     8890.00  0.7616799E-03   0.1927669E-03   0.9544468E-03
     8910.00  0.7612679E-03   0.1922621E-03   0.9535300E-03
     8930.00  0.7561610E-03   0.1917594E-03   0.9479204E-03
     8950.00  0.7506901E-03   0.1912589E-03   0.9419490E-03
     8970.00  0.7436609E-03   0.1907605E-03   0.9344214E-03
     8990.00  0.7311099E-03   0.1902642E-03   0.9213741E-03
     9010.00  0.6930511E-03   0.1897700E-03   0.8828211E-03
     9030.00  0.7036591E-03   0.1892779E-03   0.8929370E-03
     9050.00  0.7171261E-03   0.1887878E-03   0.9059139E-03
     9070.00  0.7123883E-03   0.1882998E-03   0.9006881E-03
     9090.00  0.7085582E-03   0.1878138E-03   0.8963720E-03
     9110.00  0.7045214E-03   0.1873298E-03   0.8918512E-03
     9130.00  0.6993301E-03   0.1868479E-03   0.8861780E-03
     9150.00  0.6935206E-03   0.1863680E-03   0.8798886E-03
     9170.00  0.6867649E-03   0.1858901E-03   0.8726550E-03
     9190.00  0.6800034E-03   0.1854142E-03   0.8654176E-03
     9210.00  0.6642490E-03   0.1849402E-03   0.8491892E-03
     9230.00  0.6282160E-03   0.1844682E-03   0.8126842E-03
     9250.00  0.6531339E-03   0.1839981E-03   0.8371320E-03
     9270.00  0.6581401E-03   0.1835299E-03   0.8416700E-03
     9290.00  0.6555069E-03   0.1830637E-03   0.8385706E-03
     9310.00  0.6502641E-03   0.1825993E-03   0.8328634E-03
     9330.00  0.6462831E-03   0.1821368E-03   0.8284199E-03
     9350.00  0.6411307E-03   0.1816762E-03   0.8228069E-03
     9370.00  0.6364418E-03   0.1812175E-03   0.8176593E-03
     9390.00  0.6315271E-03   0.1807606E-03   0.8122877E-03
     9410.00  0.6261187E-03   0.1803056E-03   0.8064243E-03
     9430.00  0.6216808E-03   0.1798524E-03   0.8015332E-03
     9450.00  0.6167153E-03   0.1794010E-03   0.7961163E-03
     9470.00  0.6106034E-03   0.1789514E-03   0.7895548E-03
     9490.00  0.6063258E-03   0.1785036E-03   0.7848294E-03
     9510.00  0.5980965E-03   0.1780576E-03   0.7761541E-03
     9530.00  0.5840292E-03   0.1776134E-03   0.7616426E-03
     9550.00  0.5549389E-03   0.1771710E-03   0.7321099E-03
     9570.00  0.5796311E-03   0.1767303E-03   0.7563614E-03
     9590.00  0.5820700E-03   0.1762913E-03   0.7583613E-03
     9610.00  0.5787039E-03   0.1758541E-03   0.7545580E-03
     9630.00  0.5743359E-03   0.1754186E-03   0.7497545E-03
     9650.00  0.5713141E-03   0.1749848E-03   0.7462989E-03
     9670.00  0.5669284E-03   0.1745528E-03   0.7414812E-03
     9690.00  0.5627981E-03   0.1741224E-03   0.7369205E-03
     9710.00  0.5582336E-03   0.1736937E-03   0.7319273E-03
     9730.00  0.5546076E-03   0.1732667E-03   0.7278743E-03
     9750.00  0.5503814E-03   0.1728414E-03   0.7232228E-03
     9770.00  0.5463549E-03   0.1724177E-03   0.7187726E-03
     9790.00  0.5422946E-03   0.1719956E-03   0.7142902E-03
     9810.00  0.5382649E-03   0.1715752E-03   0.7098401E-03
     9830.00  0.5342536E-03   0.1711565E-03   0.7054101E-03
     9850.00  0.5302296E-03   0.1707393E-03   0.7009689E-03
     9870.00  0.5263328E-03   0.1703238E-03   0.6966566E-03
     9890.00  0.5223968E-03   0.1699098E-03   0.6923066E-03
     9910.00  0.5184896E-03   0.1694975E-03   0.6879871E-03
     9930.00  0.5146930E-03   0.1690867E-03   0.6837797E-03
     9950.00  0.5108290E-03   0.1686776E-03   0.6795066E-03
     9970.00  0.5069556E-03   0.1682700E-03   0.6752256E-03
     9990.00  0.5027273E-03   0.1678639E-03   0.6705912E-03
    10025.00  0.4876572E-03   0.1671570E-03   0.6548142E-03
    10075.00  0.4755211E-03   0.1661553E-03   0.6416764E-03
    10125.00  0.4783635E-03   0.1651631E-03   0.6435266E-03
    10175.00  0.4709756E-03   0.1641834E-03   0.6351590E-03
    10225.00  0.4627366E-03   0.1632133E-03   0.6259499E-03
    10275.00  0.4546705E-03   0.1622522E-03   0.6169227E-03
    10325.00  0.4459060E-03   0.1612999E-03   0.6072059E-03
    10375.00  0.4385085E-03   0.1603563E-03   0.5988648E-03
    10425.00  0.4309596E-03   0.1594213E-03   0.5903809E-03
    10475.00  0.4233517E-03   0.1584948E-03   0.5818465E-03
    10525.00  0.4161007E-03   0.1575766E-03   0.5736773E-03
    10575.00  0.4089656E-03   0.1566668E-03   0.5656324E-03
    10625.00  0.4018280E-03   0.1557651E-03   0.5575931E-03
    10675.00  0.3946629E-03   0.1548714E-03   0.5495343E-03
    10725.00  0.3884456E-03   0.1539858E-03   0.5424314E-03
    10775.00  0.3819091E-03   0.1531080E-03   0.5350171E-03
    10825.00  0.3738332E-03   0.1522380E-03   0.5260712E-03
    10875.00  0.3681543E-03   0.1513757E-03   0.5195300E-03
    10925.00  0.3501412E-03   0.1505209E-03   0.5006621E-03
    10975.00  0.3530421E-03   0.1496737E-03   0.5027158E-03
    11025.00  0.3503272E-03   0.1488339E-03   0.4991611E-03
    11075.00  0.3453115E-03   0.1480013E-03   0.4933128E-03
    11125.00  0.3395828E-03   0.1471761E-03   0.4867589E-03
    11175.00  0.3341776E-03   0.1394186E-03   0.4735962E-03
    11225.00  0.3287756E-03   0.1386458E-03   0.4674214E-03
    11275.00  0.3234490E-03   0.1378798E-03   0.4613288E-03
    11325.00  0.3181845E-03   0.1371204E-03   0.4553049E-03
    11375.00  0.3130293E-03   0.1363676E-03   0.4493969E-03
    11425.00  0.3080902E-03   0.1356212E-03   0.4437114E-03
    11475.00  0.3033301E-03   0.1348812E-03   0.4382113E-03
    11525.00  0.2985513E-03   0.1341476E-03   0.4326989E-03
    11575.00  0.2937780E-03   0.1334202E-03   0.4271982E-03
    11625.00  0.2889497E-03   0.1326990E-03   0.4216487E-03
    11675.00  0.2845335E-03   0.1319839E-03   0.4165174E-03
    11725.00  0.2802741E-03   0.1312748E-03   0.4115489E-03
    11775.00  0.2757551E-03   0.1305718E-03   0.4063269E-03
    11825.00  0.2715039E-03   0.1298746E-03   0.4013785E-03
    11875.00  0.2672058E-03   0.1291833E-03   0.3963891E-03
    11925.00  0.2633716E-03   0.1284977E-03   0.3918693E-03
    11975.00  0.2587192E-03   0.1278178E-03   0.3865370E-03
    12025.00  0.2554526E-03   0.1271436E-03   0.3825962E-03
    12075.00  0.2515038E-03   0.1264750E-03   0.3779788E-03
    12125.00  0.2476895E-03   0.1258118E-03   0.3735013E-03
    12175.00  0.2440041E-03   0.1251541E-03   0.3691582E-03
    12225.00  0.2403699E-03   0.1245018E-03   0.3648717E-03
    12275.00  0.2368152E-03   0.1238549E-03   0.3606701E-03
    12325.00  0.2333085E-03   0.1232132E-03   0.3565217E-03
    12375.00  0.2298236E-03   0.1225767E-03   0.3524003E-03
    12425.00  0.2265349E-03   0.1219453E-03   0.3484802E-03
    12475.00  0.2232508E-03   0.1213191E-03   0.3445699E-03
    12525.00  0.2198450E-03   0.1206486E-03   0.3404936E-03
    12575.00  0.2167346E-03   0.1200329E-03   0.3367675E-03
    12625.00  0.2135224E-03   0.1194222E-03   0.3329446E-03
    12675.00  0.2105026E-03   0.1188163E-03   0.3293189E-03
    12725.00  0.2073827E-03   0.1182152E-03   0.3255979E-03
    12775.00  0.2029585E-03   0.1176190E-03   0.3205775E-03
    12825.00  0.1943437E-03   0.1170274E-03   0.3113711E-03
    12875.00  0.1979200E-03   0.1164405E-03   0.3143605E-03
    12925.00  0.1958638E-03   0.1158582E-03   0.3117220E-03
    12975.00  0.1929211E-03   0.1152805E-03   0.3082016E-03
    13025.00  0.1905391E-03   0.1147074E-03   0.3052465E-03
    13075.00  0.1878570E-03   0.1141382E-03   0.3019952E-03
    13125.00  0.1851821E-03   0.1135734E-03   0.2987555E-03
    13175.00  0.1826402E-03   0.1130129E-03   0.2956531E-03
    13225.00  0.1801512E-03   0.1124568E-03   0.2926080E-03
    13275.00  0.1776388E-03   0.1119050E-03   0.2895438E-03
    13325.00  0.1751995E-03   0.1113573E-03   0.2865568E-03
    13375.00  0.1727972E-03   0.1108139E-03   0.2836111E-03
    13425.00  0.1704621E-03   0.1102746E-03   0.2807367E-03
    13475.00  0.1682221E-03   0.1097394E-03   0.2779615E-03
    13525.00  0.1659402E-03   0.1092082E-03   0.2751484E-03
    13575.00  0.1636735E-03   0.1086811E-03   0.2723546E-03
    13625.00  0.1614466E-03   0.1081369E-03   0.2695835E-03
    13675.00  0.1593390E-03   0.1076178E-03   0.2669568E-03
    13725.00  0.1571857E-03   0.1071026E-03   0.2642883E-03
    13775.00  0.1551382E-03   0.1065913E-03   0.2617295E-03
    13825.00  0.1530675E-03   0.1060838E-03   0.2591513E-03
    13875.00  0.1510204E-03   0.1055801E-03   0.2566005E-03
    13925.00  0.1490715E-03   0.1050801E-03   0.2541516E-03
    13975.00  0.1471552E-03   0.1045838E-03   0.2517390E-03
    14025.00  0.1452248E-03   0.1040912E-03   0.2493160E-03
    14075.00  0.1433333E-03   0.1036023E-03   0.2469356E-03
    14125.00  0.1414288E-03   0.1028017E-03   0.2442305E-03
    14175.00  0.1396545E-03   0.1023223E-03   0.2419768E-03
    14225.00  0.1378745E-03   0.1018463E-03   0.2397208E-03
    14275.00  0.1361130E-03   0.1013739E-03   0.2374869E-03
    14325.00  0.1343816E-03   0.1009049E-03   0.2352865E-03
    14375.00  0.1326561E-03   0.1004393E-03   0.2330954E-03
    14425.00  0.1308212E-03   0.9997700E-04   0.2307982E-03
    14475.00  0.1292968E-03   0.9951808E-04   0.2288149E-03
    14525.00  0.1275983E-03   0.9906246E-04   0.2266608E-03
    14570.00  0.1262054E-03   0.9865521E-04   0.2248606E-03
    14620.00  0.1253647E-03   0.8135242E-04   0.2067171E-03
    14675.00  0.1236680E-03   0.8095256E-04   0.2046206E-03
    14725.00  0.1221119E-03   0.8050624E-04   0.2026181E-03
    14775.00  0.1205564E-03   0.8014871E-04   0.2007051E-03
    14825.00  0.1190338E-03   0.7979375E-04   0.1988276E-03
    14875.00  0.1174339E-03   0.7944136E-04   0.1968753E-03
    14925.00  0.1160629E-03   0.7909149E-04   0.1951544E-03
    14975.00  0.1147012E-03   0.7874413E-04   0.1934453E-03
    15025.00  0.1130471E-03   0.7839925E-04   0.1914463E-03
    15075.00  0.1117329E-03   0.7805682E-04   0.1897897E-03
    15125.00  0.1104172E-03   0.7771683E-04   0.1881340E-03
    15175.00  0.1091248E-03   0.7737924E-04   0.1865040E-03
    15225.00  0.1081016E-03   0.7704413E-04   0.1851457E-03
    15275.00  0.1063460E-03   0.7671148E-04   0.1830575E-03
    15325.00  0.1051118E-03   0.7638115E-04   0.1814929E-03
    15375.00  0.1042913E-03   0.7605313E-04   0.1803444E-03
    15425.00  0.1024240E-03   0.7572739E-04   0.1781514E-03
    15475.00  0.1019222E-03   0.7540391E-04   0.1773261E-03
    15525.00  0.1007465E-03   0.7508268E-04   0.1758292E-03
    15575.00  0.9858571E-04   0.7476367E-04   0.1733494E-03
    15625.00  0.9876391E-04   0.7444685E-04   0.1732108E-03
    15675.00  0.9696441E-04   0.7413221E-04   0.1710966E-03
    15725.00  0.9515692E-04   0.7381973E-04   0.1689766E-03
    15775.00  0.9542073E-04   0.7350939E-04   0.1689301E-03
    15825.00  0.9424254E-04   0.7320116E-04   0.1674437E-03
    15875.00  0.9122970E-04   0.7289503E-04   0.1641247E-03
    15925.00  0.9177434E-04   0.7259098E-04   0.1643653E-03
    15975.00  0.9127700E-04   0.7228898E-04   0.1635660E-03
    16050.00  0.8933777E-04   0.7183981E-04   0.1611776E-03
    16150.00  0.8641743E-04   0.7124795E-04   0.1576654E-03
    16250.00  0.8571249E-04   0.7066398E-04   0.1563765E-03
    16350.00  0.8332354E-04   0.7008776E-04   0.1534113E-03
    16450.00  0.8058654E-04   0.6951916E-04   0.1501057E-03
    16550.00  0.8000428E-04   0.6895804E-04   0.1489623E-03
    16650.00  0.7820356E-04   0.6840426E-04   0.1466078E-03
    16750.00  0.7596716E-04   0.6785770E-04   0.1438249E-03
    16850.00  0.7346126E-04   0.6731821E-04   0.1407795E-03
    16950.00  0.7305056E-04   0.6678569E-04   0.1398363E-03
    17050.00  0.7135659E-04   0.6626001E-04   0.1376166E-03
    17150.00  0.6990762E-04   0.6574104E-04   0.1356487E-03
    17250.00  0.6828716E-04   0.6522867E-04   0.1335158E-03
    17350.00  0.6537660E-04   0.6472279E-04   0.1300994E-03
    17450.00  0.6519957E-04   0.6422329E-04   0.1294229E-03
    17550.00  0.6400753E-04   0.6373005E-04   0.1277376E-03
    17650.00  0.6263673E-04   0.6324297E-04   0.1258797E-03
    17750.00  0.6128688E-04   0.6276194E-04   0.1240488E-03
    17850.00  0.5998788E-04   0.6228687E-04   0.1222747E-03
    17950.00  0.5873911E-04   0.6181764E-04   0.1205568E-03
    18050.00  0.5745949E-04   0.6135417E-04   0.1188137E-03
    18150.00  0.5510448E-04   0.6089636E-04   0.1160008E-03
    18250.00  0.5485248E-04   0.6044417E-04   0.1152967E-03
    18350.00  0.5397798E-04   0.5999792E-04   0.1139759E-03
    18450.00  0.5287496E-04   0.5955701E-04   0.1124320E-03
    18550.00  0.5177278E-04   0.5791998E-04   0.1096928E-03
    18650.00  0.5057475E-04   0.5749957E-04   0.1080743E-03
    18750.00  0.4856496E-04   0.5708412E-04   0.1056491E-03
    18850.00  0.4863437E-04   0.5667357E-04   0.1053079E-03
    18950.00  0.4770098E-04   0.5626783E-04   0.1039688E-03
    19050.00  0.4672624E-04   0.5586682E-04   0.1025931E-03
    19150.00  0.4585626E-04   0.5547048E-04   0.1013267E-03
    19250.00  0.4494466E-04   0.5507872E-04   0.1000234E-03
    19350.00  0.4397481E-04   0.5469149E-04   0.9866630E-04
    19450.00  0.4217853E-04   0.5430870E-04   0.9648723E-04
    19550.00  0.4226952E-04   0.5393028E-04   0.9619980E-04
    19650.00  0.4153823E-04   0.5355617E-04   0.9509440E-04
    19750.00  0.4073157E-04   0.5318631E-04   0.9391788E-04
    19850.00  0.3995097E-04   0.5282062E-04   0.9277159E-04
    19950.00  0.3918623E-04   0.5245904E-04   0.9164527E-04
    20050.00  0.3844910E-04   0.5210152E-04   0.9055062E-04
    20150.00  0.3772353E-04   0.5174798E-04   0.8947151E-04
    20250.00  0.3700625E-04   0.5139273E-04   0.8839898E-04
    20350.00  0.3632527E-04   0.5104703E-04   0.8737230E-04
    20450.00  0.3565893E-04   0.5070514E-04   0.8636407E-04
    20550.00  0.3497934E-04   0.5036701E-04   0.8534635E-04
    20650.00  0.3434481E-04   0.5003258E-04   0.8437739E-04
    20750.00  0.3369893E-04   0.4970179E-04   0.8340072E-04
    20850.00  0.3310078E-04   0.4937459E-04   0.8247537E-04
    20950.00  0.3250004E-04   0.4905092E-04   0.8155096E-04
    21050.00  0.3191642E-04   0.4873074E-04   0.8064716E-04
    21150.00  0.3129689E-04   0.4841400E-04   0.7971089E-04
    21250.00  0.3075726E-04   0.4810064E-04   0.7885790E-04
    21350.00  0.3021219E-04   0.4779061E-04   0.7800280E-04
    21450.00  0.2967916E-04   0.4748387E-04   0.7716303E-04
    21550.00  0.2911447E-04   0.4717769E-04   0.7629216E-04
    21650.00  0.2798650E-04   0.4687742E-04   0.7486392E-04
    21750.00  0.2805055E-04   0.4658030E-04   0.7463085E-04
    21850.00  0.2763768E-04   0.4628628E-04   0.7392396E-04
    21950.00  0.2717401E-04   0.4599532E-04   0.7316933E-04
    22050.00  0.2670447E-04   0.4570738E-04   0.7241185E-04
    22150.00  0.2623775E-04   0.4542240E-04   0.7166015E-04
    22250.00  0.2578050E-04   0.4509667E-04   0.7087717E-04
    22350.00  0.2534701E-04   0.4481798E-04   0.7016499E-04
    22450.00  0.2491951E-04   0.4454212E-04   0.6946163E-04
    22550.00  0.2449102E-04   0.4426907E-04   0.6876009E-04
    22650.00  0.2407601E-04   0.4399879E-04   0.6807480E-04
    22750.00  0.2367212E-04   0.4373123E-04   0.6740335E-04
    22850.00  0.2332739E-04   0.3985132E-04   0.6317871E-04
    22950.00  0.2294070E-04   0.3960222E-04   0.6254292E-04
    23050.00  0.2256355E-04   0.3936853E-04   0.6193208E-04
    23150.00  0.2218688E-04   0.3913715E-04   0.6132403E-04
    23250.00  0.2181421E-04   0.3890805E-04   0.6072226E-04
    23350.00  0.2145990E-04   0.3868121E-04   0.6014111E-04
    23450.00  0.2110804E-04   0.3845658E-04   0.5956462E-04
    23550.00  0.2076883E-04   0.3823415E-04   0.5900298E-04
    23650.00  0.2042230E-04   0.3801388E-04   0.5843618E-04
    23750.00  0.2009448E-04   0.3779575E-04   0.5789023E-04
    23850.00  0.1977450E-04   0.3757972E-04   0.5735422E-04
    23950.00  0.1945963E-04   0.3736576E-04   0.5682539E-04
    24050.00  0.1914309E-04   0.3715386E-04   0.5629695E-04
    24150.00  0.1882758E-04   0.3694397E-04   0.5577155E-04
    24250.00  0.1856582E-04   0.3673609E-04   0.5530191E-04
    24350.00  0.1823913E-04   0.3653017E-04   0.5476930E-04
    24450.00  0.1795159E-04   0.3632619E-04   0.5427778E-04
    24550.00  0.1771400E-04   0.3612414E-04   0.5383814E-04
    24650.00  0.1740724E-04   0.3592398E-04   0.5333122E-04
    24750.00  0.1712767E-04   0.3572569E-04   0.5285336E-04
    24850.00  0.1691871E-04   0.3552924E-04   0.5244795E-04
    24950.00  0.1655971E-04   0.3533462E-04   0.5189433E-04
    25050.00  0.1644333E-04   0.3514179E-04   0.5158512E-04
    25150.00  0.1617057E-04   0.3495075E-04   0.5112132E-04
    25250.00  0.1578982E-04   0.3476145E-04   0.5055127E-04
    25350.00  0.1566982E-04   0.3457389E-04   0.5024371E-04
    25450.00  0.1546024E-04   0.3438803E-04   0.4984827E-04
    25550.00  0.1520157E-04   0.3420386E-04   0.4940543E-04
    25650.00  0.1483912E-04   0.3402136E-04   0.4886048E-04
    25750.00  0.1475472E-04   0.3384051E-04   0.4859523E-04
    25850.00  0.1455703E-04   0.3366128E-04   0.4821831E-04
    25950.00  0.1434049E-04   0.3348366E-04   0.4782415E-04
    26050.00  0.1408562E-04   0.3330762E-04   0.4739324E-04
    26150.00  0.1373621E-04   0.3313315E-04   0.4686936E-04
    26250.00  0.1339586E-04   0.3296022E-04   0.4635608E-04
    26350.00  0.1348272E-04   0.3278883E-04   0.4627155E-04
    26450.00  0.1332548E-04   0.3261894E-04   0.4594442E-04
    26550.00  0.1312927E-04   0.3245054E-04   0.4557981E-04
    26650.00  0.1291384E-04   0.3228362E-04   0.4519746E-04
    26750.00  0.1257280E-04   0.3211815E-04   0.4469095E-04
    26850.00  0.1254849E-04   0.3195412E-04   0.4450261E-04
    26950.00  0.1240134E-04   0.3179152E-04   0.4419286E-04
    27050.00  0.1222851E-04   0.3163031E-04   0.4385882E-04
    27150.00  0.1205417E-04   0.3147049E-04   0.4352466E-04
    27250.00  0.1188228E-04   0.3131205E-04   0.4319433E-04
    27350.00  0.1171606E-04   0.3115495E-04   0.4287101E-04
    27450.00  0.1153946E-04   0.3099920E-04   0.4253866E-04
    27550.00  0.1122587E-04   0.3084477E-04   0.4207064E-04
    27650.00  0.1117163E-04   0.3039490E-04   0.4156653E-04
    27750.00  0.1106917E-04   0.3024486E-04   0.4131403E-04
    27850.00  0.1092539E-04   0.3009608E-04   0.4102147E-04
    27950.00  0.1077835E-04   0.2994855E-04   0.4072690E-04
    28050.00  0.1063045E-04   0.2980225E-04   0.4043270E-04
    28150.00  0.1048414E-04   0.2965716E-04   0.4014130E-04
    28250.00  0.1033822E-04   0.2951328E-04   0.3985150E-04
    28350.00  0.1020073E-04   0.2937059E-04   0.3957132E-04
    28450.00  0.1006284E-04   0.2922908E-04   0.3929192E-04
    28550.00  0.9921438E-05   0.2908873E-04   0.3901016E-04
    28650.00  0.9750636E-05   0.2894952E-04   0.3870016E-04
    28750.00  0.9488668E-05   0.2881146E-04   0.3830013E-04
    28850.00  0.9516948E-05   0.2867452E-04   0.3819147E-04
    28950.00  0.9406322E-05   0.2853869E-04   0.3794501E-04
    29050.00  0.9283634E-05   0.2840396E-04   0.3768759E-04
    29150.00  0.9160240E-05   0.2827032E-04   0.3743056E-04
    29250.00  0.9037312E-05   0.2813775E-04   0.3717506E-04
    29350.00  0.8921929E-05   0.2800624E-04   0.3692817E-04
    29450.00  0.8805676E-05   0.2787578E-04   0.3668146E-04
    29550.00  0.8691318E-05   0.2774637E-04   0.3643768E-04
    29650.00  0.8576716E-05   0.2761798E-04   0.3619469E-04
    29750.00  0.8464111E-05   0.2748954E-04   0.3595365E-04
    29850.00  0.8356302E-05   0.2736317E-04   0.3571947E-04
    29950.00  0.8250396E-05   0.2723780E-04   0.3548819E-04
    30050.00  0.8143935E-05   0.2711341E-04   0.3525734E-04
    30150.00  0.8037320E-05   0.2698999E-04   0.3502731E-04
    30250.00  0.7925294E-05   0.2686754E-04   0.3479283E-04
    30350.00  0.7714427E-05   0.2674603E-04   0.3446046E-04
    30450.00  0.7671315E-05   0.2662547E-04   0.3429679E-04
    30550.00  0.7632095E-05   0.2650584E-04   0.3413794E-04
    30650.00  0.7541755E-05   0.2638713E-04   0.3392889E-04
    30750.00  0.7446739E-05   0.2626934E-04   0.3371608E-04
    30850.00  0.7355436E-05   0.2615245E-04   0.3350788E-04
    30950.00  0.7264050E-05   0.2603644E-04   0.3330049E-04
    31050.00  0.7173402E-05   0.2592133E-04   0.3309473E-04
    31150.00  0.7082772E-05   0.2580708E-04   0.3288986E-04
    31250.00  0.6995073E-05   0.2569370E-04   0.3268878E-04
    31350.00  0.6910238E-05   0.2558066E-04   0.3249090E-04
    31450.00  0.6825646E-05   0.2546899E-04   0.3229464E-04
    31550.00  0.6741642E-05   0.2535816E-04   0.3209980E-04
    31650.00  0.6659316E-05   0.2524816E-04   0.3190748E-04
    31750.00  0.6576886E-05   0.2513898E-04   0.3171586E-04
    31850.00  0.6498312E-05   0.2503061E-04   0.3152892E-04
    31950.00  0.6420927E-05   0.2492304E-04   0.3134397E-04
    32100.00  0.6306057E-05   0.2475432E-04   0.3106038E-04
    32300.00  0.6154241E-05   0.2454404E-04   0.3069828E-04
    32500.00  0.6008646E-05   0.2433683E-04   0.3034548E-04
    32700.00  0.5868278E-05   0.2413262E-04   0.3000090E-04
    32900.00  0.5660859E-05   0.2291008E-04   0.2857094E-04
    33100.00  0.5579466E-05   0.2271967E-04   0.2829914E-04
    33300.00  0.5461418E-05   0.2253469E-04   0.2799611E-04
    33500.00  0.5336759E-05   0.2235233E-04   0.2768908E-04
    33700.00  0.5217226E-05   0.2217252E-04   0.2738974E-04
    33900.00  0.5099754E-05   0.2199521E-04   0.2709497E-04
    34100.00  0.4983298E-05   0.2182037E-04   0.2680367E-04
    34300.00  0.4869792E-05   0.2164794E-04   0.2651774E-04
    34500.00  0.4756536E-05   0.2147788E-04   0.2623442E-04
    34700.00  0.4652087E-05   0.2131014E-04   0.2596223E-04
    34900.00  0.4547828E-05   0.2114468E-04   0.2569251E-04
    35100.00  0.4447462E-05   0.2098145E-04   0.2542892E-04
    35300.00  0.4349437E-05   0.2082042E-04   0.2516986E-04
    35500.00  0.4252736E-05   0.2066154E-04   0.2491427E-04
    35700.00  0.4161677E-05   0.2050476E-04   0.2466644E-04
    35900.00  0.4077323E-05   0.2035007E-04   0.2442739E-04
    36100.00  0.3983670E-05   0.2019740E-04   0.2418107E-04
    36300.00  0.3903619E-05   0.2004674E-04   0.2395035E-04
    36500.00  0.3810867E-05   0.1989803E-04   0.2370890E-04
    36700.00  0.3740392E-05   0.1975125E-04   0.2349164E-04
    36900.00  0.3651750E-05   0.1960636E-04   0.2325811E-04
    37100.00  0.3583250E-05   0.1946333E-04   0.2304658E-04
    37300.00  0.3489743E-05   0.1932212E-04   0.2281187E-04
    37500.00  0.3395698E-05   0.1918271E-04   0.2257841E-04
    37700.00  0.3365060E-05   0.1904505E-04   0.2241011E-04
    37900.00  0.3298635E-05   0.1890913E-04   0.2220776E-04
    38100.00  0.3221246E-05   0.1877490E-04   0.2199614E-04
    38300.00  0.3157516E-05   0.1864234E-04   0.2179985E-04
    38500.00  0.3099379E-05   0.1851142E-04   0.2161080E-04
    38700.00  0.3038271E-05   0.1828983E-04   0.2132810E-04
    38900.00  0.2975425E-05   0.1816295E-04   0.2113838E-04
    39100.00  0.2902578E-05   0.1803762E-04   0.2094019E-04
    39300.00  0.2858807E-05   0.1791380E-04   0.2077261E-04
    39500.00  0.2802272E-05   0.1779148E-04   0.2059375E-04
    39700.00  0.2748455E-05   0.1767063E-04   0.2041908E-04
    39900.00  0.2695173E-05   0.1755122E-04   0.2024639E-04
    40100.00  0.2633600E-05   0.1743323E-04   0.2006683E-04
    40300.00  0.2575915E-05   0.1731664E-04   0.1989256E-04
    40500.00  0.2510264E-05   0.1720142E-04   0.1971169E-04
    40700.00  0.2489984E-05   0.1708756E-04   0.1957754E-04
    40900.00  0.2444493E-05   0.1697502E-04   0.1941951E-04
    41100.00  0.2397739E-05   0.1686353E-04   0.1926127E-04
    41300.00  0.2351233E-05   0.1675358E-04   0.1910482E-04
    41500.00  0.2304748E-05   0.1664490E-04   0.1894965E-04
    41700.00  0.2246060E-05   0.1653747E-04   0.1878353E-04
    41900.00  0.2220213E-05   0.1643126E-04   0.1865147E-04
    42100.00  0.2180844E-05   0.1632625E-04   0.1850709E-04
    42300.00  0.2140104E-05   0.1622243E-04   0.1836253E-04
    42500.00  0.2099314E-05   0.1611978E-04   0.1821909E-04
    42700.00  0.2061978E-05   0.1601827E-04   0.1808025E-04
    42900.00  0.2023742E-05   0.1591790E-04   0.1794164E-04
    43100.00  0.1987601E-05   0.1581850E-04   0.1780610E-04
    43300.00  0.1950856E-05   0.1572034E-04   0.1767120E-04
    43500.00  0.1914290E-05   0.1562326E-04   0.1753755E-04
    43700.00  0.1865361E-05   0.1552724E-04   0.1739260E-04
    43900.00  0.1843143E-05   0.1542997E-04   0.1727312E-04
    44100.00  0.1814695E-05   0.1533606E-04   0.1715076E-04
    44300.00  0.1782382E-05   0.1524316E-04   0.1702554E-04
    44500.00  0.1750111E-05   0.1515126E-04   0.1690137E-04
    44700.00  0.1721194E-05   0.1498115E-04   0.1670235E-04
    44900.00  0.1691506E-05   0.1462145E-04   0.1631296E-04
    45100.00  0.1661824E-05   0.1453526E-04   0.1619708E-04
    45300.00  0.1632940E-05   0.1444997E-04   0.1608291E-04
    45500.00  0.1604147E-05   0.1436557E-04   0.1596972E-04
    45700.00  0.1576782E-05   0.1428206E-04   0.1585884E-04
    45900.00  0.1550001E-05   0.1419941E-04   0.1574941E-04
    46100.00  0.1523477E-05   0.1411761E-04   0.1564109E-04
    46300.00  0.1496391E-05   0.1403666E-04   0.1553305E-04
    46500.00  0.1451720E-05   0.1395654E-04   0.1540826E-04
    46700.00  0.1430553E-05   0.1387724E-04   0.1530779E-04
    46900.00  0.1420480E-05   0.1379874E-04   0.1521922E-04
    47100.00  0.1399262E-05   0.1372104E-04   0.1512030E-04
    47300.00  0.1375990E-05   0.1364412E-04   0.1502011E-04
    47500.00  0.1352651E-05   0.1356798E-04   0.1492063E-04
    47700.00  0.1330907E-05   0.1349260E-04   0.1482350E-04
    47900.00  0.1309248E-05   0.1341796E-04   0.1472721E-04
    48100.00  0.1287778E-05   0.1334407E-04   0.1463185E-04
    48300.00  0.1266514E-05   0.1327091E-04   0.1453742E-04
    48500.00  0.1245355E-05   0.1319847E-04   0.1444382E-04
    48700.00  0.1225881E-05   0.1312673E-04   0.1435261E-04
    48900.00  0.1206479E-05   0.1305570E-04   0.1426218E-04
    49100.00  0.1187408E-05   0.1298536E-04   0.1417277E-04
    49300.00  0.1168521E-05   0.1291570E-04   0.1408422E-04
    49500.00  0.1149829E-05   0.1284671E-04   0.1399654E-04
    49700.00  0.1131144E-05   0.1277838E-04   0.1390953E-04
    49900.00  0.1112956E-05   0.1271071E-04   0.1382367E-04
    50100.00  0.1098352E-05   0.1264368E-04   0.1374203E-04
    50300.00  0.1087676E-05   0.1257729E-04   0.1366497E-04
    50500.00  0.1077074E-05   0.1251153E-04   0.1358860E-04
    50700.00  0.1066861E-05   0.1244638E-04   0.1351324E-04
    50900.00  0.1056728E-05   0.1238185E-04   0.1343858E-04
    51100.00  0.1045205E-05   0.1231792E-04   0.1336312E-04
    51300.00  0.1025101E-05   0.1225458E-04   0.1327968E-04
    51500.00  0.1026429E-05   0.1215783E-04   0.1318426E-04
    51700.00  0.1017891E-05   0.1209590E-04   0.1311379E-04
    51900.00  0.1008563E-05   0.1203454E-04   0.1304311E-04
    52100.00  0.9994728E-06   0.1197375E-04   0.1297322E-04
    52300.00  0.9904581E-06   0.1191350E-04   0.1290396E-04
    52500.00  0.9816030E-06   0.1185381E-04   0.1283541E-04
    52700.00  0.9728718E-06   0.1179466E-04   0.1276753E-04
    52900.00  0.9642524E-06   0.1173604E-04   0.1270029E-04
    53100.00  0.9558001E-06   0.1167794E-04   0.1263374E-04
    53300.00  0.9474449E-06   0.1162037E-04   0.1256782E-04
    53500.00  0.9391254E-06   0.1156331E-04   0.1250244E-04
    53700.00  0.9310481E-06   0.1150676E-04   0.1243781E-04
    53900.00  0.9230841E-06   0.1145071E-04   0.1237379E-04
    54100.00  0.9152347E-06   0.1139515E-04   0.1231039E-04
    54300.00  0.9074798E-06   0.1134000E-04   0.1224748E-04
    54500.00  0.8998909E-06   0.1128541E-04   0.1218531E-04
    54700.00  0.8923094E-06   0.1123130E-04   0.1212361E-04
    54900.00  0.8849633E-06   0.1117766E-04   0.1206263E-04
    55100.00  0.8776552E-06   0.1112449E-04   0.1200214E-04
    55300.00  0.8704006E-06   0.1107177E-04   0.1194217E-04
    55500.00  0.8632993E-06   0.1101951E-04   0.1188281E-04
    55700.00  0.8563268E-06   0.1096769E-04   0.1182402E-04
    55900.00  0.8494105E-06   0.1091632E-04   0.1176573E-04
    56100.00  0.8426445E-06   0.1086539E-04   0.1170803E-04
    56300.00  0.8359418E-06   0.1081488E-04   0.1165082E-04
    56500.00  0.8293472E-06   0.1076477E-04   0.1159412E-04
    56700.00  0.8228101E-06   0.1071511E-04   0.1153792E-04
    56900.00  0.8163914E-06   0.1066587E-04   0.1148226E-04
    57100.00  0.8100614E-06   0.1061704E-04   0.1142710E-04
    57300.00  0.8037140E-06   0.1056861E-04   0.1137233E-04
    57500.00  0.7975402E-06   0.1051989E-04   0.1131743E-04
    57700.00  0.7914534E-06   0.1047227E-04   0.1126373E-04
    57900.00  0.7854426E-06   0.1042505E-04   0.1121049E-04
    58100.00  0.7794993E-06   0.1037821E-04   0.1115771E-04
    58300.00  0.7736255E-06   0.1033176E-04   0.1110539E-04
    58500.00  0.7680614E-06   0.1014775E-04   0.1091581E-04
    58700.00  0.7622495E-06   0.1010267E-04   0.1086492E-04
    58900.00  0.7555511E-06   0.1005821E-04   0.1081376E-04
    59100.00  0.7436890E-06   0.1001410E-04   0.1075779E-04
    59300.00  0.7449242E-06   0.9970349E-05   0.1071527E-04
    59500.00  0.7400353E-06   0.9926946E-05   0.1066698E-04
    59700.00  0.7347540E-06   0.9883888E-05   0.1061864E-04
    59900.00  0.7294318E-06   0.9841172E-05   0.1057060E-04
    60100.00  0.7241868E-06   0.9798793E-05   0.1052298E-04
    60300.00  0.7190139E-06   0.9756749E-05   0.1047576E-04
    60500.00  0.7138814E-06   0.9715036E-05   0.1042892E-04
    60700.00  0.7088286E-06   0.9673649E-05   0.1038248E-04
    60900.00  0.7038212E-06   0.9632585E-05   0.1033641E-04
    61100.00  0.6988565E-06   0.9591841E-05   0.1029070E-04
    61300.00  0.6939939E-06   0.9551412E-05   0.1024541E-04
    61500.00  0.6891603E-06   0.9511296E-05   0.1020046E-04
    61700.00  0.6843741E-06   0.9471489E-05   0.1015586E-04
    61900.00  0.6795911E-06   0.9431988E-05   0.1011158E-04
    62100.00  0.6749256E-06   0.9392789E-05   0.1006771E-04
    62300.00  0.6702996E-06   0.9353889E-05   0.1002419E-04
    62500.00  0.6657559E-06   0.9315285E-05   0.9981041E-05
    62700.00  0.6612333E-06   0.9276974E-05   0.9938207E-05
    62900.00  0.6567599E-06   0.9238951E-05   0.9895711E-05
    63100.00  0.6523391E-06   0.9201215E-05   0.9853555E-05
    63300.00  0.6479672E-06   0.9163763E-05   0.9811730E-05
    63500.00  0.6436395E-06   0.9126590E-05   0.9770230E-05
    63700.00  0.6393556E-06   0.9089695E-05   0.9729051E-05
    63900.00  0.6351271E-06   0.9053074E-05   0.9688201E-05
    64200.00  0.6288399E-06   0.8998651E-05   0.9627491E-05
    64600.00  0.6205674E-06   0.8927020E-05   0.9547587E-05
    65000.00  0.6125003E-06   0.8856434E-05   0.9468935E-05
    65400.00  0.6046282E-06   0.8786874E-05   0.9391502E-05
    65800.00  0.5968806E-06   0.8718316E-05   0.9315197E-05
    66200.00  0.5892630E-06   0.8636589E-05   0.9225852E-05
    66600.00  0.5817935E-06   0.8570135E-05   0.9151928E-05
    67000.00  0.5744620E-06   0.8504621E-05   0.9079083E-05
    67400.00  0.5672358E-06   0.8440030E-05   0.9007266E-05
    67800.00  0.5601676E-06   0.8376341E-05   0.8936509E-05
    68200.00  0.5532263E-06   0.8313538E-05   0.8866764E-05
    68600.00  0.5464022E-06   0.8251603E-05   0.8798005E-05
    69000.00  0.5397042E-06   0.8190518E-05   0.8730222E-05
    69400.00  0.5330924E-06   0.8130239E-05   0.8663332E-05
    69800.00  0.5266005E-06   0.8070805E-05   0.8597406E-05
    70200.00  0.5202079E-06   0.8012173E-05   0.8532381E-05
    70600.00  0.5138820E-06   0.7954328E-05   0.8468210E-05
    71000.00  0.5076938E-06   0.7897254E-05   0.8404948E-05
    71400.00  0.5015951E-06   0.7840937E-05   0.8342532E-05
    71800.00  0.4955984E-06   0.7785348E-05   0.8280946E-05
    72200.00  0.4896767E-06   0.7730502E-05   0.8220178E-05
    72600.00  0.4838346E-06   0.7676370E-05   0.8160205E-05
    73000.00  0.4780786E-06   0.7622679E-05   0.8100758E-05
    73400.00  0.4723898E-06   0.7569947E-05   0.8042336E-05
    73800.00  0.4668043E-06   0.7517890E-05   0.7984694E-05
    74200.00  0.4610973E-06   0.7405858E-05   0.7866955E-05
    74600.00  0.4539383E-06   0.7355727E-05   0.7809666E-05
    75000.00  0.4485596E-06   0.7306228E-05   0.7754787E-05
    75400.00  0.4450031E-06   0.7257347E-05   0.7702350E-05
    75800.00  0.4398524E-06   0.7209074E-05   0.7648927E-05
    76200.00  0.4346684E-06   0.7161399E-05   0.7596067E-05
    76600.00  0.4295470E-06   0.7114310E-05   0.7543857E-05
    77000.00  0.4244836E-06   0.7067797E-05   0.7492281E-05
    77400.00  0.4194785E-06   0.7021851E-05   0.7441329E-05
    77800.00  0.4145315E-06   0.6976461E-05   0.7390992E-05
    78200.00  0.4096141E-06   0.6931618E-05   0.7341232E-05
    78600.00  0.4047731E-06   0.6887312E-05   0.7292085E-05
    79000.00  0.3999876E-06   0.6843534E-05   0.7243521E-05
    79400.00  0.3952467E-06   0.6800275E-05   0.7195521E-05
    79800.00  0.3905462E-06   0.6757526E-05   0.7148072E-05
    80200.00  0.3858992E-06   0.6715279E-05   0.7101178E-05
    80600.00  0.3812913E-06   0.6673525E-05   0.7054816E-05
    81000.00  0.3767393E-06   0.6632256E-05   0.7008995E-05
    81400.00  0.3722128E-06   0.6591464E-05   0.6963677E-05
    81800.00  0.3677469E-06   0.6551141E-05   0.6918887E-05
    82200.00  0.3633134E-06   0.6511279E-05   0.6874592E-05
    82600.00  0.3588950E-06   0.6465349E-05   0.6824244E-05
    83000.00  0.3545472E-06   0.6426447E-05   0.6780994E-05
    83400.00  0.3502166E-06   0.6387983E-05   0.6738200E-05
    83800.00  0.3459353E-06   0.6349950E-05   0.6695886E-05
    84200.00  0.3416904E-06   0.6312342E-05   0.6654032E-05
    84600.00  0.3374769E-06   0.6275150E-05   0.6612627E-05
    85000.00  0.3333018E-06   0.6238370E-05   0.6571671E-05
    85400.00  0.3291483E-06   0.6201993E-05   0.6531141E-05
    85800.00  0.3250321E-06   0.6166015E-05   0.6491047E-05
    86200.00  0.3209489E-06   0.6130418E-05   0.6451367E-05
    86600.00  0.3168867E-06   0.6095217E-05   0.6412104E-05
    87000.00  0.3128646E-06   0.6060395E-05   0.6373260E-05
    87400.00  0.3088436E-06   0.6025947E-05   0.6334791E-05
    87800.00  0.3048711E-06   0.5991866E-05   0.6296738E-05
    88200.00  0.3009232E-06   0.5958148E-05   0.6259071E-05
    88600.00  0.2970068E-06   0.5924786E-05   0.6221793E-05
    89000.00  0.2931061E-06   0.5891769E-05   0.6184875E-05
    89400.00  0.2892350E-06   0.5859106E-05   0.6148341E-05
    89800.00  0.2853865E-06   0.5826784E-05   0.6112170E-05
    90200.00  0.2815586E-06   0.5794688E-05   0.6076247E-05
    90600.00  0.2777598E-06   0.5763029E-05   0.6040789E-05
    91000.00  0.2739780E-06   0.5731695E-05   0.6005673E-05
    91400.00  0.2702220E-06   0.5671485E-05   0.5941707E-05
    91800.00  0.2664898E-06   0.5640997E-05   0.5907487E-05
    92200.00  0.2627658E-06   0.5610854E-05   0.5873619E-05
    92600.00  0.2590691E-06   0.5581014E-05   0.5840083E-05
    93000.00  0.2553795E-06   0.5551474E-05   0.5806853E-05
    93400.00  0.2517189E-06   0.5522228E-05   0.5773947E-05
    93800.00  0.2480749E-06   0.5493274E-05   0.5741349E-05
    94200.00  0.2444522E-06   0.5464607E-05   0.5709059E-05
    94600.00  0.2408503E-06   0.5436222E-05   0.5677072E-05
    95000.00  0.2372638E-06   0.5408115E-05   0.5645379E-05
    95400.00  0.2336912E-06   0.5380284E-05   0.5613975E-05
    95800.00  0.2301317E-06   0.5352723E-05   0.5582854E-05
    96200.00  0.2265913E-06   0.5325429E-05   0.5552020E-05
    96600.00  0.2230657E-06   0.5298398E-05   0.5521464E-05
    97000.00  0.2195567E-06   0.5271627E-05   0.5491184E-05
    97400.00  0.2160630E-06   0.5245112E-05   0.5461175E-05
    97800.00  0.2125809E-06   0.5218849E-05   0.5431430E-05
    98200.00  0.2091189E-06   0.5192836E-05   0.5401955E-05
    98600.00  0.2056626E-06   0.5167068E-05   0.5372730E-05
    99000.00  0.2022176E-06   0.5141542E-05   0.5343759E-05
    99400.00  0.1987837E-06   0.5116255E-05   0.5315038E-05
    99800.00  0.1953690E-06   0.5091204E-05   0.5286573E-05
   100200.00  0.1919657E-06   0.1151227E-05   0.1343193E-05
   200000.00  0.8970155E-08   0.2889592E-06   0.2979294E-06
   400000.00  0.6432750E-09   0.7223981E-07   0.7288309E-07
   600000.00  0.5631347E-10   0.3210658E-07   0.3216290E-07
   800000.00  0.2440331E-10   0.1805995E-07   0.1808436E-07
  1000000.00  0.7402841E-11   0.1155837E-07   0.1156577E-07
  1200000.00  0.5344938E-11   0.8026646E-08   0.8031991E-08
  1400000.00  0.4428912E-11   0.5897128E-08   0.5901556E-08
  1600000.00  0.3952329E-11   0.4514988E-08   0.4518941E-08
