       91.00  0.4231963E-30   0.0000000E+00   0.4231963E-30
       94.00  0.4231963E-30   0.0000000E+00   0.4231963E-30
       96.00  0.4231963E-30   0.0000000E+00   0.4231963E-30
       98.00  0.4231963E-30   0.0000000E+00   0.4231963E-30
      100.00  0.4231963E-30   0.0000000E+00   0.4231963E-30
      102.00  0.4231963E-30   0.0000000E+00   0.4231963E-30
      104.00  0.4231963E-30   0.0000000E+00   0.4231963E-30
      106.00  0.4231963E-30   0.0000000E+00   0.4231963E-30
      108.00  0.4231963E-30   0.0000000E+00   0.4231963E-30
      110.00  0.4231963E-30   0.0000000E+00   0.4231963E-30
      114.00  0.4231963E-30   0.0000000E+00   0.4231963E-30
      118.00  0.4231963E-30   0.0000000E+00   0.4231963E-30
      121.00  0.4231963E-30   0.0000000E+00   0.4231963E-30
      125.00  0.4231963E-30   0.0000000E+00   0.4231963E-30
      127.00  0.4231963E-30   0.0000000E+00   0.4231963E-30
      128.00  0.4231963E-30   0.0000000E+00   0.4231963E-30
      131.00  0.4231963E-30   0.0000000E+00   0.4231963E-30
      132.00  0.4231963E-30   0.0000000E+00   0.4231963E-30
      134.00  0.4231963E-30   0.0000000E+00   0.4231963E-30
      137.00  0.4231963E-30   0.0000000E+00   0.4231963E-30
      140.00  0.4231963E-30   0.0000000E+00   0.4231963E-30
      143.00  0.4231963E-30   0.0000000E+00   0.4231963E-30
      147.00  0.4231963E-30   0.0000000E+00   0.4231963E-30
      151.00  0.4231963E-30   0.0000000E+00   0.4231963E-30
      155.00  0.4231963E-30   0.0000000E+00   0.4231963E-30
      159.00  0.4231963E-30   0.0000000E+00   0.4231963E-30
      162.00  0.4231963E-30   0.0000000E+00   0.4231963E-30
      166.00  0.4231963E-30   0.0000000E+00   0.4231963E-30
      170.00  0.4231963E-30   0.0000000E+00   0.4231963E-30
      173.00  0.4231963E-30   0.0000000E+00   0.4231963E-30
      177.00  0.4231963E-30   0.0000000E+00   0.4231963E-30
      180.00  0.4231963E-30   0.0000000E+00   0.4231963E-30
      182.00  0.4231963E-30   0.0000000E+00   0.4231963E-30
      186.00  0.4231963E-30   0.0000000E+00   0.4231963E-30
      191.00  0.4231963E-30   0.0000000E+00   0.4231963E-30
      194.00  0.4231963E-30   0.0000000E+00   0.4231963E-30
      198.00  0.4231963E-30   0.0000000E+00   0.4231963E-30
      202.00  0.4231963E-30   0.0000000E+00   0.4231963E-30
      205.00  0.4231963E-30   0.0000000E+00   0.4231963E-30
      210.00  0.4231963E-30   0.0000000E+00   0.4231963E-30
      216.00  0.4231963E-30   0.0000000E+00   0.4231963E-30
      220.00  0.4231963E-30   0.0000000E+00   0.4231963E-30
      223.00  0.4231963E-30   0.0000000E+00   0.4231963E-30
      227.00  0.4231963E-30   0.0000000E+00   0.4231963E-30
      228.00  0.4231963E-30   0.0000000E+00   0.4231963E-30
      228.00  0.6752600E-29   0.0000000E+00   0.6752600E-29
      230.00  0.3138090E-27   0.0000000E+00   0.3138090E-27
      234.00  0.9279218E-27   0.0000000E+00   0.9279218E-27
      240.00  0.4418143E-26   0.0000000E+00   0.4418143E-26
      246.00  0.2214454E-25   0.0000000E+00   0.2214454E-25
      252.00  0.8882122E-25   0.0000000E+00   0.8882122E-25
      257.00  0.2392694E-24   0.0000000E+00   0.2392694E-24
      260.00  0.4839156E-24   0.0000000E+00   0.4839156E-24
      264.00  0.1136478E-23   0.0000000E+00   0.1136478E-23
      269.00  0.2869018E-23   0.0000000E+00   0.2869018E-23
      274.00  0.7777236E-23   0.0000000E+00   0.7777236E-23
      279.00  0.2037557E-22   0.0000000E+00   0.2037557E-22
      284.00  0.5666894E-22   0.0000000E+00   0.5666894E-22
      290.00  0.1647805E-21   0.0000000E+00   0.1647805E-21
      296.00  0.4583895E-21   0.0000000E+00   0.4583895E-21
      301.00  0.1043302E-20   0.0000000E+00   0.1043302E-20
      308.00  0.3151200E-20   0.0000000E+00   0.3151200E-20
      318.00  0.1404259E-19   0.0000000E+00   0.1404259E-19
      328.00  0.5705539E-19   0.0000000E+00   0.5705539E-19
      338.00  0.2130816E-18   0.0000000E+00   0.2130816E-18
      348.00  0.7367847E-18   0.0000000E+00   0.7367847E-18
      353.30  0.1163421E-17   0.0000000E+00   0.1163421E-17
      353.30  0.6136286E-18   0.0000000E+00   0.6136286E-18
      357.00  0.2118098E-17   0.0000000E+00   0.2118098E-17
      366.00  0.5777606E-17   0.0000000E+00   0.5777606E-17
      375.00  0.1498284E-16   0.0000000E+00   0.1498284E-16
      385.00  0.4100585E-16   0.0000000E+00   0.4100585E-16
      395.00  0.1065100E-15   0.0000000E+00   0.1065100E-15
      405.00  0.2632778E-15   0.0000000E+00   0.2632778E-15
      414.00  0.5716439E-15   0.0000000E+00   0.5716439E-15
      422.00  0.1107671E-14   0.0000000E+00   0.1107671E-14
      430.00  0.2091320E-14   0.0000000E+00   0.2091320E-14
      441.00  0.4814438E-14   0.0000000E+00   0.4814438E-14
      451.00  0.9911865E-14   0.0000000E+00   0.9911865E-14
      460.00  0.1845645E-13   0.0000000E+00   0.1845645E-13
      470.00  0.3576949E-13   0.0000000E+00   0.3576949E-13
      480.00  0.6733568E-13   0.0000000E+00   0.6733568E-13
      490.00  0.1233181E-12   0.0000000E+00   0.1233181E-12
      500.00  0.2202436E-12   0.0000000E+00   0.2202436E-12
      504.60  0.2704779E-12   0.0000000E+00   0.2704779E-12
      504.60  0.7182483E-12   0.0000000E+00   0.7182483E-12
      506.00  0.9667852E-12   0.0000000E+00   0.9667852E-12
      512.00  0.1712396E-11   0.0000000E+00   0.1712396E-11
      520.00  0.2539650E-11   0.0000000E+00   0.2539650E-11
      530.00  0.4185438E-11   0.0000000E+00   0.4185438E-11
      540.00  0.6411924E-11   0.0000000E+00   0.6411924E-11
      550.00  0.1034223E-10   0.0000000E+00   0.1034223E-10
      560.00  0.1578772E-10   0.0000000E+00   0.1578772E-10
      570.00  0.2381071E-10   0.0000000E+00   0.2381071E-10
      580.00  0.3379662E-10   0.0000000E+00   0.3379662E-10
      590.00  0.5128952E-10   0.0000000E+00   0.5128952E-10
      600.00  0.7423795E-10   0.0000000E+00   0.7423795E-10
      610.00  0.1058646E-09   0.0000000E+00   0.1058646E-09
      620.00  0.1486677E-09   0.0000000E+00   0.1486677E-09
      630.00  0.2067686E-09   0.0000000E+00   0.2067686E-09
      640.00  0.2836891E-09   0.0000000E+00   0.2836891E-09
      650.00  0.3864826E-09   0.0000000E+00   0.3864826E-09
      658.00  0.4915078E-09   0.0000000E+00   0.4915078E-09
      665.00  0.6024722E-09   0.0000000E+00   0.6024722E-09
      675.00  0.7986418E-09   0.0000000E+00   0.7986418E-09
      685.00  0.1052274E-08   0.0000000E+00   0.1052274E-08
      695.00  0.1374295E-08   0.0000000E+00   0.1374295E-08
      705.00  0.1778648E-08   0.0000000E+00   0.1778648E-08
      716.00  0.2340784E-08   0.0000000E+00   0.2340784E-08
      726.00  0.2983176E-08   0.0000000E+00   0.2983176E-08
      735.00  0.3686737E-08   0.0000000E+00   0.3686737E-08
      745.00  0.4631169E-08   0.0000000E+00   0.4631169E-08
      755.00  0.5787318E-08   0.0000000E+00   0.5787318E-08
      765.00  0.7178257E-08   0.0000000E+00   0.7178257E-08
      775.00  0.8851511E-08   0.0000000E+00   0.8851511E-08
      785.00  0.1085125E-07   0.0000000E+00   0.1085125E-07
      795.00  0.1322783E-07   0.0000000E+00   0.1322783E-07
      805.00  0.1603665E-07   0.0000000E+00   0.1603665E-07
      815.00  0.1934477E-07   0.0000000E+00   0.1934477E-07
      825.00  0.2321510E-07   0.0000000E+00   0.2321510E-07
      835.00  0.2754319E-07   0.0000000E+00   0.2754319E-07
      845.00  0.3299270E-07   0.0000000E+00   0.3299270E-07
      855.00  0.3898424E-07   0.0000000E+00   0.3898424E-07
      865.00  0.4598463E-07   0.0000000E+00   0.4598463E-07
      875.00  0.5390810E-07   0.0000000E+00   0.5390810E-07
      885.00  0.6302374E-07   0.0000000E+00   0.6302374E-07
      895.00  0.7336827E-07   0.0000000E+00   0.7336827E-07
      905.00  0.8469763E-07   0.0000000E+00   0.8469763E-07
      912.40  0.9371541E-07   0.6589945E-10   0.9378131E-07
      912.40  0.1185164E-06   0.6589986E-10   0.1185823E-06
      915.00  0.2337376E-06   0.9408513E-10   0.2338317E-06
      925.00  0.6769003E-06   0.1000570E-09   0.6770004E-06
      935.00  0.1095040E-05   0.1062426E-09   0.1095146E-05
      945.00  0.4807674E-05   0.1126411E-09   0.4807787E-05
      955.00  0.7102928E-04   0.1192517E-09   0.7102940E-04
      965.00  0.1158678E-03   0.1260731E-09   0.1158679E-03
      975.00  0.1700479E-04   0.1331038E-09   0.1700492E-04
      985.00  0.6103921E-03   0.1403419E-09   0.6103922E-03
      995.00  0.1090140E-02   0.1477853E-09   0.1090140E-02
     1005.00  0.1137291E-02   0.1554318E-09   0.1137291E-02
     1015.00  0.3770550E-03   0.1632788E-09   0.3770552E-03
     1025.00  0.4934507E-05   0.1713235E-09   0.4934678E-05
     1035.00  0.2547900E-03   0.1795630E-09   0.2547902E-03
     1045.00  0.1255673E-02   0.1880074E-09   0.1255673E-02
     1055.00  0.1785856E-02   0.1966424E-09   0.1785856E-02
     1065.00  0.1758868E-02   0.2054626E-09   0.1758868E-02
     1075.00  0.2003069E-02   0.2144642E-09   0.2003069E-02
     1085.00  0.1945350E-02   0.2236434E-09   0.1945350E-02
     1095.00  0.1999487E-02   0.2329962E-09   0.1999487E-02
     1105.00  0.1995290E-02   0.2425186E-09   0.1995290E-02
     1115.00  0.1948524E-02   0.2522061E-09   0.1948524E-02
     1125.00  0.1916466E-02   0.2620541E-09   0.1916466E-02
     1135.00  0.1968417E-02   0.2720585E-09   0.1968417E-02
     1145.00  0.1835339E-02   0.2822151E-09   0.1835339E-02
     1155.00  0.1764509E-02   0.2925191E-09   0.1764509E-02
     1165.00  0.1772655E-02   0.3029660E-09   0.1772655E-02
     1175.00  0.1589782E-02   0.3135512E-09   0.1589782E-02
     1185.00  0.1325536E-02   0.3242698E-09   0.1325536E-02
     1195.00  0.6223528E-03   0.3351172E-09   0.6223531E-03
     1205.00  0.1656973E-03   0.3460886E-09   0.1656976E-03
     1215.00  0.9514313E-05   0.3571793E-09   0.9514670E-05
     1225.00  0.1092948E-03   0.5665211E-09   0.1092954E-03
     1235.00  0.7428090E-03   0.7575947E-09   0.7428098E-03
     1245.00  0.1267958E-02   0.9217690E-09   0.1267959E-02
     1255.00  0.1525054E-02   0.1063713E-08   0.1525055E-02
     1265.00  0.1419784E-02   0.1186888E-08   0.1419785E-02
     1275.00  0.1772696E-02   0.1294029E-08   0.1772697E-02
     1285.00  0.1956870E-02   0.1387366E-08   0.1956871E-02
     1295.00  0.1950788E-02   0.1468758E-08   0.1950789E-02
     1305.00  0.1880915E-02   0.1539768E-08   0.1880917E-02
     1315.00  0.2078458E-02   0.1601728E-08   0.2078460E-02
     1325.00  0.2089087E-02   0.1655779E-08   0.2089089E-02
     1335.00  0.2061180E-02   0.1702904E-08   0.2061182E-02
     1345.00  0.2184777E-02   0.1743951E-08   0.2184779E-02
     1355.00  0.2106327E-02   0.1779661E-08   0.2106329E-02
     1365.00  0.2046545E-02   0.1810677E-08   0.2046547E-02
     1375.00  0.2079016E-02   0.1837561E-08   0.2079018E-02
     1385.00  0.2135614E-02   0.1860806E-08   0.2135616E-02
     1395.00  0.2134770E-02   0.1880845E-08   0.2134772E-02
     1405.00  0.2141138E-02   0.1898058E-08   0.2141140E-02
     1415.00  0.2074642E-02   0.1912780E-08   0.2074644E-02
     1425.00  0.2087881E-02   0.1925308E-08   0.2087883E-02
     1435.00  0.2027848E-02   0.1935901E-08   0.2027850E-02
     1442.00  0.2089112E-02   0.1942291E-08   0.2089114E-02
     1447.00  0.2097261E-02   0.1946384E-08   0.2097263E-02
     1455.00  0.2085763E-02   0.1952184E-08   0.2085765E-02
     1465.00  0.2037996E-02   0.1958260E-08   0.2037998E-02
     1475.00  0.2034163E-02   0.1963179E-08   0.2034165E-02
     1485.00  0.2024594E-02   0.1967085E-08   0.2024596E-02
     1495.00  0.2000922E-02   0.1970104E-08   0.2000924E-02
     1505.00  0.2014138E-02   0.1972349E-08   0.2014140E-02
     1512.00  0.1990147E-02   0.1973515E-08   0.1990149E-02
     1517.00  0.2013211E-02   0.1974162E-08   0.2013213E-02
     1525.00  0.1941778E-02   0.1974907E-08   0.1941780E-02
     1535.00  0.1907524E-02   0.1975387E-08   0.1907526E-02
     1545.00  0.1971950E-02   0.1975432E-08   0.1971952E-02
     1555.00  0.1889833E-02   0.1975079E-08   0.1889835E-02
     1565.00  0.1777264E-02   0.1974406E-08   0.1777266E-02
     1575.00  0.1818287E-02   0.1973463E-08   0.1818289E-02
     1585.00  0.1870512E-02   0.1972295E-08   0.1870514E-02
     1595.00  0.1905402E-02   0.1970941E-08   0.1905404E-02
     1605.00  0.1819036E-02   0.1969434E-08   0.1819038E-02
     1615.00  0.1822028E-02   0.1967807E-08   0.1822030E-02
     1625.00  0.1725763E-02   0.1966086E-08   0.1725765E-02
     1635.00  0.1735740E-02   0.1964272E-08   0.1735742E-02
     1645.00  0.1738652E-02   0.1962395E-08   0.1738654E-02
     1655.00  0.1618679E-02   0.1960487E-08   0.1618681E-02
     1665.00  0.1750035E-02   0.1958564E-08   0.1750037E-02
     1672.00  0.1649914E-02   0.1957218E-08   0.1649916E-02
     1677.00  0.1673390E-02   0.1956258E-08   0.1673392E-02
     1685.00  0.1714270E-02   0.1954731E-08   0.1714272E-02
     1695.00  0.1663132E-02   0.1952844E-08   0.1663134E-02
     1705.00  0.1634527E-02   0.1950990E-08   0.1634529E-02
     1715.00  0.1640033E-02   0.1949178E-08   0.1640035E-02
     1725.00  0.1611656E-02   0.1947413E-08   0.1611658E-02
     1735.00  0.1657127E-02   0.1945703E-08   0.1657129E-02
     1745.00  0.1614409E-02   0.1944053E-08   0.1614411E-02
     1755.00  0.1646225E-02   0.1942466E-08   0.1646227E-02
     1765.00  0.1540802E-02   0.1940946E-08   0.1540804E-02
     1775.00  0.1626554E-02   0.1939496E-08   0.1626556E-02
     1785.00  0.1595171E-02   0.1938119E-08   0.1595173E-02
     1795.00  0.1612686E-02   0.1936808E-08   0.1612688E-02
     1805.00  0.1595908E-02   0.1935567E-08   0.1595910E-02
     1815.00  0.1577115E-02   0.1934401E-08   0.1577117E-02
     1825.00  0.1558595E-02   0.1933310E-08   0.1558597E-02
     1835.00  0.1541067E-02   0.1932296E-08   0.1541069E-02
     1845.00  0.1507633E-02   0.1931357E-08   0.1507635E-02
     1855.00  0.1500787E-02   0.1930492E-08   0.1500789E-02
     1865.00  0.1487501E-02   0.1929701E-08   0.1487503E-02
     1875.00  0.1503452E-02   0.1928984E-08   0.1503454E-02
     1885.00  0.1489877E-02   0.1928338E-08   0.1489879E-02
     1895.00  0.1476189E-02   0.1927763E-08   0.1476191E-02
     1905.00  0.1476832E-02   0.1927256E-08   0.1476834E-02
     1915.00  0.1450071E-02   0.1926818E-08   0.1450073E-02
     1925.00  0.1448574E-02   0.1926446E-08   0.1448576E-02
     1935.00  0.1424586E-02   0.1926138E-08   0.1424588E-02
     1945.00  0.1451024E-02   0.1925881E-08   0.1451026E-02
     1955.00  0.1432477E-02   0.1925671E-08   0.1432479E-02
     1967.00  0.1433313E-02   0.1925493E-08   0.1433315E-02
     1976.00  0.1411613E-02   0.1925410E-08   0.1411615E-02
     1984.00  0.1405341E-02   0.1925372E-08   0.1405343E-02
     1995.00  0.1379562E-02   0.1925371E-08   0.1379564E-02
     2005.00  0.1363938E-02   0.1925422E-08   0.1363940E-02
     2015.00  0.1331493E-02   0.1925518E-08   0.1331495E-02
     2025.00  0.1336292E-02   0.1925659E-08   0.1336294E-02
     2035.00  0.1340929E-02   0.1925735E-08   0.1340931E-02
     2045.00  0.1337802E-02   0.1925805E-08   0.1337804E-02
     2055.00  0.1296636E-02   0.1221056E-08   0.1296637E-02
     2065.00  0.1296020E-02   0.1216700E-08   0.1296021E-02
     2074.00  0.1309559E-02   0.1212854E-08   0.1309560E-02
     2078.00  0.1305266E-02   0.1211168E-08   0.1305267E-02
     2085.00  0.1307149E-02   0.1208249E-08   0.1307150E-02
     2095.00  0.1287523E-02   0.1204150E-08   0.1287524E-02
     2105.00  0.1283347E-02   0.1200133E-08   0.1283348E-02
     2115.00  0.1275220E-02   0.1196196E-08   0.1275221E-02
     2125.00  0.1268504E-02   0.1192337E-08   0.1268505E-02
     2135.00  0.1235138E-02   0.1188554E-08   0.1235139E-02
     2145.00  0.1253781E-02   0.1184846E-08   0.1253782E-02
     2155.00  0.1237910E-02   0.1181211E-08   0.1237911E-02
     2165.00  0.1200853E-02   0.1177647E-08   0.1200854E-02
     2175.00  0.1196076E-02   0.1174152E-08   0.1196077E-02
     2185.00  0.1196051E-02   0.1170726E-08   0.1196052E-02
     2195.00  0.1220092E-02   0.1167366E-08   0.1220093E-02
     2205.00  0.1183399E-02   0.1164070E-08   0.1183400E-02
     2215.00  0.1152368E-02   0.1160836E-08   0.1152369E-02
     2225.00  0.1134303E-02   0.1157664E-08   0.1134304E-02
     2235.00  0.1180546E-02   0.1154552E-08   0.1180547E-02
     2245.00  0.1148814E-02   0.1151497E-08   0.1148815E-02
     2255.00  0.1118330E-02   0.1148499E-08   0.1118331E-02
     2265.00  0.1106478E-02   0.1145556E-08   0.1106479E-02
     2275.00  0.1131263E-02   0.1142667E-08   0.1131264E-02
     2285.00  0.1134404E-02   0.1139811E-08   0.1134405E-02
     2295.00  0.1105030E-02   0.1136987E-08   0.1105031E-02
     2305.00  0.1106658E-02   0.1134211E-08   0.1106659E-02
     2315.00  0.1093795E-02   0.1131481E-08   0.1093796E-02
     2325.00  0.1004070E-02   0.1128797E-08   0.1004071E-02
     2335.00  0.1073935E-02   0.1126158E-08   0.1073936E-02
     2345.00  0.1014726E-02   0.1123561E-08   0.1014727E-02
     2355.00  0.1056000E-02   0.1121006E-08   0.1056001E-02
     2365.00  0.1011092E-02   0.1118492E-08   0.1011093E-02
     2375.00  0.1033376E-02   0.1116018E-08   0.1033377E-02
     2385.00  0.9773754E-03   0.1113582E-08   0.9773765E-03
     2395.00  0.1017197E-02   0.1111183E-08   0.1017198E-02
     2405.00  0.9980086E-03   0.1108820E-08   0.9980097E-03
     2415.00  0.1000816E-02   0.1106493E-08   0.1000817E-02
     2425.00  0.1016812E-02   0.1104199E-08   0.1016813E-02
     2435.00  0.9879046E-03   0.1101939E-08   0.9879057E-03
     2445.00  0.1002294E-02   0.1099711E-08   0.1002295E-02
     2455.00  0.9982510E-03   0.1097514E-08   0.9982521E-03
     2465.00  0.9729656E-03   0.1095347E-08   0.9729667E-03
     2475.00  0.9621424E-03   0.1093210E-08   0.9621435E-03
     2485.00  0.9762693E-03   0.1091102E-08   0.9762704E-03
     2495.00  0.9565534E-03   0.1089021E-08   0.9565545E-03
     2505.00  0.9862882E-03   0.1086967E-08   0.9862893E-03
     2513.00  0.9593959E-03   0.1085342E-08   0.9593970E-03
     2518.00  0.9568908E-03   0.1084335E-08   0.9568919E-03
     2525.00  0.9249962E-03   0.1082936E-08   0.9249973E-03
     2535.00  0.9167443E-03   0.1080958E-08   0.9167454E-03
     2545.00  0.9155355E-03   0.1079003E-08   0.9155366E-03
     2555.00  0.9468424E-03   0.1077072E-08   0.9468435E-03
     2565.00  0.9372169E-03   0.1075162E-08   0.9372180E-03
     2575.00  0.9536932E-03   0.1073275E-08   0.9536943E-03
     2585.00  0.9558244E-03   0.1071408E-08   0.9558255E-03
     2595.00  0.9442884E-03   0.1069562E-08   0.9442895E-03
     2605.00  0.9273584E-03   0.1050914E-08   0.9273595E-03
     2615.00  0.9153616E-03   0.1049196E-08   0.9153626E-03
     2625.00  0.9189545E-03   0.1047496E-08   0.9189555E-03
     2635.00  0.9252934E-03   0.1045815E-08   0.9252944E-03
     2645.00  0.9650147E-03   0.1044151E-08   0.9650157E-03
     2655.00  0.9640047E-03   0.1042505E-08   0.9640057E-03
     2665.00  0.9371496E-03   0.1040875E-08   0.9371506E-03
     2675.00  0.9472859E-03   0.1039261E-08   0.9472869E-03
     2685.00  0.9484327E-03   0.1037663E-08   0.9484337E-03
     2695.00  0.9292217E-03   0.1036079E-08   0.9292227E-03
     2705.00  0.9270381E-03   0.1034511E-08   0.9270391E-03
     2715.00  0.9045091E-03   0.1032956E-08   0.9045101E-03
     2725.00  0.8977234E-03   0.1031415E-08   0.8977244E-03
     2735.00  0.9099334E-03   0.1029886E-08   0.9099344E-03
     2745.00  0.8626889E-03   0.1028371E-08   0.8626899E-03
     2755.00  0.8650102E-03   0.1026867E-08   0.8650112E-03
     2765.00  0.8870881E-03   0.1025376E-08   0.8870891E-03
     2775.00  0.9012234E-03   0.1023895E-08   0.9012244E-03
     2785.00  0.8858137E-03   0.1022426E-08   0.8858147E-03
     2795.00  0.8015375E-03   0.1020967E-08   0.8015385E-03
     2805.00  0.8348422E-03   0.1019519E-08   0.8348432E-03
     2815.00  0.8926245E-03   0.1018080E-08   0.8926255E-03
     2825.00  0.8890456E-03   0.1016651E-08   0.8890466E-03
     2835.00  0.8732298E-03   0.1015230E-08   0.8732308E-03
     2845.00  0.8574848E-03   0.1013819E-08   0.8574858E-03
     2855.00  0.8412498E-03   0.1012406E-08   0.8412508E-03
     2865.00  0.8613673E-03   0.1010990E-08   0.8613683E-03
     2875.00  0.8595986E-03   0.1009581E-08   0.8595996E-03
     2885.00  0.8624706E-03   0.1008179E-08   0.8624716E-03
     2895.00  0.8673372E-03   0.1006783E-08   0.8673382E-03
     2910.00  0.8806316E-03   0.1004702E-08   0.8806326E-03
     2930.00  0.8608791E-03   0.1001947E-08   0.8608801E-03
     2950.00  0.8484471E-03   0.9992128E-09   0.8484481E-03
     2970.00  0.8437689E-03   0.9964989E-09   0.8437699E-03
     2990.00  0.8390519E-03   0.9938030E-09   0.8390529E-03
     3010.00  0.8368049E-03   0.9911235E-09   0.8368059E-03
     3030.00  0.8333145E-03   0.9884590E-09   0.8333155E-03
     3050.00  0.8297093E-03   0.9858091E-09   0.8297103E-03
     3070.00  0.8229982E-03   0.9831728E-09   0.8229992E-03
     3090.00  0.8155885E-03   0.9805479E-09   0.8155895E-03
     3110.00  0.8154664E-03   0.9779334E-09   0.8154674E-03
     3130.00  0.8052099E-03   0.9718057E-09   0.8052109E-03
     3150.00  0.8007202E-03   0.9692323E-09   0.8007212E-03
     3170.00  0.8041880E-03   0.9666668E-09   0.8041890E-03
     3190.00  0.7874596E-03   0.9641082E-09   0.7874606E-03
     3210.00  0.7920884E-03   0.9615558E-09   0.7920894E-03
     3230.00  0.7839449E-03   0.9590089E-09   0.7839459E-03
     3250.00  0.8001531E-03   0.9564667E-09   0.8001541E-03
     3270.00  0.8098323E-03   0.9539112E-09   0.8098333E-03
     3290.00  0.8046571E-03   0.9513472E-09   0.8046581E-03
     3310.00  0.7903840E-03   0.9487838E-09   0.7903849E-03
     3330.00  0.7824582E-03   0.9462205E-09   0.7824591E-03
     3350.00  0.7701109E-03   0.9436569E-09   0.7701118E-03
     3370.00  0.7380404E-03   0.9410927E-09   0.7380413E-03
     3390.00  0.7460996E-03   0.9385278E-09   0.7461005E-03
     3410.00  0.7473741E-03   0.9359617E-09   0.7473750E-03
     3430.00  0.7564383E-03   0.8931225E-09   0.7564392E-03
     3450.00  0.7495032E-03   0.8905737E-09   0.7495041E-03
     3470.00  0.7496669E-03   0.8880261E-09   0.7496678E-03
     3490.00  0.7596278E-03   0.8854797E-09   0.7596287E-03
     3510.00  0.7731310E-03   0.8829336E-09   0.7731319E-03
     3530.00  0.7615989E-03   0.8803837E-09   0.7615998E-03
     3550.00  0.7848399E-03   0.8778337E-09   0.7848408E-03
     3570.00  0.7360726E-03   0.8752833E-09   0.7360735E-03
     3590.00  0.7265402E-03   0.8727327E-09   0.7265411E-03
     3610.00  0.7484201E-03   0.8701818E-09   0.7484210E-03
     3630.00  0.7511904E-03   0.8676304E-09   0.7511913E-03
     3640.00  0.7636356E-03   0.8663546E-09   0.7636365E-03
     3650.00  0.7706868E-03   0.3176790E-09   0.7706871E-03
     3670.00  0.7640910E-03   0.3157379E-09   0.7640913E-03
     3690.00  0.7266438E-03   0.3063522E-09   0.7266441E-03
     3710.00  0.8308128E-03   0.3044646E-09   0.8308131E-03
     3730.00  0.8136229E-03   0.3026056E-09   0.8136232E-03
     3750.00  0.1029888E-02   0.3007744E-09   0.1029888E-02
     3770.00  0.1115306E-02   0.2989703E-09   0.1115306E-02
     3790.00  0.1287425E-02   0.2971926E-09   0.1287425E-02
     3810.00  0.1427058E-02   0.2954405E-09   0.1427058E-02
     3830.00  0.1119632E-02   0.2937134E-09   0.1119632E-02
     3850.00  0.1491380E-02   0.2920106E-09   0.1491380E-02
     3870.00  0.1588021E-02   0.2903315E-09   0.1588021E-02
     3890.00  0.1051520E-02   0.2886754E-09   0.1051520E-02
     3910.00  0.1610458E-02   0.2870419E-09   0.1610458E-02
     3930.00  0.1544415E-02   0.2854302E-09   0.1544415E-02
     3950.00  0.1584810E-02   0.2838399E-09   0.1584810E-02
     3970.00  0.9867901E-03   0.2822710E-09   0.9867904E-03
     3990.00  0.1590832E-02   0.2807242E-09   0.1590832E-02
     4010.00  0.1686456E-02   0.2791971E-09   0.1686456E-02
     4030.00  0.1654498E-02   0.2776891E-09   0.1654498E-02
     4050.00  0.1643522E-02   0.2761999E-09   0.1643522E-02
     4070.00  0.1591354E-02   0.2747288E-09   0.1591354E-02
     4090.00  0.1407788E-02   0.2732756E-09   0.1407788E-02
     4110.00  0.1124266E-02   0.2718398E-09   0.1124266E-02
     4130.00  0.1531650E-02   0.2704210E-09   0.1531650E-02
     4150.00  0.1532437E-02   0.2690188E-09   0.1532437E-02
     4170.00  0.1532619E-02   0.2676329E-09   0.1532619E-02
     4190.00  0.1520542E-02   0.2662628E-09   0.1520542E-02
     4210.00  0.1500176E-02   0.2649082E-09   0.1500176E-02
     4230.00  0.1480632E-02   0.2635687E-09   0.1480632E-02
     4250.00  0.1470650E-02   0.2622441E-09   0.1470650E-02
     4270.00  0.1438254E-02   0.2609339E-09   0.1438254E-02
     4290.00  0.1407221E-02   0.2596380E-09   0.1407221E-02
     4310.00  0.1342450E-02   0.2583559E-09   0.1342450E-02
     4330.00  0.1213345E-02   0.2570875E-09   0.1213345E-02
     4350.00  0.1083018E-02   0.2558324E-09   0.1083018E-02
     4370.00  0.1393082E-02   0.2545907E-09   0.1393082E-02
     4390.00  0.1383726E-02   0.2533617E-09   0.1383726E-02
     4410.00  0.1403191E-02   0.2521451E-09   0.1403191E-02
     4430.00  0.1432350E-02   0.2509408E-09   0.1432350E-02
     4450.00  0.1421548E-02   0.2497485E-09   0.1421548E-02
     4470.00  0.1422626E-02   0.2485678E-09   0.1422626E-02
     4490.00  0.1423364E-02   0.2473987E-09   0.1423364E-02
     4510.00  0.1443864E-02   0.2462409E-09   0.1443864E-02
     4530.00  0.1398435E-02   0.2450941E-09   0.1398435E-02
     4550.00  0.1403877E-02   0.2439582E-09   0.1403877E-02
     4570.00  0.1412045E-02   0.2428329E-09   0.1412045E-02
     4590.00  0.1391851E-02   0.2417181E-09   0.1391851E-02
     4610.00  0.1390669E-02   0.2406135E-09   0.1390669E-02
     4630.00  0.1384989E-02   0.2395190E-09   0.1384989E-02
     4650.00  0.1370218E-02   0.2384343E-09   0.1370218E-02
     4670.00  0.1376233E-02   0.2373594E-09   0.1376233E-02
     4690.00  0.1360865E-02   0.2362940E-09   0.1360865E-02
     4710.00  0.1342979E-02   0.2352380E-09   0.1342979E-02
     4730.00  0.1340667E-02   0.2341911E-09   0.1340667E-02
     4750.00  0.1330546E-02   0.2331533E-09   0.1330546E-02
     4770.00  0.1309479E-02   0.2321244E-09   0.1309479E-02
     4790.00  0.1300260E-02   0.2311042E-09   0.1300260E-02
     4810.00  0.1303999E-02   0.2300924E-09   0.1303999E-02
     4830.00  0.1271710E-02   0.2290888E-09   0.1271710E-02
     4850.00  0.1138297E-02   0.2280934E-09   0.1138297E-02
     4870.00  0.1001557E-02   0.2271062E-09   0.1001557E-02
     4890.00  0.1237366E-02   0.2261271E-09   0.1237366E-02
     4910.00  0.1259432E-02   0.2251558E-09   0.1259432E-02
     4930.00  0.1241984E-02   0.2241923E-09   0.1241984E-02
     4950.00  0.1244509E-02   0.2232365E-09   0.1244509E-02
     4970.00  0.1245125E-02   0.2222882E-09   0.1245125E-02
     4990.00  0.1208702E-02   0.2213473E-09   0.1208702E-02
     5010.00  0.1178957E-02   0.2204138E-09   0.1178957E-02
     5030.00  0.1189496E-02   0.2194874E-09   0.1189496E-02
     5050.00  0.1165623E-02   0.2185681E-09   0.1165623E-02
     5070.00  0.1164627E-02   0.2176565E-09   0.1164627E-02
     5090.00  0.1143403E-02   0.2167549E-09   0.1143403E-02
     5110.00  0.1130589E-02   0.2158600E-09   0.1130589E-02
     5130.00  0.1112083E-02   0.2149715E-09   0.1112083E-02
     5150.00  0.1085935E-02   0.2140895E-09   0.1085935E-02
     5170.00  0.1067905E-02   0.2132138E-09   0.1067905E-02
     5190.00  0.1091512E-02   0.2123443E-09   0.1091512E-02
     5210.00  0.1098812E-02   0.2114810E-09   0.1098812E-02
     5230.00  0.1153488E-02   0.2106238E-09   0.1153488E-02
     5250.00  0.1162926E-02   0.2097725E-09   0.1162926E-02
     5270.00  0.1113041E-02   0.2089272E-09   0.1113041E-02
     5290.00  0.1155752E-02   0.2080877E-09   0.1155752E-02
     5310.00  0.1167923E-02   0.2072540E-09   0.1167923E-02
     5330.00  0.1123701E-02   0.2064260E-09   0.1123701E-02
     5350.00  0.1145337E-02   0.2056036E-09   0.1145337E-02
     5370.00  0.1133603E-02   0.2047867E-09   0.1133603E-02
     5390.00  0.1125380E-02   0.2039752E-09   0.1125380E-02
     5410.00  0.1114982E-02   0.2031690E-09   0.1114982E-02
     5430.00  0.1105322E-02   0.2023683E-09   0.1105322E-02
     5450.00  0.1109179E-02   0.2015728E-09   0.1109179E-02
     5470.00  0.1116639E-02   0.2007825E-09   0.1116639E-02
     5490.00  0.1116204E-02   0.1999974E-09   0.1116204E-02
     5510.00  0.1101408E-02   0.1992174E-09   0.1101408E-02
     5530.00  0.1114012E-02   0.1984424E-09   0.1114012E-02
     5550.00  0.1114984E-02   0.1976723E-09   0.1114984E-02
     5570.00  0.1097919E-02   0.1969072E-09   0.1097919E-02
     5590.00  0.1084714E-02   0.1961470E-09   0.1084714E-02
     5610.00  0.1090993E-02   0.1953916E-09   0.1090993E-02
     5630.00  0.1098940E-02   0.1946409E-09   0.1098940E-02
     5650.00  0.1100991E-02   0.1938950E-09   0.1100991E-02
     5670.00  0.1086358E-02   0.1931536E-09   0.1086358E-02
     5690.00  0.1091982E-02   0.1924170E-09   0.1091982E-02
     5710.00  0.1070243E-02   0.1714564E-09   0.1070243E-02
     5730.00  0.1088581E-02   0.1707868E-09   0.1088581E-02
     5750.00  0.1081998E-02   0.1701216E-09   0.1081998E-02
     5770.00  0.1081320E-02   0.1694608E-09   0.1081320E-02
     5790.00  0.1069953E-02   0.1688043E-09   0.1069953E-02
     5810.00  0.1072717E-02   0.1681521E-09   0.1072717E-02
     5830.00  0.1073652E-02   0.1675042E-09   0.1073652E-02
     5850.00  0.1061834E-02   0.1668604E-09   0.1061834E-02
     5870.00  0.1057925E-02   0.1662208E-09   0.1057925E-02
     5890.00  0.9965182E-03   0.1655852E-09   0.9965184E-03
     5910.00  0.1049015E-02   0.1649537E-09   0.1049015E-02
     5930.00  0.1047731E-02   0.1643262E-09   0.1047731E-02
     5950.00  0.1043768E-02   0.1637027E-09   0.1043768E-02
     5970.00  0.1044359E-02   0.1630831E-09   0.1044359E-02
     5990.00  0.1041018E-02   0.1624674E-09   0.1041018E-02
     6010.00  0.1031655E-02   0.1618556E-09   0.1031655E-02
     6030.00  0.1033996E-02   0.1612475E-09   0.1033996E-02
     6050.00  0.1035125E-02   0.1606432E-09   0.1035125E-02
     6070.00  0.1026051E-02   0.1600426E-09   0.1026051E-02
     6090.00  0.1020353E-02   0.1594456E-09   0.1020353E-02
     6110.00  0.1016864E-02   0.1588520E-09   0.1016864E-02
     6130.00  0.9932928E-03   0.1582621E-09   0.9932930E-03
     6150.00  0.1007694E-02   0.1576757E-09   0.1007694E-02
     6170.00  0.9861107E-03   0.1570929E-09   0.9861109E-03
     6190.00  0.1001874E-02   0.1565136E-09   0.1001874E-02
     6210.00  0.9965008E-03   0.1559377E-09   0.9965010E-03
     6230.00  0.9863001E-03   0.1553652E-09   0.9863003E-03
     6250.00  0.9703014E-03   0.1547962E-09   0.9703016E-03
     6270.00  0.9837531E-03   0.1542305E-09   0.9837533E-03
     6290.00  0.9835021E-03   0.1536682E-09   0.9835023E-03
     6310.00  0.9756118E-03   0.1531091E-09   0.9756120E-03
     6330.00  0.9781599E-03   0.1525533E-09   0.9781601E-03
     6350.00  0.9824405E-03   0.1520008E-09   0.9824407E-03
     6370.00  0.9785716E-03   0.1514515E-09   0.9785718E-03
     6390.00  0.9725593E-03   0.1509053E-09   0.9725595E-03
     6410.00  0.9640222E-03   0.1503623E-09   0.9640224E-03
     6430.00  0.9668707E-03   0.1498225E-09   0.9668708E-03
     6450.00  0.9650182E-03   0.1492857E-09   0.9650183E-03
     6470.00  0.9568099E-03   0.1487520E-09   0.9568100E-03
     6490.00  0.9471589E-03   0.1482213E-09   0.9471590E-03
     6510.00  0.9585402E-03   0.1476936E-09   0.9585403E-03
     6530.00  0.9574482E-03   0.1471679E-09   0.9574483E-03
     6550.00  0.9118808E-03   0.1466448E-09   0.9118809E-03
     6570.00  0.8401974E-03   0.1461245E-09   0.8401975E-03
     6590.00  0.9336738E-03   0.1456072E-09   0.9336739E-03
     6610.00  0.9458753E-03   0.1450927E-09   0.9458754E-03
     6630.00  0.9497092E-03   0.1445810E-09   0.9497093E-03
     6650.00  0.9453472E-03   0.1438621E-09   0.9453473E-03
     6670.00  0.9381011E-03   0.1433580E-09   0.9381012E-03
     6690.00  0.9454576E-03   0.1428566E-09   0.9454577E-03
     6710.00  0.9331517E-03   0.1423579E-09   0.9331518E-03
     6730.00  0.9396791E-03   0.1418620E-09   0.9396792E-03
     6750.00  0.9293635E-03   0.1413687E-09   0.9293636E-03
     6770.00  0.9312578E-03   0.1408781E-09   0.9312579E-03
     6790.00  0.9290211E-03   0.1403901E-09   0.9290212E-03
     6810.00  0.9250823E-03   0.1399047E-09   0.9250824E-03
     6830.00  0.9257297E-03   0.1394220E-09   0.9257298E-03
     6850.00  0.9183306E-03   0.1389418E-09   0.9183307E-03
     6870.00  0.9158379E-03   0.1384642E-09   0.9158380E-03
     6890.00  0.9176988E-03   0.1379891E-09   0.9176989E-03
     6910.00  0.9134520E-03   0.1375166E-09   0.9134521E-03
     6930.00  0.9111551E-03   0.1370465E-09   0.9111552E-03
     6950.00  0.9055592E-03   0.1365789E-09   0.9055593E-03
     6970.00  0.9084621E-03   0.1361138E-09   0.9084622E-03
     6990.00  0.9034598E-03   0.1356512E-09   0.9034599E-03
     7010.00  0.9003577E-03   0.1351909E-09   0.9003578E-03
     7030.00  0.9046447E-03   0.1347330E-09   0.9046448E-03
     7050.00  0.9065093E-03   0.1342776E-09   0.9065094E-03
     7070.00  0.9007759E-03   0.1338245E-09   0.9007760E-03
     7090.00  0.8988981E-03   0.1333737E-09   0.8988982E-03
     7110.00  0.8963497E-03   0.1329253E-09   0.8963498E-03
     7130.00  0.8904266E-03   0.1324792E-09   0.8904267E-03
     7150.00  0.8852217E-03   0.1320354E-09   0.8852218E-03
     7170.00  0.8910525E-03   0.1315939E-09   0.8910526E-03
     7190.00  0.8777336E-03   0.1311546E-09   0.8777337E-03
     7210.00  0.8789341E-03   0.1307176E-09   0.8789342E-03
     7230.00  0.8867941E-03   0.1302829E-09   0.8867942E-03
     7250.00  0.8823161E-03   0.1298503E-09   0.8823162E-03
     7270.00  0.8839979E-03   0.1294200E-09   0.8839980E-03
     7290.00  0.8790305E-03   0.1289918E-09   0.8790306E-03
     7310.00  0.8795521E-03   0.1285659E-09   0.8795522E-03
     7330.00  0.8768071E-03   0.1281420E-09   0.8768072E-03
     7350.00  0.8735009E-03   0.1277204E-09   0.8735010E-03
     7370.00  0.8774065E-03   0.1273008E-09   0.8774066E-03
     7390.00  0.8717455E-03   0.1268833E-09   0.8717456E-03
     7410.00  0.8616836E-03   0.1264680E-09   0.8616837E-03
     7430.00  0.8678502E-03   0.1260547E-09   0.8678503E-03
     7450.00  0.8669168E-03   0.1255720E-09   0.8669169E-03
     7470.00  0.8651739E-03   0.1251632E-09   0.8651740E-03
     7490.00  0.8629212E-03   0.1247564E-09   0.8629213E-03
     7510.00  0.8612784E-03   0.1243517E-09   0.8612785E-03
     7530.00  0.8615859E-03   0.1239490E-09   0.8615860E-03
     7550.00  0.8618739E-03   0.1235482E-09   0.8618740E-03
     7570.00  0.8587302E-03   0.1231495E-09   0.8587303E-03
     7590.00  0.8542570E-03   0.1227527E-09   0.8542571E-03
     7610.00  0.8542064E-03   0.1223574E-09   0.8542065E-03
     7630.00  0.8535361E-03   0.1219636E-09   0.8535362E-03
     7650.00  0.8524911E-03   0.1215717E-09   0.8524912E-03
     7670.00  0.8358491E-03   0.1211817E-09   0.8358492E-03
     7690.00  0.8466301E-03   0.1207936E-09   0.8466302E-03
     7710.00  0.8364671E-03   0.1204073E-09   0.8364672E-03
     7730.00  0.8408850E-03   0.1200229E-09   0.8408851E-03
     7750.00  0.8357922E-03   0.1196404E-09   0.8357923E-03
     7770.00  0.8408837E-03   0.1192596E-09   0.8408838E-03
     7790.00  0.8370874E-03   0.1188808E-09   0.8370875E-03
     7810.00  0.8380048E-03   0.1185037E-09   0.8380049E-03
     7830.00  0.8324091E-03   0.1181284E-09   0.8324092E-03
     7850.00  0.8305164E-03   0.1177549E-09   0.8305165E-03
     7870.00  0.8320929E-03   0.1162564E-09   0.8320930E-03
     7890.00  0.8279871E-03   0.1158916E-09   0.8279872E-03
     7910.00  0.8192118E-03   0.1155286E-09   0.8192119E-03
     7930.00  0.8180214E-03   0.1151672E-09   0.8180215E-03
     7950.00  0.8135569E-03   0.1148076E-09   0.8135570E-03
     7970.00  0.8202870E-03   0.1144496E-09   0.8202871E-03
     7990.00  0.8175462E-03   0.1140933E-09   0.8175463E-03
     8010.00  0.8129093E-03   0.1137387E-09   0.8129094E-03
     8030.00  0.8133238E-03   0.1133858E-09   0.8133239E-03
     8050.00  0.8064934E-03   0.1130345E-09   0.8064935E-03
     8070.00  0.8069139E-03   0.1126848E-09   0.8069140E-03
     8090.00  0.8036114E-03   0.1123367E-09   0.8036115E-03
     8110.00  0.8042881E-03   0.1119903E-09   0.8042882E-03
     8130.00  0.8039325E-03   0.1116455E-09   0.8039326E-03
     8150.00  0.8021576E-03   0.1113022E-09   0.8021577E-03
     8170.00  0.8003407E-03   0.1109606E-09   0.8003408E-03
     8190.00  0.7844192E-03   0.1106205E-09   0.7844193E-03
     8210.00  0.7896519E-03   0.1032624E-09   0.7896520E-03
     8230.00  0.7900168E-03   0.7569490E-10   0.7900169E-03
     8250.00  0.7910908E-03   0.7546118E-10   0.7910909E-03
     8270.00  0.7924622E-03   0.7522866E-10   0.7924623E-03
     8290.00  0.7890198E-03   0.7474973E-10   0.7890199E-03
     8310.00  0.7819566E-03   0.7452093E-10   0.7819567E-03
     8330.00  0.7713019E-03   0.7429331E-10   0.7713020E-03
     8350.00  0.7769389E-03   0.7406682E-10   0.7769390E-03
     8370.00  0.7712384E-03   0.7384146E-10   0.7712385E-03
     8390.00  0.7479873E-03   0.7361723E-10   0.7479874E-03
     8410.00  0.7659592E-03   0.7339410E-10   0.7659593E-03
     8430.00  0.7518691E-03   0.7317209E-10   0.7518692E-03
     8450.00  0.7686578E-03   0.7295116E-10   0.7686579E-03
     8470.00  0.7535006E-03   0.7273133E-10   0.7535007E-03
     8490.00  0.7641716E-03   0.7251258E-10   0.7641717E-03
     8510.00  0.7291329E-03   0.7229490E-10   0.7291330E-03
     8530.00  0.7661006E-03   0.7207829E-10   0.7661007E-03
     8550.00  0.6814660E-03   0.7186274E-10   0.6814661E-03
     8570.00  0.7732180E-03   0.7164823E-10   0.7732181E-03
     8590.00  0.7534243E-03   0.7143477E-10   0.7534244E-03
     8610.00  0.7465077E-03   0.7122235E-10   0.7465078E-03
     8630.00  0.7691312E-03   0.7101095E-10   0.7691313E-03
     8650.00  0.7596149E-03   0.7080058E-10   0.7596150E-03
     8670.00  0.6724990E-03   0.7059122E-10   0.6724991E-03
     8690.00  0.7449825E-03   0.7038286E-10   0.7449826E-03
     8710.00  0.7643867E-03   0.7017551E-10   0.7643868E-03
     8730.00  0.7571198E-03   0.6996915E-10   0.7571199E-03
     8750.00  0.7202837E-03   0.6976377E-10   0.7202838E-03
     8770.00  0.7478108E-03   0.6955938E-10   0.7478109E-03
     8790.00  0.7559572E-03   0.6935596E-10   0.7559573E-03
     8810.00  0.7477690E-03   0.6915350E-10   0.7477691E-03
     8830.00  0.7427879E-03   0.6895201E-10   0.7427880E-03
     8850.00  0.7321838E-03   0.6875146E-10   0.7321839E-03
     8870.00  0.7091660E-03   0.6855187E-10   0.7091661E-03
     8890.00  0.7424528E-03   0.6835321E-10   0.7424529E-03
     8910.00  0.7462181E-03   0.6815549E-10   0.7462182E-03
     8930.00  0.7432945E-03   0.6795869E-10   0.7432946E-03
     8950.00  0.7380339E-03   0.6776281E-10   0.7380340E-03
     8970.00  0.7374606E-03   0.6756785E-10   0.7374607E-03
     8990.00  0.7313170E-03   0.6737380E-10   0.7313171E-03
     9010.00  0.6905175E-03   0.6718066E-10   0.6905176E-03
     9030.00  0.7108781E-03   0.6698840E-10   0.7108782E-03
     9050.00  0.7277361E-03   0.6679704E-10   0.7277362E-03
     9070.00  0.7262615E-03   0.6660657E-10   0.7262616E-03
     9090.00  0.7157235E-03   0.6641697E-10   0.7157236E-03
     9110.00  0.7203648E-03   0.6622824E-10   0.7203649E-03
     9130.00  0.7179369E-03   0.6604041E-10   0.7179370E-03
     9150.00  0.7180731E-03   0.6585343E-10   0.7180732E-03
     9170.00  0.7156063E-03   0.6566732E-10   0.7156064E-03
     9190.00  0.7129588E-03   0.6548206E-10   0.7129589E-03
     9210.00  0.7009198E-03   0.6529764E-10   0.7009199E-03
     9230.00  0.6750944E-03   0.6511406E-10   0.6750945E-03
     9250.00  0.6934773E-03   0.6493131E-10   0.6934774E-03
     9270.00  0.7012854E-03   0.6474940E-10   0.7012855E-03
     9290.00  0.7002860E-03   0.6456830E-10   0.7002861E-03
     9310.00  0.7013001E-03   0.6438802E-10   0.7013002E-03
     9330.00  0.6992529E-03   0.6420856E-10   0.6992530E-03
     9350.00  0.6959824E-03   0.6402990E-10   0.6959825E-03
     9370.00  0.6886641E-03   0.6385204E-10   0.6886642E-03
     9390.00  0.6923046E-03   0.6367498E-10   0.6923047E-03
     9410.00  0.6859675E-03   0.6349871E-10   0.6859676E-03
     9430.00  0.6879356E-03   0.6332323E-10   0.6879357E-03
     9450.00  0.6826959E-03   0.6314853E-10   0.6826960E-03
     9470.00  0.6830935E-03   0.6297461E-10   0.6830936E-03
     9490.00  0.6803738E-03   0.6280146E-10   0.6803739E-03
     9510.00  0.6762144E-03   0.6262907E-10   0.6762145E-03
     9530.00  0.6661574E-03   0.6245745E-10   0.6661575E-03
     9550.00  0.6388972E-03   0.6228659E-10   0.6388973E-03
     9570.00  0.6613363E-03   0.6211648E-10   0.6613364E-03
     9590.00  0.6679831E-03   0.6194712E-10   0.6679832E-03
     9610.00  0.6619724E-03   0.6177849E-10   0.6619725E-03
     9630.00  0.6637046E-03   0.6161061E-10   0.6637047E-03
     9650.00  0.6520356E-03   0.6144346E-10   0.6520357E-03
     9670.00  0.6518972E-03   0.6127705E-10   0.6518973E-03
     9690.00  0.6548869E-03   0.6111136E-10   0.6548870E-03
     9710.00  0.6496476E-03   0.6094639E-10   0.6496477E-03
     9730.00  0.6468551E-03   0.6078213E-10   0.6468552E-03
     9750.00  0.6455009E-03   0.6061859E-10   0.6455010E-03
     9770.00  0.6456861E-03   0.6045576E-10   0.6456862E-03
     9790.00  0.6369629E-03   0.6029363E-10   0.6369630E-03
     9810.00  0.6452291E-03   0.6013220E-10   0.6452292E-03
     9830.00  0.6426025E-03   0.5997146E-10   0.6426026E-03
     9850.00  0.6412201E-03   0.5981142E-10   0.6412202E-03
     9870.00  0.6378489E-03   0.5965206E-10   0.6378490E-03
     9890.00  0.6356021E-03   0.5949339E-10   0.6356022E-03
     9910.00  0.6307945E-03   0.5933540E-10   0.6307946E-03
     9930.00  0.6300234E-03   0.5917807E-10   0.6300235E-03
     9950.00  0.6286461E-03   0.5902142E-10   0.6286462E-03
     9970.00  0.6262750E-03   0.5886544E-10   0.6262751E-03
     9990.00  0.6235689E-03   0.5871011E-10   0.6235690E-03
    10025.00  0.6125880E-03   0.5843988E-10   0.6125881E-03
    10075.00  0.6042218E-03   0.5805729E-10   0.6042219E-03
    10125.00  0.6088700E-03   0.5767872E-10   0.6088701E-03
    10175.00  0.6032538E-03   0.5730514E-10   0.6032539E-03
    10225.00  0.5985687E-03   0.5693563E-10   0.5985688E-03
    10275.00  0.5947336E-03   0.5656992E-10   0.5947337E-03
    10325.00  0.5859625E-03   0.5620795E-10   0.5859626E-03
    10375.00  0.5814557E-03   0.5584968E-10   0.5814558E-03
    10425.00  0.5790308E-03   0.5549504E-10   0.5790309E-03
    10475.00  0.5725964E-03   0.5514400E-10   0.5725965E-03
    10525.00  0.5692180E-03   0.5479649E-10   0.5692181E-03
    10575.00  0.5624752E-03   0.5445248E-10   0.5624753E-03
    10625.00  0.5578279E-03   0.5411191E-10   0.5578280E-03
    10675.00  0.5517946E-03   0.5377473E-10   0.5517947E-03
    10725.00  0.5484778E-03   0.5344090E-10   0.5484779E-03
    10775.00  0.5420638E-03   0.5311037E-10   0.5420639E-03
    10825.00  0.5362441E-03   0.5278311E-10   0.5362442E-03
    10875.00  0.5322286E-03   0.5245905E-10   0.5322287E-03
    10925.00  0.5201448E-03   0.5213817E-10   0.5201449E-03
    10975.00  0.5211959E-03   0.5182041E-10   0.5211960E-03
    11025.00  0.5208928E-03   0.5150575E-10   0.5208929E-03
    11075.00  0.5172319E-03   0.5119412E-10   0.5172320E-03
    11125.00  0.5124026E-03   0.5088551E-10   0.5124027E-03
    11175.00  0.5071271E-03   0.4863431E-10   0.5071271E-03
    11225.00  0.5038272E-03   0.4834370E-10   0.5038272E-03
    11275.00  0.4977598E-03   0.4805589E-10   0.4977598E-03
    11325.00  0.4945341E-03   0.4777082E-10   0.4945341E-03
    11375.00  0.4886192E-03   0.4748847E-10   0.4886192E-03
    11425.00  0.4821866E-03   0.4720879E-10   0.4821866E-03
    11475.00  0.4827445E-03   0.4693175E-10   0.4827445E-03
    11525.00  0.4789502E-03   0.4665732E-10   0.4789502E-03
    11575.00  0.4740378E-03   0.4638547E-10   0.4740378E-03
    11625.00  0.4658643E-03   0.4611616E-10   0.4658643E-03
    11675.00  0.4647064E-03   0.4584936E-10   0.4647064E-03
    11725.00  0.4633897E-03   0.4558504E-10   0.4633897E-03
    11775.00  0.4569562E-03   0.4532316E-10   0.4569562E-03
    11825.00  0.4530385E-03   0.4506371E-10   0.4530385E-03
    11875.00  0.4463700E-03   0.4480664E-10   0.4463700E-03
    11925.00  0.4483168E-03   0.4455192E-10   0.4483168E-03
    11975.00  0.4387976E-03   0.4429953E-10   0.4387976E-03
    12025.00  0.4396120E-03   0.4404944E-10   0.4396120E-03
    12075.00  0.4351954E-03   0.4380162E-10   0.4351954E-03
    12125.00  0.4335461E-03   0.4355603E-10   0.4335461E-03
    12175.00  0.4307642E-03   0.4331266E-10   0.4307642E-03
    12225.00  0.4273345E-03   0.4307148E-10   0.4273345E-03
    12275.00  0.4237464E-03   0.4283245E-10   0.4237464E-03
    12325.00  0.4208534E-03   0.4259555E-10   0.4208534E-03
    12375.00  0.4177055E-03   0.4236077E-10   0.4177055E-03
    12425.00  0.4142733E-03   0.4212806E-10   0.4142733E-03
    12475.00  0.4114210E-03   0.4189741E-10   0.4114210E-03
    12525.00  0.4081491E-03   0.4165716E-10   0.4081491E-03
    12575.00  0.4055293E-03   0.4143069E-10   0.4055293E-03
    12625.00  0.4023130E-03   0.4120619E-10   0.4023130E-03
    12675.00  0.3994098E-03   0.4098365E-10   0.3994098E-03
    12725.00  0.3966672E-03   0.4076305E-10   0.3966672E-03
    12775.00  0.3930200E-03   0.4054436E-10   0.3930200E-03
    12825.00  0.3830435E-03   0.4032756E-10   0.3830435E-03
    12875.00  0.3868943E-03   0.4011262E-10   0.3868943E-03
    12925.00  0.3849264E-03   0.3989953E-10   0.3849264E-03
    12975.00  0.3836696E-03   0.3968826E-10   0.3836696E-03
    13025.00  0.3809764E-03   0.3947880E-10   0.3809764E-03
    13075.00  0.3786086E-03   0.3927092E-10   0.3786086E-03
    13125.00  0.3745157E-03   0.3906478E-10   0.3745157E-03
    13175.00  0.3725428E-03   0.3886038E-10   0.3725428E-03
    13225.00  0.3713112E-03   0.3865770E-10   0.3713112E-03
    13275.00  0.3673478E-03   0.3845670E-10   0.3673478E-03
    13325.00  0.3663349E-03   0.3825739E-10   0.3663349E-03
    13375.00  0.3641862E-03   0.3805973E-10   0.3641862E-03
    13425.00  0.3623348E-03   0.3786372E-10   0.3623348E-03
    13475.00  0.3601406E-03   0.3766932E-10   0.3601406E-03
    13525.00  0.3580303E-03   0.3747653E-10   0.3580303E-03
    13575.00  0.3551030E-03   0.3728532E-10   0.3551030E-03
    13625.00  0.3516471E-03   0.3709076E-10   0.3516471E-03
    13675.00  0.3515594E-03   0.3690271E-10   0.3515594E-03
    13725.00  0.3499778E-03   0.3671619E-10   0.3499778E-03
    13775.00  0.3480719E-03   0.3653118E-10   0.3480719E-03
    13825.00  0.3463748E-03   0.3634767E-10   0.3463748E-03
    13875.00  0.3429188E-03   0.3616565E-10   0.3429188E-03
    13925.00  0.3429145E-03   0.3598509E-10   0.3429145E-03
    13975.00  0.3411822E-03   0.3580598E-10   0.3411822E-03
    14025.00  0.3384218E-03   0.3562830E-10   0.3384218E-03
    14075.00  0.3377769E-03   0.3545205E-10   0.3377769E-03
    14125.00  0.3357463E-03   0.3518954E-10   0.3357463E-03
    14175.00  0.3346405E-03   0.3501680E-10   0.3346405E-03
    14225.00  0.3321922E-03   0.3484542E-10   0.3321922E-03
    14275.00  0.3299652E-03   0.3467539E-10   0.3299652E-03
    14325.00  0.3298423E-03   0.3450670E-10   0.3298423E-03
    14375.00  0.3288307E-03   0.3433933E-10   0.3288307E-03
    14425.00  0.3254736E-03   0.3417327E-10   0.3254736E-03
    14475.00  0.3261935E-03   0.3400851E-10   0.3261935E-03
    14525.00  0.3237862E-03   0.3384502E-10   0.3237862E-03
    14570.00  0.3223976E-03   0.3369897E-10   0.3223976E-03
    14620.00  0.3224231E-03   0.2881714E-10   0.3224231E-03
    14675.00  0.3209371E-03   0.2866911E-10   0.3209371E-03
    14725.00  0.3187985E-03   0.2851443E-10   0.3187985E-03
    14775.00  0.3185128E-03   0.2838206E-10   0.3185128E-03
    14825.00  0.3173618E-03   0.2825072E-10   0.3173618E-03
    14875.00  0.3139601E-03   0.2812038E-10   0.3139601E-03
    14925.00  0.3156865E-03   0.2799105E-10   0.3156865E-03
    14975.00  0.3141295E-03   0.2786269E-10   0.3141295E-03
    15025.00  0.3095818E-03   0.2773532E-10   0.3095818E-03
    15075.00  0.3094747E-03   0.2760891E-10   0.3094747E-03
    15125.00  0.3116046E-03   0.2748346E-10   0.3116046E-03
    15175.00  0.3105710E-03   0.2735895E-10   0.3105710E-03
    15225.00  0.3093502E-03   0.2723538E-10   0.3093502E-03
    15275.00  0.3085268E-03   0.2711274E-10   0.3085268E-03
    15325.00  0.3076344E-03   0.2699101E-10   0.3076344E-03
    15375.00  0.3075179E-03   0.2687020E-10   0.3075179E-03
    15425.00  0.3067320E-03   0.2675028E-10   0.3067320E-03
    15475.00  0.3065860E-03   0.2663124E-10   0.3065860E-03
    15525.00  0.3053558E-03   0.2651309E-10   0.3053558E-03
    15575.00  0.3028588E-03   0.2639581E-10   0.3028588E-03
    15625.00  0.3039104E-03   0.2627940E-10   0.3039104E-03
    15675.00  0.3024972E-03   0.2616383E-10   0.3024972E-03
    15725.00  0.3007176E-03   0.2604911E-10   0.3007176E-03
    15775.00  0.2977349E-03   0.2593523E-10   0.2977349E-03
    15825.00  0.2994321E-03   0.2582217E-10   0.2994321E-03
    15875.00  0.2955900E-03   0.2570993E-10   0.2955900E-03
    15925.00  0.2990864E-03   0.2559851E-10   0.2990864E-03
    15975.00  0.2971856E-03   0.2548789E-10   0.2971856E-03
    16050.00  0.2961625E-03   0.2532344E-10   0.2961625E-03
    16150.00  0.2929822E-03   0.2510692E-10   0.2929822E-03
    16250.00  0.2917219E-03   0.2489346E-10   0.2917219E-03
    16350.00  0.2882257E-03   0.2468302E-10   0.2882257E-03
    16450.00  0.2811724E-03   0.2447554E-10   0.2811724E-03
    16550.00  0.2793039E-03   0.2427095E-10   0.2793039E-03
    16650.00  0.2733058E-03   0.2406920E-10   0.2733058E-03
    16750.00  0.2676968E-03   0.2387024E-10   0.2676968E-03
    16850.00  0.2618320E-03   0.2367401E-10   0.2618320E-03
    16950.00  0.2592633E-03   0.2348046E-10   0.2592633E-03
    17050.00  0.2539054E-03   0.2328954E-10   0.2539054E-03
    17150.00  0.2492733E-03   0.2310121E-10   0.2492733E-03
    17250.00  0.2449312E-03   0.2291541E-10   0.2449312E-03
    17350.00  0.2387254E-03   0.2273210E-10   0.2387254E-03
    17450.00  0.2360170E-03   0.2255123E-10   0.2360170E-03
    17550.00  0.2322261E-03   0.2237276E-10   0.2322261E-03
    17650.00  0.2281324E-03   0.2219663E-10   0.2281324E-03
    17750.00  0.2240213E-03   0.2202282E-10   0.2240213E-03
    17850.00  0.2201852E-03   0.2185128E-10   0.2201852E-03
    17950.00  0.2163380E-03   0.2168197E-10   0.2163380E-03
    18050.00  0.2123323E-03   0.2151484E-10   0.2123323E-03
    18150.00  0.2074337E-03   0.2134987E-10   0.2074337E-03
    18250.00  0.2047630E-03   0.2118702E-10   0.2047630E-03
    18350.00  0.2016647E-03   0.2102638E-10   0.2016647E-03
    18450.00  0.1978849E-03   0.2086777E-10   0.1978849E-03
    18550.00  0.1948148E-03   0.2037479E-10   0.1948148E-03
    18650.00  0.1912505E-03   0.2022305E-10   0.1912505E-03
    18750.00  0.1856375E-03   0.2007320E-10   0.1856375E-03
    18850.00  0.1849820E-03   0.1992519E-10   0.1849820E-03
    18950.00  0.1811228E-03   0.1977902E-10   0.1811228E-03
    19050.00  0.1791461E-03   0.1963463E-10   0.1791461E-03
    19150.00  0.1760320E-03   0.1949200E-10   0.1760320E-03
    19250.00  0.1732714E-03   0.1935110E-10   0.1732714E-03
    19350.00  0.1699253E-03   0.1921190E-10   0.1699253E-03
    19450.00  0.1657102E-03   0.1907438E-10   0.1657102E-03
    19550.00  0.1645010E-03   0.1893851E-10   0.1645010E-03
    19650.00  0.1621611E-03   0.1880425E-10   0.1621611E-03
    19750.00  0.1584708E-03   0.1867159E-10   0.1584708E-03
    19850.00  0.1564155E-03   0.1854050E-10   0.1564155E-03
    19950.00  0.1543237E-03   0.1841094E-10   0.1543237E-03
    20050.00  0.1522640E-03   0.1828291E-10   0.1522640E-03
    20150.00  0.1499011E-03   0.1815636E-10   0.1499011E-03
    20250.00  0.1473638E-03   0.1802996E-10   0.1473638E-03
    20350.00  0.1449979E-03   0.1790635E-10   0.1449979E-03
    20450.00  0.1429851E-03   0.1778417E-10   0.1429851E-03
    20550.00  0.1407415E-03   0.1766338E-10   0.1407415E-03
    20650.00  0.1383539E-03   0.1754397E-10   0.1383539E-03
    20750.00  0.1363978E-03   0.1742591E-10   0.1363978E-03
    20850.00  0.1343482E-03   0.1730920E-10   0.1343482E-03
    20950.00  0.1321043E-03   0.1719379E-10   0.1321043E-03
    21050.00  0.1302942E-03   0.1707968E-10   0.1302942E-03
    21150.00  0.1282402E-03   0.1696685E-10   0.1282402E-03
    21250.00  0.1263392E-03   0.1685527E-10   0.1263392E-03
    21350.00  0.1244759E-03   0.1674492E-10   0.1244759E-03
    21450.00  0.1226561E-03   0.1663580E-10   0.1226561E-03
    21550.00  0.1207249E-03   0.1652721E-10   0.1207249E-03
    21650.00  0.1181723E-03   0.1642048E-10   0.1181723E-03
    21750.00  0.1170201E-03   0.1631490E-10   0.1170201E-03
    21850.00  0.1153316E-03   0.1621047E-10   0.1153316E-03
    21950.00  0.1137291E-03   0.1610717E-10   0.1137291E-03
    22050.00  0.1116397E-03   0.1600497E-10   0.1116397E-03
    22150.00  0.1104307E-03   0.1590388E-10   0.1104307E-03
    22250.00  0.1085186E-03   0.1579167E-10   0.1085186E-03
    22350.00  0.1071081E-03   0.1569285E-10   0.1071081E-03
    22450.00  0.1055894E-03   0.1559507E-10   0.1055894E-03
    22550.00  0.1040799E-03   0.1549833E-10   0.1040799E-03
    22650.00  0.1025339E-03   0.1540259E-10   0.1025339E-03
    22750.00  0.1010763E-03   0.1530786E-10   0.1010763E-03
    22850.00  0.9954380E-04   0.1420139E-10   0.9954381E-04
    22950.00  0.9064695E-04   0.1411312E-10   0.9064696E-04
    23050.00  0.9328257E-04   0.1402889E-10   0.9328258E-04
    23150.00  0.9261602E-04   0.1394551E-10   0.9261603E-04
    23250.00  0.8454985E-04   0.1386299E-10   0.8454986E-04
    23350.00  0.8787200E-04   0.1378130E-10   0.8787201E-04
    23450.00  0.8785096E-04   0.1370044E-10   0.8785097E-04
    23550.00  0.8026876E-04   0.1362040E-10   0.8026877E-04
    23650.00  0.8339015E-04   0.1354116E-10   0.8339016E-04
    23750.00  0.8349663E-04   0.1346271E-10   0.8349664E-04
    23850.00  0.7694641E-04   0.1338504E-10   0.7694642E-04
    23950.00  0.7930142E-04   0.1330814E-10   0.7930143E-04
    24050.00  0.7955852E-04   0.1323201E-10   0.7955853E-04
    24150.00  0.7458690E-04   0.1315662E-10   0.7458691E-04
    24250.00  0.7604377E-04   0.1308197E-10   0.7604378E-04
    24350.00  0.7616270E-04   0.1300805E-10   0.7616271E-04
    24450.00  0.7299319E-04   0.1293485E-10   0.7299320E-04
    24550.00  0.7236116E-04   0.1286236E-10   0.7236117E-04
    24650.00  0.7329934E-04   0.1279057E-10   0.7329935E-04
    24750.00  0.7116939E-04   0.1271947E-10   0.7116940E-04
    24850.00  0.6955835E-04   0.1264905E-10   0.6955836E-04
    24950.00  0.7002064E-04   0.1257930E-10   0.7002065E-04
    25050.00  0.7009127E-04   0.1251022E-10   0.7009128E-04
    25150.00  0.6707925E-04   0.1244179E-10   0.6707926E-04
    25250.00  0.6742467E-04   0.1237401E-10   0.6742468E-04
    25350.00  0.6713038E-04   0.1230686E-10   0.6713039E-04
    25450.00  0.6582068E-04   0.1224035E-10   0.6582069E-04
    25550.00  0.6514415E-04   0.1217445E-10   0.6514416E-04
    25650.00  0.6446430E-04   0.1210917E-10   0.6446431E-04
    25750.00  0.6406157E-04   0.1204450E-10   0.6406158E-04
    25850.00  0.6247583E-04   0.1198042E-10   0.6247584E-04
    25950.00  0.6233742E-04   0.1191693E-10   0.6233743E-04
    26050.00  0.6166068E-04   0.1185402E-10   0.6166069E-04
    26150.00  0.6076686E-04   0.1179169E-10   0.6076687E-04
    26250.00  0.5986801E-04   0.1172992E-10   0.5986802E-04
    26350.00  0.5948436E-04   0.1166872E-10   0.5948437E-04
    26450.00  0.5899812E-04   0.1160806E-10   0.5899813E-04
    26550.00  0.5815634E-04   0.1154796E-10   0.5815635E-04
    26650.00  0.5706647E-04   0.1148839E-10   0.5706648E-04
    26750.00  0.5689750E-04   0.1142936E-10   0.5689751E-04
    26850.00  0.5623069E-04   0.1137085E-10   0.5623070E-04
    26950.00  0.5550043E-04   0.1131286E-10   0.5550044E-04
    27050.00  0.5493029E-04   0.1125538E-10   0.5493030E-04
    27150.00  0.5421420E-04   0.1119841E-10   0.5421421E-04
    27250.00  0.5362897E-04   0.1114194E-10   0.5362898E-04
    27350.00  0.5285327E-04   0.1108597E-10   0.5285328E-04
    27450.00  0.5231171E-04   0.1103048E-10   0.5231172E-04
    27550.00  0.5158551E-04   0.1097548E-10   0.5158552E-04
    27650.00  0.5097393E-04   0.1083771E-10   0.5097394E-04
    27750.00  0.5042109E-04   0.1078418E-10   0.5042110E-04
    27850.00  0.4981875E-04   0.1073111E-10   0.4981876E-04
    27950.00  0.4926535E-04   0.1067850E-10   0.4926536E-04
    28050.00  0.4863005E-04   0.1062633E-10   0.4863006E-04
    28150.00  0.4801086E-04   0.1057461E-10   0.4801087E-04
    28250.00  0.4745136E-04   0.1052333E-10   0.4745137E-04
    28350.00  0.4686798E-04   0.1047248E-10   0.4686799E-04
    28450.00  0.4626302E-04   0.1042206E-10   0.4626303E-04
    28550.00  0.4569330E-04   0.1037207E-10   0.4569331E-04
    28650.00  0.4508728E-04   0.1032249E-10   0.4508729E-04
    28750.00  0.4440424E-04   0.1027332E-10   0.4440425E-04
    28850.00  0.4402105E-04   0.1022457E-10   0.4402106E-04
    28950.00  0.4349850E-04   0.1017622E-10   0.4349851E-04
    29050.00  0.4297113E-04   0.1012826E-10   0.4297114E-04
    29150.00  0.4242396E-04   0.1008071E-10   0.4242397E-04
    29250.00  0.4187598E-04   0.1003354E-10   0.4187599E-04
    29350.00  0.4141388E-04   0.9986755E-11   0.4141389E-04
    29450.00  0.4089034E-04   0.9940354E-11   0.4089035E-04
    29550.00  0.4039983E-04   0.9894330E-11   0.4039984E-04
    29650.00  0.3989863E-04   0.9848678E-11   0.3989864E-04
    29750.00  0.3942668E-04   0.9803162E-11   0.3942669E-04
    29850.00  0.3894593E-04   0.9758244E-11   0.3894594E-04
    29950.00  0.3849238E-04   0.9713685E-11   0.3849239E-04
    30050.00  0.3801439E-04   0.9669483E-11   0.3801440E-04
    30150.00  0.3756170E-04   0.9625633E-11   0.3756171E-04
    30250.00  0.3710501E-04   0.9582132E-11   0.3710502E-04
    30350.00  0.3652765E-04   0.9538975E-11   0.3652766E-04
    30450.00  0.3616584E-04   0.9496158E-11   0.3616585E-04
    30550.00  0.3579516E-04   0.9453679E-11   0.3579517E-04
    30650.00  0.3537480E-04   0.9411532E-11   0.3537481E-04
    30750.00  0.3496316E-04   0.9369716E-11   0.3496317E-04
    30850.00  0.3454337E-04   0.9328225E-11   0.3454338E-04
    30950.00  0.3414506E-04   0.9287056E-11   0.3414507E-04
    31050.00  0.3375213E-04   0.9246206E-11   0.3375214E-04
    31150.00  0.3329603E-04   0.9205672E-11   0.3329604E-04
    31250.00  0.3297101E-04   0.9165450E-11   0.3297102E-04
    31350.00  0.3258632E-04   0.9125420E-11   0.3258633E-04
    31450.00  0.3220885E-04   0.9085813E-11   0.3220886E-04
    31550.00  0.3180744E-04   0.9046509E-11   0.3180745E-04
    31650.00  0.3145618E-04   0.9007504E-11   0.3145619E-04
    31750.00  0.3110817E-04   0.8968794E-11   0.3110818E-04
    31850.00  0.3075157E-04   0.8930377E-11   0.3075158E-04
    31950.00  0.3040949E-04   0.8892250E-11   0.3040950E-04
    32100.00  0.2989002E-04   0.8833123E-11   0.2989003E-04
    32300.00  0.2920862E-04   0.8758604E-11   0.2920863E-04
    32500.00  0.2856491E-04   0.8685190E-11   0.2856492E-04
    32700.00  0.2792165E-04   0.8612856E-11   0.2792166E-04
    32900.00  0.2723285E-04   0.8255883E-11   0.2723286E-04
    33100.00  0.2668110E-04   0.8188078E-11   0.2668111E-04
    33300.00  0.2610731E-04   0.8121898E-11   0.2610732E-04
    33500.00  0.2555112E-04   0.8056665E-11   0.2555113E-04
    33700.00  0.2499956E-04   0.7992359E-11   0.2499957E-04
    33900.00  0.2443578E-04   0.7928963E-11   0.2443579E-04
    34100.00  0.2392217E-04   0.7866458E-11   0.2392218E-04
    34300.00  0.2343014E-04   0.7804826E-11   0.2343015E-04
    34500.00  0.2293987E-04   0.7744051E-11   0.2293988E-04
    34700.00  0.2246960E-04   0.7684117E-11   0.2246961E-04
    34900.00  0.2199182E-04   0.7625005E-11   0.2199183E-04
    35100.00  0.2153599E-04   0.7566702E-11   0.2153600E-04
    35300.00  0.2110264E-04   0.7509191E-11   0.2110265E-04
    35500.00  0.2066251E-04   0.7452457E-11   0.2066252E-04
    35700.00  0.2023899E-04   0.7396486E-11   0.2023900E-04
    35900.00  0.1983733E-04   0.7341263E-11   0.1983734E-04
    36100.00  0.1943899E-04   0.7286774E-11   0.1943900E-04
    36300.00  0.1905011E-04   0.7233005E-11   0.1905012E-04
    36500.00  0.1865557E-04   0.7179943E-11   0.1865558E-04
    36700.00  0.1829862E-04   0.7127576E-11   0.1829863E-04
    36900.00  0.1792047E-04   0.7075889E-11   0.1792048E-04
    37100.00  0.1757986E-04   0.7024871E-11   0.1757987E-04
    37300.00  0.1722516E-04   0.6974510E-11   0.1722517E-04
    37500.00  0.1686117E-04   0.6924794E-11   0.1686118E-04
    37700.00  0.1657432E-04   0.6875711E-11   0.1657433E-04
    37900.00  0.1625668E-04   0.6827250E-11   0.1625669E-04
    38100.00  0.1593084E-04   0.6779399E-11   0.1593085E-04
    38300.00  0.1563398E-04   0.6732149E-11   0.1563399E-04
    38500.00  0.1534537E-04   0.6685487E-11   0.1534538E-04
    38700.00  0.1503831E-04   0.6613632E-11   0.1503832E-04
    38900.00  0.1475444E-04   0.6568364E-11   0.1475445E-04
    39100.00  0.1447114E-04   0.6523652E-11   0.1447115E-04
    39300.00  0.1421785E-04   0.6479486E-11   0.1421786E-04
    39500.00  0.1394667E-04   0.6435857E-11   0.1394668E-04
    39700.00  0.1369811E-04   0.6392755E-11   0.1369812E-04
    39900.00  0.1343041E-04   0.6350171E-11   0.1343042E-04
    40100.00  0.1318035E-04   0.6308097E-11   0.1318036E-04
    40300.00  0.1294520E-04   0.6266524E-11   0.1294521E-04
    40500.00  0.1267824E-04   0.6225444E-11   0.1267825E-04
    40700.00  0.1247984E-04   0.6184848E-11   0.1247985E-04
    40900.00  0.1225815E-04   0.6144729E-11   0.1225816E-04
    41100.00  0.1203649E-04   0.6105027E-11   0.1203650E-04
    41300.00  0.1181866E-04   0.6065836E-11   0.1181867E-04
    41500.00  0.1160743E-04   0.6027100E-11   0.1160744E-04
    41700.00  0.1137969E-04   0.5988808E-11   0.1137970E-04
    41900.00  0.1120496E-04   0.5950956E-11   0.1120497E-04
    42100.00  0.1099766E-04   0.5913535E-11   0.1099767E-04
    42300.00  0.1080914E-04   0.5876538E-11   0.1080915E-04
    42500.00  0.1062223E-04   0.5839960E-11   0.1062224E-04
    42700.00  0.1044332E-04   0.5803792E-11   0.1044333E-04
    42900.00  0.9915709E-05   0.5768029E-11   0.9915715E-05
    43100.00  0.9445184E-05   0.5732633E-11   0.9445190E-05
    43300.00  0.9435899E-05   0.5697658E-11   0.9435905E-05
    43500.00  0.8926410E-05   0.5663069E-11   0.8926416E-05
    43700.00  0.8647410E-05   0.5628859E-11   0.8647416E-05
    43900.00  0.8486087E-05   0.5594390E-11   0.8486093E-05
    44100.00  0.8062105E-05   0.5560933E-11   0.8062111E-05
    44300.00  0.7907964E-05   0.5527839E-11   0.7907970E-05
    44500.00  0.7740715E-05   0.5495101E-11   0.7740720E-05
    44700.00  0.7420431E-05   0.5440528E-11   0.7420436E-05
    44900.00  0.7441156E-05   0.5332925E-11   0.7441161E-05
    45100.00  0.7210717E-05   0.5302026E-11   0.7210722E-05
    45300.00  0.6999473E-05   0.5271452E-11   0.6999478E-05
    45500.00  0.6980947E-05   0.5241200E-11   0.6980952E-05
    45700.00  0.6924291E-05   0.5211264E-11   0.6924296E-05
    45900.00  0.6621295E-05   0.5181640E-11   0.6621300E-05
    46100.00  0.6694029E-05   0.5152322E-11   0.6694034E-05
    46300.00  0.6564169E-05   0.5123307E-11   0.6564174E-05
    46500.00  0.6526439E-05   0.5094590E-11   0.6526444E-05
    46700.00  0.6484650E-05   0.5066166E-11   0.6484655E-05
    46900.00  0.6376439E-05   0.5038032E-11   0.6376444E-05
    47100.00  0.6262026E-05   0.5010183E-11   0.6262031E-05
    47300.00  0.6298822E-05   0.4982616E-11   0.6298827E-05
    47500.00  0.6121568E-05   0.4955325E-11   0.6121573E-05
    47700.00  0.6072886E-05   0.4928307E-11   0.6072891E-05
    47900.00  0.6007037E-05   0.4901559E-11   0.6007042E-05
    48100.00  0.5832813E-05   0.4875076E-11   0.5832818E-05
    48300.00  0.5886448E-05   0.4848855E-11   0.5886453E-05
    48500.00  0.5773702E-05   0.4822891E-11   0.5773707E-05
    48700.00  0.5632782E-05   0.4797182E-11   0.5632787E-05
    48900.00  0.5563345E-05   0.4771724E-11   0.5563350E-05
    49100.00  0.5501962E-05   0.4746514E-11   0.5501967E-05
    49300.00  0.5411345E-05   0.4721547E-11   0.5411350E-05
    49500.00  0.5321691E-05   0.4696821E-11   0.5321696E-05
    49700.00  0.5285222E-05   0.4672333E-11   0.5285227E-05
    49900.00  0.5212176E-05   0.4648078E-11   0.5212181E-05
    50100.00  0.5145588E-05   0.4624054E-11   0.5145593E-05
    50300.00  0.5083389E-05   0.4600258E-11   0.5083394E-05
    50500.00  0.4954839E-05   0.4576687E-11   0.4954844E-05
    50700.00  0.4918256E-05   0.4553338E-11   0.4918261E-05
    50900.00  0.4881474E-05   0.4530207E-11   0.4881479E-05
    51100.00  0.4776971E-05   0.4507292E-11   0.4776976E-05
    51300.00  0.4747532E-05   0.4484590E-11   0.4747536E-05
    51500.00  0.4661523E-05   0.4452572E-11   0.4661527E-05
    51700.00  0.4658891E-05   0.4430356E-11   0.4658895E-05
    51900.00  0.4550441E-05   0.4408344E-11   0.4550445E-05
    52100.00  0.4508288E-05   0.4386533E-11   0.4508292E-05
    52300.00  0.4438986E-05   0.4364921E-11   0.4438990E-05
    52500.00  0.4412916E-05   0.4343505E-11   0.4412920E-05
    52700.00  0.4387353E-05   0.4322282E-11   0.4387357E-05
    52900.00  0.4273451E-05   0.4301251E-11   0.4273455E-05
    53100.00  0.4231063E-05   0.4280408E-11   0.4231067E-05
    53300.00  0.4193553E-05   0.4259751E-11   0.4193557E-05
    53500.00  0.4150860E-05   0.4239278E-11   0.4150864E-05
    53700.00  0.4105964E-05   0.4218986E-11   0.4105968E-05
    53900.00  0.4062725E-05   0.4198874E-11   0.4062729E-05
    54100.00  0.4011332E-05   0.4178938E-11   0.4011336E-05
    54300.00  0.3932712E-05   0.4159165E-11   0.3932716E-05
    54500.00  0.3916699E-05   0.4139577E-11   0.3916703E-05
    54700.00  0.3862392E-05   0.4120159E-11   0.3862396E-05
    54900.00  0.3810593E-05   0.4100909E-11   0.3810597E-05
    55100.00  0.3764495E-05   0.4081825E-11   0.3764499E-05
    55300.00  0.3765922E-05   0.4062906E-11   0.3765926E-05
    55500.00  0.3664710E-05   0.4044148E-11   0.3664714E-05
    55700.00  0.3662724E-05   0.4025551E-11   0.3662728E-05
    55900.00  0.3600284E-05   0.4007111E-11   0.3600288E-05
    56100.00  0.3563133E-05   0.3988828E-11   0.3563137E-05
    56300.00  0.3504485E-05   0.3970700E-11   0.3504489E-05
    56500.00  0.3485150E-05   0.3952714E-11   0.3485154E-05
    56700.00  0.3440534E-05   0.3934887E-11   0.3440538E-05
    56900.00  0.3380375E-05   0.3917210E-11   0.3380379E-05
    57100.00  0.3363149E-05   0.3899679E-11   0.3363153E-05
    57300.00  0.3318313E-05   0.3882294E-11   0.3318317E-05
    57500.00  0.3279318E-05   0.3864856E-11   0.3279322E-05
    57700.00  0.3234999E-05   0.3847758E-11   0.3235003E-05
    57900.00  0.3210587E-05   0.3830801E-11   0.3210591E-05
    58100.00  0.3159336E-05   0.3813983E-11   0.3159340E-05
    58300.00  0.3124418E-05   0.3797302E-11   0.3124422E-05
    58500.00  0.3091570E-05   0.3742020E-11   0.3091574E-05
    58700.00  0.3045700E-05   0.3725797E-11   0.3045704E-05
    58900.00  0.3012888E-05   0.3709765E-11   0.3012892E-05
    59100.00  0.2974729E-05   0.3693861E-11   0.2974733E-05
    59300.00  0.2942497E-05   0.3678083E-11   0.2942501E-05
    59500.00  0.2906159E-05   0.3662432E-11   0.2906163E-05
    59700.00  0.2878455E-05   0.3646904E-11   0.2878459E-05
    59900.00  0.2842345E-05   0.3631498E-11   0.2842349E-05
    60100.00  0.2810427E-05   0.3616214E-11   0.2810431E-05
    60300.00  0.2775426E-05   0.3601050E-11   0.2775430E-05
    60500.00  0.2735827E-05   0.3586004E-11   0.2735831E-05
    60700.00  0.2704104E-05   0.3571076E-11   0.2704108E-05
    60900.00  0.2674667E-05   0.3556263E-11   0.2674671E-05
    61100.00  0.2638716E-05   0.3541565E-11   0.2638720E-05
    61300.00  0.2611056E-05   0.3526980E-11   0.2611060E-05
    61500.00  0.2580959E-05   0.3512507E-11   0.2580963E-05
    61700.00  0.2553371E-05   0.3498145E-11   0.2553374E-05
    61900.00  0.2523821E-05   0.3483893E-11   0.2523824E-05
    62100.00  0.2494930E-05   0.3469749E-11   0.2494933E-05
    62300.00  0.2463995E-05   0.3455712E-11   0.2463998E-05
    62500.00  0.2431065E-05   0.3441781E-11   0.2431068E-05
    62700.00  0.2403980E-05   0.3427955E-11   0.2403983E-05
    62900.00  0.2375846E-05   0.3414233E-11   0.2375849E-05
    63100.00  0.2348426E-05   0.3400614E-11   0.2348429E-05
    63300.00  0.2323847E-05   0.3387096E-11   0.2323850E-05
    63500.00  0.2294053E-05   0.3373678E-11   0.2294056E-05
    63700.00  0.2271635E-05   0.3360360E-11   0.2271638E-05
    63900.00  0.2239051E-05   0.3347141E-11   0.2239054E-05
    64200.00  0.2203419E-05   0.3327493E-11   0.2203422E-05
    64600.00  0.2152290E-05   0.3301631E-11   0.2152293E-05
    65000.00  0.2103572E-05   0.3276144E-11   0.2103575E-05
    65400.00  0.2054951E-05   0.3251023E-11   0.2054954E-05
    65800.00  0.2009469E-05   0.3226263E-11   0.2009472E-05
    66200.00  0.1962835E-05   0.3197892E-11   0.1962838E-05
    66600.00  0.1918451E-05   0.3173874E-11   0.1918454E-05
    67000.00  0.1875898E-05   0.3150194E-11   0.1875901E-05
    67400.00  0.1833409E-05   0.3126844E-11   0.1833412E-05
    67800.00  0.1792434E-05   0.3103818E-11   0.1792437E-05
    68200.00  0.1752653E-05   0.3081109E-11   0.1752656E-05
    68600.00  0.1713664E-05   0.3058712E-11   0.1713667E-05
    69000.00  0.1675612E-05   0.3036620E-11   0.1675615E-05
    69400.00  0.1638974E-05   0.3014821E-11   0.1638977E-05
    69800.00  0.1602869E-05   0.2993321E-11   0.1602872E-05
    70200.00  0.1568013E-05   0.2972108E-11   0.1568016E-05
    70600.00  0.1534339E-05   0.2951178E-11   0.1534342E-05
    71000.00  0.1501087E-05   0.2930524E-11   0.1501090E-05
    71400.00  0.1468830E-05   0.2910142E-11   0.1468833E-05
    71800.00  0.1437457E-05   0.2890024E-11   0.1437460E-05
    72200.00  0.1407095E-05   0.2870169E-11   0.1407098E-05
    72600.00  0.1377139E-05   0.2850571E-11   0.1377142E-05
    73000.00  0.1348436E-05   0.2831152E-11   0.1348439E-05
    73400.00  0.1320158E-05   0.2812053E-11   0.1320161E-05
    73800.00  0.1292661E-05   0.2793196E-11   0.1292664E-05
    74200.00  0.1266036E-05   0.2757557E-11   0.1266039E-05
    74600.00  0.1238620E-05   0.2739346E-11   0.1238623E-05
    75000.00  0.1213296E-05   0.2721362E-11   0.1213299E-05
    75400.00  0.1189574E-05   0.2703601E-11   0.1189577E-05
    75800.00  0.1165450E-05   0.2686059E-11   0.1165453E-05
    76200.00  0.1142116E-05   0.2668732E-11   0.1142119E-05
    76600.00  0.1119121E-05   0.2651616E-11   0.1119124E-05
    77000.00  0.1096784E-05   0.2634707E-11   0.1096787E-05
    77400.00  0.1074757E-05   0.2618002E-11   0.1074760E-05
    77800.00  0.1053378E-05   0.2601497E-11   0.1053381E-05
    78200.00  0.1032521E-05   0.2585189E-11   0.1032524E-05
    78600.00  0.1012426E-05   0.2569074E-11   0.1012429E-05
    79000.00  0.9928152E-06   0.2553150E-11   0.9928178E-06
    79400.00  0.9733719E-06   0.2537412E-11   0.9733744E-06
    79800.00  0.9546825E-06   0.2521858E-11   0.9546850E-06
    80200.00  0.9359903E-06   0.2506484E-11   0.9359928E-06
    80600.00  0.9184420E-06   0.2491288E-11   0.9184445E-06
    81000.00  0.9008396E-06   0.2476267E-11   0.9008421E-06
    81400.00  0.8837089E-06   0.2461417E-11   0.8837114E-06
    81800.00  0.8669675E-06   0.2446736E-11   0.8669699E-06
    82200.00  0.8505266E-06   0.2432221E-11   0.8505290E-06
    82600.00  0.8349843E-06   0.2416043E-11   0.8349867E-06
    83000.00  0.8192485E-06   0.2401869E-11   0.8192509E-06
    83400.00  0.8041691E-06   0.2387853E-11   0.8041715E-06
    83800.00  0.7892437E-06   0.2373992E-11   0.7892461E-06
    84200.00  0.7748555E-06   0.2360284E-11   0.7748579E-06
    84600.00  0.7604807E-06   0.2346727E-11   0.7604830E-06
    85000.00  0.7468655E-06   0.2333317E-11   0.7468678E-06
    85400.00  0.7331607E-06   0.2320054E-11   0.7331630E-06
    85800.00  0.7201197E-06   0.2306933E-11   0.7201220E-06
    86200.00  0.7071683E-06   0.2293950E-11   0.7071706E-06
    86600.00  0.6945073E-06   0.2281110E-11   0.6945096E-06
    87000.00  0.6820906E-06   0.2268407E-11   0.6820929E-06
    87400.00  0.6699709E-06   0.2255838E-11   0.6699732E-06
    87800.00  0.6583026E-06   0.2243402E-11   0.6583048E-06
    88200.00  0.6467095E-06   0.2231096E-11   0.6467117E-06
    88600.00  0.6354295E-06   0.2218919E-11   0.6354317E-06
    89000.00  0.6241271E-06   0.2206867E-11   0.6241293E-06
    89400.00  0.6135597E-06   0.2194941E-11   0.6135619E-06
    89800.00  0.6027881E-06   0.2183138E-11   0.6027903E-06
    90200.00  0.5925742E-06   0.2171427E-11   0.5925764E-06
    90600.00  0.5825203E-06   0.2159866E-11   0.5825225E-06
    91000.00  0.5723504E-06   0.2148421E-11   0.5723525E-06
    91400.00  0.5628403E-06   0.2128922E-11   0.5628424E-06
    91800.00  0.5531895E-06   0.2117767E-11   0.5531916E-06
    92200.00  0.5439291E-06   0.2106732E-11   0.5439312E-06
    92600.00  0.5347546E-06   0.2095807E-11   0.5347567E-06
    93000.00  0.5259655E-06   0.2084991E-11   0.5259676E-06
    93400.00  0.5169949E-06   0.2074281E-11   0.5169970E-06
    93800.00  0.5086847E-06   0.2063676E-11   0.5086868E-06
    94200.00  0.5002613E-06   0.2053175E-11   0.5002634E-06
    94600.00  0.4920901E-06   0.2042776E-11   0.4920921E-06
    95000.00  0.4841664E-06   0.2032479E-11   0.4841684E-06
    95400.00  0.4760820E-06   0.2022280E-11   0.4760840E-06
    95800.00  0.4683163E-06   0.2012179E-11   0.4683183E-06
    96200.00  0.4609811E-06   0.2002175E-11   0.4609831E-06
    96600.00  0.4534430E-06   0.1992267E-11   0.4534450E-06
    97000.00  0.4461849E-06   0.1982452E-11   0.4461869E-06
    97400.00  0.4391148E-06   0.1972730E-11   0.4391168E-06
    97800.00  0.4321007E-06   0.1963099E-11   0.4321027E-06
    98200.00  0.4252807E-06   0.1953559E-11   0.4252827E-06
    98600.00  0.4186209E-06   0.1944107E-11   0.4186228E-06
    99000.00  0.4120278E-06   0.1934743E-11   0.4120297E-06
    99400.00  0.4053752E-06   0.1925465E-11   0.4053771E-06
    99800.00  0.3992787E-06   0.1916273E-11   0.3992806E-06
   100200.00  0.3929975E-06   0.4060150E-12   0.3929979E-06
   200000.00  0.2588421E-07   0.1019102E-12   0.2588431E-07
   400000.00  0.1645277E-08   0.2547754E-13   0.1645302E-08
   600000.00  0.3251334E-09   0.1132335E-13   0.3251447E-09
   800000.00  0.1026573E-09   0.6369386E-14   0.1026637E-09
  1000000.00  0.4191271E-10   0.4076407E-14   0.4191679E-10
  1200000.00  0.2012894E-10   0.2830838E-14   0.2013177E-10
  1400000.00  0.1081633E-10   0.2079799E-14   0.1081841E-10
  1600000.00  0.6320870E-11   0.1592346E-14   0.6322462E-11
