       91.00  0.6736432E-15   0.0000000E+00   0.6736432E-15
       94.00  0.8465661E-15   0.0000000E+00   0.8465661E-15
       96.00  0.1044225E-14   0.0000000E+00   0.1044225E-14
       98.00  0.1253782E-14   0.0000000E+00   0.1253782E-14
      100.00  0.1894427E-14   0.0000000E+00   0.1894427E-14
      102.00  0.3906142E-14   0.0000000E+00   0.3906142E-14
      104.00  0.4038820E-14   0.0000000E+00   0.4038820E-14
      106.00  0.8368897E-14   0.0000000E+00   0.8368897E-14
      108.00  0.1043096E-13   0.0000000E+00   0.1043096E-13
      110.00  0.3800985E-13   0.0000000E+00   0.3800985E-13
      114.00  0.1370018E-12   0.0000000E+00   0.1370018E-12
      118.00  0.4321130E-12   0.0000000E+00   0.4321130E-12
      121.00  0.1225931E-11   0.0000000E+00   0.1225931E-11
      125.00  0.3347552E-11   0.0000000E+00   0.3347552E-11
      127.00  0.5612579E-11   0.0000000E+00   0.5612579E-11
      128.00  0.7984666E-11   0.0000000E+00   0.7984666E-11
      131.00  0.1067847E-10   0.0000000E+00   0.1067847E-10
      132.00  0.1226520E-10   0.0000000E+00   0.1226520E-10
      134.00  0.1655306E-10   0.0000000E+00   0.1655306E-10
      137.00  0.2609884E-10   0.0000000E+00   0.2609884E-10
      140.00  0.3609986E-10   0.0000000E+00   0.3609986E-10
      143.00  0.4937016E-10   0.0000000E+00   0.4937016E-10
      147.00  0.8917243E-10   0.0000000E+00   0.8917243E-10
      151.00  0.1698574E-09   0.0000000E+00   0.1698574E-09
      155.00  0.4047211E-09   0.0000000E+00   0.4047211E-09
      159.00  0.9313821E-09   0.0000000E+00   0.9313821E-09
      162.00  0.9327799E-07   0.0000000E+00   0.9327799E-07
      166.00  0.1576358E-06   0.0000000E+00   0.1576358E-06
      170.00  0.2397497E-06   0.0000000E+00   0.2397497E-06
      173.00  0.3030442E-06   0.0000000E+00   0.3030442E-06
      177.00  0.4463490E-06   0.0000000E+00   0.4463490E-06
      180.00  0.5892826E-06   0.0000000E+00   0.5892826E-06
      182.00  0.7035155E-06   0.0000000E+00   0.7035155E-06
      186.00  0.9941780E-06   0.0000000E+00   0.9941780E-06
      191.00  0.1498528E-05   0.0000000E+00   0.1498528E-05
      194.00  0.9877744E-06   0.0000000E+00   0.9877744E-06
      198.00  0.1527322E-05   0.0000000E+00   0.1527322E-05
      202.00  0.1883903E-06   0.0000000E+00   0.1883903E-06
      205.00  0.4988606E-06   0.0000000E+00   0.4988606E-06
      210.00  0.6133126E-05   0.0000000E+00   0.6133126E-05
      216.00  0.7976296E-05   0.0000000E+00   0.7976296E-05
      220.00  0.7421104E-05   0.0000000E+00   0.7421104E-05
      223.00  0.1313287E-04   0.0000000E+00   0.1313287E-04
      227.00  0.1246119E-04   0.0000000E+00   0.1246119E-04
      228.00  0.1081338E-04   0.0000000E+00   0.1081338E-04
      228.00  0.4526305E-04   0.0000000E+00   0.4526305E-04
      230.00  0.5292987E-05   0.0000000E+00   0.5292987E-05
      234.00  0.8523311E-04   0.0000000E+00   0.8523311E-04
      240.00  0.9468182E-04   0.0000000E+00   0.9468182E-04
      246.00  0.2272946E-04   0.0000000E+00   0.2272946E-04
      252.00  0.3590518E-03   0.0000000E+00   0.3590518E-03
      257.00  0.1756942E-02   0.0000000E+00   0.1756942E-02
      260.00  0.1041380E-02   0.0000000E+00   0.1041380E-02
      264.00  0.4129450E-02   0.0000000E+00   0.4129450E-02
      269.00  0.3931187E-02   0.0000000E+00   0.3931187E-02
      274.00  0.2346508E-02   0.0000000E+00   0.2346508E-02
      279.00  0.6388058E-03   0.0000000E+00   0.6388058E-03
      284.00  0.3727790E-02   0.0000000E+00   0.3727790E-02
      290.00  0.2586926E-02   0.0000000E+00   0.2586926E-02
      296.00  0.6283710E-02   0.0000000E+00   0.6283710E-02
      301.00  0.5460574E-02   0.0000000E+00   0.5460574E-02
      308.00  0.9537722E-02   0.0000000E+00   0.9537722E-02
      318.00  0.3692681E-01   0.0000000E+00   0.3692681E-01
      328.00  0.6683538E-02   0.0000000E+00   0.6683538E-02
      338.00  0.8779938E-02   0.0000000E+00   0.8779938E-02
      348.00  0.1301792E-01   0.0000000E+00   0.1301792E-01
      353.30  0.1613235E-01   0.0000000E+00   0.1613235E-01
      353.30  0.3214252E-01   0.0000000E+00   0.3214252E-01
      357.00  0.6337608E-02   0.0000000E+00   0.6337608E-02
      366.00  0.5794744E-01   0.0000000E+00   0.5794744E-01
      375.00  0.5897590E-01   0.0000000E+00   0.5897590E-01
      385.00  0.1922784E-01   0.0000000E+00   0.1922784E-01
      395.00  0.7125278E-01   0.0000000E+00   0.7125278E-01
      405.00  0.9595113E-01   0.0000000E+00   0.9595113E-01
      414.00  0.9560542E-01   0.0000000E+00   0.9560542E-01
      422.00  0.1010099E+00   0.0000000E+00   0.1010099E+00
      430.00  0.3322888E-01   0.0000000E+00   0.3322888E-01
      441.00  0.1878080E-01   0.0000000E+00   0.1878080E-01
      451.00  0.1020153E+00   0.0000000E+00   0.1020153E+00
      460.00  0.8382073E-01   0.0000000E+00   0.8382073E-01
      470.00  0.1202123E+00   0.0000000E+00   0.1202123E+00
      480.00  0.1004783E+00   0.0000000E+00   0.1004783E+00
      490.00  0.1163428E+00   0.0000000E+00   0.1163428E+00
      500.00  0.1160937E+00   0.0000000E+00   0.1160937E+00
      504.60  0.1114822E+00   0.0000000E+00   0.1114822E+00
      504.60  0.8590180E-02   0.0000000E+00   0.8590180E-02
      506.00  0.3971821E-01   0.0000000E+00   0.3971821E-01
      512.00  0.1331023E+00   0.0000000E+00   0.1331023E+00
      520.00  0.1761959E+00   0.0000000E+00   0.1761959E+00
      530.00  0.1729730E+00   0.0000000E+00   0.1729730E+00
      540.00  0.2893252E-01   0.0000000E+00   0.2893252E-01
      550.00  0.3006863E-01   0.0000000E+00   0.3006863E-01
      560.00  0.2609626E+00   0.0000000E+00   0.2609626E+00
      570.00  0.3563997E+00   0.0000000E+00   0.3563997E+00
      580.00  0.1799393E+00   0.0000000E+00   0.1799393E+00
      590.00  0.4064447E+00   0.0000000E+00   0.4064447E+00
      600.00  0.3660332E+00   0.0000000E+00   0.3660332E+00
      610.00  0.2079264E+00   0.0000000E+00   0.2079264E+00
      620.00  0.2833113E+00   0.0000000E+00   0.2833113E+00
      630.00  0.1802732E+00   0.0000000E+00   0.1802732E+00
      640.00  0.2867446E+00   0.0000000E+00   0.2867446E+00
      650.00  0.2996649E+00   0.0000000E+00   0.2996649E+00
      658.00  0.1230260E+00   0.0000000E+00   0.1230260E+00
      665.00  0.1357896E+00   0.0000000E+00   0.1357896E+00
      675.00  0.2336372E+00   0.0000000E+00   0.2336372E+00
      685.00  0.2695426E+00   0.0000000E+00   0.2695426E+00
      695.00  0.2084409E+00   0.0000000E+00   0.2084409E+00
      705.00  0.2291223E+00   0.0000000E+00   0.2291223E+00
      716.00  0.3506224E+00   0.0000000E+00   0.3506224E+00
      726.00  0.3008162E+00   0.0000000E+00   0.3008162E+00
      735.00  0.3370716E+00   0.0000000E+00   0.3370716E+00
      745.00  0.2518961E+00   0.0000000E+00   0.2518961E+00
      755.00  0.3490939E+00   0.0000000E+00   0.3490939E+00
      765.00  0.4212074E+00   0.0000000E+00   0.4212074E+00
      775.00  0.3321009E+00   0.0000000E+00   0.3321009E+00
      785.00  0.4573488E-01   0.0000000E+00   0.4573488E-01
      795.00  0.2047640E+00   0.0000000E+00   0.2047640E+00
      805.00  0.3339471E+00   0.0000000E+00   0.3339471E+00
      815.00  0.2915494E+00   0.0000000E+00   0.2915494E+00
      825.00  0.3287476E+00   0.0000000E+00   0.3287476E+00
      835.00  0.2142739E+00   0.0000000E+00   0.2142739E+00
      845.00  0.2603813E+00   0.0000000E+00   0.2603813E+00
      855.00  0.2656215E+00   0.0000000E+00   0.2656215E+00
      865.00  0.2731303E+00   0.0000000E+00   0.2731303E+00
      875.00  0.3113121E+00   0.0000000E+00   0.3113121E+00
      885.00  0.3055204E+00   0.0000000E+00   0.3055204E+00
      895.00  0.2868382E+00   0.0000000E+00   0.2868382E+00
      905.00  0.3063868E+00   0.0000000E+00   0.3063868E+00
      912.40  0.3454660E+00   0.8031066E-07   0.3454660E+00
      912.40  0.1484343E+01   0.8031268E-07   0.1484343E+01
      915.00  0.1409119E+01   0.8711155E-07   0.1409119E+01
      925.00  0.1119794E+01   0.1114047E-06   0.1119794E+01
      935.00  0.1459132E+01   0.1416916E-06   0.1459132E+01
      945.00  0.1025073E+01   0.1792561E-06   0.1025073E+01
      955.00  0.9729009E+00   0.2256145E-06   0.9729011E+00
      965.00  0.1076132E+01   0.2825492E-06   0.1076132E+01
      975.00  0.7990653E+00   0.3521458E-06   0.7990657E+00
      985.00  0.2358288E+00   0.4368351E-06   0.2358292E+00
      995.00  0.1097640E+01   0.5394374E-06   0.1097641E+01
     1005.00  0.8775055E+00   0.6632131E-06   0.8775062E+00
     1015.00  0.9722952E+00   0.8119157E-06   0.9722960E+00
     1025.00  0.9497933E+00   0.9898507E-06   0.9497943E+00
     1035.00  0.8386485E+00   0.1201939E-05   0.8386497E+00
     1045.00  0.1031263E+01   0.1453790E-05   0.1031264E+01
     1055.00  0.1033517E+01   0.1751763E-05   0.1033519E+01
     1065.00  0.9817051E+00   0.2103050E-05   0.9817072E+00
     1075.00  0.8216691E+00   0.2515765E-05   0.8216716E+00
     1085.00  0.8076749E+00   0.2999028E-05   0.8076779E+00
     1095.00  0.9645825E+00   0.3563059E-05   0.9645861E+00
     1105.00  0.9400129E+00   0.4219278E-05   0.9400171E+00
     1115.00  0.5958122E+00   0.4980406E-05   0.5958172E+00
     1125.00  0.4479486E+00   0.5860577E-05   0.4479545E+00
     1135.00  0.8835772E+00   0.6875459E-05   0.8835841E+00
     1145.00  0.8890614E+00   0.8042362E-05   0.8890694E+00
     1155.00  0.4555929E+00   0.9380373E-05   0.4556023E+00
     1165.00  0.4257941E+00   0.1091048E-04   0.4258050E+00
     1175.00  0.5672140E+00   0.1265570E-04   0.5672267E+00
     1185.00  0.7878591E+00   0.1464123E-04   0.7878737E+00
     1195.00  0.7123994E+00   0.1689459E-04   0.7124163E+00
     1205.00  0.6646244E+00   0.1944575E-04   0.6646438E+00
     1215.00  0.6377644E+00   0.2232731E-04   0.6377867E+00
     1225.00  0.6145306E+00   0.3094449E-02   0.6176250E+00
     1235.00  0.5485109E+00   0.5882264E-02   0.5543932E+00
     1245.00  0.5886260E+00   0.8252227E-02   0.5968782E+00
     1255.00  0.5097024E+00   0.1027680E-01   0.5199792E+00
     1265.00  0.6807193E+00   0.1200970E-01   0.6927290E+00
     1275.00  0.6682979E+00   0.1349342E-01   0.6817913E+00
     1285.00  0.5067948E+00   0.1476267E-01   0.5215575E+00
     1295.00  0.5662931E+00   0.1584634E-01   0.5821394E+00
     1305.00  0.6306410E+00   0.1676881E-01   0.6474098E+00
     1315.00  0.4882223E+00   0.1755085E-01   0.5057732E+00
     1325.00  0.4714387E+00   0.1821026E-01   0.4896490E+00
     1335.00  0.6020441E+00   0.1876241E-01   0.6208065E+00
     1345.00  0.4051791E+00   0.1922063E-01   0.4243997E+00
     1355.00  0.5681859E+00   0.1959652E-01   0.5877824E+00
     1365.00  0.5526425E+00   0.1990020E-01   0.5725427E+00
     1375.00  0.5155863E+00   0.2014056E-01   0.5357269E+00
     1385.00  0.3959726E+00   0.2032540E-01   0.4162980E+00
     1395.00  0.4013573E+00   0.2046159E-01   0.4218189E+00
     1405.00  0.5953112E+00   0.2055520E-01   0.6158664E+00
     1415.00  0.4425735E+00   0.2061160E-01   0.4631851E+00
     1425.00  0.3496504E+00   0.2063557E-01   0.3702860E+00
     1435.00  0.4284012E+00   0.2063135E-01   0.4490325E+00
     1442.00  0.4507288E+00   0.2061365E-01   0.4713424E+00
     1447.00  0.4243314E+00   0.2059434E-01   0.4449257E+00
     1455.00  0.4482318E+00   0.2055300E-01   0.4687848E+00
     1465.00  0.4073872E+00   0.2048526E-01   0.4278725E+00
     1475.00  0.4418102E+00   0.2040219E-01   0.4622124E+00
     1485.00  0.3914288E+00   0.2030622E-01   0.4117350E+00
     1495.00  0.4281353E+00   0.2019952E-01   0.4483348E+00
     1505.00  0.3911238E+00   0.2008409E-01   0.4112079E+00
     1512.00  0.3444534E+00   0.1999904E-01   0.3644524E+00
     1517.00  0.3743421E+00   0.1993652E-01   0.3942786E+00
     1525.00  0.3121051E+00   0.1983396E-01   0.3319391E+00
     1535.00  0.3443170E+00   0.1970235E-01   0.3640194E+00
     1545.00  0.1720910E+00   0.1956822E-01   0.1916592E+00
     1555.00  0.4101248E+00   0.1943273E-01   0.4295575E+00
     1565.00  0.1947141E+00   0.1929704E-01   0.2140111E+00
     1575.00  0.3239982E+00   0.1916220E-01   0.3431604E+00
     1585.00  0.2161728E+00   0.1902917E-01   0.2352020E+00
     1595.00  0.3455267E+00   0.1889881E-01   0.3644255E+00
     1605.00  0.3596029E+00   0.1877197E-01   0.3783749E+00
     1615.00  0.3533165E+00   0.1864939E-01   0.3719659E+00
     1625.00  0.3468093E+00   0.1853181E-01   0.3653411E+00
     1635.00  0.3419763E+00   0.1841989E-01   0.3603962E+00
     1645.00  0.3361027E+00   0.1831426E-01   0.3544170E+00
     1655.00  0.3297519E+00   0.1821554E-01   0.3479674E+00
     1665.00  0.3249504E+00   0.1812430E-01   0.3430747E+00
     1672.00  0.3200338E+00   0.1806518E-01   0.3380990E+00
     1677.00  0.3190653E+00   0.1802546E-01   0.3370908E+00
     1685.00  0.3145178E+00   0.1796643E-01   0.3324842E+00
     1695.00  0.3082404E+00   0.1790082E-01   0.3261412E+00
     1705.00  0.3027791E+00   0.1784476E-01   0.3206239E+00
     1715.00  0.2967307E+00   0.1779872E-01   0.3145294E+00
     1725.00  0.2916143E+00   0.1776316E-01   0.3093775E+00
     1735.00  0.2876524E+00   0.1773853E-01   0.3053909E+00
     1745.00  0.2826312E+00   0.1772527E-01   0.3003565E+00
     1755.00  0.2785129E+00   0.1772381E-01   0.2962367E+00
     1765.00  0.2734005E+00   0.1773457E-01   0.2911351E+00
     1775.00  0.2682582E+00   0.1775799E-01   0.2860162E+00
     1785.00  0.2644217E+00   0.1779446E-01   0.2822162E+00
     1795.00  0.2607243E+00   0.1784442E-01   0.2785687E+00
     1805.00  0.2567465E+00   0.1790826E-01   0.2746548E+00
     1815.00  0.2509488E+00   0.1798640E-01   0.2689352E+00
     1825.00  0.2476316E+00   0.1807922E-01   0.2657108E+00
     1835.00  0.2433399E+00   0.1818714E-01   0.2615270E+00
     1845.00  0.2382225E+00   0.1831055E-01   0.2565331E+00
     1855.00  0.2345723E+00   0.1844986E-01   0.2530222E+00
     1865.00  0.2312129E+00   0.1860547E-01   0.2498184E+00
     1875.00  0.2285271E+00   0.1877777E-01   0.2473049E+00
     1885.00  0.2235104E+00   0.1896716E-01   0.2424776E+00
     1895.00  0.2191434E+00   0.1917406E-01   0.2383175E+00
     1905.00  0.2168512E+00   0.1939885E-01   0.2362501E+00
     1915.00  0.2128461E+00   0.1964195E-01   0.2324880E+00
     1925.00  0.2091251E+00   0.1990375E-01   0.2290288E+00
     1935.00  0.2066963E+00   0.2018466E-01   0.2268810E+00
     1945.00  0.2038529E+00   0.2048475E-01   0.2243376E+00
     1955.00  0.1995993E+00   0.2080425E-01   0.2204035E+00
     1967.00  0.1971542E+00   0.2121429E-01   0.2183685E+00
     1976.00  0.1950156E+00   0.2154129E-01   0.2165569E+00
     1984.00  0.1918553E+00   0.2184621E-01   0.2137015E+00
     1995.00  0.1884970E+00   0.2228778E-01   0.2107848E+00
     2005.00  0.1861957E+00   0.2271200E-01   0.2089077E+00
     2015.00  0.1832986E+00   0.2315835E-01   0.2064570E+00
     2025.00  0.1811261E+00   0.2362722E-01   0.2047533E+00
     2035.00  0.1774412E+00   0.2412041E-01   0.2015616E+00
     2045.00  0.1751408E+00   0.2463764E-01   0.1997784E+00
     2055.00  0.1757952E+00   0.9968441E-02   0.1857636E+00
     2065.00  0.1735795E+00   0.9859304E-02   0.1834388E+00
     2074.00  0.1720685E+00   0.9763325E-02   0.1818318E+00
     2078.00  0.1698717E+00   0.9721346E-02   0.1795930E+00
     2085.00  0.1687068E+00   0.9648884E-02   0.1783557E+00
     2095.00  0.1656975E+00   0.9547564E-02   0.1752451E+00
     2105.00  0.1637512E+00   0.9448812E-02   0.1732000E+00
     2115.00  0.1614894E+00   0.9352608E-02   0.1708420E+00
     2125.00  0.1592860E+00   0.9258934E-02   0.1685449E+00
     2135.00  0.1567856E+00   0.9167770E-02   0.1659534E+00
     2145.00  0.1541900E+00   0.9079097E-02   0.1632691E+00
     2155.00  0.1525562E+00   0.8992897E-02   0.1615491E+00
     2165.00  0.1503432E+00   0.8909151E-02   0.1592524E+00
     2175.00  0.1481035E+00   0.8827846E-02   0.1569313E+00
     2185.00  0.1458319E+00   0.8748968E-02   0.1545809E+00
     2195.00  0.1441239E+00   0.8672491E-02   0.1527964E+00
     2205.00  0.1420614E+00   0.8598396E-02   0.1506598E+00
     2215.00  0.1398829E+00   0.8526666E-02   0.1484096E+00
     2225.00  0.1376358E+00   0.8457283E-02   0.1460931E+00
     2235.00  0.1358348E+00   0.8390230E-02   0.1442250E+00
     2245.00  0.1340256E+00   0.8325489E-02   0.1423511E+00
     2255.00  0.1319831E+00   0.8263044E-02   0.1402461E+00
     2265.00  0.1303480E+00   0.8202878E-02   0.1385509E+00
     2275.00  0.1285416E+00   0.8144975E-02   0.1366866E+00
     2285.00  0.1269362E+00   0.8089288E-02   0.1350255E+00
     2295.00  0.1246723E+00   0.8035797E-02   0.1327081E+00
     2305.00  0.1232978E+00   0.7984516E-02   0.1312823E+00
     2315.00  0.1213572E+00   0.7935426E-02   0.1292926E+00
     2325.00  0.1185011E+00   0.7888514E-02   0.1263896E+00
     2335.00  0.1177971E+00   0.7843763E-02   0.1256409E+00
     2345.00  0.1163026E+00   0.7801158E-02   0.1241038E+00
     2355.00  0.1148803E+00   0.7760684E-02   0.1226410E+00
     2365.00  0.1132334E+00   0.7722326E-02   0.1209557E+00
     2375.00  0.1116711E+00   0.7686070E-02   0.1193572E+00
     2385.00  0.1101188E+00   0.7651901E-02   0.1177707E+00
     2395.00  0.1087886E+00   0.7619805E-02   0.1164084E+00
     2405.00  0.1072034E+00   0.7589770E-02   0.1147932E+00
     2415.00  0.1058530E+00   0.7561785E-02   0.1134148E+00
     2425.00  0.1045506E+00   0.7535832E-02   0.1120864E+00
     2435.00  0.1030141E+00   0.7511897E-02   0.1105260E+00
     2445.00  0.1018542E+00   0.7489967E-02   0.1093442E+00
     2455.00  0.1005370E+00   0.7470028E-02   0.1080070E+00
     2465.00  0.9915921E-01   0.7452068E-02   0.1066113E+00
     2475.00  0.9778922E-01   0.7436074E-02   0.1052253E+00
     2485.00  0.9654174E-01   0.7422032E-02   0.1039638E+00
     2495.00  0.9427338E-01   0.7409930E-02   0.1016833E+00
     2505.00  0.9403008E-01   0.7399756E-02   0.1014298E+00
     2513.00  0.9284703E-01   0.7392996E-02   0.1002400E+00
     2518.00  0.9253416E-01   0.7389391E-02   0.9992355E-01
     2525.00  0.9160210E-01   0.7385141E-02   0.9898724E-01
     2535.00  0.9044734E-01   0.7380678E-02   0.9782802E-01
     2545.00  0.8918893E-01   0.7378104E-02   0.9656703E-01
     2555.00  0.8823316E-01   0.7377400E-02   0.9561056E-01
     2565.00  0.8710023E-01   0.7378553E-02   0.9447878E-01
     2575.00  0.8611509E-01   0.7381551E-02   0.9349664E-01
     2585.00  0.8503213E-01   0.7386384E-02   0.9241851E-01
     2595.00  0.8396978E-01   0.7393039E-02   0.9136282E-01
     2605.00  0.8286624E-01   0.7011624E-02   0.8987786E-01
     2615.00  0.8200134E-01   0.7014869E-02   0.8901621E-01
     2625.00  0.8102176E-01   0.7019865E-02   0.8804162E-01
     2635.00  0.8007730E-01   0.7026602E-02   0.8710390E-01
     2645.00  0.7919981E-01   0.7035071E-02   0.8623488E-01
     2655.00  0.7824714E-01   0.7045263E-02   0.8529240E-01
     2665.00  0.7707935E-01   0.7057167E-02   0.8413652E-01
     2675.00  0.7621530E-01   0.7070775E-02   0.8328607E-01
     2685.00  0.7534036E-01   0.7086077E-02   0.8242644E-01
     2695.00  0.7429754E-01   0.7103064E-02   0.8140060E-01
     2705.00  0.7338380E-01   0.7121727E-02   0.8050553E-01
     2715.00  0.7248502E-01   0.7142057E-02   0.7962708E-01
     2725.00  0.7162873E-01   0.7164044E-02   0.7879277E-01
     2735.00  0.7086348E-01   0.7187680E-02   0.7805116E-01
     2745.00  0.6985318E-01   0.7212956E-02   0.7706614E-01
     2755.00  0.6904742E-01   0.7239863E-02   0.7628728E-01
     2765.00  0.6824502E-01   0.7268391E-02   0.7551341E-01
     2775.00  0.6751680E-01   0.7298532E-02   0.7481533E-01
     2785.00  0.6670128E-01   0.7330278E-02   0.7403156E-01
     2795.00  0.6562000E-01   0.7363619E-02   0.7298362E-01
     2805.00  0.6500692E-01   0.7398546E-02   0.7240547E-01
     2815.00  0.6441678E-01   0.7435052E-02   0.7185183E-01
     2825.00  0.6363287E-01   0.7473126E-02   0.7110600E-01
     2835.00  0.6274058E-01   0.7512762E-02   0.7025334E-01
     2845.00  0.6206860E-01   0.7553949E-02   0.6962255E-01
     2855.00  0.6133977E-01   0.7596614E-02   0.6893638E-01
     2865.00  0.6071601E-01   0.7640741E-02   0.6835675E-01
     2875.00  0.5998262E-01   0.7686383E-02   0.6766900E-01
     2885.00  0.5933089E-01   0.7733532E-02   0.6706442E-01
     2895.00  0.5864762E-01   0.7782178E-02   0.6642980E-01
     2910.00  0.5768253E-01   0.7857936E-02   0.6554047E-01
     2930.00  0.5636462E-01   0.7964104E-02   0.6432872E-01
     2950.00  0.5500785E-01   0.8076101E-02   0.6308395E-01
     2970.00  0.5381523E-01   0.8193856E-02   0.6200909E-01
     2990.00  0.5261437E-01   0.8317298E-02   0.6093167E-01
     3010.00  0.5143590E-01   0.8446354E-02   0.5988225E-01
     3030.00  0.5035062E-01   0.8580954E-02   0.5893157E-01
     3050.00  0.4921872E-01   0.8721051E-02   0.5793977E-01
     3070.00  0.4817912E-01   0.8866582E-02   0.5704570E-01
     3090.00  0.4711086E-01   0.9017454E-02   0.5612831E-01
     3110.00  0.4611664E-01   0.9173595E-02   0.5529024E-01
     3130.00  0.4507867E-01   0.9246934E-02   0.5432560E-01
     3150.00  0.4414843E-01   0.9411058E-02   0.5355949E-01
     3170.00  0.4321014E-01   0.9580214E-02   0.5279035E-01
     3190.00  0.4226843E-01   0.9754330E-02   0.5202276E-01
     3210.00  0.4140518E-01   0.9933335E-02   0.5133851E-01
     3230.00  0.4053385E-01   0.1011716E-01   0.5065101E-01
     3250.00  0.3969150E-01   0.1030572E-01   0.4999722E-01
     3270.00  0.3886776E-01   0.1049877E-01   0.4936653E-01
     3290.00  0.3808045E-01   0.1069627E-01   0.4877672E-01
     3310.00  0.3732059E-01   0.1089823E-01   0.4821882E-01
     3330.00  0.3654582E-01   0.1110459E-01   0.4765041E-01
     3350.00  0.3577788E-01   0.1131526E-01   0.4709314E-01
     3370.00  0.3506312E-01   0.1153017E-01   0.4659329E-01
     3390.00  0.3436110E-01   0.1174925E-01   0.4611035E-01
     3410.00  0.3368315E-01   0.1197241E-01   0.4565556E-01
     3430.00  0.3297942E-01   0.1133201E-01   0.4431143E-01
     3450.00  0.3251088E-01   0.1154044E-01   0.4405132E-01
     3470.00  0.3188935E-01   0.1175250E-01   0.4364185E-01
     3490.00  0.3126320E-01   0.1196809E-01   0.4323129E-01
     3510.00  0.3066850E-01   0.1218716E-01   0.4285566E-01
     3530.00  0.3007519E-01   0.1240954E-01   0.4248473E-01
     3550.00  0.2949143E-01   0.1263523E-01   0.4212666E-01
     3570.00  0.2893193E-01   0.1286417E-01   0.4179610E-01
     3590.00  0.2835149E-01   0.1309629E-01   0.4144778E-01
     3610.00  0.2781557E-01   0.1333151E-01   0.4114708E-01
     3630.00  0.2729654E-01   0.1356977E-01   0.4086631E-01
     3640.00  0.2705120E-01   0.1369001E-01   0.4074121E-01
     3650.00  0.3087869E-01   0.2096552E-02   0.3297524E-01
     3670.00  0.3029115E-01   0.2078680E-02   0.3236983E-01
     3690.00  0.2961796E-01   0.1891650E-02   0.3150961E-01
     3710.00  0.2917824E-01   0.1871232E-02   0.3104947E-01
     3730.00  0.2863767E-01   0.1851469E-02   0.3048914E-01
     3750.00  0.2835121E-01   0.1832346E-02   0.3018356E-01
     3770.00  0.2788731E-01   0.1813845E-02   0.2970115E-01
     3790.00  0.2758643E-01   0.1795950E-02   0.2938238E-01
     3810.00  0.2729723E-01   0.1778646E-02   0.2907588E-01
     3830.00  0.2647234E-01   0.1761917E-02   0.2823426E-01
     3850.00  0.2643378E-01   0.1745748E-02   0.2817953E-01
     3870.00  0.2608152E-01   0.1730126E-02   0.2781165E-01
     3890.00  0.2501852E-01   0.1715036E-02   0.2673356E-01
     3910.00  0.2523706E-01   0.1700464E-02   0.2693752E-01
     3930.00  0.2474496E-01   0.1686397E-02   0.2643136E-01
     3950.00  0.2431443E-01   0.1672822E-02   0.2598725E-01
     3970.00  0.2325149E-01   0.1659729E-02   0.2491122E-01
     3990.00  0.2347057E-01   0.1647110E-02   0.2511768E-01
     4010.00  0.2316299E-01   0.1634946E-02   0.2479794E-01
     4030.00  0.2270853E-01   0.1623226E-02   0.2433176E-01
     4050.00  0.2236411E-01   0.1611938E-02   0.2397605E-01
     4070.00  0.2192759E-01   0.1601072E-02   0.2352866E-01
     4090.00  0.2133363E-01   0.1590616E-02   0.2292425E-01
     4110.00  0.2070100E-01   0.1580560E-02   0.2228156E-01
     4130.00  0.2079084E-01   0.1570894E-02   0.2236173E-01
     4150.00  0.2048552E-01   0.1561608E-02   0.2204713E-01
     4170.00  0.2017551E-01   0.1552692E-02   0.2172820E-01
     4190.00  0.1985198E-01   0.1544137E-02   0.2139612E-01
     4210.00  0.1952905E-01   0.1535935E-02   0.2106498E-01
     4230.00  0.1918529E-01   0.1528074E-02   0.2071336E-01
     4250.00  0.1884547E-01   0.1520549E-02   0.2036602E-01
     4270.00  0.1850992E-01   0.1513348E-02   0.2002327E-01
     4290.00  0.1822865E-01   0.1506465E-02   0.1973512E-01
     4310.00  0.1788332E-01   0.1499892E-02   0.1938321E-01
     4330.00  0.1736679E-01   0.1493619E-02   0.1886041E-01
     4350.00  0.1692119E-01   0.1487641E-02   0.1840883E-01
     4370.00  0.1702369E-01   0.1481950E-02   0.1850564E-01
     4390.00  0.1678398E-01   0.1476538E-02   0.1826052E-01
     4410.00  0.1654402E-01   0.1471397E-02   0.1801542E-01
     4430.00  0.1628110E-01   0.1466522E-02   0.1774762E-01
     4450.00  0.1602838E-01   0.1461904E-02   0.1749028E-01
     4470.00  0.1571854E-01   0.1457538E-02   0.1717608E-01
     4490.00  0.1550045E-01   0.1453416E-02   0.1695387E-01
     4510.00  0.1527044E-01   0.1449534E-02   0.1671997E-01
     4530.00  0.1501729E-01   0.1445883E-02   0.1646317E-01
     4550.00  0.1477032E-01   0.1442459E-02   0.1621278E-01
     4570.00  0.1455540E-01   0.1439256E-02   0.1599466E-01
     4590.00  0.1432553E-01   0.1436268E-02   0.1576180E-01
     4610.00  0.1410152E-01   0.1433488E-02   0.1553501E-01
     4630.00  0.1387495E-01   0.1430913E-02   0.1530586E-01
     4650.00  0.1364249E-01   0.1428536E-02   0.1507103E-01
     4670.00  0.1345466E-01   0.1426352E-02   0.1488101E-01
     4690.00  0.1325397E-01   0.1424356E-02   0.1467833E-01
     4710.00  0.1301857E-01   0.1422544E-02   0.1444111E-01
     4730.00  0.1284728E-01   0.1420910E-02   0.1426819E-01
     4750.00  0.1264685E-01   0.1419449E-02   0.1406630E-01
     4770.00  0.1247587E-01   0.1418158E-02   0.1389403E-01
     4790.00  0.1228680E-01   0.1417030E-02   0.1370383E-01
     4810.00  0.1209258E-01   0.1416059E-02   0.1350864E-01
     4830.00  0.1189171E-01   0.1415238E-02   0.1330695E-01
     4850.00  0.1157832E-01   0.1414568E-02   0.1299289E-01
     4870.00  0.1126932E-01   0.1414045E-02   0.1268336E-01
     4890.00  0.1136156E-01   0.1413665E-02   0.1277522E-01
     4910.00  0.1122115E-01   0.1413423E-02   0.1263457E-01
     4930.00  0.1103763E-01   0.1413317E-02   0.1245095E-01
     4950.00  0.1089584E-01   0.1413342E-02   0.1230918E-01
     4970.00  0.1074845E-01   0.1413495E-02   0.1216194E-01
     4990.00  0.1058860E-01   0.1413771E-02   0.1200237E-01
     5010.00  0.1040334E-01   0.1414169E-02   0.1181751E-01
     5030.00  0.1028055E-01   0.1414683E-02   0.1169523E-01
     5050.00  0.1011799E-01   0.1415311E-02   0.1153330E-01
     5070.00  0.9996429E-02   0.1416053E-02   0.1141248E-01
     5090.00  0.9854846E-02   0.1416920E-02   0.1127177E-01
     5110.00  0.9713545E-02   0.1417891E-02   0.1113144E-01
     5130.00  0.9569292E-02   0.1418963E-02   0.1098825E-01
     5150.00  0.9428916E-02   0.1420132E-02   0.1084905E-01
     5170.00  0.9301416E-02   0.1421396E-02   0.1072281E-01
     5190.00  0.9174734E-02   0.1422751E-02   0.1059749E-01
     5210.00  0.9046293E-02   0.1424196E-02   0.1047049E-01
     5230.00  0.8921973E-02   0.1425726E-02   0.1034770E-01
     5250.00  0.8799181E-02   0.1427340E-02   0.1022652E-01
     5270.00  0.8673264E-02   0.1429036E-02   0.1010230E-01
     5290.00  0.8563778E-02   0.1430809E-02   0.9994587E-02
     5310.00  0.8443748E-02   0.1432659E-02   0.9876407E-02
     5330.00  0.8324862E-02   0.1434582E-02   0.9759444E-02
     5350.00  0.8213132E-02   0.1436576E-02   0.9649708E-02
     5370.00  0.8105864E-02   0.1438637E-02   0.9544501E-02
     5390.00  0.7996982E-02   0.1440761E-02   0.9437743E-02
     5410.00  0.7887740E-02   0.1442949E-02   0.9330689E-02
     5430.00  0.7781218E-02   0.1445199E-02   0.9226417E-02
     5450.00  0.7676526E-02   0.1447508E-02   0.9124034E-02
     5470.00  0.7575892E-02   0.1449875E-02   0.9025767E-02
     5490.00  0.7477525E-02   0.1452297E-02   0.8929822E-02
     5510.00  0.7378939E-02   0.1454773E-02   0.8833712E-02
     5530.00  0.7280639E-02   0.1457300E-02   0.8737939E-02
     5550.00  0.7184844E-02   0.1459877E-02   0.8644721E-02
     5570.00  0.7091320E-02   0.1462502E-02   0.8553822E-02
     5590.00  0.6999894E-02   0.1465173E-02   0.8465067E-02
     5610.00  0.6909673E-02   0.1467888E-02   0.8377561E-02
     5630.00  0.6820654E-02   0.1470645E-02   0.8291299E-02
     5650.00  0.6726949E-02   0.1473443E-02   0.8200392E-02
     5670.00  0.6638731E-02   0.1476281E-02   0.8115012E-02
     5690.00  0.6563911E-02   0.1479156E-02   0.8043067E-02
     5710.00  0.6484500E-02   0.1047490E-02   0.7531990E-02
     5730.00  0.6403832E-02   0.1047552E-02   0.7451384E-02
     5750.00  0.6319259E-02   0.1047660E-02   0.7366919E-02
     5770.00  0.6244033E-02   0.1047812E-02   0.7291845E-02
     5790.00  0.6165472E-02   0.1048007E-02   0.7213479E-02
     5810.00  0.6088289E-02   0.1048243E-02   0.7136532E-02
     5830.00  0.6010465E-02   0.1048520E-02   0.7058985E-02
     5850.00  0.5933574E-02   0.1048837E-02   0.6982411E-02
     5870.00  0.5845039E-02   0.1049191E-02   0.6894230E-02
     5890.00  0.5783931E-02   0.1049582E-02   0.6833513E-02
     5910.00  0.5716922E-02   0.1050009E-02   0.6766931E-02
     5930.00  0.5644912E-02   0.1050470E-02   0.6695382E-02
     5950.00  0.5571999E-02   0.1050965E-02   0.6622964E-02
     5970.00  0.5509014E-02   0.1051492E-02   0.6560506E-02
     5990.00  0.5439761E-02   0.1052051E-02   0.6491812E-02
     6010.00  0.5375551E-02   0.1052640E-02   0.6428191E-02
     6030.00  0.5308898E-02   0.1053258E-02   0.6362156E-02
     6050.00  0.5243470E-02   0.1053904E-02   0.6297374E-02
     6070.00  0.5182497E-02   0.1054578E-02   0.6237075E-02
     6090.00  0.5120650E-02   0.1055277E-02   0.6175927E-02
     6110.00  0.5059231E-02   0.1056003E-02   0.6115234E-02
     6130.00  0.4997280E-02   0.1056752E-02   0.6054032E-02
     6150.00  0.4932722E-02   0.1057526E-02   0.5990248E-02
     6170.00  0.4876492E-02   0.1058322E-02   0.5934814E-02
     6190.00  0.4821592E-02   0.1059140E-02   0.5880732E-02
     6210.00  0.4765080E-02   0.1059979E-02   0.5825059E-02
     6230.00  0.4707886E-02   0.1060839E-02   0.5768725E-02
     6250.00  0.4648854E-02   0.1061718E-02   0.5710572E-02
     6270.00  0.4598478E-02   0.1062617E-02   0.5661095E-02
     6290.00  0.4545690E-02   0.1063533E-02   0.5609223E-02
     6310.00  0.4491731E-02   0.1064466E-02   0.5556197E-02
     6330.00  0.4439760E-02   0.1065417E-02   0.5505177E-02
     6350.00  0.4383074E-02   0.1066383E-02   0.5449457E-02
     6370.00  0.4335322E-02   0.1067364E-02   0.5402686E-02
     6390.00  0.4288148E-02   0.1068360E-02   0.5356508E-02
     6410.00  0.4238104E-02   0.1069370E-02   0.5307474E-02
     6430.00  0.4190050E-02   0.1070393E-02   0.5260443E-02
     6450.00  0.4139826E-02   0.1071429E-02   0.5211255E-02
     6470.00  0.4093441E-02   0.1072477E-02   0.5165918E-02
     6490.00  0.4046365E-02   0.1073537E-02   0.5119902E-02
     6510.00  0.4000342E-02   0.1074607E-02   0.5074949E-02
     6530.00  0.3949768E-02   0.1075676E-02   0.5025444E-02
     6550.00  0.3874750E-02   0.1076750E-02   0.4951500E-02
     6570.00  0.3771746E-02   0.1077833E-02   0.4849579E-02
     6590.00  0.3809938E-02   0.1078924E-02   0.4888862E-02
     6610.00  0.3779792E-02   0.1080023E-02   0.4859815E-02
     6630.00  0.3739728E-02   0.1081129E-02   0.4820857E-02
     6650.00  0.3698075E-02   0.1077019E-02   0.4775094E-02
     6670.00  0.3654938E-02   0.1078142E-02   0.4733080E-02
     6690.00  0.3615132E-02   0.1079271E-02   0.4694403E-02
     6710.00  0.3577956E-02   0.1080406E-02   0.4658362E-02
     6730.00  0.3537903E-02   0.1081545E-02   0.4619448E-02
     6750.00  0.3499692E-02   0.1082690E-02   0.4582382E-02
     6770.00  0.3462806E-02   0.1083838E-02   0.4546644E-02
     6790.00  0.3423566E-02   0.1084990E-02   0.4508556E-02
     6810.00  0.3387901E-02   0.1086146E-02   0.4474047E-02
     6830.00  0.3350902E-02   0.1087305E-02   0.4438207E-02
     6850.00  0.3313851E-02   0.1088466E-02   0.4402317E-02
     6870.00  0.3279403E-02   0.1089629E-02   0.4369032E-02
     6890.00  0.3244306E-02   0.1090795E-02   0.4335101E-02
     6910.00  0.3209408E-02   0.1091962E-02   0.4301370E-02
     6930.00  0.3174876E-02   0.1093130E-02   0.4268006E-02
     6950.00  0.3140666E-02   0.1094299E-02   0.4234965E-02
     6970.00  0.3108214E-02   0.1095469E-02   0.4203683E-02
     6990.00  0.3075658E-02   0.1096639E-02   0.4172297E-02
     7010.00  0.3042666E-02   0.1097808E-02   0.4140474E-02
     7030.00  0.3010718E-02   0.1098979E-02   0.4109697E-02
     7050.00  0.2978320E-02   0.1100148E-02   0.4078468E-02
     7070.00  0.2943396E-02   0.1101317E-02   0.4044713E-02
     7090.00  0.2917334E-02   0.1102484E-02   0.4019818E-02
     7110.00  0.2884920E-02   0.1103650E-02   0.3988570E-02
     7130.00  0.2855109E-02   0.1104813E-02   0.3959922E-02
     7150.00  0.2825647E-02   0.1105975E-02   0.3931622E-02
     7170.00  0.2797171E-02   0.1107134E-02   0.3904305E-02
     7190.00  0.2768596E-02   0.1108290E-02   0.3876886E-02
     7210.00  0.2740285E-02   0.1109444E-02   0.3849729E-02
     7230.00  0.2708718E-02   0.1110594E-02   0.3819312E-02
     7250.00  0.2683291E-02   0.1111741E-02   0.3795032E-02
     7270.00  0.2657087E-02   0.1112885E-02   0.3769972E-02
     7290.00  0.2627938E-02   0.1114024E-02   0.3741962E-02
     7310.00  0.2603578E-02   0.1115160E-02   0.3718738E-02
     7330.00  0.2576932E-02   0.1116291E-02   0.3693223E-02
     7350.00  0.2550600E-02   0.1117418E-02   0.3668018E-02
     7370.00  0.2525089E-02   0.1118541E-02   0.3643630E-02
     7390.00  0.2499371E-02   0.1119658E-02   0.3619029E-02
     7410.00  0.2474068E-02   0.1120771E-02   0.3594839E-02
     7430.00  0.2449386E-02   0.1121878E-02   0.3571264E-02
     7450.00  0.2424946E-02   0.1121190E-02   0.3546136E-02
     7470.00  0.2400654E-02   0.1122287E-02   0.3522941E-02
     7490.00  0.2377654E-02   0.1123379E-02   0.3501033E-02
     7510.00  0.2354290E-02   0.1124465E-02   0.3478755E-02
     7530.00  0.2330935E-02   0.1125545E-02   0.3456480E-02
     7550.00  0.2307748E-02   0.1126619E-02   0.3434367E-02
     7570.00  0.2285441E-02   0.1127688E-02   0.3413129E-02
     7590.00  0.2263104E-02   0.1128750E-02   0.3391854E-02
     7610.00  0.2240760E-02   0.1129799E-02   0.3370559E-02
     7630.00  0.2218752E-02   0.1130835E-02   0.3349587E-02
     7650.00  0.2196598E-02   0.1131864E-02   0.3328462E-02
     7670.00  0.2175178E-02   0.1132886E-02   0.3308064E-02
     7690.00  0.2154604E-02   0.1133900E-02   0.3288504E-02
     7710.00  0.2133572E-02   0.1134907E-02   0.3268479E-02
     7730.00  0.2113013E-02   0.1135907E-02   0.3248920E-02
     7750.00  0.2092124E-02   0.1136899E-02   0.3229023E-02
     7770.00  0.2069456E-02   0.1137884E-02   0.3207340E-02
     7790.00  0.2052707E-02   0.1138861E-02   0.3191568E-02
     7810.00  0.2033126E-02   0.1139830E-02   0.3172956E-02
     7830.00  0.2013574E-02   0.1140791E-02   0.3154365E-02
     7850.00  0.1993794E-02   0.1141743E-02   0.3135537E-02
     7870.00  0.1974960E-02   0.1118409E-02   0.3093369E-02
     7890.00  0.1956004E-02   0.1119336E-02   0.3075340E-02
     7910.00  0.1938325E-02   0.1120256E-02   0.3058581E-02
     7930.00  0.1919768E-02   0.1121168E-02   0.3040936E-02
     7950.00  0.1900928E-02   0.1122071E-02   0.3022999E-02
     7970.00  0.1884325E-02   0.1122967E-02   0.3007292E-02
     7990.00  0.1865997E-02   0.1123855E-02   0.2989852E-02
     8010.00  0.1849278E-02   0.1124734E-02   0.2974012E-02
     8030.00  0.1832145E-02   0.1125605E-02   0.2957750E-02
     8050.00  0.1814812E-02   0.1126468E-02   0.2941280E-02
     8070.00  0.1798625E-02   0.1127322E-02   0.2925947E-02
     8090.00  0.1781717E-02   0.1128169E-02   0.2909886E-02
     8110.00  0.1765030E-02   0.1129006E-02   0.2894036E-02
     8130.00  0.1749499E-02   0.1129835E-02   0.2879334E-02
     8150.00  0.1732827E-02   0.1130656E-02   0.2863483E-02
     8170.00  0.1717430E-02   0.1131468E-02   0.2848898E-02
     8190.00  0.1700448E-02   0.1132271E-02   0.2832719E-02
     8210.00  0.1731991E-02   0.9831140E-03   0.2715105E-02
     8230.00  0.1716245E-02   0.3978811E-03   0.2114126E-02
     8250.00  0.1701775E-02   0.3974780E-03   0.2099253E-02
     8270.00  0.1686239E-02   0.3970795E-03   0.2083319E-02
     8290.00  0.1671814E-02   0.3907961E-03   0.2062610E-02
     8310.00  0.1656723E-02   0.3904055E-03   0.2047129E-02
     8330.00  0.1641126E-02   0.3900194E-03   0.2031145E-02
     8350.00  0.1625729E-02   0.3896375E-03   0.2015366E-02
     8370.00  0.1610796E-02   0.3892597E-03   0.2000056E-02
     8390.00  0.1595989E-02   0.3888859E-03   0.1984875E-02
     8410.00  0.1581440E-02   0.3885160E-03   0.1969956E-02
     8430.00  0.1565853E-02   0.3881500E-03   0.1954003E-02
     8450.00  0.1550307E-02   0.3877878E-03   0.1938095E-02
     8470.00  0.1535934E-02   0.3874292E-03   0.1923363E-02
     8490.00  0.1525392E-02   0.3870743E-03   0.1912466E-02
     8510.00  0.1506974E-02   0.3867228E-03   0.1893697E-02
     8530.00  0.1500656E-02   0.3863748E-03   0.1887031E-02
     8550.00  0.1475856E-02   0.3860302E-03   0.1861886E-02
     8570.00  0.1478753E-02   0.3856888E-03   0.1864442E-02
     8590.00  0.1454961E-02   0.3853507E-03   0.1840312E-02
     8610.00  0.1441630E-02   0.3850157E-03   0.1826646E-02
     8630.00  0.1443910E-02   0.3846837E-03   0.1828594E-02
     8650.00  0.1424450E-02   0.3843548E-03   0.1808805E-02
     8670.00  0.1394215E-02   0.3840287E-03   0.1778244E-02
     8690.00  0.1404781E-02   0.3837056E-03   0.1788487E-02
     8710.00  0.1398290E-02   0.3833852E-03   0.1781675E-02
     8730.00  0.1379871E-02   0.3830675E-03   0.1762938E-02
     8750.00  0.1344869E-02   0.3827525E-03   0.1727622E-02
     8770.00  0.1352382E-02   0.3824402E-03   0.1734822E-02
     8790.00  0.1351822E-02   0.3821303E-03   0.1733952E-02
     8810.00  0.1341613E-02   0.3818229E-03   0.1723436E-02
     8830.00  0.1327733E-02   0.3815179E-03   0.1709251E-02
     8850.00  0.1303420E-02   0.3812153E-03   0.1684635E-02
     8870.00  0.1277119E-02   0.3809150E-03   0.1658034E-02
     8890.00  0.1291294E-02   0.3806170E-03   0.1671911E-02
     8910.00  0.1285842E-02   0.3803211E-03   0.1666163E-02
     8930.00  0.1275911E-02   0.3800274E-03   0.1655938E-02
     8950.00  0.1265800E-02   0.3797357E-03   0.1645536E-02
     8970.00  0.1254256E-02   0.3794461E-03   0.1633702E-02
     8990.00  0.1237796E-02   0.3791585E-03   0.1616955E-02
     9010.00  0.1205083E-02   0.3788728E-03   0.1583956E-02
     9030.00  0.1205664E-02   0.3785891E-03   0.1584253E-02
     9050.00  0.1210263E-02   0.3783071E-03   0.1588570E-02
     9070.00  0.1201774E-02   0.3780270E-03   0.1579801E-02
     9090.00  0.1192898E-02   0.3777485E-03   0.1570647E-02
     9110.00  0.1184581E-02   0.3774718E-03   0.1562053E-02
     9130.00  0.1175162E-02   0.3771968E-03   0.1552359E-02
     9150.00  0.1165342E-02   0.3769237E-03   0.1542266E-02
     9170.00  0.1154796E-02   0.3766521E-03   0.1531448E-02
     9190.00  0.1143603E-02   0.3763820E-03   0.1519985E-02
     9210.00  0.1126089E-02   0.3761134E-03   0.1502202E-02
     9230.00  0.1095171E-02   0.3758462E-03   0.1471017E-02
     9250.00  0.1106266E-02   0.3755805E-03   0.1481847E-02
     9270.00  0.1104654E-02   0.3753161E-03   0.1479970E-02
     9290.00  0.1099592E-02   0.3750531E-03   0.1474645E-02
     9310.00  0.1091189E-02   0.3747913E-03   0.1465980E-02
     9330.00  0.1082635E-02   0.3745308E-03   0.1457166E-02
     9350.00  0.1074170E-02   0.3742715E-03   0.1448442E-02
     9370.00  0.1065783E-02   0.3740135E-03   0.1439796E-02
     9390.00  0.1057163E-02   0.3737566E-03   0.1430920E-02
     9410.00  0.1047445E-02   0.3735006E-03   0.1420946E-02
     9430.00  0.1040172E-02   0.3732459E-03   0.1413418E-02
     9450.00  0.1031562E-02   0.3729922E-03   0.1404554E-02
     9470.00  0.1022800E-02   0.3727396E-03   0.1395540E-02
     9490.00  0.1014556E-02   0.3724879E-03   0.1387044E-02
     9510.00  0.1003750E-02   0.3722372E-03   0.1375987E-02
     9530.00  0.9880442E-03   0.3719874E-03   0.1360032E-02
     9550.00  0.9630337E-03   0.3717385E-03   0.1334772E-02
     9570.00  0.9752622E-03   0.3714906E-03   0.1346753E-02
     9590.00  0.9737332E-03   0.3712434E-03   0.1344977E-02
     9610.00  0.9671048E-03   0.3709971E-03   0.1338102E-02
     9630.00  0.9591764E-03   0.3707516E-03   0.1329928E-02
     9650.00  0.9529510E-03   0.3705069E-03   0.1323458E-02
     9670.00  0.9454788E-03   0.3702628E-03   0.1315742E-02
     9690.00  0.9384629E-03   0.3700197E-03   0.1308483E-02
     9710.00  0.9310549E-03   0.3697770E-03   0.1300832E-02
     9730.00  0.9241062E-03   0.3695350E-03   0.1293641E-02
     9750.00  0.9167077E-03   0.3692938E-03   0.1286002E-02
     9770.00  0.9098909E-03   0.3690532E-03   0.1278944E-02
     9790.00  0.9028411E-03   0.3688130E-03   0.1271654E-02
     9810.00  0.8959354E-03   0.3685736E-03   0.1264509E-02
     9830.00  0.8889126E-03   0.3683348E-03   0.1257247E-02
     9850.00  0.8819741E-03   0.3680964E-03   0.1250070E-02
     9870.00  0.8752194E-03   0.3678587E-03   0.1243078E-02
     9890.00  0.8683095E-03   0.3676213E-03   0.1235931E-02
     9910.00  0.8613204E-03   0.3673844E-03   0.1228705E-02
     9930.00  0.8551628E-03   0.3671479E-03   0.1222311E-02
     9950.00  0.8484794E-03   0.3669121E-03   0.1215391E-02
     9970.00  0.8419695E-03   0.3666766E-03   0.1208646E-02
     9990.00  0.8352540E-03   0.3664415E-03   0.1201696E-02
    10025.00  0.8173994E-03   0.3660310E-03   0.1183430E-02
    10075.00  0.7993902E-03   0.3654463E-03   0.1164837E-02
    10125.00  0.7930874E-03   0.3648638E-03   0.1157951E-02
    10175.00  0.7799380E-03   0.3642922E-03   0.1144230E-02
    10225.00  0.7660168E-03   0.3637237E-03   0.1129741E-02
    10275.00  0.7520442E-03   0.3631562E-03   0.1115200E-02
    10325.00  0.7376557E-03   0.3625894E-03   0.1100245E-02
    10375.00  0.7239684E-03   0.3620231E-03   0.1085992E-02
    10425.00  0.7110828E-03   0.3614572E-03   0.1072540E-02
    10475.00  0.6980138E-03   0.3608915E-03   0.1058905E-02
    10525.00  0.6854674E-03   0.3603259E-03   0.1045793E-02
    10575.00  0.6733081E-03   0.3597602E-03   0.1033068E-02
    10625.00  0.6611396E-03   0.3591943E-03   0.1020334E-02
    10675.00  0.6492534E-03   0.3586281E-03   0.1007881E-02
    10725.00  0.6384132E-03   0.3580614E-03   0.9964746E-03
    10775.00  0.6271889E-03   0.3574942E-03   0.9846831E-03
    10825.00  0.6150393E-03   0.3569263E-03   0.9719656E-03
    10875.00  0.6039795E-03   0.3563577E-03   0.9603372E-03
    10925.00  0.5849315E-03   0.3557882E-03   0.9407197E-03
    10975.00  0.5809859E-03   0.3552179E-03   0.9362038E-03
    11025.00  0.5740278E-03   0.3546465E-03   0.9286743E-03
    11075.00  0.5646223E-03   0.3540741E-03   0.9186964E-03
    11125.00  0.5546686E-03   0.3535006E-03   0.9081692E-03
    11175.00  0.5455884E-03   0.3113060E-03   0.8568944E-03
    11225.00  0.5365445E-03   0.3107339E-03   0.8472784E-03
    11275.00  0.5270269E-03   0.3101623E-03   0.8371892E-03
    11325.00  0.5181025E-03   0.3095910E-03   0.8276935E-03
    11375.00  0.5094185E-03   0.3090200E-03   0.8184385E-03
    11425.00  0.5011080E-03   0.3084492E-03   0.8095572E-03
    11475.00  0.4931879E-03   0.3078785E-03   0.8010664E-03
    11525.00  0.4850555E-03   0.3073080E-03   0.7923635E-03
    11575.00  0.4768972E-03   0.3067374E-03   0.7836346E-03
    11625.00  0.4685922E-03   0.3061669E-03   0.7747591E-03
    11675.00  0.4611668E-03   0.3055964E-03   0.7667632E-03
    11725.00  0.4541091E-03   0.3050258E-03   0.7591349E-03
    11775.00  0.4463808E-03   0.3044551E-03   0.7508359E-03
    11825.00  0.4392668E-03   0.3038843E-03   0.7431511E-03
    11875.00  0.4318771E-03   0.3033134E-03   0.7351905E-03
    11925.00  0.4254969E-03   0.3027422E-03   0.7282391E-03
    11975.00  0.4183159E-03   0.3021708E-03   0.7204867E-03
    12025.00  0.4120991E-03   0.3015992E-03   0.7136983E-03
    12075.00  0.4054411E-03   0.3010273E-03   0.7064684E-03
    12125.00  0.3988831E-03   0.3004551E-03   0.6993382E-03
    12175.00  0.3927462E-03   0.2998826E-03   0.6926288E-03
    12225.00  0.3866120E-03   0.2993099E-03   0.6859219E-03
    12275.00  0.3806514E-03   0.2987368E-03   0.6793882E-03
    12325.00  0.3747508E-03   0.2981634E-03   0.6729142E-03
    12375.00  0.3688888E-03   0.2975896E-03   0.6664784E-03
    12425.00  0.3633822E-03   0.2970155E-03   0.6603977E-03
    12475.00  0.3578434E-03   0.2964411E-03   0.6542845E-03
    12525.00  0.3523667E-03   0.2955708E-03   0.6479375E-03
    12575.00  0.3469317E-03   0.2949976E-03   0.6419293E-03
    12625.00  0.3415453E-03   0.2944240E-03   0.6359693E-03
    12675.00  0.3365328E-03   0.2938501E-03   0.6303829E-03
    12725.00  0.3314252E-03   0.2932759E-03   0.6247011E-03
    12775.00  0.3252770E-03   0.2927013E-03   0.6179783E-03
    12825.00  0.3160666E-03   0.2921264E-03   0.6081930E-03
    12875.00  0.3159594E-03   0.2915512E-03   0.6075106E-03
    12925.00  0.3120842E-03   0.2909756E-03   0.6030598E-03
    12975.00  0.3075716E-03   0.2903997E-03   0.5979713E-03
    13025.00  0.3032142E-03   0.2898235E-03   0.5930377E-03
    13075.00  0.2987730E-03   0.2892438E-03   0.5880168E-03
    13125.00  0.2941923E-03   0.2886635E-03   0.5828558E-03
    13175.00  0.2899692E-03   0.2880829E-03   0.5780521E-03
    13225.00  0.2858849E-03   0.2875018E-03   0.5733867E-03
    13275.00  0.2816714E-03   0.2869204E-03   0.5685918E-03
    13325.00  0.2775619E-03   0.2863386E-03   0.5639005E-03
    13375.00  0.2735518E-03   0.2857566E-03   0.5593084E-03
    13425.00  0.2698004E-03   0.2851741E-03   0.5549745E-03
    13475.00  0.2660587E-03   0.2845914E-03   0.5506501E-03
    13525.00  0.2622281E-03   0.2840084E-03   0.5462365E-03
    13575.00  0.2585028E-03   0.2834252E-03   0.5419280E-03
    13625.00  0.2547612E-03   0.2827156E-03   0.5374768E-03
    13675.00  0.2513071E-03   0.2821323E-03   0.5334394E-03
    13725.00  0.2477867E-03   0.2815488E-03   0.5293355E-03
    13775.00  0.2444147E-03   0.2809651E-03   0.5253798E-03
    13825.00  0.2410043E-03   0.2803813E-03   0.5213856E-03
    13875.00  0.2376017E-03   0.2797972E-03   0.5173989E-03
    13925.00  0.2343646E-03   0.2792131E-03   0.5135777E-03
    13975.00  0.2312054E-03   0.2786288E-03   0.5098342E-03
    14025.00  0.2280650E-03   0.2780444E-03   0.5061094E-03
    14075.00  0.2249448E-03   0.2774600E-03   0.5024048E-03
    14125.00  0.2217237E-03   0.2749898E-03   0.4967135E-03
    14175.00  0.2188896E-03   0.2744133E-03   0.4933029E-03
    14225.00  0.2159988E-03   0.2738368E-03   0.4898356E-03
    14275.00  0.2130525E-03   0.2732602E-03   0.4863127E-03
    14325.00  0.2101950E-03   0.2726837E-03   0.4828787E-03
    14375.00  0.2074448E-03   0.2721071E-03   0.4795519E-03
    14425.00  0.2043952E-03   0.2715306E-03   0.4759258E-03
    14475.00  0.2018626E-03   0.2709541E-03   0.4728167E-03
    14525.00  0.1991567E-03   0.2703777E-03   0.4695344E-03
    14570.00  0.1968280E-03   0.2698590E-03   0.4666870E-03
    14620.00  0.1962281E-03   0.1681850E-03   0.3644131E-03
    14675.00  0.1933859E-03   0.1677462E-03   0.3611321E-03
    14725.00  0.1909226E-03   0.1668329E-03   0.3577555E-03
    14775.00  0.1884439E-03   0.1664379E-03   0.3548818E-03
    14825.00  0.1860543E-03   0.1660441E-03   0.3520984E-03
    14875.00  0.1834993E-03   0.1656514E-03   0.3491507E-03
    14925.00  0.1813539E-03   0.1652597E-03   0.3466136E-03
    14975.00  0.1790100E-03   0.1648692E-03   0.3438792E-03
    15025.00  0.1765838E-03   0.1644797E-03   0.3410635E-03
    15075.00  0.1742990E-03   0.1640913E-03   0.3383903E-03
    15125.00  0.1721169E-03   0.1637040E-03   0.3358209E-03
    15175.00  0.1699719E-03   0.1633178E-03   0.3332897E-03
    15225.00  0.1678430E-03   0.1629327E-03   0.3307757E-03
    15275.00  0.1656743E-03   0.1625487E-03   0.3282230E-03
    15325.00  0.1635526E-03   0.1621658E-03   0.3257184E-03
    15375.00  0.1615313E-03   0.1617839E-03   0.3233152E-03
    15425.00  0.1593655E-03   0.1614031E-03   0.3207686E-03
    15475.00  0.1576145E-03   0.1610232E-03   0.3186377E-03
    15525.00  0.1556046E-03   0.1606443E-03   0.3162489E-03
    15575.00  0.1533810E-03   0.1602665E-03   0.3136475E-03
    15625.00  0.1520442E-03   0.1598896E-03   0.3119338E-03
    15675.00  0.1497801E-03   0.1595137E-03   0.3092938E-03
    15725.00  0.1477616E-03   0.1591388E-03   0.3069004E-03
    15775.00  0.1465908E-03   0.1587649E-03   0.3053557E-03
    15825.00  0.1447905E-03   0.1583919E-03   0.3031824E-03
    15875.00  0.1419221E-03   0.1580200E-03   0.2999421E-03
    15925.00  0.1410760E-03   0.1576489E-03   0.2987249E-03
    15975.00  0.1398855E-03   0.1572789E-03   0.2971644E-03
    16050.00  0.1370550E-03   0.1567256E-03   0.2937806E-03
    16150.00  0.1333142E-03   0.1559912E-03   0.2893054E-03
    16250.00  0.1310628E-03   0.1552606E-03   0.2863234E-03
    16350.00  0.1276674E-03   0.1545338E-03   0.2822012E-03
    16450.00  0.1241901E-03   0.1538106E-03   0.2780007E-03
    16550.00  0.1221511E-03   0.1530913E-03   0.2752424E-03
    16650.00  0.1193320E-03   0.1523755E-03   0.2717075E-03
    16750.00  0.1161662E-03   0.1516635E-03   0.2678297E-03
    16850.00  0.1130339E-03   0.1509551E-03   0.2639890E-03
    16950.00  0.1113410E-03   0.1502504E-03   0.2615914E-03
    17050.00  0.1087691E-03   0.1495493E-03   0.2583184E-03
    17150.00  0.1064343E-03   0.1488518E-03   0.2552861E-03
    17250.00  0.1039371E-03   0.1481579E-03   0.2520950E-03
    17350.00  0.1005384E-03   0.1474676E-03   0.2480060E-03
    17450.00  0.9918637E-04   0.1467808E-03   0.2459672E-03
    17550.00  0.9725851E-04   0.1460976E-03   0.2433562E-03
    17650.00  0.9514233E-04   0.1454180E-03   0.2405603E-03
    17750.00  0.9302120E-04   0.1447419E-03   0.2377631E-03
    17850.00  0.9099386E-04   0.1440693E-03   0.2350632E-03
    17950.00  0.8909970E-04   0.1434003E-03   0.2325000E-03
    18050.00  0.8710173E-04   0.1427347E-03   0.2298364E-03
    18150.00  0.8436748E-04   0.1420727E-03   0.2264401E-03
    18250.00  0.8319851E-04   0.1414143E-03   0.2246128E-03
    18350.00  0.8177153E-04   0.1407616E-03   0.2225332E-03
    18450.00  0.8001221E-04   0.1401122E-03   0.2201244E-03
    18550.00  0.7829909E-04   0.1322546E-03   0.2105537E-03
    18650.00  0.7659696E-04   0.1316430E-03   0.2082400E-03
    18750.00  0.7426971E-04   0.1310346E-03   0.2053043E-03
    18850.00  0.7353938E-04   0.1304294E-03   0.2039688E-03
    18950.00  0.7204111E-04   0.1298275E-03   0.2018686E-03
    19050.00  0.7062359E-04   0.1292287E-03   0.1998523E-03
    19150.00  0.6925561E-04   0.1286331E-03   0.1978888E-03
    19250.00  0.6785033E-04   0.1280408E-03   0.1958911E-03
    19350.00  0.6636274E-04   0.1274516E-03   0.1938143E-03
    19450.00  0.6433663E-04   0.1268655E-03   0.1912022E-03
    19550.00  0.6375791E-04   0.1262827E-03   0.1900406E-03
    19650.00  0.6262219E-04   0.1257029E-03   0.1883251E-03
    19750.00  0.6137505E-04   0.1251264E-03   0.1865014E-03
    19850.00  0.6018959E-04   0.1245529E-03   0.1847425E-03
    19950.00  0.5902834E-04   0.1239826E-03   0.1830110E-03
    20050.00  0.5790661E-04   0.1234154E-03   0.1813221E-03
    20150.00  0.5679630E-04   0.1228514E-03   0.1796477E-03
    20250.00  0.5570132E-04   0.1222564E-03   0.1779577E-03
    20350.00  0.5469011E-04   0.1216988E-03   0.1763889E-03
    20450.00  0.5366411E-04   0.1211442E-03   0.1748083E-03
    20550.00  0.5262698E-04   0.1205927E-03   0.1732197E-03
    20650.00  0.5164908E-04   0.1200443E-03   0.1716933E-03
    20750.00  0.5065456E-04   0.1194989E-03   0.1701534E-03
    20850.00  0.4973898E-04   0.1189565E-03   0.1686955E-03
    20950.00  0.4881968E-04   0.1184172E-03   0.1672369E-03
    21050.00  0.4794723E-04   0.1178809E-03   0.1658282E-03
    21150.00  0.4700687E-04   0.1173477E-03   0.1643545E-03
    21250.00  0.4614418E-04   0.1168174E-03   0.1629616E-03
    21350.00  0.4534083E-04   0.1162901E-03   0.1616309E-03
    21450.00  0.4452975E-04   0.1157658E-03   0.1602955E-03
    21550.00  0.4367911E-04   0.1152288E-03   0.1589079E-03
    21650.00  0.4243760E-04   0.1147105E-03   0.1571481E-03
    21750.00  0.4206306E-04   0.1141952E-03   0.1562583E-03
    21850.00  0.4142079E-04   0.1136828E-03   0.1551036E-03
    21950.00  0.4070877E-04   0.1131734E-03   0.1538822E-03
    22050.00  0.3998407E-04   0.1126668E-03   0.1526509E-03
    22150.00  0.3928733E-04   0.1121632E-03   0.1514505E-03
    22250.00  0.3857754E-04   0.1114002E-03   0.1499777E-03
    22350.00  0.3792508E-04   0.1109045E-03   0.1488296E-03
    22450.00  0.3727990E-04   0.1104117E-03   0.1476916E-03
    22550.00  0.3662747E-04   0.1099216E-03   0.1465491E-03
    22650.00  0.3597912E-04   0.1094344E-03   0.1454135E-03
    22750.00  0.3538502E-04   0.1089500E-03   0.1443350E-03
    22850.00  0.3492248E-04   0.8683886E-04   0.1217613E-03
    22950.00  0.3435948E-04   0.8638224E-04   0.1207417E-03
    23050.00  0.3380858E-04   0.8600621E-04   0.1198148E-03
    23150.00  0.3324555E-04   0.8563244E-04   0.1188780E-03
    23250.00  0.3263159E-04   0.8526092E-04   0.1178925E-03
    23350.00  0.3210490E-04   0.8489163E-04   0.1169965E-03
    23450.00  0.3158746E-04   0.8452457E-04   0.1161120E-03
    23550.00  0.3103827E-04   0.8415971E-04   0.1151980E-03
    23650.00  0.3051979E-04   0.8379703E-04   0.1143168E-03
    23750.00  0.3001046E-04   0.8343654E-04   0.1134470E-03
    23850.00  0.2948921E-04   0.8307820E-04   0.1125674E-03
    23950.00  0.2903085E-04   0.8272201E-04   0.1117529E-03
    24050.00  0.2855812E-04   0.8236796E-04   0.1109261E-03
    24150.00  0.2806312E-04   0.8201603E-04   0.1100791E-03
    24250.00  0.2762519E-04   0.8166620E-04   0.1092914E-03
    24350.00  0.2718704E-04   0.8131846E-04   0.1085055E-03
    24450.00  0.2675004E-04   0.8097281E-04   0.1077228E-03
    24550.00  0.2632278E-04   0.8062921E-04   0.1069520E-03
    24650.00  0.2590936E-04   0.8028767E-04   0.1061970E-03
    24750.00  0.2546354E-04   0.7994817E-04   0.1054117E-03
    24850.00  0.2508862E-04   0.7961069E-04   0.1046993E-03
    24950.00  0.2468940E-04   0.7927522E-04   0.1039646E-03
    25050.00  0.2436627E-04   0.7894175E-04   0.1033080E-03
    25150.00  0.2396085E-04   0.7861027E-04   0.1025711E-03
    25250.00  0.2351595E-04   0.7828076E-04   0.1017967E-03
    25350.00  0.2321373E-04   0.7795320E-04   0.1011669E-03
    25450.00  0.2286692E-04   0.7762759E-04   0.1004945E-03
    25550.00  0.2251996E-04   0.7730392E-04   0.9982388E-04
    25650.00  0.2209611E-04   0.7698216E-04   0.9907827E-04
    25750.00  0.2183204E-04   0.7666231E-04   0.9849435E-04
    25850.00  0.2151780E-04   0.7634436E-04   0.9786216E-04
    25950.00  0.2119370E-04   0.7602829E-04   0.9722199E-04
    26050.00  0.2085417E-04   0.7571409E-04   0.9656826E-04
    26150.00  0.2045459E-04   0.7540174E-04   0.9585633E-04
    26250.00  0.2002853E-04   0.7509124E-04   0.9511977E-04
    26350.00  0.1993277E-04   0.7478258E-04   0.9471535E-04
    26450.00  0.1967222E-04   0.7447573E-04   0.9414795E-04
    26550.00  0.1939977E-04   0.7417069E-04   0.9357046E-04
    26650.00  0.1906704E-04   0.7386745E-04   0.9293449E-04
    26750.00  0.1870430E-04   0.7356599E-04   0.9227029E-04
    26850.00  0.1853841E-04   0.7326630E-04   0.9180471E-04
    26950.00  0.1827745E-04   0.7296838E-04   0.9124583E-04
    27050.00  0.1803188E-04   0.7267220E-04   0.9070408E-04
    27150.00  0.1776681E-04   0.7237776E-04   0.9014457E-04
    27250.00  0.1751943E-04   0.7208504E-04   0.8960447E-04
    27350.00  0.1726570E-04   0.7179404E-04   0.8905974E-04
    27450.00  0.1700835E-04   0.7150474E-04   0.8851309E-04
    27550.00  0.1666918E-04   0.7121713E-04   0.8788631E-04
    27650.00  0.1648746E-04   0.6915112E-04   0.8563858E-04
    27750.00  0.1628635E-04   0.6887454E-04   0.8516089E-04
    27850.00  0.1609019E-04   0.6859956E-04   0.8468975E-04
    27950.00  0.1587036E-04   0.6832619E-04   0.8419655E-04
    28050.00  0.1563590E-04   0.6805441E-04   0.8369031E-04
    28150.00  0.1541662E-04   0.6778421E-04   0.8320083E-04
    28250.00  0.1521004E-04   0.6751559E-04   0.8272563E-04
    28350.00  0.1499334E-04   0.6724852E-04   0.8224186E-04
    28450.00  0.1479309E-04   0.6698300E-04   0.8177609E-04
    28550.00  0.1458542E-04   0.6671903E-04   0.8130445E-04
    28650.00  0.1435938E-04   0.6645658E-04   0.8081596E-04
    28750.00  0.1406994E-04   0.6619564E-04   0.8026558E-04
    28850.00  0.1397488E-04   0.6593622E-04   0.7991110E-04
    28950.00  0.1380770E-04   0.6567829E-04   0.7948599E-04
    29050.00  0.1363800E-04   0.6542185E-04   0.7905985E-04
    29150.00  0.1345077E-04   0.6516689E-04   0.7861766E-04
    29250.00  0.1325193E-04   0.6491339E-04   0.7816532E-04
    29350.00  0.1309298E-04   0.6466135E-04   0.7775433E-04
    29450.00  0.1291311E-04   0.6441076E-04   0.7732387E-04
    29550.00  0.1275036E-04   0.6416160E-04   0.7691196E-04
    29650.00  0.1258189E-04   0.6391388E-04   0.7649577E-04
    29750.00  0.1240234E-04   0.6366112E-04   0.7606346E-04
    29850.00  0.1224950E-04   0.6341625E-04   0.7566575E-04
    29950.00  0.1209503E-04   0.6317277E-04   0.7526780E-04
    30050.00  0.1192965E-04   0.6293068E-04   0.7486033E-04
    30150.00  0.1178006E-04   0.6268997E-04   0.7447003E-04
    30250.00  0.1160330E-04   0.6245063E-04   0.7405393E-04
    30350.00  0.1137857E-04   0.6221265E-04   0.7359122E-04
    30450.00  0.1128004E-04   0.6197602E-04   0.7325606E-04
    30550.00  0.1116938E-04   0.6174073E-04   0.7291011E-04
    30650.00  0.1103797E-04   0.6150677E-04   0.7254474E-04
    30750.00  0.1089247E-04   0.6127414E-04   0.7216661E-04
    30850.00  0.1075313E-04   0.6104282E-04   0.7179595E-04
    30950.00  0.1063165E-04   0.6081280E-04   0.7144445E-04
    31050.00  0.1049850E-04   0.6058408E-04   0.7108258E-04
    31150.00  0.1035427E-04   0.6035665E-04   0.7071092E-04
    31250.00  0.1022998E-04   0.6013050E-04   0.7036048E-04
    31350.00  0.1010047E-04   0.5990244E-04   0.7000291E-04
    31450.00  0.9980589E-05   0.5967880E-04   0.6965939E-04
    31550.00  0.9863445E-05   0.5945641E-04   0.6931985E-04
    31650.00  0.9733478E-05   0.5923527E-04   0.6896874E-04
    31750.00  0.9609675E-05   0.5901536E-04   0.6862503E-04
    31850.00  0.9497447E-05   0.5879668E-04   0.6829412E-04
    31950.00  0.9385050E-05   0.5857922E-04   0.6796427E-04
    32100.00  0.9214688E-05   0.5820212E-04   0.6741681E-04
    32300.00  0.8991511E-05   0.5777520E-04   0.6676671E-04
    32500.00  0.8777868E-05   0.5735300E-04   0.6613087E-04
    32700.00  0.8570207E-05   0.5693545E-04   0.6550566E-04
    32900.00  0.8317199E-05   0.5041326E-04   0.5873046E-04
    33100.00  0.8159543E-05   0.5003747E-04   0.5819701E-04
    33300.00  0.7981137E-05   0.4968203E-04   0.5766317E-04
    33500.00  0.7795266E-05   0.4933047E-04   0.5712573E-04
    33700.00  0.7618979E-05   0.4898272E-04   0.5660170E-04
    33900.00  0.7450793E-05   0.4863875E-04   0.5608954E-04
    34100.00  0.7277959E-05   0.4829848E-04   0.5557644E-04
    34300.00  0.7108292E-05   0.4796188E-04   0.5507018E-04
    34500.00  0.6941522E-05   0.4762890E-04   0.5457042E-04
    34700.00  0.6786798E-05   0.4729948E-04   0.5408628E-04
    34900.00  0.6633318E-05   0.4697358E-04   0.5360690E-04
    35100.00  0.6486398E-05   0.4665115E-04   0.5313755E-04
    35300.00  0.6342533E-05   0.4633215E-04   0.5267468E-04
    35500.00  0.6201026E-05   0.4601652E-04   0.5221755E-04
    35700.00  0.6069372E-05   0.4570422E-04   0.5177360E-04
    35900.00  0.5939860E-05   0.4539521E-04   0.5133507E-04
    36100.00  0.5816963E-05   0.4508945E-04   0.5090641E-04
    36300.00  0.5688259E-05   0.4478688E-04   0.5047514E-04
    36500.00  0.5560784E-05   0.4448748E-04   0.5004826E-04
    36700.00  0.5449625E-05   0.4419118E-04   0.4964081E-04
    36900.00  0.5332496E-05   0.4389797E-04   0.4923046E-04
    37100.00  0.5224219E-05   0.4360778E-04   0.4883200E-04
    37300.00  0.5096853E-05   0.4332059E-04   0.4841744E-04
    37500.00  0.4976109E-05   0.4303635E-04   0.4801246E-04
    37700.00  0.4899317E-05   0.4275503E-04   0.4765434E-04
    37900.00  0.4801467E-05   0.4247658E-04   0.4727805E-04
    38100.00  0.4702848E-05   0.4220097E-04   0.4690382E-04
    38300.00  0.4606878E-05   0.4192816E-04   0.4653504E-04
    38500.00  0.4514998E-05   0.4165812E-04   0.4617312E-04
    38700.00  0.4425841E-05   0.4083816E-04   0.4526400E-04
    38900.00  0.4338045E-05   0.4057761E-04   0.4491565E-04
    39100.00  0.4242183E-05   0.4031967E-04   0.4456185E-04
    39300.00  0.4168052E-05   0.4006431E-04   0.4423236E-04
    39500.00  0.4080692E-05   0.3981151E-04   0.4389220E-04
    39700.00  0.4005708E-05   0.3956121E-04   0.4356692E-04
    39900.00  0.3927765E-05   0.3931340E-04   0.4324117E-04
    40100.00  0.3847275E-05   0.3906805E-04   0.4291532E-04
    40300.00  0.3768878E-05   0.3882511E-04   0.4259399E-04
    40500.00  0.3678065E-05   0.3858456E-04   0.4226263E-04
    40700.00  0.3632517E-05   0.3834637E-04   0.4197889E-04
    40900.00  0.3565242E-05   0.3811051E-04   0.4167575E-04
    41100.00  0.3499912E-05   0.3787551E-04   0.4137543E-04
    41300.00  0.3430613E-05   0.3764424E-04   0.4107486E-04
    41500.00  0.3361770E-05   0.3741522E-04   0.4077699E-04
    41700.00  0.3288281E-05   0.3718840E-04   0.4047668E-04
    41900.00  0.3243071E-05   0.3696377E-04   0.4020684E-04
    42100.00  0.3182981E-05   0.3674129E-04   0.3992427E-04
    42300.00  0.3124687E-05   0.3652094E-04   0.3964563E-04
    42500.00  0.3064944E-05   0.3630270E-04   0.3936764E-04
    42700.00  0.3011648E-05   0.3608653E-04   0.3909818E-04
    42900.00  0.2955042E-05   0.3587242E-04   0.3882746E-04
    43100.00  0.2901850E-05   0.3565945E-04   0.3856130E-04
    43300.00  0.2849004E-05   0.3544935E-04   0.3829835E-04
    43500.00  0.2791811E-05   0.3524123E-04   0.3803304E-04
    43700.00  0.2732999E-05   0.3503506E-04   0.3776806E-04
    43900.00  0.2693822E-05   0.3481700E-04   0.3751082E-04
    44100.00  0.2647121E-05   0.3461480E-04   0.3726192E-04
    44300.00  0.2600145E-05   0.3441449E-04   0.3701463E-04
    44500.00  0.2552875E-05   0.3421603E-04   0.3676891E-04
    44700.00  0.2511713E-05   0.3354587E-04   0.3605758E-04
    44900.00  0.2468194E-05   0.3173757E-04   0.3420576E-04
    45100.00  0.2424561E-05   0.3155849E-04   0.3398305E-04
    45300.00  0.2382217E-05   0.3138104E-04   0.3376326E-04
    45500.00  0.2341657E-05   0.3120521E-04   0.3354687E-04
    45700.00  0.2305233E-05   0.3103097E-04   0.3333621E-04
    45900.00  0.2263813E-05   0.3085831E-04   0.3312212E-04
    46100.00  0.2226502E-05   0.3068720E-04   0.3291370E-04
    46300.00  0.2188611E-05   0.3051763E-04   0.3270624E-04
    46500.00  0.2133896E-05   0.3034958E-04   0.3248348E-04
    46700.00  0.2104487E-05   0.3018303E-04   0.3228752E-04
    46900.00  0.2080425E-05   0.3001796E-04   0.3209839E-04
    47100.00  0.2048003E-05   0.2985436E-04   0.3190236E-04
    47300.00  0.2014637E-05   0.2969221E-04   0.3170684E-04
    47500.00  0.1979302E-05   0.2953148E-04   0.3151079E-04
    47700.00  0.1949572E-05   0.2937218E-04   0.3132175E-04
    47900.00  0.1918765E-05   0.2921427E-04   0.3113303E-04
    48100.00  0.1888288E-05   0.2905774E-04   0.3094603E-04
    48300.00  0.1857659E-05   0.2890258E-04   0.3076024E-04
    48500.00  0.1826264E-05   0.2874877E-04   0.3057503E-04
    48700.00  0.1798767E-05   0.2859629E-04   0.3039506E-04
    48900.00  0.1770953E-05   0.2844513E-04   0.3021608E-04
    49100.00  0.1744073E-05   0.2829527E-04   0.3003935E-04
    49300.00  0.1716780E-05   0.2814671E-04   0.2986349E-04
    49500.00  0.1689092E-05   0.2799941E-04   0.2968851E-04
    49700.00  0.1662744E-05   0.2785338E-04   0.2951612E-04
    49900.00  0.1633636E-05   0.2770859E-04   0.2934223E-04
    50100.00  0.1617132E-05   0.2756503E-04   0.2918216E-04
    50300.00  0.1608594E-05   0.2742269E-04   0.2903129E-04
    50500.00  0.1599909E-05   0.2728155E-04   0.2888146E-04
    50700.00  0.1591692E-05   0.2714160E-04   0.2873330E-04
    50900.00  0.1583258E-05   0.2700283E-04   0.2858609E-04
    51100.00  0.1573329E-05   0.2686522E-04   0.2843855E-04
    51300.00  0.1557316E-05   0.2672876E-04   0.2828608E-04
    51500.00  0.1557863E-05   0.2639011E-04   0.2794797E-04
    51700.00  0.1551251E-05   0.2625715E-04   0.2780840E-04
    51900.00  0.1543401E-05   0.2612529E-04   0.2766869E-04
    52100.00  0.1535507E-05   0.2599452E-04   0.2753002E-04
    52300.00  0.1527379E-05   0.2586482E-04   0.2739220E-04
    52500.00  0.1519549E-05   0.2573619E-04   0.2725574E-04
    52700.00  0.1511790E-05   0.2560861E-04   0.2712040E-04
    52900.00  0.1503742E-05   0.2548207E-04   0.2698581E-04
    53100.00  0.1496097E-05   0.2535656E-04   0.2685266E-04
    53300.00  0.1488488E-05   0.2523208E-04   0.2672056E-04
    53500.00  0.1480946E-05   0.2510860E-04   0.2658954E-04
    53700.00  0.1473461E-05   0.2498611E-04   0.2645957E-04
    53900.00  0.1466062E-05   0.2486461E-04   0.2633067E-04
    54100.00  0.1458828E-05   0.2474409E-04   0.2620292E-04
    54300.00  0.1451611E-05   0.2462398E-04   0.2607559E-04
    54500.00  0.1444803E-05   0.2450538E-04   0.2595019E-04
    54700.00  0.1437845E-05   0.2438774E-04   0.2582558E-04
    54900.00  0.1430988E-05   0.2427102E-04   0.2570201E-04
    55100.00  0.1424234E-05   0.2415523E-04   0.2557946E-04
    55300.00  0.1417611E-05   0.2404035E-04   0.2545796E-04
    55500.00  0.1410667E-05   0.2392638E-04   0.2533705E-04
    55700.00  0.1404170E-05   0.2381330E-04   0.2521747E-04
    55900.00  0.1397427E-05   0.2370111E-04   0.2509853E-04
    56100.00  0.1390922E-05   0.2358979E-04   0.2498071E-04
    56300.00  0.1384361E-05   0.2347934E-04   0.2486370E-04
    56500.00  0.1378021E-05   0.2336945E-04   0.2474747E-04
    56700.00  0.1371611E-05   0.2326067E-04   0.2463228E-04
    56900.00  0.1365136E-05   0.2315273E-04   0.2451787E-04
    57100.00  0.1358959E-05   0.2304562E-04   0.2440458E-04
    57300.00  0.1352655E-05   0.2293934E-04   0.2429199E-04
    57500.00  0.1346446E-05   0.2282960E-04   0.2417605E-04
    57700.00  0.1340239E-05   0.2272502E-04   0.2406526E-04
    57900.00  0.1334154E-05   0.2262124E-04   0.2395539E-04
    58100.00  0.1328022E-05   0.2251825E-04   0.2384627E-04
    58300.00  0.1322003E-05   0.2241603E-04   0.2373803E-04
    58500.00  0.1316176E-05   0.2148789E-04   0.2280406E-04
    58700.00  0.1309974E-05   0.2139046E-04   0.2270043E-04
    58900.00  0.1303013E-05   0.2129508E-04   0.2259809E-04
    59100.00  0.1292220E-05   0.2120041E-04   0.2249263E-04
    59300.00  0.1291767E-05   0.2110645E-04   0.2239822E-04
    59500.00  0.1286559E-05   0.2101319E-04   0.2229975E-04
    59700.00  0.1280967E-05   0.2092061E-04   0.2220158E-04
    59900.00  0.1275222E-05   0.2082872E-04   0.2210395E-04
    60100.00  0.1269502E-05   0.2073751E-04   0.2200701E-04
    60300.00  0.1263847E-05   0.2064697E-04   0.2191081E-04
    60500.00  0.1258188E-05   0.2055709E-04   0.2181528E-04
    60700.00  0.1252594E-05   0.2046786E-04   0.2172046E-04
    60900.00  0.1247013E-05   0.2037929E-04   0.2162630E-04
    61100.00  0.1241435E-05   0.2029136E-04   0.2153280E-04
    61300.00  0.1235980E-05   0.2020407E-04   0.2144005E-04
    61500.00  0.1230519E-05   0.2011741E-04   0.2134793E-04
    61700.00  0.1225081E-05   0.2003137E-04   0.2125645E-04
    61900.00  0.1219664E-05   0.1994595E-04   0.2116562E-04
    62100.00  0.1214284E-05   0.1986115E-04   0.2107543E-04
    62300.00  0.1208885E-05   0.1977695E-04   0.2098584E-04
    62500.00  0.1203568E-05   0.1969335E-04   0.2089692E-04
    62700.00  0.1198266E-05   0.1961035E-04   0.2080862E-04
    62900.00  0.1193006E-05   0.1952794E-04   0.2072095E-04
    63100.00  0.1187743E-05   0.1944611E-04   0.2063385E-04
    63300.00  0.1182564E-05   0.1936486E-04   0.2054742E-04
    63500.00  0.1177355E-05   0.1928418E-04   0.2046153E-04
    63700.00  0.1172201E-05   0.1920407E-04   0.2037627E-04
    63900.00  0.1167039E-05   0.1912452E-04   0.2029156E-04
    64200.00  0.1159374E-05   0.1900623E-04   0.2016560E-04
    64600.00  0.1149215E-05   0.1885043E-04   0.1999965E-04
    65000.00  0.1139160E-05   0.1869679E-04   0.1983595E-04
    65400.00  0.1129205E-05   0.1854525E-04   0.1967445E-04
    65800.00  0.1119328E-05   0.1839578E-04   0.1951511E-04
    66200.00  0.1109518E-05   0.1816367E-04   0.1927319E-04
    66600.00  0.1099799E-05   0.1801908E-04   0.1911888E-04
    67000.00  0.1090156E-05   0.1787644E-04   0.1896659E-04
    67400.00  0.1080578E-05   0.1773570E-04   0.1881628E-04
    67800.00  0.1071081E-05   0.1759684E-04   0.1866792E-04
    68200.00  0.1061650E-05   0.1745982E-04   0.1852147E-04
    68600.00  0.1052284E-05   0.1732461E-04   0.1837690E-04
    69000.00  0.1042982E-05   0.1719118E-04   0.1823416E-04
    69400.00  0.1033738E-05   0.1705940E-04   0.1809314E-04
    69800.00  0.1024568E-05   0.1692942E-04   0.1795399E-04
    70200.00  0.1015436E-05   0.1680112E-04   0.1781656E-04
    70600.00  0.1006383E-05   0.1667447E-04   0.1768086E-04
    71000.00  0.9973745E-06   0.1654945E-04   0.1754682E-04
    71400.00  0.9884138E-06   0.1642602E-04   0.1741443E-04
    71800.00  0.9795089E-06   0.1630410E-04   0.1728361E-04
    72200.00  0.9706508E-06   0.1618377E-04   0.1715442E-04
    72600.00  0.9618370E-06   0.1606496E-04   0.1702680E-04
    73000.00  0.9530784E-06   0.1594612E-04   0.1689920E-04
    73400.00  0.9443551E-06   0.1583027E-04   0.1677462E-04
    73800.00  0.9356850E-06   0.1571585E-04   0.1665153E-04
    74200.00  0.9268943E-06   0.1523976E-04   0.1616666E-04
    74600.00  0.9170338E-06   0.1513146E-04   0.1604849E-04
    75000.00  0.9082925E-06   0.1502448E-04   0.1593277E-04
    75400.00  0.9012559E-06   0.1491879E-04   0.1582005E-04
    75800.00  0.8929115E-06   0.1481439E-04   0.1570730E-04
    76200.00  0.8844709E-06   0.1471124E-04   0.1559571E-04
    76600.00  0.8760715E-06   0.1460932E-04   0.1548539E-04
    77000.00  0.8676860E-06   0.1450861E-04   0.1537630E-04
    77400.00  0.8593484E-06   0.1440911E-04   0.1526845E-04
    77800.00  0.8510424E-06   0.1431077E-04   0.1516181E-04
    78200.00  0.8427557E-06   0.1421359E-04   0.1505635E-04
    78600.00  0.8345079E-06   0.1411755E-04   0.1495206E-04
    79000.00  0.8262878E-06   0.1402263E-04   0.1484891E-04
    79400.00  0.8180986E-06   0.1392880E-04   0.1474690E-04
    79800.00  0.8099316E-06   0.1383607E-04   0.1464600E-04
    80200.00  0.8017868E-06   0.1374439E-04   0.1454618E-04
    80600.00  0.7936721E-06   0.1365377E-04   0.1444744E-04
    81000.00  0.7855850E-06   0.1356418E-04   0.1434976E-04
    81400.00  0.7775138E-06   0.1347560E-04   0.1425311E-04
    81800.00  0.7694717E-06   0.1338802E-04   0.1415750E-04
    82200.00  0.7614583E-06   0.1330143E-04   0.1406289E-04
    82600.00  0.7534572E-06   0.1317674E-04   0.1393020E-04
    83000.00  0.7454823E-06   0.1309240E-04   0.1383788E-04
    83400.00  0.7375225E-06   0.1300900E-04   0.1374652E-04
    83800.00  0.7295845E-06   0.1292651E-04   0.1365610E-04
    84200.00  0.7216791E-06   0.1284494E-04   0.1356661E-04
    84600.00  0.7137766E-06   0.1276425E-04   0.1347803E-04
    85000.00  0.7058990E-06   0.1268445E-04   0.1339035E-04
    85400.00  0.6980400E-06   0.1260551E-04   0.1330355E-04
    85800.00  0.6902023E-06   0.1252743E-04   0.1321763E-04
    86200.00  0.6823750E-06   0.1245013E-04   0.1313251E-04
    86600.00  0.6745684E-06   0.1237372E-04   0.1304829E-04
    87000.00  0.6667800E-06   0.1229812E-04   0.1296490E-04
    87400.00  0.6590021E-06   0.1222333E-04   0.1288233E-04
    87800.00  0.6512396E-06   0.1214933E-04   0.1280057E-04
    88200.00  0.6434939E-06   0.1207611E-04   0.1271960E-04
    88600.00  0.6357665E-06   0.1200366E-04   0.1263942E-04
    89000.00  0.6280441E-06   0.1193191E-04   0.1255995E-04
    89400.00  0.6203406E-06   0.1186097E-04   0.1248131E-04
    89800.00  0.6126541E-06   0.1179077E-04   0.1240343E-04
    90200.00  0.6049758E-06   0.1172065E-04   0.1232563E-04
    90600.00  0.5973144E-06   0.1165187E-04   0.1224919E-04
    91000.00  0.5896570E-06   0.1158380E-04   0.1217346E-04
    91400.00  0.5820190E-06   0.1134191E-04   0.1192393E-04
    91800.00  0.5743922E-06   0.1127636E-04   0.1185075E-04
    92200.00  0.5667762E-06   0.1121168E-04   0.1177846E-04
    92600.00  0.5591734E-06   0.1114766E-04   0.1170683E-04
    93000.00  0.5515773E-06   0.1108427E-04   0.1163585E-04
    93400.00  0.5439954E-06   0.1102152E-04   0.1156552E-04
    93800.00  0.5364171E-06   0.1095940E-04   0.1149581E-04
    94200.00  0.5288540E-06   0.1089789E-04   0.1142674E-04
    94600.00  0.5212988E-06   0.1083698E-04   0.1135828E-04
    95000.00  0.5137589E-06   0.1077667E-04   0.1129043E-04
    95400.00  0.5062224E-06   0.1071696E-04   0.1122318E-04
    95800.00  0.4986945E-06   0.1065783E-04   0.1115652E-04
    96200.00  0.4911788E-06   0.1059927E-04   0.1109045E-04
    96600.00  0.4836728E-06   0.1054127E-04   0.1102495E-04
    97000.00  0.4761730E-06   0.1048384E-04   0.1096001E-04
    97400.00  0.4686793E-06   0.1042696E-04   0.1089564E-04
    97800.00  0.4611974E-06   0.1037062E-04   0.1083182E-04
    98200.00  0.4537211E-06   0.1031482E-04   0.1076854E-04
    98600.00  0.4462521E-06   0.1025955E-04   0.1070580E-04
    99000.00  0.4387939E-06   0.1020480E-04   0.1064359E-04
    99400.00  0.4313370E-06   0.1015056E-04   0.1058190E-04
    99800.00  0.4238914E-06   0.1009684E-04   0.1052073E-04
   100200.00  0.4164542E-06   0.2739542E-05   0.3155996E-05
   200000.00  0.1992967E-07   0.6876277E-06   0.7075574E-06
   400000.00  0.1744070E-08   0.1719069E-06   0.1736510E-06
   600000.00  0.1395138E-09   0.7640308E-07   0.7654260E-07
   800000.00  0.7772814E-10   0.4297673E-07   0.4305446E-07
  1000000.00  0.2421756E-10   0.2750511E-07   0.2752933E-07
  1200000.00  0.2271601E-10   0.1910077E-07   0.1912349E-07
  1400000.00  0.2184557E-10   0.1403322E-07   0.1405506E-07
  1600000.00  0.2121752E-10   0.1074418E-07   0.1076540E-07
