       91.00  0.1276586E-07   0.0000000E+00   0.1276586E-07
       94.00  0.7938413E-07   0.0000000E+00   0.7938413E-07
       96.00  0.1218686E-06   0.0000000E+00   0.1218686E-06
       98.00  0.2783102E-06   0.0000000E+00   0.2783102E-06
      100.00  0.3860606E-06   0.0000000E+00   0.3860606E-06
      102.00  0.2154666E-06   0.0000000E+00   0.2154666E-06
      104.00  0.3019973E-06   0.0000000E+00   0.3019973E-06
      106.00  0.3456902E-06   0.0000000E+00   0.3456902E-06
      108.00  0.5032736E-06   0.0000000E+00   0.5032736E-06
      110.00  0.5408348E-06   0.0000000E+00   0.5408348E-06
      114.00  0.4203374E-06   0.0000000E+00   0.4203374E-06
      118.00  0.3967662E-06   0.0000000E+00   0.3967662E-06
      121.00  0.5775519E-06   0.0000000E+00   0.5775519E-06
      125.00  0.6593602E-06   0.0000000E+00   0.6593602E-06
      127.00  0.5584230E-06   0.0000000E+00   0.5584230E-06
      128.00  0.6032227E-06   0.0000000E+00   0.6032227E-06
      131.00  0.5365168E-06   0.0000000E+00   0.5365168E-06
      132.00  0.5755271E-06   0.0000000E+00   0.5755271E-06
      134.00  0.6029371E-06   0.0000000E+00   0.6029371E-06
      137.00  0.5816085E-06   0.0000000E+00   0.5816085E-06
      140.00  0.5687704E-06   0.0000000E+00   0.5687704E-06
      143.00  0.5650618E-06   0.0000000E+00   0.5650618E-06
      147.00  0.4973928E-06   0.0000000E+00   0.4973928E-06
      151.00  0.5137450E-06   0.0000000E+00   0.5137450E-06
      155.00  0.5192224E-06   0.0000000E+00   0.5192224E-06
      159.00  0.5591777E-06   0.0000000E+00   0.5591777E-06
      162.00  0.5632952E-06   0.0000000E+00   0.5632952E-06
      166.00  0.5706663E-06   0.0000000E+00   0.5706663E-06
      170.00  0.4798311E-06   0.0000000E+00   0.4798311E-06
      173.00  0.5267905E-06   0.0000000E+00   0.5267905E-06
      177.00  0.4730263E-06   0.0000000E+00   0.4730263E-06
      180.00  0.5242323E-06   0.0000000E+00   0.5242323E-06
      182.00  0.5468451E-06   0.0000000E+00   0.5468451E-06
      186.00  0.5289139E-06   0.0000000E+00   0.5289139E-06
      191.00  0.5136132E-06   0.0000000E+00   0.5136132E-06
      194.00  0.5489638E-06   0.0000000E+00   0.5489638E-06
      198.00  0.5498201E-06   0.0000000E+00   0.5498201E-06
      202.00  0.5774028E-06   0.0000000E+00   0.5774028E-06
      205.00  0.5441921E-06   0.0000000E+00   0.5441921E-06
      210.00  0.5242919E-06   0.0000000E+00   0.5242919E-06
      216.00  0.5234813E-06   0.0000000E+00   0.5234813E-06
      220.00  0.4778016E-06   0.0000000E+00   0.4778016E-06
      223.00  0.4866093E-06   0.0000000E+00   0.4866093E-06
      227.00  0.5192623E-06   0.0000000E+00   0.5192623E-06
      228.00  0.5311594E-06   0.0000000E+00   0.5311594E-06
      228.00  0.3816067E-06   0.0000000E+00   0.3816067E-06
      230.00  0.6273931E-06   0.0000000E+00   0.6273931E-06
      234.00  0.1118966E-05   0.0000000E+00   0.1118966E-05
      240.00  0.1791916E-05   0.0000000E+00   0.1791916E-05
      246.00  0.2134603E-05   0.0000000E+00   0.2134603E-05
      252.00  0.2770848E-05   0.0000000E+00   0.2770848E-05
      257.00  0.1987342E-05   0.0000000E+00   0.1987342E-05
      260.00  0.2797876E-05   0.0000000E+00   0.2797876E-05
      264.00  0.2841205E-05   0.0000000E+00   0.2841205E-05
      269.00  0.2828162E-05   0.0000000E+00   0.2828162E-05
      274.00  0.2888447E-05   0.0000000E+00   0.2888447E-05
      279.00  0.2516942E-05   0.0000000E+00   0.2516942E-05
      284.00  0.2532571E-05   0.0000000E+00   0.2532571E-05
      290.00  0.2306889E-05   0.0000000E+00   0.2306889E-05
      296.00  0.2189154E-05   0.0000000E+00   0.2189154E-05
      301.00  0.1708827E-05   0.0000000E+00   0.1708827E-05
      308.00  0.1921488E-05   0.0000000E+00   0.1921488E-05
      318.00  0.2163124E-05   0.0000000E+00   0.2163124E-05
      328.00  0.2060763E-05   0.0000000E+00   0.2060763E-05
      338.00  0.1847316E-05   0.0000000E+00   0.1847316E-05
      348.00  0.1683394E-05   0.0000000E+00   0.1683394E-05
      353.30  0.1616595E-05   0.0000000E+00   0.1616595E-05
      353.30  0.1611984E-05   0.0000000E+00   0.1611984E-05
      357.00  0.1602871E-05   0.0000000E+00   0.1602871E-05
      366.00  0.1580705E-05   0.0000000E+00   0.1580705E-05
      375.00  0.1514255E-05   0.0000000E+00   0.1514255E-05
      385.00  0.1342117E-05   0.0000000E+00   0.1342117E-05
      395.00  0.1306578E-05   0.0000000E+00   0.1306578E-05
      405.00  0.1297276E-05   0.0000000E+00   0.1297276E-05
      414.00  0.1236942E-05   0.0000000E+00   0.1236942E-05
      422.00  0.1137915E-05   0.0000000E+00   0.1137915E-05
      430.00  0.1045786E-05   0.0000000E+00   0.1045786E-05
      441.00  0.1012882E-05   0.0000000E+00   0.1012882E-05
      451.00  0.9755616E-06   0.0000000E+00   0.9755616E-06
      460.00  0.9368908E-06   0.0000000E+00   0.9368908E-06
      470.00  0.9093339E-06   0.0000000E+00   0.9093339E-06
      480.00  0.8412108E-06   0.0000000E+00   0.8412108E-06
      490.00  0.8311663E-06   0.0000000E+00   0.8311663E-06
      500.00  0.7733824E-06   0.0000000E+00   0.7733824E-06
      504.60  0.7369018E-06   0.0000000E+00   0.7369018E-06
      504.60  0.7797065E-06   0.0000000E+00   0.7797065E-06
      506.00  0.7651207E-06   0.0000000E+00   0.7651207E-06
      512.00  0.7213634E-06   0.0000000E+00   0.7213634E-06
      520.00  0.7142725E-06   0.0000000E+00   0.7142725E-06
      530.00  0.6579054E-06   0.0000000E+00   0.6579054E-06
      540.00  0.5976962E-06   0.0000000E+00   0.5976962E-06
      550.00  0.5587688E-06   0.0000000E+00   0.5587688E-06
      560.00  0.5882641E-06   0.0000000E+00   0.5882641E-06
      570.00  0.5729020E-06   0.0000000E+00   0.5729020E-06
      580.00  0.5128216E-06   0.0000000E+00   0.5128216E-06
      590.00  0.5324114E-06   0.0000000E+00   0.5324114E-06
      600.00  0.4794602E-06   0.0000000E+00   0.4794602E-06
      610.00  0.4431061E-06   0.0000000E+00   0.4431061E-06
      620.00  0.4379250E-06   0.0000000E+00   0.4379250E-06
      630.00  0.4154968E-06   0.0000000E+00   0.4154968E-06
      640.00  0.4031508E-06   0.0000000E+00   0.4031508E-06
      650.00  0.4033574E-06   0.0000000E+00   0.4033574E-06
      658.00  0.3642231E-06   0.0000000E+00   0.3642231E-06
      665.00  0.3399471E-06   0.0000000E+00   0.3399471E-06
      675.00  0.3658555E-06   0.0000000E+00   0.3658555E-06
      685.00  0.3318198E-06   0.0000000E+00   0.3318198E-06
      695.00  0.3315049E-06   0.0000000E+00   0.3315049E-06
      705.00  0.3206711E-06   0.0000000E+00   0.3206711E-06
      716.00  0.3109918E-06   0.0000000E+00   0.3109918E-06
      726.00  0.2999104E-06   0.0000000E+00   0.2999104E-06
      735.00  0.2856723E-06   0.0000000E+00   0.2856723E-06
      745.00  0.2773134E-06   0.0000000E+00   0.2773134E-06
      755.00  0.2702793E-06   0.0000000E+00   0.2702793E-06
      765.00  0.2340901E-06   0.0000000E+00   0.2340901E-06
      775.00  0.2382476E-06   0.0000000E+00   0.2382476E-06
      785.00  0.1956557E-06   0.0000000E+00   0.1956557E-06
      795.00  0.2327360E-06   0.0000000E+00   0.2327360E-06
      805.00  0.2272833E-06   0.0000000E+00   0.2272833E-06
      815.00  0.2202379E-06   0.0000000E+00   0.2202379E-06
      825.00  0.2118477E-06   0.0000000E+00   0.2118477E-06
      835.00  0.1876569E-06   0.0000000E+00   0.1876569E-06
      845.00  0.1956402E-06   0.0000000E+00   0.1956402E-06
      855.00  0.1875605E-06   0.0000000E+00   0.1875605E-06
      865.00  0.1743680E-06   0.0000000E+00   0.1743680E-06
      875.00  0.1821528E-06   0.0000000E+00   0.1821528E-06
      885.00  0.1749122E-06   0.0000000E+00   0.1749122E-06
      895.00  0.1710102E-06   0.0000000E+00   0.1710102E-06
      905.00  0.1661913E-06   0.0000000E+00   0.1661913E-06
      912.40  0.1620350E-06   0.2548954E-12   0.1620352E-06
      912.40  0.1885774E-06   0.2549018E-12   0.1885777E-06
      915.00  0.1881987E-06   0.2764805E-12   0.1881990E-06
      925.00  0.1867420E-06   0.3535837E-12   0.1867424E-06
      935.00  0.2235719E-06   0.4497102E-12   0.2235723E-06
      945.00  0.2255474E-06   0.5689349E-12   0.2255480E-06
      955.00  0.2054114E-06   0.7160705E-12   0.2054121E-06
      965.00  0.2068408E-06   0.8967735E-12   0.2068417E-06
      975.00  0.1960069E-06   0.1117664E-11   0.1960080E-06
      985.00  0.2093514E-06   0.1386456E-11   0.2093528E-06
      995.00  0.1795536E-06   0.1712103E-11   0.1795553E-06
     1005.00  0.1873826E-06   0.2104950E-11   0.1873847E-06
     1015.00  0.2022531E-06   0.2576912E-11   0.2022557E-06
     1025.00  0.1624315E-06   0.3141655E-11   0.1624346E-06
     1035.00  0.1829365E-06   0.3814795E-11   0.1829403E-06
     1045.00  0.1916069E-06   0.4614138E-11   0.1916115E-06
     1055.00  0.1877651E-06   0.5559861E-11   0.1877707E-06
     1065.00  0.1834436E-06   0.6674800E-11   0.1834503E-06
     1075.00  0.1758469E-06   0.7984704E-11   0.1758549E-06
     1085.00  0.1400490E-06   0.9518517E-11   0.1400585E-06
     1095.00  0.1701431E-06   0.1130868E-10   0.1701544E-06
     1105.00  0.1688637E-06   0.1339143E-10   0.1688771E-06
     1115.00  0.1628320E-06   0.1580714E-10   0.1628478E-06
     1125.00  0.1592771E-06   0.1860069E-10   0.1592957E-06
     1135.00  0.1605583E-06   0.2182179E-10   0.1605801E-06
     1145.00  0.1555649E-06   0.2552539E-10   0.1555904E-06
     1155.00  0.1489642E-06   0.2977206E-10   0.1489940E-06
     1165.00  0.1470243E-06   0.3462840E-10   0.1470589E-06
     1175.00  0.1326585E-06   0.4016750E-10   0.1326987E-06
     1185.00  0.1409972E-06   0.4646932E-10   0.1410437E-06
     1195.00  0.1176372E-06   0.5362118E-10   0.1176908E-06
     1205.00  0.1198688E-06   0.6171823E-10   0.1199305E-06
     1215.00  0.9765676E-07   0.7086391E-10   0.9772762E-07
     1225.00  0.1158483E-06   0.9821371E-08   0.1256697E-06
     1235.00  0.9640240E-07   0.1866952E-07   0.1150719E-06
     1245.00  0.1397751E-06   0.2619147E-07   0.1659666E-06
     1255.00  0.1205571E-06   0.3261719E-07   0.1531743E-06
     1265.00  0.1199167E-06   0.3811718E-07   0.1580339E-06
     1275.00  0.1294687E-06   0.4282633E-07   0.1722950E-06
     1285.00  0.1316376E-06   0.4685475E-07   0.1784924E-06
     1295.00  0.1255044E-06   0.5029418E-07   0.1757986E-06
     1305.00  0.1184915E-06   0.5322199E-07   0.1717135E-06
     1315.00  0.1280785E-06   0.5570406E-07   0.1837826E-06
     1325.00  0.1285891E-06   0.5779695E-07   0.1863860E-06
     1335.00  0.1220315E-06   0.5954941E-07   0.1815809E-06
     1345.00  0.1341431E-06   0.6100374E-07   0.1951468E-06
     1355.00  0.1318691E-06   0.6219675E-07   0.1940659E-06
     1365.00  0.1290074E-06   0.6316060E-07   0.1921680E-06
     1375.00  0.1317595E-06   0.6392347E-07   0.1956830E-06
     1385.00  0.1332733E-06   0.6451011E-07   0.1977834E-06
     1395.00  0.1369863E-06   0.6494235E-07   0.2019287E-06
     1405.00  0.1399890E-06   0.6523946E-07   0.2052285E-06
     1415.00  0.1388940E-06   0.6541849E-07   0.2043125E-06
     1425.00  0.1438188E-06   0.6549457E-07   0.2093134E-06
     1435.00  0.1434034E-06   0.6548115E-07   0.2088846E-06
     1442.00  0.1539694E-06   0.6542498E-07   0.2193944E-06
     1447.00  0.1596092E-06   0.6536370E-07   0.2249729E-06
     1455.00  0.1650065E-06   0.6523248E-07   0.2302390E-06
     1465.00  0.1614702E-06   0.6501749E-07   0.2264877E-06
     1475.00  0.1669519E-06   0.6475384E-07   0.2317057E-06
     1485.00  0.1784570E-06   0.6444923E-07   0.2429062E-06
     1495.00  0.1921760E-06   0.6411060E-07   0.2562866E-06
     1505.00  0.2032049E-06   0.6374422E-07   0.2669491E-06
     1512.00  0.2002038E-06   0.6347430E-07   0.2636781E-06
     1517.00  0.2056394E-06   0.6327587E-07   0.2689153E-06
     1525.00  0.3418869E-06   0.6295034E-07   0.4048372E-06
     1535.00  0.4545483E-06   0.6253264E-07   0.5170809E-06
     1545.00  0.6356609E-06   0.6210693E-07   0.6977678E-06
     1555.00  0.5966810E-06   0.6167689E-07   0.6583579E-06
     1565.00  0.5595952E-06   0.6124624E-07   0.6208414E-06
     1575.00  0.1048563E-05   0.6081829E-07   0.1109381E-05
     1585.00  0.1310278E-05   0.6039604E-07   0.1370674E-05
     1595.00  0.1652678E-05   0.5998232E-07   0.1712660E-05
     1605.00  0.1492397E-05   0.5957972E-07   0.1551977E-05
     1615.00  0.1434368E-05   0.5919069E-07   0.1493559E-05
     1625.00  0.1072312E-05   0.5881749E-07   0.1131129E-05
     1635.00  0.1384171E-05   0.5846227E-07   0.1442633E-05
     1645.00  0.2183398E-05   0.5812704E-07   0.2241525E-05
     1655.00  0.1103026E-05   0.5781372E-07   0.1160840E-05
     1665.00  0.2235426E-05   0.5752413E-07   0.2292950E-05
     1672.00  0.1094984E-05   0.5733648E-07   0.1152320E-05
     1677.00  0.8772951E-05   0.5721040E-07   0.8830161E-05
     1685.00  0.9266584E-05   0.5702305E-07   0.9323607E-05
     1695.00  0.6767848E-05   0.5681482E-07   0.6824663E-05
     1705.00  0.7424122E-05   0.5663690E-07   0.7480759E-05
     1715.00  0.1063882E-04   0.5649077E-07   0.1069531E-04
     1725.00  0.1143290E-04   0.5637791E-07   0.1148928E-04
     1735.00  0.1400878E-04   0.5629973E-07   0.1406508E-04
     1745.00  0.1304338E-04   0.5625764E-07   0.1309964E-04
     1755.00  0.1639388E-04   0.5625301E-07   0.1645013E-04
     1765.00  0.1160232E-04   0.5628718E-07   0.1165861E-04
     1775.00  0.1545603E-04   0.5636149E-07   0.1551239E-04
     1785.00  0.1504945E-04   0.5647725E-07   0.1510593E-04
     1795.00  0.2095660E-04   0.5663581E-07   0.2101324E-04
     1805.00  0.1831529E-04   0.5683845E-07   0.1837213E-04
     1815.00  0.2003637E-04   0.5708643E-07   0.2009346E-04
     1825.00  0.1814289E-04   0.5738104E-07   0.1820027E-04
     1835.00  0.1636412E-04   0.5772356E-07   0.1642184E-04
     1845.00  0.1375056E-04   0.5811526E-07   0.1380868E-04
     1855.00  0.1728416E-04   0.5855741E-07   0.1734272E-04
     1865.00  0.2108172E-04   0.5905128E-07   0.2114077E-04
     1875.00  0.1938601E-04   0.5959814E-07   0.1944561E-04
     1885.00  0.2033077E-04   0.6019926E-07   0.2039097E-04
     1895.00  0.2304025E-04   0.6085591E-07   0.2310111E-04
     1905.00  0.2126078E-04   0.6156938E-07   0.2132235E-04
     1915.00  0.2310692E-04   0.6234093E-07   0.2316926E-04
     1925.00  0.2123943E-04   0.6317185E-07   0.2130260E-04
     1935.00  0.1323096E-04   0.6406341E-07   0.1329502E-04
     1945.00  0.2519849E-04   0.6501586E-07   0.2526351E-04
     1955.00  0.2596676E-04   0.6602991E-07   0.2603279E-04
     1967.00  0.2990118E-04   0.6733135E-07   0.2996851E-04
     1976.00  0.2857394E-04   0.6836918E-07   0.2864231E-04
     1984.00  0.2898778E-04   0.6933697E-07   0.2905712E-04
     1995.00  0.2847316E-04   0.7073844E-07   0.2854390E-04
     2005.00  0.2588730E-04   0.7208488E-07   0.2595938E-04
     2015.00  0.2563088E-04   0.7350154E-07   0.2570438E-04
     2025.00  0.2321959E-04   0.7498965E-07   0.2329458E-04
     2035.00  0.2813786E-04   0.7655498E-07   0.2821441E-04
     2045.00  0.3138788E-04   0.7819658E-07   0.3146608E-04
     2055.00  0.2991830E-04   0.3163851E-07   0.2994994E-04
     2065.00  0.2806489E-04   0.3129212E-07   0.2809618E-04
     2074.00  0.3430143E-04   0.3098749E-07   0.3433242E-04
     2078.00  0.3947160E-04   0.3085426E-07   0.3950245E-04
     2085.00  0.3899882E-04   0.3062428E-07   0.3902944E-04
     2095.00  0.3646035E-04   0.3030270E-07   0.3649065E-04
     2105.00  0.3259108E-04   0.2998927E-07   0.3262107E-04
     2115.00  0.3431834E-04   0.2968393E-07   0.3434802E-04
     2125.00  0.3443125E-04   0.2938662E-07   0.3446064E-04
     2135.00  0.2789466E-04   0.2909728E-07   0.2792376E-04
     2145.00  0.3446430E-04   0.2881585E-07   0.3449312E-04
     2155.00  0.3471727E-04   0.2854226E-07   0.3474581E-04
     2165.00  0.3132310E-04   0.2827646E-07   0.3135138E-04
     2175.00  0.3158696E-04   0.2801841E-07   0.3161498E-04
     2185.00  0.3475334E-04   0.2776806E-07   0.3478111E-04
     2195.00  0.3781467E-04   0.2752533E-07   0.3784220E-04
     2205.00  0.3543488E-04   0.2729017E-07   0.3546217E-04
     2215.00  0.2996111E-04   0.2706250E-07   0.2998817E-04
     2225.00  0.2993416E-04   0.2684229E-07   0.2996100E-04
     2235.00  0.3778400E-04   0.2662947E-07   0.3781063E-04
     2245.00  0.3445541E-04   0.2642400E-07   0.3448183E-04
     2255.00  0.2935713E-04   0.2622580E-07   0.2938336E-04
     2265.00  0.2950896E-04   0.2603484E-07   0.2953499E-04
     2275.00  0.3280944E-04   0.2585107E-07   0.3283529E-04
     2285.00  0.3698936E-04   0.2567432E-07   0.3701503E-04
     2295.00  0.3241548E-04   0.2550455E-07   0.3244098E-04
     2305.00  0.3564631E-04   0.2534179E-07   0.3567165E-04
     2315.00  0.3297634E-04   0.2518599E-07   0.3300153E-04
     2325.00  0.2147229E-04   0.2503709E-07   0.2149733E-04
     2335.00  0.2450894E-04   0.2489506E-07   0.2453384E-04
     2345.00  0.1826748E-04   0.2475984E-07   0.1829224E-04
     2355.00  0.3064020E-04   0.2463138E-07   0.3066483E-04
     2365.00  0.1949998E-04   0.2450964E-07   0.1952449E-04
     2375.00  0.2539240E-04   0.2439457E-07   0.2541679E-04
     2385.00  0.1538053E-04   0.2428612E-07   0.1540482E-04
     2395.00  0.1977688E-04   0.2418425E-07   0.1980106E-04
     2405.00  0.1947759E-04   0.2408892E-07   0.1950168E-04
     2415.00  0.2168632E-04   0.2400010E-07   0.2171032E-04
     2425.00  0.3174178E-04   0.2391773E-07   0.3176570E-04
     2435.00  0.3083758E-04   0.2384176E-07   0.3086142E-04
     2445.00  0.3494689E-04   0.2377216E-07   0.3497066E-04
     2455.00  0.3527704E-04   0.2370888E-07   0.3530075E-04
     2465.00  0.3452164E-04   0.2365187E-07   0.3454529E-04
     2475.00  0.3080523E-04   0.2360111E-07   0.3082883E-04
     2485.00  0.2913464E-04   0.2355654E-07   0.2915820E-04
     2495.00  0.2812395E-04   0.2351813E-07   0.2814747E-04
     2505.00  0.3891232E-04   0.2348584E-07   0.3893581E-04
     2513.00  0.2440730E-04   0.2346439E-07   0.2443076E-04
     2518.00  0.2036573E-04   0.2345294E-07   0.2038918E-04
     2525.00  0.2037975E-04   0.2343946E-07   0.2040319E-04
     2535.00  0.2324974E-04   0.2342529E-07   0.2327317E-04
     2545.00  0.2471757E-04   0.2341712E-07   0.2474099E-04
     2555.00  0.3248410E-04   0.2341489E-07   0.3250751E-04
     2565.00  0.2844971E-04   0.2341854E-07   0.2847313E-04
     2575.00  0.3361239E-04   0.2342806E-07   0.3363582E-04
     2585.00  0.3250456E-04   0.2344340E-07   0.3252800E-04
     2595.00  0.3053722E-04   0.2346452E-07   0.3056068E-04
     2605.00  0.2764862E-04   0.2225396E-07   0.2767087E-04
     2615.00  0.2487761E-04   0.2226426E-07   0.2489987E-04
     2625.00  0.3357245E-04   0.2228012E-07   0.3359473E-04
     2635.00  0.4003745E-04   0.2230150E-07   0.4005975E-04
     2645.00  0.5231463E-04   0.2232838E-07   0.5233696E-04
     2655.00  0.5865432E-04   0.2236073E-07   0.5867668E-04
     2665.00  0.4441414E-04   0.2239851E-07   0.4443654E-04
     2675.00  0.5032617E-04   0.2244170E-07   0.5034861E-04
     2685.00  0.5172375E-04   0.2249027E-07   0.5174624E-04
     2695.00  0.4441632E-04   0.2254418E-07   0.4443886E-04
     2705.00  0.4986053E-04   0.2260341E-07   0.4988313E-04
     2715.00  0.4202748E-04   0.2266794E-07   0.4205015E-04
     2725.00  0.4163989E-04   0.2273772E-07   0.4166263E-04
     2735.00  0.4691309E-04   0.2281274E-07   0.4693590E-04
     2745.00  0.2926722E-04   0.2289296E-07   0.2929011E-04
     2755.00  0.3478812E-04   0.2297836E-07   0.3481110E-04
     2765.00  0.3998721E-04   0.2306891E-07   0.4001028E-04
     2775.00  0.4529464E-04   0.2316457E-07   0.4531780E-04
     2785.00  0.3309248E-04   0.2326533E-07   0.3311575E-04
     2795.00  0.1308864E-04   0.2337115E-07   0.1311201E-04
     2805.00  0.1682839E-04   0.2348200E-07   0.1685187E-04
     2815.00  0.4365655E-04   0.2359787E-07   0.4368015E-04
     2825.00  0.5557900E-04   0.2371871E-07   0.5560272E-04
     2835.00  0.5363652E-04   0.2384451E-07   0.5366036E-04
     2845.00  0.4977322E-04   0.2397523E-07   0.4979720E-04
     2855.00  0.4197923E-04   0.2411064E-07   0.4200334E-04
     2865.00  0.5633347E-04   0.2425070E-07   0.5635772E-04
     2875.00  0.5844647E-04   0.2439556E-07   0.5847087E-04
     2885.00  0.5740011E-04   0.2454520E-07   0.5742466E-04
     2895.00  0.5754964E-04   0.2469960E-07   0.5757434E-04
     2910.00  0.7097179E-04   0.2494004E-07   0.7099673E-04
     2930.00  0.6532470E-04   0.2527701E-07   0.6534998E-04
     2950.00  0.6347788E-04   0.2563247E-07   0.6350351E-04
     2970.00  0.6725435E-04   0.2600621E-07   0.6728036E-04
     2990.00  0.6862189E-04   0.2639800E-07   0.6864829E-04
     3010.00  0.7077522E-04   0.2680760E-07   0.7080203E-04
     3030.00  0.7097332E-04   0.2723481E-07   0.7100055E-04
     3050.00  0.7239939E-04   0.2767946E-07   0.7242707E-04
     3070.00  0.7526716E-04   0.2814135E-07   0.7529530E-04
     3090.00  0.7706762E-04   0.2862020E-07   0.7709624E-04
     3110.00  0.7777120E-04   0.2911577E-07   0.7780032E-04
     3130.00  0.7587087E-04   0.2934854E-07   0.7590022E-04
     3150.00  0.7772723E-04   0.2986945E-07   0.7775710E-04
     3170.00  0.7920905E-04   0.3040632E-07   0.7923946E-04
     3190.00  0.7185688E-04   0.3095895E-07   0.7188784E-04
     3210.00  0.7729214E-04   0.3152708E-07   0.7732367E-04
     3230.00  0.7009819E-04   0.3211051E-07   0.7013030E-04
     3250.00  0.8059065E-04   0.3270899E-07   0.8062336E-04
     3270.00  0.8712375E-04   0.3332170E-07   0.8715707E-04
     3290.00  0.8642447E-04   0.3394853E-07   0.8645842E-04
     3310.00  0.8690076E-04   0.3458953E-07   0.8693535E-04
     3330.00  0.8648358E-04   0.3524448E-07   0.8651882E-04
     3350.00  0.8493801E-04   0.3591312E-07   0.8497392E-04
     3370.00  0.7812414E-04   0.3659522E-07   0.7816074E-04
     3390.00  0.8098880E-04   0.3729054E-07   0.8102609E-04
     3410.00  0.8164866E-04   0.3799884E-07   0.8168666E-04
     3430.00  0.8337371E-04   0.3596629E-07   0.8340968E-04
     3450.00  0.8499134E-04   0.3662783E-07   0.8502797E-04
     3470.00  0.8506094E-04   0.3730086E-07   0.8509824E-04
     3490.00  0.8826812E-04   0.3798514E-07   0.8830611E-04
     3510.00  0.9129394E-04   0.3868041E-07   0.9133262E-04
     3530.00  0.8698377E-04   0.3938622E-07   0.8702316E-04
     3550.00  0.9364013E-04   0.4010255E-07   0.9368023E-04
     3570.00  0.8022958E-04   0.4082917E-07   0.8027041E-04
     3590.00  0.8053662E-04   0.4156588E-07   0.8057819E-04
     3610.00  0.8722400E-04   0.4231245E-07   0.8726631E-04
     3630.00  0.8921741E-04   0.4306864E-07   0.8926048E-04
     3640.00  0.8978712E-04   0.4345028E-07   0.8983057E-04
     3650.00  0.9777508E-04   0.6654178E-08   0.9778173E-04
     3670.00  0.9542227E-04   0.6597455E-08   0.9542887E-04
     3690.00  0.8889795E-04   0.6003847E-08   0.8890395E-04
     3710.00  0.9983992E-04   0.5939041E-08   0.9984586E-04
     3730.00  0.8919563E-04   0.5876318E-08   0.8920151E-04
     3750.00  0.1043937E-03   0.5815622E-08   0.1043995E-03
     3770.00  0.1150701E-03   0.5756903E-08   0.1150759E-03
     3790.00  0.1282683E-03   0.5700107E-08   0.1282740E-03
     3810.00  0.1398092E-03   0.5645186E-08   0.1398148E-03
     3830.00  0.1079616E-03   0.5592090E-08   0.1079672E-03
     3850.00  0.1425972E-03   0.5540773E-08   0.1426027E-03
     3870.00  0.1544948E-03   0.5491190E-08   0.1545003E-03
     3890.00  0.1196192E-03   0.5443295E-08   0.1196246E-03
     3910.00  0.1642330E-03   0.5397045E-08   0.1642384E-03
     3930.00  0.1025576E-03   0.5352398E-08   0.1025630E-03
     3950.00  0.1480671E-03   0.5309314E-08   0.1480724E-03
     3970.00  0.9517731E-04   0.5267758E-08   0.9518258E-04
     3990.00  0.1765683E-03   0.5227708E-08   0.1765735E-03
     4010.00  0.1950875E-03   0.5189102E-08   0.1950927E-03
     4030.00  0.1967591E-03   0.5151904E-08   0.1967643E-03
     4050.00  0.1927463E-03   0.5116078E-08   0.1927514E-03
     4070.00  0.1860342E-03   0.5081589E-08   0.1860393E-03
     4090.00  0.1779264E-03   0.5048403E-08   0.1779314E-03
     4110.00  0.1542732E-03   0.5016487E-08   0.1542782E-03
     4130.00  0.1895228E-03   0.4985808E-08   0.1895278E-03
     4150.00  0.1961995E-03   0.4956336E-08   0.1962045E-03
     4170.00  0.1963148E-03   0.4928039E-08   0.1963197E-03
     4190.00  0.1948616E-03   0.4900887E-08   0.1948665E-03
     4210.00  0.1970981E-03   0.4874852E-08   0.1971030E-03
     4230.00  0.1932865E-03   0.4849905E-08   0.1932913E-03
     4250.00  0.1963473E-03   0.4826019E-08   0.1963521E-03
     4270.00  0.1888093E-03   0.4803166E-08   0.1888141E-03
     4290.00  0.1860660E-03   0.4781320E-08   0.1860708E-03
     4310.00  0.1683979E-03   0.4760456E-08   0.1684027E-03
     4330.00  0.1702075E-03   0.4740549E-08   0.1702122E-03
     4350.00  0.1552813E-03   0.4721575E-08   0.1552860E-03
     4370.00  0.1977454E-03   0.4703512E-08   0.1977501E-03
     4390.00  0.1931691E-03   0.4686335E-08   0.1931738E-03
     4410.00  0.1957928E-03   0.4670020E-08   0.1957975E-03
     4430.00  0.1989660E-03   0.4654545E-08   0.1989707E-03
     4450.00  0.2007930E-03   0.4639889E-08   0.2007976E-03
     4470.00  0.2056122E-03   0.4626031E-08   0.2056168E-03
     4490.00  0.2057258E-03   0.4612950E-08   0.2057304E-03
     4510.00  0.2201449E-03   0.4600627E-08   0.2201495E-03
     4530.00  0.2043643E-03   0.4589041E-08   0.2043689E-03
     4550.00  0.2060706E-03   0.4578175E-08   0.2060752E-03
     4570.00  0.2165045E-03   0.4568008E-08   0.2165091E-03
     4590.00  0.2066582E-03   0.4558523E-08   0.2066628E-03
     4610.00  0.2110598E-03   0.4549702E-08   0.2110643E-03
     4630.00  0.2053133E-03   0.4541528E-08   0.2053178E-03
     4650.00  0.2076435E-03   0.4533983E-08   0.2076480E-03
     4670.00  0.2106461E-03   0.4527052E-08   0.2106506E-03
     4690.00  0.2048183E-03   0.4520718E-08   0.2048228E-03
     4710.00  0.1982603E-03   0.4514966E-08   0.1982648E-03
     4730.00  0.2065714E-03   0.4509779E-08   0.2065759E-03
     4750.00  0.2097244E-03   0.4505143E-08   0.2097289E-03
     4770.00  0.2079077E-03   0.4501044E-08   0.2079122E-03
     4790.00  0.2063022E-03   0.4497466E-08   0.2063067E-03
     4810.00  0.2026550E-03   0.4494382E-08   0.2026595E-03
     4830.00  0.2017168E-03   0.4491777E-08   0.2017213E-03
     4850.00  0.1771581E-03   0.4489651E-08   0.1771626E-03
     4870.00  0.1532772E-03   0.4487991E-08   0.1532817E-03
     4890.00  0.1913647E-03   0.4486784E-08   0.1913692E-03
     4910.00  0.1949039E-03   0.4486018E-08   0.1949084E-03
     4930.00  0.1923516E-03   0.4485680E-08   0.1923561E-03
     4950.00  0.1989367E-03   0.4485760E-08   0.1989412E-03
     4970.00  0.1977733E-03   0.4486244E-08   0.1977778E-03
     4990.00  0.1869673E-03   0.4487122E-08   0.1869718E-03
     5010.00  0.1796967E-03   0.4488383E-08   0.1797012E-03
     5030.00  0.1872728E-03   0.4490015E-08   0.1872773E-03
     5050.00  0.1857836E-03   0.4492009E-08   0.1857881E-03
     5070.00  0.1913268E-03   0.4494364E-08   0.1913313E-03
     5090.00  0.1844273E-03   0.4497117E-08   0.1844318E-03
     5110.00  0.1865431E-03   0.4500199E-08   0.1865476E-03
     5130.00  0.1812970E-03   0.4503600E-08   0.1813015E-03
     5150.00  0.1760309E-03   0.4507310E-08   0.1760354E-03
     5170.00  0.1693445E-03   0.4511321E-08   0.1693490E-03
     5190.00  0.1707844E-03   0.4515623E-08   0.1707889E-03
     5210.00  0.1760041E-03   0.4520207E-08   0.1760086E-03
     5230.00  0.1784310E-03   0.4525066E-08   0.1784355E-03
     5250.00  0.1824693E-03   0.4530189E-08   0.1824738E-03
     5270.00  0.1672036E-03   0.4535569E-08   0.1672081E-03
     5290.00  0.1809443E-03   0.4541198E-08   0.1809488E-03
     5310.00  0.1848468E-03   0.4547069E-08   0.1848513E-03
     5330.00  0.1710682E-03   0.4553172E-08   0.1710728E-03
     5350.00  0.1805541E-03   0.4559500E-08   0.1805587E-03
     5370.00  0.1789961E-03   0.4566043E-08   0.1790007E-03
     5390.00  0.1759788E-03   0.4572785E-08   0.1759834E-03
     5410.00  0.1721845E-03   0.4579729E-08   0.1721891E-03
     5430.00  0.1742755E-03   0.4586869E-08   0.1742801E-03
     5450.00  0.1780155E-03   0.4594198E-08   0.1780201E-03
     5470.00  0.1738121E-03   0.4601709E-08   0.1738167E-03
     5490.00  0.1743483E-03   0.4609397E-08   0.1743529E-03
     5510.00  0.1722937E-03   0.4617255E-08   0.1722983E-03
     5530.00  0.1734362E-03   0.4625276E-08   0.1734408E-03
     5550.00  0.1745001E-03   0.4633455E-08   0.1745047E-03
     5570.00  0.1708577E-03   0.4641786E-08   0.1708623E-03
     5590.00  0.1681116E-03   0.4650263E-08   0.1681163E-03
     5610.00  0.1712672E-03   0.4658880E-08   0.1712719E-03
     5630.00  0.1699130E-03   0.4667632E-08   0.1699177E-03
     5650.00  0.1700452E-03   0.4676513E-08   0.1700499E-03
     5670.00  0.1662307E-03   0.4685519E-08   0.1662354E-03
     5690.00  0.1688422E-03   0.4694644E-08   0.1688469E-03
     5710.00  0.1651374E-03   0.3324594E-08   0.1651407E-03
     5730.00  0.1728797E-03   0.3324791E-08   0.1728830E-03
     5750.00  0.1676309E-03   0.3325133E-08   0.1676342E-03
     5770.00  0.1684038E-03   0.3325615E-08   0.1684071E-03
     5790.00  0.1640517E-03   0.3326234E-08   0.1640550E-03
     5810.00  0.1670072E-03   0.3326985E-08   0.1670105E-03
     5830.00  0.1688576E-03   0.3327865E-08   0.1688609E-03
     5850.00  0.1651782E-03   0.3328869E-08   0.1651815E-03
     5870.00  0.1648160E-03   0.3329993E-08   0.1648193E-03
     5890.00  0.1562512E-03   0.3331234E-08   0.1562545E-03
     5910.00  0.1621339E-03   0.3332589E-08   0.1621372E-03
     5930.00  0.1617072E-03   0.3334053E-08   0.1617105E-03
     5950.00  0.1612479E-03   0.3335624E-08   0.1612512E-03
     5970.00  0.1619117E-03   0.3337297E-08   0.1619150E-03
     5990.00  0.1595546E-03   0.3339069E-08   0.1595579E-03
     6010.00  0.1570646E-03   0.3340938E-08   0.1570679E-03
     6030.00  0.1586729E-03   0.3342899E-08   0.1586762E-03
     6050.00  0.1599991E-03   0.3344951E-08   0.1600024E-03
     6070.00  0.1592464E-03   0.3347089E-08   0.1592497E-03
     6090.00  0.1548929E-03   0.3349310E-08   0.1548962E-03
     6110.00  0.1544471E-03   0.3351612E-08   0.1544505E-03
     6130.00  0.1487922E-03   0.3353991E-08   0.1487956E-03
     6150.00  0.1497424E-03   0.3356446E-08   0.1497458E-03
     6170.00  0.1463326E-03   0.3358972E-08   0.1463360E-03
     6190.00  0.1513790E-03   0.3361569E-08   0.1513824E-03
     6210.00  0.1504824E-03   0.3364233E-08   0.1504858E-03
     6230.00  0.1467119E-03   0.3366962E-08   0.1467153E-03
     6250.00  0.1422363E-03   0.3369753E-08   0.1422397E-03
     6270.00  0.1474286E-03   0.3372603E-08   0.1474320E-03
     6290.00  0.1479023E-03   0.3375511E-08   0.1479057E-03
     6310.00  0.1444553E-03   0.3378475E-08   0.1444587E-03
     6330.00  0.1451448E-03   0.3381491E-08   0.1451482E-03
     6350.00  0.1446208E-03   0.3384557E-08   0.1446242E-03
     6370.00  0.1436659E-03   0.3387672E-08   0.1436693E-03
     6390.00  0.1447006E-03   0.3390833E-08   0.1447040E-03
     6410.00  0.1417591E-03   0.3394038E-08   0.1417625E-03
     6430.00  0.1425266E-03   0.3397286E-08   0.1425300E-03
     6450.00  0.1410968E-03   0.3400574E-08   0.1411002E-03
     6470.00  0.1407515E-03   0.3403900E-08   0.1407549E-03
     6490.00  0.1378416E-03   0.3407263E-08   0.1378450E-03
     6510.00  0.1401314E-03   0.3410661E-08   0.1401348E-03
     6530.00  0.1385438E-03   0.3414052E-08   0.1385472E-03
     6550.00  0.1301984E-03   0.3417462E-08   0.1302018E-03
     6570.00  0.1148861E-03   0.3420899E-08   0.1148895E-03
     6590.00  0.1339641E-03   0.3424362E-08   0.1339675E-03
     6610.00  0.1368841E-03   0.3427850E-08   0.1368875E-03
     6630.00  0.1362963E-03   0.3431360E-08   0.1362997E-03
     6650.00  0.1358478E-03   0.3418316E-08   0.1358512E-03
     6670.00  0.1338007E-03   0.3421881E-08   0.1338041E-03
     6690.00  0.1353510E-03   0.3425464E-08   0.1353544E-03
     6710.00  0.1320495E-03   0.3429065E-08   0.1320529E-03
     6730.00  0.1336102E-03   0.3432681E-08   0.1336136E-03
     6750.00  0.1316717E-03   0.3436313E-08   0.1316751E-03
     6770.00  0.1319781E-03   0.3439958E-08   0.1319815E-03
     6790.00  0.1306741E-03   0.3443615E-08   0.1306775E-03
     6810.00  0.1301993E-03   0.3447283E-08   0.1302027E-03
     6830.00  0.1305221E-03   0.3450960E-08   0.1305256E-03
     6850.00  0.1277475E-03   0.3454646E-08   0.1277510E-03
     6870.00  0.1288110E-03   0.3458339E-08   0.1288145E-03
     6890.00  0.1293149E-03   0.3462038E-08   0.1293184E-03
     6910.00  0.1283002E-03   0.3465742E-08   0.1283037E-03
     6930.00  0.1273420E-03   0.3469450E-08   0.1273455E-03
     6950.00  0.1265539E-03   0.3473160E-08   0.1265574E-03
     6970.00  0.1267159E-03   0.3476872E-08   0.1267194E-03
     6990.00  0.1263010E-03   0.3480585E-08   0.1263045E-03
     7010.00  0.1236341E-03   0.3484298E-08   0.1236376E-03
     7030.00  0.1251963E-03   0.3488012E-08   0.1251998E-03
     7050.00  0.1251886E-03   0.3491725E-08   0.1251921E-03
     7070.00  0.1225884E-03   0.3495433E-08   0.1225919E-03
     7090.00  0.1209573E-03   0.3499138E-08   0.1209608E-03
     7110.00  0.1188846E-03   0.3502837E-08   0.1188881E-03
     7130.00  0.1176027E-03   0.3506530E-08   0.1176062E-03
     7150.00  0.1172275E-03   0.3510217E-08   0.1172310E-03
     7170.00  0.1172429E-03   0.3513895E-08   0.1172464E-03
     7190.00  0.1146771E-03   0.3517566E-08   0.1146806E-03
     7210.00  0.1163058E-03   0.3521227E-08   0.1163093E-03
     7230.00  0.1168530E-03   0.3524878E-08   0.1168565E-03
     7250.00  0.1168843E-03   0.3528518E-08   0.1168878E-03
     7270.00  0.1167643E-03   0.3532148E-08   0.1167678E-03
     7290.00  0.1144507E-03   0.3535764E-08   0.1144542E-03
     7310.00  0.1162182E-03   0.3539369E-08   0.1162217E-03
     7330.00  0.1161339E-03   0.3542960E-08   0.1161374E-03
     7350.00  0.1165628E-03   0.3546537E-08   0.1165663E-03
     7370.00  0.1179431E-03   0.3550099E-08   0.1179467E-03
     7390.00  0.1154431E-03   0.3553646E-08   0.1154467E-03
     7410.00  0.1146104E-03   0.3557178E-08   0.1146140E-03
     7430.00  0.1165915E-03   0.3560693E-08   0.1165951E-03
     7450.00  0.1163019E-03   0.3558507E-08   0.1163055E-03
     7470.00  0.1174376E-03   0.3561990E-08   0.1174412E-03
     7490.00  0.1170264E-03   0.3565455E-08   0.1170300E-03
     7510.00  0.1174793E-03   0.3568902E-08   0.1174829E-03
     7530.00  0.1186560E-03   0.3572330E-08   0.1186596E-03
     7550.00  0.1192147E-03   0.3575740E-08   0.1192183E-03
     7570.00  0.1185503E-03   0.3579130E-08   0.1185539E-03
     7590.00  0.1163297E-03   0.3582501E-08   0.1163333E-03
     7610.00  0.1141372E-03   0.3585831E-08   0.1141408E-03
     7630.00  0.1122177E-03   0.3589119E-08   0.1122213E-03
     7650.00  0.1101747E-03   0.3592385E-08   0.1101783E-03
     7670.00  0.1062709E-03   0.3595628E-08   0.1062745E-03
     7690.00  0.1079834E-03   0.3598848E-08   0.1079870E-03
     7710.00  0.1062486E-03   0.3602045E-08   0.1062522E-03
     7730.00  0.1063907E-03   0.3605218E-08   0.1063943E-03
     7750.00  0.1053567E-03   0.3608367E-08   0.1053603E-03
     7770.00  0.1054744E-03   0.3611492E-08   0.1054780E-03
     7790.00  0.1063329E-03   0.3614592E-08   0.1063365E-03
     7810.00  0.1058755E-03   0.3617667E-08   0.1058791E-03
     7830.00  0.1048914E-03   0.3620718E-08   0.1048950E-03
     7850.00  0.1038554E-03   0.3623742E-08   0.1038590E-03
     7870.00  0.1042810E-03   0.3549682E-08   0.1042845E-03
     7890.00  0.1031612E-03   0.3552625E-08   0.1031648E-03
     7910.00  0.1010070E-03   0.3555544E-08   0.1010106E-03
     7930.00  0.1006568E-03   0.3558437E-08   0.1006604E-03
     7950.00  0.9992907E-04   0.3561305E-08   0.9993263E-04
     7970.00  0.1021202E-03   0.3564148E-08   0.1021238E-03
     7990.00  0.1015729E-03   0.3566965E-08   0.1015765E-03
     8010.00  0.1017482E-03   0.3569756E-08   0.1017518E-03
     8030.00  0.1019616E-03   0.3572520E-08   0.1019652E-03
     8050.00  0.1016340E-03   0.3575259E-08   0.1016376E-03
     8070.00  0.1028913E-03   0.3577972E-08   0.1028949E-03
     8090.00  0.1019874E-03   0.3580657E-08   0.1019910E-03
     8110.00  0.1028760E-03   0.3583316E-08   0.1028796E-03
     8130.00  0.1052710E-03   0.3585947E-08   0.1052746E-03
     8150.00  0.1065273E-03   0.3588552E-08   0.1065309E-03
     8170.00  0.1074244E-03   0.3591129E-08   0.1074280E-03
     8190.00  0.1047468E-03   0.3593679E-08   0.1047504E-03
     8210.00  0.1015420E-03   0.3120273E-08   0.1015451E-03
     8230.00  0.1014414E-03   0.1262822E-08   0.1014427E-03
     8250.00  0.1013997E-03   0.1261542E-08   0.1014010E-03
     8270.00  0.1020378E-03   0.1260278E-08   0.1020391E-03
     8290.00  0.1004656E-03   0.1240335E-08   0.1004668E-03
     8310.00  0.9757503E-04   0.1239095E-08   0.9757627E-04
     8330.00  0.9661579E-04   0.1237870E-08   0.9661703E-04
     8350.00  0.9607471E-04   0.1236658E-08   0.9607595E-04
     8370.00  0.9630730E-04   0.1235458E-08   0.9630854E-04
     8390.00  0.9398534E-04   0.1234272E-08   0.9398657E-04
     8410.00  0.9561841E-04   0.1233098E-08   0.9561964E-04
     8430.00  0.9269721E-04   0.1231937E-08   0.9269844E-04
     8450.00  0.9090557E-04   0.1230787E-08   0.9090680E-04
     8470.00  0.9025959E-04   0.1229649E-08   0.9026082E-04
     8490.00  0.9184519E-04   0.1228522E-08   0.9184642E-04
     8510.00  0.8714903E-04   0.1227407E-08   0.8715026E-04
     8530.00  0.9204924E-04   0.1226302E-08   0.9205047E-04
     8550.00  0.8553713E-04   0.1225208E-08   0.8553836E-04
     8570.00  0.9375038E-04   0.1224125E-08   0.9375160E-04
     8590.00  0.9055333E-04   0.1223052E-08   0.9055455E-04
     8610.00  0.9071466E-04   0.1221989E-08   0.9071588E-04
     8630.00  0.9456816E-04   0.1220935E-08   0.9456938E-04
     8650.00  0.9390299E-04   0.1219891E-08   0.9390421E-04
     8670.00  0.8484793E-04   0.1218856E-08   0.8484915E-04
     8690.00  0.9237627E-04   0.1217830E-08   0.9237749E-04
     8710.00  0.9521939E-04   0.1216814E-08   0.9522061E-04
     8730.00  0.9500149E-04   0.1215805E-08   0.9500271E-04
     8750.00  0.8968525E-04   0.1214806E-08   0.8968646E-04
     8770.00  0.9500445E-04   0.1213814E-08   0.9500566E-04
     8790.00  0.9735132E-04   0.1212831E-08   0.9735253E-04
     8810.00  0.9632334E-04   0.1211855E-08   0.9632455E-04
     8830.00  0.9631655E-04   0.1210887E-08   0.9631776E-04
     8850.00  0.9342592E-04   0.1209927E-08   0.9342713E-04
     8870.00  0.8622423E-04   0.1208974E-08   0.8622544E-04
     8890.00  0.9130373E-04   0.1208028E-08   0.9130494E-04
     8910.00  0.9285245E-04   0.1207089E-08   0.9285366E-04
     8930.00  0.9201898E-04   0.1206156E-08   0.9202019E-04
     8950.00  0.9226729E-04   0.1205231E-08   0.9226850E-04
     8970.00  0.9223048E-04   0.1204311E-08   0.9223168E-04
     8990.00  0.9144191E-04   0.1203399E-08   0.9144311E-04
     9010.00  0.8541696E-04   0.1202492E-08   0.8541816E-04
     9030.00  0.9039712E-04   0.1201591E-08   0.9039832E-04
     9050.00  0.9529054E-04   0.1200696E-08   0.9529174E-04
     9070.00  0.9486745E-04   0.1199807E-08   0.9486865E-04
     9090.00  0.9394496E-04   0.1198924E-08   0.9394616E-04
     9110.00  0.9506441E-04   0.1198045E-08   0.9506561E-04
     9130.00  0.9641323E-04   0.1197173E-08   0.9641443E-04
     9150.00  0.9591309E-04   0.1196306E-08   0.9591429E-04
     9170.00  0.9512634E-04   0.1195444E-08   0.9512754E-04
     9190.00  0.9525662E-04   0.1194586E-08   0.9525781E-04
     9210.00  0.9124928E-04   0.1193734E-08   0.9125047E-04
     9230.00  0.8410552E-04   0.1192886E-08   0.8410671E-04
     9250.00  0.8773702E-04   0.1192043E-08   0.8773821E-04
     9270.00  0.8941304E-04   0.1191203E-08   0.8941423E-04
     9290.00  0.8928996E-04   0.1190369E-08   0.8929115E-04
     9310.00  0.8958862E-04   0.1189538E-08   0.8958981E-04
     9330.00  0.8959057E-04   0.1188711E-08   0.8959176E-04
     9350.00  0.8959613E-04   0.1187888E-08   0.8959732E-04
     9370.00  0.8852503E-04   0.1187069E-08   0.8852622E-04
     9390.00  0.8937523E-04   0.1186254E-08   0.8937642E-04
     9410.00  0.8747659E-04   0.1185441E-08   0.8747778E-04
     9430.00  0.8981735E-04   0.1184633E-08   0.8981853E-04
     9450.00  0.8899067E-04   0.1183828E-08   0.8899185E-04
     9470.00  0.9043431E-04   0.1183026E-08   0.9043549E-04
     9490.00  0.9048777E-04   0.1182227E-08   0.9048895E-04
     9510.00  0.8839122E-04   0.1181431E-08   0.8839240E-04
     9530.00  0.8758914E-04   0.1180639E-08   0.8759032E-04
     9550.00  0.8246213E-04   0.1179849E-08   0.8246331E-04
     9570.00  0.8697427E-04   0.1179062E-08   0.8697545E-04
     9590.00  0.8864489E-04   0.1178277E-08   0.8864607E-04
     9610.00  0.8756539E-04   0.1177496E-08   0.8756657E-04
     9630.00  0.8760370E-04   0.1176716E-08   0.8760488E-04
     9650.00  0.8687130E-04   0.1175940E-08   0.8687248E-04
     9670.00  0.8659838E-04   0.1175165E-08   0.8659956E-04
     9690.00  0.8731747E-04   0.1174393E-08   0.8731864E-04
     9710.00  0.8633852E-04   0.1173623E-08   0.8633969E-04
     9730.00  0.8544791E-04   0.1172855E-08   0.8544908E-04
     9750.00  0.8479798E-04   0.1172089E-08   0.8479915E-04
     9770.00  0.8530156E-04   0.1171326E-08   0.8530273E-04
     9790.00  0.8473940E-04   0.1170564E-08   0.8474057E-04
     9810.00  0.8594020E-04   0.1169803E-08   0.8594137E-04
     9830.00  0.8534850E-04   0.1169046E-08   0.8534967E-04
     9850.00  0.8524855E-04   0.1168289E-08   0.8524972E-04
     9870.00  0.8490309E-04   0.1167535E-08   0.8490426E-04
     9890.00  0.8442564E-04   0.1166781E-08   0.8442681E-04
     9910.00  0.8347430E-04   0.1166029E-08   0.8347547E-04
     9930.00  0.8414957E-04   0.1165279E-08   0.8415074E-04
     9950.00  0.8436412E-04   0.1164530E-08   0.8436528E-04
     9970.00  0.8439323E-04   0.1163783E-08   0.8439439E-04
     9990.00  0.8392938E-04   0.1163037E-08   0.8393054E-04
    10025.00  0.8263873E-04   0.1161734E-08   0.8263989E-04
    10075.00  0.8094734E-04   0.1159878E-08   0.8094850E-04
    10125.00  0.8313323E-04   0.1158029E-08   0.8313439E-04
    10175.00  0.8232479E-04   0.1156215E-08   0.8232595E-04
    10225.00  0.8251712E-04   0.1154411E-08   0.8251827E-04
    10275.00  0.8262440E-04   0.1152609E-08   0.8262555E-04
    10325.00  0.8167350E-04   0.1150810E-08   0.8167465E-04
    10375.00  0.8105258E-04   0.1149013E-08   0.8105373E-04
    10425.00  0.8119900E-04   0.1147217E-08   0.8120015E-04
    10475.00  0.7953138E-04   0.1145422E-08   0.7953253E-04
    10525.00  0.7803379E-04   0.1143626E-08   0.7803493E-04
    10575.00  0.7631902E-04   0.1141831E-08   0.7632016E-04
    10625.00  0.7516231E-04   0.1140035E-08   0.7516345E-04
    10675.00  0.7446471E-04   0.1138238E-08   0.7446585E-04
    10725.00  0.7519113E-04   0.1136439E-08   0.7519227E-04
    10775.00  0.7480212E-04   0.1134639E-08   0.7480325E-04
    10825.00  0.7396700E-04   0.1132837E-08   0.7396813E-04
    10875.00  0.7322153E-04   0.1131032E-08   0.7322266E-04
    10925.00  0.7091091E-04   0.1129224E-08   0.7091204E-04
    10975.00  0.7136559E-04   0.1127414E-08   0.7136672E-04
    11025.00  0.7152810E-04   0.1125601E-08   0.7152923E-04
    11075.00  0.6953581E-04   0.1123784E-08   0.6953693E-04
    11125.00  0.6924934E-04   0.1121964E-08   0.6925046E-04
    11175.00  0.6870054E-04   0.9880437E-09   0.6870153E-04
    11225.00  0.6872736E-04   0.9862281E-09   0.6872835E-04
    11275.00  0.6758305E-04   0.9844138E-09   0.6758403E-04
    11325.00  0.6726477E-04   0.9826007E-09   0.6726575E-04
    11375.00  0.6717697E-04   0.9807885E-09   0.6717795E-04
    11425.00  0.6608352E-04   0.9789769E-09   0.6608450E-04
    11475.00  0.6675581E-04   0.9771655E-09   0.6675679E-04
    11525.00  0.6608770E-04   0.9753546E-09   0.6608868E-04
    11575.00  0.6589383E-04   0.9735438E-09   0.6589480E-04
    11625.00  0.6412174E-04   0.9717331E-09   0.6412271E-04
    11675.00  0.6395270E-04   0.9699223E-09   0.6395367E-04
    11725.00  0.6446297E-04   0.9681114E-09   0.6446394E-04
    11775.00  0.6287687E-04   0.9663001E-09   0.6287784E-04
    11825.00  0.6201364E-04   0.9644885E-09   0.6201460E-04
    11875.00  0.6101556E-04   0.9626763E-09   0.6101652E-04
    11925.00  0.6189606E-04   0.9608634E-09   0.6189702E-04
    11975.00  0.6001330E-04   0.9590499E-09   0.6001426E-04
    12025.00  0.6066825E-04   0.9572356E-09   0.6066921E-04
    12075.00  0.6018051E-04   0.9554206E-09   0.6018147E-04
    12125.00  0.6005431E-04   0.9536046E-09   0.6005526E-04
    12175.00  0.6004188E-04   0.9517876E-09   0.6004283E-04
    12225.00  0.5970193E-04   0.9499697E-09   0.5970288E-04
    12275.00  0.5920619E-04   0.9481508E-09   0.5920714E-04
    12325.00  0.5857188E-04   0.9463309E-09   0.5857283E-04
    12375.00  0.5836698E-04   0.9445098E-09   0.5836792E-04
    12425.00  0.5742304E-04   0.9426878E-09   0.5742398E-04
    12475.00  0.5698106E-04   0.9408646E-09   0.5698200E-04
    12525.00  0.5643448E-04   0.9381024E-09   0.5643542E-04
    12575.00  0.5613696E-04   0.9362831E-09   0.5613790E-04
    12625.00  0.5560963E-04   0.9344628E-09   0.5561056E-04
    12675.00  0.5525372E-04   0.9326413E-09   0.5525465E-04
    12725.00  0.5497470E-04   0.9308187E-09   0.5497563E-04
    12775.00  0.5459628E-04   0.9289951E-09   0.5459721E-04
    12825.00  0.5194106E-04   0.9271703E-09   0.5194199E-04
    12875.00  0.5367325E-04   0.9253446E-09   0.5367418E-04
    12925.00  0.5337911E-04   0.9235178E-09   0.5338003E-04
    12975.00  0.5356741E-04   0.9216899E-09   0.5356833E-04
    13025.00  0.5272424E-04   0.9198611E-09   0.5272516E-04
    13075.00  0.5280843E-04   0.9180214E-09   0.5280935E-04
    13125.00  0.5152273E-04   0.9161797E-09   0.5152365E-04
    13175.00  0.5101336E-04   0.9143367E-09   0.5101427E-04
    13225.00  0.5083972E-04   0.9124926E-09   0.5084063E-04
    13275.00  0.4965857E-04   0.9106472E-09   0.4965948E-04
    13325.00  0.4898880E-04   0.9088008E-09   0.4898971E-04
    13375.00  0.4834954E-04   0.9069533E-09   0.4835045E-04
    13425.00  0.4834483E-04   0.9051048E-09   0.4834574E-04
    13475.00  0.4779241E-04   0.9032554E-09   0.4779331E-04
    13525.00  0.4713792E-04   0.9014050E-09   0.4713882E-04
    13575.00  0.4642898E-04   0.8995538E-09   0.4642988E-04
    13625.00  0.4627168E-04   0.8973016E-09   0.4627258E-04
    13675.00  0.4625766E-04   0.8954503E-09   0.4625856E-04
    13725.00  0.4599815E-04   0.8935984E-09   0.4599904E-04
    13775.00  0.4597150E-04   0.8917459E-09   0.4597239E-04
    13825.00  0.4608485E-04   0.8898928E-09   0.4608574E-04
    13875.00  0.4573296E-04   0.8880392E-09   0.4573385E-04
    13925.00  0.4354259E-04   0.8861852E-09   0.4354348E-04
    13975.00  0.4281355E-04   0.8843307E-09   0.4281443E-04
    14025.00  0.4252909E-04   0.8824760E-09   0.4252997E-04
    14075.00  0.4251544E-04   0.8806210E-09   0.4251632E-04
    14125.00  0.4183109E-04   0.8727811E-09   0.4183196E-04
    14175.00  0.4221789E-04   0.8709514E-09   0.4221876E-04
    14225.00  0.4182084E-04   0.8691216E-09   0.4182171E-04
    14275.00  0.4122412E-04   0.8672917E-09   0.4122499E-04
    14325.00  0.4152063E-04   0.8654617E-09   0.4152150E-04
    14375.00  0.4180454E-04   0.8636318E-09   0.4180540E-04
    14425.00  0.4070822E-04   0.8618020E-09   0.4070908E-04
    14475.00  0.4126382E-04   0.8599722E-09   0.4126468E-04
    14525.00  0.4104327E-04   0.8581428E-09   0.4104413E-04
    14570.00  0.4117637E-04   0.8564964E-09   0.4117723E-04
    14620.00  0.4019257E-04   0.5337969E-09   0.4019310E-04
    14675.00  0.3973796E-04   0.5324043E-09   0.3973849E-04
    14725.00  0.3957578E-04   0.5295053E-09   0.3957631E-04
    14775.00  0.3983610E-04   0.5282518E-09   0.3983663E-04
    14825.00  0.3994279E-04   0.5270018E-09   0.3994332E-04
    14875.00  0.3938015E-04   0.5257554E-09   0.3938068E-04
    14925.00  0.4031766E-04   0.5245124E-09   0.4031818E-04
    14975.00  0.4003360E-04   0.5232729E-09   0.4003412E-04
    15025.00  0.3956865E-04   0.5220368E-09   0.3956917E-04
    15075.00  0.3932838E-04   0.5208041E-09   0.3932890E-04
    15125.00  0.4006838E-04   0.5195748E-09   0.4006890E-04
    15175.00  0.4018202E-04   0.5183489E-09   0.4018254E-04
    15225.00  0.4008179E-04   0.5171266E-09   0.4008231E-04
    15275.00  0.4016962E-04   0.5159081E-09   0.4017014E-04
    15325.00  0.4023817E-04   0.5146928E-09   0.4023868E-04
    15375.00  0.3999388E-04   0.5134807E-09   0.3999439E-04
    15425.00  0.3924575E-04   0.5122719E-09   0.3924626E-04
    15475.00  0.3954241E-04   0.5110662E-09   0.3954292E-04
    15525.00  0.3923075E-04   0.5098637E-09   0.3923126E-04
    15575.00  0.3819043E-04   0.5086645E-09   0.3819094E-04
    15625.00  0.3835846E-04   0.5074683E-09   0.3835897E-04
    15675.00  0.3826759E-04   0.5062753E-09   0.3826810E-04
    15725.00  0.3873882E-04   0.5050854E-09   0.3873933E-04
    15775.00  0.3720359E-04   0.5038986E-09   0.3720409E-04
    15825.00  0.3687379E-04   0.5027149E-09   0.3687429E-04
    15875.00  0.3638145E-04   0.5015343E-09   0.3638195E-04
    15925.00  0.3774205E-04   0.5003568E-09   0.3774255E-04
    15975.00  0.3734016E-04   0.4991822E-09   0.3734066E-04
    16050.00  0.3711184E-04   0.4974262E-09   0.3711234E-04
    16150.00  0.3754099E-04   0.4950953E-09   0.3754149E-04
    16250.00  0.3678161E-04   0.4927765E-09   0.3678210E-04
    16350.00  0.3759050E-04   0.4904696E-09   0.3759099E-04
    16450.00  0.3601131E-04   0.4881745E-09   0.3601180E-04
    16550.00  0.3696537E-04   0.4858913E-09   0.3696586E-04
    16650.00  0.3632403E-04   0.4836197E-09   0.3632451E-04
    16750.00  0.3577757E-04   0.4813598E-09   0.3577805E-04
    16850.00  0.3519785E-04   0.4791115E-09   0.3519833E-04
    16950.00  0.3539902E-04   0.4768748E-09   0.3539950E-04
    17050.00  0.3469905E-04   0.4746496E-09   0.3469952E-04
    17150.00  0.3401959E-04   0.4724358E-09   0.3402006E-04
    17250.00  0.3308725E-04   0.4702335E-09   0.3308772E-04
    17350.00  0.3175466E-04   0.4680425E-09   0.3175513E-04
    17450.00  0.3143956E-04   0.4658629E-09   0.3144003E-04
    17550.00  0.3089228E-04   0.4636945E-09   0.3089274E-04
    17650.00  0.2987256E-04   0.4615374E-09   0.2987302E-04
    17750.00  0.2906741E-04   0.4593916E-09   0.2906787E-04
    17850.00  0.2829160E-04   0.4572569E-09   0.2829206E-04
    17950.00  0.2765159E-04   0.4551334E-09   0.2765205E-04
    18050.00  0.2682952E-04   0.4530210E-09   0.2682997E-04
    18150.00  0.2575748E-04   0.4509197E-09   0.2575793E-04
    18250.00  0.2567545E-04   0.4488303E-09   0.2567590E-04
    18350.00  0.2572911E-04   0.4467587E-09   0.2572956E-04
    18450.00  0.2475571E-04   0.4446976E-09   0.2475615E-04
    18550.00  0.2446186E-04   0.4197586E-09   0.2446228E-04
    18650.00  0.2394535E-04   0.4178174E-09   0.2394577E-04
    18750.00  0.2289547E-04   0.4158865E-09   0.2289589E-04
    18850.00  0.2332971E-04   0.4139657E-09   0.2333012E-04
    18950.00  0.2252936E-04   0.4120551E-09   0.2252977E-04
    19050.00  0.2262352E-04   0.4101548E-09   0.2262393E-04
    19150.00  0.2230114E-04   0.4082645E-09   0.2230155E-04
    19250.00  0.2195393E-04   0.4063844E-09   0.2195434E-04
    19350.00  0.2135623E-04   0.4045143E-09   0.2135663E-04
    19450.00  0.2050322E-04   0.4026543E-09   0.2050362E-04
    19550.00  0.2056115E-04   0.4008044E-09   0.2056155E-04
    19650.00  0.2041700E-04   0.3989644E-09   0.2041740E-04
    19750.00  0.1995815E-04   0.3971345E-09   0.1995855E-04
    19850.00  0.1971208E-04   0.3953145E-09   0.1971248E-04
    19950.00  0.1965531E-04   0.3935044E-09   0.1965570E-04
    20050.00  0.1935859E-04   0.3917042E-09   0.1935898E-04
    20150.00  0.1911344E-04   0.3899139E-09   0.1911383E-04
    20250.00  0.1892592E-04   0.3880256E-09   0.1892631E-04
    20350.00  0.1890275E-04   0.3862557E-09   0.1890314E-04
    20450.00  0.1860899E-04   0.3844955E-09   0.1860937E-04
    20550.00  0.1826900E-04   0.3827452E-09   0.1826938E-04
    20650.00  0.1819318E-04   0.3810045E-09   0.1819356E-04
    20750.00  0.1815900E-04   0.3792735E-09   0.1815938E-04
    20850.00  0.1787605E-04   0.3775522E-09   0.1787643E-04
    20950.00  0.1754987E-04   0.3758405E-09   0.1755025E-04
    21050.00  0.1768261E-04   0.3741384E-09   0.1768298E-04
    21150.00  0.1726119E-04   0.3724459E-09   0.1726156E-04
    21250.00  0.1712682E-04   0.3707629E-09   0.1712719E-04
    21350.00  0.1725579E-04   0.3690893E-09   0.1725616E-04
    21450.00  0.1694314E-04   0.3674252E-09   0.1694351E-04
    21550.00  0.1665499E-04   0.3657208E-09   0.1665536E-04
    21650.00  0.1632833E-04   0.3640759E-09   0.1632869E-04
    21750.00  0.1617559E-04   0.3624404E-09   0.1617595E-04
    21850.00  0.1618300E-04   0.3608142E-09   0.1618336E-04
    21950.00  0.1596898E-04   0.3591973E-09   0.1596934E-04
    22050.00  0.1570282E-04   0.3575895E-09   0.1570318E-04
    22150.00  0.1566236E-04   0.3559910E-09   0.1566272E-04
    22250.00  0.1542782E-04   0.3535694E-09   0.1542817E-04
    22350.00  0.1511553E-04   0.3519962E-09   0.1511588E-04
    22450.00  0.1510252E-04   0.3504319E-09   0.1510287E-04
    22550.00  0.1472461E-04   0.3488767E-09   0.1472496E-04
    22650.00  0.1455541E-04   0.3473303E-09   0.1455576E-04
    22750.00  0.1459330E-04   0.3457927E-09   0.1459365E-04
    22850.00  0.1391661E-04   0.2756150E-09   0.1391689E-04
    22950.00  0.1241531E-04   0.2741657E-09   0.1241558E-04
    23050.00  0.1292052E-04   0.2729723E-09   0.1292079E-04
    23150.00  0.1298068E-04   0.2717860E-09   0.1298095E-04
    23250.00  0.1142117E-04   0.2706068E-09   0.1142144E-04
    23350.00  0.1192073E-04   0.2694348E-09   0.1192100E-04
    23450.00  0.1155945E-04   0.2682697E-09   0.1155972E-04
    23550.00  0.1065994E-04   0.2671117E-09   0.1066021E-04
    23650.00  0.1105400E-04   0.2659606E-09   0.1105427E-04
    23750.00  0.1069834E-04   0.2648165E-09   0.1069860E-04
    23850.00  0.9765341E-05   0.2636792E-09   0.9765605E-05
    23950.00  0.1008387E-04   0.2625487E-09   0.1008413E-04
    24050.00  0.9870835E-05   0.2614250E-09   0.9871096E-05
    24150.00  0.9073031E-05   0.2603080E-09   0.9073291E-05
    24250.00  0.9476157E-05   0.2591977E-09   0.9476416E-05
    24350.00  0.9045439E-05   0.2580940E-09   0.9045697E-05
    24450.00  0.8673933E-05   0.2569969E-09   0.8674190E-05
    24550.00  0.8429496E-05   0.2559064E-09   0.8429752E-05
    24650.00  0.8387972E-05   0.2548224E-09   0.8388227E-05
    24750.00  0.7912816E-05   0.2537449E-09   0.7913070E-05
    24850.00  0.7292987E-05   0.2526737E-09   0.7293240E-05
    24950.00  0.7272574E-05   0.2516090E-09   0.7272826E-05
    25050.00  0.7229498E-05   0.2505506E-09   0.7229749E-05
    25150.00  0.6833645E-05   0.2494985E-09   0.6833894E-05
    25250.00  0.6805428E-05   0.2484527E-09   0.6805676E-05
    25350.00  0.6717862E-05   0.2474131E-09   0.6718109E-05
    25450.00  0.6513461E-05   0.2463797E-09   0.6513707E-05
    25550.00  0.6672987E-05   0.2453524E-09   0.6673232E-05
    25650.00  0.6505463E-05   0.2443311E-09   0.6505707E-05
    25750.00  0.6652757E-05   0.2433160E-09   0.6653000E-05
    25850.00  0.6372888E-05   0.2423068E-09   0.6373130E-05
    25950.00  0.6327540E-05   0.2413037E-09   0.6327781E-05
    26050.00  0.6411523E-05   0.2403064E-09   0.6411763E-05
    26150.00  0.6270724E-05   0.2393151E-09   0.6270963E-05
    26250.00  0.6276924E-05   0.2383296E-09   0.6277162E-05
    26350.00  0.6256479E-05   0.2373500E-09   0.6256716E-05
    26450.00  0.6128077E-05   0.2363761E-09   0.6128313E-05
    26550.00  0.6263778E-05   0.2354079E-09   0.6264013E-05
    26650.00  0.5863648E-05   0.2344455E-09   0.5863882E-05
    26750.00  0.6045920E-05   0.2334887E-09   0.6046153E-05
    26850.00  0.6029952E-05   0.2325375E-09   0.6030185E-05
    26950.00  0.5720201E-05   0.2315919E-09   0.5720433E-05
    27050.00  0.5812548E-05   0.2306519E-09   0.5812779E-05
    27150.00  0.5705253E-05   0.2297174E-09   0.5705483E-05
    27250.00  0.5888865E-05   0.2287883E-09   0.5889094E-05
    27350.00  0.5667186E-05   0.2278647E-09   0.5667414E-05
    27450.00  0.5632024E-05   0.2269465E-09   0.5632251E-05
    27550.00  0.5626158E-05   0.2260337E-09   0.5626384E-05
    27650.00  0.5537497E-05   0.2194765E-09   0.5537716E-05
    27750.00  0.5389084E-05   0.2185986E-09   0.5389303E-05
    27850.00  0.5512449E-05   0.2177259E-09   0.5512667E-05
    27950.00  0.5434169E-05   0.2168582E-09   0.5434386E-05
    28050.00  0.5297513E-05   0.2159957E-09   0.5297729E-05
    28150.00  0.5214072E-05   0.2151381E-09   0.5214287E-05
    28250.00  0.5288145E-05   0.2142855E-09   0.5288359E-05
    28350.00  0.5167990E-05   0.2134379E-09   0.5168203E-05
    28450.00  0.5208009E-05   0.2125951E-09   0.5208222E-05
    28550.00  0.5144243E-05   0.2117573E-09   0.5144455E-05
    28650.00  0.5165037E-05   0.2109243E-09   0.5165248E-05
    28750.00  0.4984559E-05   0.2100962E-09   0.4984769E-05
    28850.00  0.4895759E-05   0.2092728E-09   0.4895968E-05
    28950.00  0.4908143E-05   0.2084542E-09   0.4908351E-05
    29050.00  0.4965997E-05   0.2076403E-09   0.4966205E-05
    29150.00  0.4869991E-05   0.2068310E-09   0.4870198E-05
    29250.00  0.4707101E-05   0.2060265E-09   0.4707307E-05
    29350.00  0.4851030E-05   0.2052265E-09   0.4851235E-05
    29450.00  0.4648646E-05   0.2044312E-09   0.4648850E-05
    29550.00  0.4662191E-05   0.2036404E-09   0.4662395E-05
    29650.00  0.4696146E-05   0.2028541E-09   0.4696349E-05
    29750.00  0.4573928E-05   0.2020519E-09   0.4574130E-05
    29850.00  0.4520447E-05   0.2012747E-09   0.4520648E-05
    29950.00  0.4609472E-05   0.2005020E-09   0.4609673E-05
    30050.00  0.4476600E-05   0.1997336E-09   0.4476800E-05
    30150.00  0.4477688E-05   0.1989696E-09   0.4477887E-05
    30250.00  0.4376748E-05   0.1982100E-09   0.4376946E-05
    30350.00  0.4325339E-05   0.1974547E-09   0.4325536E-05
    30450.00  0.4514664E-05   0.1967036E-09   0.4514861E-05
    30550.00  0.4284271E-05   0.1959569E-09   0.4284467E-05
    30650.00  0.4264705E-05   0.1952143E-09   0.4264900E-05
    30750.00  0.4270800E-05   0.1944760E-09   0.4270994E-05
    30850.00  0.4245505E-05   0.1937418E-09   0.4245699E-05
    30950.00  0.4299284E-05   0.1930117E-09   0.4299477E-05
    31050.00  0.4294520E-05   0.1922858E-09   0.4294712E-05
    31150.00  0.4150714E-05   0.1915640E-09   0.4150906E-05
    31250.00  0.4192444E-05   0.1908462E-09   0.4192635E-05
    31350.00  0.4094517E-05   0.1901224E-09   0.4094707E-05
    31450.00  0.4129996E-05   0.1894126E-09   0.4130185E-05
    31550.00  0.4166687E-05   0.1887067E-09   0.4166876E-05
    31650.00  0.4103510E-05   0.1880049E-09   0.4103698E-05
    31750.00  0.4041607E-05   0.1873069E-09   0.4041794E-05
    31850.00  0.4030023E-05   0.1866128E-09   0.4030210E-05
    31950.00  0.3989964E-05   0.1859226E-09   0.3990150E-05
    32100.00  0.3962191E-05   0.1847258E-09   0.3962376E-05
    32300.00  0.3900363E-05   0.1833708E-09   0.3900546E-05
    32500.00  0.3876356E-05   0.1820308E-09   0.3876538E-05
    32700.00  0.3738143E-05   0.1807056E-09   0.3738324E-05
    32900.00  0.3697705E-05   0.1600050E-09   0.3697865E-05
    33100.00  0.3590259E-05   0.1588123E-09   0.3590418E-05
    33300.00  0.3583563E-05   0.1576842E-09   0.3583721E-05
    33500.00  0.3522884E-05   0.1565683E-09   0.3523041E-05
    33700.00  0.3406433E-05   0.1554647E-09   0.3406588E-05
    33900.00  0.3408998E-05   0.1543729E-09   0.3409152E-05
    34100.00  0.3347321E-05   0.1532930E-09   0.3347474E-05
    34300.00  0.3281197E-05   0.1522246E-09   0.3281349E-05
    34500.00  0.3238603E-05   0.1511678E-09   0.3238754E-05
    34700.00  0.3186156E-05   0.1501223E-09   0.3186306E-05
    34900.00  0.3131163E-05   0.1490879E-09   0.3131312E-05
    35100.00  0.3089621E-05   0.1480646E-09   0.3089769E-05
    35300.00  0.3006718E-05   0.1470521E-09   0.3006865E-05
    35500.00  0.2957011E-05   0.1460503E-09   0.2957157E-05
    35700.00  0.2910198E-05   0.1450591E-09   0.2910343E-05
    35900.00  0.2819442E-05   0.1440784E-09   0.2819586E-05
    36100.00  0.2853860E-05   0.1431079E-09   0.2854003E-05
    36300.00  0.2751054E-05   0.1421476E-09   0.2751196E-05
    36500.00  0.2719531E-05   0.1411973E-09   0.2719672E-05
    36700.00  0.2649440E-05   0.1402569E-09   0.2649580E-05
    36900.00  0.2609633E-05   0.1393263E-09   0.2609772E-05
    37100.00  0.2570605E-05   0.1384053E-09   0.2570743E-05
    37300.00  0.2545954E-05   0.1374938E-09   0.2546091E-05
    37500.00  0.2473753E-05   0.1365917E-09   0.2473890E-05
    37700.00  0.2373146E-05   0.1356988E-09   0.2373282E-05
    37900.00  0.2290518E-05   0.1348150E-09   0.2290653E-05
    38100.00  0.2351191E-05   0.1339403E-09   0.2351325E-05
    38300.00  0.2279629E-05   0.1330744E-09   0.2279762E-05
    38500.00  0.2231246E-05   0.1322173E-09   0.2231378E-05
    38700.00  0.2182799E-05   0.1296149E-09   0.2182929E-05
    38900.00  0.2162980E-05   0.1287879E-09   0.2163109E-05
    39100.00  0.2093859E-05   0.1279693E-09   0.2093987E-05
    39300.00  0.2089290E-05   0.1271588E-09   0.2089417E-05
    39500.00  0.1984547E-05   0.1263564E-09   0.1984673E-05
    39700.00  0.1992091E-05   0.1255620E-09   0.1992217E-05
    39900.00  0.1926565E-05   0.1247755E-09   0.1926690E-05
    40100.00  0.1967600E-05   0.1239968E-09   0.1967724E-05
    40300.00  0.1931142E-05   0.1232257E-09   0.1931265E-05
    40500.00  0.1827102E-05   0.1224623E-09   0.1827224E-05
    40700.00  0.1830873E-05   0.1217063E-09   0.1830995E-05
    40900.00  0.1782499E-05   0.1209577E-09   0.1782620E-05
    41100.00  0.1775804E-05   0.1202118E-09   0.1775924E-05
    41300.00  0.1722910E-05   0.1194778E-09   0.1723029E-05
    41500.00  0.1661921E-05   0.1187509E-09   0.1662040E-05
    41700.00  0.1608590E-05   0.1180310E-09   0.1608708E-05
    41900.00  0.1652500E-05   0.1173181E-09   0.1652617E-05
    42100.00  0.1574231E-05   0.1166120E-09   0.1574348E-05
    42300.00  0.1546736E-05   0.1159126E-09   0.1546852E-05
    42500.00  0.1507237E-05   0.1152199E-09   0.1507352E-05
    42700.00  0.1493649E-05   0.1145339E-09   0.1493764E-05
    42900.00  0.1438676E-05   0.1138543E-09   0.1438790E-05
    43100.00  0.1380901E-05   0.1131783E-09   0.1381014E-05
    43300.00  0.1377070E-05   0.1125115E-09   0.1377183E-05
    43500.00  0.1309167E-05   0.1118510E-09   0.1309279E-05
    43700.00  0.1275753E-05   0.1111966E-09   0.1275864E-05
    43900.00  0.1287064E-05   0.1105045E-09   0.1287175E-05
    44100.00  0.1210222E-05   0.1098628E-09   0.1210332E-05
    44300.00  0.1187328E-05   0.1092270E-09   0.1187437E-05
    44500.00  0.1164077E-05   0.1085971E-09   0.1164186E-05
    44700.00  0.1153448E-05   0.1064701E-09   0.1153554E-05
    44900.00  0.1134058E-05   0.1007308E-09   0.1134159E-05
    45100.00  0.1093922E-05   0.1001624E-09   0.1094022E-05
    45300.00  0.1068898E-05   0.9959926E-10   0.1068998E-05
    45500.00  0.1084118E-05   0.9904119E-10   0.1084217E-05
    45700.00  0.1093176E-05   0.9848818E-10   0.1093274E-05
    45900.00  0.1034927E-05   0.9794017E-10   0.1035025E-05
    46100.00  0.1032996E-05   0.9739710E-10   0.1033093E-05
    46300.00  0.1023663E-05   0.9685890E-10   0.1023760E-05
    46500.00  0.9823568E-06   0.9632553E-10   0.9824531E-06
    46700.00  0.1009399E-05   0.9579692E-10   0.1009495E-05
    46900.00  0.9877405E-06   0.9527302E-10   0.9878358E-06
    47100.00  0.9504360E-06   0.9475377E-10   0.9505308E-06
    47300.00  0.9463350E-06   0.9423911E-10   0.9464292E-06
    47500.00  0.9228019E-06   0.9372900E-10   0.9228956E-06
    47700.00  0.9337023E-06   0.9322338E-10   0.9337955E-06
    47900.00  0.9158737E-06   0.9272220E-10   0.9159664E-06
    48100.00  0.9048621E-06   0.9222540E-10   0.9049543E-06
    48300.00  0.8842579E-06   0.9173294E-10   0.8843496E-06
    48500.00  0.8722442E-06   0.9124476E-10   0.8723354E-06
    48700.00  0.8596995E-06   0.9076082E-10   0.8597903E-06
    48900.00  0.8407554E-06   0.9028106E-10   0.8408457E-06
    49100.00  0.8399587E-06   0.8980544E-10   0.8400485E-06
    49300.00  0.8294938E-06   0.8933390E-10   0.8295831E-06
    49500.00  0.8131192E-06   0.8886642E-10   0.8132081E-06
    49700.00  0.8073193E-06   0.8840292E-10   0.8074077E-06
    49900.00  0.7683801E-06   0.8794338E-10   0.7684680E-06
    50100.00  0.7673394E-06   0.8748775E-10   0.7674269E-06
    50300.00  0.7588402E-06   0.8703598E-10   0.7589272E-06
    50500.00  0.7469086E-06   0.8658802E-10   0.7469952E-06
    50700.00  0.7407188E-06   0.8614384E-10   0.7408049E-06
    50900.00  0.7328987E-06   0.8570339E-10   0.7329844E-06
    51100.00  0.7223387E-06   0.8526664E-10   0.7224240E-06
    51300.00  0.7141204E-06   0.8483353E-10   0.7142052E-06
    51500.00  0.7079794E-06   0.8375870E-10   0.7080632E-06
    51700.00  0.7046577E-06   0.8333670E-10   0.7047410E-06
    51900.00  0.6949946E-06   0.8291819E-10   0.6950775E-06
    52100.00  0.6855677E-06   0.8250313E-10   0.6856502E-06
    52300.00  0.6720414E-06   0.8209150E-10   0.6721235E-06
    52500.00  0.6623344E-06   0.8168324E-10   0.6624161E-06
    52700.00  0.6540031E-06   0.8127832E-10   0.6540844E-06
    52900.00  0.6376627E-06   0.8087671E-10   0.6377436E-06
    53100.00  0.6262083E-06   0.8047836E-10   0.6262888E-06
    53300.00  0.6168881E-06   0.8008325E-10   0.6169682E-06
    53500.00  0.6057585E-06   0.7969134E-10   0.6058382E-06
    53700.00  0.5954662E-06   0.7930259E-10   0.5955455E-06
    53900.00  0.5853051E-06   0.7891697E-10   0.5853840E-06
    54100.00  0.5768850E-06   0.7853445E-10   0.5769635E-06
    54300.00  0.5682271E-06   0.7815323E-10   0.5683053E-06
    54500.00  0.5646985E-06   0.7777683E-10   0.5647763E-06
    54700.00  0.5568644E-06   0.7740343E-10   0.5569418E-06
    54900.00  0.5514482E-06   0.7703299E-10   0.5515252E-06
    55100.00  0.5448460E-06   0.7666548E-10   0.5449227E-06
    55300.00  0.5428391E-06   0.7630088E-10   0.5429154E-06
    55500.00  0.5310242E-06   0.7593914E-10   0.5311001E-06
    55700.00  0.5279724E-06   0.7558025E-10   0.5280480E-06
    55900.00  0.5194607E-06   0.7522416E-10   0.5195359E-06
    56100.00  0.5146243E-06   0.7487085E-10   0.5146992E-06
    56300.00  0.5060824E-06   0.7452030E-10   0.5061569E-06
    56500.00  0.5021040E-06   0.7417153E-10   0.5021782E-06
    56700.00  0.4957785E-06   0.7382628E-10   0.4958523E-06
    56900.00  0.4876259E-06   0.7348369E-10   0.4876994E-06
    57100.00  0.4842896E-06   0.7314375E-10   0.4843627E-06
    57300.00  0.4781498E-06   0.7280641E-10   0.4782226E-06
    57500.00  0.4723451E-06   0.7245813E-10   0.4724176E-06
    57700.00  0.4659872E-06   0.7212620E-10   0.4660593E-06
    57900.00  0.4618419E-06   0.7179681E-10   0.4619137E-06
    58100.00  0.4550748E-06   0.7146992E-10   0.4551463E-06
    58300.00  0.4499676E-06   0.7114550E-10   0.4500387E-06
    58500.00  0.4447725E-06   0.6819970E-10   0.4448407E-06
    58700.00  0.4382345E-06   0.6789046E-10   0.4383024E-06
    58900.00  0.4330372E-06   0.6758775E-10   0.4331048E-06
    59100.00  0.4266386E-06   0.6728729E-10   0.4267059E-06
    59300.00  0.4236591E-06   0.6698907E-10   0.4237261E-06
    59500.00  0.4179171E-06   0.6669306E-10   0.4179838E-06
    59700.00  0.4139720E-06   0.6639924E-10   0.4140384E-06
    59900.00  0.4090231E-06   0.6610760E-10   0.4090892E-06
    60100.00  0.4041543E-06   0.6581810E-10   0.4042201E-06
    60300.00  0.3993820E-06   0.6553073E-10   0.3994475E-06
    60500.00  0.3939029E-06   0.6524546E-10   0.3939681E-06
    60700.00  0.3893867E-06   0.6496228E-10   0.3894517E-06
    60900.00  0.3847053E-06   0.6468116E-10   0.3847700E-06
    61100.00  0.3797856E-06   0.6440208E-10   0.3798500E-06
    61300.00  0.3759594E-06   0.6412503E-10   0.3760235E-06
    61500.00  0.3718142E-06   0.6384998E-10   0.3718780E-06
    61700.00  0.3679644E-06   0.6357691E-10   0.3680280E-06
    61900.00  0.3635462E-06   0.6330581E-10   0.3636095E-06
    62100.00  0.3596149E-06   0.6303665E-10   0.3596779E-06
    62300.00  0.3548299E-06   0.6276941E-10   0.3548927E-06
    62500.00  0.3503609E-06   0.6250409E-10   0.3504234E-06
    62700.00  0.3463998E-06   0.6224065E-10   0.3464620E-06
    62900.00  0.3426257E-06   0.6197908E-10   0.3426877E-06
    63100.00  0.3384700E-06   0.6171937E-10   0.3385317E-06
    63300.00  0.3353171E-06   0.6146149E-10   0.3353786E-06
    63500.00  0.3310601E-06   0.6120542E-10   0.3311213E-06
    63700.00  0.3278813E-06   0.6095115E-10   0.3279423E-06
    63900.00  0.3236652E-06   0.6069867E-10   0.3237259E-06
    64200.00  0.3182866E-06   0.6032325E-10   0.3183469E-06
    64600.00  0.3109234E-06   0.5982877E-10   0.3109832E-06
    65000.00  0.3039943E-06   0.5934111E-10   0.3040536E-06
    65400.00  0.2971884E-06   0.5886015E-10   0.2972473E-06
    65800.00  0.2908314E-06   0.5838577E-10   0.2908898E-06
    66200.00  0.2842196E-06   0.5764909E-10   0.2842772E-06
    66600.00  0.2780297E-06   0.5719017E-10   0.2780869E-06
    67000.00  0.2719781E-06   0.5673743E-10   0.2720348E-06
    67400.00  0.2658859E-06   0.5629076E-10   0.2659422E-06
    67800.00  0.2601300E-06   0.5585004E-10   0.2601859E-06
    68200.00  0.2544453E-06   0.5541516E-10   0.2545007E-06
    68600.00  0.2490741E-06   0.5498602E-10   0.2491291E-06
    69000.00  0.2436273E-06   0.5456251E-10   0.2436819E-06
    69400.00  0.2384325E-06   0.5414428E-10   0.2384866E-06
    69800.00  0.2333949E-06   0.5373173E-10   0.2334486E-06
    70200.00  0.2283407E-06   0.5332452E-10   0.2283940E-06
    70600.00  0.2236374E-06   0.5292256E-10   0.2236903E-06
    71000.00  0.2189208E-06   0.5252575E-10   0.2189733E-06
    71400.00  0.2143749E-06   0.5213400E-10   0.2144270E-06
    71800.00  0.2098828E-06   0.5174704E-10   0.2099345E-06
    72200.00  0.2055522E-06   0.5136514E-10   0.2056036E-06
    72600.00  0.2012580E-06   0.5098804E-10   0.2013090E-06
    73000.00  0.1971718E-06   0.5061087E-10   0.1972224E-06
    73400.00  0.1930829E-06   0.5024317E-10   0.1931331E-06
    73800.00  0.1892166E-06   0.4988002E-10   0.1892665E-06
    74200.00  0.1852749E-06   0.4836898E-10   0.1853233E-06
    74600.00  0.1811138E-06   0.4802524E-10   0.1811618E-06
    75000.00  0.1775101E-06   0.4768569E-10   0.1775578E-06
    75400.00  0.1743236E-06   0.4735027E-10   0.1743710E-06
    75800.00  0.1709939E-06   0.4701889E-10   0.1710409E-06
    76200.00  0.1676235E-06   0.4669150E-10   0.1676702E-06
    76600.00  0.1643301E-06   0.4636803E-10   0.1643765E-06
    77000.00  0.1610919E-06   0.4604841E-10   0.1611379E-06
    77400.00  0.1579711E-06   0.4573258E-10   0.1580168E-06
    77800.00  0.1549185E-06   0.4542048E-10   0.1549639E-06
    78200.00  0.1519176E-06   0.4511205E-10   0.1519627E-06
    78600.00  0.1489955E-06   0.4480723E-10   0.1490403E-06
    79000.00  0.1461387E-06   0.4450595E-10   0.1461832E-06
    79400.00  0.1433552E-06   0.4420817E-10   0.1433994E-06
    79800.00  0.1406517E-06   0.4391383E-10   0.1406956E-06
    80200.00  0.1379543E-06   0.4362287E-10   0.1379979E-06
    80600.00  0.1353621E-06   0.4333524E-10   0.1354054E-06
    81000.00  0.1328693E-06   0.4305089E-10   0.1329124E-06
    81400.00  0.1303657E-06   0.4276976E-10   0.1304085E-06
    81800.00  0.1279941E-06   0.4249181E-10   0.1280366E-06
    82200.00  0.1256416E-06   0.4221698E-10   0.1256838E-06
    82600.00  0.1233228E-06   0.4182123E-10   0.1233646E-06
    83000.00  0.1210760E-06   0.4155354E-10   0.1211176E-06
    83400.00  0.1188571E-06   0.4128882E-10   0.1188984E-06
    83800.00  0.1167044E-06   0.4102703E-10   0.1167454E-06
    84200.00  0.1146247E-06   0.4076812E-10   0.1146655E-06
    84600.00  0.1125671E-06   0.4051204E-10   0.1126076E-06
    85000.00  0.1105599E-06   0.4025875E-10   0.1106002E-06
    85400.00  0.1085813E-06   0.4000822E-10   0.1086213E-06
    85800.00  0.1066689E-06   0.3976040E-10   0.1067087E-06
    86200.00  0.1048016E-06   0.3951506E-10   0.1048411E-06
    86600.00  0.1029558E-06   0.3927254E-10   0.1029951E-06
    87000.00  0.1011590E-06   0.3903260E-10   0.1011980E-06
    87400.00  0.9940669E-07   0.3879522E-10   0.9944549E-07
    87800.00  0.9768068E-07   0.3856035E-10   0.9771924E-07
    88200.00  0.9597739E-07   0.3832796E-10   0.9601572E-07
    88600.00  0.9433959E-07   0.3809801E-10   0.9437769E-07
    89000.00  0.9271465E-07   0.3787029E-10   0.9275252E-07
    89400.00  0.9116859E-07   0.3764515E-10   0.9120624E-07
    89800.00  0.8958689E-07   0.3742234E-10   0.8962431E-07
    90200.00  0.8811044E-07   0.3719979E-10   0.8814764E-07
    90600.00  0.8663850E-07   0.3698150E-10   0.8667548E-07
    91000.00  0.8514510E-07   0.3676544E-10   0.8518187E-07
    91400.00  0.8374600E-07   0.3599770E-10   0.8378200E-07
    91800.00  0.8237201E-07   0.3578966E-10   0.8240780E-07
    92200.00  0.8101861E-07   0.3558439E-10   0.8105419E-07
    92600.00  0.7968179E-07   0.3538118E-10   0.7971717E-07
    93000.00  0.7838465E-07   0.3518001E-10   0.7841983E-07
    93400.00  0.7709322E-07   0.3498085E-10   0.7712820E-07
    93800.00  0.7583646E-07   0.3478367E-10   0.7587124E-07
    94200.00  0.7460869E-07   0.3458844E-10   0.7464328E-07
    94600.00  0.7340218E-07   0.3439514E-10   0.7343658E-07
    95000.00  0.7222036E-07   0.3420373E-10   0.7225456E-07
    95400.00  0.7107330E-07   0.3401420E-10   0.7110731E-07
    95800.00  0.6994495E-07   0.3382652E-10   0.6997878E-07
    96200.00  0.6882549E-07   0.3364066E-10   0.6885913E-07
    96600.00  0.6774802E-07   0.3345660E-10   0.6778148E-07
    97000.00  0.6668065E-07   0.3327431E-10   0.6671392E-07
    97400.00  0.6559962E-07   0.3309378E-10   0.6563271E-07
    97800.00  0.6459418E-07   0.3291497E-10   0.6462709E-07
    98200.00  0.6360506E-07   0.3273786E-10   0.6363780E-07
    98600.00  0.6261774E-07   0.3256244E-10   0.6265030E-07
    99000.00  0.6165333E-07   0.3238867E-10   0.6168572E-07
    99400.00  0.6069698E-07   0.3221654E-10   0.6072920E-07
    99800.00  0.5976971E-07   0.3204603E-10   0.5980176E-07
   100200.00  0.5885384E-07   0.8694941E-11   0.5886253E-07
   200000.00  0.3997653E-08   0.2182439E-11   0.3999835E-08
   400000.00  0.2583535E-09   0.5456097E-12   0.2588991E-09
   600000.00  0.5144906E-10   0.2424932E-12   0.5169155E-10
   800000.00  0.1631987E-10   0.1364024E-12   0.1645627E-10
  1000000.00  0.6687226E-11   0.8729756E-13   0.6774524E-11
  1200000.00  0.3224058E-11   0.6062330E-13   0.3284681E-11
  1400000.00  0.1738943E-11   0.4453957E-13   0.1783483E-11
  1600000.00  0.1018298E-11   0.3410061E-13   0.1052399E-11
