       91.00  0.4038474E-03   0.0000000E+00   0.4038474E-03
       94.00  0.3297578E-03   0.0000000E+00   0.3297578E-03
       96.00  0.3024396E-03   0.0000000E+00   0.3024396E-03
       98.00  0.2857695E-03   0.0000000E+00   0.2857695E-03
      100.00  0.7135978E-03   0.0000000E+00   0.7135978E-03
      102.00  0.1179742E-02   0.0000000E+00   0.1179742E-02
      104.00  0.7846682E-03   0.0000000E+00   0.7846682E-03
      106.00  0.1393726E-02   0.0000000E+00   0.1393726E-02
      108.00  0.1482718E-02   0.0000000E+00   0.1482718E-02
      110.00  0.1232906E-02   0.0000000E+00   0.1232906E-02
      114.00  0.1560852E-02   0.0000000E+00   0.1560852E-02
      118.00  0.1623947E-02   0.0000000E+00   0.1623947E-02
      121.00  0.1729888E-02   0.0000000E+00   0.1729888E-02
      125.00  0.1782195E-02   0.0000000E+00   0.1782195E-02
      127.00  0.2097774E-02   0.0000000E+00   0.2097774E-02
      128.00  0.1843990E-02   0.0000000E+00   0.1843990E-02
      131.00  0.1733302E-02   0.0000000E+00   0.1733302E-02
      132.00  0.2596984E-02   0.0000000E+00   0.2596984E-02
      134.00  0.3021807E-02   0.0000000E+00   0.3021807E-02
      137.00  0.3757328E-02   0.0000000E+00   0.3757328E-02
      140.00  0.2754780E-02   0.0000000E+00   0.2754780E-02
      143.00  0.3925014E-02   0.0000000E+00   0.3925014E-02
      147.00  0.2373297E-02   0.0000000E+00   0.2373297E-02
      151.00  0.5508224E-02   0.0000000E+00   0.5508224E-02
      155.00  0.4878930E-02   0.0000000E+00   0.4878930E-02
      159.00  0.4796340E-02   0.0000000E+00   0.4796340E-02
      162.00  0.1783149E-02   0.0000000E+00   0.1783149E-02
      166.00  0.2607630E-02   0.0000000E+00   0.2607630E-02
      170.00  0.4134862E-03   0.0000000E+00   0.4134862E-03
      173.00  0.5245482E-02   0.0000000E+00   0.5245482E-02
      177.00  0.4626714E-02   0.0000000E+00   0.4626714E-02
      180.00  0.3216957E-02   0.0000000E+00   0.3216957E-02
      182.00  0.1007919E-02   0.0000000E+00   0.1007919E-02
      186.00  0.2201340E-02   0.0000000E+00   0.2201340E-02
      191.00  0.5096227E-02   0.0000000E+00   0.5096227E-02
      194.00  0.2422801E-03   0.0000000E+00   0.2422801E-03
      198.00  0.6116102E-02   0.0000000E+00   0.6116102E-02
      202.00  0.5532200E-02   0.0000000E+00   0.5532200E-02
      205.00  0.4437161E-02   0.0000000E+00   0.4437161E-02
      210.00  0.2442021E-02   0.0000000E+00   0.2442021E-02
      216.00  0.5861044E-02   0.0000000E+00   0.5861044E-02
      220.00  0.5429830E-02   0.0000000E+00   0.5429830E-02
      223.00  0.5362698E-02   0.0000000E+00   0.5362698E-02
      227.00  0.4065469E-02   0.0000000E+00   0.4065469E-02
      228.00  0.3525498E-02   0.0000000E+00   0.3525498E-02
      228.00  0.8126867E-02   0.0000000E+00   0.8126867E-02
      230.00  0.1597594E-02   0.0000000E+00   0.1597594E-02
      234.00  0.1465614E-01   0.0000000E+00   0.1465614E-01
      240.00  0.8672442E-02   0.0000000E+00   0.8672442E-02
      246.00  0.1170286E-01   0.0000000E+00   0.1170286E-01
      252.00  0.4331481E-01   0.0000000E+00   0.4331481E-01
      257.00  0.1322883E+00   0.0000000E+00   0.1322883E+00
      260.00  0.1580651E+00   0.0000000E+00   0.1580651E+00
      264.00  0.4633523E-01   0.0000000E+00   0.4633523E-01
      269.00  0.1789407E+00   0.0000000E+00   0.1789407E+00
      274.00  0.3482338E-01   0.0000000E+00   0.3482338E-01
      279.00  0.1167566E+00   0.0000000E+00   0.1167566E+00
      284.00  0.5207080E-01   0.0000000E+00   0.5207080E-01
      290.00  0.9668051E-02   0.0000000E+00   0.9668051E-02
      296.00  0.6337465E-01   0.0000000E+00   0.6337465E-01
      301.00  0.6371106E-02   0.0000000E+00   0.6371106E-02
      308.00  0.5990540E-01   0.0000000E+00   0.5990540E-01
      318.00  0.2258143E+00   0.0000000E+00   0.2258143E+00
      328.00  0.2300193E+00   0.0000000E+00   0.2300193E+00
      338.00  0.3049521E+00   0.0000000E+00   0.3049521E+00
      348.00  0.3604605E+00   0.0000000E+00   0.3604605E+00
      353.30  0.3820043E+00   0.0000000E+00   0.3820043E+00
      353.30  0.6336082E-01   0.0000000E+00   0.6336082E-01
      357.00  0.8862398E-01   0.0000000E+00   0.8862398E-01
      366.00  0.1500747E+00   0.0000000E+00   0.1500747E+00
      375.00  0.9011629E-01   0.0000000E+00   0.9011629E-01
      385.00  0.2174717E+00   0.0000000E+00   0.2174717E+00
      395.00  0.2305304E+00   0.0000000E+00   0.2305304E+00
      405.00  0.2025948E+00   0.0000000E+00   0.2025948E+00
      414.00  0.5914113E-01   0.0000000E+00   0.5914113E-01
      422.00  0.3903134E+00   0.0000000E+00   0.3903134E+00
      430.00  0.1487644E+00   0.0000000E+00   0.1487644E+00
      441.00  0.2179532E+00   0.0000000E+00   0.2179532E+00
      451.00  0.2011056E+00   0.0000000E+00   0.2011056E+00
      460.00  0.2146073E+00   0.0000000E+00   0.2146073E+00
      470.00  0.1699239E+00   0.0000000E+00   0.1699239E+00
      480.00  0.1120910E+00   0.0000000E+00   0.1120910E+00
      490.00  0.1422241E+00   0.0000000E+00   0.1422241E+00
      500.00  0.6489630E-01   0.0000000E+00   0.6489630E-01
      504.60  0.3876130E-02   0.0000000E+00   0.3876130E-02
      504.60  0.1179980E+00   0.0000000E+00   0.1179980E+00
      506.00  0.1257452E+00   0.0000000E+00   0.1257452E+00
      512.00  0.1489869E+00   0.0000000E+00   0.1489869E+00
      520.00  0.9475137E-01   0.0000000E+00   0.9475137E-01
      530.00  0.1240190E+00   0.0000000E+00   0.1240190E+00
      540.00  0.1951240E+00   0.0000000E+00   0.1951240E+00
      550.00  0.7029804E-01   0.0000000E+00   0.7029804E-01
      560.00  0.1566045E+00   0.0000000E+00   0.1566045E+00
      570.00  0.2003552E+00   0.0000000E+00   0.2003552E+00
      580.00  0.1202961E+00   0.0000000E+00   0.1202961E+00
      590.00  0.1447470E+00   0.0000000E+00   0.1447470E+00
      600.00  0.1511385E+00   0.0000000E+00   0.1511385E+00
      610.00  0.1089576E+00   0.0000000E+00   0.1089576E+00
      620.00  0.1868879E+00   0.0000000E+00   0.1868879E+00
      630.00  0.2052514E+00   0.0000000E+00   0.2052514E+00
      640.00  0.2271793E+00   0.0000000E+00   0.2271793E+00
      650.00  0.1575464E+00   0.0000000E+00   0.1575464E+00
      658.00  0.8776648E-01   0.0000000E+00   0.8776648E-01
      665.00  0.9566035E-01   0.0000000E+00   0.9566035E-01
      675.00  0.1304142E+00   0.0000000E+00   0.1304142E+00
      685.00  0.2092119E+00   0.0000000E+00   0.2092119E+00
      695.00  0.9358666E-01   0.0000000E+00   0.9358666E-01
      705.00  0.2229279E+00   0.0000000E+00   0.2229279E+00
      716.00  0.1971837E+00   0.0000000E+00   0.1971837E+00
      726.00  0.1920370E+00   0.0000000E+00   0.1920370E+00
      735.00  0.1942200E+00   0.0000000E+00   0.1942200E+00
      745.00  0.1177276E+00   0.0000000E+00   0.1177276E+00
      755.00  0.1737295E+00   0.0000000E+00   0.1737295E+00
      765.00  0.2987536E+00   0.0000000E+00   0.2987536E+00
      775.00  0.1862505E+00   0.0000000E+00   0.1862505E+00
      785.00  0.9450752E-01   0.0000000E+00   0.9450752E-01
      795.00  0.1520518E+00   0.0000000E+00   0.1520518E+00
      805.00  0.2155601E+00   0.0000000E+00   0.2155601E+00
      815.00  0.1542372E+00   0.0000000E+00   0.1542372E+00
      825.00  0.1778693E+00   0.0000000E+00   0.1778693E+00
      835.00  0.1674866E+00   0.0000000E+00   0.1674866E+00
      845.00  0.2390675E+00   0.0000000E+00   0.2390675E+00
      855.00  0.1356153E+00   0.0000000E+00   0.1356153E+00
      865.00  0.1794034E+00   0.0000000E+00   0.1794034E+00
      875.00  0.2182018E+00   0.0000000E+00   0.2182018E+00
      885.00  0.2229130E+00   0.0000000E+00   0.2229130E+00
      895.00  0.1892034E+00   0.0000000E+00   0.1892034E+00
      905.00  0.1829929E+00   0.0000000E+00   0.1829929E+00
      912.40  0.1961011E+00   0.6534117E-07   0.1961012E+00
      912.40  0.1421197E+01   0.6534281E-07   0.1421197E+01
      915.00  0.1400633E+01   0.7087441E-07   0.1400633E+01
      925.00  0.1321540E+01   0.9063944E-07   0.1321540E+01
      935.00  0.1324318E+01   0.1152810E-06   0.1324318E+01
      945.00  0.8442194E+00   0.1458437E-06   0.8442195E+00
      955.00  0.1134186E+01   0.1835611E-06   0.1134186E+01
      965.00  0.1246191E+01   0.2298835E-06   0.1246191E+01
      975.00  0.5617527E+00   0.2865077E-06   0.5617530E+00
      985.00  0.2731411E+00   0.3554113E-06   0.2731415E+00
      995.00  0.1289963E+01   0.4388891E-06   0.1289963E+01
     1005.00  0.1104685E+01   0.5395936E-06   0.1104686E+01
     1015.00  0.1073057E+01   0.6605788E-06   0.1073058E+01
     1025.00  0.1020293E+01   0.8053476E-06   0.1020294E+01
     1035.00  0.9773425E+00   0.9779037E-06   0.9773435E+00
     1045.00  0.1277336E+01   0.1182811E-05   0.1277337E+01
     1055.00  0.1246777E+01   0.1425243E-05   0.1246778E+01
     1065.00  0.1136496E+01   0.1711052E-05   0.1136498E+01
     1075.00  0.9412219E+00   0.2046839E-05   0.9412239E+00
     1085.00  0.9957153E+00   0.2440025E-05   0.9957177E+00
     1095.00  0.1156351E+01   0.2898923E-05   0.1156354E+01
     1105.00  0.1141551E+01   0.3432826E-05   0.1141554E+01
     1115.00  0.7241821E+00   0.4052084E-05   0.7241862E+00
     1125.00  0.4663771E+00   0.4768196E-05   0.4663819E+00
     1135.00  0.1073213E+01   0.5593908E-05   0.1073219E+01
     1145.00  0.1062476E+01   0.6543307E-05   0.1062483E+01
     1155.00  0.5053396E+00   0.7631920E-05   0.5053472E+00
     1165.00  0.5054763E+00   0.8876820E-05   0.5054852E+00
     1175.00  0.6665159E+00   0.1029674E-04   0.6665262E+00
     1185.00  0.9817668E+00   0.1191218E-04   0.9817787E+00
     1195.00  0.8868341E+00   0.1374552E-04   0.8868478E+00
     1205.00  0.7072015E+00   0.1582116E-04   0.7072173E+00
     1215.00  0.6737279E+00   0.1816561E-04   0.6737461E+00
     1225.00  0.7485452E+00   0.2517660E-02   0.7510629E+00
     1235.00  0.9035117E+00   0.4785840E-02   0.9082975E+00
     1245.00  0.7045784E+00   0.6714055E-02   0.7112925E+00
     1255.00  0.7051896E+00   0.8361255E-02   0.7135509E+00
     1265.00  0.8498768E+00   0.9771152E-02   0.8596480E+00
     1275.00  0.8678004E+00   0.1097832E-01   0.8787787E+00
     1285.00  0.6636886E+00   0.1201098E-01   0.6756996E+00
     1295.00  0.6744737E+00   0.1289267E-01   0.6873664E+00
     1305.00  0.7863733E+00   0.1364319E-01   0.8000165E+00
     1315.00  0.6609358E+00   0.1427946E-01   0.6752153E+00
     1325.00  0.6065432E+00   0.1481596E-01   0.6213592E+00
     1335.00  0.7623372E+00   0.1526520E-01   0.7776024E+00
     1345.00  0.5293241E+00   0.1563801E-01   0.5449621E+00
     1355.00  0.7474330E+00   0.1594383E-01   0.7633768E+00
     1365.00  0.7086148E+00   0.1619091E-01   0.7248057E+00
     1375.00  0.6729792E+00   0.1638647E-01   0.6893657E+00
     1385.00  0.5644381E+00   0.1653685E-01   0.5809749E+00
     1395.00  0.5145220E+00   0.1664765E-01   0.5311697E+00
     1405.00  0.7606467E+00   0.1672381E-01   0.7773705E+00
     1415.00  0.5723210E+00   0.1676971E-01   0.5890907E+00
     1425.00  0.4406020E+00   0.1678921E-01   0.4573912E+00
     1435.00  0.5687881E+00   0.1678577E-01   0.5855739E+00
     1442.00  0.5987469E+00   0.1677137E-01   0.6155183E+00
     1447.00  0.5724222E+00   0.1675566E-01   0.5891779E+00
     1455.00  0.6049218E+00   0.1672202E-01   0.6216438E+00
     1465.00  0.5357747E+00   0.1666691E-01   0.5524416E+00
     1475.00  0.5836559E+00   0.1659933E-01   0.6002552E+00
     1485.00  0.5207097E+00   0.1652124E-01   0.5372309E+00
     1495.00  0.5669900E+00   0.1643444E-01   0.5834244E+00
     1505.00  0.5065003E+00   0.1634052E-01   0.5228408E+00
     1512.00  0.4356336E+00   0.1627132E-01   0.4519049E+00
     1517.00  0.4776878E+00   0.1622046E-01   0.4939083E+00
     1525.00  0.3887524E+00   0.1613701E-01   0.4048894E+00
     1535.00  0.4220465E+00   0.1602993E-01   0.4380764E+00
     1545.00  0.2137509E+00   0.1592080E-01   0.2296717E+00
     1555.00  0.5221453E+00   0.1581057E-01   0.5379559E+00
     1565.00  0.2639779E+00   0.1570017E-01   0.2796781E+00
     1575.00  0.4269749E+00   0.1559047E-01   0.4425654E+00
     1585.00  0.2846909E+00   0.1548223E-01   0.3001731E+00
     1595.00  0.4571740E+00   0.1537617E-01   0.4725502E+00
     1605.00  0.4777543E+00   0.1527297E-01   0.4930273E+00
     1615.00  0.4713895E+00   0.1517324E-01   0.4865627E+00
     1625.00  0.4611002E+00   0.1507757E-01   0.4761778E+00
     1635.00  0.4780611E+00   0.1498651E-01   0.4930476E+00
     1645.00  0.4748833E+00   0.1490058E-01   0.4897839E+00
     1655.00  0.4541090E+00   0.1482026E-01   0.4689293E+00
     1665.00  0.4508164E+00   0.1474603E-01   0.4655624E+00
     1672.00  0.4342950E+00   0.1469792E-01   0.4489929E+00
     1677.00  0.4427383E+00   0.1466560E-01   0.4574039E+00
     1685.00  0.4393165E+00   0.1461758E-01   0.4539341E+00
     1695.00  0.4232683E+00   0.1456420E-01   0.4378325E+00
     1705.00  0.4136113E+00   0.1451859E-01   0.4281299E+00
     1715.00  0.3995727E+00   0.1448113E-01   0.4140538E+00
     1725.00  0.3955336E+00   0.1445220E-01   0.4099858E+00
     1735.00  0.3987425E+00   0.1443216E-01   0.4131747E+00
     1745.00  0.3886431E+00   0.1442137E-01   0.4030645E+00
     1755.00  0.3902795E+00   0.1442018E-01   0.4046997E+00
     1765.00  0.3792584E+00   0.1442894E-01   0.3936873E+00
     1775.00  0.3696542E+00   0.1444799E-01   0.3841022E+00
     1785.00  0.3696412E+00   0.1447766E-01   0.3841189E+00
     1795.00  0.3723915E+00   0.1451831E-01   0.3869098E+00
     1805.00  0.3707122E+00   0.1457026E-01   0.3852825E+00
     1815.00  0.3486355E+00   0.1463382E-01   0.3632693E+00
     1825.00  0.3515675E+00   0.1470935E-01   0.3662768E+00
     1835.00  0.3421545E+00   0.1479715E-01   0.3569517E+00
     1845.00  0.3262475E+00   0.1489756E-01   0.3411451E+00
     1855.00  0.3176384E+00   0.1501090E-01   0.3326493E+00
     1865.00  0.3180969E+00   0.1513750E-01   0.3332344E+00
     1875.00  0.3283419E+00   0.1527769E-01   0.3436196E+00
     1885.00  0.3096455E+00   0.1543178E-01   0.3250773E+00
     1895.00  0.2977506E+00   0.1560011E-01   0.3133507E+00
     1905.00  0.3076825E+00   0.1578301E-01   0.3234655E+00
     1915.00  0.2942884E+00   0.1598079E-01   0.3102692E+00
     1925.00  0.2874529E+00   0.1619379E-01   0.3036467E+00
     1935.00  0.2924006E+00   0.1642234E-01   0.3088229E+00
     1945.00  0.2912671E+00   0.1666649E-01   0.3079336E+00
     1955.00  0.2773492E+00   0.1692644E-01   0.2942756E+00
     1967.00  0.2858001E+00   0.1726006E-01   0.3030602E+00
     1976.00  0.2873447E+00   0.1752610E-01   0.3048708E+00
     1984.00  0.2773354E+00   0.1777419E-01   0.2951096E+00
     1995.00  0.2720664E+00   0.1813345E-01   0.2901999E+00
     2005.00  0.2752352E+00   0.1847860E-01   0.2937138E+00
     2015.00  0.2691175E+00   0.1884176E-01   0.2879593E+00
     2025.00  0.2722958E+00   0.1922323E-01   0.2915190E+00
     2035.00  0.2584503E+00   0.1962449E-01   0.2780748E+00
     2045.00  0.2599253E+00   0.2004531E-01   0.2799706E+00
     2055.00  0.2563345E+00   0.8110375E-02   0.2644449E+00
     2065.00  0.2547623E+00   0.8021580E-02   0.2627839E+00
     2074.00  0.2613451E+00   0.7943491E-02   0.2692886E+00
     2078.00  0.2465066E+00   0.7909337E-02   0.2544159E+00
     2085.00  0.2523405E+00   0.7850382E-02   0.2601909E+00
     2095.00  0.2437526E+00   0.7767947E-02   0.2515205E+00
     2105.00  0.2446840E+00   0.7687602E-02   0.2523716E+00
     2115.00  0.2433951E+00   0.7609330E-02   0.2510044E+00
     2125.00  0.2419395E+00   0.7533116E-02   0.2494726E+00
     2135.00  0.2364812E+00   0.7458945E-02   0.2439401E+00
     2145.00  0.2303573E+00   0.7386800E-02   0.2377441E+00
     2155.00  0.2334553E+00   0.7316668E-02   0.2407720E+00
     2165.00  0.2305873E+00   0.7248531E-02   0.2378358E+00
     2175.00  0.2275340E+00   0.7182381E-02   0.2347164E+00
     2185.00  0.2212848E+00   0.7118205E-02   0.2284030E+00
     2195.00  0.2229462E+00   0.7055983E-02   0.2300022E+00
     2205.00  0.2197140E+00   0.6995699E-02   0.2267097E+00
     2215.00  0.2148761E+00   0.6937339E-02   0.2218134E+00
     2225.00  0.2098772E+00   0.6880889E-02   0.2167581E+00
     2235.00  0.2099848E+00   0.6826334E-02   0.2168111E+00
     2245.00  0.2076103E+00   0.6773661E-02   0.2143840E+00
     2255.00  0.2024877E+00   0.6722855E-02   0.2092106E+00
     2265.00  0.2036226E+00   0.6673904E-02   0.2102965E+00
     2275.00  0.2057604E+00   0.6626793E-02   0.2123872E+00
     2285.00  0.2081097E+00   0.6581486E-02   0.2146912E+00
     2295.00  0.2015745E+00   0.6537966E-02   0.2081125E+00
     2305.00  0.2015712E+00   0.6496243E-02   0.2080674E+00
     2315.00  0.1946167E+00   0.6456304E-02   0.2010730E+00
     2325.00  0.1711317E+00   0.6418135E-02   0.1775498E+00
     2335.00  0.1820849E+00   0.6381726E-02   0.1884666E+00
     2345.00  0.1800721E+00   0.6347062E-02   0.1864192E+00
     2355.00  0.1797486E+00   0.6314132E-02   0.1860627E+00
     2365.00  0.1761627E+00   0.6282925E-02   0.1824456E+00
     2375.00  0.1746226E+00   0.6253426E-02   0.1808760E+00
     2385.00  0.1717473E+00   0.6225626E-02   0.1779729E+00
     2395.00  0.1726185E+00   0.6199512E-02   0.1788180E+00
     2405.00  0.1684353E+00   0.6175076E-02   0.1746104E+00
     2415.00  0.1674291E+00   0.6152307E-02   0.1735814E+00
     2425.00  0.1665611E+00   0.6131192E-02   0.1726923E+00
     2435.00  0.1619683E+00   0.6111718E-02   0.1680800E+00
     2445.00  0.1627456E+00   0.6093875E-02   0.1688395E+00
     2455.00  0.1609530E+00   0.6077653E-02   0.1670307E+00
     2465.00  0.1583562E+00   0.6063041E-02   0.1644192E+00
     2475.00  0.1554351E+00   0.6050028E-02   0.1614851E+00
     2485.00  0.1551407E+00   0.6038603E-02   0.1611793E+00
     2495.00  0.1471767E+00   0.6028757E-02   0.1532055E+00
     2505.00  0.1532428E+00   0.6020480E-02   0.1592633E+00
     2513.00  0.1492064E+00   0.6014980E-02   0.1552214E+00
     2518.00  0.1522255E+00   0.6012047E-02   0.1582375E+00
     2525.00  0.1493936E+00   0.6008589E-02   0.1554022E+00
     2535.00  0.1478204E+00   0.6004957E-02   0.1538254E+00
     2545.00  0.1441102E+00   0.6002864E-02   0.1501131E+00
     2555.00  0.1442362E+00   0.6002290E-02   0.1502385E+00
     2565.00  0.1417440E+00   0.6003228E-02   0.1477472E+00
     2575.00  0.1420669E+00   0.6005668E-02   0.1480726E+00
     2585.00  0.1401827E+00   0.6009600E-02   0.1461923E+00
     2595.00  0.1387851E+00   0.6015014E-02   0.1448001E+00
     2605.00  0.1364874E+00   0.5704693E-02   0.1421921E+00
     2615.00  0.1348890E+00   0.5707333E-02   0.1405963E+00
     2625.00  0.1339466E+00   0.5711398E-02   0.1396580E+00
     2635.00  0.1329556E+00   0.5716879E-02   0.1386725E+00
     2645.00  0.1331503E+00   0.5723770E-02   0.1388741E+00
     2655.00  0.1320632E+00   0.5732062E-02   0.1377953E+00
     2665.00  0.1284455E+00   0.5741747E-02   0.1341872E+00
     2675.00  0.1288014E+00   0.5752819E-02   0.1345542E+00
     2685.00  0.1275392E+00   0.5765268E-02   0.1333045E+00
     2695.00  0.1249842E+00   0.5779089E-02   0.1307633E+00
     2705.00  0.1238140E+00   0.5794274E-02   0.1296083E+00
     2715.00  0.1223706E+00   0.5810814E-02   0.1281814E+00
     2725.00  0.1214265E+00   0.5828703E-02   0.1272552E+00
     2735.00  0.1214325E+00   0.5847934E-02   0.1272804E+00
     2745.00  0.1173148E+00   0.5868498E-02   0.1231833E+00
     2755.00  0.1162292E+00   0.5890389E-02   0.1221196E+00
     2765.00  0.1157890E+00   0.5913600E-02   0.1217026E+00
     2775.00  0.1161801E+00   0.5938123E-02   0.1221182E+00
     2785.00  0.1150169E+00   0.5963952E-02   0.1209809E+00
     2795.00  0.1112563E+00   0.5991078E-02   0.1172474E+00
     2805.00  0.1117105E+00   0.6019495E-02   0.1177300E+00
     2815.00  0.1116948E+00   0.6049196E-02   0.1177440E+00
     2825.00  0.1102884E+00   0.6080174E-02   0.1163686E+00
     2835.00  0.1070489E+00   0.6112421E-02   0.1131613E+00
     2845.00  0.1062995E+00   0.6145931E-02   0.1124454E+00
     2855.00  0.1053807E+00   0.6180644E-02   0.1115613E+00
     2865.00  0.1055139E+00   0.6216546E-02   0.1117304E+00
     2875.00  0.1041677E+00   0.6253681E-02   0.1104214E+00
     2885.00  0.1036611E+00   0.6292041E-02   0.1099531E+00
     2895.00  0.1026409E+00   0.6331620E-02   0.1089725E+00
     2910.00  0.1019183E+00   0.6393257E-02   0.1083116E+00
     2930.00  0.9973914E-01   0.6479636E-02   0.1062188E+00
     2950.00  0.9703140E-01   0.6570757E-02   0.1036022E+00
     2970.00  0.9552910E-01   0.6666563E-02   0.1021957E+00
     2990.00  0.9354669E-01   0.6766996E-02   0.1003137E+00
     3010.00  0.9123672E-01   0.6871997E-02   0.9810872E-01
     3030.00  0.8988420E-01   0.6981509E-02   0.9686571E-01
     3050.00  0.8842455E-01   0.7095492E-02   0.9552004E-01
     3070.00  0.8697545E-01   0.7213897E-02   0.9418935E-01
     3090.00  0.8509758E-01   0.7336647E-02   0.9243423E-01
     3110.00  0.8348518E-01   0.7463684E-02   0.9094886E-01
     3130.00  0.8188806E-01   0.7523353E-02   0.8941141E-01
     3150.00  0.8055071E-01   0.7656885E-02   0.8820759E-01
     3170.00  0.7864640E-01   0.7794511E-02   0.8644091E-01
     3190.00  0.7711773E-01   0.7936173E-02   0.8505390E-01
     3210.00  0.7624467E-01   0.8081812E-02   0.8432648E-01
     3230.00  0.7445199E-01   0.8231370E-02   0.8268336E-01
     3250.00  0.7287838E-01   0.8384787E-02   0.8126317E-01
     3270.00  0.7141316E-01   0.8541853E-02   0.7995501E-01
     3290.00  0.7009778E-01   0.8702538E-02   0.7880032E-01
     3310.00  0.6895993E-01   0.8866856E-02   0.7782679E-01
     3330.00  0.6765446E-01   0.9034748E-02   0.7668921E-01
     3350.00  0.6637585E-01   0.9206152E-02   0.7558200E-01
     3370.00  0.6556774E-01   0.9381004E-02   0.7494874E-01
     3390.00  0.6503858E-01   0.9559247E-02   0.7459783E-01
     3410.00  0.6417284E-01   0.9740816E-02   0.7391366E-01
     3430.00  0.6246721E-01   0.9219781E-02   0.7168699E-01
     3450.00  0.6131484E-01   0.9389364E-02   0.7070420E-01
     3470.00  0.6004674E-01   0.9561891E-02   0.6960863E-01
     3490.00  0.5889400E-01   0.9737303E-02   0.6863130E-01
     3510.00  0.5785826E-01   0.9915533E-02   0.6777379E-01
     3530.00  0.5691515E-01   0.1009646E-01   0.6701161E-01
     3550.00  0.5595530E-01   0.1028009E-01   0.6623539E-01
     3570.00  0.5507423E-01   0.1046636E-01   0.6554059E-01
     3590.00  0.5387578E-01   0.1065521E-01   0.6453099E-01
     3610.00  0.5292986E-01   0.1084659E-01   0.6377645E-01
     3630.00  0.5212494E-01   0.1104043E-01   0.6316537E-01
     3640.00  0.5184929E-01   0.1113826E-01   0.6298755E-01
     3650.00  0.5583644E-01   0.1705766E-02   0.5754221E-01
     3670.00  0.5429005E-01   0.1691225E-02   0.5598128E-01
     3690.00  0.5312524E-01   0.1539056E-02   0.5466430E-01
     3710.00  0.5540498E-01   0.1522444E-02   0.5692742E-01
     3730.00  0.5508612E-01   0.1506365E-02   0.5659249E-01
     3750.00  0.5762435E-01   0.1490806E-02   0.5911516E-01
     3770.00  0.5692135E-01   0.1475754E-02   0.5839710E-01
     3790.00  0.5738703E-01   0.1461194E-02   0.5884822E-01
     3810.00  0.5846828E-01   0.1447115E-02   0.5991540E-01
     3830.00  0.5434915E-01   0.1433505E-02   0.5578265E-01
     3850.00  0.5742145E-01   0.1420350E-02   0.5884180E-01
     3870.00  0.5665374E-01   0.1407639E-02   0.5806138E-01
     3890.00  0.5158426E-01   0.1395362E-02   0.5297962E-01
     3910.00  0.5552200E-01   0.1383506E-02   0.5690551E-01
     3930.00  0.5384077E-01   0.1372061E-02   0.5521283E-01
     3950.00  0.5359978E-01   0.1361016E-02   0.5496080E-01
     3970.00  0.4794991E-01   0.1350364E-02   0.4930027E-01
     3990.00  0.5186612E-01   0.1340097E-02   0.5320622E-01
     4010.00  0.5124790E-01   0.1330201E-02   0.5257810E-01
     4030.00  0.4981428E-01   0.1320665E-02   0.5113495E-01
     4050.00  0.4968604E-01   0.1311481E-02   0.5099752E-01
     4070.00  0.4846547E-01   0.1302640E-02   0.4976811E-01
     4090.00  0.4685402E-01   0.1294133E-02   0.4814815E-01
     4110.00  0.4361921E-01   0.1285952E-02   0.4490516E-01
     4130.00  0.4595636E-01   0.1278087E-02   0.4723445E-01
     4150.00  0.4558590E-01   0.1270532E-02   0.4685643E-01
     4170.00  0.4504690E-01   0.1263278E-02   0.4631018E-01
     4190.00  0.4452398E-01   0.1256318E-02   0.4578030E-01
     4210.00  0.4393912E-01   0.1249644E-02   0.4518876E-01
     4230.00  0.4312561E-01   0.1243249E-02   0.4436886E-01
     4250.00  0.4234633E-01   0.1237126E-02   0.4358346E-01
     4270.00  0.4136551E-01   0.1231268E-02   0.4259678E-01
     4290.00  0.4101797E-01   0.1225668E-02   0.4224364E-01
     4310.00  0.4015541E-01   0.1220320E-02   0.4137573E-01
     4330.00  0.3848240E-01   0.1215216E-02   0.3969762E-01
     4350.00  0.3625743E-01   0.1210353E-02   0.3746778E-01
     4370.00  0.3836906E-01   0.1205722E-02   0.3957478E-01
     4390.00  0.3779126E-01   0.1201319E-02   0.3899258E-01
     4410.00  0.3746884E-01   0.1197136E-02   0.3866598E-01
     4430.00  0.3687245E-01   0.1193170E-02   0.3806562E-01
     4450.00  0.3646431E-01   0.1189413E-02   0.3765372E-01
     4470.00  0.3549464E-01   0.1185860E-02   0.3668050E-01
     4490.00  0.3525584E-01   0.1182507E-02   0.3643835E-01
     4510.00  0.3492606E-01   0.1179348E-02   0.3610541E-01
     4530.00  0.3434232E-01   0.1176378E-02   0.3551870E-01
     4550.00  0.3382174E-01   0.1173592E-02   0.3499533E-01
     4570.00  0.3346041E-01   0.1170986E-02   0.3463140E-01
     4590.00  0.3324874E-01   0.1168555E-02   0.3441729E-01
     4610.00  0.3316008E-01   0.1166294E-02   0.3432637E-01
     4630.00  0.3279642E-01   0.1164198E-02   0.3396062E-01
     4650.00  0.3248539E-01   0.1162264E-02   0.3364765E-01
     4670.00  0.3234385E-01   0.1160487E-02   0.3350434E-01
     4690.00  0.3190132E-01   0.1158864E-02   0.3306018E-01
     4710.00  0.3072429E-01   0.1157389E-02   0.3188168E-01
     4730.00  0.3009984E-01   0.1156060E-02   0.3125590E-01
     4750.00  0.2939919E-01   0.1154871E-02   0.3055406E-01
     4770.00  0.2905385E-01   0.1153820E-02   0.3020767E-01
     4790.00  0.2855570E-01   0.1152903E-02   0.2970860E-01
     4810.00  0.2804871E-01   0.1152113E-02   0.2920082E-01
     4830.00  0.2763882E-01   0.1151445E-02   0.2879026E-01
     4850.00  0.2666482E-01   0.1150900E-02   0.2781572E-01
     4870.00  0.2483081E-01   0.1150474E-02   0.2598128E-01
     4890.00  0.2650121E-01   0.1150165E-02   0.2765137E-01
     4910.00  0.2618008E-01   0.1149969E-02   0.2733005E-01
     4930.00  0.2557426E-01   0.1149882E-02   0.2672414E-01
     4950.00  0.2545339E-01   0.1149902E-02   0.2660329E-01
     4970.00  0.2517398E-01   0.1150027E-02   0.2632401E-01
     4990.00  0.2477826E-01   0.1150252E-02   0.2592851E-01
     5010.00  0.2407506E-01   0.1150575E-02   0.2522563E-01
     5030.00  0.2406626E-01   0.1150993E-02   0.2521725E-01
     5050.00  0.2356406E-01   0.1151504E-02   0.2471556E-01
     5070.00  0.2345273E-01   0.1152108E-02   0.2460484E-01
     5090.00  0.2314088E-01   0.1152814E-02   0.2429369E-01
     5110.00  0.2280729E-01   0.1153604E-02   0.2396089E-01
     5130.00  0.2243159E-01   0.1154476E-02   0.2358607E-01
     5150.00  0.2212524E-01   0.1155427E-02   0.2328067E-01
     5170.00  0.2189468E-01   0.1156455E-02   0.2305113E-01
     5190.00  0.2162657E-01   0.1157558E-02   0.2278413E-01
     5210.00  0.2127546E-01   0.1158733E-02   0.2243419E-01
     5230.00  0.2105879E-01   0.1159978E-02   0.2221877E-01
     5250.00  0.2082895E-01   0.1161292E-02   0.2199024E-01
     5270.00  0.2050999E-01   0.1162671E-02   0.2167266E-01
     5290.00  0.2033296E-01   0.1164114E-02   0.2149707E-01
     5310.00  0.2002066E-01   0.1165619E-02   0.2118628E-01
     5330.00  0.1976479E-01   0.1167183E-02   0.2093197E-01
     5350.00  0.1950100E-01   0.1168805E-02   0.2066981E-01
     5370.00  0.1929924E-01   0.1170483E-02   0.2046972E-01
     5390.00  0.1906623E-01   0.1172211E-02   0.2023844E-01
     5410.00  0.1883867E-01   0.1173991E-02   0.2001266E-01
     5430.00  0.1858283E-01   0.1175821E-02   0.1975865E-01
     5450.00  0.1835991E-01   0.1177700E-02   0.1953761E-01
     5470.00  0.1810875E-01   0.1179625E-02   0.1928838E-01
     5490.00  0.1788744E-01   0.1181596E-02   0.1906904E-01
     5510.00  0.1765913E-01   0.1183610E-02   0.1884274E-01
     5530.00  0.1744018E-01   0.1185667E-02   0.1862585E-01
     5550.00  0.1725782E-01   0.1187763E-02   0.1844558E-01
     5570.00  0.1704248E-01   0.1189899E-02   0.1823238E-01
     5590.00  0.1684829E-01   0.1192072E-02   0.1804036E-01
     5610.00  0.1663158E-01   0.1194281E-02   0.1782586E-01
     5630.00  0.1642910E-01   0.1196524E-02   0.1762562E-01
     5650.00  0.1613884E-01   0.1198801E-02   0.1733764E-01
     5670.00  0.1592211E-01   0.1201110E-02   0.1712322E-01
     5690.00  0.1574156E-01   0.1203449E-02   0.1694501E-01
     5710.00  0.1560497E-01   0.8522434E-03   0.1645721E-01
     5730.00  0.1565964E-01   0.8522938E-03   0.1651193E-01
     5750.00  0.1604083E-01   0.8523814E-03   0.1689321E-01
     5770.00  0.1648173E-01   0.8525051E-03   0.1733424E-01
     5790.00  0.1654432E-01   0.8526637E-03   0.1739698E-01
     5810.00  0.1640512E-01   0.8528562E-03   0.1725798E-01
     5830.00  0.1614828E-01   0.8530816E-03   0.1700136E-01
     5850.00  0.1568808E-01   0.8533390E-03   0.1654142E-01
     5870.00  0.1495124E-01   0.8536273E-03   0.1580487E-01
     5890.00  0.1453818E-01   0.8539455E-03   0.1539213E-01
     5910.00  0.1415492E-01   0.8542928E-03   0.1500921E-01
     5930.00  0.1383289E-01   0.8546681E-03   0.1468756E-01
     5950.00  0.1356795E-01   0.8550707E-03   0.1442302E-01
     5970.00  0.1342069E-01   0.8554995E-03   0.1427619E-01
     5990.00  0.1321102E-01   0.8559539E-03   0.1406697E-01
     6010.00  0.1307518E-01   0.8564329E-03   0.1393161E-01
     6030.00  0.1290958E-01   0.8569357E-03   0.1376652E-01
     6050.00  0.1275780E-01   0.8574616E-03   0.1361526E-01
     6070.00  0.1261793E-01   0.8580097E-03   0.1347594E-01
     6090.00  0.1246772E-01   0.8585791E-03   0.1332630E-01
     6110.00  0.1232920E-01   0.8591691E-03   0.1318837E-01
     6130.00  0.1218828E-01   0.8597790E-03   0.1304806E-01
     6150.00  0.1200533E-01   0.8604083E-03   0.1286574E-01
     6170.00  0.1190285E-01   0.8610560E-03   0.1276391E-01
     6190.00  0.1178499E-01   0.8617217E-03   0.1264671E-01
     6210.00  0.1165521E-01   0.8624046E-03   0.1251761E-01
     6230.00  0.1151631E-01   0.8631041E-03   0.1237941E-01
     6250.00  0.1135411E-01   0.8638196E-03   0.1221793E-01
     6270.00  0.1126104E-01   0.8645503E-03   0.1212559E-01
     6290.00  0.1113770E-01   0.8652957E-03   0.1200300E-01
     6310.00  0.1100189E-01   0.8660553E-03   0.1186795E-01
     6330.00  0.1089418E-01   0.8668284E-03   0.1176101E-01
     6350.00  0.1072225E-01   0.8676145E-03   0.1158986E-01
     6370.00  0.1062452E-01   0.8684130E-03   0.1149293E-01
     6390.00  0.1053644E-01   0.8692233E-03   0.1140566E-01
     6410.00  0.1041732E-01   0.8700450E-03   0.1128736E-01
     6430.00  0.1032068E-01   0.8708775E-03   0.1119156E-01
     6450.00  0.1019676E-01   0.8717204E-03   0.1106848E-01
     6470.00  0.1009266E-01   0.8725731E-03   0.1096523E-01
     6490.00  0.9980489E-02   0.8734351E-03   0.1085392E-01
     6510.00  0.9891993E-02   0.8743060E-03   0.1076630E-01
     6530.00  0.9789096E-02   0.8751753E-03   0.1066427E-01
     6550.00  0.9551782E-02   0.8760494E-03   0.1042783E-01
     6570.00  0.8811314E-02   0.8769306E-03   0.9688245E-02
     6590.00  0.9427597E-02   0.8778184E-03   0.1030542E-01
     6610.00  0.9383828E-02   0.8787125E-03   0.1026254E-01
     6630.00  0.9283241E-02   0.8796123E-03   0.1016285E-01
     6650.00  0.9182031E-02   0.8762685E-03   0.1005830E-01
     6670.00  0.9054055E-02   0.8771822E-03   0.9931237E-02
     6690.00  0.8960266E-02   0.8781007E-03   0.9838367E-02
     6710.00  0.8895970E-02   0.8790238E-03   0.9774994E-02
     6730.00  0.8795721E-02   0.8799509E-03   0.9675672E-02
     6750.00  0.8707416E-02   0.8808818E-03   0.9588298E-02
     6770.00  0.8620633E-02   0.8818161E-03   0.9502449E-02
     6790.00  0.8501926E-02   0.8827537E-03   0.9384680E-02
     6810.00  0.8432460E-02   0.8836939E-03   0.9316154E-02
     6830.00  0.8342500E-02   0.8846366E-03   0.9227137E-02
     6850.00  0.8258388E-02   0.8855814E-03   0.9143969E-02
     6870.00  0.8176836E-02   0.8865281E-03   0.9063364E-02
     6890.00  0.8091666E-02   0.8874763E-03   0.8979142E-02
     6910.00  0.8007666E-02   0.8884258E-03   0.8896092E-02
     6930.00  0.7920930E-02   0.8893763E-03   0.8810306E-02
     6950.00  0.7848102E-02   0.8903275E-03   0.8738430E-02
     6970.00  0.7778034E-02   0.8912791E-03   0.8669313E-02
     6990.00  0.7708534E-02   0.8922309E-03   0.8600765E-02
     7010.00  0.7633852E-02   0.8931826E-03   0.8527035E-02
     7030.00  0.7563534E-02   0.8941347E-03   0.8457669E-02
     7050.00  0.7489826E-02   0.8950864E-03   0.8384912E-02
     7070.00  0.7374329E-02   0.8960371E-03   0.8270366E-02
     7090.00  0.7361662E-02   0.8969867E-03   0.8258649E-02
     7110.00  0.7265460E-02   0.8979350E-03   0.8163395E-02
     7130.00  0.7192234E-02   0.8988818E-03   0.8091116E-02
     7150.00  0.7124500E-02   0.8998268E-03   0.8024327E-02
     7170.00  0.7048814E-02   0.9007697E-03   0.7949584E-02
     7190.00  0.6974246E-02   0.9017106E-03   0.7875957E-02
     7210.00  0.6902104E-02   0.9026491E-03   0.7804753E-02
     7230.00  0.6782183E-02   0.9035850E-03   0.7685768E-02
     7250.00  0.6756174E-02   0.9045182E-03   0.7660692E-02
     7270.00  0.6693452E-02   0.9054486E-03   0.7598901E-02
     7290.00  0.6599110E-02   0.9063757E-03   0.7505486E-02
     7310.00  0.6560022E-02   0.9072997E-03   0.7467322E-02
     7330.00  0.6498110E-02   0.9082203E-03   0.7406330E-02
     7350.00  0.6439324E-02   0.9091372E-03   0.7348461E-02
     7370.00  0.6379582E-02   0.9100504E-03   0.7289632E-02
     7390.00  0.6317100E-02   0.9109597E-03   0.7228060E-02
     7410.00  0.6254036E-02   0.9118651E-03   0.7165901E-02
     7430.00  0.6189947E-02   0.9127661E-03   0.7102713E-02
     7450.00  0.6132420E-02   0.9122057E-03   0.7044626E-02
     7470.00  0.6066000E-02   0.9130984E-03   0.6979098E-02
     7490.00  0.6015686E-02   0.9139867E-03   0.6929673E-02
     7510.00  0.5959498E-02   0.9148703E-03   0.6874368E-02
     7530.00  0.5907594E-02   0.9157493E-03   0.6823343E-02
     7550.00  0.5856361E-02   0.9166233E-03   0.6772984E-02
     7570.00  0.5803417E-02   0.9174924E-03   0.6720909E-02
     7590.00  0.5750114E-02   0.9183564E-03   0.6668470E-02
     7610.00  0.5701946E-02   0.9192101E-03   0.6621156E-02
     7630.00  0.5661283E-02   0.9200530E-03   0.6581336E-02
     7650.00  0.5623026E-02   0.9208901E-03   0.6543916E-02
     7670.00  0.5583018E-02   0.9217215E-03   0.6504740E-02
     7690.00  0.5539608E-02   0.9225469E-03   0.6462155E-02
     7710.00  0.5489161E-02   0.9233664E-03   0.6412527E-02
     7730.00  0.5439256E-02   0.9241798E-03   0.6363436E-02
     7750.00  0.5383364E-02   0.9249871E-03   0.6308351E-02
     7770.00  0.5292408E-02   0.9257881E-03   0.6218196E-02
     7790.00  0.5269414E-02   0.9265828E-03   0.6195997E-02
     7810.00  0.5210056E-02   0.9273712E-03   0.6137427E-02
     7830.00  0.5155446E-02   0.9281531E-03   0.6083599E-02
     7850.00  0.5096157E-02   0.9289283E-03   0.6025085E-02
     7870.00  0.5044357E-02   0.9099434E-03   0.5954300E-02
     7890.00  0.4991422E-02   0.9106978E-03   0.5902120E-02
     7910.00  0.4956812E-02   0.9114460E-03   0.5868258E-02
     7930.00  0.4911002E-02   0.9121878E-03   0.5823190E-02
     7950.00  0.4859744E-02   0.9129230E-03   0.5772667E-02
     7970.00  0.4823047E-02   0.9136517E-03   0.5736699E-02
     7990.00  0.4768695E-02   0.9143738E-03   0.5683069E-02
     8010.00  0.4735664E-02   0.9150893E-03   0.5650753E-02
     8030.00  0.4694680E-02   0.9157980E-03   0.5610478E-02
     8050.00  0.4652990E-02   0.9165001E-03   0.5569490E-02
     8070.00  0.4614376E-02   0.9171953E-03   0.5531571E-02
     8090.00  0.4569549E-02   0.9178838E-03   0.5487433E-02
     8110.00  0.4528828E-02   0.9185652E-03   0.5447393E-02
     8130.00  0.4497366E-02   0.9192398E-03   0.5416606E-02
     8150.00  0.4455380E-02   0.9199075E-03   0.5375288E-02
     8170.00  0.4423562E-02   0.9205682E-03   0.5344130E-02
     8190.00  0.4379238E-02   0.9212218E-03   0.5300460E-02
     8210.00  0.4379922E-02   0.7998666E-03   0.5179789E-02
     8230.00  0.4343752E-02   0.3237181E-03   0.4667470E-02
     8250.00  0.4319439E-02   0.3233902E-03   0.4642829E-02
     8270.00  0.4271690E-02   0.3230660E-03   0.4594756E-02
     8290.00  0.4232882E-02   0.3179537E-03   0.4550836E-02
     8310.00  0.4184580E-02   0.3176359E-03   0.4502216E-02
     8330.00  0.4130487E-02   0.3173218E-03   0.4447809E-02
     8350.00  0.4087712E-02   0.3170110E-03   0.4404723E-02
     8370.00  0.4030449E-02   0.3167037E-03   0.4347153E-02
     8390.00  0.4013687E-02   0.3163995E-03   0.4330087E-02
     8410.00  0.3984996E-02   0.3160986E-03   0.4301095E-02
     8430.00  0.3986244E-02   0.3158008E-03   0.4302045E-02
     8450.00  0.3939651E-02   0.3155061E-03   0.4255157E-02
     8470.00  0.3852424E-02   0.3152144E-03   0.4167638E-02
     8490.00  0.3966390E-02   0.3149256E-03   0.4281316E-02
     8510.00  0.3784862E-02   0.3146397E-03   0.4099502E-02
     8530.00  0.3935771E-02   0.3143565E-03   0.4250128E-02
     8550.00  0.3683031E-02   0.3140761E-03   0.3997107E-02
     8570.00  0.3910299E-02   0.3137984E-03   0.4224097E-02
     8590.00  0.3731306E-02   0.3135233E-03   0.4044829E-02
     8610.00  0.3674814E-02   0.3132507E-03   0.3988065E-02
     8630.00  0.3825644E-02   0.3129807E-03   0.4138625E-02
     8650.00  0.3740413E-02   0.3127130E-03   0.4053126E-02
     8670.00  0.3469743E-02   0.3124478E-03   0.3782191E-02
     8690.00  0.3714576E-02   0.3121848E-03   0.4026761E-02
     8710.00  0.3713758E-02   0.3119242E-03   0.4025682E-02
     8730.00  0.3640469E-02   0.3116657E-03   0.3952135E-02
     8750.00  0.3355842E-02   0.3114094E-03   0.3667251E-02
     8770.00  0.3561512E-02   0.3111553E-03   0.3872667E-02
     8790.00  0.3596496E-02   0.3109032E-03   0.3907399E-02
     8810.00  0.3569909E-02   0.3106530E-03   0.3880562E-02
     8830.00  0.3529368E-02   0.3104049E-03   0.3839773E-02
     8850.00  0.3415393E-02   0.3101588E-03   0.3725552E-02
     8870.00  0.3205564E-02   0.3099144E-03   0.3515478E-02
     8890.00  0.3436876E-02   0.3096719E-03   0.3746548E-02
     8910.00  0.3425830E-02   0.3094312E-03   0.3735261E-02
     8930.00  0.3396514E-02   0.3091922E-03   0.3705706E-02
     8950.00  0.3377959E-02   0.3089549E-03   0.3686914E-02
     8970.00  0.3347693E-02   0.3087193E-03   0.3656412E-02
     8990.00  0.3282682E-02   0.3084853E-03   0.3591167E-02
     9010.00  0.3047671E-02   0.3082529E-03   0.3355924E-02
     9030.00  0.3158139E-02   0.3080220E-03   0.3466161E-02
     9050.00  0.3231272E-02   0.3077926E-03   0.3539065E-02
     9070.00  0.3194747E-02   0.3075647E-03   0.3502312E-02
     9090.00  0.3175550E-02   0.3073381E-03   0.3482888E-02
     9110.00  0.3162925E-02   0.3071130E-03   0.3470038E-02
     9130.00  0.3139911E-02   0.3068893E-03   0.3446800E-02
     9150.00  0.3117918E-02   0.3066670E-03   0.3424585E-02
     9170.00  0.3085800E-02   0.3064461E-03   0.3392246E-02
     9190.00  0.3056727E-02   0.3062263E-03   0.3362953E-02
     9210.00  0.2987190E-02   0.3060078E-03   0.3293198E-02
     9230.00  0.2745368E-02   0.3057904E-03   0.3051158E-02
     9250.00  0.2941263E-02   0.3055743E-03   0.3246837E-02
     9270.00  0.2945585E-02   0.3053591E-03   0.3250944E-02
     9290.00  0.2953252E-02   0.3051451E-03   0.3258397E-02
     9310.00  0.2930960E-02   0.3049322E-03   0.3235892E-02
     9330.00  0.2911796E-02   0.3047202E-03   0.3216516E-02
     9350.00  0.2892458E-02   0.3045093E-03   0.3196967E-02
     9370.00  0.2870972E-02   0.3042993E-03   0.3175271E-02
     9390.00  0.2845563E-02   0.3040903E-03   0.3149653E-02
     9410.00  0.2809312E-02   0.3038820E-03   0.3113194E-02
     9430.00  0.2799030E-02   0.3036748E-03   0.3102705E-02
     9450.00  0.2776256E-02   0.3034684E-03   0.3079724E-02
     9470.00  0.2747019E-02   0.3032628E-03   0.3050282E-02
     9490.00  0.2730425E-02   0.3030581E-03   0.3033483E-02
     9510.00  0.2692412E-02   0.3028541E-03   0.2995266E-02
     9530.00  0.2631314E-02   0.3026509E-03   0.2933965E-02
     9550.00  0.2433706E-02   0.3024484E-03   0.2736154E-02
     9570.00  0.2615428E-02   0.3022467E-03   0.2917675E-02
     9590.00  0.2621935E-02   0.3020455E-03   0.2923981E-02
     9610.00  0.2602717E-02   0.3018452E-03   0.2904562E-02
     9630.00  0.2575394E-02   0.3016454E-03   0.2877039E-02
     9650.00  0.2571932E-02   0.3014463E-03   0.2873378E-02
     9670.00  0.2550182E-02   0.3012477E-03   0.2851430E-02
     9690.00  0.2532187E-02   0.3010499E-03   0.2833237E-02
     9710.00  0.2512468E-02   0.3008524E-03   0.2813320E-02
     9730.00  0.2497410E-02   0.3006555E-03   0.2798066E-02
     9750.00  0.2477322E-02   0.3004594E-03   0.2777781E-02
     9770.00  0.2460553E-02   0.3002636E-03   0.2760817E-02
     9790.00  0.2441532E-02   0.3000682E-03   0.2741600E-02
     9810.00  0.2422046E-02   0.2998733E-03   0.2721919E-02
     9830.00  0.2402873E-02   0.2996791E-03   0.2702552E-02
     9850.00  0.2383769E-02   0.2994851E-03   0.2683254E-02
     9870.00  0.2365310E-02   0.2992917E-03   0.2664602E-02
     9890.00  0.2345402E-02   0.2990986E-03   0.2644501E-02
     9910.00  0.2325490E-02   0.2989058E-03   0.2624396E-02
     9930.00  0.2313406E-02   0.2987135E-03   0.2612119E-02
     9950.00  0.2296182E-02   0.2985215E-03   0.2594704E-02
     9970.00  0.2280647E-02   0.2983300E-03   0.2578977E-02
     9990.00  0.2267178E-02   0.2981387E-03   0.2565317E-02
    10025.00  0.2205204E-02   0.2978047E-03   0.2503009E-02
    10075.00  0.2155230E-02   0.2973290E-03   0.2452559E-02
    10125.00  0.2186901E-02   0.2968550E-03   0.2483756E-02
    10175.00  0.2149224E-02   0.2963900E-03   0.2445614E-02
    10225.00  0.2098517E-02   0.2959275E-03   0.2394445E-02
    10275.00  0.2051563E-02   0.2954657E-03   0.2347029E-02
    10325.00  0.2006243E-02   0.2950046E-03   0.2301248E-02
    10375.00  0.1972719E-02   0.2945439E-03   0.2267263E-02
    10425.00  0.1939377E-02   0.2940834E-03   0.2233460E-02
    10475.00  0.1904469E-02   0.2936232E-03   0.2198092E-02
    10525.00  0.1870865E-02   0.2931630E-03   0.2164028E-02
    10575.00  0.1838797E-02   0.2927028E-03   0.2131500E-02
    10625.00  0.1806259E-02   0.2922423E-03   0.2098501E-02
    10675.00  0.1766393E-02   0.2917816E-03   0.2058175E-02
    10725.00  0.1744530E-02   0.2913206E-03   0.2035851E-02
    10775.00  0.1718732E-02   0.2908591E-03   0.2009591E-02
    10825.00  0.1684364E-02   0.2903971E-03   0.1974761E-02
    10875.00  0.1662808E-02   0.2899344E-03   0.1952742E-02
    10925.00  0.1561214E-02   0.2894711E-03   0.1850685E-02
    10975.00  0.1590250E-02   0.2890071E-03   0.1879257E-02
    11025.00  0.1573332E-02   0.2885422E-03   0.1861874E-02
    11075.00  0.1550415E-02   0.2880765E-03   0.1838492E-02
    11125.00  0.1523715E-02   0.2876099E-03   0.1811325E-02
    11175.00  0.1498582E-02   0.2532801E-03   0.1751862E-02
    11225.00  0.1473968E-02   0.2528147E-03   0.1726783E-02
    11275.00  0.1445548E-02   0.2523496E-03   0.1697898E-02
    11325.00  0.1422834E-02   0.2518848E-03   0.1674719E-02
    11375.00  0.1403117E-02   0.2514203E-03   0.1654537E-02
    11425.00  0.1379984E-02   0.2509559E-03   0.1630940E-02
    11475.00  0.1361112E-02   0.2504916E-03   0.1611604E-02
    11525.00  0.1343233E-02   0.2500273E-03   0.1593260E-02
    11575.00  0.1325296E-02   0.2495631E-03   0.1574859E-02
    11625.00  0.1304566E-02   0.2490990E-03   0.1553665E-02
    11675.00  0.1282721E-02   0.2486348E-03   0.1531356E-02
    11725.00  0.1262492E-02   0.2481706E-03   0.1510663E-02
    11775.00  0.1241667E-02   0.2477063E-03   0.1489373E-02
    11825.00  0.1226920E-02   0.2472419E-03   0.1474162E-02
    11875.00  0.1208056E-02   0.2467773E-03   0.1454833E-02
    11925.00  0.1190634E-02   0.2463126E-03   0.1436947E-02
    11975.00  0.1165562E-02   0.2458477E-03   0.1411410E-02
    12025.00  0.1148222E-02   0.2453826E-03   0.1393605E-02
    12075.00  0.1127676E-02   0.2449173E-03   0.1372593E-02
    12125.00  0.1109060E-02   0.2444518E-03   0.1353512E-02
    12175.00  0.1091915E-02   0.2439861E-03   0.1335901E-02
    12225.00  0.1075004E-02   0.2435200E-03   0.1318524E-02
    12275.00  0.1058562E-02   0.2430538E-03   0.1301616E-02
    12325.00  0.1042661E-02   0.2425873E-03   0.1285248E-02
    12375.00  0.1027119E-02   0.2421204E-03   0.1269239E-02
    12425.00  0.1012250E-02   0.2416534E-03   0.1253903E-02
    12475.00  0.9962988E-03   0.2411860E-03   0.1237485E-02
    12525.00  0.9814892E-03   0.2404779E-03   0.1221967E-02
    12575.00  0.9669756E-03   0.2400116E-03   0.1206987E-02
    12625.00  0.9534029E-03   0.2395449E-03   0.1192948E-02
    12675.00  0.9403274E-03   0.2390780E-03   0.1179405E-02
    12725.00  0.9273548E-03   0.2386108E-03   0.1165966E-02
    12775.00  0.9079267E-03   0.2381433E-03   0.1146070E-02
    12825.00  0.8617627E-03   0.2376755E-03   0.1099438E-02
    12875.00  0.8858596E-03   0.2372075E-03   0.1123067E-02
    12925.00  0.8747255E-03   0.2367392E-03   0.1111465E-02
    12975.00  0.8601977E-03   0.2362707E-03   0.1096468E-02
    13025.00  0.8495968E-03   0.2358018E-03   0.1085399E-02
    13075.00  0.8375155E-03   0.2353303E-03   0.1072846E-02
    13125.00  0.8253121E-03   0.2348581E-03   0.1060170E-02
    13175.00  0.8130104E-03   0.2343857E-03   0.1047396E-02
    13225.00  0.8021398E-03   0.2339130E-03   0.1036053E-02
    13275.00  0.7908129E-03   0.2334399E-03   0.1024253E-02
    13325.00  0.7799649E-03   0.2329666E-03   0.1012931E-02
    13375.00  0.7692200E-03   0.2324930E-03   0.1001713E-02
    13425.00  0.7586129E-03   0.2320191E-03   0.9906320E-03
    13475.00  0.7487098E-03   0.2315451E-03   0.9802549E-03
    13525.00  0.7386058E-03   0.2310707E-03   0.9696765E-03
    13575.00  0.7285363E-03   0.2305962E-03   0.9591325E-03
    13625.00  0.7186126E-03   0.2300188E-03   0.9486314E-03
    13675.00  0.7087272E-03   0.2295443E-03   0.9382715E-03
    13725.00  0.6987568E-03   0.2290695E-03   0.9278263E-03
    13775.00  0.6907273E-03   0.2285947E-03   0.9193220E-03
    13825.00  0.6827185E-03   0.2281196E-03   0.9108381E-03
    13875.00  0.6739925E-03   0.2276445E-03   0.9016370E-03
    13925.00  0.6645468E-03   0.2271692E-03   0.8917160E-03
    13975.00  0.6555003E-03   0.2266938E-03   0.8821941E-03
    14025.00  0.6461272E-03   0.2262184E-03   0.8723456E-03
    14075.00  0.6368700E-03   0.2257429E-03   0.8626129E-03
    14125.00  0.6272420E-03   0.2237331E-03   0.8509751E-03
    14175.00  0.6189374E-03   0.2232641E-03   0.8422015E-03
    14225.00  0.6110267E-03   0.2227950E-03   0.8338217E-03
    14275.00  0.6034881E-03   0.2223259E-03   0.8258140E-03
    14325.00  0.5958439E-03   0.2218568E-03   0.8177007E-03
    14375.00  0.5880002E-03   0.2213878E-03   0.8093880E-03
    14425.00  0.5790058E-03   0.2209187E-03   0.7999245E-03
    14475.00  0.5722813E-03   0.2204496E-03   0.7927309E-03
    14525.00  0.5644162E-03   0.2199807E-03   0.7843969E-03
    14570.00  0.5586825E-03   0.2195586E-03   0.7782411E-03
    14620.00  0.5540978E-03   0.1368362E-03   0.6909340E-03
    14675.00  0.5472761E-03   0.1364792E-03   0.6837553E-03
    14725.00  0.5407926E-03   0.1357361E-03   0.6765287E-03
    14775.00  0.5339897E-03   0.1354147E-03   0.6694044E-03
    14825.00  0.5268738E-03   0.1350943E-03   0.6619681E-03
    14875.00  0.5189512E-03   0.1347748E-03   0.6537260E-03
    14925.00  0.5116152E-03   0.1344562E-03   0.6460714E-03
    14975.00  0.5042946E-03   0.1341384E-03   0.6384330E-03
    15025.00  0.4962872E-03   0.1338215E-03   0.6301087E-03
    15075.00  0.4896693E-03   0.1335056E-03   0.6231749E-03
    15125.00  0.4838218E-03   0.1331904E-03   0.6170122E-03
    15175.00  0.4783409E-03   0.1328762E-03   0.6112171E-03
    15225.00  0.4750240E-03   0.1325629E-03   0.6075869E-03
    15275.00  0.4649129E-03   0.1322505E-03   0.5971634E-03
    15325.00  0.4601829E-03   0.1319389E-03   0.5921218E-03
    15375.00  0.4583223E-03   0.1316282E-03   0.5899505E-03
    15425.00  0.4472768E-03   0.1313184E-03   0.5785952E-03
    15475.00  0.4483171E-03   0.1310093E-03   0.5793264E-03
    15525.00  0.4437382E-03   0.1307011E-03   0.5744393E-03
    15575.00  0.4296094E-03   0.1303936E-03   0.5600030E-03
    15625.00  0.4360301E-03   0.1300870E-03   0.5661171E-03
    15675.00  0.4260494E-03   0.1297812E-03   0.5558306E-03
    15725.00  0.4152138E-03   0.1294762E-03   0.5446900E-03
    15775.00  0.4206856E-03   0.1291719E-03   0.5498575E-03
    15825.00  0.4154068E-03   0.1288685E-03   0.5442753E-03
    15875.00  0.3962725E-03   0.1285658E-03   0.5248383E-03
    15925.00  0.4037775E-03   0.1282640E-03   0.5320415E-03
    15975.00  0.4017609E-03   0.1279629E-03   0.5297238E-03
    16050.00  0.3931917E-03   0.1275127E-03   0.5207044E-03
    16150.00  0.3780921E-03   0.1269152E-03   0.5050073E-03
    16250.00  0.3771625E-03   0.1263208E-03   0.5034833E-03
    16350.00  0.3665700E-03   0.1257295E-03   0.4922995E-03
    16450.00  0.3524416E-03   0.1251411E-03   0.4775827E-03
    16550.00  0.3516834E-03   0.1245558E-03   0.4762392E-03
    16650.00  0.3437301E-03   0.1239735E-03   0.4677036E-03
    16750.00  0.3341527E-03   0.1233942E-03   0.4575469E-03
    16850.00  0.3217702E-03   0.1228179E-03   0.4445881E-03
    16950.00  0.3214948E-03   0.1222445E-03   0.4437393E-03
    17050.00  0.3136624E-03   0.1216741E-03   0.4353365E-03
    17150.00  0.3087525E-03   0.1211066E-03   0.4298591E-03
    17250.00  0.3034607E-03   0.1205420E-03   0.4240027E-03
    17350.00  0.2893452E-03   0.1199804E-03   0.4093256E-03
    17450.00  0.2890402E-03   0.1194216E-03   0.4084618E-03
    17550.00  0.2823131E-03   0.1188658E-03   0.4011789E-03
    17650.00  0.2755627E-03   0.1183128E-03   0.3938755E-03
    17750.00  0.2695645E-03   0.1177628E-03   0.3873273E-03
    17850.00  0.2640187E-03   0.1172155E-03   0.3812342E-03
    17950.00  0.2587818E-03   0.1166712E-03   0.3754530E-03
    18050.00  0.2528914E-03   0.1161297E-03   0.3690211E-03
    18150.00  0.2416708E-03   0.1155910E-03   0.3572618E-03
    18250.00  0.2412891E-03   0.1150554E-03   0.3563445E-03
    18350.00  0.2375103E-03   0.1145244E-03   0.3520347E-03
    18450.00  0.2347725E-03   0.1139960E-03   0.3487685E-03
    18550.00  0.2335098E-03   0.1076030E-03   0.3411128E-03
    18650.00  0.2300879E-03   0.1071054E-03   0.3371933E-03
    18750.00  0.2196147E-03   0.1066104E-03   0.3262251E-03
    18850.00  0.2177826E-03   0.1061181E-03   0.3239007E-03
    18950.00  0.2111077E-03   0.1056283E-03   0.3167360E-03
    19050.00  0.2058421E-03   0.1051411E-03   0.3109832E-03
    19150.00  0.2017444E-03   0.1046566E-03   0.3064010E-03
    19250.00  0.1976843E-03   0.1041746E-03   0.3018589E-03
    19350.00  0.1935809E-03   0.1036952E-03   0.2972761E-03
    19450.00  0.1848558E-03   0.1032184E-03   0.2880742E-03
    19550.00  0.1860090E-03   0.1027442E-03   0.2887532E-03
    19650.00  0.1826413E-03   0.1022726E-03   0.2849139E-03
    19750.00  0.1790466E-03   0.1018035E-03   0.2808501E-03
    19850.00  0.1756759E-03   0.1013369E-03   0.2770128E-03
    19950.00  0.1724394E-03   0.1008729E-03   0.2733123E-03
    20050.00  0.1692283E-03   0.1004114E-03   0.2696397E-03
    20150.00  0.1660734E-03   0.9995251E-04   0.2660259E-03
    20250.00  0.1629092E-03   0.9946844E-04   0.2623776E-03
    20350.00  0.1598468E-03   0.9901473E-04   0.2588615E-03
    20450.00  0.1575240E-03   0.9856353E-04   0.2560875E-03
    20550.00  0.1563894E-03   0.9811483E-04   0.2545042E-03
    20650.00  0.1549269E-03   0.9766862E-04   0.2525955E-03
    20750.00  0.1522299E-03   0.9722490E-04   0.2494548E-03
    20850.00  0.1492585E-03   0.9678365E-04   0.2460421E-03
    20950.00  0.1457550E-03   0.9634487E-04   0.2420999E-03
    21050.00  0.1419644E-03   0.9590854E-04   0.2378729E-03
    21150.00  0.1383252E-03   0.9547467E-04   0.2337999E-03
    21250.00  0.1356482E-03   0.9504323E-04   0.2306914E-03
    21350.00  0.1331166E-03   0.9461423E-04   0.2277308E-03
    21450.00  0.1307347E-03   0.9418765E-04   0.2249223E-03
    21550.00  0.1284152E-03   0.9375071E-04   0.2221659E-03
    21650.00  0.1230435E-03   0.9332907E-04   0.2163726E-03
    21750.00  0.1241696E-03   0.9290982E-04   0.2170794E-03
    21850.00  0.1222488E-03   0.9249295E-04   0.2147418E-03
    21950.00  0.1200991E-03   0.9207845E-04   0.2121776E-03
    22050.00  0.1178058E-03   0.9166631E-04   0.2094721E-03
    22150.00  0.1155917E-03   0.9125653E-04   0.2068482E-03
    22250.00  0.1134953E-03   0.9063577E-04   0.2041311E-03
    22350.00  0.1115547E-03   0.9023248E-04   0.2017872E-03
    22450.00  0.1096904E-03   0.8983150E-04   0.1995219E-03
    22550.00  0.1079129E-03   0.8943281E-04   0.1973457E-03
    22650.00  0.1061338E-03   0.8903640E-04   0.1951702E-03
    22750.00  0.1043398E-03   0.8864225E-04   0.1929821E-03
    22850.00  0.1028443E-03   0.7065254E-04   0.1734968E-03
    22950.00  0.1015698E-03   0.7028103E-04   0.1718508E-03
    23050.00  0.9977240E-04   0.6997509E-04   0.1697475E-03
    23150.00  0.9798679E-04   0.6967099E-04   0.1676578E-03
    23250.00  0.9625680E-04   0.6936872E-04   0.1656255E-03
    23350.00  0.9459950E-04   0.6906827E-04   0.1636678E-03
    23450.00  0.9299436E-04   0.6876962E-04   0.1617640E-03
    23550.00  0.9133640E-04   0.6847277E-04   0.1598092E-03
    23650.00  0.8978705E-04   0.6817770E-04   0.1579647E-03
    23750.00  0.8828942E-04   0.6788439E-04   0.1561738E-03
    23850.00  0.8684323E-04   0.6759285E-04   0.1544361E-03
    23950.00  0.8594845E-04   0.6730306E-04   0.1532515E-03
    24050.00  0.8522920E-04   0.6701500E-04   0.1522442E-03
    24150.00  0.8394566E-04   0.6672866E-04   0.1506743E-03
    24250.00  0.8291385E-04   0.6644404E-04   0.1493579E-03
    24350.00  0.8110305E-04   0.6616112E-04   0.1472642E-03
    24450.00  0.7946172E-04   0.6587989E-04   0.1453416E-03
    24550.00  0.7828451E-04   0.6560034E-04   0.1438849E-03
    24650.00  0.7661940E-04   0.6532246E-04   0.1419419E-03
    24750.00  0.7527928E-04   0.6504624E-04   0.1403255E-03
    24850.00  0.7457791E-04   0.6477167E-04   0.1393496E-03
    24950.00  0.7240910E-04   0.6449873E-04   0.1369078E-03
    25050.00  0.7240579E-04   0.6422742E-04   0.1366332E-03
    25150.00  0.7120648E-04   0.6395772E-04   0.1351642E-03
    25250.00  0.6902262E-04   0.6368963E-04   0.1327122E-03
    25350.00  0.6908225E-04   0.6342313E-04   0.1325054E-03
    25450.00  0.6817712E-04   0.6315821E-04   0.1313353E-03
    25550.00  0.6704091E-04   0.6289487E-04   0.1299358E-03
    25650.00  0.6491430E-04   0.6263308E-04   0.1275474E-03
    25750.00  0.6509228E-04   0.6237285E-04   0.1274651E-03
    25850.00  0.6420375E-04   0.6211416E-04   0.1263179E-03
    25950.00  0.6330118E-04   0.6185701E-04   0.1251582E-03
    26050.00  0.6221164E-04   0.6160137E-04   0.1238130E-03
    26150.00  0.6023201E-04   0.6134725E-04   0.1215793E-03
    26250.00  0.5892093E-04   0.6109462E-04   0.1200156E-03
    26350.00  0.5958321E-04   0.6084349E-04   0.1204267E-03
    26450.00  0.5877262E-04   0.6059384E-04   0.1193665E-03
    26550.00  0.5784818E-04   0.6034566E-04   0.1181938E-03
    26650.00  0.5690051E-04   0.6009894E-04   0.1169994E-03
    26750.00  0.5492116E-04   0.5985367E-04   0.1147748E-03
    26850.00  0.5529802E-04   0.5960984E-04   0.1149079E-03
    26950.00  0.5463022E-04   0.5936745E-04   0.1139977E-03
    27050.00  0.5385857E-04   0.5912648E-04   0.1129850E-03
    27150.00  0.5309317E-04   0.5888692E-04   0.1119801E-03
    27250.00  0.5232585E-04   0.5864876E-04   0.1109746E-03
    27350.00  0.5158344E-04   0.5841200E-04   0.1099954E-03
    27450.00  0.5083841E-04   0.5817662E-04   0.1090150E-03
    27550.00  0.4907495E-04   0.5794262E-04   0.1070176E-03
    27650.00  0.4913402E-04   0.5626171E-04   0.1053957E-03
    27750.00  0.4872983E-04   0.5603668E-04   0.1047665E-03
    27850.00  0.4817340E-04   0.5581296E-04   0.1039864E-03
    27950.00  0.4771901E-04   0.5559054E-04   0.1033095E-03
    28050.00  0.4731180E-04   0.5536942E-04   0.1026812E-03
    28150.00  0.4674305E-04   0.5514959E-04   0.1018926E-03
    28250.00  0.4608962E-04   0.5493103E-04   0.1010206E-03
    28350.00  0.4536623E-04   0.5471374E-04   0.1000800E-03
    28450.00  0.4460914E-04   0.5449772E-04   0.9910686E-04
    28550.00  0.4388228E-04   0.5428294E-04   0.9816522E-04
    28650.00  0.4307737E-04   0.5406941E-04   0.9714678E-04
    28750.00  0.4156917E-04   0.5385712E-04   0.9542629E-04
    28850.00  0.4198057E-04   0.5364605E-04   0.9562662E-04
    28950.00  0.4143421E-04   0.5343620E-04   0.9487041E-04
    29050.00  0.4089088E-04   0.5322756E-04   0.9411844E-04
    29150.00  0.4032922E-04   0.5302012E-04   0.9334934E-04
    29250.00  0.3979114E-04   0.5281387E-04   0.9260501E-04
    29350.00  0.3926960E-04   0.5260881E-04   0.9187841E-04
    29450.00  0.3874793E-04   0.5240493E-04   0.9115286E-04
    29550.00  0.3823744E-04   0.5220221E-04   0.9043965E-04
    29650.00  0.3772779E-04   0.5200066E-04   0.8972845E-04
    29750.00  0.3723005E-04   0.5179502E-04   0.8902507E-04
    29850.00  0.3674838E-04   0.5159579E-04   0.8834417E-04
    29950.00  0.3627591E-04   0.5139769E-04   0.8767360E-04
    30050.00  0.3581518E-04   0.5120073E-04   0.8701591E-04
    30150.00  0.3535403E-04   0.5100488E-04   0.8635891E-04
    30250.00  0.3489218E-04   0.5081015E-04   0.8570233E-04
    30350.00  0.3379696E-04   0.5061653E-04   0.8441349E-04
    30450.00  0.3392564E-04   0.5042401E-04   0.8434965E-04
    30550.00  0.3418517E-04   0.5023257E-04   0.8441774E-04
    30650.00  0.3428897E-04   0.5004222E-04   0.8433119E-04
    30750.00  0.3409587E-04   0.4985295E-04   0.8394882E-04
    30850.00  0.3374511E-04   0.4966475E-04   0.8340986E-04
    30950.00  0.3327223E-04   0.4947761E-04   0.8274984E-04
    31050.00  0.3265357E-04   0.4929152E-04   0.8194509E-04
    31150.00  0.3194944E-04   0.4910648E-04   0.8105592E-04
    31250.00  0.3127623E-04   0.4892248E-04   0.8019871E-04
    31350.00  0.3069280E-04   0.4873693E-04   0.7942973E-04
    31450.00  0.3019629E-04   0.4855498E-04   0.7875127E-04
    31550.00  0.2975141E-04   0.4837404E-04   0.7812545E-04
    31650.00  0.2933889E-04   0.4819412E-04   0.7753301E-04
    31750.00  0.2895170E-04   0.4801520E-04   0.7696690E-04
    31850.00  0.2859603E-04   0.4783728E-04   0.7643331E-04
    31950.00  0.2824335E-04   0.4766035E-04   0.7590370E-04
    32100.00  0.2772599E-04   0.4735354E-04   0.7507953E-04
    32300.00  0.2709573E-04   0.4700620E-04   0.7410193E-04
    32500.00  0.2673205E-04   0.4666270E-04   0.7339475E-04
    32700.00  0.2619796E-04   0.4632298E-04   0.7252094E-04
    32900.00  0.2519462E-04   0.4101649E-04   0.6621111E-04
    33100.00  0.2484929E-04   0.4071074E-04   0.6556003E-04
    33300.00  0.2417826E-04   0.4042156E-04   0.6459982E-04
    33500.00  0.2355262E-04   0.4013552E-04   0.6368814E-04
    33700.00  0.2300010E-04   0.3985260E-04   0.6285270E-04
    33900.00  0.2246396E-04   0.3957273E-04   0.6203669E-04
    34100.00  0.2193956E-04   0.3929589E-04   0.6123545E-04
    34300.00  0.2145510E-04   0.3902204E-04   0.6047714E-04
    34500.00  0.2098343E-04   0.3875112E-04   0.5973455E-04
    34700.00  0.2052006E-04   0.3848310E-04   0.5900316E-04
    34900.00  0.2005198E-04   0.3821795E-04   0.5826993E-04
    35100.00  0.1961836E-04   0.3795562E-04   0.5757398E-04
    35300.00  0.1920523E-04   0.3769607E-04   0.5690130E-04
    35500.00  0.1876854E-04   0.3743928E-04   0.5620782E-04
    35700.00  0.1833410E-04   0.3718519E-04   0.5551929E-04
    35900.00  0.1798683E-04   0.3693378E-04   0.5492061E-04
    36100.00  0.1752021E-04   0.3668501E-04   0.5420522E-04
    36300.00  0.1721659E-04   0.3643884E-04   0.5365543E-04
    36500.00  0.1676060E-04   0.3619524E-04   0.5295584E-04
    36700.00  0.1650867E-04   0.3595417E-04   0.5246284E-04
    36900.00  0.1605909E-04   0.3571561E-04   0.5177470E-04
    37100.00  0.1582906E-04   0.3547951E-04   0.5130857E-04
    37300.00  0.1542130E-04   0.3524585E-04   0.5066715E-04
    37500.00  0.1493763E-04   0.3501460E-04   0.4995223E-04
    37700.00  0.1487220E-04   0.3478571E-04   0.4965791E-04
    37900.00  0.1457162E-04   0.3455916E-04   0.4913078E-04
    38100.00  0.1420217E-04   0.3433493E-04   0.4853710E-04
    38300.00  0.1398211E-04   0.3411297E-04   0.4809508E-04
    38500.00  0.1375699E-04   0.3389326E-04   0.4765025E-04
    38700.00  0.1347086E-04   0.3322614E-04   0.4669700E-04
    38900.00  0.1317713E-04   0.3301415E-04   0.4619128E-04
    39100.00  0.1277820E-04   0.3280429E-04   0.4558249E-04
    39300.00  0.1265169E-04   0.3259653E-04   0.4524822E-04
    39500.00  0.1240009E-04   0.3239085E-04   0.4479094E-04
    39700.00  0.1216421E-04   0.3218721E-04   0.4435142E-04
    39900.00  0.1195548E-04   0.3198559E-04   0.4394107E-04
    40100.00  0.1175697E-04   0.3178596E-04   0.4354293E-04
    40300.00  0.1154323E-04   0.3158831E-04   0.4313154E-04
    40500.00  0.1128541E-04   0.3139260E-04   0.4267801E-04
    40700.00  0.1117353E-04   0.3119881E-04   0.4237234E-04
    40900.00  0.1090864E-04   0.3100691E-04   0.4191555E-04
    41100.00  0.1066829E-04   0.3081571E-04   0.4148400E-04
    41300.00  0.1044618E-04   0.3062755E-04   0.4107373E-04
    41500.00  0.1025124E-04   0.3044121E-04   0.4069245E-04
    41700.00  0.9945858E-05   0.3025667E-04   0.4020253E-04
    41900.00  0.9908827E-05   0.3007391E-04   0.3998274E-04
    42100.00  0.9734837E-05   0.2989290E-04   0.3962774E-04
    42300.00  0.9549046E-05   0.2971363E-04   0.3926267E-04
    42500.00  0.9390274E-05   0.2953606E-04   0.3892634E-04
    42700.00  0.9323091E-05   0.2936019E-04   0.3868328E-04
    42900.00  0.9170199E-05   0.2918599E-04   0.3835618E-04
    43100.00  0.8973589E-05   0.2901271E-04   0.3798630E-04
    43300.00  0.8773849E-05   0.2884177E-04   0.3761562E-04
    43500.00  0.8572116E-05   0.2867245E-04   0.3724456E-04
    43700.00  0.8284818E-05   0.2850470E-04   0.3678952E-04
    43900.00  0.8211027E-05   0.2832729E-04   0.3653831E-04
    44100.00  0.8076501E-05   0.2816278E-04   0.3623928E-04
    44300.00  0.7930008E-05   0.2799981E-04   0.3592981E-04
    44500.00  0.7787144E-05   0.2783834E-04   0.3562548E-04
    44700.00  0.7661838E-05   0.2729309E-04   0.3495493E-04
    44900.00  0.7529163E-05   0.2582185E-04   0.3335101E-04
    45100.00  0.7397755E-05   0.2567615E-04   0.3307390E-04
    45300.00  0.7271317E-05   0.2553178E-04   0.3280310E-04
    45500.00  0.7145941E-05   0.2538872E-04   0.3253466E-04
    45700.00  0.7025769E-05   0.2524696E-04   0.3227273E-04
    45900.00  0.6912807E-05   0.2510648E-04   0.3201929E-04
    46100.00  0.6807935E-05   0.2496727E-04   0.3177520E-04
    46300.00  0.6702159E-05   0.2482930E-04   0.3153146E-04
    46500.00  0.6508792E-05   0.2469257E-04   0.3120137E-04
    46700.00  0.6377390E-05   0.2455707E-04   0.3093446E-04
    46900.00  0.6397605E-05   0.2442277E-04   0.3082037E-04
    47100.00  0.6407055E-05   0.2428966E-04   0.3069672E-04
    47300.00  0.6434759E-05   0.2415773E-04   0.3059249E-04
    47500.00  0.6339630E-05   0.2402697E-04   0.3036660E-04
    47700.00  0.6206732E-05   0.2389735E-04   0.3010409E-04
    47900.00  0.6033846E-05   0.2376888E-04   0.2980272E-04
    48100.00  0.5853368E-05   0.2364153E-04   0.2949489E-04
    48300.00  0.5704483E-05   0.2351529E-04   0.2921977E-04
    48500.00  0.5588127E-05   0.2339014E-04   0.2897827E-04
    48700.00  0.5492053E-05   0.2326609E-04   0.2875814E-04
    48900.00  0.5404623E-05   0.2314310E-04   0.2854773E-04
    49100.00  0.5320943E-05   0.2302118E-04   0.2834212E-04
    49300.00  0.5236739E-05   0.2290031E-04   0.2813704E-04
    49500.00  0.5155178E-05   0.2278047E-04   0.2793565E-04
    49700.00  0.5076934E-05   0.2266165E-04   0.2773859E-04
    49900.00  0.4994940E-05   0.2254385E-04   0.2753879E-04
    50100.00  0.4923389E-05   0.2242705E-04   0.2735044E-04
    50300.00  0.4860206E-05   0.2231124E-04   0.2717145E-04
    50500.00  0.4798189E-05   0.2219641E-04   0.2699460E-04
    50700.00  0.4738700E-05   0.2208255E-04   0.2682125E-04
    50900.00  0.4681400E-05   0.2196964E-04   0.2665104E-04
    51100.00  0.4621550E-05   0.2185768E-04   0.2647923E-04
    51300.00  0.4496377E-05   0.2174666E-04   0.2624303E-04
    51500.00  0.4512587E-05   0.2147113E-04   0.2598372E-04
    51700.00  0.4462177E-05   0.2136295E-04   0.2582513E-04
    51900.00  0.4411494E-05   0.2125567E-04   0.2566716E-04
    52100.00  0.4360625E-05   0.2114927E-04   0.2550990E-04
    52300.00  0.4309913E-05   0.2104375E-04   0.2535366E-04
    52500.00  0.4258807E-05   0.2093909E-04   0.2519790E-04
    52700.00  0.4207947E-05   0.2083530E-04   0.2504324E-04
    52900.00  0.4157571E-05   0.2073234E-04   0.2488992E-04
    53100.00  0.4108733E-05   0.2063023E-04   0.2473896E-04
    53300.00  0.4061061E-05   0.2052895E-04   0.2459001E-04
    53500.00  0.4014770E-05   0.2042848E-04   0.2444325E-04
    53700.00  0.3969951E-05   0.2032883E-04   0.2429878E-04
    53900.00  0.3926446E-05   0.2022998E-04   0.2415642E-04
    54100.00  0.3884716E-05   0.2013192E-04   0.2401663E-04
    54300.00  0.3842931E-05   0.2003419E-04   0.2387712E-04
    54500.00  0.3804380E-05   0.1993771E-04   0.2374209E-04
    54700.00  0.3787770E-05   0.1984199E-04   0.2362976E-04
    54900.00  0.3780591E-05   0.1974703E-04   0.2352762E-04
    55100.00  0.3747160E-05   0.1965282E-04   0.2339998E-04
    55300.00  0.3715101E-05   0.1955935E-04   0.2327445E-04
    55500.00  0.3680634E-05   0.1946662E-04   0.2314726E-04
    55700.00  0.3637138E-05   0.1937462E-04   0.2301176E-04
    55900.00  0.3584982E-05   0.1928334E-04   0.2286832E-04
    56100.00  0.3529160E-05   0.1919277E-04   0.2272193E-04
    56300.00  0.3474347E-05   0.1910291E-04   0.2257726E-04
    56500.00  0.3425579E-05   0.1901351E-04   0.2243909E-04
    56700.00  0.3383036E-05   0.1892500E-04   0.2230804E-04
    56900.00  0.3345811E-05   0.1883718E-04   0.2218299E-04
    57100.00  0.3315507E-05   0.1875004E-04   0.2206555E-04
    57300.00  0.3286819E-05   0.1866356E-04   0.2195038E-04
    57500.00  0.3253368E-05   0.1857428E-04   0.2182765E-04
    57700.00  0.3219280E-05   0.1848920E-04   0.2170848E-04
    57900.00  0.3186942E-05   0.1840476E-04   0.2159170E-04
    58100.00  0.3154363E-05   0.1832096E-04   0.2147532E-04
    58300.00  0.3121260E-05   0.1823780E-04   0.2135906E-04
    58500.00  0.3093762E-05   0.1748266E-04   0.2057642E-04
    58700.00  0.3066183E-05   0.1740339E-04   0.2046957E-04
    58900.00  0.3036663E-05   0.1732579E-04   0.2036245E-04
    59100.00  0.2968854E-05   0.1724876E-04   0.2021762E-04
    59300.00  0.2981804E-05   0.1717232E-04   0.2015412E-04
    59500.00  0.2951271E-05   0.1709644E-04   0.2004771E-04
    59700.00  0.2919140E-05   0.1702112E-04   0.1994026E-04
    59900.00  0.2888390E-05   0.1694636E-04   0.1983475E-04
    60100.00  0.2858313E-05   0.1687215E-04   0.1973046E-04
    60300.00  0.2829332E-05   0.1679848E-04   0.1962781E-04
    60500.00  0.2801696E-05   0.1672535E-04   0.1952705E-04
    60700.00  0.2774926E-05   0.1665276E-04   0.1942769E-04
    60900.00  0.2748901E-05   0.1658070E-04   0.1932960E-04
    61100.00  0.2723293E-05   0.1650916E-04   0.1923245E-04
    61300.00  0.2698342E-05   0.1643813E-04   0.1913648E-04
    61500.00  0.2673531E-05   0.1636763E-04   0.1904116E-04
    61700.00  0.2649389E-05   0.1629763E-04   0.1894702E-04
    61900.00  0.2625614E-05   0.1622813E-04   0.1885375E-04
    62100.00  0.2602441E-05   0.1615913E-04   0.1876157E-04
    62300.00  0.2579308E-05   0.1609063E-04   0.1866994E-04
    62500.00  0.2556221E-05   0.1602261E-04   0.1857884E-04
    62700.00  0.2533591E-05   0.1595508E-04   0.1848867E-04
    62900.00  0.2511250E-05   0.1588803E-04   0.1839928E-04
    63100.00  0.2488411E-05   0.1582146E-04   0.1830987E-04
    63300.00  0.2466312E-05   0.1575535E-04   0.1822166E-04
    63500.00  0.2444211E-05   0.1568971E-04   0.1813392E-04
    63700.00  0.2422600E-05   0.1562453E-04   0.1804713E-04
    63900.00  0.2401338E-05   0.1555980E-04   0.1796114E-04
    64200.00  0.2370464E-05   0.1546357E-04   0.1783403E-04
    64600.00  0.2331562E-05   0.1533681E-04   0.1766837E-04
    65000.00  0.2294031E-05   0.1521180E-04   0.1750583E-04
    65400.00  0.2255207E-05   0.1508851E-04   0.1734372E-04
    65800.00  0.2215843E-05   0.1496690E-04   0.1718275E-04
    66200.00  0.2178545E-05   0.1477806E-04   0.1695660E-04
    66600.00  0.2142594E-05   0.1466042E-04   0.1680301E-04
    67000.00  0.2107453E-05   0.1454436E-04   0.1665181E-04
    67400.00  0.2073180E-05   0.1442986E-04   0.1650304E-04
    67800.00  0.2039887E-05   0.1431688E-04   0.1635677E-04
    68200.00  0.2006546E-05   0.1420540E-04   0.1621195E-04
    68600.00  0.2009694E-05   0.1409539E-04   0.1610509E-04
    69000.00  0.2040858E-05   0.1398683E-04   0.1602769E-04
    69400.00  0.2013272E-05   0.1387962E-04   0.1589289E-04
    69800.00  0.1950292E-05   0.1377386E-04   0.1572416E-04
    70200.00  0.1883032E-05   0.1366948E-04   0.1555251E-04
    70600.00  0.1833897E-05   0.1356644E-04   0.1540033E-04
    71000.00  0.1800807E-05   0.1346472E-04   0.1526552E-04
    71400.00  0.1775792E-05   0.1336429E-04   0.1514009E-04
    71800.00  0.1751623E-05   0.1326510E-04   0.1501672E-04
    72200.00  0.1724556E-05   0.1316720E-04   0.1489176E-04
    72600.00  0.1695613E-05   0.1307053E-04   0.1476615E-04
    73000.00  0.1667621E-05   0.1297385E-04   0.1464147E-04
    73400.00  0.1643638E-05   0.1287959E-04   0.1452323E-04
    73800.00  0.1628289E-05   0.1278650E-04   0.1441479E-04
    74200.00  0.1614077E-05   0.1239915E-04   0.1401323E-04
    74600.00  0.1592442E-05   0.1231103E-04   0.1390348E-04
    75000.00  0.1556732E-05   0.1222399E-04   0.1378072E-04
    75400.00  0.1533539E-05   0.1213801E-04   0.1367155E-04
    75800.00  0.1505868E-05   0.1205306E-04   0.1355893E-04
    76200.00  0.1481900E-05   0.1196914E-04   0.1345104E-04
    76600.00  0.1460111E-05   0.1188622E-04   0.1334633E-04
    77000.00  0.1438997E-05   0.1180428E-04   0.1324328E-04
    77400.00  0.1418324E-05   0.1172332E-04   0.1314165E-04
    77800.00  0.1398133E-05   0.1164332E-04   0.1304145E-04
    78200.00  0.1378705E-05   0.1156425E-04   0.1294296E-04
    78600.00  0.1359142E-05   0.1148611E-04   0.1284525E-04
    79000.00  0.1339743E-05   0.1140888E-04   0.1274862E-04
    79400.00  0.1321414E-05   0.1133255E-04   0.1265396E-04
    79800.00  0.1304157E-05   0.1125709E-04   0.1256125E-04
    80200.00  0.1286771E-05   0.1118251E-04   0.1246928E-04
    80600.00  0.1268648E-05   0.1110878E-04   0.1237742E-04
    81000.00  0.1250126E-05   0.1103588E-04   0.1228601E-04
    81400.00  0.1232922E-05   0.1096382E-04   0.1219674E-04
    81800.00  0.1216557E-05   0.1089256E-04   0.1210912E-04
    82200.00  0.1198938E-05   0.1082211E-04   0.1202105E-04
    82600.00  0.1181492E-05   0.1072067E-04   0.1190216E-04
    83000.00  0.1164431E-05   0.1065204E-04   0.1181648E-04
    83400.00  0.1147912E-05   0.1058419E-04   0.1173210E-04
    83800.00  0.1131802E-05   0.1051708E-04   0.1164888E-04
    84200.00  0.1115903E-05   0.1045071E-04   0.1156661E-04
    84600.00  0.1100182E-05   0.1038506E-04   0.1148524E-04
    85000.00  0.1084804E-05   0.1032013E-04   0.1140494E-04
    85400.00  0.1073712E-05   0.1025591E-04   0.1132962E-04
    85800.00  0.1065391E-05   0.1019238E-04   0.1125777E-04
    86200.00  0.1048475E-05   0.1012949E-04   0.1117797E-04
    86600.00  0.1031810E-05   0.1006732E-04   0.1109913E-04
    87000.00  0.1013682E-05   0.1000582E-04   0.1101950E-04
    87400.00  0.9965704E-06   0.9944963E-05   0.1094153E-04
    87800.00  0.9827891E-06   0.9884756E-05   0.1086754E-04
    88200.00  0.9689228E-06   0.9825183E-05   0.1079411E-04
    88600.00  0.9551871E-06   0.9766236E-05   0.1072142E-04
    89000.00  0.9416871E-06   0.9707863E-05   0.1064955E-04
    89400.00  0.9282906E-06   0.9650149E-05   0.1057844E-04
    89800.00  0.9153205E-06   0.9593033E-05   0.1050835E-04
    90200.00  0.9031544E-06   0.9535982E-05   0.1043914E-04
    90600.00  0.8912759E-06   0.9480024E-05   0.1037130E-04
    91000.00  0.8784478E-06   0.9424640E-05   0.1030309E-04
    91400.00  0.8652325E-06   0.9227833E-05   0.1009307E-04
    91800.00  0.8522104E-06   0.9174503E-05   0.1002671E-04
    92200.00  0.8396948E-06   0.9121882E-05   0.9961577E-05
    92600.00  0.8272656E-06   0.9069791E-05   0.9897057E-05
    93000.00  0.8149045E-06   0.9018222E-05   0.9833127E-05
    93400.00  0.8024486E-06   0.8967168E-05   0.9769617E-05
    93800.00  0.7902755E-06   0.8916622E-05   0.9706897E-05
    94200.00  0.7782958E-06   0.8866576E-05   0.9644872E-05
    94600.00  0.7663042E-06   0.8817023E-05   0.9583328E-05
    95000.00  0.7545746E-06   0.8767958E-05   0.9522533E-05
    95400.00  0.7433758E-06   0.8719373E-05   0.9462749E-05
    95800.00  0.7375821E-06   0.8671262E-05   0.9408844E-05
    96200.00  0.7365760E-06   0.8623618E-05   0.9360194E-05
    96600.00  0.7317581E-06   0.8576435E-05   0.9308193E-05
    97000.00  0.7198339E-06   0.8529706E-05   0.9249540E-05
    97400.00  0.7037363E-06   0.8483426E-05   0.9187163E-05
    97800.00  0.6859587E-06   0.8437589E-05   0.9123548E-05
    98200.00  0.6694504E-06   0.8392189E-05   0.9061639E-05
    98600.00  0.6556281E-06   0.8347220E-05   0.9002848E-05
    99000.00  0.6437050E-06   0.8302676E-05   0.8946381E-05
    99400.00  0.6326871E-06   0.8258551E-05   0.8891238E-05
    99800.00  0.6219932E-06   0.8214841E-05   0.8836834E-05
   100200.00  0.6114695E-06   0.2228905E-05   0.2840375E-05
   200000.00  0.3332244E-07   0.5594575E-06   0.5927799E-06
   400000.00  0.2614038E-08   0.1398644E-06   0.1424784E-06
   600000.00  0.3711653E-09   0.6216194E-07   0.6253311E-07
   800000.00  0.1526774E-09   0.3496609E-07   0.3511877E-07
  1000000.00  0.8161182E-10   0.2237830E-07   0.2245991E-07
  1200000.00  0.6538597E-10   0.1554048E-07   0.1560587E-07
  1400000.00  0.5578885E-10   0.1141750E-07   0.1147329E-07
  1600000.00  0.4873772E-10   0.8741523E-08   0.8790261E-08
