       91.00  0.2745438E-11   0.0000000E+00   0.2745438E-11
       94.00  0.4867160E-10   0.0000000E+00   0.4867160E-10
       96.00  0.6619437E-10   0.0000000E+00   0.6619437E-10
       98.00  0.8254170E-10   0.0000000E+00   0.8254170E-10
      100.00  0.1032135E-09   0.0000000E+00   0.1032135E-09
      102.00  0.1310883E-09   0.0000000E+00   0.1310883E-09
      104.00  0.1602204E-09   0.0000000E+00   0.1602204E-09
      106.00  0.1963569E-09   0.0000000E+00   0.1963569E-09
      108.00  0.2395364E-09   0.0000000E+00   0.2395364E-09
      110.00  0.3176415E-09   0.0000000E+00   0.3176415E-09
      114.00  0.4221877E-09   0.0000000E+00   0.4221877E-09
      118.00  0.5345438E-09   0.0000000E+00   0.5345438E-09
      121.00  0.1236098E-08   0.0000000E+00   0.1236098E-08
      125.00  0.1639647E-08   0.0000000E+00   0.1639647E-08
      127.00  0.1754172E-08   0.0000000E+00   0.1754172E-08
      128.00  0.1989478E-08   0.0000000E+00   0.1989478E-08
      131.00  0.1990211E-08   0.0000000E+00   0.1990211E-08
      132.00  0.2712430E-08   0.0000000E+00   0.2712430E-08
      134.00  0.2724867E-08   0.0000000E+00   0.2724867E-08
      137.00  0.2845599E-08   0.0000000E+00   0.2845599E-08
      140.00  0.3469922E-08   0.0000000E+00   0.3469922E-08
      143.00  0.7529403E-08   0.0000000E+00   0.7529403E-08
      147.00  0.1912609E-07   0.0000000E+00   0.1912609E-07
      151.00  0.2176150E-07   0.0000000E+00   0.2176150E-07
      155.00  0.2157469E-07   0.0000000E+00   0.2157469E-07
      159.00  0.2516299E-07   0.0000000E+00   0.2516299E-07
      162.00  0.2849269E-07   0.0000000E+00   0.2849269E-07
      166.00  0.2813587E-07   0.0000000E+00   0.2813587E-07
      170.00  0.2727440E-07   0.0000000E+00   0.2727440E-07
      173.00  0.3127693E-07   0.0000000E+00   0.3127693E-07
      177.00  0.2679093E-07   0.0000000E+00   0.2679093E-07
      180.00  0.3180247E-07   0.0000000E+00   0.3180247E-07
      182.00  0.2972252E-07   0.0000000E+00   0.2972252E-07
      186.00  0.3030498E-07   0.0000000E+00   0.3030498E-07
      191.00  0.3222294E-07   0.0000000E+00   0.3222294E-07
      194.00  0.3499017E-07   0.0000000E+00   0.3499017E-07
      198.00  0.3663478E-07   0.0000000E+00   0.3663478E-07
      202.00  0.3984336E-07   0.0000000E+00   0.3984336E-07
      205.00  0.3868646E-07   0.0000000E+00   0.3868646E-07
      210.00  0.4002639E-07   0.0000000E+00   0.4002639E-07
      216.00  0.3932417E-07   0.0000000E+00   0.3932417E-07
      220.00  0.4212062E-07   0.0000000E+00   0.4212062E-07
      223.00  0.4281736E-07   0.0000000E+00   0.4281736E-07
      227.00  0.4391618E-07   0.0000000E+00   0.4391618E-07
      228.00  0.4422121E-07   0.0000000E+00   0.4422121E-07
      228.00  0.1646943E-06   0.0000000E+00   0.1646943E-06
      230.00  0.7984016E-07   0.0000000E+00   0.7984016E-07
      234.00  0.2495484E-06   0.0000000E+00   0.2495484E-06
      240.00  0.4233445E-06   0.0000000E+00   0.4233445E-06
      246.00  0.4775748E-06   0.0000000E+00   0.4775748E-06
      252.00  0.6215421E-06   0.0000000E+00   0.6215421E-06
      257.00  0.4899427E-06   0.0000000E+00   0.4899427E-06
      260.00  0.6271696E-06   0.0000000E+00   0.6271696E-06
      264.00  0.6424885E-06   0.0000000E+00   0.6424885E-06
      269.00  0.6345004E-06   0.0000000E+00   0.6345004E-06
      274.00  0.6592349E-06   0.0000000E+00   0.6592349E-06
      279.00  0.5648177E-06   0.0000000E+00   0.5648177E-06
      284.00  0.5842170E-06   0.0000000E+00   0.5842170E-06
      290.00  0.5303755E-06   0.0000000E+00   0.5303755E-06
      296.00  0.5034200E-06   0.0000000E+00   0.5034200E-06
      301.00  0.4220601E-06   0.0000000E+00   0.4220601E-06
      308.00  0.4756045E-06   0.0000000E+00   0.4756045E-06
      318.00  0.5339410E-06   0.0000000E+00   0.5339410E-06
      328.00  0.5298511E-06   0.0000000E+00   0.5298511E-06
      338.00  0.4799671E-06   0.0000000E+00   0.4799671E-06
      348.00  0.4366258E-06   0.0000000E+00   0.4366258E-06
      353.30  0.4163077E-06   0.0000000E+00   0.4163077E-06
      353.30  0.4215514E-06   0.0000000E+00   0.4215514E-06
      357.00  0.4206656E-06   0.0000000E+00   0.4206656E-06
      366.00  0.4185110E-06   0.0000000E+00   0.4185110E-06
      375.00  0.4120222E-06   0.0000000E+00   0.4120222E-06
      385.00  0.3613090E-06   0.0000000E+00   0.3613090E-06
      395.00  0.3625848E-06   0.0000000E+00   0.3625848E-06
      405.00  0.3567838E-06   0.0000000E+00   0.3567838E-06
      414.00  0.3441954E-06   0.0000000E+00   0.3441954E-06
      422.00  0.3299543E-06   0.0000000E+00   0.3299543E-06
      430.00  0.2970001E-06   0.0000000E+00   0.2970001E-06
      441.00  0.2984723E-06   0.0000000E+00   0.2984723E-06
      451.00  0.2930561E-06   0.0000000E+00   0.2930561E-06
      460.00  0.2797978E-06   0.0000000E+00   0.2797978E-06
      470.00  0.2678945E-06   0.0000000E+00   0.2678945E-06
      480.00  0.2573271E-06   0.0000000E+00   0.2573271E-06
      490.00  0.2414687E-06   0.0000000E+00   0.2414687E-06
      500.00  0.2345610E-06   0.0000000E+00   0.2345610E-06
      504.60  0.2343041E-06   0.0000000E+00   0.2343041E-06
      504.60  0.2255063E-06   0.0000000E+00   0.2255063E-06
      506.00  0.2243590E-06   0.0000000E+00   0.2243590E-06
      512.00  0.2209171E-06   0.0000000E+00   0.2209171E-06
      520.00  0.2154442E-06   0.0000000E+00   0.2154442E-06
      530.00  0.2109719E-06   0.0000000E+00   0.2109719E-06
      540.00  0.1927326E-06   0.0000000E+00   0.1927326E-06
      550.00  0.1810949E-06   0.0000000E+00   0.1810949E-06
      560.00  0.1804791E-06   0.0000000E+00   0.1804791E-06
      570.00  0.2006777E-06   0.0000000E+00   0.2006777E-06
      580.00  0.1644689E-06   0.0000000E+00   0.1644689E-06
      590.00  0.1899120E-06   0.0000000E+00   0.1899120E-06
      600.00  0.1787172E-06   0.0000000E+00   0.1787172E-06
      610.00  0.1449626E-06   0.0000000E+00   0.1449626E-06
      620.00  0.1710628E-06   0.0000000E+00   0.1710628E-06
      630.00  0.1500854E-06   0.0000000E+00   0.1500854E-06
      640.00  0.1574783E-06   0.0000000E+00   0.1574783E-06
      650.00  0.1428598E-06   0.0000000E+00   0.1428598E-06
      658.00  0.1272522E-06   0.0000000E+00   0.1272522E-06
      665.00  0.1270332E-06   0.0000000E+00   0.1270332E-06
      675.00  0.1240648E-06   0.0000000E+00   0.1240648E-06
      685.00  0.1210356E-06   0.0000000E+00   0.1210356E-06
      695.00  0.1118674E-06   0.0000000E+00   0.1118674E-06
      705.00  0.1207221E-06   0.0000000E+00   0.1207221E-06
      716.00  0.1232001E-06   0.0000000E+00   0.1232001E-06
      726.00  0.1189435E-06   0.0000000E+00   0.1189435E-06
      735.00  0.1166115E-06   0.0000000E+00   0.1166115E-06
      745.00  0.1071037E-06   0.0000000E+00   0.1071037E-06
      755.00  0.1076476E-06   0.0000000E+00   0.1076476E-06
      765.00  0.1100495E-06   0.0000000E+00   0.1100495E-06
      775.00  0.1072848E-06   0.0000000E+00   0.1072848E-06
      785.00  0.7241504E-07   0.0000000E+00   0.7241504E-07
      795.00  0.8112253E-07   0.0000000E+00   0.8112253E-07
      805.00  0.9986657E-07   0.0000000E+00   0.9986657E-07
      815.00  0.8783492E-07   0.0000000E+00   0.8783492E-07
      825.00  0.9566338E-07   0.0000000E+00   0.9566338E-07
      835.00  0.6639030E-07   0.0000000E+00   0.6639030E-07
      845.00  0.6276429E-07   0.0000000E+00   0.6276429E-07
      855.00  0.7951944E-07   0.0000000E+00   0.7951944E-07
      865.00  0.8410916E-07   0.0000000E+00   0.8410916E-07
      875.00  0.8427070E-07   0.0000000E+00   0.8427070E-07
      885.00  0.8210806E-07   0.0000000E+00   0.8210806E-07
      895.00  0.7839971E-07   0.0000000E+00   0.7839971E-07
      905.00  0.7820010E-07   0.0000000E+00   0.7820010E-07
      912.40  0.8031132E-07   0.8270414E-19   0.8031132E-07
      912.40  0.1742513E-06   0.8270847E-19   0.1742513E-06
      915.00  0.1791977E-06   0.9474256E-19   0.1791977E-06
      925.00  0.1982224E-06   0.1585492E-18   0.1982224E-06
      935.00  0.2039470E-06   0.2623603E-18   0.2039470E-06
      945.00  0.1539750E-06   0.4294407E-18   0.1539750E-06
      955.00  0.1249162E-06   0.6955513E-18   0.1249162E-06
      965.00  0.1776211E-06   0.1115114E-17   0.1776211E-06
      975.00  0.1359079E-06   0.1770153E-17   0.1359079E-06
      985.00  0.6976174E-07   0.2783147E-17   0.6976174E-07
      995.00  0.1976363E-06   0.4335323E-17   0.1976363E-06
     1005.00  0.1297420E-06   0.6692500E-17   0.1297420E-06
     1015.00  0.1509137E-06   0.1024126E-16   0.1509137E-06
     1025.00  0.1279882E-06   0.1553922E-16   0.1279882E-06
     1035.00  0.1426273E-06   0.2338422E-16   0.1426273E-06
     1045.00  0.1465870E-06   0.3490909E-16   0.1465870E-06
     1055.00  0.1435487E-06   0.5171014E-16   0.1435487E-06
     1065.00  0.1406109E-06   0.7602043E-16   0.1406109E-06
     1075.00  0.9596973E-07   0.1109417E-15   0.9596973E-07
     1085.00  0.1192422E-06   0.1607525E-15   0.1192422E-06
     1095.00  0.1296468E-06   0.2313158E-15   0.1296468E-06
     1105.00  0.1345809E-06   0.3306127E-15   0.1345809E-06
     1115.00  0.8167098E-07   0.4694404E-15   0.8167098E-07
     1125.00  0.7580197E-07   0.6623149E-15   0.7580197E-07
     1135.00  0.1255121E-06   0.9286368E-15   0.1255121E-06
     1145.00  0.1265446E-06   0.1294184E-14   0.1265446E-06
     1155.00  0.8615204E-07   0.1793014E-14   0.8615204E-07
     1165.00  0.6881726E-07   0.2469878E-14   0.6881726E-07
     1175.00  0.1161837E-06   0.3383263E-14   0.1161837E-06
     1185.00  0.1132579E-06   0.4609212E-14   0.1132579E-06
     1195.00  0.1007341E-06   0.6246088E-14   0.1007341E-06
     1205.00  0.8676102E-07   0.8420506E-14   0.8676103E-07
     1215.00  0.7361791E-07   0.1129466E-13   0.7361792E-07
     1225.00  0.8528917E-07   0.2753877E-08   0.8804305E-07
     1235.00  0.9087868E-07   0.5252255E-08   0.9613094E-07
     1245.00  0.1034632E-06   0.7375276E-08   0.1108385E-06
     1255.00  0.8021513E-07   0.9187917E-08   0.8940305E-07
     1265.00  0.9284093E-07   0.1073835E-07   0.1035793E-06
     1275.00  0.1062076E-06   0.1206465E-07   0.1182723E-06
     1285.00  0.9711873E-07   0.1319792E-07   0.1103167E-06
     1295.00  0.9818570E-07   0.1416404E-07   0.1123497E-06
     1305.00  0.9375756E-07   0.1498481E-07   0.1087424E-06
     1315.00  0.8214349E-07   0.1567883E-07   0.9782232E-07
     1325.00  0.8066045E-07   0.1626200E-07   0.9692245E-07
     1335.00  0.8990626E-07   0.1674805E-07   0.1066543E-06
     1345.00  0.7965829E-07   0.1714887E-07   0.9680716E-07
     1355.00  0.1024567E-06   0.1747479E-07   0.1199315E-06
     1365.00  0.9198060E-07   0.1773483E-07   0.1097154E-06
     1375.00  0.9426427E-07   0.1793686E-07   0.1122011E-06
     1385.00  0.6604200E-07   0.1808782E-07   0.8412982E-07
     1395.00  0.6048005E-07   0.1819377E-07   0.7867382E-07
     1405.00  0.1071488E-06   0.1826007E-07   0.1254089E-06
     1415.00  0.9044768E-07   0.1829145E-07   0.1087391E-06
     1425.00  0.7212765E-07   0.1829208E-07   0.9041973E-07
     1435.00  0.7631855E-07   0.1826567E-07   0.9458422E-07
     1442.00  0.8461826E-07   0.1823286E-07   0.1028511E-06
     1447.00  0.8168394E-07   0.1820287E-07   0.9988681E-07
     1455.00  0.8586173E-07   0.1814447E-07   0.1040062E-06
     1465.00  0.7964100E-07   0.1805520E-07   0.9769620E-07
     1475.00  0.8116389E-07   0.1794998E-07   0.9911387E-07
     1485.00  0.8318910E-07   0.1783089E-07   0.1010200E-06
     1495.00  0.8461610E-07   0.1769976E-07   0.1023159E-06
     1505.00  0.7685552E-07   0.1755826E-07   0.9441378E-07
     1512.00  0.6724162E-07   0.1745383E-07   0.8469545E-07
     1517.00  0.7577863E-07   0.1737684E-07   0.9315547E-07
     1525.00  0.7246128E-07   0.1724992E-07   0.8971120E-07
     1535.00  0.6336431E-07   0.1708562E-07   0.8044993E-07
     1545.00  0.5402230E-07   0.1691608E-07   0.7093838E-07
     1555.00  0.7924803E-07   0.1674227E-07   0.9599030E-07
     1565.00  0.4592883E-07   0.1656512E-07   0.6249395E-07
     1575.00  0.5910164E-07   0.1638546E-07   0.7548710E-07
     1585.00  0.5330976E-07   0.1620407E-07   0.6951383E-07
     1595.00  0.6801732E-07   0.1602166E-07   0.8403898E-07
     1605.00  0.6891975E-07   0.1583891E-07   0.8475866E-07
     1615.00  0.6854527E-07   0.1565647E-07   0.8420174E-07
     1625.00  0.6506803E-07   0.1547495E-07   0.8054298E-07
     1635.00  0.6517245E-07   0.1529496E-07   0.8046741E-07
     1645.00  0.6440034E-07   0.1511707E-07   0.7951741E-07
     1655.00  0.6158963E-07   0.1494188E-07   0.7653151E-07
     1665.00  0.6362520E-07   0.1476997E-07   0.7839517E-07
     1672.00  0.5264773E-07   0.1465191E-07   0.6729964E-07
     1677.00  0.6186435E-07   0.1456886E-07   0.7643321E-07
     1685.00  0.6544572E-07   0.1443841E-07   0.7988413E-07
     1695.00  0.6302803E-07   0.1428001E-07   0.7730804E-07
     1705.00  0.5943901E-07   0.1412741E-07   0.7356642E-07
     1715.00  0.5641416E-07   0.1398132E-07   0.7039548E-07
     1725.00  0.5583594E-07   0.1384250E-07   0.6967844E-07
     1735.00  0.5752795E-07   0.1371176E-07   0.7123971E-07
     1745.00  0.5692701E-07   0.1358996E-07   0.7051697E-07
     1755.00  0.6023889E-07   0.1347806E-07   0.7371695E-07
     1765.00  0.5476282E-07   0.1337706E-07   0.6813988E-07
     1775.00  0.5616272E-07   0.1328809E-07   0.6945081E-07
     1785.00  0.5569430E-07   0.1321233E-07   0.6890663E-07
     1795.00  0.5900879E-07   0.1315106E-07   0.7215985E-07
     1805.00  0.5774656E-07   0.1310571E-07   0.7085227E-07
     1815.00  0.5531095E-07   0.1307786E-07   0.6838881E-07
     1825.00  0.5477681E-07   0.1306920E-07   0.6784601E-07
     1835.00  0.5310898E-07   0.1308156E-07   0.6619054E-07
     1845.00  0.4974334E-07   0.1311695E-07   0.6286029E-07
     1855.00  0.4844661E-07   0.1317757E-07   0.6162418E-07
     1865.00  0.4922660E-07   0.1326578E-07   0.6249238E-07
     1875.00  0.5300584E-07   0.1338417E-07   0.6639001E-07
     1885.00  0.5038640E-07   0.1353554E-07   0.6392194E-07
     1895.00  0.4956898E-07   0.1372294E-07   0.6329192E-07
     1905.00  0.4998462E-07   0.1394965E-07   0.6393427E-07
     1915.00  0.4934760E-07   0.1421926E-07   0.6356686E-07
     1925.00  0.4933428E-07   0.1453563E-07   0.6386991E-07
     1935.00  0.4897542E-07   0.1490292E-07   0.6387834E-07
     1945.00  0.5069051E-07   0.1532579E-07   0.6601630E-07
     1955.00  0.4930460E-07   0.1580918E-07   0.6511378E-07
     1967.00  0.5309533E-07   0.1647642E-07   0.6957175E-07
     1976.00  0.5364026E-07   0.1704480E-07   0.7068506E-07
     1984.00  0.5213386E-07   0.1760296E-07   0.6973682E-07
     1995.00  0.5042521E-07   0.1845817E-07   0.6888338E-07
     2005.00  0.5104051E-07   0.1933092E-07   0.7037143E-07
     2015.00  0.4940125E-07   0.2030221E-07   0.6970346E-07
     2025.00  0.5002679E-07   0.2138013E-07   0.7140692E-07
     2035.00  0.4987762E-07   0.2257319E-07   0.7245081E-07
     2045.00  0.5241468E-07   0.2389070E-07   0.7630538E-07
     2055.00  0.5121777E-07   0.8546493E-08   0.5976426E-07
     2065.00  0.5090274E-07   0.8432277E-08   0.5933502E-07
     2074.00  0.5367966E-07   0.8331124E-08   0.6201078E-07
     2078.00  0.6366748E-07   0.8286662E-08   0.7195414E-07
     2085.00  0.7064483E-07   0.8209582E-08   0.7885441E-07
     2095.00  0.6761103E-07   0.8101064E-08   0.7571209E-07
     2105.00  0.6802425E-07   0.7994410E-08   0.7601866E-07
     2115.00  0.7224827E-07   0.7889600E-08   0.8013787E-07
     2125.00  0.6937933E-07   0.7786620E-08   0.7716595E-07
     2135.00  0.6801676E-07   0.7685452E-08   0.7570221E-07
     2145.00  0.7683486E-07   0.7586080E-08   0.8442094E-07
     2155.00  0.7576591E-07   0.7488490E-08   0.8325440E-07
     2165.00  0.7241567E-07   0.7392668E-08   0.7980834E-07
     2175.00  0.7157134E-07   0.7298601E-08   0.7886994E-07
     2185.00  0.8068713E-07   0.7206277E-08   0.8789341E-07
     2195.00  0.8299417E-07   0.7115685E-08   0.9010985E-07
     2205.00  0.8234818E-07   0.7026811E-08   0.8937499E-07
     2215.00  0.7113181E-07   0.6939648E-08   0.7807146E-07
     2225.00  0.7926061E-07   0.6854186E-08   0.8611480E-07
     2235.00  0.9965918E-07   0.6770416E-08   0.1064296E-06
     2245.00  0.9648554E-07   0.6688332E-08   0.1031739E-06
     2255.00  0.8422153E-07   0.6607929E-08   0.9082946E-07
     2265.00  0.7652449E-07   0.6529200E-08   0.8305369E-07
     2275.00  0.8408630E-07   0.6452143E-08   0.9053844E-07
     2285.00  0.1091760E-06   0.6376754E-08   0.1155528E-06
     2295.00  0.9542367E-07   0.6303030E-08   0.1017267E-06
     2305.00  0.1025590E-06   0.6230973E-08   0.1087900E-06
     2315.00  0.9610619E-07   0.6160582E-08   0.1022668E-06
     2325.00  0.8838634E-07   0.6091860E-08   0.9447820E-07
     2335.00  0.9305075E-07   0.6024810E-08   0.9907556E-07
     2345.00  0.7095730E-07   0.5959436E-08   0.7691674E-07
     2355.00  0.1026465E-06   0.5895743E-08   0.1085422E-06
     2365.00  0.7845251E-07   0.5833738E-08   0.8428625E-07
     2375.00  0.9204409E-07   0.5773430E-08   0.9781752E-07
     2385.00  0.7010590E-07   0.5714827E-08   0.7582073E-07
     2395.00  0.8278053E-07   0.5657939E-08   0.8843847E-07
     2405.00  0.8767760E-07   0.5602783E-08   0.9328038E-07
     2415.00  0.8532396E-07   0.5549371E-08   0.9087333E-07
     2425.00  0.1237325E-06   0.5497716E-08   0.1292302E-06
     2435.00  0.1312465E-06   0.5447834E-08   0.1366943E-06
     2445.00  0.1560205E-06   0.5399742E-08   0.1614202E-06
     2455.00  0.1670838E-06   0.5353460E-08   0.1724373E-06
     2465.00  0.1369865E-06   0.5309007E-08   0.1422955E-06
     2475.00  0.1257828E-06   0.5266405E-08   0.1310492E-06
     2485.00  0.7018291E-07   0.5225678E-08   0.7540859E-07
     2495.00  0.9305022E-07   0.5186849E-08   0.9823707E-07
     2505.00  0.1412264E-06   0.5149945E-08   0.1463763E-06
     2513.00  0.7986394E-07   0.5121826E-08   0.8498577E-07
     2518.00  0.6299930E-07   0.5104893E-08   0.6810419E-07
     2525.00  0.6825686E-07   0.5082023E-08   0.7333888E-07
     2535.00  0.1244847E-06   0.5051065E-08   0.1295358E-06
     2545.00  0.1307185E-06   0.5022158E-08   0.1357407E-06
     2555.00  0.2975795E-06   0.4995330E-08   0.3025748E-06
     2565.00  0.2059683E-06   0.4970615E-08   0.2109389E-06
     2575.00  0.2883856E-06   0.4948052E-08   0.2933337E-06
     2585.00  0.2616179E-06   0.4927677E-08   0.2665456E-06
     2595.00  0.2435117E-06   0.4909531E-08   0.2484212E-06
     2605.00  0.2227790E-06   0.4460028E-08   0.2272390E-06
     2615.00  0.2006204E-06   0.4423667E-08   0.2050441E-06
     2625.00  0.2772817E-06   0.4388693E-08   0.2816704E-06
     2635.00  0.5524628E-06   0.4355120E-08   0.5568179E-06
     2645.00  0.7156003E-06   0.4322966E-08   0.7199233E-06
     2655.00  0.1238066E-05   0.4292248E-08   0.1242358E-05
     2665.00  0.6391697E-06   0.4262986E-08   0.6434327E-06
     2675.00  0.7213073E-06   0.4235200E-08   0.7255425E-06
     2685.00  0.9311210E-06   0.4208910E-08   0.9353299E-06
     2695.00  0.5900510E-06   0.4184140E-08   0.5942351E-06
     2705.00  0.8306835E-06   0.4160914E-08   0.8348444E-06
     2715.00  0.5507386E-06   0.4139255E-08   0.5548779E-06
     2725.00  0.3369605E-06   0.4119189E-08   0.3410797E-06
     2735.00  0.4851357E-06   0.4100745E-08   0.4892364E-06
     2745.00  0.3091406E-06   0.4083950E-08   0.3132245E-06
     2755.00  0.4329139E-06   0.4068833E-08   0.4369827E-06
     2765.00  0.5902375E-06   0.4055426E-08   0.5942929E-06
     2775.00  0.6266856E-06   0.4043760E-08   0.6307294E-06
     2785.00  0.3795737E-06   0.4033868E-08   0.3836076E-06
     2795.00  0.1738588E-06   0.4025785E-08   0.1778846E-06
     2805.00  0.2140178E-06   0.4019547E-08   0.2180373E-06
     2815.00  0.5613546E-06   0.4015190E-08   0.5653698E-06
     2825.00  0.7895392E-06   0.4012753E-08   0.7935520E-06
     2835.00  0.6860231E-06   0.4012275E-08   0.6900354E-06
     2845.00  0.3999088E-06   0.4013797E-08   0.4039226E-06
     2855.00  0.1988088E-06   0.4017348E-08   0.2028261E-06
     2865.00  0.6072811E-06   0.4022967E-08   0.6113041E-06
     2875.00  0.1098093E-05   0.4030713E-08   0.1102124E-05
     2885.00  0.1037487E-05   0.4040629E-08   0.1041528E-05
     2895.00  0.1468235E-05   0.4052765E-08   0.1472288E-05
     2910.00  0.2224175E-05   0.4075233E-08   0.2228250E-05
     2930.00  0.1874098E-05   0.4113418E-08   0.1878211E-05
     2950.00  0.1641446E-05   0.4161388E-08   0.1645607E-05
     2970.00  0.1692218E-05   0.4219584E-08   0.1696438E-05
     2990.00  0.1725159E-05   0.4288467E-08   0.1729447E-05
     3010.00  0.1608362E-05   0.4368519E-08   0.1612731E-05
     3030.00  0.1890852E-05   0.4460246E-08   0.1895312E-05
     3050.00  0.1947781E-05   0.4564176E-08   0.1952345E-05
     3070.00  0.2402020E-05   0.4680859E-08   0.2406701E-05
     3090.00  0.2284557E-05   0.4810865E-08   0.2289368E-05
     3110.00  0.2976313E-05   0.4954786E-08   0.2981268E-05
     3130.00  0.2638983E-05   0.4994707E-08   0.2643978E-05
     3150.00  0.2747822E-05   0.5159454E-08   0.2752981E-05
     3170.00  0.3112978E-05   0.5339511E-08   0.3118318E-05
     3190.00  0.2558096E-05   0.5535539E-08   0.2563632E-05
     3210.00  0.2827857E-05   0.5748221E-08   0.2833605E-05
     3230.00  0.2306878E-05   0.5978262E-08   0.2312856E-05
     3250.00  0.3633546E-05   0.6226385E-08   0.3639772E-05
     3270.00  0.4417749E-05   0.6493252E-08   0.4424242E-05
     3290.00  0.4362725E-05   0.6779637E-08   0.4369505E-05
     3310.00  0.3916223E-05   0.7086367E-08   0.3923309E-05
     3330.00  0.4147345E-05   0.7414245E-08   0.4154759E-05
     3350.00  0.3975977E-05   0.7764096E-08   0.3983741E-05
     3370.00  0.2731993E-05   0.8136763E-08   0.2740130E-05
     3390.00  0.3166456E-05   0.8533109E-08   0.3174989E-05
     3410.00  0.3250063E-05   0.8954017E-08   0.3259017E-05
     3430.00  0.3415752E-05   0.8443211E-08   0.3424195E-05
     3450.00  0.3659553E-05   0.8852386E-08   0.3668405E-05
     3470.00  0.3845240E-05   0.9285546E-08   0.3854526E-05
     3490.00  0.4571986E-05   0.9743525E-08   0.4581730E-05
     3510.00  0.4984248E-05   0.1022719E-07   0.4994475E-05
     3530.00  0.4271316E-05   0.1073753E-07   0.4282054E-05
     3550.00  0.5043008E-05   0.1127533E-07   0.5054283E-05
     3570.00  0.2879392E-05   0.1184148E-07   0.2891233E-05
     3590.00  0.3096170E-05   0.1243688E-07   0.3108607E-05
     3610.00  0.4382252E-05   0.1306246E-07   0.4395314E-05
     3630.00  0.4848458E-05   0.1371915E-07   0.4862177E-05
     3640.00  0.5111603E-05   0.1405947E-07   0.5125662E-05
     3650.00  0.6064083E-05   0.1652780E-08   0.6065736E-05
     3670.00  0.6731693E-05   0.1638159E-08   0.6733331E-05
     3690.00  0.5710004E-05   0.1437307E-08   0.5711441E-05
     3710.00  0.5908073E-05   0.1413969E-08   0.5909487E-05
     3730.00  0.3318153E-05   0.1391221E-08   0.3319544E-05
     3750.00  0.3886559E-05   0.1369049E-08   0.3887928E-05
     3770.00  0.5609590E-05   0.1347442E-08   0.5610937E-05
     3790.00  0.5738911E-05   0.1326388E-08   0.5740237E-05
     3810.00  0.5001050E-05   0.1305875E-08   0.5002356E-05
     3830.00  0.2467190E-05   0.1285892E-08   0.2468476E-05
     3850.00  0.3411679E-05   0.1266429E-08   0.3412945E-05
     3870.00  0.3431197E-05   0.1247475E-08   0.3432444E-05
     3890.00  0.5182562E-05   0.1229021E-08   0.5183791E-05
     3910.00  0.6619148E-05   0.1211057E-08   0.6620359E-05
     3930.00  0.2909272E-05   0.1193574E-08   0.2910466E-05
     3950.00  0.5423276E-05   0.1176562E-08   0.5424453E-05
     3970.00  0.3670705E-05   0.1160015E-08   0.3671865E-05
     3990.00  0.9231302E-05   0.1143924E-08   0.9232446E-05
     4010.00  0.1056483E-04   0.1128280E-08   0.1056596E-04
     4030.00  0.1029930E-04   0.1113076E-08   0.1030041E-04
     4050.00  0.9732218E-05   0.1098305E-08   0.9733316E-05
     4070.00  0.8860218E-05   0.1083958E-08   0.8861302E-05
     4090.00  0.1201318E-04   0.1070030E-08   0.1201425E-04
     4110.00  0.1113279E-04   0.1056513E-08   0.1113385E-04
     4130.00  0.1039070E-04   0.1043402E-08   0.1039174E-04
     4150.00  0.1005842E-04   0.1030690E-08   0.1005945E-04
     4170.00  0.1027050E-04   0.1018371E-08   0.1027152E-04
     4190.00  0.1013450E-04   0.1006439E-08   0.1013551E-04
     4210.00  0.1027470E-04   0.9948898E-09   0.1027569E-04
     4230.00  0.9308954E-05   0.9837169E-09   0.9309938E-05
     4250.00  0.1067387E-04   0.9729156E-09   0.1067484E-04
     4270.00  0.9886533E-05   0.9624809E-09   0.9887495E-05
     4290.00  0.9230562E-05   0.9524080E-09   0.9231514E-05
     4310.00  0.8095049E-05   0.9426923E-09   0.8095992E-05
     4330.00  0.1253771E-04   0.9333294E-09   0.1253864E-04
     4350.00  0.1285265E-04   0.9243151E-09   0.1285357E-04
     4370.00  0.1401070E-04   0.9156453E-09   0.1401162E-04
     4390.00  0.1183079E-04   0.9073159E-09   0.1183170E-04
     4410.00  0.1256455E-04   0.8993231E-09   0.1256545E-04
     4430.00  0.1369049E-04   0.8916633E-09   0.1369138E-04
     4450.00  0.1398206E-04   0.8843327E-09   0.1398294E-04
     4470.00  0.1529134E-04   0.8773281E-09   0.1529222E-04
     4490.00  0.1582068E-04   0.8706460E-09   0.1582155E-04
     4510.00  0.1881654E-04   0.8642833E-09   0.1881740E-04
     4530.00  0.1562679E-04   0.8582368E-09   0.1562765E-04
     4550.00  0.1667791E-04   0.8525036E-09   0.1667876E-04
     4570.00  0.1842178E-04   0.8470808E-09   0.1842263E-04
     4590.00  0.1726303E-04   0.8419656E-09   0.1726387E-04
     4610.00  0.1767538E-04   0.8371553E-09   0.1767622E-04
     4630.00  0.1709753E-04   0.8326472E-09   0.1709836E-04
     4650.00  0.1738829E-04   0.8284389E-09   0.1738912E-04
     4670.00  0.1852070E-04   0.8245280E-09   0.1852152E-04
     4690.00  0.1816769E-04   0.8209120E-09   0.1816851E-04
     4710.00  0.1740670E-04   0.8175888E-09   0.1740752E-04
     4730.00  0.1808221E-04   0.8145560E-09   0.1808302E-04
     4750.00  0.1885635E-04   0.8118115E-09   0.1885716E-04
     4770.00  0.1829235E-04   0.8093534E-09   0.1829316E-04
     4790.00  0.1849457E-04   0.8071795E-09   0.1849538E-04
     4810.00  0.1855439E-04   0.8052872E-09   0.1855520E-04
     4830.00  0.1957216E-04   0.8036744E-09   0.1957296E-04
     4850.00  0.1838591E-04   0.8023400E-09   0.1838671E-04
     4870.00  0.1679419E-04   0.8012823E-09   0.1679499E-04
     4890.00  0.1875560E-04   0.8004995E-09   0.1875640E-04
     4910.00  0.1874541E-04   0.7999900E-09   0.1874621E-04
     4930.00  0.1821135E-04   0.7997521E-09   0.1821215E-04
     4950.00  0.1909292E-04   0.7997842E-09   0.1909372E-04
     4970.00  0.1837572E-04   0.8000848E-09   0.1837652E-04
     4990.00  0.1682915E-04   0.8006523E-09   0.1682995E-04
     5010.00  0.1551131E-04   0.8014852E-09   0.1551211E-04
     5030.00  0.1686931E-04   0.8025822E-09   0.1687011E-04
     5050.00  0.1673932E-04   0.8039418E-09   0.1674012E-04
     5070.00  0.1761052E-04   0.8055633E-09   0.1761133E-04
     5090.00  0.1633751E-04   0.8074480E-09   0.1633832E-04
     5110.00  0.1701312E-04   0.8095912E-09   0.1701393E-04
     5130.00  0.1613164E-04   0.8119918E-09   0.1613245E-04
     5150.00  0.1535189E-04   0.8146484E-09   0.1535270E-04
     5170.00  0.1348071E-04   0.8175599E-09   0.1348153E-04
     5190.00  0.1425123E-04   0.8207248E-09   0.1425205E-04
     5210.00  0.1618408E-04   0.8241421E-09   0.1618490E-04
     5230.00  0.1830569E-04   0.8278106E-09   0.1830652E-04
     5250.00  0.1949175E-04   0.8317291E-09   0.1949258E-04
     5270.00  0.1655741E-04   0.8358964E-09   0.1655825E-04
     5290.00  0.2001258E-04   0.8403114E-09   0.2001342E-04
     5310.00  0.2183572E-04   0.8449730E-09   0.2183656E-04
     5330.00  0.1824400E-04   0.8498801E-09   0.1824485E-04
     5350.00  0.2061968E-04   0.8550315E-09   0.2062054E-04
     5370.00  0.2045640E-04   0.8604247E-09   0.2045726E-04
     5390.00  0.1983796E-04   0.8660552E-09   0.1983883E-04
     5410.00  0.1956355E-04   0.8719263E-09   0.1956442E-04
     5430.00  0.1992723E-04   0.8780368E-09   0.1992811E-04
     5450.00  0.2045353E-04   0.8843856E-09   0.2045441E-04
     5470.00  0.1997445E-04   0.8909717E-09   0.1997534E-04
     5490.00  0.1998038E-04   0.8977941E-09   0.1998128E-04
     5510.00  0.1976588E-04   0.9048516E-09   0.1976678E-04
     5530.00  0.2099945E-04   0.9121433E-09   0.2100036E-04
     5550.00  0.2141108E-04   0.9196680E-09   0.2141200E-04
     5570.00  0.2091819E-04   0.9274247E-09   0.2091912E-04
     5590.00  0.2012692E-04   0.9354124E-09   0.2012786E-04
     5610.00  0.2109529E-04   0.9436300E-09   0.2109623E-04
     5630.00  0.2092199E-04   0.9520766E-09   0.2092294E-04
     5650.00  0.2146612E-04   0.9607510E-09   0.2146708E-04
     5670.00  0.2085264E-04   0.9696522E-09   0.2085361E-04
     5690.00  0.2184931E-04   0.9787792E-09   0.2185029E-04
     5710.00  0.2085432E-04   0.5118977E-09   0.2085483E-04
     5730.00  0.2333956E-04   0.5116108E-09   0.2334007E-04
     5750.00  0.2211168E-04   0.5114262E-09   0.2211219E-04
     5770.00  0.2243951E-04   0.5113428E-09   0.2244002E-04
     5790.00  0.2121288E-04   0.5113595E-09   0.2121339E-04
     5810.00  0.2252633E-04   0.5114754E-09   0.2252684E-04
     5830.00  0.2351166E-04   0.5116894E-09   0.2351217E-04
     5850.00  0.2245788E-04   0.5120005E-09   0.2245839E-04
     5870.00  0.2236903E-04   0.5124078E-09   0.2236954E-04
     5890.00  0.1746538E-04   0.5129103E-09   0.1746589E-04
     5910.00  0.2174026E-04   0.5135071E-09   0.2174077E-04
     5930.00  0.2225380E-04   0.5141971E-09   0.2225431E-04
     5950.00  0.2229128E-04   0.5149796E-09   0.2229179E-04
     5970.00  0.2288255E-04   0.5158535E-09   0.2288307E-04
     5990.00  0.2237925E-04   0.5168180E-09   0.2237977E-04
     6010.00  0.2207405E-04   0.5178721E-09   0.2207457E-04
     6030.00  0.2301854E-04   0.5190151E-09   0.2301906E-04
     6050.00  0.2357879E-04   0.5202459E-09   0.2357931E-04
     6070.00  0.2358089E-04   0.5215639E-09   0.2358141E-04
     6090.00  0.2244415E-04   0.5229680E-09   0.2244467E-04
     6110.00  0.2261123E-04   0.5244574E-09   0.2261175E-04
     6130.00  0.2091307E-04   0.5260314E-09   0.2091360E-04
     6150.00  0.2174125E-04   0.5276891E-09   0.2174178E-04
     6170.00  0.1998961E-04   0.5294296E-09   0.1999014E-04
     6190.00  0.2185575E-04   0.5312523E-09   0.2185628E-04
     6210.00  0.2152889E-04   0.5331563E-09   0.2152942E-04
     6230.00  0.2062808E-04   0.5351407E-09   0.2062862E-04
     6250.00  0.1991748E-04   0.5372049E-09   0.1991802E-04
     6270.00  0.2110008E-04   0.5393480E-09   0.2110062E-04
     6290.00  0.2182069E-04   0.5415694E-09   0.2182123E-04
     6310.00  0.2109069E-04   0.5438681E-09   0.2109123E-04
     6330.00  0.2150337E-04   0.5462435E-09   0.2150392E-04
     6350.00  0.2147665E-04   0.5486948E-09   0.2147720E-04
     6370.00  0.2138361E-04   0.5512213E-09   0.2138416E-04
     6390.00  0.2215469E-04   0.5538223E-09   0.2215524E-04
     6410.00  0.2161068E-04   0.5564970E-09   0.2161124E-04
     6430.00  0.2181351E-04   0.5592447E-09   0.2181407E-04
     6450.00  0.2165878E-04   0.5620647E-09   0.2165934E-04
     6470.00  0.2157910E-04   0.5649562E-09   0.2157966E-04
     6490.00  0.2113871E-04   0.5679187E-09   0.2113928E-04
     6510.00  0.2220162E-04   0.5709514E-09   0.2220219E-04
     6530.00  0.2217275E-04   0.5740471E-09   0.2217332E-04
     6550.00  0.2176291E-04   0.5772094E-09   0.2176349E-04
     6570.00  0.2091427E-04   0.5804393E-09   0.2091485E-04
     6590.00  0.2190624E-04   0.5837362E-09   0.2190682E-04
     6610.00  0.2214839E-04   0.5870994E-09   0.2214898E-04
     6630.00  0.2178844E-04   0.5905281E-09   0.2178903E-04
     6650.00  0.2184093E-04   0.5871727E-09   0.2184152E-04
     6670.00  0.2112287E-04   0.5906618E-09   0.2112346E-04
     6690.00  0.2138620E-04   0.5942146E-09   0.2138679E-04
     6710.00  0.2019740E-04   0.5978304E-09   0.2019800E-04
     6730.00  0.2097204E-04   0.6015085E-09   0.2097264E-04
     6750.00  0.2050632E-04   0.6052483E-09   0.2050693E-04
     6770.00  0.2064698E-04   0.6090491E-09   0.2064759E-04
     6790.00  0.2027845E-04   0.6129105E-09   0.2027906E-04
     6810.00  0.2055592E-04   0.6168315E-09   0.2055654E-04
     6830.00  0.2094358E-04   0.6208118E-09   0.2094420E-04
     6850.00  0.2028105E-04   0.6248507E-09   0.2028167E-04
     6870.00  0.2078912E-04   0.6289475E-09   0.2078975E-04
     6890.00  0.2125149E-04   0.6331016E-09   0.2125212E-04
     6910.00  0.2129236E-04   0.6373125E-09   0.2129300E-04
     6930.00  0.2110163E-04   0.6415795E-09   0.2110227E-04
     6950.00  0.2124479E-04   0.6459020E-09   0.2124544E-04
     6970.00  0.2170192E-04   0.6502795E-09   0.2170257E-04
     6990.00  0.2157496E-04   0.6547113E-09   0.2157561E-04
     7010.00  0.2134555E-04   0.6591969E-09   0.2134621E-04
     7030.00  0.2192232E-04   0.6637364E-09   0.2192298E-04
     7050.00  0.2189042E-04   0.6683287E-09   0.2189109E-04
     7070.00  0.2098745E-04   0.6729730E-09   0.2098812E-04
     7090.00  0.1987919E-04   0.6776685E-09   0.1987987E-04
     7110.00  0.1909774E-04   0.6824149E-09   0.1909842E-04
     7130.00  0.1854074E-04   0.6872114E-09   0.1854143E-04
     7150.00  0.1844076E-04   0.6920576E-09   0.1844145E-04
     7170.00  0.1883357E-04   0.6969529E-09   0.1883427E-04
     7190.00  0.1829233E-04   0.7018967E-09   0.1829303E-04
     7210.00  0.1895384E-04   0.7068884E-09   0.1895455E-04
     7230.00  0.1958852E-04   0.7119276E-09   0.1958923E-04
     7250.00  0.1990446E-04   0.7170136E-09   0.1990518E-04
     7270.00  0.2014493E-04   0.7221459E-09   0.2014565E-04
     7290.00  0.1992349E-04   0.7273240E-09   0.1992422E-04
     7310.00  0.2082671E-04   0.7325473E-09   0.2082744E-04
     7330.00  0.2094475E-04   0.7378153E-09   0.2094549E-04
     7350.00  0.2133409E-04   0.7431274E-09   0.2133483E-04
     7370.00  0.2223338E-04   0.7484831E-09   0.2223413E-04
     7390.00  0.2170044E-04   0.7538820E-09   0.2170119E-04
     7410.00  0.2188090E-04   0.7593234E-09   0.2188166E-04
     7430.00  0.2259781E-04   0.7648067E-09   0.2259857E-04
     7450.00  0.2253633E-04   0.7676500E-09   0.2253710E-04
     7470.00  0.2316451E-04   0.7731933E-09   0.2316528E-04
     7490.00  0.2314896E-04   0.7787771E-09   0.2314974E-04
     7510.00  0.2351706E-04   0.7844010E-09   0.2351784E-04
     7530.00  0.2418827E-04   0.7900645E-09   0.2418906E-04
     7550.00  0.2444067E-04   0.7957670E-09   0.2444147E-04
     7570.00  0.2439071E-04   0.8015080E-09   0.2439151E-04
     7590.00  0.2353396E-04   0.8072871E-09   0.2353477E-04
     7610.00  0.2291013E-04   0.8131005E-09   0.2291094E-04
     7630.00  0.2208215E-04   0.8189475E-09   0.2208297E-04
     7650.00  0.2124277E-04   0.8248306E-09   0.2124359E-04
     7670.00  0.1986000E-04   0.8307496E-09   0.1986083E-04
     7690.00  0.2045856E-04   0.8367038E-09   0.2045940E-04
     7710.00  0.2006142E-04   0.8426928E-09   0.2006226E-04
     7730.00  0.2003930E-04   0.8487162E-09   0.2004015E-04
     7750.00  0.1991270E-04   0.8547734E-09   0.1991355E-04
     7770.00  0.2031106E-04   0.8608640E-09   0.2031192E-04
     7790.00  0.2054324E-04   0.8669874E-09   0.2054411E-04
     7810.00  0.2049227E-04   0.8731433E-09   0.2049314E-04
     7830.00  0.2034654E-04   0.8793311E-09   0.2034742E-04
     7850.00  0.1997903E-04   0.8855505E-09   0.1997992E-04
     7870.00  0.2049197E-04   0.8648310E-09   0.2049283E-04
     7890.00  0.2017884E-04   0.8709022E-09   0.2017971E-04
     7910.00  0.1959857E-04   0.8770034E-09   0.1959945E-04
     7930.00  0.1976454E-04   0.8831340E-09   0.1976542E-04
     7950.00  0.1958984E-04   0.8892939E-09   0.1959073E-04
     7970.00  0.2042579E-04   0.8954824E-09   0.2042669E-04
     7990.00  0.2046199E-04   0.9016991E-09   0.2046289E-04
     8010.00  0.2088464E-04   0.9079436E-09   0.2088555E-04
     8030.00  0.2100789E-04   0.9142154E-09   0.2100880E-04
     8050.00  0.2111148E-04   0.9205142E-09   0.2111240E-04
     8070.00  0.2159698E-04   0.9268395E-09   0.2159791E-04
     8090.00  0.2151209E-04   0.9331909E-09   0.2151302E-04
     8110.00  0.2192205E-04   0.9395680E-09   0.2192299E-04
     8130.00  0.2296102E-04   0.9459702E-09   0.2296197E-04
     8150.00  0.2352732E-04   0.9523973E-09   0.2352827E-04
     8170.00  0.2399436E-04   0.9588488E-09   0.2399532E-04
     8190.00  0.2296760E-04   0.9653243E-09   0.2296857E-04
     8210.00  0.2252563E-04   0.8083993E-09   0.2252644E-04
     8230.00  0.2267147E-04   0.1715838E-09   0.2267164E-04
     8250.00  0.2258226E-04   0.1714114E-09   0.2258243E-04
     8270.00  0.2280868E-04   0.1712488E-09   0.2280885E-04
     8290.00  0.2250195E-04   0.1642885E-09   0.2250211E-04
     8310.00  0.2151723E-04   0.1640954E-09   0.2151739E-04
     8330.00  0.2126478E-04   0.1639115E-09   0.2126494E-04
     8350.00  0.2133776E-04   0.1637370E-09   0.2133792E-04
     8370.00  0.2153936E-04   0.1635715E-09   0.2153952E-04
     8390.00  0.2061182E-04   0.1634149E-09   0.2061198E-04
     8410.00  0.2153494E-04   0.1632672E-09   0.2153510E-04
     8430.00  0.2008663E-04   0.1631282E-09   0.2008679E-04
     8450.00  0.1912321E-04   0.1629978E-09   0.1912337E-04
     8470.00  0.1924334E-04   0.1628759E-09   0.1924350E-04
     8490.00  0.1923311E-04   0.1627624E-09   0.1923327E-04
     8510.00  0.1833839E-04   0.1626571E-09   0.1833855E-04
     8530.00  0.1903508E-04   0.1625600E-09   0.1903524E-04
     8550.00  0.1664963E-04   0.1624708E-09   0.1664979E-04
     8570.00  0.2020968E-04   0.1623896E-09   0.2020984E-04
     8590.00  0.2004219E-04   0.1623163E-09   0.2004235E-04
     8610.00  0.2047374E-04   0.1622506E-09   0.2047390E-04
     8630.00  0.2096362E-04   0.1621925E-09   0.2096378E-04
     8650.00  0.2088150E-04   0.1621419E-09   0.2088166E-04
     8670.00  0.1786669E-04   0.1620986E-09   0.1786685E-04
     8690.00  0.2051103E-04   0.1620627E-09   0.2051119E-04
     8710.00  0.2163640E-04   0.1620339E-09   0.2163656E-04
     8730.00  0.2197347E-04   0.1620123E-09   0.2197363E-04
     8750.00  0.2191569E-04   0.1619976E-09   0.2191585E-04
     8770.00  0.2238520E-04   0.1619898E-09   0.2238536E-04
     8790.00  0.2288824E-04   0.1619888E-09   0.2288840E-04
     8810.00  0.2243213E-04   0.1619945E-09   0.2243229E-04
     8830.00  0.2268537E-04   0.1620068E-09   0.2268553E-04
     8850.00  0.2259404E-04   0.1620256E-09   0.2259420E-04
     8870.00  0.2148453E-04   0.1620508E-09   0.2148469E-04
     8890.00  0.2165921E-04   0.1620823E-09   0.2165937E-04
     8910.00  0.2202849E-04   0.1621201E-09   0.2202865E-04
     8930.00  0.2156566E-04   0.1621640E-09   0.2156582E-04
     8950.00  0.2172109E-04   0.1622140E-09   0.2172125E-04
     8970.00  0.2184963E-04   0.1622700E-09   0.2184979E-04
     8990.00  0.2194609E-04   0.1623319E-09   0.2194625E-04
     9010.00  0.2138251E-04   0.1623995E-09   0.2138267E-04
     9030.00  0.2240044E-04   0.1624729E-09   0.2240060E-04
     9050.00  0.2333326E-04   0.1625520E-09   0.2333342E-04
     9070.00  0.2358265E-04   0.1626366E-09   0.2358281E-04
     9090.00  0.2327497E-04   0.1627266E-09   0.2327513E-04
     9110.00  0.2370510E-04   0.1628221E-09   0.2370526E-04
     9130.00  0.2423623E-04   0.1629230E-09   0.2423639E-04
     9150.00  0.2402111E-04   0.1630292E-09   0.2402127E-04
     9170.00  0.2408559E-04   0.1631405E-09   0.2408575E-04
     9190.00  0.2449229E-04   0.1632569E-09   0.2449245E-04
     9210.00  0.2314416E-04   0.1633784E-09   0.2314432E-04
     9230.00  0.2212696E-04   0.1635048E-09   0.2212712E-04
     9250.00  0.2196017E-04   0.1636360E-09   0.2196033E-04
     9270.00  0.2217460E-04   0.1637721E-09   0.2217476E-04
     9290.00  0.2157906E-04   0.1639129E-09   0.2157922E-04
     9310.00  0.2173563E-04   0.1640583E-09   0.2173579E-04
     9330.00  0.2194070E-04   0.1642083E-09   0.2194086E-04
     9350.00  0.2178550E-04   0.1643629E-09   0.2178566E-04
     9370.00  0.2133091E-04   0.1645219E-09   0.2133107E-04
     9390.00  0.2194264E-04   0.1646853E-09   0.2194280E-04
     9410.00  0.2156935E-04   0.1648530E-09   0.2156951E-04
     9430.00  0.2226688E-04   0.1650250E-09   0.2226705E-04
     9450.00  0.2194953E-04   0.1652011E-09   0.2194970E-04
     9470.00  0.2272289E-04   0.1653814E-09   0.2272306E-04
     9490.00  0.2278355E-04   0.1655658E-09   0.2278372E-04
     9510.00  0.2209987E-04   0.1657541E-09   0.2210004E-04
     9530.00  0.2242591E-04   0.1659463E-09   0.2242608E-04
     9550.00  0.2213238E-04   0.1661425E-09   0.2213255E-04
     9570.00  0.2238406E-04   0.1663425E-09   0.2238423E-04
     9590.00  0.2288333E-04   0.1665462E-09   0.2288350E-04
     9610.00  0.2251328E-04   0.1667536E-09   0.2251345E-04
     9630.00  0.2279200E-04   0.1669646E-09   0.2279217E-04
     9650.00  0.2226177E-04   0.1671792E-09   0.2226194E-04
     9670.00  0.2231819E-04   0.1673974E-09   0.2231836E-04
     9690.00  0.2278037E-04   0.1676190E-09   0.2278054E-04
     9710.00  0.2217001E-04   0.1678441E-09   0.2217018E-04
     9730.00  0.2184435E-04   0.1680724E-09   0.2184452E-04
     9750.00  0.2182899E-04   0.1683041E-09   0.2182916E-04
     9770.00  0.2201240E-04   0.1685391E-09   0.2201257E-04
     9790.00  0.2168585E-04   0.1687771E-09   0.2168602E-04
     9810.00  0.2240339E-04   0.1690184E-09   0.2240356E-04
     9830.00  0.2208388E-04   0.1692627E-09   0.2208405E-04
     9850.00  0.2234730E-04   0.1695102E-09   0.2234747E-04
     9870.00  0.2219628E-04   0.1697606E-09   0.2219645E-04
     9890.00  0.2220819E-04   0.1700139E-09   0.2220836E-04
     9910.00  0.2193407E-04   0.1702701E-09   0.2193424E-04
     9930.00  0.2217870E-04   0.1705291E-09   0.2217887E-04
     9950.00  0.2231158E-04   0.1707909E-09   0.2231175E-04
     9970.00  0.2236103E-04   0.1710555E-09   0.2236120E-04
     9990.00  0.2230943E-04   0.1713228E-09   0.2230960E-04
    10025.00  0.2254297E-04   0.1717969E-09   0.2254314E-04
    10075.00  0.2226544E-04   0.1724877E-09   0.2226561E-04
    10125.00  0.2278448E-04   0.1731939E-09   0.2278465E-04
    10175.00  0.2254165E-04   0.1739164E-09   0.2254182E-04
    10225.00  0.2279953E-04   0.1746529E-09   0.2279970E-04
    10275.00  0.2299385E-04   0.1754026E-09   0.2299403E-04
    10325.00  0.2287310E-04   0.1761647E-09   0.2287328E-04
    10375.00  0.2273312E-04   0.1769386E-09   0.2273330E-04
    10425.00  0.2292271E-04   0.1777238E-09   0.2292289E-04
    10475.00  0.2239633E-04   0.1785197E-09   0.2239651E-04
    10525.00  0.2179301E-04   0.1793257E-09   0.2179319E-04
    10575.00  0.2104410E-04   0.1801412E-09   0.2104428E-04
    10625.00  0.2070961E-04   0.1809658E-09   0.2070979E-04
    10675.00  0.2073625E-04   0.1817989E-09   0.2073643E-04
    10725.00  0.2110613E-04   0.1826401E-09   0.2110631E-04
    10775.00  0.2107595E-04   0.1834887E-09   0.2107613E-04
    10825.00  0.2078029E-04   0.1843445E-09   0.2078047E-04
    10875.00  0.2071488E-04   0.1852069E-09   0.2071507E-04
    10925.00  0.2071602E-04   0.1860754E-09   0.2071621E-04
    10975.00  0.2039957E-04   0.1869497E-09   0.2039976E-04
    11025.00  0.2005604E-04   0.1878293E-09   0.2005623E-04
    11075.00  0.1944128E-04   0.1887138E-09   0.1944147E-04
    11125.00  0.1951252E-04   0.1896028E-09   0.1951271E-04
    11175.00  0.1940141E-04   0.1451934E-09   0.1940156E-04
    11225.00  0.1945374E-04   0.1456841E-09   0.1945389E-04
    11275.00  0.1931173E-04   0.1461802E-09   0.1931188E-04
    11325.00  0.1932354E-04   0.1466813E-09   0.1932369E-04
    11375.00  0.1917800E-04   0.1471871E-09   0.1917815E-04
    11425.00  0.1901858E-04   0.1476973E-09   0.1901873E-04
    11475.00  0.1932631E-04   0.1482117E-09   0.1932646E-04
    11525.00  0.1931110E-04   0.1487298E-09   0.1931125E-04
    11575.00  0.1908986E-04   0.1492516E-09   0.1909001E-04
    11625.00  0.1880732E-04   0.1497766E-09   0.1880747E-04
    11675.00  0.1879282E-04   0.1503047E-09   0.1879297E-04
    11725.00  0.1876110E-04   0.1508355E-09   0.1876125E-04
    11775.00  0.1816576E-04   0.1513689E-09   0.1816591E-04
    11825.00  0.1784361E-04   0.1519047E-09   0.1784376E-04
    11875.00  0.1740966E-04   0.1524425E-09   0.1740981E-04
    11925.00  0.1770078E-04   0.1529821E-09   0.1770093E-04
    11975.00  0.1712129E-04   0.1535234E-09   0.1712144E-04
    12025.00  0.1760414E-04   0.1540662E-09   0.1760429E-04
    12075.00  0.1754287E-04   0.1546101E-09   0.1754302E-04
    12125.00  0.1762589E-04   0.1551552E-09   0.1762605E-04
    12175.00  0.1769351E-04   0.1557010E-09   0.1769367E-04
    12225.00  0.1760686E-04   0.1562475E-09   0.1760702E-04
    12275.00  0.1748808E-04   0.1567945E-09   0.1748824E-04
    12325.00  0.1735751E-04   0.1573418E-09   0.1735767E-04
    12375.00  0.1732533E-04   0.1578893E-09   0.1732549E-04
    12425.00  0.1691642E-04   0.1584367E-09   0.1691658E-04
    12475.00  0.1682055E-04   0.1589839E-09   0.1682071E-04
    12525.00  0.1669419E-04   0.1590749E-09   0.1669435E-04
    12575.00  0.1661008E-04   0.1596203E-09   0.1661024E-04
    12625.00  0.1650257E-04   0.1601651E-09   0.1650273E-04
    12675.00  0.1638451E-04   0.1607091E-09   0.1638467E-04
    12725.00  0.1640356E-04   0.1612523E-09   0.1640372E-04
    12775.00  0.1642797E-04   0.1617945E-09   0.1642813E-04
    12825.00  0.1593958E-04   0.1623357E-09   0.1593974E-04
    12875.00  0.1618391E-04   0.1628755E-09   0.1618407E-04
    12925.00  0.1597914E-04   0.1634140E-09   0.1597930E-04
    12975.00  0.1619577E-04   0.1639511E-09   0.1619593E-04
    13025.00  0.1598789E-04   0.1644866E-09   0.1598805E-04
    13075.00  0.1601054E-04   0.1650179E-09   0.1601071E-04
    13125.00  0.1556243E-04   0.1655472E-09   0.1556260E-04
    13175.00  0.1549975E-04   0.1660744E-09   0.1549992E-04
    13225.00  0.1544787E-04   0.1665994E-09   0.1544804E-04
    13275.00  0.1511555E-04   0.1671223E-09   0.1511572E-04
    13325.00  0.1508398E-04   0.1676428E-09   0.1508415E-04
    13375.00  0.1486051E-04   0.1681609E-09   0.1486068E-04
    13425.00  0.1482889E-04   0.1686765E-09   0.1482906E-04
    13475.00  0.1462093E-04   0.1691896E-09   0.1462110E-04
    13525.00  0.1447957E-04   0.1697001E-09   0.1447974E-04
    13575.00  0.1418051E-04   0.1702078E-09   0.1418068E-04
    13625.00  0.1410333E-04   0.1705170E-09   0.1410350E-04
    13675.00  0.1421679E-04   0.1710186E-09   0.1421696E-04
    13725.00  0.1431030E-04   0.1715173E-09   0.1431047E-04
    13775.00  0.1428868E-04   0.1720131E-09   0.1428885E-04
    13825.00  0.1430963E-04   0.1725059E-09   0.1430980E-04
    13875.00  0.1414118E-04   0.1729955E-09   0.1414135E-04
    13925.00  0.1314188E-04   0.1734821E-09   0.1314205E-04
    13975.00  0.1301675E-04   0.1739655E-09   0.1301692E-04
    14025.00  0.1286442E-04   0.1744456E-09   0.1286459E-04
    14075.00  0.1299622E-04   0.1749225E-09   0.1299639E-04
    14125.00  0.1285178E-04   0.1732981E-09   0.1285195E-04
    14175.00  0.1300052E-04   0.1737653E-09   0.1300069E-04
    14225.00  0.1285422E-04   0.1742291E-09   0.1285439E-04
    14275.00  0.1265097E-04   0.1746897E-09   0.1265114E-04
    14325.00  0.1295976E-04   0.1751468E-09   0.1295994E-04
    14375.00  0.1302478E-04   0.1756005E-09   0.1302496E-04
    14425.00  0.1275000E-04   0.1760507E-09   0.1275018E-04
    14475.00  0.1302895E-04   0.1764974E-09   0.1302913E-04
    14525.00  0.1292788E-04   0.1769406E-09   0.1292806E-04
    14570.00  0.1303595E-04   0.1773365E-09   0.1303613E-04
    14620.00  0.1262422E-04   0.6732985E-10   0.1262429E-04
    14675.00  0.1257092E-04   0.6737960E-10   0.1257099E-04
    14725.00  0.1246463E-04   0.6675394E-10   0.1246470E-04
    14775.00  0.1259076E-04   0.6679946E-10   0.1259083E-04
    14825.00  0.1268142E-04   0.6684536E-10   0.1268149E-04
    14875.00  0.1258893E-04   0.6689160E-10   0.1258900E-04
    14925.00  0.1297147E-04   0.6693814E-10   0.1297154E-04
    14975.00  0.1288446E-04   0.6698496E-10   0.1288453E-04
    15025.00  0.1270832E-04   0.6703202E-10   0.1270839E-04
    15075.00  0.1281847E-04   0.6707928E-10   0.1281854E-04
    15125.00  0.1309662E-04   0.6712672E-10   0.1309669E-04
    15175.00  0.1318159E-04   0.6717431E-10   0.1318166E-04
    15225.00  0.1321741E-04   0.6722224E-10   0.1321748E-04
    15275.00  0.1337129E-04   0.6727046E-10   0.1337136E-04
    15325.00  0.1336062E-04   0.6731873E-10   0.1336069E-04
    15375.00  0.1330595E-04   0.6736703E-10   0.1330602E-04
    15425.00  0.1319125E-04   0.6741532E-10   0.1319132E-04
    15475.00  0.1324819E-04   0.6746358E-10   0.1324826E-04
    15525.00  0.1317897E-04   0.6751179E-10   0.1317904E-04
    15575.00  0.1277021E-04   0.6755993E-10   0.1277028E-04
    15625.00  0.1284682E-04   0.6760797E-10   0.1284689E-04
    15675.00  0.1286838E-04   0.6765589E-10   0.1286845E-04
    15725.00  0.1327305E-04   0.6770367E-10   0.1327312E-04
    15775.00  0.1235514E-04   0.6775129E-10   0.1235521E-04
    15825.00  0.1232969E-04   0.6779873E-10   0.1232976E-04
    15875.00  0.1243048E-04   0.6784597E-10   0.1243055E-04
    15925.00  0.1288015E-04   0.6789300E-10   0.1288022E-04
    15975.00  0.1257926E-04   0.6793979E-10   0.1257933E-04
    16050.00  0.1250420E-04   0.6800950E-10   0.1250427E-04
    16150.00  0.1287709E-04   0.6810147E-10   0.1287716E-04
    16250.00  0.1235043E-04   0.6819222E-10   0.1235050E-04
    16350.00  0.1300380E-04   0.6828162E-10   0.1300387E-04
    16450.00  0.1232163E-04   0.6836958E-10   0.1232170E-04
    16550.00  0.1288428E-04   0.6845598E-10   0.1288435E-04
    16650.00  0.1250424E-04   0.6854075E-10   0.1250431E-04
    16750.00  0.1266638E-04   0.6862378E-10   0.1266645E-04
    16850.00  0.1249049E-04   0.6870502E-10   0.1249056E-04
    16950.00  0.1256995E-04   0.6878438E-10   0.1257002E-04
    17050.00  0.1240957E-04   0.6886180E-10   0.1240964E-04
    17150.00  0.1217215E-04   0.6893722E-10   0.1217222E-04
    17250.00  0.1194689E-04   0.6901057E-10   0.1194696E-04
    17350.00  0.1150203E-04   0.6908181E-10   0.1150210E-04
    17450.00  0.1130223E-04   0.6915089E-10   0.1130230E-04
    17550.00  0.1097641E-04   0.6921778E-10   0.1097648E-04
    17650.00  0.1066922E-04   0.6928243E-10   0.1066929E-04
    17750.00  0.1026332E-04   0.6934481E-10   0.1026339E-04
    17850.00  0.1001354E-04   0.6940489E-10   0.1001361E-04
    17950.00  0.9647650E-05   0.6946265E-10   0.9647719E-05
    18050.00  0.9314462E-05   0.6951805E-10   0.9314532E-05
    18150.00  0.9163868E-05   0.6957109E-10   0.9163938E-05
    18250.00  0.9007493E-05   0.6962193E-10   0.9007563E-05
    18350.00  0.8850202E-05   0.6967204E-10   0.8850272E-05
    18450.00  0.8642627E-05   0.6971964E-10   0.8642697E-05
    18550.00  0.8517601E-05   0.6187535E-10   0.8517663E-05
    18650.00  0.8228167E-05   0.6190085E-10   0.8228229E-05
    18750.00  0.8078210E-05   0.6192445E-10   0.8078272E-05
    18850.00  0.8036090E-05   0.6194613E-10   0.8036152E-05
    18950.00  0.7776117E-05   0.6196588E-10   0.7776179E-05
    19050.00  0.7902370E-05   0.6198371E-10   0.7902432E-05
    19150.00  0.7771711E-05   0.6199960E-10   0.7771773E-05
    19250.00  0.7709504E-05   0.6201356E-10   0.7709566E-05
    19350.00  0.7517445E-05   0.6202558E-10   0.7517507E-05
    19450.00  0.7363507E-05   0.6203567E-10   0.7363569E-05
    19550.00  0.7312660E-05   0.6204384E-10   0.7312722E-05
    19650.00  0.7154139E-05   0.6205008E-10   0.7154201E-05
    19750.00  0.6915909E-05   0.6205441E-10   0.6915971E-05
    19850.00  0.6844059E-05   0.6205683E-10   0.6844121E-05
    19950.00  0.6778850E-05   0.6205734E-10   0.6778912E-05
    20050.00  0.6763223E-05   0.6205597E-10   0.6763285E-05
    20150.00  0.6681103E-05   0.6205271E-10   0.6681165E-05
    20250.00  0.6529243E-05   0.6198837E-10   0.6529305E-05
    20350.00  0.6494375E-05   0.6198154E-10   0.6494437E-05
    20450.00  0.6523801E-05   0.6197288E-10   0.6523863E-05
    20550.00  0.6454772E-05   0.6196239E-10   0.6454834E-05
    20650.00  0.6394424E-05   0.6195009E-10   0.6394486E-05
    20750.00  0.6372142E-05   0.6193600E-10   0.6372204E-05
    20850.00  0.6320646E-05   0.6192012E-10   0.6320708E-05
    20950.00  0.6251878E-05   0.6190248E-10   0.6251940E-05
    21050.00  0.6271275E-05   0.6188310E-10   0.6271337E-05
    21150.00  0.6204236E-05   0.6186198E-10   0.6204298E-05
    21250.00  0.6155702E-05   0.6183916E-10   0.6155764E-05
    21350.00  0.6154181E-05   0.6181464E-10   0.6154243E-05
    21450.00  0.6105174E-05   0.6178844E-10   0.6105236E-05
    21550.00  0.6042945E-05   0.6173285E-10   0.6043007E-05
    21650.00  0.5960427E-05   0.6170352E-10   0.5960489E-05
    21750.00  0.5884353E-05   0.6167257E-10   0.5884415E-05
    21850.00  0.5840018E-05   0.6164002E-10   0.5840080E-05
    21950.00  0.5790135E-05   0.6160588E-10   0.5790197E-05
    22050.00  0.5649785E-05   0.6157019E-10   0.5649847E-05
    22150.00  0.5666290E-05   0.6153295E-10   0.5666352E-05
    22250.00  0.5534453E-05   0.6120039E-10   0.5534514E-05
    22350.00  0.5477758E-05   0.6116114E-10   0.5477819E-05
    22450.00  0.5412944E-05   0.6112041E-10   0.5413005E-05
    22550.00  0.5360236E-05   0.6107822E-10   0.5360297E-05
    22650.00  0.5241843E-05   0.6103460E-10   0.5241904E-05
    22750.00  0.5225739E-05   0.6098956E-10   0.5225800E-05
    22850.00  0.5115247E-05   0.3735444E-10   0.5115284E-05
    22950.00  0.4282410E-05   0.3720042E-10   0.4282447E-05
    23050.00  0.4547156E-05   0.3716025E-10   0.4547193E-05
    23150.00  0.4518891E-05   0.3711959E-10   0.4518928E-05
    23250.00  0.3855788E-05   0.3707846E-10   0.3855825E-05
    23350.00  0.4133717E-05   0.3703686E-10   0.4133754E-05
    23450.00  0.3936513E-05   0.3699478E-10   0.3936550E-05
    23550.00  0.3513852E-05   0.3695224E-10   0.3513889E-05
    23650.00  0.3790605E-05   0.3690923E-10   0.3790642E-05
    23750.00  0.3604835E-05   0.3686577E-10   0.3604872E-05
    23850.00  0.3287134E-05   0.3682186E-10   0.3287171E-05
    23950.00  0.3464039E-05   0.3677750E-10   0.3464076E-05
    24050.00  0.3358496E-05   0.3673269E-10   0.3358533E-05
    24150.00  0.3062494E-05   0.3668746E-10   0.3062531E-05
    24250.00  0.3147155E-05   0.3664179E-10   0.3147192E-05
    24350.00  0.3042218E-05   0.3659569E-10   0.3042255E-05
    24450.00  0.2851152E-05   0.3654918E-10   0.2851189E-05
    24550.00  0.2775252E-05   0.3650225E-10   0.2775289E-05
    24650.00  0.2775649E-05   0.3645491E-10   0.2775685E-05
    24750.00  0.2651941E-05   0.3640717E-10   0.2651977E-05
    24850.00  0.2378865E-05   0.3635903E-10   0.2378901E-05
    24950.00  0.2332021E-05   0.3631050E-10   0.2332057E-05
    25050.00  0.2367071E-05   0.3626159E-10   0.2367107E-05
    25150.00  0.2198814E-05   0.3621230E-10   0.2198850E-05
    25250.00  0.2264682E-05   0.3616263E-10   0.2264718E-05
    25350.00  0.2255530E-05   0.3611260E-10   0.2255566E-05
    25450.00  0.2208926E-05   0.3606220E-10   0.2208962E-05
    25550.00  0.2191344E-05   0.3601145E-10   0.2191380E-05
    25650.00  0.2211233E-05   0.3596035E-10   0.2211269E-05
    25750.00  0.2235858E-05   0.3590891E-10   0.2235894E-05
    25850.00  0.2154025E-05   0.3585713E-10   0.2154061E-05
    25950.00  0.2178016E-05   0.3580502E-10   0.2178052E-05
    26050.00  0.2194040E-05   0.3575258E-10   0.2194076E-05
    26150.00  0.2153001E-05   0.3569983E-10   0.2153037E-05
    26250.00  0.2116595E-05   0.3564676E-10   0.2116631E-05
    26350.00  0.2124317E-05   0.3559339E-10   0.2124353E-05
    26450.00  0.2103335E-05   0.3553971E-10   0.2103371E-05
    26550.00  0.2074904E-05   0.3548574E-10   0.2074939E-05
    26650.00  0.2036797E-05   0.3543148E-10   0.2036832E-05
    26750.00  0.2072632E-05   0.3537694E-10   0.2072667E-05
    26850.00  0.2044909E-05   0.3532212E-10   0.2044944E-05
    26950.00  0.1991936E-05   0.3526703E-10   0.1991971E-05
    27050.00  0.1997825E-05   0.3521168E-10   0.1997860E-05
    27150.00  0.1976607E-05   0.3515606E-10   0.1976642E-05
    27250.00  0.1966295E-05   0.3510019E-10   0.1966330E-05
    27350.00  0.1922049E-05   0.3504407E-10   0.1922084E-05
    27450.00  0.1924286E-05   0.3498771E-10   0.1924321E-05
    27550.00  0.1915809E-05   0.3493112E-10   0.1915844E-05
    27650.00  0.1885273E-05   0.3293419E-10   0.1885306E-05
    27750.00  0.1850890E-05   0.3287983E-10   0.1850923E-05
    27850.00  0.1849749E-05   0.3282527E-10   0.1849782E-05
    27950.00  0.1843941E-05   0.3277053E-10   0.1843974E-05
    28050.00  0.1821933E-05   0.3271560E-10   0.1821966E-05
    28150.00  0.1792334E-05   0.3266049E-10   0.1792367E-05
    28250.00  0.1782325E-05   0.3260521E-10   0.1782358E-05
    28350.00  0.1775803E-05   0.3254976E-10   0.1775836E-05
    28450.00  0.1752191E-05   0.3249414E-10   0.1752223E-05
    28550.00  0.1734100E-05   0.3243837E-10   0.1734132E-05
    28650.00  0.1718842E-05   0.3238244E-10   0.1718874E-05
    28750.00  0.1704593E-05   0.3232635E-10   0.1704625E-05
    28850.00  0.1687759E-05   0.3227012E-10   0.1687791E-05
    28950.00  0.1672272E-05   0.3221375E-10   0.1672304E-05
    29050.00  0.1654347E-05   0.3215724E-10   0.1654379E-05
    29150.00  0.1641297E-05   0.3210060E-10   0.1641329E-05
    29250.00  0.1610328E-05   0.3204383E-10   0.1610360E-05
    29350.00  0.1610089E-05   0.3198693E-10   0.1610121E-05
    29450.00  0.1590442E-05   0.3192991E-10   0.1590474E-05
    29550.00  0.1575664E-05   0.3187277E-10   0.1575696E-05
    29650.00  0.1566179E-05   0.3181552E-10   0.1566211E-05
    29750.00  0.1551807E-05   0.3174669E-10   0.1551839E-05
    29850.00  0.1532337E-05   0.3168925E-10   0.1532369E-05
    29950.00  0.1516324E-05   0.3163171E-10   0.1516356E-05
    30050.00  0.1504410E-05   0.3157407E-10   0.1504442E-05
    30150.00  0.1499409E-05   0.3151633E-10   0.1499441E-05
    30250.00  0.1484458E-05   0.3145851E-10   0.1484489E-05
    30350.00  0.1472464E-05   0.3140060E-10   0.1472495E-05
    30450.00  0.1468964E-05   0.3134261E-10   0.1468995E-05
    30550.00  0.1456709E-05   0.3128455E-10   0.1456740E-05
    30650.00  0.1446715E-05   0.3122641E-10   0.1446746E-05
    30750.00  0.1441416E-05   0.3116819E-10   0.1441447E-05
    30850.00  0.1426680E-05   0.3110991E-10   0.1426711E-05
    30950.00  0.1422997E-05   0.3105157E-10   0.1423028E-05
    31050.00  0.1419455E-05   0.3099317E-10   0.1419486E-05
    31150.00  0.1400464E-05   0.3093471E-10   0.1400495E-05
    31250.00  0.1398610E-05   0.3087619E-10   0.1398641E-05
    31350.00  0.1390127E-05   0.3081169E-10   0.1390158E-05
    31450.00  0.1380366E-05   0.3075310E-10   0.1380397E-05
    31550.00  0.1369531E-05   0.3069446E-10   0.1369562E-05
    31650.00  0.1357093E-05   0.3063579E-10   0.1357124E-05
    31750.00  0.1353768E-05   0.3057708E-10   0.1353799E-05
    31850.00  0.1346039E-05   0.3051833E-10   0.1346070E-05
    31950.00  0.1341759E-05   0.3045956E-10   0.1341789E-05
    32100.00  0.1328877E-05   0.3031222E-10   0.1328907E-05
    32300.00  0.1312208E-05   0.3019499E-10   0.1312238E-05
    32500.00  0.1298878E-05   0.3007768E-10   0.1298908E-05
    32700.00  0.1281487E-05   0.2996032E-10   0.1281517E-05
    32900.00  0.1263164E-05   0.2318622E-10   0.1263187E-05
    33100.00  0.1249558E-05   0.2306878E-10   0.1249581E-05
    33300.00  0.1232870E-05   0.2297771E-10   0.1232893E-05
    33500.00  0.1219702E-05   0.2288672E-10   0.1219725E-05
    33700.00  0.1202188E-05   0.2279583E-10   0.1202211E-05
    33900.00  0.1182830E-05   0.2270504E-10   0.1182853E-05
    34100.00  0.1163482E-05   0.2261437E-10   0.1163505E-05
    34300.00  0.1149379E-05   0.2252383E-10   0.1149402E-05
    34500.00  0.1131618E-05   0.2243343E-10   0.1131640E-05
    34700.00  0.1112900E-05   0.2234317E-10   0.1112922E-05
    34900.00  0.1096690E-05   0.2225308E-10   0.1096712E-05
    35100.00  0.1080395E-05   0.2216314E-10   0.1080417E-05
    35300.00  0.1060916E-05   0.2207339E-10   0.1060938E-05
    35500.00  0.1045645E-05   0.2198382E-10   0.1045667E-05
    35700.00  0.1028003E-05   0.2189444E-10   0.1028025E-05
    35900.00  0.1011728E-05   0.2180527E-10   0.1011750E-05
    36100.00  0.9974819E-06   0.2171630E-10   0.9975036E-06
    36300.00  0.9801577E-06   0.2162756E-10   0.9801793E-06
    36500.00  0.9620891E-06   0.2153903E-10   0.9621106E-06
    36700.00  0.9462460E-06   0.2145074E-10   0.9462675E-06
    36900.00  0.9273356E-06   0.2136269E-10   0.9273570E-06
    37100.00  0.9105515E-06   0.2127488E-10   0.9105728E-06
    37300.00  0.8990616E-06   0.2118732E-10   0.8990828E-06
    37500.00  0.8797366E-06   0.2110002E-10   0.8797577E-06
    37700.00  0.8691954E-06   0.2101299E-10   0.8692164E-06
    37900.00  0.8522899E-06   0.2092622E-10   0.8523108E-06
    38100.00  0.8380444E-06   0.2083972E-10   0.8380652E-06
    38300.00  0.8250645E-06   0.2075351E-10   0.8250853E-06
    38500.00  0.8109863E-06   0.2066758E-10   0.8110070E-06
    38700.00  0.7932331E-06   0.1997922E-10   0.7932531E-06
    38900.00  0.7794575E-06   0.1989650E-10   0.7794774E-06
    39100.00  0.7664777E-06   0.1981407E-10   0.7664975E-06
    39300.00  0.7521769E-06   0.1973193E-10   0.7521966E-06
    39500.00  0.7348820E-06   0.1965010E-10   0.7349017E-06
    39700.00  0.7218864E-06   0.1956856E-10   0.7219060E-06
    39900.00  0.7043010E-06   0.1948733E-10   0.7043205E-06
    40100.00  0.6940229E-06   0.1940641E-10   0.6940423E-06
    40300.00  0.6825403E-06   0.1932580E-10   0.6825596E-06
    40500.00  0.6678364E-06   0.1924550E-10   0.6678556E-06
    40700.00  0.6556204E-06   0.1916552E-10   0.6556396E-06
    40900.00  0.6445313E-06   0.1908586E-10   0.6445504E-06
    41100.00  0.6333784E-06   0.1900369E-10   0.6333974E-06
    41300.00  0.6231671E-06   0.1892468E-10   0.6231860E-06
    41500.00  0.6116910E-06   0.1884600E-10   0.6117098E-06
    41700.00  0.6012753E-06   0.1876765E-10   0.6012941E-06
    41900.00  0.5901141E-06   0.1868963E-10   0.5901328E-06
    42100.00  0.5790105E-06   0.1861194E-10   0.5790291E-06
    42300.00  0.5719792E-06   0.1853458E-10   0.5719977E-06
    42500.00  0.5608857E-06   0.1845756E-10   0.5609042E-06
    42700.00  0.5525789E-06   0.1838087E-10   0.5525973E-06
    42900.00  0.5248640E-06   0.1830452E-10   0.5248823E-06
    43100.00  0.4947325E-06   0.1822703E-10   0.4947507E-06
    43300.00  0.4944836E-06   0.1815135E-10   0.4945018E-06
    43500.00  0.4710506E-06   0.1807601E-10   0.4710687E-06
    43700.00  0.4583595E-06   0.1800102E-10   0.4583775E-06
    43900.00  0.4481366E-06   0.1791109E-10   0.4481545E-06
    44100.00  0.4322018E-06   0.1783690E-10   0.4322196E-06
    44300.00  0.4229259E-06   0.1776306E-10   0.4229437E-06
    44500.00  0.4158134E-06   0.1768955E-10   0.4158311E-06
    44700.00  0.4044637E-06   0.1710132E-10   0.4044808E-06
    44900.00  0.4008554E-06   0.1526416E-10   0.4008707E-06
    45100.00  0.3931779E-06   0.1520193E-10   0.3931931E-06
    45300.00  0.3851983E-06   0.1513999E-10   0.3852134E-06
    45500.00  0.3817872E-06   0.1507836E-10   0.3818023E-06
    45700.00  0.3761228E-06   0.1501702E-10   0.3761378E-06
    45900.00  0.3650254E-06   0.1495597E-10   0.3650404E-06
    46100.00  0.3650307E-06   0.1489522E-10   0.3650456E-06
    46300.00  0.3583696E-06   0.1483477E-10   0.3583844E-06
    46500.00  0.3541620E-06   0.1477461E-10   0.3541768E-06
    46700.00  0.3527089E-06   0.1471475E-10   0.3527236E-06
    46900.00  0.3457859E-06   0.1465518E-10   0.3458006E-06
    47100.00  0.3399289E-06   0.1459591E-10   0.3399435E-06
    47300.00  0.3396806E-06   0.1453693E-10   0.3396951E-06
    47500.00  0.3313716E-06   0.1447825E-10   0.3313861E-06
    47700.00  0.3285051E-06   0.1441986E-10   0.3285195E-06
    47900.00  0.3251275E-06   0.1436176E-10   0.3251419E-06
    48100.00  0.3166753E-06   0.1430395E-10   0.3166896E-06
    48300.00  0.3181938E-06   0.1424644E-10   0.3182080E-06
    48500.00  0.3112330E-06   0.1418921E-10   0.3112472E-06
    48700.00  0.3055392E-06   0.1413228E-10   0.3055533E-06
    48900.00  0.3010536E-06   0.1407564E-10   0.3010677E-06
    49100.00  0.2967585E-06   0.1401928E-10   0.2967725E-06
    49300.00  0.2937606E-06   0.1396321E-10   0.2937746E-06
    49500.00  0.2881226E-06   0.1390743E-10   0.2881365E-06
    49700.00  0.2870764E-06   0.1385193E-10   0.2870903E-06
    49900.00  0.2820301E-06   0.1379672E-10   0.2820439E-06
    50100.00  0.2782871E-06   0.1374180E-10   0.2783008E-06
    50300.00  0.2744942E-06   0.1368715E-10   0.2745079E-06
    50500.00  0.2693616E-06   0.1363279E-10   0.2693752E-06
    50700.00  0.2670710E-06   0.1357871E-10   0.2670846E-06
    50900.00  0.2631755E-06   0.1352492E-10   0.2631890E-06
    51100.00  0.2589379E-06   0.1347140E-10   0.2589514E-06
    51300.00  0.2570017E-06   0.1341816E-10   0.2570151E-06
    51500.00  0.2524944E-06   0.1314335E-10   0.2525075E-06
    51700.00  0.2507805E-06   0.1309163E-10   0.2507936E-06
    51900.00  0.2467380E-06   0.1304018E-10   0.2467510E-06
    52100.00  0.2441250E-06   0.1298901E-10   0.2441380E-06
    52300.00  0.2399802E-06   0.1293810E-10   0.2399931E-06
    52500.00  0.2380461E-06   0.1288746E-10   0.2380590E-06
    52700.00  0.2368023E-06   0.1283708E-10   0.2368151E-06
    52900.00  0.2319294E-06   0.1278697E-10   0.2319422E-06
    53100.00  0.2287938E-06   0.1273713E-10   0.2288065E-06
    53300.00  0.2270582E-06   0.1268754E-10   0.2270709E-06
    53500.00  0.2242332E-06   0.1263822E-10   0.2242458E-06
    53700.00  0.2218907E-06   0.1258916E-10   0.2219033E-06
    53900.00  0.2193734E-06   0.1254036E-10   0.2193859E-06
    54100.00  0.2168640E-06   0.1249181E-10   0.2168765E-06
    54300.00  0.2130469E-06   0.1244262E-10   0.2130593E-06
    54500.00  0.2118787E-06   0.1239458E-10   0.2118911E-06
    54700.00  0.2082812E-06   0.1234679E-10   0.2082935E-06
    54900.00  0.2062848E-06   0.1229925E-10   0.2062971E-06
    55100.00  0.2033883E-06   0.1225197E-10   0.2034006E-06
    55300.00  0.2036254E-06   0.1220494E-10   0.2036376E-06
    55500.00  0.1984900E-06   0.1215815E-10   0.1985022E-06
    55700.00  0.1978369E-06   0.1211162E-10   0.1978490E-06
    55900.00  0.1946766E-06   0.1206533E-10   0.1946887E-06
    56100.00  0.1932671E-06   0.1201929E-10   0.1932791E-06
    56300.00  0.1897678E-06   0.1197350E-10   0.1897798E-06
    56500.00  0.1886933E-06   0.1192757E-10   0.1887052E-06
    56700.00  0.1864660E-06   0.1188224E-10   0.1864779E-06
    56900.00  0.1832354E-06   0.1183715E-10   0.1832472E-06
    57100.00  0.1824452E-06   0.1179230E-10   0.1824570E-06
    57300.00  0.1801683E-06   0.1174769E-10   0.1801800E-06
    57500.00  0.1780595E-06   0.1169859E-10   0.1780712E-06
    57700.00  0.1757495E-06   0.1165450E-10   0.1757612E-06
    57900.00  0.1744776E-06   0.1161065E-10   0.1744892E-06
    58100.00  0.1718282E-06   0.1156703E-10   0.1718398E-06
    58300.00  0.1700351E-06   0.1152364E-10   0.1700466E-06
    58500.00  0.1681302E-06   0.1058075E-10   0.1681408E-06
    58700.00  0.1655858E-06   0.1053922E-10   0.1655963E-06
    58900.00  0.1638722E-06   0.1050033E-10   0.1638827E-06
    59100.00  0.1621558E-06   0.1046166E-10   0.1621663E-06
    59300.00  0.1604805E-06   0.1042319E-10   0.1604909E-06
    59500.00  0.1582397E-06   0.1038492E-10   0.1582501E-06
    59700.00  0.1569210E-06   0.1034685E-10   0.1569313E-06
    59900.00  0.1551326E-06   0.1030899E-10   0.1551429E-06
    60100.00  0.1533390E-06   0.1027133E-10   0.1533493E-06
    60300.00  0.1515485E-06   0.1023386E-10   0.1515587E-06
    60500.00  0.1494208E-06   0.1019659E-10   0.1494310E-06
    60700.00  0.1477789E-06   0.1015952E-10   0.1477891E-06
    60900.00  0.1460424E-06   0.1012265E-10   0.1460525E-06
    61100.00  0.1442115E-06   0.1008597E-10   0.1442216E-06
    61300.00  0.1428818E-06   0.1004948E-10   0.1428918E-06
    61500.00  0.1413978E-06   0.1001319E-10   0.1414078E-06
    61700.00  0.1400164E-06   0.9977087E-11   0.1400264E-06
    61900.00  0.1383243E-06   0.9941175E-11   0.1383342E-06
    62100.00  0.1369445E-06   0.9905452E-11   0.1369544E-06
    62300.00  0.1351143E-06   0.9869917E-11   0.1351242E-06
    62500.00  0.1333426E-06   0.9834568E-11   0.1333524E-06
    62700.00  0.1318393E-06   0.9799406E-11   0.1318491E-06
    62900.00  0.1305139E-06   0.9764428E-11   0.1305237E-06
    63100.00  0.1289350E-06   0.9729634E-11   0.1289447E-06
    63300.00  0.1278755E-06   0.9695022E-11   0.1278852E-06
    63500.00  0.1262352E-06   0.9660592E-11   0.1262449E-06
    63700.00  0.1251391E-06   0.9626343E-11   0.1251487E-06
    63900.00  0.1233467E-06   0.9592273E-11   0.1233563E-06
    64200.00  0.1214967E-06   0.9541502E-11   0.1215062E-06
    64600.00  0.1186990E-06   0.9474425E-11   0.1187085E-06
    65000.00  0.1161157E-06   0.9408047E-11   0.1161251E-06
    65400.00  0.1135497E-06   0.9342360E-11   0.1135590E-06
    65800.00  0.1111685E-06   0.9277355E-11   0.1111778E-06
    66200.00  0.1086690E-06   0.9120714E-11   0.1086781E-06
    66600.00  0.1063381E-06   0.9057786E-11   0.1063472E-06
    67000.00  0.1040673E-06   0.8995509E-11   0.1040763E-06
    67400.00  0.1017499E-06   0.8933873E-11   0.1017588E-06
    67800.00  0.9958016E-07   0.8872872E-11   0.9958903E-07
    68200.00  0.9741288E-07   0.8812498E-11   0.9742169E-07
    68600.00  0.9540620E-07   0.8752743E-11   0.9541495E-07
    69000.00  0.9335070E-07   0.8693599E-11   0.9335939E-07
    69400.00  0.9138394E-07   0.8634705E-11   0.9139257E-07
    69800.00  0.8946868E-07   0.8576753E-11   0.8947726E-07
    70200.00  0.8753829E-07   0.8519392E-11   0.8754681E-07
    70600.00  0.8576649E-07   0.8462613E-11   0.8577495E-07
    71000.00  0.8396556E-07   0.8406410E-11   0.8397397E-07
    71400.00  0.8225006E-07   0.8350776E-11   0.8225841E-07
    71800.00  0.8052773E-07   0.8295640E-11   0.8053603E-07
    72200.00  0.7889501E-07   0.8241118E-11   0.7890325E-07
    72600.00  0.7726321E-07   0.8187144E-11   0.7727140E-07
    73000.00  0.7570278E-07   0.8132018E-11   0.7571091E-07
    73400.00  0.7414301E-07   0.8079129E-11   0.7415109E-07
    73800.00  0.7266656E-07   0.8026768E-11   0.7267459E-07
    74200.00  0.7112800E-07   0.7579473E-11   0.7113558E-07
    74600.00  0.6971349E-07   0.7531156E-11   0.6972102E-07
    75000.00  0.6834830E-07   0.7483316E-11   0.6835578E-07
    75400.00  0.6696293E-07   0.7435946E-11   0.6697037E-07
    75800.00  0.6571124E-07   0.7389042E-11   0.6571863E-07
    76200.00  0.6442280E-07   0.7342598E-11   0.6443014E-07
    76600.00  0.6316486E-07   0.7296607E-11   0.6317216E-07
    77000.00  0.6191664E-07   0.7251065E-11   0.6192389E-07
    77400.00  0.6073390E-07   0.7205967E-11   0.6074111E-07
    77800.00  0.5956725E-07   0.7161305E-11   0.5957441E-07
    78200.00  0.5841132E-07   0.7117076E-11   0.5841844E-07
    78600.00  0.5730291E-07   0.7073275E-11   0.5730998E-07
    79000.00  0.5621472E-07   0.7029895E-11   0.5622175E-07
    79400.00  0.5514877E-07   0.6986932E-11   0.5515576E-07
    79800.00  0.5411705E-07   0.6944381E-11   0.5412399E-07
    80200.00  0.5306575E-07   0.6902236E-11   0.5307265E-07
    80600.00  0.5207946E-07   0.6860494E-11   0.5208632E-07
    81000.00  0.5113116E-07   0.6819148E-11   0.5113798E-07
    81400.00  0.5017210E-07   0.6778195E-11   0.5017888E-07
    81800.00  0.4926983E-07   0.6737630E-11   0.4927657E-07
    82200.00  0.4836871E-07   0.6697447E-11   0.4837541E-07
    82600.00  0.4747861E-07   0.6615145E-11   0.4748523E-07
    83000.00  0.4661680E-07   0.6576015E-11   0.4662338E-07
    83400.00  0.4575912E-07   0.6537251E-11   0.4576566E-07
    83800.00  0.4493015E-07   0.6498849E-11   0.4493665E-07
    84200.00  0.4414282E-07   0.6460804E-11   0.4414928E-07
    84600.00  0.4334620E-07   0.6423113E-11   0.4335262E-07
    85000.00  0.4257989E-07   0.6385771E-11   0.4258628E-07
    85400.00  0.4183158E-07   0.6348774E-11   0.4183793E-07
    85800.00  0.4109564E-07   0.6312118E-11   0.4110195E-07
    86200.00  0.4037865E-07   0.6275682E-11   0.4038493E-07
    86600.00  0.3968029E-07   0.6239694E-11   0.3968653E-07
    87000.00  0.3898933E-07   0.6204036E-11   0.3899553E-07
    87400.00  0.3831499E-07   0.6168702E-11   0.3832116E-07
    87800.00  0.3765070E-07   0.6133690E-11   0.3765683E-07
    88200.00  0.3699681E-07   0.6098995E-11   0.3700291E-07
    88600.00  0.3636664E-07   0.6064614E-11   0.3637270E-07
    89000.00  0.3574470E-07   0.6030482E-11   0.3575073E-07
    89400.00  0.3515185E-07   0.5996719E-11   0.3515785E-07
    89800.00  0.3453559E-07   0.5963259E-11   0.3454155E-07
    90200.00  0.3397397E-07   0.5929405E-11   0.3397990E-07
    90600.00  0.3341184E-07   0.5896548E-11   0.3341774E-07
    91000.00  0.3282543E-07   0.5863984E-11   0.3283129E-07
    91400.00  0.3230178E-07   0.5641560E-11   0.3230742E-07
    91800.00  0.3176623E-07   0.5610442E-11   0.3177184E-07
    92200.00  0.3125634E-07   0.5579980E-11   0.3126192E-07
    92600.00  0.3074565E-07   0.5549785E-11   0.3075120E-07
    93000.00  0.3024033E-07   0.5519854E-11   0.3024585E-07
    93400.00  0.2974906E-07   0.5490185E-11   0.2975455E-07
    93800.00  0.2926983E-07   0.5460773E-11   0.2927529E-07
    94200.00  0.2879743E-07   0.5431617E-11   0.2880286E-07
    94600.00  0.2832736E-07   0.5402713E-11   0.2833276E-07
    95000.00  0.2787594E-07   0.5374059E-11   0.2788131E-07
    95400.00  0.2743604E-07   0.5345651E-11   0.2744139E-07
    95800.00  0.2699901E-07   0.5317487E-11   0.2700433E-07
    96200.00  0.2657404E-07   0.5289564E-11   0.2657933E-07
    96600.00  0.2615844E-07   0.5261880E-11   0.2616370E-07
    97000.00  0.2574627E-07   0.5234431E-11   0.2575150E-07
    97400.00  0.2532676E-07   0.5207216E-11   0.2533197E-07
    97800.00  0.2494507E-07   0.5180231E-11   0.2495025E-07
    98200.00  0.2456169E-07   0.5153473E-11   0.2456684E-07
    98600.00  0.2418381E-07   0.5126942E-11   0.2418894E-07
    99000.00  0.2381137E-07   0.5100633E-11   0.2381647E-07
    99400.00  0.2344724E-07   0.5074544E-11   0.2345231E-07
    99800.00  0.2308993E-07   0.5048673E-11   0.2309498E-07
   100200.00  0.2274059E-07   0.1492091E-11   0.2274208E-07
   200000.00  0.1556328E-08   0.3745162E-12   0.1556703E-08
   400000.00  0.1010292E-09   0.9362905E-13   0.1011228E-09
   600000.00  0.2015480E-10   0.4161291E-13   0.2019641E-10
   800000.00  0.6400343E-11   0.2340726E-13   0.6423750E-11
  1000000.00  0.2624952E-11   0.1498065E-13   0.2639933E-11
  1200000.00  0.1266376E-11   0.1040323E-13   0.1276779E-11
  1400000.00  0.6833833E-12   0.7643188E-14   0.6910265E-12
  1600000.00  0.4003892E-12   0.5851816E-14   0.4062410E-12
