       91.00  0.4924439E-30   0.0000000E+00   0.4924439E-30
       94.00  0.4924439E-30   0.0000000E+00   0.4924439E-30
       96.00  0.4924439E-30   0.0000000E+00   0.4924439E-30
       98.00  0.4924439E-30   0.0000000E+00   0.4924439E-30
      100.00  0.4924439E-30   0.0000000E+00   0.4924439E-30
      102.00  0.4924439E-30   0.0000000E+00   0.4924439E-30
      104.00  0.4924439E-30   0.0000000E+00   0.4924439E-30
      106.00  0.4924439E-30   0.0000000E+00   0.4924439E-30
      108.00  0.4924439E-30   0.0000000E+00   0.4924439E-30
      110.00  0.4924439E-30   0.0000000E+00   0.4924439E-30
      114.00  0.4924439E-30   0.0000000E+00   0.4924439E-30
      118.00  0.4924439E-30   0.0000000E+00   0.4924439E-30
      121.00  0.4924439E-30   0.0000000E+00   0.4924439E-30
      125.00  0.4924439E-30   0.0000000E+00   0.4924439E-30
      127.00  0.4924439E-30   0.0000000E+00   0.4924439E-30
      128.00  0.4924439E-30   0.0000000E+00   0.4924439E-30
      131.00  0.4924439E-30   0.0000000E+00   0.4924439E-30
      132.00  0.4924439E-30   0.0000000E+00   0.4924439E-30
      134.00  0.4924439E-30   0.0000000E+00   0.4924439E-30
      137.00  0.4924439E-30   0.0000000E+00   0.4924439E-30
      140.00  0.4924439E-30   0.0000000E+00   0.4924439E-30
      143.00  0.4924439E-30   0.0000000E+00   0.4924439E-30
      147.00  0.4924439E-30   0.0000000E+00   0.4924439E-30
      151.00  0.4924439E-30   0.0000000E+00   0.4924439E-30
      155.00  0.4924439E-30   0.0000000E+00   0.4924439E-30
      159.00  0.4924439E-30   0.0000000E+00   0.4924439E-30
      162.00  0.4924439E-30   0.0000000E+00   0.4924439E-30
      166.00  0.4924439E-30   0.0000000E+00   0.4924439E-30
      170.00  0.4924439E-30   0.0000000E+00   0.4924439E-30
      173.00  0.4924439E-30   0.0000000E+00   0.4924439E-30
      177.00  0.4924439E-30   0.0000000E+00   0.4924439E-30
      180.00  0.4924439E-30   0.0000000E+00   0.4924439E-30
      182.00  0.4924439E-30   0.0000000E+00   0.4924439E-30
      186.00  0.4924439E-30   0.0000000E+00   0.4924439E-30
      191.00  0.4924439E-30   0.0000000E+00   0.4924439E-30
      194.00  0.4924439E-30   0.0000000E+00   0.4924439E-30
      198.00  0.4924439E-30   0.0000000E+00   0.4924439E-30
      202.00  0.4924439E-30   0.0000000E+00   0.4924439E-30
      205.00  0.4924439E-30   0.0000000E+00   0.4924439E-30
      210.00  0.4924439E-30   0.0000000E+00   0.4924439E-30
      216.00  0.9564808E-17   0.0000000E+00   0.9564808E-17
      220.00  0.5726138E-16   0.0000000E+00   0.5726138E-16
      223.00  0.1525683E-15   0.0000000E+00   0.1525683E-15
      227.00  0.1144368E-15   0.0000000E+00   0.1144368E-15
      228.00  0.7540261E-16   0.0000000E+00   0.7540261E-16
      228.00  0.2390811E-10   0.0000000E+00   0.2390811E-10
      230.00  0.4079434E-11   0.0000000E+00   0.4079434E-11
      234.00  0.4373679E-10   0.0000000E+00   0.4373679E-10
      240.00  0.1776144E-09   0.0000000E+00   0.1776144E-09
      246.00  0.2718292E-09   0.0000000E+00   0.2718292E-09
      252.00  0.4028089E-09   0.0000000E+00   0.4028089E-09
      257.00  0.8177742E-09   0.0000000E+00   0.8177742E-09
      260.00  0.1991717E-08   0.0000000E+00   0.1991717E-08
      264.00  0.2423073E-09   0.0000000E+00   0.2423073E-09
      269.00  0.1852425E-08   0.0000000E+00   0.1852425E-08
      274.00  0.4696773E-08   0.0000000E+00   0.4696773E-08
      279.00  0.4112854E-08   0.0000000E+00   0.4112854E-08
      284.00  0.2351811E-07   0.0000000E+00   0.2351811E-07
      290.00  0.1558660E-07   0.0000000E+00   0.1558660E-07
      296.00  0.2706508E-07   0.0000000E+00   0.2706508E-07
      301.00  0.3577831E-07   0.0000000E+00   0.3577831E-07
      308.00  0.5602101E-07   0.0000000E+00   0.5602101E-07
      318.00  0.1340110E-06   0.0000000E+00   0.1340110E-06
      328.00  0.1045050E-06   0.0000000E+00   0.1045050E-06
      338.00  0.4124058E-06   0.0000000E+00   0.4124058E-06
      348.00  0.5650764E-06   0.0000000E+00   0.5650764E-06
      353.30  0.5830537E-06   0.0000000E+00   0.5830537E-06
      353.30  0.4312938E-06   0.0000000E+00   0.4312938E-06
      357.00  0.6793886E-07   0.0000000E+00   0.6793886E-07
      366.00  0.7946488E-06   0.0000000E+00   0.7946488E-06
      375.00  0.1650278E-05   0.0000000E+00   0.1650278E-05
      385.00  0.4848363E-06   0.0000000E+00   0.4848363E-06
      395.00  0.1105843E-05   0.0000000E+00   0.1105843E-05
      405.00  0.2199953E-05   0.0000000E+00   0.2199953E-05
      414.00  0.3760153E-05   0.0000000E+00   0.3760153E-05
      422.00  0.4655073E-05   0.0000000E+00   0.4655073E-05
      430.00  0.1383962E-04   0.0000000E+00   0.1383962E-04
      441.00  0.7638567E-05   0.0000000E+00   0.7638567E-05
      451.00  0.5913061E-05   0.0000000E+00   0.5913061E-05
      460.00  0.2667511E-04   0.0000000E+00   0.2667511E-04
      470.00  0.1360277E-04   0.0000000E+00   0.1360277E-04
      480.00  0.1982262E-04   0.0000000E+00   0.1982262E-04
      490.00  0.8837935E-05   0.0000000E+00   0.8837935E-05
      500.00  0.2314551E-04   0.0000000E+00   0.2314551E-04
      504.60  0.3595037E-04   0.0000000E+00   0.3595037E-04
      504.60  0.4140280E-04   0.0000000E+00   0.4140280E-04
      506.00  0.2561484E-05   0.0000000E+00   0.2561484E-05
      512.00  0.8024412E-04   0.0000000E+00   0.8024412E-04
      520.00  0.9586819E-04   0.0000000E+00   0.9586819E-04
      530.00  0.1077516E-03   0.0000000E+00   0.1077516E-03
      540.00  0.1085935E-03   0.0000000E+00   0.1085935E-03
      550.00  0.8990428E-04   0.0000000E+00   0.8990428E-04
      560.00  0.1584844E-03   0.0000000E+00   0.1584844E-03
      570.00  0.1557136E-03   0.0000000E+00   0.1557136E-03
      580.00  0.1580360E-03   0.0000000E+00   0.1580360E-03
      590.00  0.2247820E-03   0.0000000E+00   0.2247820E-03
      600.00  0.3102463E-03   0.0000000E+00   0.3102463E-03
      610.00  0.2424378E-03   0.0000000E+00   0.2424378E-03
      620.00  0.3294462E-03   0.0000000E+00   0.3294462E-03
      630.00  0.3275942E-03   0.0000000E+00   0.3275942E-03
      640.00  0.3589241E-03   0.0000000E+00   0.3589241E-03
      650.00  0.4227568E-03   0.0000000E+00   0.4227568E-03
      658.00  0.5261358E-03   0.0000000E+00   0.5261358E-03
      665.00  0.4531871E-03   0.0000000E+00   0.4531871E-03
      675.00  0.5437414E-03   0.0000000E+00   0.5437414E-03
      685.00  0.3016956E-02   0.0000000E+00   0.3016956E-02
      695.00  0.6540668E-03   0.0000000E+00   0.6540668E-03
      705.00  0.8441469E-03   0.0000000E+00   0.8441469E-03
      716.00  0.7523802E-03   0.0000000E+00   0.7523802E-03
      726.00  0.6890364E-03   0.0000000E+00   0.6890364E-03
      735.00  0.8728114E-03   0.0000000E+00   0.8728114E-03
      745.00  0.1175662E-02   0.0000000E+00   0.1175662E-02
      755.00  0.1450130E-02   0.0000000E+00   0.1450130E-02
      765.00  0.4586321E-02   0.0000000E+00   0.4586321E-02
      775.00  0.1174905E-02   0.0000000E+00   0.1174905E-02
      785.00  0.8124204E-03   0.0000000E+00   0.8124204E-03
      795.00  0.1288973E-02   0.0000000E+00   0.1288973E-02
      805.00  0.1398144E-02   0.0000000E+00   0.1398144E-02
      815.00  0.1251261E-02   0.0000000E+00   0.1251261E-02
      825.00  0.1564992E-02   0.0000000E+00   0.1564992E-02
      835.00  0.6944172E-02   0.0000000E+00   0.6944172E-02
      845.00  0.1974095E-02   0.0000000E+00   0.1974095E-02
      855.00  0.1746310E-02   0.0000000E+00   0.1746310E-02
      865.00  0.2379407E-02   0.0000000E+00   0.2379407E-02
      875.00  0.1897764E-02   0.0000000E+00   0.1897764E-02
      885.00  0.2129456E-02   0.0000000E+00   0.2129456E-02
      895.00  0.2083710E-02   0.0000000E+00   0.2083710E-02
      905.00  0.2266808E-02   0.0000000E+00   0.2266808E-02
      912.40  0.2549631E-02   0.6431124E-08   0.2549638E-02
      912.40  0.1745783E+00   0.6431249E-08   0.1745783E+00
      915.00  0.1625253E+00   0.7063745E-08   0.1625253E+00
      925.00  0.1161672E+00   0.8546507E-08   0.1161672E+00
      935.00  0.1350805E+00   0.1029603E-07   0.1350805E+00
      945.00  0.1146428E+00   0.1235204E-07   0.1146428E+00
      955.00  0.1532637E+00   0.1475890E-07   0.1532637E+00
      965.00  0.1524737E+00   0.1756590E-07   0.1524737E+00
      975.00  0.3374088E-01   0.2082773E-07   0.3374090E-01
      985.00  0.1027337E+00   0.2460477E-07   0.1027337E+00
      995.00  0.1543220E+00   0.2896353E-07   0.1543220E+00
     1005.00  0.1969274E+00   0.3397706E-07   0.1969274E+00
     1015.00  0.1411450E+00   0.3972530E-07   0.1411450E+00
     1025.00  0.1532396E+00   0.4629553E-07   0.1532396E+00
     1035.00  0.1025797E+00   0.5378279E-07   0.1025798E+00
     1045.00  0.2122370E+00   0.6229095E-07   0.2122371E+00
     1055.00  0.2191648E+00   0.7193130E-07   0.2191649E+00
     1065.00  0.1737019E+00   0.8282443E-07   0.1737020E+00
     1075.00  0.1988995E+00   0.9510039E-07   0.1988996E+00
     1085.00  0.1442400E+00   0.1088990E-06   0.1442401E+00
     1095.00  0.2035308E+00   0.1243701E-06   0.2035309E+00
     1105.00  0.1931033E+00   0.1416742E-06   0.1931034E+00
     1115.00  0.1841934E+00   0.1609826E-06   0.1841936E+00
     1125.00  0.1244845E+00   0.1824775E-06   0.1244847E+00
     1135.00  0.1913729E+00   0.2063533E-06   0.1913731E+00
     1145.00  0.1829461E+00   0.2328159E-06   0.1829463E+00
     1155.00  0.1132062E+00   0.2620833E-06   0.1132065E+00
     1165.00  0.1251682E+00   0.2943864E-06   0.1251685E+00
     1175.00  0.1007013E+00   0.3299682E-06   0.1007016E+00
     1185.00  0.1618822E+00   0.3690853E-06   0.1618826E+00
     1195.00  0.1515571E+00   0.4120071E-06   0.1515575E+00
     1205.00  0.1168760E+00   0.4590164E-06   0.1168765E+00
     1215.00  0.1045290E+00   0.5104098E-06   0.1045295E+00
     1225.00  0.1135401E+00   0.1535190E-04   0.1135555E+00
     1235.00  0.1584696E+00   0.2882672E-04   0.1584984E+00
     1245.00  0.1530263E+00   0.4029161E-04   0.1530666E+00
     1255.00  0.1464064E+00   0.5009581E-04   0.1464565E+00
     1265.00  0.1489298E+00   0.5849827E-04   0.1489883E+00
     1275.00  0.1561192E+00   0.6570386E-04   0.1561849E+00
     1285.00  0.1116878E+00   0.7187988E-04   0.1117597E+00
     1295.00  0.1209999E+00   0.7716569E-04   0.1210771E+00
     1305.00  0.1353764E+00   0.8167885E-04   0.1354581E+00
     1315.00  0.1272409E+00   0.8551950E-04   0.1273264E+00
     1325.00  0.1261029E+00   0.8877357E-04   0.1261917E+00
     1335.00  0.1336979E+00   0.9151517E-04   0.1337894E+00
     1345.00  0.1168431E+00   0.9380859E-04   0.1169369E+00
     1355.00  0.1325501E+00   0.9570979E-04   0.1326458E+00
     1365.00  0.1269944E+00   0.9726764E-04   0.1270917E+00
     1375.00  0.1192746E+00   0.9852497E-04   0.1193731E+00
     1385.00  0.1229588E+00   0.9951940E-04   0.1230583E+00
     1395.00  0.1187552E+00   0.1002841E-03   0.1188555E+00
     1405.00  0.1281765E+00   0.1008482E-03   0.1282773E+00
     1415.00  0.9610145E-01   0.1012378E-03   0.9620269E-01
     1425.00  0.1037215E+00   0.1014757E-03   0.1038230E+00
     1435.00  0.1127460E+00   0.1015823E-03   0.1128476E+00
     1442.00  0.1141299E+00   0.1015885E-03   0.1142315E+00
     1447.00  0.1134530E+00   0.1015622E-03   0.1135546E+00
     1455.00  0.1094964E+00   0.1014720E-03   0.1095979E+00
     1465.00  0.9818178E-01   0.1012858E-03   0.9828307E-01
     1475.00  0.1043868E+00   0.1010299E-03   0.1044878E+00
     1485.00  0.8653053E-01   0.1007159E-03   0.8663125E-01
     1495.00  0.1025709E+00   0.1003540E-03   0.1026713E+00
     1505.00  0.9710766E-01   0.9995368E-04   0.9720761E-01
     1512.00  0.8532185E-01   0.9965506E-04   0.8542151E-01
     1517.00  0.8642714E-01   0.9943421E-04   0.8652657E-01
     1525.00  0.6624648E-01   0.9907023E-04   0.6634555E-01
     1535.00  0.7609568E-01   0.9860147E-04   0.7619428E-01
     1545.00  0.6400657E-01   0.9812312E-04   0.6410469E-01
     1555.00  0.8240479E-01   0.9764014E-04   0.8250243E-01
     1565.00  0.6881294E-01   0.9715805E-04   0.6891010E-01
     1575.00  0.8313064E-01   0.9668148E-04   0.8322732E-01
     1585.00  0.7081084E-01   0.9621459E-04   0.7090705E-01
     1595.00  0.8475683E-01   0.9576119E-04   0.8485259E-01
     1605.00  0.8427438E-01   0.9532474E-04   0.8436970E-01
     1615.00  0.8312210E-01   0.9490840E-04   0.8321701E-01
     1625.00  0.8101095E-01   0.9451509E-04   0.8110547E-01
     1635.00  0.8214731E-01   0.9414741E-04   0.8224146E-01
     1645.00  0.8116160E-01   0.9380781E-04   0.8125541E-01
     1655.00  0.7878311E-01   0.9349858E-04   0.7887661E-01
     1665.00  0.7994700E-01   0.9322179E-04   0.8004022E-01
     1672.00  0.7696950E-01   0.9304837E-04   0.7706255E-01
     1677.00  0.7911380E-01   0.9293515E-04   0.7920674E-01
     1685.00  0.7868497E-01   0.9277305E-04   0.7877774E-01
     1695.00  0.7596878E-01   0.9260451E-04   0.7606138E-01
     1705.00  0.7379356E-01   0.9247527E-04   0.7388604E-01
     1715.00  0.7119930E-01   0.9238674E-04   0.7129169E-01
     1725.00  0.7020299E-01   0.9234025E-04   0.7029533E-01
     1735.00  0.7108279E-01   0.9233702E-04   0.7117513E-01
     1745.00  0.6940563E-01   0.9237822E-04   0.6949801E-01
     1755.00  0.6998795E-01   0.9246492E-04   0.7008041E-01
     1765.00  0.6739686E-01   0.9259814E-04   0.6748946E-01
     1775.00  0.6642250E-01   0.9277882E-04   0.6651528E-01
     1785.00  0.6627255E-01   0.9300787E-04   0.6636556E-01
     1795.00  0.6685653E-01   0.9328621E-04   0.6694982E-01
     1805.00  0.6627382E-01   0.9361460E-04   0.6636743E-01
     1815.00  0.6268458E-01   0.9399377E-04   0.6277857E-01
     1825.00  0.6314492E-01   0.9442442E-04   0.6323934E-01
     1835.00  0.6148477E-01   0.9490726E-04   0.6157968E-01
     1845.00  0.5835398E-01   0.9544289E-04   0.5844942E-01
     1855.00  0.5750136E-01   0.9603192E-04   0.5759739E-01
     1865.00  0.5765529E-01   0.9667491E-04   0.5775196E-01
     1875.00  0.5909919E-01   0.9737242E-04   0.5919656E-01
     1885.00  0.5557289E-01   0.9812496E-04   0.5567101E-01
     1895.00  0.5323699E-01   0.9893302E-04   0.5333592E-01
     1905.00  0.5500718E-01   0.9979706E-04   0.5510698E-01
     1915.00  0.5301724E-01   0.1007175E-03   0.5311796E-01
     1925.00  0.5169297E-01   0.1016948E-03   0.5179466E-01
     1935.00  0.5257275E-01   0.1027294E-03   0.5267548E-01
     1945.00  0.5286148E-01   0.1038198E-03   0.5296530E-01
     1955.00  0.5010366E-01   0.1049657E-03   0.5020863E-01
     1967.00  0.5168572E-01   0.1064169E-03   0.5179214E-01
     1976.00  0.5234512E-01   0.1075599E-03   0.5245268E-01
     1984.00  0.5013515E-01   0.1086155E-03   0.5024377E-01
     1995.00  0.4904144E-01   0.1101279E-03   0.4915157E-01
     2005.00  0.4943263E-01   0.1115643E-03   0.4954419E-01
     2015.00  0.4857604E-01   0.1130595E-03   0.4868910E-01
     2025.00  0.4925855E-01   0.1146136E-03   0.4937316E-01
     2035.00  0.4688378E-01   0.1162334E-03   0.4700001E-01
     2045.00  0.4698665E-01   0.1179157E-03   0.4710457E-01
     2055.00  0.4580862E-01   0.5112867E-04   0.4585975E-01
     2065.00  0.4577090E-01   0.5067772E-04   0.4582158E-01
     2074.00  0.4671957E-01   0.5028308E-04   0.4676985E-01
     2078.00  0.4461456E-01   0.5011107E-04   0.4466467E-01
     2085.00  0.4529859E-01   0.4981503E-04   0.4534841E-01
     2095.00  0.4364653E-01   0.4940302E-04   0.4369593E-01
     2105.00  0.4398406E-01   0.4900374E-04   0.4403306E-01
     2115.00  0.4365672E-01   0.4861705E-04   0.4370534E-01
     2125.00  0.4369047E-01   0.4824283E-04   0.4373871E-01
     2135.00  0.4254193E-01   0.4788093E-04   0.4258981E-01
     2145.00  0.4162217E-01   0.4753124E-04   0.4166970E-01
     2155.00  0.4217894E-01   0.4719362E-04   0.4222613E-01
     2165.00  0.4149442E-01   0.4686794E-04   0.4154129E-01
     2175.00  0.4091745E-01   0.4655410E-04   0.4096400E-01
     2185.00  0.4010857E-01   0.4625200E-04   0.4015482E-01
     2195.00  0.4035916E-01   0.4596146E-04   0.4040512E-01
     2205.00  0.3966565E-01   0.4568235E-04   0.3971133E-01
     2215.00  0.3886496E-01   0.4541453E-04   0.3891037E-01
     2225.00  0.3791951E-01   0.4515790E-04   0.3796467E-01
     2235.00  0.3809121E-01   0.4491230E-04   0.3813612E-01
     2245.00  0.3751841E-01   0.4467763E-04   0.3756309E-01
     2255.00  0.3669592E-01   0.4445375E-04   0.3674037E-01
     2265.00  0.3669664E-01   0.4424054E-04   0.3674088E-01
     2275.00  0.3648551E-01   0.4403787E-04   0.3652955E-01
     2285.00  0.3638171E-01   0.4384534E-04   0.3642556E-01
     2295.00  0.3519659E-01   0.4366278E-04   0.3524025E-01
     2305.00  0.3506576E-01   0.4349036E-04   0.3510925E-01
     2315.00  0.3422776E-01   0.4332795E-04   0.3427109E-01
     2325.00  0.3095308E-01   0.4317543E-04   0.3099626E-01
     2335.00  0.3296056E-01   0.4303268E-04   0.3300359E-01
     2345.00  0.3253889E-01   0.4289959E-04   0.3258179E-01
     2355.00  0.3270579E-01   0.4277603E-04   0.3274857E-01
     2365.00  0.3191333E-01   0.4266189E-04   0.3195599E-01
     2375.00  0.3170381E-01   0.4255705E-04   0.3174637E-01
     2385.00  0.3099015E-01   0.4246139E-04   0.3103261E-01
     2395.00  0.3114885E-01   0.4237481E-04   0.3119122E-01
     2405.00  0.3044119E-01   0.4229721E-04   0.3048349E-01
     2415.00  0.3024683E-01   0.4222847E-04   0.3028906E-01
     2425.00  0.3029153E-01   0.4216848E-04   0.3033370E-01
     2435.00  0.2952179E-01   0.4211712E-04   0.2956391E-01
     2445.00  0.2967675E-01   0.4207428E-04   0.2971882E-01
     2455.00  0.2934742E-01   0.4203986E-04   0.2938946E-01
     2465.00  0.2892731E-01   0.4201374E-04   0.2896932E-01
     2475.00  0.2844500E-01   0.4199583E-04   0.2848700E-01
     2485.00  0.2848606E-01   0.4198601E-04   0.2852805E-01
     2495.00  0.2737180E-01   0.4198419E-04   0.2741378E-01
     2505.00  0.2803108E-01   0.4199026E-04   0.2807307E-01
     2513.00  0.2706418E-01   0.4200072E-04   0.2710618E-01
     2518.00  0.2749137E-01   0.4200977E-04   0.2753338E-01
     2525.00  0.2689520E-01   0.4202566E-04   0.2693723E-01
     2535.00  0.2660424E-01   0.4205479E-04   0.2664629E-01
     2545.00  0.2615619E-01   0.4209139E-04   0.2619828E-01
     2555.00  0.2633764E-01   0.4213538E-04   0.2637978E-01
     2565.00  0.2599465E-01   0.4218666E-04   0.2603684E-01
     2575.00  0.2611004E-01   0.4224513E-04   0.2615229E-01
     2585.00  0.2584008E-01   0.4231070E-04   0.2588239E-01
     2595.00  0.2557861E-01   0.4238328E-04   0.2562099E-01
     2605.00  0.2511533E-01   0.4038791E-04   0.2515572E-01
     2615.00  0.2490075E-01   0.4044903E-04   0.2494120E-01
     2625.00  0.2477888E-01   0.4051692E-04   0.2481940E-01
     2635.00  0.2459413E-01   0.4059150E-04   0.2463472E-01
     2645.00  0.2477434E-01   0.4067267E-04   0.2481501E-01
     2655.00  0.2453098E-01   0.4076036E-04   0.2457174E-01
     2665.00  0.2391904E-01   0.4085447E-04   0.2395989E-01
     2675.00  0.2393229E-01   0.4095493E-04   0.2397324E-01
     2685.00  0.2371531E-01   0.4106165E-04   0.2375637E-01
     2695.00  0.2322824E-01   0.4117456E-04   0.2326941E-01
     2705.00  0.2309941E-01   0.4129356E-04   0.2314070E-01
     2715.00  0.2274975E-01   0.4141858E-04   0.2279117E-01
     2725.00  0.2251629E-01   0.4154954E-04   0.2255784E-01
     2735.00  0.2257511E-01   0.4168635E-04   0.2261680E-01
     2745.00  0.2177550E-01   0.4182895E-04   0.2181733E-01
     2755.00  0.2162969E-01   0.4197725E-04   0.2167167E-01
     2765.00  0.2157431E-01   0.4213118E-04   0.2161644E-01
     2775.00  0.2164866E-01   0.4229065E-04   0.2169095E-01
     2785.00  0.2139927E-01   0.4245560E-04   0.2144173E-01
     2795.00  0.2046427E-01   0.4262595E-04   0.2050690E-01
     2805.00  0.2067302E-01   0.4280162E-04   0.2071582E-01
     2815.00  0.2091601E-01   0.4298254E-04   0.2095899E-01
     2825.00  0.2065512E-01   0.4316863E-04   0.2069829E-01
     2835.00  0.2015072E-01   0.4335983E-04   0.2019408E-01
     2845.00  0.2002356E-01   0.4355606E-04   0.2006712E-01
     2855.00  0.1986770E-01   0.4375674E-04   0.1991146E-01
     2865.00  0.1987990E-01   0.4396174E-04   0.1992386E-01
     2875.00  0.1961114E-01   0.4417150E-04   0.1965531E-01
     2885.00  0.1949181E-01   0.4438595E-04   0.1953620E-01
     2895.00  0.1927041E-01   0.4460501E-04   0.1931502E-01
     2910.00  0.1915861E-01   0.4494212E-04   0.1920355E-01
     2930.00  0.1872774E-01   0.4540712E-04   0.1877315E-01
     2950.00  0.1831091E-01   0.4588936E-04   0.1835680E-01
     2970.00  0.1805737E-01   0.4638832E-04   0.1810376E-01
     2990.00  0.1772411E-01   0.4690348E-04   0.1777101E-01
     3010.00  0.1743794E-01   0.4743433E-04   0.1748537E-01
     3030.00  0.1718738E-01   0.4798035E-04   0.1723536E-01
     3050.00  0.1686132E-01   0.4854091E-04   0.1690986E-01
     3070.00  0.1655409E-01   0.4911545E-04   0.1660321E-01
     3090.00  0.1624979E-01   0.4970365E-04   0.1629949E-01
     3110.00  0.1596036E-01   0.5030502E-04   0.1601067E-01
     3130.00  0.1566234E-01   0.5028718E-04   0.1571263E-01
     3150.00  0.1542372E-01   0.5090197E-04   0.1547462E-01
     3170.00  0.1513573E-01   0.5152867E-04   0.1518726E-01
     3190.00  0.1476387E-01   0.5216687E-04   0.1481604E-01
     3210.00  0.1462083E-01   0.5281613E-04   0.1467365E-01
     3230.00  0.1435297E-01   0.5347604E-04   0.1440645E-01
     3250.00  0.1412786E-01   0.5414620E-04   0.1418201E-01
     3270.00  0.1391016E-01   0.5482561E-04   0.1396499E-01
     3290.00  0.1367771E-01   0.5551399E-04   0.1373322E-01
     3310.00  0.1347404E-01   0.5621124E-04   0.1353025E-01
     3330.00  0.1323208E-01   0.5691699E-04   0.1328900E-01
     3350.00  0.1298412E-01   0.5763085E-04   0.1304175E-01
     3370.00  0.1277239E-01   0.5835248E-04   0.1283074E-01
     3390.00  0.1256357E-01   0.5908150E-04   0.1262265E-01
     3410.00  0.1238089E-01   0.5981756E-04   0.1244071E-01
     3430.00  0.1210932E-01   0.5660815E-04   0.1216593E-01
     3450.00  0.1197084E-01   0.5728587E-04   0.1202813E-01
     3470.00  0.1181214E-01   0.5796952E-04   0.1187011E-01
     3490.00  0.1163315E-01   0.5865878E-04   0.1169181E-01
     3510.00  0.1148183E-01   0.5935346E-04   0.1154118E-01
     3530.00  0.1129965E-01   0.6005403E-04   0.1135970E-01
     3550.00  0.1113930E-01   0.6075948E-04   0.1120006E-01
     3570.00  0.1094785E-01   0.6146953E-04   0.1100932E-01
     3590.00  0.1073840E-01   0.6218390E-04   0.1080058E-01
     3610.00  0.1058884E-01   0.6290232E-04   0.1065174E-01
     3630.00  0.1044125E-01   0.6362454E-04   0.1050487E-01
     3640.00  0.1039989E-01   0.6398698E-04   0.1046388E-01
     3650.00  0.1134240E-01   0.1140787E-04   0.1135381E-01
     3670.00  0.1108061E-01   0.1132617E-04   0.1109194E-01
     3690.00  0.1082942E-01   0.1042509E-04   0.1083985E-01
     3710.00  0.1126889E-01   0.1033608E-04   0.1127923E-01
     3730.00  0.1117839E-01   0.1024996E-04   0.1118864E-01
     3750.00  0.1202074E-01   0.1016666E-04   0.1203091E-01
     3770.00  0.1199076E-01   0.1008609E-04   0.1200085E-01
     3790.00  0.1247310E-01   0.1000817E-04   0.1248311E-01
     3810.00  0.1296316E-01   0.9932826E-05   0.1297309E-01
     3830.00  0.1164917E-01   0.9859980E-05   0.1165903E-01
     3850.00  0.1298809E-01   0.9789563E-05   0.1299788E-01
     3870.00  0.1309487E-01   0.9721503E-05   0.1310459E-01
     3890.00  0.1097881E-01   0.9655733E-05   0.1098847E-01
     3910.00  0.1285087E-01   0.9592187E-05   0.1286046E-01
     3930.00  0.1248275E-01   0.9530799E-05   0.1249228E-01
     3950.00  0.1243286E-01   0.9471508E-05   0.1244233E-01
     3970.00  0.1017535E-01   0.9414271E-05   0.1018476E-01
     3990.00  0.1207242E-01   0.9359066E-05   0.1208178E-01
     4010.00  0.1213658E-01   0.9305777E-05   0.1214589E-01
     4030.00  0.1180454E-01   0.9254350E-05   0.1181379E-01
     4050.00  0.1182062E-01   0.9204730E-05   0.1182982E-01
     4070.00  0.1151382E-01   0.9156865E-05   0.1152298E-01
     4090.00  0.1083680E-01   0.9110703E-05   0.1084591E-01
     4110.00  0.9691808E-02   0.9066196E-05   0.9700874E-02
     4130.00  0.1091750E-01   0.9023295E-05   0.1092652E-01
     4150.00  0.1089450E-01   0.8981952E-05   0.1090348E-01
     4170.00  0.1077567E-01   0.8942124E-05   0.1078461E-01
     4190.00  0.1065471E-01   0.8903765E-05   0.1066361E-01
     4210.00  0.1052264E-01   0.8866833E-05   0.1053151E-01
     4230.00  0.1034481E-01   0.8831285E-05   0.1035364E-01
     4250.00  0.1020349E-01   0.8797082E-05   0.1021229E-01
     4270.00  0.9975368E-02   0.8764183E-05   0.9984132E-02
     4290.00  0.9869555E-02   0.8732551E-05   0.9878288E-02
     4310.00  0.9607553E-02   0.8702147E-05   0.9616255E-02
     4330.00  0.8949272E-02   0.8672937E-05   0.8957945E-02
     4350.00  0.8288844E-02   0.8644887E-05   0.8297489E-02
     4370.00  0.9323989E-02   0.8617967E-05   0.9332607E-02
     4390.00  0.9151868E-02   0.8592136E-05   0.9160460E-02
     4410.00  0.9112002E-02   0.8567363E-05   0.9120569E-02
     4430.00  0.9020505E-02   0.8543614E-05   0.9029049E-02
     4450.00  0.8930335E-02   0.8520860E-05   0.8938856E-02
     4470.00  0.8685988E-02   0.8499070E-05   0.8694487E-02
     4490.00  0.8688394E-02   0.8478217E-05   0.8696872E-02
     4510.00  0.8686397E-02   0.8458270E-05   0.8694855E-02
     4530.00  0.8482906E-02   0.8439203E-05   0.8491345E-02
     4550.00  0.8362194E-02   0.8420989E-05   0.8370615E-02
     4570.00  0.8331082E-02   0.8403603E-05   0.8339486E-02
     4590.00  0.8183668E-02   0.8387018E-05   0.8192055E-02
     4610.00  0.8110666E-02   0.8371211E-05   0.8119037E-02
     4630.00  0.7968486E-02   0.8356156E-05   0.7976842E-02
     4650.00  0.7874932E-02   0.8341832E-05   0.7883274E-02
     4670.00  0.7813413E-02   0.8328214E-05   0.7821741E-02
     4690.00  0.7714228E-02   0.8315282E-05   0.7722543E-02
     4710.00  0.7523657E-02   0.8303013E-05   0.7531960E-02
     4730.00  0.7505666E-02   0.8291387E-05   0.7513957E-02
     4750.00  0.7435874E-02   0.8280384E-05   0.7444154E-02
     4770.00  0.7378107E-02   0.8269983E-05   0.7386377E-02
     4790.00  0.7268918E-02   0.8260166E-05   0.7277178E-02
     4810.00  0.7155922E-02   0.8250897E-05   0.7164173E-02
     4830.00  0.7048428E-02   0.8242158E-05   0.7056670E-02
     4850.00  0.6574917E-02   0.8233946E-05   0.6583151E-02
     4870.00  0.5963308E-02   0.8226244E-05   0.5971534E-02
     4890.00  0.6762080E-02   0.8219035E-05   0.6770299E-02
     4910.00  0.6734744E-02   0.8212304E-05   0.6742956E-02
     4930.00  0.6579098E-02   0.8206033E-05   0.6587304E-02
     4950.00  0.6616131E-02   0.8200208E-05   0.6624331E-02
     4970.00  0.6533566E-02   0.8194813E-05   0.6541761E-02
     4990.00  0.6401908E-02   0.8189834E-05   0.6410098E-02
     5010.00  0.6227014E-02   0.8185257E-05   0.6235199E-02
     5030.00  0.6250626E-02   0.8181068E-05   0.6258807E-02
     5050.00  0.6137080E-02   0.8177252E-05   0.6145257E-02
     5070.00  0.6145995E-02   0.8173820E-05   0.6154169E-02
     5090.00  0.6021797E-02   0.8170846E-05   0.6029968E-02
     5110.00  0.5968214E-02   0.8168203E-05   0.5976382E-02
     5130.00  0.5861276E-02   0.8165880E-05   0.5869442E-02
     5150.00  0.5774302E-02   0.8163864E-05   0.5782466E-02
     5170.00  0.5682336E-02   0.8162146E-05   0.5690498E-02
     5190.00  0.5651594E-02   0.8160712E-05   0.5659755E-02
     5210.00  0.5595526E-02   0.8159554E-05   0.5603686E-02
     5230.00  0.5579742E-02   0.8158659E-05   0.5587901E-02
     5250.00  0.5550190E-02   0.8158018E-05   0.5558348E-02
     5270.00  0.5399342E-02   0.8157621E-05   0.5407500E-02
     5290.00  0.5447176E-02   0.8157457E-05   0.5455333E-02
     5310.00  0.5427918E-02   0.8157519E-05   0.5436076E-02
     5330.00  0.5285886E-02   0.8157796E-05   0.5294044E-02
     5350.00  0.5304634E-02   0.8158280E-05   0.5312792E-02
     5370.00  0.5253236E-02   0.8158955E-05   0.5261395E-02
     5390.00  0.5160522E-02   0.8159801E-05   0.5168682E-02
     5410.00  0.5103834E-02   0.8160826E-05   0.5111995E-02
     5430.00  0.5051441E-02   0.8162023E-05   0.5059603E-02
     5450.00  0.5050356E-02   0.8163384E-05   0.5058519E-02
     5470.00  0.4966154E-02   0.8164902E-05   0.4974319E-02
     5490.00  0.4912706E-02   0.8166569E-05   0.4920873E-02
     5510.00  0.4862364E-02   0.8168378E-05   0.4870532E-02
     5530.00  0.4843981E-02   0.8170323E-05   0.4852151E-02
     5550.00  0.4814568E-02   0.8172395E-05   0.4822740E-02
     5570.00  0.4753880E-02   0.8174590E-05   0.4762055E-02
     5590.00  0.4686640E-02   0.8176901E-05   0.4694817E-02
     5610.00  0.4680178E-02   0.8179321E-05   0.4688357E-02
     5630.00  0.4617646E-02   0.8181845E-05   0.4625828E-02
     5650.00  0.4575500E-02   0.8184466E-05   0.4583684E-02
     5670.00  0.4508384E-02   0.8187179E-05   0.4516571E-02
     5690.00  0.4500068E-02   0.8189978E-05   0.4508258E-02
     5710.00  0.4420846E-02   0.6232788E-05   0.4427079E-02
     5730.00  0.4458192E-02   0.6228352E-05   0.4464420E-02
     5750.00  0.4377040E-02   0.6224064E-05   0.4383264E-02
     5770.00  0.4358059E-02   0.6219916E-05   0.4364279E-02
     5790.00  0.4271615E-02   0.6215906E-05   0.4277831E-02
     5810.00  0.4282202E-02   0.6212027E-05   0.4288414E-02
     5830.00  0.4277084E-02   0.6208276E-05   0.4283292E-02
     5850.00  0.4207471E-02   0.6204647E-05   0.4213676E-02
     5870.00  0.4128792E-02   0.6201136E-05   0.4134993E-02
     5890.00  0.4020269E-02   0.6197738E-05   0.4026467E-02
     5910.00  0.4088715E-02   0.6194450E-05   0.4094909E-02
     5930.00  0.4059716E-02   0.6191268E-05   0.4065907E-02
     5950.00  0.4016148E-02   0.6188186E-05   0.4022336E-02
     5970.00  0.4015340E-02   0.6185202E-05   0.4021525E-02
     5990.00  0.3949024E-02   0.6182311E-05   0.3955206E-02
     6010.00  0.3905689E-02   0.6179511E-05   0.3911869E-02
     6030.00  0.3902618E-02   0.6176796E-05   0.3908795E-02
     6050.00  0.3884257E-02   0.6174164E-05   0.3890431E-02
     6070.00  0.3848614E-02   0.6171611E-05   0.3854786E-02
     6090.00  0.3774648E-02   0.6169132E-05   0.3780817E-02
     6110.00  0.3752561E-02   0.6166724E-05   0.3758728E-02
     6130.00  0.3667078E-02   0.6164386E-05   0.3673242E-02
     6150.00  0.3663843E-02   0.6162113E-05   0.3670005E-02
     6170.00  0.3610774E-02   0.6159904E-05   0.3616934E-02
     6190.00  0.3633252E-02   0.6157755E-05   0.3639410E-02
     6210.00  0.3592114E-02   0.6155664E-05   0.3598270E-02
     6230.00  0.3531318E-02   0.6153628E-05   0.3537472E-02
     6250.00  0.3457620E-02   0.6151643E-05   0.3463772E-02
     6270.00  0.3480810E-02   0.6149709E-05   0.3486960E-02
     6290.00  0.3478239E-02   0.6147821E-05   0.3484387E-02
     6310.00  0.3425166E-02   0.6145978E-05   0.3431312E-02
     6330.00  0.3418632E-02   0.6144176E-05   0.3424776E-02
     6350.00  0.3384795E-02   0.6142415E-05   0.3390937E-02
     6370.00  0.3355248E-02   0.6140692E-05   0.3361389E-02
     6390.00  0.3348892E-02   0.6139004E-05   0.3355031E-02
     6410.00  0.3310855E-02   0.6137349E-05   0.3316992E-02
     6430.00  0.3291818E-02   0.6135725E-05   0.3297954E-02
     6450.00  0.3271236E-02   0.6134130E-05   0.3277370E-02
     6470.00  0.3245316E-02   0.6132563E-05   0.3251449E-02
     6490.00  0.3185718E-02   0.6131021E-05   0.3191849E-02
     6510.00  0.3195318E-02   0.6129502E-05   0.3201448E-02
     6530.00  0.3161585E-02   0.6127928E-05   0.3167713E-02
     6550.00  0.3041470E-02   0.6126349E-05   0.3047596E-02
     6570.00  0.2792490E-02   0.6124786E-05   0.2798615E-02
     6590.00  0.3072599E-02   0.6123235E-05   0.3078722E-02
     6610.00  0.3084236E-02   0.6121697E-05   0.3090358E-02
     6630.00  0.3067563E-02   0.6120169E-05   0.3073683E-02
     6650.00  0.3047592E-02   0.6081237E-05   0.3053673E-02
     6670.00  0.2997020E-02   0.6079769E-05   0.3003100E-02
     6690.00  0.3008567E-02   0.6078308E-05   0.3014645E-02
     6710.00  0.2955088E-02   0.6076853E-05   0.2961165E-02
     6730.00  0.2975408E-02   0.6075402E-05   0.2981483E-02
     6750.00  0.2933578E-02   0.6073956E-05   0.2939652E-02
     6770.00  0.2922872E-02   0.6072511E-05   0.2928945E-02
     6790.00  0.2891270E-02   0.6071067E-05   0.2897341E-02
     6810.00  0.2876560E-02   0.6069622E-05   0.2882630E-02
     6830.00  0.2868301E-02   0.6068177E-05   0.2874369E-02
     6850.00  0.2820828E-02   0.6066729E-05   0.2826895E-02
     6870.00  0.2816754E-02   0.6065277E-05   0.2822819E-02
     6890.00  0.2819030E-02   0.6063822E-05   0.2825094E-02
     6910.00  0.2790016E-02   0.6062360E-05   0.2796078E-02
     6930.00  0.2753166E-02   0.6060893E-05   0.2759227E-02
     6950.00  0.2714936E-02   0.6059418E-05   0.2720995E-02
     6970.00  0.2713460E-02   0.6057934E-05   0.2719518E-02
     6990.00  0.2680629E-02   0.6056442E-05   0.2686685E-02
     7010.00  0.2643665E-02   0.6054940E-05   0.2649720E-02
     7030.00  0.2648391E-02   0.6053432E-05   0.2654444E-02
     7050.00  0.2649929E-02   0.6051914E-05   0.2655981E-02
     7070.00  0.2596721E-02   0.6050384E-05   0.2602771E-02
     7090.00  0.2581584E-02   0.6048839E-05   0.2587633E-02
     7110.00  0.2538323E-02   0.6047281E-05   0.2544370E-02
     7130.00  0.2507554E-02   0.6045707E-05   0.2513600E-02
     7150.00  0.2500640E-02   0.6044118E-05   0.2506684E-02
     7170.00  0.2501311E-02   0.6042513E-05   0.2507354E-02
     7190.00  0.2456605E-02   0.6040891E-05   0.2462646E-02
     7210.00  0.2466736E-02   0.6039251E-05   0.2472775E-02
     7230.00  0.2468081E-02   0.6037594E-05   0.2474119E-02
     7250.00  0.2455243E-02   0.6035918E-05   0.2461279E-02
     7270.00  0.2435670E-02   0.6034224E-05   0.2441704E-02
     7290.00  0.2392100E-02   0.6032510E-05   0.2398133E-02
     7310.00  0.2396902E-02   0.6030776E-05   0.2402933E-02
     7330.00  0.2385807E-02   0.6029022E-05   0.2391836E-02
     7350.00  0.2367415E-02   0.6027247E-05   0.2373442E-02
     7370.00  0.2381725E-02   0.6025451E-05   0.2387750E-02
     7390.00  0.2347709E-02   0.6023634E-05   0.2353733E-02
     7410.00  0.2322666E-02   0.6021795E-05   0.2328688E-02
     7430.00  0.2324464E-02   0.6019933E-05   0.2330484E-02
     7450.00  0.2315841E-02   0.6004006E-05   0.2321845E-02
     7470.00  0.2300930E-02   0.6002112E-05   0.2306932E-02
     7490.00  0.2280134E-02   0.6000196E-05   0.2286134E-02
     7510.00  0.2284298E-02   0.5998257E-05   0.2290296E-02
     7530.00  0.2282666E-02   0.5996295E-05   0.2288662E-02
     7550.00  0.2276741E-02   0.5994310E-05   0.2282735E-02
     7570.00  0.2256166E-02   0.5992302E-05   0.2262158E-02
     7590.00  0.2235939E-02   0.5990269E-05   0.2241929E-02
     7610.00  0.2228350E-02   0.5988189E-05   0.2234338E-02
     7630.00  0.2218855E-02   0.5986060E-05   0.2224841E-02
     7650.00  0.2209819E-02   0.5983906E-05   0.2215803E-02
     7670.00  0.2165977E-02   0.5981725E-05   0.2171959E-02
     7690.00  0.2184946E-02   0.5979518E-05   0.2190926E-02
     7710.00  0.2149974E-02   0.5977286E-05   0.2155951E-02
     7730.00  0.2143066E-02   0.5975026E-05   0.2149041E-02
     7750.00  0.2126475E-02   0.5972741E-05   0.2132448E-02
     7770.00  0.2127661E-02   0.5970428E-05   0.2133631E-02
     7790.00  0.2124423E-02   0.5968089E-05   0.2130391E-02
     7810.00  0.2114088E-02   0.5965723E-05   0.2120054E-02
     7830.00  0.2093309E-02   0.5963330E-05   0.2099272E-02
     7850.00  0.2068338E-02   0.5960910E-05   0.2074299E-02
     7870.00  0.2061968E-02   0.5845689E-05   0.2067814E-02
     7890.00  0.2010608E-02   0.5843334E-05   0.2016451E-02
     7910.00  0.1977185E-02   0.5840952E-05   0.1983026E-02
     7930.00  0.1975355E-02   0.5838544E-05   0.1981194E-02
     7950.00  0.1945110E-02   0.5836110E-05   0.1950946E-02
     7970.00  0.1977595E-02   0.5833649E-05   0.1983429E-02
     7990.00  0.1962066E-02   0.5831162E-05   0.1967897E-02
     8010.00  0.1976875E-02   0.5828649E-05   0.1982704E-02
     8030.00  0.1968107E-02   0.5826110E-05   0.1973933E-02
     8050.00  0.1950259E-02   0.5823544E-05   0.1956083E-02
     8070.00  0.1933779E-02   0.5820951E-05   0.1939600E-02
     8090.00  0.1904787E-02   0.5818333E-05   0.1910605E-02
     8110.00  0.1894119E-02   0.5815688E-05   0.1899935E-02
     8130.00  0.1898841E-02   0.5813016E-05   0.1904654E-02
     8150.00  0.1889205E-02   0.5810318E-05   0.1895015E-02
     8170.00  0.1883287E-02   0.5807594E-05   0.1889095E-02
     8190.00  0.1859925E-02   0.5804844E-05   0.1865730E-02
     8210.00  0.1858474E-02   0.5124138E-05   0.1863598E-02
     8230.00  0.1862669E-02   0.2478186E-05   0.1865147E-02
     8250.00  0.1858532E-02   0.2474581E-05   0.1861007E-02
     8270.00  0.1858529E-02   0.2470995E-05   0.1861000E-02
     8290.00  0.1840443E-02   0.2431605E-05   0.1842875E-02
     8310.00  0.1800490E-02   0.2428093E-05   0.1802918E-02
     8330.00  0.1789806E-02   0.2424601E-05   0.1792231E-02
     8350.00  0.1783685E-02   0.2421128E-05   0.1786106E-02
     8370.00  0.1775887E-02   0.2417673E-05   0.1778305E-02
     8390.00  0.1742691E-02   0.2414235E-05   0.1745105E-02
     8410.00  0.1769449E-02   0.2410815E-05   0.1771860E-02
     8430.00  0.1743894E-02   0.2407413E-05   0.1746301E-02
     8450.00  0.1754244E-02   0.2404027E-05   0.1756648E-02
     8470.00  0.1725756E-02   0.2400658E-05   0.1728157E-02
     8490.00  0.1746629E-02   0.2397305E-05   0.1749026E-02
     8510.00  0.1655098E-02   0.2393968E-05   0.1657492E-02
     8530.00  0.1730054E-02   0.2390646E-05   0.1732445E-02
     8550.00  0.1519505E-02   0.2387340E-05   0.1521892E-02
     8570.00  0.1757586E-02   0.2384049E-05   0.1759970E-02
     8590.00  0.1696988E-02   0.2380773E-05   0.1699369E-02
     8610.00  0.1682754E-02   0.2377512E-05   0.1685132E-02
     8630.00  0.1743322E-02   0.2374265E-05   0.1745696E-02
     8650.00  0.1704773E-02   0.2371032E-05   0.1707144E-02
     8670.00  0.1480515E-02   0.2367813E-05   0.1482883E-02
     8690.00  0.1682740E-02   0.2364607E-05   0.1685105E-02
     8710.00  0.1715545E-02   0.2361415E-05   0.1717906E-02
     8730.00  0.1695289E-02   0.2358236E-05   0.1697647E-02
     8750.00  0.1587498E-02   0.2355070E-05   0.1589853E-02
     8770.00  0.1669681E-02   0.2351916E-05   0.1672033E-02
     8790.00  0.1688168E-02   0.2348775E-05   0.1690517E-02
     8810.00  0.1665672E-02   0.2345646E-05   0.1668018E-02
     8830.00  0.1661228E-02   0.2342529E-05   0.1663571E-02
     8850.00  0.1626776E-02   0.2339424E-05   0.1629115E-02
     8870.00  0.1541076E-02   0.2336330E-05   0.1543412E-02
     8890.00  0.1641447E-02   0.2333248E-05   0.1643780E-02
     8910.00  0.1654466E-02   0.2330177E-05   0.1656796E-02
     8930.00  0.1630824E-02   0.2327117E-05   0.1633151E-02
     8950.00  0.1620594E-02   0.2324068E-05   0.1622918E-02
     8970.00  0.1616058E-02   0.2321030E-05   0.1618379E-02
     8990.00  0.1598605E-02   0.2318001E-05   0.1600923E-02
     9010.00  0.1485100E-02   0.2314984E-05   0.1487415E-02
     9030.00  0.1542177E-02   0.2311976E-05   0.1544489E-02
     9050.00  0.1595684E-02   0.2308978E-05   0.1597993E-02
     9070.00  0.1585494E-02   0.2305990E-05   0.1587800E-02
     9090.00  0.1553448E-02   0.2303013E-05   0.1555751E-02
     9110.00  0.1560813E-02   0.2300044E-05   0.1563113E-02
     9130.00  0.1565331E-02   0.2297085E-05   0.1567628E-02
     9150.00  0.1554055E-02   0.2294136E-05   0.1556349E-02
     9170.00  0.1545048E-02   0.2291197E-05   0.1547339E-02
     9190.00  0.1543740E-02   0.2288266E-05   0.1546028E-02
     9210.00  0.1499259E-02   0.2285344E-05   0.1501544E-02
     9230.00  0.1419029E-02   0.2282430E-05   0.1421311E-02
     9250.00  0.1479224E-02   0.2279525E-05   0.1481504E-02
     9270.00  0.1494610E-02   0.2276628E-05   0.1496887E-02
     9290.00  0.1494932E-02   0.2273739E-05   0.1497206E-02
     9310.00  0.1498585E-02   0.2270858E-05   0.1500856E-02
     9330.00  0.1489461E-02   0.2267985E-05   0.1491729E-02
     9350.00  0.1480437E-02   0.2265120E-05   0.1482702E-02
     9370.00  0.1457492E-02   0.2262263E-05   0.1459754E-02
     9390.00  0.1466157E-02   0.2259413E-05   0.1468416E-02
     9410.00  0.1440314E-02   0.2256571E-05   0.1442571E-02
     9430.00  0.1454482E-02   0.2253736E-05   0.1456736E-02
     9450.00  0.1432116E-02   0.2250908E-05   0.1434367E-02
     9470.00  0.1438578E-02   0.2248087E-05   0.1440826E-02
     9490.00  0.1432354E-02   0.2245274E-05   0.1434599E-02
     9510.00  0.1416402E-02   0.2242467E-05   0.1418644E-02
     9530.00  0.1390130E-02   0.2239666E-05   0.1392370E-02
     9550.00  0.1303630E-02   0.2236873E-05   0.1305867E-02
     9570.00  0.1371306E-02   0.2234086E-05   0.1373540E-02
     9590.00  0.1394977E-02   0.2231306E-05   0.1397208E-02
     9610.00  0.1379562E-02   0.2228532E-05   0.1381791E-02
     9630.00  0.1375207E-02   0.2225764E-05   0.1377433E-02
     9650.00  0.1356831E-02   0.2223003E-05   0.1359054E-02
     9670.00  0.1351420E-02   0.2220248E-05   0.1353640E-02
     9690.00  0.1357275E-02   0.2217499E-05   0.1359492E-02
     9710.00  0.1346573E-02   0.2214755E-05   0.1348788E-02
     9730.00  0.1335056E-02   0.2212018E-05   0.1337268E-02
     9750.00  0.1327720E-02   0.2209287E-05   0.1329929E-02
     9770.00  0.1325224E-02   0.2206561E-05   0.1327431E-02
     9790.00  0.1305616E-02   0.2203841E-05   0.1307820E-02
     9810.00  0.1323759E-02   0.2201127E-05   0.1325960E-02
     9830.00  0.1312130E-02   0.2198417E-05   0.1314328E-02
     9850.00  0.1312170E-02   0.2195714E-05   0.1314366E-02
     9870.00  0.1301160E-02   0.2193016E-05   0.1303353E-02
     9890.00  0.1294880E-02   0.2190323E-05   0.1297070E-02
     9910.00  0.1288576E-02   0.2187636E-05   0.1290764E-02
     9930.00  0.1284622E-02   0.2184953E-05   0.1286807E-02
     9950.00  0.1279568E-02   0.2182276E-05   0.1281750E-02
     9970.00  0.1275089E-02   0.2179604E-05   0.1277269E-02
     9990.00  0.1266045E-02   0.2176937E-05   0.1268222E-02
    10025.00  0.1228728E-02   0.2172280E-05   0.1230900E-02
    10075.00  0.1198618E-02   0.2165655E-05   0.1200784E-02
    10125.00  0.1217943E-02   0.2159060E-05   0.1220102E-02
    10175.00  0.1199259E-02   0.2152550E-05   0.1201412E-02
    10225.00  0.1191705E-02   0.2146077E-05   0.1193851E-02
    10275.00  0.1182676E-02   0.2139629E-05   0.1184816E-02
    10325.00  0.1157115E-02   0.2133205E-05   0.1159248E-02
    10375.00  0.1143695E-02   0.2126804E-05   0.1145822E-02
    10425.00  0.1137642E-02   0.2120427E-05   0.1139762E-02
    10475.00  0.1121682E-02   0.2114072E-05   0.1123796E-02
    10525.00  0.1113926E-02   0.2107739E-05   0.1116034E-02
    10575.00  0.1096499E-02   0.2101427E-05   0.1098600E-02
    10625.00  0.1085006E-02   0.2095136E-05   0.1087101E-02
    10675.00  0.1062409E-02   0.2088866E-05   0.1064498E-02
    10725.00  0.1055849E-02   0.2082617E-05   0.1057932E-02
    10775.00  0.1040982E-02   0.2076387E-05   0.1043058E-02
    10825.00  0.1023345E-02   0.2070177E-05   0.1025415E-02
    10875.00  0.1014939E-02   0.2063986E-05   0.1017003E-02
    10925.00  0.9848051E-03   0.2057814E-05   0.9868629E-03
    10975.00  0.9881856E-03   0.2051660E-05   0.9902373E-03
    11025.00  0.9913512E-03   0.2045525E-05   0.9933967E-03
    11075.00  0.9835110E-03   0.2039408E-05   0.9855504E-03
    11125.00  0.9720014E-03   0.2033310E-05   0.9740347E-03
    11175.00  0.9579471E-03   0.1839242E-05   0.9597863E-03
    11225.00  0.9517960E-03   0.1833543E-05   0.9536295E-03
    11275.00  0.9349852E-03   0.1827865E-05   0.9368131E-03
    11325.00  0.9255796E-03   0.1822209E-05   0.9274018E-03
    11375.00  0.9145801E-03   0.1816573E-05   0.9163967E-03
    11425.00  0.9021066E-03   0.1810957E-05   0.9039176E-03
    11475.00  0.9029075E-03   0.1805360E-05   0.9047129E-03
    11525.00  0.8953470E-03   0.1799784E-05   0.8971468E-03
    11575.00  0.8802649E-03   0.1794228E-05   0.8820591E-03
    11625.00  0.8658346E-03   0.1788691E-05   0.8676233E-03
    11675.00  0.8607221E-03   0.1783173E-05   0.8625053E-03
    11725.00  0.8602644E-03   0.1777675E-05   0.8620421E-03
    11775.00  0.8434448E-03   0.1772196E-05   0.8452170E-03
    11825.00  0.8350689E-03   0.1766736E-05   0.8368356E-03
    11875.00  0.8197096E-03   0.1761294E-05   0.8214709E-03
    11925.00  0.8259856E-03   0.1755871E-05   0.8277415E-03
    11975.00  0.7989404E-03   0.1750467E-05   0.8006909E-03
    12025.00  0.8064441E-03   0.1745080E-05   0.8081892E-03
    12075.00  0.7944623E-03   0.1739712E-05   0.7962020E-03
    12125.00  0.7891627E-03   0.1734362E-05   0.7908971E-03
    12175.00  0.7863588E-03   0.1729030E-05   0.7880878E-03
    12225.00  0.7771864E-03   0.1723716E-05   0.7789101E-03
    12275.00  0.7690563E-03   0.1718419E-05   0.7707747E-03
    12325.00  0.7613743E-03   0.1713140E-05   0.7630874E-03
    12375.00  0.7553759E-03   0.1707879E-05   0.7570838E-03
    12425.00  0.7476111E-03   0.1702635E-05   0.7493137E-03
    12475.00  0.7427742E-03   0.1697408E-05   0.7444716E-03
    12525.00  0.7324973E-03   0.1689686E-05   0.7341870E-03
    12575.00  0.7275514E-03   0.1684508E-05   0.7292359E-03
    12625.00  0.7207187E-03   0.1679347E-05   0.7223980E-03
    12675.00  0.7125835E-03   0.1674202E-05   0.7142577E-03
    12725.00  0.7087966E-03   0.1669075E-05   0.7104657E-03
    12775.00  0.7027079E-03   0.1663965E-05   0.7043719E-03
    12825.00  0.6686748E-03   0.1658872E-05   0.6703337E-03
    12875.00  0.6858296E-03   0.1653795E-05   0.6874834E-03
    12925.00  0.6774728E-03   0.1648736E-05   0.6791215E-03
    12975.00  0.6799684E-03   0.1643693E-05   0.6816121E-03
    13025.00  0.6703861E-03   0.1638666E-05   0.6720248E-03
    13075.00  0.6694954E-03   0.1633646E-05   0.6711290E-03
    13125.00  0.6580905E-03   0.1628640E-05   0.6597191E-03
    13175.00  0.6536816E-03   0.1623651E-05   0.6553053E-03
    13225.00  0.6507100E-03   0.1618678E-05   0.6523287E-03
    13275.00  0.6388680E-03   0.1613721E-05   0.6404817E-03
    13325.00  0.6405878E-03   0.1608780E-05   0.6421966E-03
    13375.00  0.6325183E-03   0.1603854E-05   0.6341222E-03
    13425.00  0.6331163E-03   0.1598945E-05   0.6347152E-03
    13475.00  0.6273699E-03   0.1594052E-05   0.6289640E-03
    13525.00  0.6231591E-03   0.1589174E-05   0.6247483E-03
    13575.00  0.6120552E-03   0.1584313E-05   0.6136395E-03
    13625.00  0.6070573E-03   0.1578440E-05   0.6086357E-03
    13675.00  0.6060953E-03   0.1573614E-05   0.6076689E-03
    13725.00  0.6048341E-03   0.1568803E-05   0.6064029E-03
    13775.00  0.5991478E-03   0.1564009E-05   0.6007118E-03
    13825.00  0.5969360E-03   0.1559230E-05   0.5984952E-03
    13875.00  0.5888761E-03   0.1554468E-05   0.5904306E-03
    13925.00  0.5893173E-03   0.1549721E-05   0.5908670E-03
    13975.00  0.5869916E-03   0.1544989E-05   0.5885366E-03
    14025.00  0.5765126E-03   0.1540274E-05   0.5780529E-03
    14075.00  0.5786354E-03   0.1535574E-05   0.5801710E-03
    14125.00  0.5705577E-03   0.1522041E-05   0.5720797E-03
    14175.00  0.5721689E-03   0.1517420E-05   0.5736863E-03
    14225.00  0.5623023E-03   0.1512814E-05   0.5638151E-03
    14275.00  0.5535051E-03   0.1508223E-05   0.5550133E-03
    14325.00  0.5589961E-03   0.1503647E-05   0.5604997E-03
    14375.00  0.5580906E-03   0.1499087E-05   0.5595897E-03
    14425.00  0.5428224E-03   0.1494542E-05   0.5443169E-03
    14475.00  0.5499561E-03   0.1490012E-05   0.5514461E-03
    14525.00  0.5415559E-03   0.1485497E-05   0.5430414E-03
    14570.00  0.5421443E-03   0.1481447E-05   0.5436257E-03
    14620.00  0.5407872E-03   0.1020483E-05   0.5418077E-03
    14675.00  0.5381740E-03   0.1016982E-05   0.5391910E-03
    14725.00  0.5276201E-03   0.1010134E-05   0.5286302E-03
    14775.00  0.5290749E-03   0.1006998E-05   0.5300819E-03
    14825.00  0.5261164E-03   0.1003876E-05   0.5271203E-03
    14875.00  0.5200644E-03   0.1000768E-05   0.5210652E-03
    14925.00  0.5256048E-03   0.9976742E-06   0.5266025E-03
    14975.00  0.5179169E-03   0.9945935E-06   0.5189115E-03
    15025.00  0.5138390E-03   0.9915264E-06   0.5148305E-03
    15075.00  0.5067079E-03   0.9884726E-06   0.5076964E-03
    15125.00  0.5114986E-03   0.9854322E-06   0.5124840E-03
    15175.00  0.5102479E-03   0.9824051E-06   0.5112303E-03
    15225.00  0.5087114E-03   0.9793924E-06   0.5096908E-03
    15275.00  0.5071827E-03   0.9763939E-06   0.5081591E-03
    15325.00  0.5021263E-03   0.9734084E-06   0.5030997E-03
    15375.00  0.5056341E-03   0.9704356E-06   0.5066045E-03
    15425.00  0.5011478E-03   0.9674756E-06   0.5021153E-03
    15475.00  0.5010345E-03   0.9645282E-06   0.5019990E-03
    15525.00  0.4936515E-03   0.9615934E-06   0.4946131E-03
    15575.00  0.4724835E-03   0.9586711E-06   0.4734422E-03
    15625.00  0.4840972E-03   0.9557613E-06   0.4850530E-03
    15675.00  0.4786665E-03   0.9528638E-06   0.4796194E-03
    15725.00  0.4822693E-03   0.9499785E-06   0.4832193E-03
    15775.00  0.4544603E-03   0.9471055E-06   0.4554074E-03
    15825.00  0.4619133E-03   0.9442447E-06   0.4628575E-03
    15875.00  0.4526343E-03   0.9413959E-06   0.4535757E-03
    15925.00  0.4666040E-03   0.9385591E-06   0.4675426E-03
    15975.00  0.4528186E-03   0.9357342E-06   0.4537543E-03
    16050.00  0.4534513E-03   0.9315192E-06   0.4543828E-03
    16150.00  0.4477134E-03   0.9259404E-06   0.4486393E-03
    16250.00  0.4413374E-03   0.9204082E-06   0.4422578E-03
    16350.00  0.4474125E-03   0.9149220E-06   0.4483274E-03
    16450.00  0.4184572E-03   0.9094814E-06   0.4193667E-03
    16550.00  0.4326278E-03   0.9040860E-06   0.4335319E-03
    16650.00  0.4105647E-03   0.8987352E-06   0.4114634E-03
    16750.00  0.4137564E-03   0.8934286E-06   0.4146498E-03
    16850.00  0.3941704E-03   0.8881657E-06   0.3950586E-03
    16950.00  0.4026393E-03   0.8829462E-06   0.4035222E-03
    17050.00  0.3882060E-03   0.8777694E-06   0.3890838E-03
    17150.00  0.3864088E-03   0.8726351E-06   0.3872814E-03
    17250.00  0.3782734E-03   0.8675428E-06   0.3791409E-03
    17350.00  0.3629343E-03   0.8624920E-06   0.3637968E-03
    17450.00  0.3654328E-03   0.8574825E-06   0.3662903E-03
    17550.00  0.3571822E-03   0.8525136E-06   0.3580347E-03
    17650.00  0.3538568E-03   0.8475852E-06   0.3547044E-03
    17750.00  0.3452772E-03   0.8426967E-06   0.3461199E-03
    17850.00  0.3414178E-03   0.8378478E-06   0.3422556E-03
    17950.00  0.3359409E-03   0.8330381E-06   0.3367739E-03
    18050.00  0.3270097E-03   0.8282673E-06   0.3278380E-03
    18150.00  0.3207842E-03   0.8235349E-06   0.3216077E-03
    18250.00  0.3164901E-03   0.8188418E-06   0.3173089E-03
    18350.00  0.3112547E-03   0.8141969E-06   0.3120689E-03
    18450.00  0.3049497E-03   0.8095885E-06   0.3057593E-03
    18550.00  0.3010322E-03   0.7724905E-06   0.3018047E-03
    18650.00  0.2932259E-03   0.7681395E-06   0.2939940E-03
    18750.00  0.2856605E-03   0.7638229E-06   0.2864243E-03
    18850.00  0.2851036E-03   0.7595404E-06   0.2858631E-03
    18950.00  0.2743932E-03   0.7552918E-06   0.2751485E-03
    19050.00  0.2773837E-03   0.7510767E-06   0.2781348E-03
    19150.00  0.2714876E-03   0.7468948E-06   0.2722345E-03
    19250.00  0.2676817E-03   0.7427457E-06   0.2684244E-03
    19350.00  0.2603229E-03   0.7386293E-06   0.2610615E-03
    19450.00  0.2535697E-03   0.7345452E-06   0.2543042E-03
    19550.00  0.2534914E-03   0.7304931E-06   0.2542219E-03
    19650.00  0.2489600E-03   0.7264727E-06   0.2496865E-03
    19750.00  0.2441015E-03   0.7224838E-06   0.2448240E-03
    19850.00  0.2407824E-03   0.7185260E-06   0.2415009E-03
    19950.00  0.2368956E-03   0.7145991E-06   0.2376102E-03
    20050.00  0.2354351E-03   0.7107028E-06   0.2361458E-03
    20150.00  0.2320963E-03   0.7068369E-06   0.2328031E-03
    20250.00  0.2254864E-03   0.7026794E-06   0.2261891E-03
    20350.00  0.2217598E-03   0.6988761E-06   0.2224587E-03
    20450.00  0.2211127E-03   0.6951023E-06   0.2218078E-03
    20550.00  0.2168948E-03   0.6913578E-06   0.2175862E-03
    20650.00  0.2125955E-03   0.6876422E-06   0.2132831E-03
    20750.00  0.2095992E-03   0.6839553E-06   0.2102832E-03
    20850.00  0.2060251E-03   0.6802969E-06   0.2067054E-03
    20950.00  0.2017603E-03   0.6766667E-06   0.2024370E-03
    21050.00  0.2005429E-03   0.6730644E-06   0.2012160E-03
    21150.00  0.1964472E-03   0.6694898E-06   0.1971167E-03
    21250.00  0.1932515E-03   0.6659426E-06   0.1939174E-03
    21350.00  0.1916880E-03   0.6624226E-06   0.1923504E-03
    21450.00  0.1884852E-03   0.6589296E-06   0.1891441E-03
    21550.00  0.1853996E-03   0.6553238E-06   0.1860549E-03
    21650.00  0.1802938E-03   0.6518843E-06   0.1809457E-03
    21750.00  0.1783965E-03   0.6484710E-06   0.1790450E-03
    21850.00  0.1762377E-03   0.6450837E-06   0.1768828E-03
    21950.00  0.1740243E-03   0.6417221E-06   0.1746660E-03
    22050.00  0.1696145E-03   0.6383861E-06   0.1702529E-03
    22150.00  0.1692260E-03   0.6350753E-06   0.1698611E-03
    22250.00  0.1646529E-03   0.6305598E-06   0.1652835E-03
    22350.00  0.1627704E-03   0.6273104E-06   0.1633977E-03
    22450.00  0.1606478E-03   0.6240854E-06   0.1612719E-03
    22550.00  0.1585663E-03   0.6208847E-06   0.1591872E-03
    22650.00  0.1553768E-03   0.6177080E-06   0.1559945E-03
    22750.00  0.1543715E-03   0.6145552E-06   0.1549861E-03
    22850.00  0.1510485E-03   0.5136770E-06   0.1515622E-03
    22950.00  0.1286944E-03   0.5105032E-06   0.1292049E-03
    23050.00  0.1381785E-03   0.5079588E-06   0.1386865E-03
    23150.00  0.1361425E-03   0.5054337E-06   0.1366479E-03
    23250.00  0.1178408E-03   0.5029276E-06   0.1183437E-03
    23350.00  0.1266493E-03   0.5004404E-06   0.1271497E-03
    23450.00  0.1228414E-03   0.4979720E-06   0.1233394E-03
    23550.00  0.1071122E-03   0.4955220E-06   0.1076077E-03
    23650.00  0.1171188E-03   0.4930903E-06   0.1176119E-03
    23750.00  0.1132044E-03   0.4906768E-06   0.1136951E-03
    23850.00  0.1014097E-03   0.4882813E-06   0.1018980E-03
    23950.00  0.1092284E-03   0.4859037E-06   0.1097143E-03
    24050.00  0.1079004E-03   0.4835436E-06   0.1083839E-03
    24150.00  0.9769838E-04   0.4812011E-06   0.9817958E-04
    24250.00  0.1038035E-03   0.4788758E-06   0.1042824E-03
    24350.00  0.1027192E-03   0.4765678E-06   0.1031958E-03
    24450.00  0.9648134E-04   0.4742767E-06   0.9695562E-04
    24550.00  0.9672744E-04   0.4720024E-06   0.9719944E-04
    24650.00  0.9958457E-04   0.4697449E-06   0.1000543E-03
    24750.00  0.9604267E-04   0.4675038E-06   0.9651017E-04
    24850.00  0.9128055E-04   0.4652791E-06   0.9174583E-04
    24950.00  0.9415974E-04   0.4630706E-06   0.9462281E-04
    25050.00  0.9685957E-04   0.4608782E-06   0.9732045E-04
    25150.00  0.8811994E-04   0.4587017E-06   0.8857864E-04
    25250.00  0.9166175E-04   0.4565410E-06   0.9211829E-04
    25350.00  0.9179055E-04   0.4543959E-06   0.9224495E-04
    25450.00  0.8968199E-04   0.4522662E-06   0.9013426E-04
    25550.00  0.8769993E-04   0.4501519E-06   0.8815008E-04
    25650.00  0.8780842E-04   0.4480528E-06   0.8825647E-04
    25750.00  0.8840912E-04   0.4459688E-06   0.8885509E-04
    25850.00  0.8351285E-04   0.4438996E-06   0.8395675E-04
    25950.00  0.8448411E-04   0.4418452E-06   0.8492596E-04
    26050.00  0.8535990E-04   0.4398055E-06   0.8579971E-04
    26150.00  0.8269777E-04   0.4377803E-06   0.8313555E-04
    26250.00  0.8124477E-04   0.4357694E-06   0.8168054E-04
    26350.00  0.8230412E-04   0.4337728E-06   0.8273789E-04
    26450.00  0.8180610E-04   0.4317904E-06   0.8223789E-04
    26550.00  0.7983945E-04   0.4298219E-06   0.8026927E-04
    26650.00  0.7830547E-04   0.4278672E-06   0.7873334E-04
    26750.00  0.7989231E-04   0.4259263E-06   0.8031824E-04
    26850.00  0.7896164E-04   0.4239990E-06   0.7938564E-04
    26950.00  0.7628308E-04   0.4220852E-06   0.7670517E-04
    27050.00  0.7716180E-04   0.4201848E-06   0.7758198E-04
    27150.00  0.7625234E-04   0.4182976E-06   0.7667064E-04
    27250.00  0.7616173E-04   0.4164236E-06   0.7657815E-04
    27350.00  0.7351177E-04   0.4145625E-06   0.7392633E-04
    27450.00  0.7402207E-04   0.4127144E-06   0.7443478E-04
    27550.00  0.7357273E-04   0.4108790E-06   0.7398361E-04
    27650.00  0.7238452E-04   0.4010359E-06   0.7278556E-04
    27750.00  0.7085039E-04   0.3992650E-06   0.7124966E-04
    27850.00  0.7107712E-04   0.3975063E-06   0.7147463E-04
    27950.00  0.7090386E-04   0.3957597E-06   0.7129962E-04
    28050.00  0.6998637E-04   0.3940250E-06   0.7038039E-04
    28150.00  0.6851088E-04   0.3923021E-06   0.6890318E-04
    28250.00  0.6823140E-04   0.3905910E-06   0.6862199E-04
    28350.00  0.6789516E-04   0.3888916E-06   0.6828405E-04
    28450.00  0.6700054E-04   0.3872036E-06   0.6738774E-04
    28550.00  0.6608188E-04   0.3855272E-06   0.6646741E-04
    28650.00  0.6533877E-04   0.3838620E-06   0.6572263E-04
    28750.00  0.6440365E-04   0.3822082E-06   0.6478586E-04
    28850.00  0.6404531E-04   0.3805654E-06   0.6442588E-04
    28950.00  0.6332620E-04   0.3789337E-06   0.6370513E-04
    29050.00  0.6254952E-04   0.3773130E-06   0.6292683E-04
    29150.00  0.6206027E-04   0.3757031E-06   0.6243597E-04
    29250.00  0.6086479E-04   0.3741039E-06   0.6123889E-04
    29350.00  0.6083436E-04   0.3725155E-06   0.6120688E-04
    29450.00  0.5977365E-04   0.3709376E-06   0.6014459E-04
    29550.00  0.5912562E-04   0.3693701E-06   0.5949499E-04
    29650.00  0.5870217E-04   0.3678131E-06   0.5906998E-04
    29750.00  0.5802818E-04   0.3662068E-06   0.5839439E-04
    29850.00  0.5724545E-04   0.3646703E-06   0.5761012E-04
    29950.00  0.5659732E-04   0.3631439E-06   0.5696046E-04
    30050.00  0.5590546E-04   0.3616276E-06   0.5626709E-04
    30150.00  0.5541883E-04   0.3601212E-06   0.5577895E-04
    30250.00  0.5461384E-04   0.3586247E-06   0.5497246E-04
    30350.00  0.5349422E-04   0.3571380E-06   0.5385136E-04
    30450.00  0.5330600E-04   0.3556610E-06   0.5366166E-04
    30550.00  0.5268855E-04   0.3541936E-06   0.5304274E-04
    30650.00  0.5207623E-04   0.3527358E-06   0.5242897E-04
    30750.00  0.5160524E-04   0.3512874E-06   0.5195653E-04
    30850.00  0.5080230E-04   0.3498484E-06   0.5115215E-04
    30950.00  0.5022834E-04   0.3484186E-06   0.5057676E-04
    31050.00  0.4983438E-04   0.3469981E-06   0.5018138E-04
    31150.00  0.4893573E-04   0.3455867E-06   0.4928132E-04
    31250.00  0.4858417E-04   0.3441844E-06   0.4892835E-04
    31350.00  0.4804262E-04   0.3427648E-06   0.4838538E-04
    31450.00  0.4747201E-04   0.3413806E-06   0.4781339E-04
    31550.00  0.4683054E-04   0.3400053E-06   0.4717055E-04
    31650.00  0.4625067E-04   0.3386387E-06   0.4658931E-04
    31750.00  0.4583087E-04   0.3372808E-06   0.4616815E-04
    31850.00  0.4527360E-04   0.3359316E-06   0.4560953E-04
    31950.00  0.4480742E-04   0.3345909E-06   0.4514201E-04
    32100.00  0.4397141E-04   0.3323464E-06   0.4430376E-04
    32300.00  0.4291576E-04   0.3297186E-06   0.4324548E-04
    32500.00  0.4193520E-04   0.3271236E-06   0.4226232E-04
    32700.00  0.4093494E-04   0.3245610E-06   0.4125950E-04
    32900.00  0.3980527E-04   0.2944269E-06   0.4009970E-04
    33100.00  0.3904832E-04   0.2920400E-06   0.3934036E-04
    33300.00  0.3813339E-04   0.2898151E-06   0.3842321E-04
    33500.00  0.3738730E-04   0.2876173E-06   0.3767492E-04
    33700.00  0.3651381E-04   0.2854462E-06   0.3679926E-04
    33900.00  0.3564032E-04   0.2833014E-06   0.3592362E-04
    34100.00  0.3482491E-04   0.2811825E-06   0.3510609E-04
    34300.00  0.3418464E-04   0.2790891E-06   0.3446373E-04
    34500.00  0.3345867E-04   0.2770208E-06   0.3373569E-04
    34700.00  0.3272927E-04   0.2749771E-06   0.3300425E-04
    34900.00  0.3203259E-04   0.2729577E-06   0.3230555E-04
    35100.00  0.3137413E-04   0.2709622E-06   0.3164509E-04
    35300.00  0.3061929E-04   0.2689902E-06   0.3088828E-04
    35500.00  0.3004921E-04   0.2670413E-06   0.3031625E-04
    35700.00  0.2937554E-04   0.2651153E-06   0.2964066E-04
    35900.00  0.2877146E-04   0.2632117E-06   0.2903467E-04
    36100.00  0.2821799E-04   0.2613301E-06   0.2847932E-04
    36300.00  0.2766264E-04   0.2594704E-06   0.2792211E-04
    36500.00  0.2697545E-04   0.2576320E-06   0.2723308E-04
    36700.00  0.2642590E-04   0.2558147E-06   0.2668171E-04
    36900.00  0.2575358E-04   0.2540182E-06   0.2600760E-04
    37100.00  0.2522164E-04   0.2522421E-06   0.2547388E-04
    37300.00  0.2479146E-04   0.2504862E-06   0.2504195E-04
    37500.00  0.2407787E-04   0.2487500E-06   0.2432662E-04
    37700.00  0.2386087E-04   0.2470335E-06   0.2410790E-04
    37900.00  0.2337330E-04   0.2453361E-06   0.2361864E-04
    38100.00  0.2291829E-04   0.2436577E-06   0.2316195E-04
    38300.00  0.2252617E-04   0.2419980E-06   0.2276817E-04
    38500.00  0.2213187E-04   0.2403567E-06   0.2237223E-04
    38700.00  0.2160515E-04   0.2362373E-06   0.2184139E-04
    38900.00  0.2123010E-04   0.2346519E-06   0.2146475E-04
    39100.00  0.2080606E-04   0.2330837E-06   0.2103914E-04
    39300.00  0.2045889E-04   0.2315327E-06   0.2069042E-04
    39500.00  0.1998156E-04   0.2299985E-06   0.2021156E-04
    39700.00  0.1964546E-04   0.2284810E-06   0.1987394E-04
    39900.00  0.1913837E-04   0.2269798E-06   0.1936535E-04
    40100.00  0.1884734E-04   0.2254947E-06   0.1907283E-04
    40300.00  0.1853988E-04   0.2240256E-06   0.1876391E-04
    40500.00  0.1812832E-04   0.2225721E-06   0.1835089E-04
    40700.00  0.1786801E-04   0.2211341E-06   0.1808914E-04
    40900.00  0.1754981E-04   0.2197113E-06   0.1776952E-04
    41100.00  0.1724516E-04   0.2182885E-06   0.1746345E-04
    41300.00  0.1694426E-04   0.2168956E-06   0.1716116E-04
    41500.00  0.1660336E-04   0.2155172E-06   0.1681888E-04
    41700.00  0.1624797E-04   0.2141533E-06   0.1646212E-04
    41900.00  0.1598357E-04   0.2128035E-06   0.1619637E-04
    42100.00  0.1567076E-04   0.2114677E-06   0.1588223E-04
    42300.00  0.1547180E-04   0.2101456E-06   0.1568195E-04
    42500.00  0.1514290E-04   0.2088372E-06   0.1535174E-04
    42700.00  0.1491748E-04   0.2075422E-06   0.1512502E-04
    42900.00  0.1380997E-04   0.2062604E-06   0.1401623E-04
    43100.00  0.1289637E-04   0.2049856E-06   0.1310136E-04
    43300.00  0.1313009E-04   0.2037298E-06   0.1333382E-04
    43500.00  0.1219573E-04   0.2024867E-06   0.1239822E-04
    43700.00  0.1179903E-04   0.2012561E-06   0.1200029E-04
    43900.00  0.1145192E-04   0.1999727E-06   0.1165189E-04
    44100.00  0.1059124E-04   0.1987673E-06   0.1079001E-04
    44300.00  0.1058667E-04   0.1975740E-06   0.1078424E-04
    44500.00  0.1026121E-04   0.1963925E-06   0.1045760E-04
    44700.00  0.9651463E-05   0.1930821E-06   0.9844545E-05
    44900.00  0.9901266E-05   0.1846039E-06   0.1008587E-04
    45100.00  0.9501898E-05   0.1835245E-06   0.9685422E-05
    45300.00  0.9086553E-05   0.1824556E-06   0.9269009E-05
    45500.00  0.9207861E-05   0.1813970E-06   0.9389258E-05
    45700.00  0.9047099E-05   0.1803487E-06   0.9227448E-05
    45900.00  0.8556997E-05   0.1793105E-06   0.8736308E-05
    46100.00  0.8790211E-05   0.1782823E-06   0.8968493E-05
    46300.00  0.8510809E-05   0.1772640E-06   0.8688073E-05
    46500.00  0.8413496E-05   0.1762553E-06   0.8589751E-05
    46700.00  0.8388458E-05   0.1752562E-06   0.8563714E-05
    46900.00  0.8221474E-05   0.1742666E-06   0.8395741E-05
    47100.00  0.8018442E-05   0.1732864E-06   0.8191728E-05
    47300.00  0.8147131E-05   0.1723154E-06   0.8319446E-05
    47500.00  0.7935844E-05   0.1713534E-06   0.8107197E-05
    47700.00  0.7835886E-05   0.1704005E-06   0.8006287E-05
    47900.00  0.7721305E-05   0.1694564E-06   0.7890761E-05
    48100.00  0.7504029E-05   0.1685212E-06   0.7672550E-05
    48300.00  0.7648051E-05   0.1675945E-06   0.7815646E-05
    48500.00  0.7467420E-05   0.1666764E-06   0.7634096E-05
    48700.00  0.7280848E-05   0.1657668E-06   0.7446615E-05
    48900.00  0.7238295E-05   0.1648654E-06   0.7403160E-05
    49100.00  0.7105981E-05   0.1639723E-06   0.7269953E-05
    49300.00  0.7015668E-05   0.1630874E-06   0.7178755E-05
    49500.00  0.6876816E-05   0.1622104E-06   0.7039026E-05
    49700.00  0.6901007E-05   0.1613414E-06   0.7062348E-05
    49900.00  0.6764602E-05   0.1604802E-06   0.6925082E-05
    50100.00  0.6730992E-05   0.1596268E-06   0.6890619E-05
    50300.00  0.6645067E-05   0.1587809E-06   0.6803848E-05
    50500.00  0.6455224E-05   0.1579427E-06   0.6613167E-05
    50700.00  0.6429917E-05   0.1571118E-06   0.6587029E-05
    50900.00  0.6360722E-05   0.1562884E-06   0.6517010E-05
    51100.00  0.6236349E-05   0.1554722E-06   0.6391821E-05
    51300.00  0.6162331E-05   0.1546632E-06   0.6316994E-05
    51500.00  0.6075035E-05   0.1529425E-06   0.6227978E-05
    51700.00  0.6124800E-05   0.1521535E-06   0.6276953E-05
    51900.00  0.5985836E-05   0.1513714E-06   0.6137207E-05
    52100.00  0.5911424E-05   0.1505960E-06   0.6062020E-05
    52300.00  0.5824711E-05   0.1498274E-06   0.5974538E-05
    52500.00  0.5804473E-05   0.1490654E-06   0.5953538E-05
    52700.00  0.5844511E-05   0.1483099E-06   0.5992821E-05
    52900.00  0.5638135E-05   0.1475610E-06   0.5785696E-05
    53100.00  0.5543007E-05   0.1468184E-06   0.5689825E-05
    53300.00  0.5544361E-05   0.1460822E-06   0.5690443E-05
    53500.00  0.5474380E-05   0.1453522E-06   0.5619732E-05
    53700.00  0.5416260E-05   0.1446284E-06   0.5560888E-05
    53900.00  0.5370079E-05   0.1439107E-06   0.5513990E-05
    54100.00  0.5315312E-05   0.1431991E-06   0.5458511E-05
    54300.00  0.5207199E-05   0.1424884E-06   0.5349687E-05
    54500.00  0.5222228E-05   0.1417887E-06   0.5364017E-05
    54700.00  0.5098786E-05   0.1410947E-06   0.5239881E-05
    54900.00  0.5087483E-05   0.1404065E-06   0.5227890E-05
    55100.00  0.4979001E-05   0.1397240E-06   0.5118725E-05
    55300.00  0.5077138E-05   0.1390472E-06   0.5216185E-05
    55500.00  0.4890489E-05   0.1383759E-06   0.5028865E-05
    55700.00  0.4917946E-05   0.1377101E-06   0.5055656E-05
    55900.00  0.4818087E-05   0.1370498E-06   0.4955137E-05
    56100.00  0.4825631E-05   0.1363949E-06   0.4962026E-05
    56300.00  0.4699384E-05   0.1357453E-06   0.4835129E-05
    56500.00  0.4710122E-05   0.1350989E-06   0.4845221E-05
    56700.00  0.4646446E-05   0.1344599E-06   0.4780906E-05
    56900.00  0.4540085E-05   0.1338259E-06   0.4673911E-05
    57100.00  0.4556686E-05   0.1331971E-06   0.4689883E-05
    57300.00  0.4510080E-05   0.1325733E-06   0.4642653E-05
    57500.00  0.4452475E-05   0.1319342E-06   0.4584409E-05
    57700.00  0.4397745E-05   0.1313205E-06   0.4529066E-05
    57900.00  0.4383673E-05   0.1307118E-06   0.4514385E-05
    58100.00  0.4317663E-05   0.1301078E-06   0.4447771E-05
    58300.00  0.4275692E-05   0.1295087E-06   0.4405201E-05
    58500.00  0.4229380E-05   0.1251858E-06   0.4354566E-05
    58700.00  0.4153453E-05   0.1246052E-06   0.4278058E-05
    58900.00  0.4121468E-05   0.1240414E-06   0.4245509E-05
    59100.00  0.4065786E-05   0.1234820E-06   0.4189268E-05
    59300.00  0.4049778E-05   0.1229270E-06   0.4172705E-05
    59500.00  0.3984448E-05   0.1223762E-06   0.4106824E-05
    59700.00  0.3970282E-05   0.1218296E-06   0.4092112E-05
    59900.00  0.3927093E-05   0.1212873E-06   0.4048380E-05
    60100.00  0.3885911E-05   0.1207491E-06   0.4006660E-05
    60300.00  0.3840561E-05   0.1202150E-06   0.3960776E-05
    60500.00  0.3776853E-05   0.1196850E-06   0.3896538E-05
    60700.00  0.3743399E-05   0.1191590E-06   0.3862558E-05
    60900.00  0.3697325E-05   0.1186369E-06   0.3815962E-05
    61100.00  0.3651139E-05   0.1181188E-06   0.3769258E-05
    61300.00  0.3625550E-05   0.1176047E-06   0.3743155E-05
    61500.00  0.3594814E-05   0.1170943E-06   0.3711908E-05
    61700.00  0.3575042E-05   0.1165878E-06   0.3691630E-05
    61900.00  0.3526747E-05   0.1160851E-06   0.3642832E-05
    62100.00  0.3501605E-05   0.1155861E-06   0.3617191E-05
    62300.00  0.3446673E-05   0.1150907E-06   0.3561764E-05
    62500.00  0.3395243E-05   0.1145991E-06   0.3509842E-05
    62700.00  0.3362512E-05   0.1141111E-06   0.3476623E-05
    62900.00  0.3329403E-05   0.1136267E-06   0.3443030E-05
    63100.00  0.3293410E-05   0.1131458E-06   0.3406556E-05
    63300.00  0.3274367E-05   0.1126684E-06   0.3387035E-05
    63500.00  0.3230005E-05   0.1121945E-06   0.3342200E-05
    63700.00  0.3214526E-05   0.1117241E-06   0.3326250E-05
    63900.00  0.3155900E-05   0.1112571E-06   0.3267157E-05
    64200.00  0.3118406E-05   0.1105628E-06   0.3228969E-05
    64600.00  0.3044647E-05   0.1096488E-06   0.3154296E-05
    65000.00  0.2983724E-05   0.1087479E-06   0.3092472E-05
    65400.00  0.2918453E-05   0.1078597E-06   0.3026313E-05
    65800.00  0.2863880E-05   0.1069840E-06   0.2970864E-05
    66200.00  0.2798833E-05   0.1057380E-06   0.2904571E-05
    66600.00  0.2741902E-05   0.1048907E-06   0.2846793E-05
    67000.00  0.2687112E-05   0.1040552E-06   0.2791167E-05
    67400.00  0.2626865E-05   0.1032311E-06   0.2730096E-05
    67800.00  0.2572938E-05   0.1024184E-06   0.2675356E-05
    68200.00  0.2518798E-05   0.1016168E-06   0.2620415E-05
    68600.00  0.2470448E-05   0.1008261E-06   0.2571274E-05
    69000.00  0.2415422E-05   0.1000460E-06   0.2515468E-05
    69400.00  0.2367028E-05   0.9927482E-07   0.2466303E-05
    69800.00  0.2318485E-05   0.9851552E-07   0.2417001E-05
    70200.00  0.2269703E-05   0.9776633E-07   0.2367469E-05
    70600.00  0.2226048E-05   0.9702705E-07   0.2323075E-05
    71000.00  0.2179578E-05   0.9629750E-07   0.2275875E-05
    71400.00  0.2136909E-05   0.9557750E-07   0.2232486E-05
    71800.00  0.2092679E-05   0.9486620E-07   0.2187545E-05
    72200.00  0.2051355E-05   0.9416478E-07   0.2145520E-05
    72600.00  0.2009572E-05   0.9347241E-07   0.2103044E-05
    73000.00  0.1970004E-05   0.9278209E-07   0.2062786E-05
    73400.00  0.1930001E-05   0.9210737E-07   0.2022108E-05
    73800.00  0.1892748E-05   0.9144122E-07   0.1984189E-05
    74200.00  0.1853209E-05   0.8914118E-07   0.1942350E-05
    74600.00  0.1812119E-05   0.8850732E-07   0.1900626E-05
    75000.00  0.1777795E-05   0.8788138E-07   0.1865676E-05
    75400.00  0.1746587E-05   0.8726320E-07   0.1833850E-05
    75800.00  0.1714173E-05   0.8665266E-07   0.1800826E-05
    76200.00  0.1681039E-05   0.8604963E-07   0.1767089E-05
    76600.00  0.1648835E-05   0.8545397E-07   0.1734289E-05
    77000.00  0.1616985E-05   0.8486556E-07   0.1701851E-05
    77400.00  0.1586636E-05   0.8428428E-07   0.1670920E-05
    77800.00  0.1556585E-05   0.8371001E-07   0.1640295E-05
    78200.00  0.1527075E-05   0.8314263E-07   0.1610218E-05
    78600.00  0.1498463E-05   0.8258202E-07   0.1581045E-05
    79000.00  0.1470399E-05   0.8202808E-07   0.1552427E-05
    79400.00  0.1442830E-05   0.8148069E-07   0.1524311E-05
    79800.00  0.1416341E-05   0.8093974E-07   0.1497281E-05
    80200.00  0.1389435E-05   0.8040513E-07   0.1469840E-05
    80600.00  0.1363527E-05   0.7987676E-07   0.1443404E-05
    81000.00  0.1339240E-05   0.7935452E-07   0.1418595E-05
    81400.00  0.1314254E-05   0.7883831E-07   0.1393092E-05
    81800.00  0.1291019E-05   0.7832804E-07   0.1369347E-05
    82200.00  0.1267856E-05   0.7782361E-07   0.1345680E-05
    82600.00  0.1244872E-05   0.7714899E-07   0.1322021E-05
    83000.00  0.1222590E-05   0.7665749E-07   0.1299247E-05
    83400.00  0.1200261E-05   0.7617155E-07   0.1276433E-05
    83800.00  0.1179016E-05   0.7569106E-07   0.1254707E-05
    84200.00  0.1158479E-05   0.7521595E-07   0.1233695E-05
    84600.00  0.1138026E-05   0.7474612E-07   0.1212772E-05
    85000.00  0.1117908E-05   0.7428151E-07   0.1192190E-05
    85400.00  0.1098470E-05   0.7382202E-07   0.1172292E-05
    85800.00  0.1079220E-05   0.7336758E-07   0.1152588E-05
    86200.00  0.1060814E-05   0.7291737E-07   0.1133731E-05
    86600.00  0.1042422E-05   0.7247280E-07   0.1114895E-05
    87000.00  0.1024591E-05   0.7203305E-07   0.1096624E-05
    87400.00  0.1006903E-05   0.7159805E-07   0.1078501E-05
    87800.00  0.9895401E-06   0.7116772E-07   0.1060708E-05
    88200.00  0.9723898E-06   0.7074199E-07   0.1043132E-05
    88600.00  0.9558954E-06   0.7032080E-07   0.1026216E-05
    89000.00  0.9394901E-06   0.6990366E-07   0.1009394E-05
    89400.00  0.9242358E-06   0.6949129E-07   0.9937271E-06
    89800.00  0.9082729E-06   0.6908326E-07   0.9773562E-06
    90200.00  0.8933745E-06   0.6867682E-07   0.9620513E-06
    90600.00  0.8785333E-06   0.6827728E-07   0.9468106E-06
    91000.00  0.8631996E-06   0.6788189E-07   0.9310815E-06
    91400.00  0.8493168E-06   0.6670068E-07   0.9160175E-06
    91800.00  0.8354680E-06   0.6631794E-07   0.9017859E-06
    92200.00  0.8216838E-06   0.6594090E-07   0.8876247E-06
    92600.00  0.8082582E-06   0.6556769E-07   0.8738259E-06
    93000.00  0.7948964E-06   0.6519827E-07   0.8600947E-06
    93400.00  0.7818649E-06   0.6483258E-07   0.8466975E-06
    93800.00  0.7691273E-06   0.6447057E-07   0.8335979E-06
    94200.00  0.7565397E-06   0.6411218E-07   0.8206519E-06
    94600.00  0.7440926E-06   0.6375737E-07   0.8078500E-06
    95000.00  0.7320402E-06   0.6340609E-07   0.7954463E-06
    95400.00  0.7204044E-06   0.6305828E-07   0.7834627E-06
    95800.00  0.7087235E-06   0.6271390E-07   0.7714374E-06
    96200.00  0.6970133E-06   0.6237289E-07   0.7593862E-06
    96600.00  0.6860997E-06   0.6203522E-07   0.7481349E-06
    97000.00  0.6750999E-06   0.6170084E-07   0.7368007E-06
    97400.00  0.6635994E-06   0.6136970E-07   0.7249691E-06
    97800.00  0.6533819E-06   0.6104176E-07   0.7144237E-06
    98200.00  0.6430778E-06   0.6071697E-07   0.7037948E-06
    98600.00  0.6329560E-06   0.6039530E-07   0.6933513E-06
    99000.00  0.6228635E-06   0.6007669E-07   0.6829402E-06
    99400.00  0.6129523E-06   0.5976112E-07   0.6727134E-06
    99800.00  0.6031853E-06   0.5944853E-07   0.6626338E-06
   100200.00  0.5935846E-06   0.1558042E-07   0.6091650E-06
   200000.00  0.3704458E-07   0.3910702E-08   0.4095528E-07
   400000.00  0.2373592E-08   0.9776755E-09   0.3351268E-08
   600000.00  0.4348367E-09   0.4345225E-09   0.8693592E-09
   800000.00  0.1405721E-09   0.2444189E-09   0.3849910E-09
  1000000.00  0.5593283E-10   0.1564281E-09   0.2123609E-09
  1200000.00  0.2798254E-10   0.1086306E-09   0.1366132E-09
  1400000.00  0.1604565E-10   0.7981025E-10   0.9585590E-10
  1600000.00  0.1025984E-10   0.6110472E-10   0.7136456E-10
