       91.00  0.3410336E-30   0.0000000E+00   0.3410336E-30
       94.00  0.3410336E-30   0.0000000E+00   0.3410336E-30
       96.00  0.3410336E-30   0.0000000E+00   0.3410336E-30
       98.00  0.3410336E-30   0.0000000E+00   0.3410336E-30
      100.00  0.3410336E-30   0.0000000E+00   0.3410336E-30
      102.00  0.3410336E-30   0.0000000E+00   0.3410336E-30
      104.00  0.3410336E-30   0.0000000E+00   0.3410336E-30
      106.00  0.3410336E-30   0.0000000E+00   0.3410336E-30
      108.00  0.3410336E-30   0.0000000E+00   0.3410336E-30
      110.00  0.3410336E-30   0.0000000E+00   0.3410336E-30
      114.00  0.3410336E-30   0.0000000E+00   0.3410336E-30
      118.00  0.3410336E-30   0.0000000E+00   0.3410336E-30
      121.00  0.3410336E-30   0.0000000E+00   0.3410336E-30
      125.00  0.3410336E-30   0.0000000E+00   0.3410336E-30
      127.00  0.3410336E-30   0.0000000E+00   0.3410336E-30
      128.00  0.3410336E-30   0.0000000E+00   0.3410336E-30
      131.00  0.3410336E-30   0.0000000E+00   0.3410336E-30
      132.00  0.3410336E-30   0.0000000E+00   0.3410336E-30
      134.00  0.3410336E-30   0.0000000E+00   0.3410336E-30
      137.00  0.3410336E-30   0.0000000E+00   0.3410336E-30
      140.00  0.3410336E-30   0.0000000E+00   0.3410336E-30
      143.00  0.3410336E-30   0.0000000E+00   0.3410336E-30
      147.00  0.3410336E-30   0.0000000E+00   0.3410336E-30
      151.00  0.3410336E-30   0.0000000E+00   0.3410336E-30
      155.00  0.3410336E-30   0.0000000E+00   0.3410336E-30
      159.00  0.3410336E-30   0.0000000E+00   0.3410336E-30
      162.00  0.3410336E-30   0.0000000E+00   0.3410336E-30
      166.00  0.3410336E-30   0.0000000E+00   0.3410336E-30
      170.00  0.3410336E-30   0.0000000E+00   0.3410336E-30
      173.00  0.3410336E-30   0.0000000E+00   0.3410336E-30
      177.00  0.3410336E-30   0.0000000E+00   0.3410336E-30
      180.00  0.3410336E-30   0.0000000E+00   0.3410336E-30
      182.00  0.3410336E-30   0.0000000E+00   0.3410336E-30
      186.00  0.3410336E-30   0.0000000E+00   0.3410336E-30
      191.00  0.3410336E-30   0.0000000E+00   0.3410336E-30
      194.00  0.3410336E-30   0.0000000E+00   0.3410336E-30
      198.00  0.3410336E-30   0.0000000E+00   0.3410336E-30
      202.00  0.3410336E-30   0.0000000E+00   0.3410336E-30
      205.00  0.3410336E-30   0.0000000E+00   0.3410336E-30
      210.00  0.3410336E-30   0.0000000E+00   0.3410336E-30
      216.00  0.3410336E-30   0.0000000E+00   0.3410336E-30
      220.00  0.3410336E-30   0.0000000E+00   0.3410336E-30
      223.00  0.3410336E-30   0.0000000E+00   0.3410336E-30
      227.00  0.3410336E-30   0.0000000E+00   0.3410336E-30
      228.00  0.3410336E-30   0.0000000E+00   0.3410336E-30
      228.00  0.3231005E-16   0.0000000E+00   0.3231005E-16
      230.00  0.1001255E-15   0.0000000E+00   0.1001255E-15
      234.00  0.2357564E-15   0.0000000E+00   0.2357564E-15
      240.00  0.5931333E-15   0.0000000E+00   0.5931333E-15
      246.00  0.1532320E-14   0.0000000E+00   0.1532320E-14
      252.00  0.3490521E-14   0.0000000E+00   0.3490521E-14
      257.00  0.5955168E-14   0.0000000E+00   0.5955168E-14
      260.00  0.9568828E-14   0.0000000E+00   0.9568828E-14
      264.00  0.1571519E-13   0.0000000E+00   0.1571519E-13
      269.00  0.2691745E-13   0.0000000E+00   0.2691745E-13
      274.00  0.4801098E-13   0.0000000E+00   0.4801098E-13
      279.00  0.8444746E-13   0.0000000E+00   0.8444746E-13
      284.00  0.1562872E-12   0.0000000E+00   0.1562872E-12
      290.00  0.2898489E-12   0.0000000E+00   0.2898489E-12
      296.00  0.5253567E-12   0.0000000E+00   0.5253567E-12
      301.00  0.8433824E-12   0.0000000E+00   0.8433824E-12
      308.00  0.1570220E-11   0.0000000E+00   0.1570220E-11
      318.00  0.3922563E-11   0.0000000E+00   0.3922563E-11
      328.00  0.8715729E-11   0.0000000E+00   0.8715729E-11
      338.00  0.1910766E-10   0.0000000E+00   0.1910766E-10
      348.00  0.3932869E-10   0.0000000E+00   0.3932869E-10
      353.30  0.5403101E-10   0.0000000E+00   0.5403101E-10
      353.30  0.5536602E-10   0.0000000E+00   0.5536602E-10
      357.00  0.8379464E-10   0.0000000E+00   0.8379464E-10
      366.00  0.1529451E-09   0.0000000E+00   0.1529451E-09
      375.00  0.2585982E-09   0.0000000E+00   0.2585982E-09
      385.00  0.4619561E-09   0.0000000E+00   0.4619561E-09
      395.00  0.8034715E-09   0.0000000E+00   0.8034715E-09
      405.00  0.1340214E-08   0.0000000E+00   0.1340214E-08
      414.00  0.2105441E-08   0.0000000E+00   0.2105441E-08
      422.00  0.3042500E-08   0.0000000E+00   0.3042500E-08
      430.00  0.4403506E-08   0.0000000E+00   0.4403506E-08
      441.00  0.7114354E-08   0.0000000E+00   0.7114354E-08
      451.00  0.1074221E-07   0.0000000E+00   0.1074221E-07
      460.00  0.1524067E-07   0.0000000E+00   0.1524067E-07
      470.00  0.2236995E-07   0.0000000E+00   0.2236995E-07
      480.00  0.3206927E-07   0.0000000E+00   0.3206927E-07
      490.00  0.4559889E-07   0.0000000E+00   0.4559889E-07
      500.00  0.6362518E-07   0.0000000E+00   0.6362518E-07
      504.60  0.7209476E-07   0.0000000E+00   0.7209476E-07
      504.60  0.2531556E-05   0.0000000E+00   0.2531556E-05
      506.00  0.8464349E-06   0.0000000E+00   0.8464349E-06
      512.00  0.4216678E-05   0.0000000E+00   0.4216678E-05
      520.00  0.5094995E-05   0.0000000E+00   0.5094995E-05
      530.00  0.6669534E-05   0.0000000E+00   0.6669534E-05
      540.00  0.7236567E-05   0.0000000E+00   0.7236567E-05
      550.00  0.1082612E-04   0.0000000E+00   0.1082612E-04
      560.00  0.1283149E-04   0.0000000E+00   0.1283149E-04
      570.00  0.1607129E-04   0.0000000E+00   0.1607129E-04
      580.00  0.1585844E-04   0.0000000E+00   0.1585844E-04
      590.00  0.2130028E-04   0.0000000E+00   0.2130028E-04
      600.00  0.2560149E-04   0.0000000E+00   0.2560149E-04
      610.00  0.3093499E-04   0.0000000E+00   0.3093499E-04
      620.00  0.3505157E-04   0.0000000E+00   0.3505157E-04
      630.00  0.4045508E-04   0.0000000E+00   0.4045508E-04
      640.00  0.4339908E-04   0.0000000E+00   0.4339908E-04
      650.00  0.5100775E-04   0.0000000E+00   0.5100775E-04
      658.00  0.5790395E-04   0.0000000E+00   0.5790395E-04
      665.00  0.6220543E-04   0.0000000E+00   0.6220543E-04
      675.00  0.6610646E-04   0.0000000E+00   0.6610646E-04
      685.00  0.7284407E-04   0.0000000E+00   0.7284407E-04
      695.00  0.8774232E-04   0.0000000E+00   0.8774232E-04
      705.00  0.9420491E-04   0.0000000E+00   0.9420491E-04
      716.00  0.1070416E-03   0.0000000E+00   0.1070416E-03
      726.00  0.1158573E-03   0.0000000E+00   0.1158573E-03
      735.00  0.1239732E-03   0.0000000E+00   0.1239732E-03
      745.00  0.1412755E-03   0.0000000E+00   0.1412755E-03
      755.00  0.1552498E-03   0.0000000E+00   0.1552498E-03
      765.00  0.1699905E-03   0.0000000E+00   0.1699905E-03
      775.00  0.1865214E-03   0.0000000E+00   0.1865214E-03
      785.00  0.2031555E-03   0.0000000E+00   0.2031555E-03
      795.00  0.2161906E-03   0.0000000E+00   0.2161906E-03
      805.00  0.2315752E-03   0.0000000E+00   0.2315752E-03
      815.00  0.2450104E-03   0.0000000E+00   0.2450104E-03
      825.00  0.2692083E-03   0.0000000E+00   0.2692083E-03
      835.00  0.2623738E-03   0.0000000E+00   0.2623738E-03
      845.00  0.2973591E-03   0.0000000E+00   0.2973591E-03
      855.00  0.3149739E-03   0.0000000E+00   0.3149739E-03
      865.00  0.3393639E-03   0.0000000E+00   0.3393639E-03
      875.00  0.3670073E-03   0.0000000E+00   0.3670073E-03
      885.00  0.3976193E-03   0.0000000E+00   0.3976193E-03
      895.00  0.4219618E-03   0.0000000E+00   0.4219618E-03
      905.00  0.4312031E-03   0.0000000E+00   0.4312031E-03
      912.40  0.4283195E-03   0.7978922E-09   0.4283203E-03
      912.40  0.2930880E-02   0.7979077E-09   0.2930881E-02
      915.00  0.6969779E-03   0.8763797E-09   0.6969788E-03
      925.00  0.5164782E-02   0.1060342E-08   0.5164783E-02
      935.00  0.1532128E-01   0.1277401E-08   0.1532128E-01
      945.00  0.3771826E-01   0.1532485E-08   0.3771826E-01
      955.00  0.5329587E-01   0.1831096E-08   0.5329587E-01
      965.00  0.6420740E-01   0.2179354E-08   0.6420740E-01
      975.00  0.1061215E-01   0.2584040E-08   0.1061215E-01
      985.00  0.6096654E-01   0.3052647E-08   0.6096654E-01
      995.00  0.5853931E-01   0.3593427E-08   0.5853931E-01
     1005.00  0.7481860E-01   0.4215442E-08   0.7481860E-01
     1015.00  0.6926043E-01   0.4928610E-08   0.6926043E-01
     1025.00  0.2558844E-01   0.5743762E-08   0.2558845E-01
     1035.00  0.5102582E-01   0.6672685E-08   0.5102583E-01
     1045.00  0.8585380E-01   0.7728270E-08   0.8585381E-01
     1055.00  0.8115191E-01   0.8924322E-08   0.8115192E-01
     1065.00  0.6782736E-01   0.1027580E-07   0.6782737E-01
     1075.00  0.7712126E-01   0.1179885E-07   0.7712127E-01
     1085.00  0.6358003E-01   0.1351080E-07   0.6358004E-01
     1095.00  0.7789275E-01   0.1543026E-07   0.7789277E-01
     1105.00  0.7182337E-01   0.1757714E-07   0.7182339E-01
     1115.00  0.7004779E-01   0.1997267E-07   0.7004781E-01
     1125.00  0.6159223E-01   0.2263949E-07   0.6159225E-01
     1135.00  0.7322024E-01   0.2560169E-07   0.7322027E-01
     1145.00  0.6658201E-01   0.2888483E-07   0.6658204E-01
     1155.00  0.6871465E-01   0.3251597E-07   0.6871468E-01
     1165.00  0.6948830E-01   0.3652372E-07   0.6948834E-01
     1175.00  0.4939151E-01   0.4093827E-07   0.4939155E-01
     1185.00  0.6709318E-01   0.4579142E-07   0.6709323E-01
     1195.00  0.5575916E-01   0.5111660E-07   0.5575921E-01
     1205.00  0.4039089E-01   0.5694892E-07   0.4039095E-01
     1215.00  0.2223503E-01   0.6332516E-07   0.2223509E-01
     1225.00  0.4896884E-01   0.1904669E-05   0.4897074E-01
     1235.00  0.6187162E-01   0.3576453E-05   0.6187520E-01
     1245.00  0.6406732E-01   0.4998872E-05   0.6407232E-01
     1255.00  0.6140876E-01   0.6215251E-05   0.6141498E-01
     1265.00  0.5758217E-01   0.7257722E-05   0.5758943E-01
     1275.00  0.6330758E-01   0.8151700E-05   0.6331573E-01
     1285.00  0.6289018E-01   0.8917943E-05   0.6289910E-01
     1295.00  0.5230434E-01   0.9573739E-05   0.5231391E-01
     1305.00  0.5320998E-01   0.1013367E-04   0.5322011E-01
     1315.00  0.6027633E-01   0.1061017E-04   0.6028694E-01
     1325.00  0.5680418E-01   0.1101390E-04   0.5681519E-01
     1335.00  0.5248006E-01   0.1135404E-04   0.5249141E-01
     1345.00  0.5631766E-01   0.1163858E-04   0.5632930E-01
     1355.00  0.5518412E-01   0.1187446E-04   0.5519599E-01
     1365.00  0.5091928E-01   0.1206773E-04   0.5093135E-01
     1375.00  0.5070047E-01   0.1222373E-04   0.5071269E-01
     1385.00  0.5077407E-01   0.1234710E-04   0.5078642E-01
     1395.00  0.4292538E-01   0.1244197E-04   0.4293782E-01
     1405.00  0.4481763E-01   0.1251197E-04   0.4483014E-01
     1415.00  0.4654554E-01   0.1256030E-04   0.4655810E-01
     1425.00  0.4606319E-01   0.1258981E-04   0.4607578E-01
     1435.00  0.4629978E-01   0.1260304E-04   0.4631238E-01
     1442.00  0.4725908E-01   0.1260381E-04   0.4727168E-01
     1447.00  0.4660061E-01   0.1260055E-04   0.4661321E-01
     1455.00  0.4551818E-01   0.1258936E-04   0.4553077E-01
     1465.00  0.4252342E-01   0.1256626E-04   0.4253599E-01
     1475.00  0.4231205E-01   0.1253451E-04   0.4232458E-01
     1485.00  0.4172257E-01   0.1249554E-04   0.4173507E-01
     1495.00  0.4135198E-01   0.1245065E-04   0.4136443E-01
     1505.00  0.3864057E-01   0.1240098E-04   0.3865297E-01
     1512.00  0.3470255E-01   0.1236393E-04   0.3471491E-01
     1517.00  0.3602029E-01   0.1233653E-04   0.3603263E-01
     1525.00  0.3642220E-01   0.1229137E-04   0.3643449E-01
     1535.00  0.3219488E-01   0.1223322E-04   0.3220711E-01
     1545.00  0.3293210E-01   0.1217387E-04   0.3294427E-01
     1555.00  0.3138432E-01   0.1211395E-04   0.3139643E-01
     1565.00  0.3261846E-01   0.1205414E-04   0.3263051E-01
     1575.00  0.3404896E-01   0.1199501E-04   0.3406096E-01
     1585.00  0.3411238E-01   0.1193708E-04   0.3412432E-01
     1595.00  0.3427161E-01   0.1188083E-04   0.3428349E-01
     1605.00  0.3379532E-01   0.1182668E-04   0.3380715E-01
     1615.00  0.3340180E-01   0.1177503E-04   0.3341358E-01
     1625.00  0.3237098E-01   0.1172623E-04   0.3238271E-01
     1635.00  0.3365054E-01   0.1168061E-04   0.3366222E-01
     1645.00  0.3334394E-01   0.1163848E-04   0.3335558E-01
     1655.00  0.3214562E-01   0.1160012E-04   0.3215722E-01
     1665.00  0.3335628E-01   0.1156578E-04   0.3336785E-01
     1672.00  0.3161271E-01   0.1154426E-04   0.3162425E-01
     1677.00  0.3321883E-01   0.1153021E-04   0.3323036E-01
     1685.00  0.3318502E-01   0.1151010E-04   0.3319653E-01
     1695.00  0.3162311E-01   0.1148919E-04   0.3163460E-01
     1705.00  0.3038978E-01   0.1147316E-04   0.3040125E-01
     1715.00  0.2891994E-01   0.1146217E-04   0.2893140E-01
     1725.00  0.2855349E-01   0.1145640E-04   0.2856495E-01
     1735.00  0.2954589E-01   0.1145600E-04   0.2955735E-01
     1745.00  0.2863413E-01   0.1146112E-04   0.2864559E-01
     1755.00  0.2935287E-01   0.1147187E-04   0.2936434E-01
     1765.00  0.2783308E-01   0.1148840E-04   0.2784457E-01
     1775.00  0.2739649E-01   0.1151082E-04   0.2740800E-01
     1785.00  0.2757937E-01   0.1153923E-04   0.2759091E-01
     1795.00  0.2832909E-01   0.1157377E-04   0.2834066E-01
     1805.00  0.2823373E-01   0.1161451E-04   0.2824534E-01
     1815.00  0.2588486E-01   0.1166155E-04   0.2589652E-01
     1825.00  0.2659050E-01   0.1171498E-04   0.2660221E-01
     1835.00  0.2565331E-01   0.1177489E-04   0.2566508E-01
     1845.00  0.2364760E-01   0.1184134E-04   0.2365944E-01
     1855.00  0.2340066E-01   0.1191442E-04   0.2341257E-01
     1865.00  0.2373769E-01   0.1199420E-04   0.2374968E-01
     1875.00  0.2497798E-01   0.1208073E-04   0.2499006E-01
     1885.00  0.2263917E-01   0.1217410E-04   0.2265134E-01
     1895.00  0.2121288E-01   0.1227435E-04   0.2122515E-01
     1905.00  0.2273192E-01   0.1238155E-04   0.2274430E-01
     1915.00  0.2153989E-01   0.1249575E-04   0.2155239E-01
     1925.00  0.2081105E-01   0.1261700E-04   0.2082367E-01
     1935.00  0.2167674E-01   0.1274536E-04   0.2168949E-01
     1945.00  0.2211715E-01   0.1288065E-04   0.2213003E-01
     1955.00  0.2035960E-01   0.1302282E-04   0.2037262E-01
     1967.00  0.2173985E-01   0.1320285E-04   0.2175305E-01
     1976.00  0.2243122E-01   0.1334467E-04   0.2244456E-01
     1984.00  0.2097938E-01   0.1347563E-04   0.2099286E-01
     1995.00  0.2047042E-01   0.1366327E-04   0.2048408E-01
     2005.00  0.2094319E-01   0.1384148E-04   0.2095703E-01
     2015.00  0.2056244E-01   0.1402698E-04   0.2057647E-01
     2025.00  0.2122603E-01   0.1421980E-04   0.2124025E-01
     2035.00  0.1970769E-01   0.1442077E-04   0.1972211E-01
     2045.00  0.1995274E-01   0.1462949E-04   0.1996737E-01
     2055.00  0.1935206E-01   0.6343396E-05   0.1935840E-01
     2065.00  0.1947091E-01   0.6287448E-05   0.1947720E-01
     2074.00  0.2028565E-01   0.6238486E-05   0.2029189E-01
     2078.00  0.1882542E-01   0.6217145E-05   0.1883164E-01
     2085.00  0.1943448E-01   0.6180416E-05   0.1944066E-01
     2095.00  0.1844636E-01   0.6129299E-05   0.1845249E-01
     2105.00  0.1887046E-01   0.6079761E-05   0.1887654E-01
     2115.00  0.1879325E-01   0.6031786E-05   0.1879928E-01
     2125.00  0.1899870E-01   0.5985357E-05   0.1900469E-01
     2135.00  0.1839834E-01   0.5940458E-05   0.1840428E-01
     2145.00  0.1780915E-01   0.5897073E-05   0.1781505E-01
     2155.00  0.1836689E-01   0.5855185E-05   0.1837275E-01
     2165.00  0.1807824E-01   0.5814779E-05   0.1808405E-01
     2175.00  0.1782045E-01   0.5775841E-05   0.1782623E-01
     2185.00  0.1740206E-01   0.5738361E-05   0.1740780E-01
     2195.00  0.1768035E-01   0.5702314E-05   0.1768605E-01
     2205.00  0.1734242E-01   0.5667685E-05   0.1734809E-01
     2215.00  0.1695435E-01   0.5634459E-05   0.1695998E-01
     2225.00  0.1645284E-01   0.5602618E-05   0.1645844E-01
     2235.00  0.1662269E-01   0.5572148E-05   0.1662826E-01
     2245.00  0.1642846E-01   0.5543032E-05   0.1643400E-01
     2255.00  0.1596756E-01   0.5515256E-05   0.1597308E-01
     2265.00  0.1610371E-01   0.5488804E-05   0.1610920E-01
     2275.00  0.1602116E-01   0.5463659E-05   0.1602662E-01
     2285.00  0.1605956E-01   0.5439772E-05   0.1606500E-01
     2295.00  0.1535702E-01   0.5417123E-05   0.1536244E-01
     2305.00  0.1542916E-01   0.5395731E-05   0.1543456E-01
     2315.00  0.1496683E-01   0.5375582E-05   0.1497221E-01
     2325.00  0.1287490E-01   0.5356659E-05   0.1288026E-01
     2335.00  0.1429094E-01   0.5338949E-05   0.1429628E-01
     2345.00  0.1411129E-01   0.5322436E-05   0.1411661E-01
     2355.00  0.1431560E-01   0.5307106E-05   0.1432091E-01
     2365.00  0.1388779E-01   0.5292945E-05   0.1389308E-01
     2375.00  0.1383921E-01   0.5279937E-05   0.1384449E-01
     2385.00  0.1347923E-01   0.5268070E-05   0.1348450E-01
     2395.00  0.1364131E-01   0.5257328E-05   0.1364657E-01
     2405.00  0.1326999E-01   0.5247700E-05   0.1327524E-01
     2415.00  0.1321694E-01   0.5239173E-05   0.1322218E-01
     2425.00  0.1333192E-01   0.5231729E-05   0.1333715E-01
     2435.00  0.1290665E-01   0.5225357E-05   0.1291188E-01
     2445.00  0.1305156E-01   0.5220042E-05   0.1305678E-01
     2455.00  0.1296219E-01   0.5215771E-05   0.1296741E-01
     2465.00  0.1272302E-01   0.5212531E-05   0.1272823E-01
     2475.00  0.1251623E-01   0.5210309E-05   0.1252144E-01
     2485.00  0.1256710E-01   0.5209091E-05   0.1257231E-01
     2495.00  0.1193575E-01   0.5208865E-05   0.1194096E-01
     2505.00  0.1240131E-01   0.5209618E-05   0.1240652E-01
     2513.00  0.1180378E-01   0.5210916E-05   0.1180899E-01
     2518.00  0.1213980E-01   0.5212039E-05   0.1214501E-01
     2525.00  0.1181461E-01   0.5214010E-05   0.1181982E-01
     2535.00  0.1166246E-01   0.5217624E-05   0.1166768E-01
     2545.00  0.1145262E-01   0.5222165E-05   0.1145784E-01
     2555.00  0.1164550E-01   0.5227623E-05   0.1165073E-01
     2565.00  0.1148024E-01   0.5233985E-05   0.1148547E-01
     2575.00  0.1159276E-01   0.5241239E-05   0.1159800E-01
     2585.00  0.1148638E-01   0.5249375E-05   0.1149163E-01
     2595.00  0.1135603E-01   0.5258378E-05   0.1136129E-01
     2605.00  0.1113807E-01   0.5010819E-05   0.1114308E-01
     2615.00  0.1102166E-01   0.5018402E-05   0.1102668E-01
     2625.00  0.1099790E-01   0.5026825E-05   0.1100293E-01
     2635.00  0.1092330E-01   0.5036077E-05   0.1092834E-01
     2645.00  0.1110582E-01   0.5046148E-05   0.1111087E-01
     2655.00  0.1101051E-01   0.5057027E-05   0.1101557E-01
     2665.00  0.1066364E-01   0.5068704E-05   0.1066871E-01
     2675.00  0.1072416E-01   0.5081168E-05   0.1072924E-01
     2685.00  0.1064742E-01   0.5094408E-05   0.1065251E-01
     2695.00  0.1036871E-01   0.5108416E-05   0.1037382E-01
     2705.00  0.1034632E-01   0.5123180E-05   0.1035144E-01
     2715.00  0.1018269E-01   0.5138691E-05   0.1018783E-01
     2725.00  0.1006663E-01   0.5154939E-05   0.1007178E-01
     2735.00  0.1015298E-01   0.5171913E-05   0.1015815E-01
     2745.00  0.9674304E-02   0.5189605E-05   0.9679494E-02
     2755.00  0.9643246E-02   0.5208004E-05   0.9648454E-02
     2765.00  0.9645255E-02   0.5227101E-05   0.9650482E-02
     2775.00  0.9755696E-02   0.5246887E-05   0.9760943E-02
     2785.00  0.9621462E-02   0.5267352E-05   0.9626729E-02
     2795.00  0.9027580E-02   0.5288486E-05   0.9032868E-02
     2805.00  0.9224690E-02   0.5310281E-05   0.9230000E-02
     2815.00  0.9447777E-02   0.5332727E-05   0.9453110E-02
     2825.00  0.9323153E-02   0.5355815E-05   0.9328509E-02
     2835.00  0.9024095E-02   0.5379537E-05   0.9029475E-02
     2845.00  0.9028487E-02   0.5403883E-05   0.9033891E-02
     2855.00  0.8953731E-02   0.5428780E-05   0.8959160E-02
     2865.00  0.9004219E-02   0.5454214E-05   0.9009673E-02
     2875.00  0.8871540E-02   0.5480239E-05   0.8877020E-02
     2885.00  0.8825460E-02   0.5506845E-05   0.8830967E-02
     2895.00  0.8714207E-02   0.5534023E-05   0.8719741E-02
     2910.00  0.8692246E-02   0.5575848E-05   0.8697822E-02
     2930.00  0.8488948E-02   0.5633538E-05   0.8494582E-02
     2950.00  0.8294240E-02   0.5693369E-05   0.8299933E-02
     2970.00  0.8212774E-02   0.5755274E-05   0.8218529E-02
     2990.00  0.8063046E-02   0.5819188E-05   0.8068865E-02
     3010.00  0.7936620E-02   0.5885049E-05   0.7942505E-02
     3030.00  0.7844492E-02   0.5952793E-05   0.7850445E-02
     3050.00  0.7702114E-02   0.6022339E-05   0.7708136E-02
     3070.00  0.7565739E-02   0.6093621E-05   0.7571833E-02
     3090.00  0.7424542E-02   0.6166597E-05   0.7430709E-02
     3110.00  0.7301846E-02   0.6241208E-05   0.7308087E-02
     3130.00  0.7169289E-02   0.6238994E-05   0.7175528E-02
     3150.00  0.7069968E-02   0.6315269E-05   0.7076283E-02
     3170.00  0.6937790E-02   0.6393023E-05   0.6944183E-02
     3190.00  0.6751710E-02   0.6472202E-05   0.6758182E-02
     3210.00  0.6716408E-02   0.6552754E-05   0.6722961E-02
     3230.00  0.6591567E-02   0.6634628E-05   0.6598202E-02
     3250.00  0.6500567E-02   0.6717773E-05   0.6507285E-02
     3270.00  0.6409126E-02   0.6802065E-05   0.6415928E-02
     3290.00  0.6305714E-02   0.6887470E-05   0.6312601E-02
     3310.00  0.6219994E-02   0.6973976E-05   0.6226968E-02
     3330.00  0.6109916E-02   0.7061536E-05   0.6116978E-02
     3350.00  0.5995368E-02   0.7150104E-05   0.6002518E-02
     3370.00  0.5902212E-02   0.7239634E-05   0.5909452E-02
     3390.00  0.5810829E-02   0.7330081E-05   0.5818159E-02
     3410.00  0.5736235E-02   0.7421403E-05   0.5743656E-02
     3430.00  0.5588964E-02   0.7023219E-05   0.5595987E-02
     3450.00  0.5514861E-02   0.7107303E-05   0.5521968E-02
     3470.00  0.5463210E-02   0.7192121E-05   0.5470402E-02
     3490.00  0.5386930E-02   0.7277636E-05   0.5394208E-02
     3510.00  0.5329364E-02   0.7363823E-05   0.5336728E-02
     3530.00  0.5248661E-02   0.7450741E-05   0.5256112E-02
     3550.00  0.5183474E-02   0.7538264E-05   0.5191012E-02
     3570.00  0.5094082E-02   0.7626358E-05   0.5101708E-02
     3590.00  0.4989984E-02   0.7714988E-05   0.4997699E-02
     3610.00  0.4929174E-02   0.7804121E-05   0.4936978E-02
     3630.00  0.4869508E-02   0.7893724E-05   0.4877402E-02
     3640.00  0.4863556E-02   0.7938692E-05   0.4871495E-02
     3650.00  0.4842352E-02   0.1415343E-05   0.4843767E-02
     3670.00  0.4742801E-02   0.1405207E-05   0.4744206E-02
     3690.00  0.4598318E-02   0.1293413E-05   0.4599611E-02
     3710.00  0.4827357E-02   0.1282369E-05   0.4828639E-02
     3730.00  0.4800182E-02   0.1271685E-05   0.4801454E-02
     3750.00  0.5423846E-02   0.1261350E-05   0.5425107E-02
     3770.00  0.5460270E-02   0.1251354E-05   0.5461521E-02
     3790.00  0.5871274E-02   0.1241687E-05   0.5872516E-02
     3810.00  0.6261564E-02   0.1232339E-05   0.6262796E-02
     3830.00  0.5384558E-02   0.1223301E-05   0.5385781E-02
     3850.00  0.6391520E-02   0.1214565E-05   0.6392735E-02
     3870.00  0.6520252E-02   0.1206121E-05   0.6521458E-02
     3890.00  0.5047013E-02   0.1197961E-05   0.5048211E-02
     3910.00  0.6445676E-02   0.1190077E-05   0.6446866E-02
     3930.00  0.6228572E-02   0.1182460E-05   0.6229754E-02
     3950.00  0.6245394E-02   0.1175104E-05   0.6246569E-02
     3970.00  0.4668120E-02   0.1168003E-05   0.4669288E-02
     3990.00  0.6074090E-02   0.1161154E-05   0.6075251E-02
     4010.00  0.6159452E-02   0.1154543E-05   0.6160607E-02
     4030.00  0.5959080E-02   0.1148162E-05   0.5960228E-02
     4050.00  0.6013884E-02   0.1142006E-05   0.6015026E-02
     4070.00  0.5831658E-02   0.1136067E-05   0.5832794E-02
     4090.00  0.5379246E-02   0.1130340E-05   0.5380376E-02
     4110.00  0.4609894E-02   0.1124818E-05   0.4611019E-02
     4130.00  0.5524455E-02   0.1119496E-05   0.5525574E-02
     4150.00  0.5541930E-02   0.1114367E-05   0.5543044E-02
     4170.00  0.5490675E-02   0.1109425E-05   0.5491784E-02
     4190.00  0.5438650E-02   0.1104666E-05   0.5439755E-02
     4210.00  0.5379067E-02   0.1100084E-05   0.5380167E-02
     4230.00  0.5286171E-02   0.1095674E-05   0.5287267E-02
     4250.00  0.5218100E-02   0.1091430E-05   0.5219191E-02
     4270.00  0.5084668E-02   0.1087349E-05   0.5085755E-02
     4290.00  0.5041674E-02   0.1083424E-05   0.5042757E-02
     4310.00  0.4883885E-02   0.1079652E-05   0.4884965E-02
     4330.00  0.4440700E-02   0.1076028E-05   0.4441776E-02
     4350.00  0.4013564E-02   0.1072548E-05   0.4014637E-02
     4370.00  0.4774240E-02   0.1069208E-05   0.4775309E-02
     4390.00  0.4676926E-02   0.1066003E-05   0.4677992E-02
     4410.00  0.4677118E-02   0.1062930E-05   0.4678181E-02
     4430.00  0.4641118E-02   0.1059983E-05   0.4642178E-02
     4450.00  0.4603393E-02   0.1057160E-05   0.4604450E-02
     4470.00  0.4451487E-02   0.1054457E-05   0.4452541E-02
     4490.00  0.4488021E-02   0.1051869E-05   0.4489073E-02
     4510.00  0.4512306E-02   0.1049395E-05   0.4513355E-02
     4530.00  0.4392964E-02   0.1047029E-05   0.4394011E-02
     4550.00  0.4333232E-02   0.1044769E-05   0.4334277E-02
     4570.00  0.4334399E-02   0.1042612E-05   0.4335442E-02
     4590.00  0.4251574E-02   0.1040555E-05   0.4252615E-02
     4610.00  0.4223852E-02   0.1038593E-05   0.4224891E-02
     4630.00  0.4144398E-02   0.1036726E-05   0.4145435E-02
     4650.00  0.4102364E-02   0.1034948E-05   0.4103399E-02
     4670.00  0.4080226E-02   0.1033259E-05   0.4081259E-02
     4690.00  0.4032008E-02   0.1031655E-05   0.4033040E-02
     4710.00  0.3918012E-02   0.1030132E-05   0.3919042E-02
     4730.00  0.3924488E-02   0.1028690E-05   0.3925517E-02
     4750.00  0.3895307E-02   0.1027325E-05   0.3896334E-02
     4770.00  0.3872121E-02   0.1026034E-05   0.3873147E-02
     4790.00  0.3814674E-02   0.1024816E-05   0.3815699E-02
     4810.00  0.3754446E-02   0.1023667E-05   0.3755470E-02
     4830.00  0.3696726E-02   0.1022582E-05   0.3697749E-02
     4850.00  0.3373318E-02   0.1021563E-05   0.3374340E-02
     4870.00  0.2966014E-02   0.1020608E-05   0.2967035E-02
     4890.00  0.3548429E-02   0.1019713E-05   0.3549449E-02
     4910.00  0.3546264E-02   0.1018878E-05   0.3547283E-02
     4930.00  0.3451896E-02   0.1018100E-05   0.3452914E-02
     4950.00  0.3496489E-02   0.1017378E-05   0.3497506E-02
     4970.00  0.3453372E-02   0.1016708E-05   0.3454389E-02
     4990.00  0.3376256E-02   0.1016091E-05   0.3377272E-02
     5010.00  0.3268137E-02   0.1015523E-05   0.3269153E-02
     5030.00  0.3300600E-02   0.1015003E-05   0.3301615E-02
     5050.00  0.3235822E-02   0.1014530E-05   0.3236837E-02
     5070.00  0.3254683E-02   0.1014104E-05   0.3255697E-02
     5090.00  0.3181651E-02   0.1013735E-05   0.3182665E-02
     5110.00  0.3157757E-02   0.1013407E-05   0.3158770E-02
     5130.00  0.3095869E-02   0.1013119E-05   0.3096882E-02
     5150.00  0.3048669E-02   0.1012869E-05   0.3049682E-02
     5170.00  0.2998509E-02   0.1012655E-05   0.2999522E-02
     5190.00  0.2990692E-02   0.1012478E-05   0.2991704E-02
     5210.00  0.2967012E-02   0.1012334E-05   0.2968024E-02
     5230.00  0.2969607E-02   0.1012223E-05   0.2970619E-02
     5250.00  0.2962222E-02   0.1012143E-05   0.2963234E-02
     5270.00  0.2868455E-02   0.1012094E-05   0.2869467E-02
     5290.00  0.2914151E-02   0.1012074E-05   0.2915163E-02
     5310.00  0.2913228E-02   0.1012081E-05   0.2914240E-02
     5330.00  0.2824558E-02   0.1012116E-05   0.2825570E-02
     5350.00  0.2850464E-02   0.1012176E-05   0.2851476E-02
     5370.00  0.2824783E-02   0.1012259E-05   0.2825795E-02
     5390.00  0.2771372E-02   0.1012364E-05   0.2772384E-02
     5410.00  0.2742454E-02   0.1012492E-05   0.2743466E-02
     5430.00  0.2717200E-02   0.1012640E-05   0.2718213E-02
     5450.00  0.2726466E-02   0.1012809E-05   0.2727479E-02
     5470.00  0.2678357E-02   0.1012997E-05   0.2679370E-02
     5490.00  0.2650967E-02   0.1013204E-05   0.2651980E-02
     5510.00  0.2625874E-02   0.1013429E-05   0.2626887E-02
     5530.00  0.2622826E-02   0.1013670E-05   0.2623840E-02
     5550.00  0.2612000E-02   0.1013927E-05   0.2613014E-02
     5570.00  0.2578527E-02   0.1014199E-05   0.2579541E-02
     5590.00  0.2540804E-02   0.1014486E-05   0.2541818E-02
     5610.00  0.2545958E-02   0.1014786E-05   0.2546973E-02
     5630.00  0.2511648E-02   0.1015099E-05   0.2512663E-02
     5650.00  0.2491953E-02   0.1015425E-05   0.2492968E-02
     5670.00  0.2453125E-02   0.1015761E-05   0.2454141E-02
     5690.00  0.2455506E-02   0.1016108E-05   0.2456522E-02
     5710.00  0.2408584E-02   0.7732852E-06   0.2409357E-02
     5730.00  0.2443164E-02   0.7727348E-06   0.2443937E-02
     5750.00  0.2395672E-02   0.7722027E-06   0.2396444E-02
     5770.00  0.2390108E-02   0.7716882E-06   0.2390880E-02
     5790.00  0.2337387E-02   0.7711906E-06   0.2338158E-02
     5810.00  0.2352608E-02   0.7707094E-06   0.2353379E-02
     5830.00  0.2356452E-02   0.7702440E-06   0.2357222E-02
     5850.00  0.2315778E-02   0.7697937E-06   0.2316548E-02
     5870.00  0.2267984E-02   0.7693581E-06   0.2268753E-02
     5890.00  0.2198138E-02   0.7689366E-06   0.2198907E-02
     5910.00  0.2254636E-02   0.7685287E-06   0.2255405E-02
     5930.00  0.2241648E-02   0.7681338E-06   0.2242416E-02
     5950.00  0.2218800E-02   0.7677515E-06   0.2219568E-02
     5970.00  0.2224755E-02   0.7673813E-06   0.2225522E-02
     5990.00  0.2185787E-02   0.7670226E-06   0.2186554E-02
     6010.00  0.2162005E-02   0.7666752E-06   0.2162772E-02
     6030.00  0.2166452E-02   0.7663383E-06   0.2167218E-02
     6050.00  0.2160246E-02   0.7660118E-06   0.2161012E-02
     6070.00  0.2141184E-02   0.7656951E-06   0.2141950E-02
     6090.00  0.2096291E-02   0.7653875E-06   0.2097056E-02
     6110.00  0.2087156E-02   0.7650888E-06   0.2087921E-02
     6130.00  0.2033782E-02   0.7647987E-06   0.2034547E-02
     6150.00  0.2037523E-02   0.7645167E-06   0.2038288E-02
     6170.00  0.2006203E-02   0.7642426E-06   0.2006967E-02
     6190.00  0.2028023E-02   0.7639760E-06   0.2028787E-02
     6210.00  0.2005244E-02   0.7637166E-06   0.2006008E-02
     6230.00  0.1969173E-02   0.7634639E-06   0.1969936E-02
     6250.00  0.1923890E-02   0.7632177E-06   0.1924653E-02
     6270.00  0.1945000E-02   0.7629777E-06   0.1945763E-02
     6290.00  0.1948206E-02   0.7627435E-06   0.1948969E-02
     6310.00  0.1916924E-02   0.7625148E-06   0.1917687E-02
     6330.00  0.1917564E-02   0.7622914E-06   0.1918326E-02
     6350.00  0.1900197E-02   0.7620728E-06   0.1900959E-02
     6370.00  0.1884775E-02   0.7618590E-06   0.1885537E-02
     6390.00  0.1884822E-02   0.7616496E-06   0.1885584E-02
     6410.00  0.1862888E-02   0.7614443E-06   0.1863649E-02
     6430.00  0.1854680E-02   0.7612428E-06   0.1855441E-02
     6450.00  0.1844366E-02   0.7610449E-06   0.1845127E-02
     6470.00  0.1831054E-02   0.7608505E-06   0.1831815E-02
     6490.00  0.1795313E-02   0.7606591E-06   0.1796074E-02
     6510.00  0.1806580E-02   0.7604707E-06   0.1807340E-02
     6530.00  0.1787800E-02   0.7602754E-06   0.1788560E-02
     6550.00  0.1706595E-02   0.7600795E-06   0.1707355E-02
     6570.00  0.1538872E-02   0.7598856E-06   0.1539632E-02
     6590.00  0.1737716E-02   0.7596933E-06   0.1738476E-02
     6610.00  0.1750669E-02   0.7595024E-06   0.1751429E-02
     6630.00  0.1743540E-02   0.7593128E-06   0.1744299E-02
     6650.00  0.1734180E-02   0.7544826E-06   0.1734934E-02
     6670.00  0.1703152E-02   0.7543005E-06   0.1703906E-02
     6690.00  0.1714635E-02   0.7541192E-06   0.1715389E-02
     6710.00  0.1681956E-02   0.7539387E-06   0.1682710E-02
     6730.00  0.1699275E-02   0.7537587E-06   0.1700029E-02
     6750.00  0.1674346E-02   0.7535793E-06   0.1675100E-02
     6770.00  0.1670544E-02   0.7534000E-06   0.1671297E-02
     6790.00  0.1652386E-02   0.7532208E-06   0.1653139E-02
     6810.00  0.1646012E-02   0.7530416E-06   0.1646765E-02
     6830.00  0.1644361E-02   0.7528623E-06   0.1645114E-02
     6850.00  0.1614978E-02   0.7526827E-06   0.1615731E-02
     6870.00  0.1615468E-02   0.7525026E-06   0.1616221E-02
     6890.00  0.1620146E-02   0.7523220E-06   0.1620898E-02
     6910.00  0.1603718E-02   0.7521406E-06   0.1604470E-02
     6930.00  0.1582711E-02   0.7519585E-06   0.1583463E-02
     6950.00  0.1561283E-02   0.7517755E-06   0.1562035E-02
     6970.00  0.1562683E-02   0.7515915E-06   0.1563435E-02
     6990.00  0.1543337E-02   0.7514064E-06   0.1544088E-02
     7010.00  0.1521058E-02   0.7512200E-06   0.1521809E-02
     7030.00  0.1527527E-02   0.7510329E-06   0.1528278E-02
     7050.00  0.1531014E-02   0.7508447E-06   0.1531765E-02
     7070.00  0.1497494E-02   0.7506548E-06   0.1498245E-02
     7090.00  0.1490322E-02   0.7504631E-06   0.1491072E-02
     7110.00  0.1464286E-02   0.7502698E-06   0.1465036E-02
     7130.00  0.1446029E-02   0.7500746E-06   0.1446779E-02
     7150.00  0.1443397E-02   0.7498774E-06   0.1444147E-02
     7170.00  0.1446729E-02   0.7496782E-06   0.1447479E-02
     7190.00  0.1418679E-02   0.7494770E-06   0.1419428E-02
     7210.00  0.1428227E-02   0.7492735E-06   0.1428976E-02
     7230.00  0.1431463E-02   0.7490679E-06   0.1432212E-02
     7250.00  0.1425807E-02   0.7488601E-06   0.1426556E-02
     7270.00  0.1415876E-02   0.7486498E-06   0.1416625E-02
     7290.00  0.1388761E-02   0.7484372E-06   0.1389509E-02
     7310.00  0.1394898E-02   0.7482221E-06   0.1395646E-02
     7330.00  0.1389540E-02   0.7480044E-06   0.1390288E-02
     7350.00  0.1379624E-02   0.7477843E-06   0.1380372E-02
     7370.00  0.1391323E-02   0.7475615E-06   0.1392071E-02
     7390.00  0.1370365E-02   0.7473360E-06   0.1371112E-02
     7410.00  0.1355413E-02   0.7471078E-06   0.1356160E-02
     7430.00  0.1359454E-02   0.7468769E-06   0.1360201E-02
     7450.00  0.1356033E-02   0.7449007E-06   0.1356778E-02
     7470.00  0.1348363E-02   0.7446658E-06   0.1349108E-02
     7490.00  0.1336408E-02   0.7444281E-06   0.1337152E-02
     7510.00  0.1341149E-02   0.7441875E-06   0.1341893E-02
     7530.00  0.1341744E-02   0.7439441E-06   0.1342488E-02
     7550.00  0.1340081E-02   0.7436979E-06   0.1340825E-02
     7570.00  0.1328165E-02   0.7434486E-06   0.1328908E-02
     7590.00  0.1316394E-02   0.7431965E-06   0.1317137E-02
     7610.00  0.1313118E-02   0.7429385E-06   0.1313861E-02
     7630.00  0.1308519E-02   0.7426743E-06   0.1309262E-02
     7650.00  0.1304463E-02   0.7424070E-06   0.1305205E-02
     7670.00  0.1276263E-02   0.7421365E-06   0.1277005E-02
     7690.00  0.1291293E-02   0.7418627E-06   0.1292035E-02
     7710.00  0.1269230E-02   0.7415856E-06   0.1269972E-02
     7730.00  0.1266730E-02   0.7413053E-06   0.1267471E-02
     7750.00  0.1257010E-02   0.7410218E-06   0.1257751E-02
     7770.00  0.1259850E-02   0.7407348E-06   0.1260591E-02
     7790.00  0.1259402E-02   0.7404446E-06   0.1260142E-02
     7810.00  0.1254104E-02   0.7401511E-06   0.1254844E-02
     7830.00  0.1241649E-02   0.7398542E-06   0.1242389E-02
     7850.00  0.1227170E-02   0.7395539E-06   0.1227910E-02
     7870.00  0.1225015E-02   0.7252589E-06   0.1225740E-02
     7890.00  0.1193247E-02   0.7249666E-06   0.1193972E-02
     7910.00  0.1172185E-02   0.7246711E-06   0.1172910E-02
     7930.00  0.1172321E-02   0.7243724E-06   0.1173045E-02
     7950.00  0.1153248E-02   0.7240704E-06   0.1153972E-02
     7970.00  0.1176933E-02   0.7237651E-06   0.1177657E-02
     7990.00  0.1167780E-02   0.7234565E-06   0.1168503E-02
     8010.00  0.1178894E-02   0.7231448E-06   0.1179617E-02
     8030.00  0.1174592E-02   0.7228297E-06   0.1175315E-02
     8050.00  0.1164354E-02   0.7225113E-06   0.1165077E-02
     8070.00  0.1155028E-02   0.7221897E-06   0.1155750E-02
     8090.00  0.1137264E-02   0.7218648E-06   0.1137986E-02
     8110.00  0.1132067E-02   0.7215367E-06   0.1132789E-02
     8130.00  0.1136625E-02   0.7212052E-06   0.1137346E-02
     8150.00  0.1131466E-02   0.7208705E-06   0.1132187E-02
     8170.00  0.1128803E-02   0.7205325E-06   0.1129524E-02
     8190.00  0.1113571E-02   0.7201913E-06   0.1114291E-02
     8210.00  0.1105415E-02   0.6357380E-06   0.1106051E-02
     8230.00  0.1109799E-02   0.3074618E-06   0.1110106E-02
     8250.00  0.1108490E-02   0.3070145E-06   0.1108797E-02
     8270.00  0.1109959E-02   0.3065697E-06   0.1110266E-02
     8290.00  0.1099306E-02   0.3016827E-06   0.1099608E-02
     8310.00  0.1074034E-02   0.3012470E-06   0.1074335E-02
     8330.00  0.1068056E-02   0.3008137E-06   0.1068357E-02
     8350.00  0.1065830E-02   0.3003828E-06   0.1066130E-02
     8370.00  0.1061725E-02   0.2999541E-06   0.1062025E-02
     8390.00  0.1040055E-02   0.2995277E-06   0.1040355E-02
     8410.00  0.1060002E-02   0.2991034E-06   0.1060301E-02
     8430.00  0.1043061E-02   0.2986812E-06   0.1043360E-02
     8450.00  0.1051290E-02   0.2982611E-06   0.1051588E-02
     8470.00  0.1034174E-02   0.2978431E-06   0.1034472E-02
     8490.00  0.1049296E-02   0.2974271E-06   0.1049593E-02
     8510.00  0.9894549E-03   0.2970131E-06   0.9897519E-03
     8530.00  0.1041592E-02   0.2966010E-06   0.1041889E-02
     8550.00  0.9022183E-03   0.2961908E-06   0.9025145E-03
     8570.00  0.1061924E-02   0.2957826E-06   0.1062220E-02
     8590.00  0.1020916E-02   0.2953761E-06   0.1021211E-02
     8610.00  0.1012515E-02   0.2949715E-06   0.1012810E-02
     8630.00  0.1056022E-02   0.2945686E-06   0.1056317E-02
     8650.00  0.1031383E-02   0.2941675E-06   0.1031677E-02
     8670.00  0.8813460E-03   0.2937681E-06   0.8816398E-03
     8690.00  0.1018017E-02   0.2933704E-06   0.1018310E-02
     8710.00  0.1042199E-02   0.2929743E-06   0.1042492E-02
     8730.00  0.1028596E-02   0.2925800E-06   0.1028889E-02
     8750.00  0.9552544E-03   0.2921871E-06   0.9555466E-03
     8770.00  0.1012578E-02   0.2917958E-06   0.1012870E-02
     8790.00  0.1027969E-02   0.2914061E-06   0.1028260E-02
     8810.00  0.1013784E-02   0.2910179E-06   0.1014075E-02
     8830.00  0.1011664E-02   0.2906312E-06   0.1011955E-02
     8850.00  0.9875079E-03   0.2902460E-06   0.9877981E-03
     8870.00  0.9299164E-03   0.2898621E-06   0.9302063E-03
     8890.00  0.1000986E-02   0.2894797E-06   0.1001275E-02
     8910.00  0.1011302E-02   0.2890988E-06   0.1011591E-02
     8930.00  0.9964974E-03   0.2887191E-06   0.9967861E-03
     8950.00  0.9905378E-03   0.2883408E-06   0.9908261E-03
     8970.00  0.9884194E-03   0.2879639E-06   0.9887074E-03
     8990.00  0.9770391E-03   0.2875881E-06   0.9773267E-03
     9010.00  0.8985967E-03   0.2872137E-06   0.8988839E-03
     9030.00  0.9386629E-03   0.2868406E-06   0.9389497E-03
     9050.00  0.9779841E-03   0.2864687E-06   0.9782706E-03
     9070.00  0.9719883E-03   0.2860980E-06   0.9722744E-03
     9090.00  0.9513005E-03   0.2857285E-06   0.9515862E-03
     9110.00  0.9574956E-03   0.2853602E-06   0.9577810E-03
     9130.00  0.9614408E-03   0.2849931E-06   0.9617258E-03
     9150.00  0.9547684E-03   0.2846273E-06   0.9550530E-03
     9170.00  0.9494351E-03   0.2842626E-06   0.9497194E-03
     9190.00  0.9492467E-03   0.2838990E-06   0.9495306E-03
     9210.00  0.9190091E-03   0.2835364E-06   0.9192926E-03
     9230.00  0.8639930E-03   0.2831749E-06   0.8642762E-03
     9250.00  0.9071324E-03   0.2828145E-06   0.9074152E-03
     9270.00  0.9192478E-03   0.2824551E-06   0.9195303E-03
     9290.00  0.9205258E-03   0.2820967E-06   0.9208079E-03
     9310.00  0.9239026E-03   0.2817392E-06   0.9241843E-03
     9330.00  0.9186751E-03   0.2813828E-06   0.9189565E-03
     9350.00  0.9133060E-03   0.2810274E-06   0.9135870E-03
     9370.00  0.8986252E-03   0.2806729E-06   0.8989059E-03
     9390.00  0.9052351E-03   0.2803193E-06   0.9055154E-03
     9410.00  0.8885689E-03   0.2799666E-06   0.8888489E-03
     9430.00  0.8988936E-03   0.2796149E-06   0.8991732E-03
     9450.00  0.8845034E-03   0.2792641E-06   0.8847827E-03
     9470.00  0.8894684E-03   0.2789141E-06   0.8897473E-03
     9490.00  0.8860786E-03   0.2785650E-06   0.8863572E-03
     9510.00  0.8757276E-03   0.2782168E-06   0.8760058E-03
     9530.00  0.8575990E-03   0.2778693E-06   0.8578769E-03
     9550.00  0.7988320E-03   0.2775228E-06   0.7991095E-03
     9570.00  0.8468899E-03   0.2771770E-06   0.8471671E-03
     9590.00  0.8643820E-03   0.2768321E-06   0.8646588E-03
     9610.00  0.8546119E-03   0.2764880E-06   0.8548884E-03
     9630.00  0.8524554E-03   0.2761445E-06   0.8527315E-03
     9650.00  0.8406271E-03   0.2758020E-06   0.8409029E-03
     9670.00  0.8376209E-03   0.2754601E-06   0.8378964E-03
     9690.00  0.8424256E-03   0.2751191E-06   0.8427007E-03
     9710.00  0.8357419E-03   0.2747787E-06   0.8360167E-03
     9730.00  0.8285677E-03   0.2744391E-06   0.8288421E-03
     9750.00  0.8244917E-03   0.2741002E-06   0.8247658E-03
     9770.00  0.8233849E-03   0.2737621E-06   0.8236587E-03
     9790.00  0.8107438E-03   0.2734246E-06   0.8110172E-03
     9810.00  0.8235980E-03   0.2730878E-06   0.8238711E-03
     9830.00  0.8164991E-03   0.2727517E-06   0.8167719E-03
     9850.00  0.8171458E-03   0.2724163E-06   0.8174182E-03
     9870.00  0.8102371E-03   0.2720816E-06   0.8105092E-03
     9890.00  0.8066029E-03   0.2717475E-06   0.8068746E-03
     9910.00  0.8029086E-03   0.2714141E-06   0.8031800E-03
     9930.00  0.8008661E-03   0.2710812E-06   0.8011372E-03
     9950.00  0.7980709E-03   0.2707491E-06   0.7983416E-03
     9970.00  0.7955796E-03   0.2704176E-06   0.7958500E-03
     9990.00  0.7900421E-03   0.2700867E-06   0.7903122E-03
    10025.00  0.7650076E-03   0.2695090E-06   0.7652771E-03
    10075.00  0.7461452E-03   0.2686870E-06   0.7464139E-03
    10125.00  0.7613345E-03   0.2678687E-06   0.7616024E-03
    10175.00  0.7501068E-03   0.2670610E-06   0.7503739E-03
    10225.00  0.7460949E-03   0.2662579E-06   0.7463612E-03
    10275.00  0.7412775E-03   0.2654580E-06   0.7415430E-03
    10325.00  0.7252974E-03   0.2646610E-06   0.7255621E-03
    10375.00  0.7175103E-03   0.2638669E-06   0.7177742E-03
    10425.00  0.7146380E-03   0.2630756E-06   0.7149011E-03
    10475.00  0.7049230E-03   0.2622872E-06   0.7051853E-03
    10525.00  0.7007489E-03   0.2615015E-06   0.7010104E-03
    10575.00  0.6900461E-03   0.2607184E-06   0.6903068E-03
    10625.00  0.6834741E-03   0.2599379E-06   0.6837340E-03
    10675.00  0.6690432E-03   0.2591600E-06   0.6693024E-03
    10725.00  0.6656868E-03   0.2583846E-06   0.6659452E-03
    10775.00  0.6566968E-03   0.2576117E-06   0.6569544E-03
    10825.00  0.6455929E-03   0.2568412E-06   0.6458497E-03
    10875.00  0.6409451E-03   0.2560731E-06   0.6412012E-03
    10925.00  0.6206678E-03   0.2553074E-06   0.6209231E-03
    10975.00  0.6242996E-03   0.2545439E-06   0.6245541E-03
    11025.00  0.6276758E-03   0.2537828E-06   0.6279296E-03
    11075.00  0.6233581E-03   0.2530239E-06   0.6236111E-03
    11125.00  0.6164914E-03   0.2522672E-06   0.6167437E-03
    11175.00  0.6076774E-03   0.2281898E-06   0.6079056E-03
    11225.00  0.6043558E-03   0.2274828E-06   0.6045833E-03
    11275.00  0.5936695E-03   0.2267783E-06   0.5938963E-03
    11325.00  0.5881896E-03   0.2260765E-06   0.5884157E-03
    11375.00  0.5814920E-03   0.2253773E-06   0.5817174E-03
    11425.00  0.5737342E-03   0.2246805E-06   0.5739589E-03
    11475.00  0.5750238E-03   0.2239862E-06   0.5752478E-03
    11525.00  0.5706584E-03   0.2232944E-06   0.5708817E-03
    11575.00  0.5612062E-03   0.2226050E-06   0.5614288E-03
    11625.00  0.5520586E-03   0.2219180E-06   0.5522805E-03
    11675.00  0.5492629E-03   0.2212335E-06   0.5494841E-03
    11725.00  0.5496046E-03   0.2205514E-06   0.5498252E-03
    11775.00  0.5387836E-03   0.2198716E-06   0.5390035E-03
    11825.00  0.5337493E-03   0.2191941E-06   0.5339685E-03
    11875.00  0.5240609E-03   0.2185190E-06   0.5242794E-03
    11925.00  0.5289042E-03   0.2178462E-06   0.5291220E-03
    11975.00  0.5109544E-03   0.2171757E-06   0.5111716E-03
    12025.00  0.5168206E-03   0.2165074E-06   0.5170371E-03
    12075.00  0.5092609E-03   0.2158414E-06   0.5094767E-03
    12125.00  0.5063446E-03   0.2151776E-06   0.5065598E-03
    12175.00  0.5049495E-03   0.2145161E-06   0.5051640E-03
    12225.00  0.4992849E-03   0.2138568E-06   0.4994988E-03
    12275.00  0.4942723E-03   0.2131996E-06   0.4944855E-03
    12325.00  0.4895996E-03   0.2125447E-06   0.4898121E-03
    12375.00  0.4860386E-03   0.2118919E-06   0.4862505E-03
    12425.00  0.4812098E-03   0.2112413E-06   0.4814210E-03
    12475.00  0.4784036E-03   0.2105929E-06   0.4786142E-03
    12525.00  0.4718975E-03   0.2096348E-06   0.4721071E-03
    12575.00  0.4690546E-03   0.2089923E-06   0.4692636E-03
    12625.00  0.4649186E-03   0.2083520E-06   0.4651270E-03
    12675.00  0.4598157E-03   0.2077138E-06   0.4600234E-03
    12725.00  0.4577096E-03   0.2070777E-06   0.4579167E-03
    12775.00  0.4538960E-03   0.2064436E-06   0.4541024E-03
    12825.00  0.4308239E-03   0.2058117E-06   0.4310297E-03
    12875.00  0.4433106E-03   0.2051819E-06   0.4435158E-03
    12925.00  0.4381213E-03   0.2045542E-06   0.4383259E-03
    12975.00  0.4401808E-03   0.2039285E-06   0.4403847E-03
    13025.00  0.4341296E-03   0.2033049E-06   0.4343329E-03
    13075.00  0.4338998E-03   0.2026820E-06   0.4341025E-03
    13125.00  0.4264910E-03   0.2020610E-06   0.4266931E-03
    13175.00  0.4238427E-03   0.2014420E-06   0.4240441E-03
    13225.00  0.4222658E-03   0.2008250E-06   0.4224666E-03
    13275.00  0.4145999E-03   0.2002100E-06   0.4148001E-03
    13325.00  0.4161069E-03   0.1995969E-06   0.4163065E-03
    13375.00  0.4110795E-03   0.1989859E-06   0.4112785E-03
    13425.00  0.4117321E-03   0.1983768E-06   0.4119305E-03
    13475.00  0.4082132E-03   0.1977697E-06   0.4084110E-03
    13525.00  0.4056397E-03   0.1971645E-06   0.4058369E-03
    13575.00  0.3984509E-03   0.1965614E-06   0.3986475E-03
    13625.00  0.3953514E-03   0.1958327E-06   0.3955472E-03
    13675.00  0.3950485E-03   0.1952340E-06   0.3952437E-03
    13725.00  0.3945560E-03   0.1946372E-06   0.3947506E-03
    13775.00  0.3909466E-03   0.1940424E-06   0.3911406E-03
    13825.00  0.3897625E-03   0.1934495E-06   0.3899559E-03
    13875.00  0.3845774E-03   0.1928586E-06   0.3847703E-03
    13925.00  0.3851988E-03   0.1922697E-06   0.3853911E-03
    13975.00  0.3838710E-03   0.1916826E-06   0.3840627E-03
    14025.00  0.3770382E-03   0.1910976E-06   0.3772293E-03
    14075.00  0.3787680E-03   0.1905145E-06   0.3789585E-03
    14125.00  0.3736049E-03   0.1888356E-06   0.3737937E-03
    14175.00  0.3749634E-03   0.1882622E-06   0.3751517E-03
    14225.00  0.3684960E-03   0.1876907E-06   0.3686837E-03
    14275.00  0.3626652E-03   0.1871211E-06   0.3628523E-03
    14325.00  0.3667941E-03   0.1865534E-06   0.3669807E-03
    14375.00  0.3664576E-03   0.1859876E-06   0.3666436E-03
    14425.00  0.3563650E-03   0.1854237E-06   0.3565504E-03
    14475.00  0.3614620E-03   0.1848618E-06   0.3616469E-03
    14525.00  0.3559979E-03   0.1843017E-06   0.3561822E-03
    14570.00  0.3565901E-03   0.1837992E-06   0.3567739E-03
    14620.00  0.3556631E-03   0.1266086E-06   0.3557897E-03
    14675.00  0.3541596E-03   0.1261742E-06   0.3542858E-03
    14725.00  0.3472605E-03   0.1253246E-06   0.3473858E-03
    14775.00  0.3484609E-03   0.1249355E-06   0.3485858E-03
    14825.00  0.3467050E-03   0.1245482E-06   0.3468295E-03
    14875.00  0.3426831E-03   0.1241626E-06   0.3428073E-03
    14925.00  0.3467752E-03   0.1237787E-06   0.3468990E-03
    14975.00  0.3416909E-03   0.1233965E-06   0.3418143E-03
    15025.00  0.3389761E-03   0.1230160E-06   0.3390991E-03
    15075.00  0.3344216E-03   0.1226371E-06   0.3345442E-03
    15125.00  0.3380095E-03   0.1222599E-06   0.3381318E-03
    15175.00  0.3373279E-03   0.1218843E-06   0.3374498E-03
    15225.00  0.3364429E-03   0.1215106E-06   0.3365644E-03
    15275.00  0.3357046E-03   0.1211386E-06   0.3358257E-03
    15325.00  0.3324625E-03   0.1207681E-06   0.3325833E-03
    15375.00  0.3350241E-03   0.1203993E-06   0.3351445E-03
    15425.00  0.3322242E-03   0.1200321E-06   0.3323442E-03
    15475.00  0.3323838E-03   0.1196664E-06   0.3325035E-03
    15525.00  0.3274968E-03   0.1193023E-06   0.3276161E-03
    15575.00  0.3140239E-03   0.1189397E-06   0.3141428E-03
    15625.00  0.3221903E-03   0.1185787E-06   0.3223089E-03
    15675.00  0.3181024E-03   0.1182192E-06   0.3182206E-03
    15725.00  0.3205422E-03   0.1178613E-06   0.3206601E-03
    15775.00  0.3025406E-03   0.1175048E-06   0.3026581E-03
    15825.00  0.3078934E-03   0.1171499E-06   0.3080105E-03
    15875.00  0.3011319E-03   0.1167964E-06   0.3012487E-03
    15925.00  0.3108100E-03   0.1164445E-06   0.3109264E-03
    15975.00  0.3023431E-03   0.1160940E-06   0.3024592E-03
    16050.00  0.3029332E-03   0.1155711E-06   0.3030488E-03
    16150.00  0.2990359E-03   0.1148789E-06   0.2991508E-03
    16250.00  0.2954161E-03   0.1141926E-06   0.2955303E-03
    16350.00  0.2992281E-03   0.1135119E-06   0.2993416E-03
    16450.00  0.2801968E-03   0.1128369E-06   0.2803096E-03
    16550.00  0.2896338E-03   0.1121675E-06   0.2897460E-03
    16650.00  0.2753202E-03   0.1115036E-06   0.2754317E-03
    16750.00  0.2769513E-03   0.1108453E-06   0.2770621E-03
    16850.00  0.2640227E-03   0.1101923E-06   0.2641329E-03
    16950.00  0.2697949E-03   0.1095447E-06   0.2699044E-03
    17050.00  0.2600058E-03   0.1089025E-06   0.2601147E-03
    17150.00  0.2588597E-03   0.1082655E-06   0.2589680E-03
    17250.00  0.2532243E-03   0.1076337E-06   0.2533319E-03
    17350.00  0.2430208E-03   0.1070071E-06   0.2431278E-03
    17450.00  0.2446919E-03   0.1063855E-06   0.2447983E-03
    17550.00  0.2392993E-03   0.1057691E-06   0.2394051E-03
    17650.00  0.2370038E-03   0.1051576E-06   0.2371090E-03
    17750.00  0.2312694E-03   0.1045511E-06   0.2313740E-03
    17850.00  0.2287696E-03   0.1039495E-06   0.2288735E-03
    17950.00  0.2249870E-03   0.1033528E-06   0.2250904E-03
    18050.00  0.2190838E-03   0.1027609E-06   0.2191866E-03
    18150.00  0.2147265E-03   0.1021737E-06   0.2148287E-03
    18250.00  0.2119669E-03   0.1015915E-06   0.2120685E-03
    18350.00  0.2085010E-03   0.1010152E-06   0.2086020E-03
    18450.00  0.2042148E-03   0.1004434E-06   0.2043152E-03
    18550.00  0.2016871E-03   0.9584080E-07   0.2017829E-03
    18650.00  0.1963932E-03   0.9530098E-07   0.1964885E-03
    18750.00  0.1912018E-03   0.9476544E-07   0.1912966E-03
    18850.00  0.1910451E-03   0.9423413E-07   0.1911393E-03
    18950.00  0.1837384E-03   0.9370701E-07   0.1838321E-03
    19050.00  0.1858654E-03   0.9318405E-07   0.1859586E-03
    19150.00  0.1819244E-03   0.9266521E-07   0.1820171E-03
    19250.00  0.1793896E-03   0.9215045E-07   0.1794818E-03
    19350.00  0.1744200E-03   0.9163974E-07   0.1745116E-03
    19450.00  0.1697888E-03   0.9113303E-07   0.1698799E-03
    19550.00  0.1699017E-03   0.9063030E-07   0.1699923E-03
    19650.00  0.1669000E-03   0.9013151E-07   0.1669901E-03
    19750.00  0.1635849E-03   0.8963661E-07   0.1636745E-03
    19850.00  0.1614133E-03   0.8914558E-07   0.1615024E-03
    19950.00  0.1588316E-03   0.8865838E-07   0.1589203E-03
    20050.00  0.1579130E-03   0.8817498E-07   0.1580012E-03
    20150.00  0.1556944E-03   0.8769534E-07   0.1557821E-03
    20250.00  0.1512303E-03   0.8717954E-07   0.1513175E-03
    20350.00  0.1487405E-03   0.8670767E-07   0.1488272E-03
    20450.00  0.1483478E-03   0.8623946E-07   0.1484340E-03
    20550.00  0.1455424E-03   0.8577489E-07   0.1456282E-03
    20650.00  0.1426667E-03   0.8531390E-07   0.1427520E-03
    20750.00  0.1406748E-03   0.8485648E-07   0.1407597E-03
    20850.00  0.1382723E-03   0.8440259E-07   0.1383567E-03
    20950.00  0.1353932E-03   0.8395220E-07   0.1354772E-03
    21050.00  0.1346260E-03   0.8350527E-07   0.1347095E-03
    21150.00  0.1318719E-03   0.8306178E-07   0.1319550E-03
    21250.00  0.1297724E-03   0.8262170E-07   0.1298550E-03
    21350.00  0.1287229E-03   0.8218499E-07   0.1288051E-03
    21450.00  0.1265802E-03   0.8175162E-07   0.1266620E-03
    21550.00  0.1245146E-03   0.8130426E-07   0.1245959E-03
    21650.00  0.1210461E-03   0.8087752E-07   0.1211270E-03
    21750.00  0.1198180E-03   0.8045404E-07   0.1198985E-03
    21850.00  0.1183914E-03   0.8003379E-07   0.1184714E-03
    21950.00  0.1169280E-03   0.7961672E-07   0.1170076E-03
    22050.00  0.1139128E-03   0.7920283E-07   0.1139920E-03
    22150.00  0.1137220E-03   0.7879208E-07   0.1138008E-03
    22250.00  0.1106166E-03   0.7823185E-07   0.1106948E-03
    22350.00  0.1093776E-03   0.7782870E-07   0.1094554E-03
    22450.00  0.1079576E-03   0.7742859E-07   0.1080350E-03
    22550.00  0.1065925E-03   0.7703149E-07   0.1066695E-03
    22650.00  0.1044143E-03   0.7663737E-07   0.1044909E-03
    22750.00  0.1037830E-03   0.7624620E-07   0.1038592E-03
    22850.00  0.1015191E-03   0.6373052E-07   0.1015828E-03
    22950.00  0.8628446E-04   0.6333675E-07   0.8634780E-04
    23050.00  0.9275954E-04   0.6302107E-07   0.9282256E-04
    23150.00  0.9144564E-04   0.6270779E-07   0.9150835E-04
    23250.00  0.7893866E-04   0.6239687E-07   0.7900106E-04
    23350.00  0.8495378E-04   0.6208829E-07   0.8501587E-04
    23450.00  0.8272905E-04   0.6178203E-07   0.8279083E-04
    23550.00  0.7184740E-04   0.6147807E-07   0.7190888E-04
    23650.00  0.7870166E-04   0.6117638E-07   0.7876284E-04
    23750.00  0.7629365E-04   0.6087695E-07   0.7635453E-04
    23850.00  0.6804482E-04   0.6057974E-07   0.6810540E-04
    23950.00  0.7339673E-04   0.6028475E-07   0.7345701E-04
    24050.00  0.7272121E-04   0.5999195E-07   0.7278120E-04
    24150.00  0.6563355E-04   0.5970132E-07   0.6569325E-04
    24250.00  0.6977340E-04   0.5941283E-07   0.6983281E-04
    24350.00  0.6923630E-04   0.5912647E-07   0.6929543E-04
    24450.00  0.6489589E-04   0.5884223E-07   0.6495473E-04
    24550.00  0.6503892E-04   0.5856007E-07   0.6509748E-04
    24650.00  0.6710344E-04   0.5827997E-07   0.6716172E-04
    24750.00  0.6466750E-04   0.5800193E-07   0.6472550E-04
    24850.00  0.6137866E-04   0.5772592E-07   0.6143639E-04
    24950.00  0.6344310E-04   0.5745192E-07   0.6350055E-04
    25050.00  0.6532514E-04   0.5717992E-07   0.6538232E-04
    25150.00  0.5929042E-04   0.5690988E-07   0.5934733E-04
    25250.00  0.6174414E-04   0.5664181E-07   0.6180078E-04
    25350.00  0.6190215E-04   0.5637567E-07   0.6195853E-04
    25450.00  0.6039877E-04   0.5611145E-07   0.6045488E-04
    25550.00  0.5908194E-04   0.5584913E-07   0.5913779E-04
    25650.00  0.5920705E-04   0.5558870E-07   0.5926264E-04
    25750.00  0.5963918E-04   0.5533014E-07   0.5969451E-04
    25850.00  0.5624800E-04   0.5507342E-07   0.5630307E-04
    25950.00  0.5697876E-04   0.5481854E-07   0.5703358E-04
    26050.00  0.5756054E-04   0.5456548E-07   0.5761511E-04
    26150.00  0.5576017E-04   0.5431422E-07   0.5581448E-04
    26250.00  0.5477675E-04   0.5406474E-07   0.5483081E-04
    26350.00  0.5550766E-04   0.5381702E-07   0.5556148E-04
    26450.00  0.5517755E-04   0.5357106E-07   0.5523112E-04
    26550.00  0.5386913E-04   0.5332684E-07   0.5392246E-04
    26650.00  0.5280068E-04   0.5308433E-07   0.5285376E-04
    26750.00  0.5388649E-04   0.5284353E-07   0.5393933E-04
    26850.00  0.5326508E-04   0.5260441E-07   0.5331768E-04
    26950.00  0.5150834E-04   0.5236697E-07   0.5156071E-04
    27050.00  0.5205537E-04   0.5213119E-07   0.5210750E-04
    27150.00  0.5145632E-04   0.5189705E-07   0.5150822E-04
    27250.00  0.5137124E-04   0.5166455E-07   0.5142290E-04
    27350.00  0.4963847E-04   0.5143365E-07   0.4968990E-04
    27450.00  0.4995251E-04   0.5120436E-07   0.5000371E-04
    27550.00  0.4961795E-04   0.5097665E-07   0.4966893E-04
    27650.00  0.4882996E-04   0.4975544E-07   0.4887972E-04
    27750.00  0.4784935E-04   0.4953573E-07   0.4789889E-04
    27850.00  0.4795086E-04   0.4931753E-07   0.4800018E-04
    27950.00  0.4783893E-04   0.4910083E-07   0.4788803E-04
    28050.00  0.4721491E-04   0.4888561E-07   0.4726380E-04
    28150.00  0.4625470E-04   0.4867186E-07   0.4630337E-04
    28250.00  0.4603721E-04   0.4845957E-07   0.4608567E-04
    28350.00  0.4581714E-04   0.4824872E-07   0.4586539E-04
    28450.00  0.4520085E-04   0.4803931E-07   0.4524889E-04
    28550.00  0.4460109E-04   0.4783131E-07   0.4464892E-04
    28650.00  0.4408182E-04   0.4762473E-07   0.4412944E-04
    28750.00  0.4344218E-04   0.4741953E-07   0.4348960E-04
    28850.00  0.4321486E-04   0.4721572E-07   0.4326208E-04
    28950.00  0.4273963E-04   0.4701328E-07   0.4278664E-04
    29050.00  0.4221749E-04   0.4681220E-07   0.4226430E-04
    29150.00  0.4186945E-04   0.4661246E-07   0.4191606E-04
    29250.00  0.4106329E-04   0.4641406E-07   0.4110970E-04
    29350.00  0.4103114E-04   0.4621698E-07   0.4107736E-04
    29450.00  0.4032335E-04   0.4602122E-07   0.4036937E-04
    29550.00  0.3989614E-04   0.4582675E-07   0.3994197E-04
    29650.00  0.3959883E-04   0.4563358E-07   0.3964446E-04
    29750.00  0.3914032E-04   0.4543428E-07   0.3918575E-04
    29850.00  0.3861309E-04   0.4524365E-07   0.3865833E-04
    29950.00  0.3817750E-04   0.4505428E-07   0.3822255E-04
    30050.00  0.3771209E-04   0.4486616E-07   0.3775696E-04
    30150.00  0.3737145E-04   0.4467927E-07   0.3741613E-04
    30250.00  0.3683264E-04   0.4449360E-07   0.3687713E-04
    30350.00  0.3607190E-04   0.4430915E-07   0.3611621E-04
    30450.00  0.3594349E-04   0.4412590E-07   0.3598762E-04
    30550.00  0.3553187E-04   0.4394385E-07   0.3557581E-04
    30650.00  0.3511391E-04   0.4376297E-07   0.3515767E-04
    30750.00  0.3480152E-04   0.4358328E-07   0.3484510E-04
    30850.00  0.3425619E-04   0.4340474E-07   0.3429959E-04
    30950.00  0.3387597E-04   0.4322736E-07   0.3391920E-04
    31050.00  0.3360390E-04   0.4305112E-07   0.3364695E-04
    31150.00  0.3299236E-04   0.4287601E-07   0.3303524E-04
    31250.00  0.3276155E-04   0.4270203E-07   0.3280425E-04
    31350.00  0.3239810E-04   0.4252590E-07   0.3244063E-04
    31450.00  0.3200827E-04   0.4235417E-07   0.3205062E-04
    31550.00  0.3157256E-04   0.4218354E-07   0.3161474E-04
    31650.00  0.3118820E-04   0.4201399E-07   0.3123021E-04
    31750.00  0.3090388E-04   0.4184552E-07   0.3094573E-04
    31850.00  0.3052789E-04   0.4167812E-07   0.3056957E-04
    31950.00  0.3021068E-04   0.4151178E-07   0.3025219E-04
    32100.00  0.2964617E-04   0.4123332E-07   0.2968740E-04
    32300.00  0.2894060E-04   0.4090729E-07   0.2898151E-04
    32500.00  0.2827526E-04   0.4058534E-07   0.2831585E-04
    32700.00  0.2760508E-04   0.4026740E-07   0.2764535E-04
    32900.00  0.2683347E-04   0.3652875E-07   0.2687000E-04
    33100.00  0.2632358E-04   0.3623262E-07   0.2635981E-04
    33300.00  0.2571228E-04   0.3595657E-07   0.2574824E-04
    33500.00  0.2521707E-04   0.3568389E-07   0.2525275E-04
    33700.00  0.2462263E-04   0.3541454E-07   0.2465804E-04
    33900.00  0.2403208E-04   0.3514844E-07   0.2406723E-04
    34100.00  0.2348211E-04   0.3488556E-07   0.2351700E-04
    34300.00  0.2305844E-04   0.3462583E-07   0.2309307E-04
    34500.00  0.2257099E-04   0.3436922E-07   0.2260536E-04
    34700.00  0.2207426E-04   0.3411567E-07   0.2210838E-04
    34900.00  0.2160520E-04   0.3386512E-07   0.2163907E-04
    35100.00  0.2116605E-04   0.3361755E-07   0.2119967E-04
    35300.00  0.2065579E-04   0.3337289E-07   0.2068916E-04
    35500.00  0.2026919E-04   0.3313110E-07   0.2030232E-04
    35700.00  0.1981760E-04   0.3289214E-07   0.1985049E-04
    35900.00  0.1941004E-04   0.3265596E-07   0.1944270E-04
    36100.00  0.1903465E-04   0.3242252E-07   0.1906707E-04
    36300.00  0.1866050E-04   0.3219179E-07   0.1869269E-04
    36500.00  0.1819561E-04   0.3196370E-07   0.1822757E-04
    36700.00  0.1783303E-04   0.3173824E-07   0.1786477E-04
    36900.00  0.1737255E-04   0.3151535E-07   0.1740407E-04
    37100.00  0.1701384E-04   0.3129499E-07   0.1704513E-04
    37300.00  0.1672495E-04   0.3107714E-07   0.1675603E-04
    37500.00  0.1624436E-04   0.3086175E-07   0.1627522E-04
    37700.00  0.1609586E-04   0.3064877E-07   0.1612651E-04
    37900.00  0.1577047E-04   0.3043819E-07   0.1580091E-04
    38100.00  0.1546746E-04   0.3022996E-07   0.1549769E-04
    38300.00  0.1520059E-04   0.3002404E-07   0.1523061E-04
    38500.00  0.1493285E-04   0.2982041E-07   0.1496267E-04
    38700.00  0.1457931E-04   0.2930933E-07   0.1460862E-04
    38900.00  0.1432286E-04   0.2911262E-07   0.1435197E-04
    39100.00  0.1404038E-04   0.2891807E-07   0.1406930E-04
    39300.00  0.1380732E-04   0.2872564E-07   0.1383605E-04
    39500.00  0.1348746E-04   0.2853530E-07   0.1351600E-04
    39700.00  0.1325792E-04   0.2834702E-07   0.1328627E-04
    39900.00  0.1291303E-04   0.2816077E-07   0.1294119E-04
    40100.00  0.1271785E-04   0.2797652E-07   0.1274583E-04
    40300.00  0.1251165E-04   0.2779425E-07   0.1253944E-04
    40500.00  0.1223261E-04   0.2761392E-07   0.1226022E-04
    40700.00  0.1205890E-04   0.2743550E-07   0.1208634E-04
    40900.00  0.1184441E-04   0.2725898E-07   0.1187167E-04
    41100.00  0.1163658E-04   0.2708247E-07   0.1166366E-04
    41300.00  0.1143660E-04   0.2690965E-07   0.1146351E-04
    41500.00  0.1120626E-04   0.2673864E-07   0.1123300E-04
    41700.00  0.1096525E-04   0.2656942E-07   0.1099182E-04
    41900.00  0.1078744E-04   0.2640195E-07   0.1081384E-04
    42100.00  0.1057578E-04   0.2623622E-07   0.1060202E-04
    42300.00  0.1044316E-04   0.2607220E-07   0.1046923E-04
    42500.00  0.1022006E-04   0.2590987E-07   0.1024597E-04
    42700.00  0.1006905E-04   0.2574920E-07   0.1009480E-04
    42900.00  0.9312449E-05   0.2559017E-07   0.9338039E-05
    43100.00  0.8669333E-05   0.2543200E-07   0.8694765E-05
    43300.00  0.8829307E-05   0.2527620E-07   0.8854583E-05
    43500.00  0.8190341E-05   0.2512197E-07   0.8215463E-05
    43700.00  0.7914145E-05   0.2496930E-07   0.7939114E-05
    43900.00  0.7685223E-05   0.2481007E-07   0.7710033E-05
    44100.00  0.7112036E-05   0.2466053E-07   0.7136697E-05
    44300.00  0.7096529E-05   0.2451247E-07   0.7121041E-05
    44500.00  0.6887484E-05   0.2436588E-07   0.6911850E-05
    44700.00  0.6472729E-05   0.2395518E-07   0.6496684E-05
    44900.00  0.6635880E-05   0.2290331E-07   0.6658783E-05
    45100.00  0.6372499E-05   0.2276939E-07   0.6395268E-05
    45300.00  0.6093709E-05   0.2263677E-07   0.6116346E-05
    45500.00  0.6172570E-05   0.2250544E-07   0.6195075E-05
    45700.00  0.6070498E-05   0.2237538E-07   0.6092873E-05
    45900.00  0.5739167E-05   0.2224657E-07   0.5761414E-05
    46100.00  0.5897246E-05   0.2211901E-07   0.5919365E-05
    46300.00  0.5712921E-05   0.2199266E-07   0.5734914E-05
    46500.00  0.5646103E-05   0.2186752E-07   0.5667971E-05
    46700.00  0.5634446E-05   0.2174357E-07   0.5656190E-05
    46900.00  0.5524740E-05   0.2162079E-07   0.5546361E-05
    47100.00  0.5387887E-05   0.2149917E-07   0.5409386E-05
    47300.00  0.5478129E-05   0.2137870E-07   0.5499508E-05
    47500.00  0.5335095E-05   0.2125936E-07   0.5356354E-05
    47700.00  0.5267864E-05   0.2114113E-07   0.5289005E-05
    47900.00  0.5197014E-05   0.2102400E-07   0.5218038E-05
    48100.00  0.5046305E-05   0.2090796E-07   0.5067213E-05
    48300.00  0.5147775E-05   0.2079300E-07   0.5168568E-05
    48500.00  0.5025334E-05   0.2067909E-07   0.5046013E-05
    48700.00  0.4900393E-05   0.2056623E-07   0.4920959E-05
    48900.00  0.4867948E-05   0.2045441E-07   0.4888402E-05
    49100.00  0.4782982E-05   0.2034361E-07   0.4803326E-05
    49300.00  0.4721175E-05   0.2023381E-07   0.4741409E-05
    49500.00  0.4627466E-05   0.2012501E-07   0.4647591E-05
    49700.00  0.4644092E-05   0.2001719E-07   0.4664109E-05
    49900.00  0.4555089E-05   0.1991035E-07   0.4574999E-05
    50100.00  0.4528871E-05   0.1980446E-07   0.4548675E-05
    50300.00  0.4469600E-05   0.1969952E-07   0.4489300E-05
    50500.00  0.4340438E-05   0.1959552E-07   0.4360034E-05
    50700.00  0.4322807E-05   0.1949244E-07   0.4342299E-05
    50900.00  0.4274324E-05   0.1939028E-07   0.4293714E-05
    51100.00  0.4187268E-05   0.1928901E-07   0.4206557E-05
    51300.00  0.4140610E-05   0.1918864E-07   0.4159799E-05
    51500.00  0.4079580E-05   0.1897516E-07   0.4098555E-05
    51700.00  0.4110421E-05   0.1887727E-07   0.4129298E-05
    51900.00  0.4015815E-05   0.1878023E-07   0.4034595E-05
    52100.00  0.3966802E-05   0.1868404E-07   0.3985486E-05
    52300.00  0.3903832E-05   0.1858868E-07   0.3922421E-05
    52500.00  0.3889477E-05   0.1849414E-07   0.3907971E-05
    52700.00  0.3916435E-05   0.1840041E-07   0.3934835E-05
    52900.00  0.3775807E-05   0.1830749E-07   0.3794114E-05
    53100.00  0.3712353E-05   0.1821536E-07   0.3730568E-05
    53300.00  0.3712099E-05   0.1812402E-07   0.3730223E-05
    53500.00  0.3663354E-05   0.1803346E-07   0.3681387E-05
    53700.00  0.3625083E-05   0.1794366E-07   0.3643027E-05
    53900.00  0.3592413E-05   0.1785461E-07   0.3610268E-05
    54100.00  0.3554313E-05   0.1776632E-07   0.3572079E-05
    54300.00  0.3479326E-05   0.1767816E-07   0.3497004E-05
    54500.00  0.3489481E-05   0.1759134E-07   0.3507072E-05
    54700.00  0.3406252E-05   0.1750524E-07   0.3423757E-05
    54900.00  0.3395648E-05   0.1741986E-07   0.3413068E-05
    55100.00  0.3324371E-05   0.1733518E-07   0.3341706E-05
    55300.00  0.3390025E-05   0.1725121E-07   0.3407276E-05
    55500.00  0.3260938E-05   0.1716792E-07   0.3278106E-05
    55700.00  0.3281186E-05   0.1708532E-07   0.3298271E-05
    55900.00  0.3212333E-05   0.1700340E-07   0.3229336E-05
    56100.00  0.3215828E-05   0.1692215E-07   0.3232750E-05
    56300.00  0.3129899E-05   0.1684155E-07   0.3146741E-05
    56500.00  0.3137442E-05   0.1676136E-07   0.3154203E-05
    56700.00  0.3094312E-05   0.1668207E-07   0.3110994E-05
    56900.00  0.3021865E-05   0.1660342E-07   0.3038468E-05
    57100.00  0.3033137E-05   0.1652541E-07   0.3049662E-05
    57300.00  0.3000149E-05   0.1644801E-07   0.3016597E-05
    57500.00  0.2961544E-05   0.1636871E-07   0.2977913E-05
    57700.00  0.2922968E-05   0.1629258E-07   0.2939261E-05
    57900.00  0.2913945E-05   0.1621706E-07   0.2930162E-05
    58100.00  0.2867525E-05   0.1614213E-07   0.2883667E-05
    58300.00  0.2838920E-05   0.1606779E-07   0.2854988E-05
    58500.00  0.2807393E-05   0.1553147E-07   0.2822924E-05
    58700.00  0.2755326E-05   0.1545943E-07   0.2770785E-05
    58900.00  0.2733090E-05   0.1538949E-07   0.2748479E-05
    59100.00  0.2694967E-05   0.1532008E-07   0.2710287E-05
    59300.00  0.2683690E-05   0.1525122E-07   0.2698941E-05
    59500.00  0.2639616E-05   0.1518288E-07   0.2654799E-05
    59700.00  0.2629120E-05   0.1511507E-07   0.2644235E-05
    59900.00  0.2599338E-05   0.1504779E-07   0.2614386E-05
    60100.00  0.2571196E-05   0.1498101E-07   0.2586177E-05
    60300.00  0.2540401E-05   0.1491475E-07   0.2555316E-05
    60500.00  0.2496640E-05   0.1484899E-07   0.2511489E-05
    60700.00  0.2473569E-05   0.1478373E-07   0.2488353E-05
    60900.00  0.2442245E-05   0.1471896E-07   0.2456964E-05
    61100.00  0.2410465E-05   0.1465469E-07   0.2425120E-05
    61300.00  0.2392683E-05   0.1459089E-07   0.2407274E-05
    61500.00  0.2371313E-05   0.1452758E-07   0.2385841E-05
    61700.00  0.2357444E-05   0.1446473E-07   0.2371909E-05
    61900.00  0.2324882E-05   0.1440236E-07   0.2339284E-05
    62100.00  0.2306868E-05   0.1434045E-07   0.2321208E-05
    62300.00  0.2269812E-05   0.1427900E-07   0.2284091E-05
    62500.00  0.2234747E-05   0.1421800E-07   0.2248965E-05
    62700.00  0.2212048E-05   0.1415745E-07   0.2226205E-05
    62900.00  0.2189435E-05   0.1409735E-07   0.2203532E-05
    63100.00  0.2164685E-05   0.1403769E-07   0.2178723E-05
    63300.00  0.2151271E-05   0.1397847E-07   0.2165249E-05
    63500.00  0.2121017E-05   0.1391967E-07   0.2134937E-05
    63700.00  0.2110204E-05   0.1386131E-07   0.2124065E-05
    63900.00  0.2070344E-05   0.1380336E-07   0.2084147E-05
    64200.00  0.2044237E-05   0.1371723E-07   0.2057954E-05
    64600.00  0.1994376E-05   0.1360384E-07   0.2007980E-05
    65000.00  0.1952662E-05   0.1349205E-07   0.1966154E-05
    65400.00  0.1908027E-05   0.1338186E-07   0.1921409E-05
    65800.00  0.1870500E-05   0.1327322E-07   0.1883773E-05
    66200.00  0.1826186E-05   0.1311863E-07   0.1839305E-05
    66600.00  0.1787350E-05   0.1301351E-07   0.1800364E-05
    67000.00  0.1750166E-05   0.1290984E-07   0.1763076E-05
    67400.00  0.1709016E-05   0.1280761E-07   0.1721824E-05
    67800.00  0.1672411E-05   0.1270678E-07   0.1685118E-05
    68200.00  0.1635655E-05   0.1260732E-07   0.1648262E-05
    68600.00  0.1602572E-05   0.1250922E-07   0.1615081E-05
    69000.00  0.1565430E-05   0.1241244E-07   0.1577842E-05
    69400.00  0.1532582E-05   0.1231676E-07   0.1544899E-05
    69800.00  0.1499592E-05   0.1222255E-07   0.1511815E-05
    70200.00  0.1466564E-05   0.1212960E-07   0.1478694E-05
    70600.00  0.1436846E-05   0.1203788E-07   0.1448884E-05
    71000.00  0.1405536E-05   0.1194737E-07   0.1417483E-05
    71400.00  0.1376527E-05   0.1185804E-07   0.1388385E-05
    71800.00  0.1346754E-05   0.1176979E-07   0.1358524E-05
    72200.00  0.1318804E-05   0.1168277E-07   0.1330487E-05
    72600.00  0.1290531E-05   0.1159687E-07   0.1302128E-05
    73000.00  0.1263892E-05   0.1151122E-07   0.1275403E-05
    73400.00  0.1237066E-05   0.1142751E-07   0.1248494E-05
    73800.00  0.1211931E-05   0.1134487E-07   0.1223276E-05
    74200.00  0.1185390E-05   0.1105950E-07   0.1196450E-05
    74600.00  0.1157683E-05   0.1098086E-07   0.1168664E-05
    75000.00  0.1134582E-05   0.1090320E-07   0.1145485E-05
    75400.00  0.1113787E-05   0.1082651E-07   0.1124614E-05
    75800.00  0.1092146E-05   0.1075076E-07   0.1102897E-05
    76200.00  0.1070073E-05   0.1067594E-07   0.1080749E-05
    76600.00  0.1048468E-05   0.1060204E-07   0.1059070E-05
    77000.00  0.1027196E-05   0.1052904E-07   0.1037725E-05
    77400.00  0.1006937E-05   0.1045692E-07   0.1017394E-05
    77800.00  0.9869194E-06   0.1038567E-07   0.9973051E-06
    78200.00  0.9672615E-06   0.1031528E-07   0.9775768E-06
    78600.00  0.9483253E-06   0.1024573E-07   0.9585710E-06
    79000.00  0.9295930E-06   0.1017700E-07   0.9397700E-06
    79400.00  0.9113732E-06   0.1010909E-07   0.9214823E-06
    79800.00  0.8937457E-06   0.1004197E-07   0.9037877E-06
    80200.00  0.8759920E-06   0.9975647E-08   0.8859676E-06
    80600.00  0.8588495E-06   0.9910093E-08   0.8687596E-06
    81000.00  0.8429070E-06   0.9845300E-08   0.8527523E-06
    81400.00  0.8263115E-06   0.9781256E-08   0.8360928E-06
    81800.00  0.8110225E-06   0.9717948E-08   0.8207404E-06
    82200.00  0.7957672E-06   0.9655365E-08   0.8054226E-06
    82600.00  0.7807228E-06   0.9571666E-08   0.7902945E-06
    83000.00  0.7660935E-06   0.9510688E-08   0.7756042E-06
    83400.00  0.7514070E-06   0.9450398E-08   0.7608574E-06
    83800.00  0.7375109E-06   0.9390785E-08   0.7469017E-06
    84200.00  0.7241570E-06   0.9331839E-08   0.7334888E-06
    84600.00  0.7106553E-06   0.9273549E-08   0.7199288E-06
    85000.00  0.6976815E-06   0.9215906E-08   0.7068974E-06
    85400.00  0.6849485E-06   0.9158898E-08   0.6941074E-06
    85800.00  0.6725040E-06   0.9102517E-08   0.6816065E-06
    86200.00  0.6604882E-06   0.9046661E-08   0.6695349E-06
    86600.00  0.6486243E-06   0.8991504E-08   0.6576158E-06
    87000.00  0.6370117E-06   0.8936946E-08   0.6459486E-06
    87400.00  0.6256253E-06   0.8882976E-08   0.6345083E-06
    87800.00  0.6144156E-06   0.8829586E-08   0.6232452E-06
    88200.00  0.6034117E-06   0.8776768E-08   0.6121885E-06
    88600.00  0.5927280E-06   0.8724512E-08   0.6014525E-06
    89000.00  0.5822382E-06   0.8672759E-08   0.5909110E-06
    89400.00  0.5724164E-06   0.8621597E-08   0.5810380E-06
    89800.00  0.5621816E-06   0.8570973E-08   0.5707526E-06
    90200.00  0.5526823E-06   0.8520547E-08   0.5612028E-06
    90600.00  0.5432791E-06   0.8470978E-08   0.5517501E-06
    91000.00  0.5334064E-06   0.8421923E-08   0.5418283E-06
    91400.00  0.5246607E-06   0.8275373E-08   0.5329361E-06
    91800.00  0.5158245E-06   0.8227888E-08   0.5240524E-06
    92200.00  0.5071580E-06   0.8181109E-08   0.5153391E-06
    92600.00  0.4986675E-06   0.8134806E-08   0.5068023E-06
    93000.00  0.4902288E-06   0.8088973E-08   0.4983178E-06
    93400.00  0.4820216E-06   0.8043603E-08   0.4900652E-06
    93800.00  0.4740141E-06   0.7998689E-08   0.4820128E-06
    94200.00  0.4661690E-06   0.7954225E-08   0.4741232E-06
    94600.00  0.4583083E-06   0.7910205E-08   0.4662185E-06
    95000.00  0.4508380E-06   0.7866622E-08   0.4587046E-06
    95400.00  0.4435412E-06   0.7823470E-08   0.4513647E-06
    95800.00  0.4362757E-06   0.7780743E-08   0.4440564E-06
    96200.00  0.4290928E-06   0.7738436E-08   0.4368312E-06
    96600.00  0.4222911E-06   0.7696542E-08   0.4299876E-06
    97000.00  0.4154347E-06   0.7655057E-08   0.4230898E-06
    97400.00  0.4083495E-06   0.7613973E-08   0.4159635E-06
    97800.00  0.4020879E-06   0.7573286E-08   0.4096612E-06
    98200.00  0.3957704E-06   0.7532991E-08   0.4033034E-06
    98600.00  0.3895796E-06   0.7493081E-08   0.3970727E-06
    99000.00  0.3834052E-06   0.7453553E-08   0.3908588E-06
    99400.00  0.3773586E-06   0.7414400E-08   0.3847730E-06
    99800.00  0.3714146E-06   0.7375618E-08   0.3787902E-06
   100200.00  0.3655853E-06   0.1933021E-08   0.3675183E-06
   200000.00  0.2367324E-07   0.4851902E-09   0.2415843E-07
   400000.00  0.1485769E-08   0.1212976E-09   0.1607067E-08
   600000.00  0.2916985E-09   0.5391003E-10   0.3456085E-09
   800000.00  0.9162989E-10   0.3032439E-10   0.1219543E-09
  1000000.00  0.3726574E-10   0.1940761E-10   0.5667335E-10
  1200000.00  0.1785134E-10   0.1347751E-10   0.3132885E-10
  1400000.00  0.9575141E-11   0.9901842E-11   0.1947698E-10
  1600000.00  0.5578558E-11   0.7581098E-11   0.1315966E-10
