       91.00  0.2168389E-31   0.0000000E+00   0.2168389E-31
       94.00  0.2168389E-31   0.0000000E+00   0.2168389E-31
       96.00  0.2168389E-31   0.0000000E+00   0.2168389E-31
       98.00  0.2168389E-31   0.0000000E+00   0.2168389E-31
      100.00  0.2168389E-31   0.0000000E+00   0.2168389E-31
      102.00  0.2168389E-31   0.0000000E+00   0.2168389E-31
      104.00  0.2168389E-31   0.0000000E+00   0.2168389E-31
      106.00  0.2168389E-31   0.0000000E+00   0.2168389E-31
      108.00  0.2168389E-31   0.0000000E+00   0.2168389E-31
      110.00  0.2168389E-31   0.0000000E+00   0.2168389E-31
      114.00  0.2168389E-31   0.0000000E+00   0.2168389E-31
      118.00  0.2168389E-31   0.0000000E+00   0.2168389E-31
      121.00  0.2168389E-31   0.0000000E+00   0.2168389E-31
      125.00  0.2168389E-31   0.0000000E+00   0.2168389E-31
      127.00  0.2168389E-31   0.0000000E+00   0.2168389E-31
      128.00  0.2168389E-31   0.0000000E+00   0.2168389E-31
      131.00  0.2168389E-31   0.0000000E+00   0.2168389E-31
      132.00  0.2168389E-31   0.0000000E+00   0.2168389E-31
      134.00  0.2168389E-31   0.0000000E+00   0.2168389E-31
      137.00  0.2168389E-31   0.0000000E+00   0.2168389E-31
      140.00  0.2168389E-31   0.0000000E+00   0.2168389E-31
      143.00  0.1375891E-15   0.0000000E+00   0.1375891E-15
      147.00  0.1375891E-15   0.0000000E+00   0.1375891E-15
      151.00  0.1992648E-15   0.0000000E+00   0.1992648E-15
      155.00  0.1628204E-14   0.0000000E+00   0.1628204E-14
      159.00  0.2531036E-14   0.0000000E+00   0.2531036E-14
      162.00  0.6173692E-14   0.0000000E+00   0.6173692E-14
      166.00  0.2277961E-14   0.0000000E+00   0.2277961E-14
      170.00  0.8413664E-14   0.0000000E+00   0.8413664E-14
      173.00  0.1162417E-13   0.0000000E+00   0.1162417E-13
      177.00  0.3724370E-13   0.0000000E+00   0.3724370E-13
      180.00  0.8964580E-13   0.0000000E+00   0.8964580E-13
      182.00  0.1491834E-12   0.0000000E+00   0.1491834E-12
      186.00  0.4225081E-12   0.0000000E+00   0.4225081E-12
      191.00  0.1460731E-11   0.0000000E+00   0.1460731E-11
      194.00  0.2922533E-11   0.0000000E+00   0.2922533E-11
      198.00  0.7454617E-11   0.0000000E+00   0.7454617E-11
      202.00  0.1778430E-10   0.0000000E+00   0.1778430E-10
      205.00  0.3431359E-10   0.0000000E+00   0.3431359E-10
      210.00  0.9334455E-10   0.0000000E+00   0.9334455E-10
      216.00  0.2919735E-09   0.0000000E+00   0.2919735E-09
      220.00  0.6026781E-09   0.0000000E+00   0.6026781E-09
      223.00  0.1020042E-08   0.0000000E+00   0.1020042E-08
      227.00  0.2068990E-08   0.0000000E+00   0.2068990E-08
      228.00  0.2419167E-08   0.0000000E+00   0.2419167E-08
      228.00  0.3743608E-06   0.0000000E+00   0.3743608E-06
      230.00  0.4223125E-07   0.0000000E+00   0.4223125E-07
      234.00  0.7064904E-06   0.0000000E+00   0.7064904E-06
      240.00  0.9984256E-05   0.0000000E+00   0.9984256E-05
      246.00  0.3425729E-05   0.0000000E+00   0.3425729E-05
      252.00  0.9408878E-04   0.0000000E+00   0.9408878E-04
      257.00  0.1651980E-03   0.0000000E+00   0.1651980E-03
      260.00  0.3080204E-03   0.0000000E+00   0.3080204E-03
      264.00  0.4354164E-04   0.0000000E+00   0.4354164E-04
      269.00  0.6458346E-03   0.0000000E+00   0.6458346E-03
      274.00  0.3288810E-04   0.0000000E+00   0.3288810E-04
      279.00  0.7730246E-04   0.0000000E+00   0.7730246E-04
      284.00  0.3012712E-03   0.0000000E+00   0.3012712E-03
      290.00  0.8883488E-03   0.0000000E+00   0.8883488E-03
      296.00  0.2313610E-02   0.0000000E+00   0.2313610E-02
      301.00  0.7896374E-03   0.0000000E+00   0.7896374E-03
      308.00  0.2064911E-02   0.0000000E+00   0.2064911E-02
      318.00  0.5139248E-02   0.0000000E+00   0.5139248E-02
      328.00  0.2136810E-02   0.0000000E+00   0.2136810E-02
      338.00  0.5132325E-02   0.0000000E+00   0.5132325E-02
      348.00  0.1157977E-01   0.0000000E+00   0.1157977E-01
      353.30  0.1639649E-01   0.0000000E+00   0.1639649E-01
      353.30  0.1676266E-01   0.0000000E+00   0.1676266E-01
      357.00  0.4951408E-02   0.0000000E+00   0.4951408E-02
      366.00  0.2857392E-01   0.0000000E+00   0.2857392E-01
      375.00  0.2663888E-01   0.0000000E+00   0.2663888E-01
      385.00  0.1241959E-01   0.0000000E+00   0.1241959E-01
      395.00  0.5642184E-01   0.0000000E+00   0.5642184E-01
      405.00  0.7500697E-01   0.0000000E+00   0.7500697E-01
      414.00  0.5859490E-01   0.0000000E+00   0.5859490E-01
      422.00  0.1235720E+00   0.0000000E+00   0.1235720E+00
      430.00  0.8723682E-02   0.0000000E+00   0.8723682E-02
      441.00  0.7932450E-02   0.0000000E+00   0.7932450E-02
      451.00  0.1075437E+00   0.0000000E+00   0.1075437E+00
      460.00  0.8878422E-01   0.0000000E+00   0.8878422E-01
      470.00  0.2123842E+00   0.0000000E+00   0.2123842E+00
      480.00  0.1419669E+00   0.0000000E+00   0.1419669E+00
      490.00  0.5407939E-01   0.0000000E+00   0.5407939E-01
      500.00  0.2004778E+00   0.0000000E+00   0.2004778E+00
      504.60  0.3246372E+00   0.0000000E+00   0.3246372E+00
      504.60  0.7005507E-01   0.0000000E+00   0.7005507E-01
      506.00  0.9102339E-02   0.0000000E+00   0.9102339E-02
      512.00  0.1310078E+00   0.0000000E+00   0.1310078E+00
      520.00  0.2091224E+00   0.0000000E+00   0.2091224E+00
      530.00  0.2297454E+00   0.0000000E+00   0.2297454E+00
      540.00  0.6871521E-01   0.0000000E+00   0.6871521E-01
      550.00  0.4853404E-01   0.0000000E+00   0.4853404E-01
      560.00  0.5127575E+00   0.0000000E+00   0.5127575E+00
      570.00  0.6672559E+00   0.0000000E+00   0.6672559E+00
      580.00  0.2692182E+00   0.0000000E+00   0.2692182E+00
      590.00  0.6969031E+00   0.0000000E+00   0.6969031E+00
      600.00  0.4863390E+00   0.0000000E+00   0.4863390E+00
      610.00  0.3280675E+00   0.0000000E+00   0.3280675E+00
      620.00  0.6057104E+00   0.0000000E+00   0.6057104E+00
      630.00  0.2090348E+00   0.0000000E+00   0.2090348E+00
      640.00  0.5987254E+00   0.0000000E+00   0.5987254E+00
      650.00  0.5708561E+00   0.0000000E+00   0.5708561E+00
      658.00  0.1383940E+00   0.0000000E+00   0.1383940E+00
      665.00  0.2658339E+00   0.0000000E+00   0.2658339E+00
      675.00  0.2778735E+00   0.0000000E+00   0.2778735E+00
      685.00  0.4243935E+00   0.0000000E+00   0.4243935E+00
      695.00  0.3177387E+00   0.0000000E+00   0.3177387E+00
      705.00  0.2959211E+00   0.0000000E+00   0.2959211E+00
      716.00  0.7530621E+00   0.0000000E+00   0.7530621E+00
      726.00  0.5355612E+00   0.0000000E+00   0.5355612E+00
      735.00  0.7424699E+00   0.0000000E+00   0.7424699E+00
      745.00  0.3704152E+00   0.0000000E+00   0.3704152E+00
      755.00  0.6727987E+00   0.0000000E+00   0.6727987E+00
      765.00  0.6305031E+00   0.0000000E+00   0.6305031E+00
      775.00  0.8242630E+00   0.0000000E+00   0.8242630E+00
      785.00  0.6657815E-01   0.0000000E+00   0.6657815E-01
      795.00  0.2261746E+00   0.0000000E+00   0.2261746E+00
      805.00  0.5689991E+00   0.0000000E+00   0.5689991E+00
      815.00  0.6044604E+00   0.0000000E+00   0.6044604E+00
      825.00  0.7160445E+00   0.0000000E+00   0.7160445E+00
      835.00  0.1545117E+00   0.0000000E+00   0.1545117E+00
      845.00  0.1901637E+00   0.0000000E+00   0.1901637E+00
      855.00  0.4325834E+00   0.0000000E+00   0.4325834E+00
      865.00  0.5739426E+00   0.0000000E+00   0.5739426E+00
      875.00  0.6625647E+00   0.0000000E+00   0.6625647E+00
      885.00  0.6755849E+00   0.0000000E+00   0.6755849E+00
      895.00  0.4752975E+00   0.0000000E+00   0.4752975E+00
      905.00  0.6832236E+00   0.0000000E+00   0.6832236E+00
      912.40  0.1099899E+01   0.1532688E-12   0.1099899E+01
      912.40  0.2084074E+01   0.1532768E-12   0.2084074E+01
      915.00  0.2037681E+01   0.1755786E-12   0.2037681E+01
      925.00  0.1859246E+01   0.2938262E-12   0.1859246E+01
      935.00  0.2613928E+01   0.4862107E-12   0.2613928E+01
      945.00  0.1697950E+01   0.7958471E-12   0.1697950E+01
      955.00  0.1354382E+01   0.1289008E-11   0.1354382E+01
      965.00  0.1593593E+01   0.2066549E-11   0.1593593E+01
      975.00  0.1347163E+01   0.3280479E-11   0.1347163E+01
      985.00  0.5489364E-01   0.5157777E-11   0.5489364E-01
      995.00  0.1673638E+01   0.8034297E-11   0.1673638E+01
     1005.00  0.1095853E+01   0.1240266E-10   0.1095853E+01
     1015.00  0.1502387E+01   0.1897929E-10   0.1502387E+01
     1025.00  0.1316951E+01   0.2879755E-10   0.1316951E+01
     1035.00  0.1254273E+01   0.4333605E-10   0.1254273E+01
     1045.00  0.1471094E+01   0.6469415E-10   0.1471094E+01
     1055.00  0.1448261E+01   0.9583014E-10   0.1448261E+01
     1065.00  0.1172259E+01   0.1408824E-09   0.1172259E+01
     1075.00  0.1040852E+01   0.2055990E-09   0.1040852E+01
     1085.00  0.1105947E+01   0.2979094E-09   0.1105947E+01
     1095.00  0.1356165E+01   0.4286784E-09   0.1356165E+01
     1105.00  0.1339784E+01   0.6126973E-09   0.1339784E+01
     1115.00  0.5489014E+00   0.8699752E-09   0.5489014E+00
     1125.00  0.5659697E+00   0.1227414E-08   0.5659697E+00
     1135.00  0.1206372E+01   0.1720966E-08   0.1206372E+01
     1145.00  0.1263691E+01   0.2398404E-08   0.1263691E+01
     1155.00  0.7356545E+00   0.3322844E-08   0.7356545E+00
     1165.00  0.5602797E+00   0.4577221E-08   0.5602797E+00
     1175.00  0.9899187E+00   0.6269923E-08   0.9899187E+00
     1185.00  0.1138463E+01   0.8541872E-08   0.1138463E+01
     1195.00  0.9441345E+00   0.1157536E-07   0.9441345E+00
     1205.00  0.9829729E+00   0.1560503E-07   0.9829729E+00
     1215.00  0.9102026E+00   0.2093146E-07   0.9102026E+00
     1225.00  0.9025922E+00   0.5103533E-02   0.9076957E+00
     1235.00  0.6447500E+00   0.9733572E-02   0.6544836E+00
     1245.00  0.9059343E+00   0.1366799E-01   0.9196023E+00
     1255.00  0.6261336E+00   0.1702721E-01   0.6431608E+00
     1265.00  0.9322463E+00   0.1990050E-01   0.9521468E+00
     1275.00  0.9082340E+00   0.2235843E-01   0.9305924E+00
     1285.00  0.7206491E+00   0.2445862E-01   0.7451077E+00
     1295.00  0.8302661E+00   0.2624904E-01   0.8565151E+00
     1305.00  0.8832256E+00   0.2777012E-01   0.9109957E+00
     1315.00  0.6147182E+00   0.2905628E-01   0.6437745E+00
     1325.00  0.6110007E+00   0.3013702E-01   0.6411377E+00
     1335.00  0.7645385E+00   0.3103778E-01   0.7955763E+00
     1345.00  0.5722225E+00   0.3178059E-01   0.6040031E+00
     1355.00  0.7684338E+00   0.3238459E-01   0.8008184E+00
     1365.00  0.7478122E+00   0.3286649E-01   0.7806787E+00
     1375.00  0.6847372E+00   0.3324091E-01   0.7179781E+00
     1385.00  0.4358528E+00   0.3352066E-01   0.4693735E+00
     1395.00  0.3724206E+00   0.3371701E-01   0.4061376E+00
     1405.00  0.8214522E+00   0.3383988E-01   0.8552921E+00
     1415.00  0.6456217E+00   0.3389804E-01   0.6795197E+00
     1425.00  0.4491787E+00   0.3389921E-01   0.4830779E+00
     1435.00  0.5211398E+00   0.3385026E-01   0.5549901E+00
     1442.00  0.5503974E+00   0.3378946E-01   0.5841869E+00
     1447.00  0.5192304E+00   0.3373388E-01   0.5529643E+00
     1455.00  0.5624003E+00   0.3362566E-01   0.5960260E+00
     1465.00  0.5369603E+00   0.3346021E-01   0.5704205E+00
     1475.00  0.5972204E+00   0.3326522E-01   0.6304856E+00
     1485.00  0.5596212E+00   0.3304451E-01   0.5926657E+00
     1495.00  0.5372518E+00   0.3280151E-01   0.5700533E+00
     1505.00  0.5132770E+00   0.3253927E-01   0.5458163E+00
     1512.00  0.4437180E+00   0.3234575E-01   0.4760638E+00
     1517.00  0.4981665E+00   0.3220306E-01   0.5303696E+00
     1525.00  0.4330317E+00   0.3196785E-01   0.4649995E+00
     1535.00  0.4224150E+00   0.3166337E-01   0.4540784E+00
     1545.00  0.3022063E+00   0.3134917E-01   0.3335555E+00
     1555.00  0.5697702E+00   0.3102707E-01   0.6007973E+00
     1565.00  0.2751269E+00   0.3069878E-01   0.3058257E+00
     1575.00  0.4214200E+00   0.3036583E-01   0.4517858E+00
     1585.00  0.3117266E+00   0.3002966E-01   0.3417563E+00
     1595.00  0.4605875E+00   0.2969161E-01   0.4902791E+00
     1605.00  0.4990299E+00   0.2935294E-01   0.5283828E+00
     1615.00  0.4904075E+00   0.2901484E-01   0.5194223E+00
     1625.00  0.4808889E+00   0.2867845E-01   0.5095674E+00
     1635.00  0.4735365E+00   0.2834488E-01   0.5018814E+00
     1645.00  0.4649521E+00   0.2801523E-01   0.4929673E+00
     1655.00  0.4557318E+00   0.2769056E-01   0.4834224E+00
     1665.00  0.4489721E+00   0.2737198E-01   0.4763441E+00
     1672.00  0.4423012E+00   0.2715318E-01   0.4694544E+00
     1677.00  0.4396988E+00   0.2699926E-01   0.4666981E+00
     1685.00  0.4339620E+00   0.2675751E-01   0.4607195E+00
     1695.00  0.4253644E+00   0.2646396E-01   0.4518284E+00
     1705.00  0.4175599E+00   0.2618116E-01   0.4437411E+00
     1715.00  0.4092697E+00   0.2591042E-01   0.4351801E+00
     1725.00  0.4019870E+00   0.2565316E-01   0.4276402E+00
     1735.00  0.3961515E+00   0.2541087E-01   0.4215624E+00
     1745.00  0.3890659E+00   0.2518516E-01   0.4142511E+00
     1755.00  0.3832464E+00   0.2497778E-01   0.4082242E+00
     1765.00  0.3757825E+00   0.2479061E-01   0.4005731E+00
     1775.00  0.3689161E+00   0.2462571E-01   0.3935418E+00
     1785.00  0.3632741E+00   0.2448532E-01   0.3877594E+00
     1795.00  0.3580291E+00   0.2437177E-01   0.3824009E+00
     1805.00  0.3523343E+00   0.2428774E-01   0.3766220E+00
     1815.00  0.3445876E+00   0.2423612E-01   0.3688237E+00
     1825.00  0.3396773E+00   0.2422006E-01   0.3638974E+00
     1835.00  0.3335535E+00   0.2424297E-01   0.3577965E+00
     1845.00  0.3268735E+00   0.2430857E-01   0.3511821E+00
     1855.00  0.3212514E+00   0.2442090E-01   0.3456723E+00
     1865.00  0.3163820E+00   0.2458438E-01   0.3409664E+00
     1875.00  0.3127288E+00   0.2480378E-01   0.3375326E+00
     1885.00  0.3061685E+00   0.2508430E-01   0.3312528E+00
     1895.00  0.3003675E+00   0.2543159E-01   0.3257991E+00
     1905.00  0.2966042E+00   0.2585174E-01   0.3224559E+00
     1915.00  0.2910620E+00   0.2635139E-01   0.3174134E+00
     1925.00  0.2861474E+00   0.2693768E-01   0.3130851E+00
     1935.00  0.2823342E+00   0.2761836E-01   0.3099526E+00
     1945.00  0.2780360E+00   0.2840202E-01   0.3064380E+00
     1955.00  0.2726418E+00   0.2929785E-01   0.3019397E+00
     1967.00  0.2687863E+00   0.3053439E-01   0.2993207E+00
     1976.00  0.2654437E+00   0.3158773E-01   0.2970314E+00
     1984.00  0.2613107E+00   0.3262212E-01   0.2939328E+00
     1995.00  0.2565855E+00   0.3420700E-01   0.2907925E+00
     2005.00  0.2531932E+00   0.3582440E-01   0.2890176E+00
     2015.00  0.2489154E+00   0.3762442E-01   0.2865398E+00
     2025.00  0.2458128E+00   0.3962203E-01   0.2854348E+00
     2035.00  0.2410016E+00   0.4183303E-01   0.2828346E+00
     2045.00  0.2377519E+00   0.4427467E-01   0.2820266E+00
     2055.00  0.2400124E+00   0.1583851E-01   0.2558509E+00
     2065.00  0.2364832E+00   0.1562684E-01   0.2521100E+00
     2074.00  0.2340293E+00   0.1543938E-01   0.2494687E+00
     2078.00  0.2314502E+00   0.1535699E-01   0.2468072E+00
     2085.00  0.2296294E+00   0.1521414E-01   0.2448435E+00
     2095.00  0.2256360E+00   0.1501303E-01   0.2406490E+00
     2105.00  0.2226296E+00   0.1481538E-01   0.2374450E+00
     2115.00  0.2193937E+00   0.1462115E-01   0.2340148E+00
     2125.00  0.2162094E+00   0.1443030E-01   0.2306397E+00
     2135.00  0.2126197E+00   0.1424281E-01   0.2268625E+00
     2145.00  0.2093126E+00   0.1405866E-01   0.2233713E+00
     2155.00  0.2067910E+00   0.1387780E-01   0.2206688E+00
     2165.00  0.2036524E+00   0.1370022E-01   0.2173526E+00
     2175.00  0.2005420E+00   0.1352589E-01   0.2140679E+00
     2185.00  0.1973665E+00   0.1335480E-01   0.2107213E+00
     2195.00  0.1949558E+00   0.1318691E-01   0.2081427E+00
     2205.00  0.1920037E+00   0.1302221E-01   0.2050259E+00
     2215.00  0.1889257E+00   0.1286068E-01   0.2017864E+00
     2225.00  0.1858004E+00   0.1270230E-01   0.1985027E+00
     2235.00  0.1834429E+00   0.1254705E-01   0.1959900E+00
     2245.00  0.1807733E+00   0.1239494E-01   0.1931682E+00
     2255.00  0.1778973E+00   0.1224593E-01   0.1901432E+00
     2265.00  0.1756362E+00   0.1210003E-01   0.1877362E+00
     2275.00  0.1731688E+00   0.1195722E-01   0.1851260E+00
     2285.00  0.1709414E+00   0.1181751E-01   0.1827589E+00
     2295.00  0.1680907E+00   0.1168089E-01   0.1797716E+00
     2305.00  0.1658461E+00   0.1154735E-01   0.1773934E+00
     2315.00  0.1631392E+00   0.1141690E-01   0.1745561E+00
     2325.00  0.1591564E+00   0.1128954E-01   0.1704459E+00
     2335.00  0.1581592E+00   0.1116528E-01   0.1693245E+00
     2345.00  0.1559997E+00   0.1104413E-01   0.1670438E+00
     2355.00  0.1540751E+00   0.1092609E-01   0.1650012E+00
     2365.00  0.1517073E+00   0.1081119E-01   0.1625185E+00
     2375.00  0.1496257E+00   0.1069942E-01   0.1603251E+00
     2385.00  0.1474215E+00   0.1059082E-01   0.1580123E+00
     2395.00  0.1456826E+00   0.1048539E-01   0.1561680E+00
     2405.00  0.1434112E+00   0.1038318E-01   0.1537944E+00
     2415.00  0.1416096E+00   0.1028419E-01   0.1518938E+00
     2425.00  0.1398205E+00   0.1018846E-01   0.1500090E+00
     2435.00  0.1376988E+00   0.1009602E-01   0.1477948E+00
     2445.00  0.1361411E+00   0.1000690E-01   0.1461480E+00
     2455.00  0.1342686E+00   0.9921126E-02   0.1441897E+00
     2465.00  0.1323981E+00   0.9838745E-02   0.1422368E+00
     2475.00  0.1304896E+00   0.9759795E-02   0.1402494E+00
     2485.00  0.1289365E+00   0.9684318E-02   0.1386208E+00
     2495.00  0.1267476E+00   0.9612360E-02   0.1363600E+00
     2505.00  0.1256168E+00   0.9543969E-02   0.1351608E+00
     2513.00  0.1238697E+00   0.9491859E-02   0.1333616E+00
     2518.00  0.1233783E+00   0.9460477E-02   0.1328388E+00
     2525.00  0.1219902E+00   0.9418094E-02   0.1314083E+00
     2535.00  0.1203918E+00   0.9360722E-02   0.1297525E+00
     2545.00  0.1186874E+00   0.9307151E-02   0.1279946E+00
     2555.00  0.1173958E+00   0.9257432E-02   0.1266532E+00
     2565.00  0.1158110E+00   0.9211632E-02   0.1250226E+00
     2575.00  0.1145075E+00   0.9169817E-02   0.1236773E+00
     2585.00  0.1130201E+00   0.9132058E-02   0.1221522E+00
     2595.00  0.1115675E+00   0.9098430E-02   0.1206659E+00
     2605.00  0.1100134E+00   0.8265402E-02   0.1182788E+00
     2615.00  0.1087626E+00   0.8198018E-02   0.1169606E+00
     2625.00  0.1074275E+00   0.8133203E-02   0.1155607E+00
     2635.00  0.1061453E+00   0.8070985E-02   0.1142163E+00
     2645.00  0.1049920E+00   0.8011396E-02   0.1130034E+00
     2655.00  0.1036888E+00   0.7954470E-02   0.1116433E+00
     2665.00  0.1020768E+00   0.7900241E-02   0.1099770E+00
     2675.00  0.1009307E+00   0.7848746E-02   0.1087794E+00
     2685.00  0.9967186E-01   0.7800027E-02   0.1074719E+00
     2695.00  0.9830132E-01   0.7754123E-02   0.1060554E+00
     2705.00  0.9708044E-01   0.7711078E-02   0.1047915E+00
     2715.00  0.9580234E-01   0.7670939E-02   0.1034733E+00
     2725.00  0.9462606E-01   0.7633754E-02   0.1022598E+00
     2735.00  0.9362782E-01   0.7599573E-02   0.1012274E+00
     2745.00  0.9216725E-01   0.7568447E-02   0.9973570E-01
     2755.00  0.9106362E-01   0.7540433E-02   0.9860405E-01
     2765.00  0.9000095E-01   0.7515586E-02   0.9751654E-01
     2775.00  0.8902038E-01   0.7493966E-02   0.9651435E-01
     2785.00  0.8793242E-01   0.7475635E-02   0.9540806E-01
     2795.00  0.8643871E-01   0.7460656E-02   0.9389937E-01
     2805.00  0.8560546E-01   0.7449095E-02   0.9305456E-01
     2815.00  0.8482922E-01   0.7441021E-02   0.9227024E-01
     2825.00  0.8377451E-01   0.7436505E-02   0.9121101E-01
     2835.00  0.8253942E-01   0.7435619E-02   0.8997504E-01
     2845.00  0.8158670E-01   0.7438439E-02   0.8902514E-01
     2855.00  0.8063610E-01   0.7445019E-02   0.8808112E-01
     2865.00  0.7981590E-01   0.7455433E-02   0.8727133E-01
     2875.00  0.7880495E-01   0.7469787E-02   0.8627474E-01
     2885.00  0.7792344E-01   0.7488165E-02   0.8541161E-01
     2895.00  0.7699803E-01   0.7510655E-02   0.8450868E-01
     2910.00  0.7574712E-01   0.7552294E-02   0.8329941E-01
     2930.00  0.7393674E-01   0.7623058E-02   0.8155980E-01
     2950.00  0.7210950E-01   0.7711958E-02   0.7982146E-01
     2970.00  0.7049678E-01   0.7819807E-02   0.7831659E-01
     2990.00  0.6888208E-01   0.7947462E-02   0.7682954E-01
     3010.00  0.6734075E-01   0.8095816E-02   0.7543657E-01
     3030.00  0.6585566E-01   0.8265806E-02   0.7412147E-01
     3050.00  0.6430985E-01   0.8458411E-02   0.7276826E-01
     3070.00  0.6290225E-01   0.8674651E-02   0.7157690E-01
     3090.00  0.6150804E-01   0.8915579E-02   0.7042362E-01
     3110.00  0.6013339E-01   0.9182297E-02   0.6931569E-01
     3130.00  0.5875266E-01   0.9256279E-02   0.6800894E-01
     3150.00  0.5748878E-01   0.9561591E-02   0.6705037E-01
     3170.00  0.5623126E-01   0.9895276E-02   0.6612654E-01
     3190.00  0.5495808E-01   0.1025856E-01   0.6521664E-01
     3210.00  0.5380760E-01   0.1065270E-01   0.6446030E-01
     3230.00  0.5265041E-01   0.1107902E-01   0.6372943E-01
     3250.00  0.5151736E-01   0.1153885E-01   0.6305621E-01
     3270.00  0.5042858E-01   0.1203341E-01   0.6246199E-01
     3290.00  0.4937922E-01   0.1256414E-01   0.6194336E-01
     3310.00  0.4836884E-01   0.1313258E-01   0.6150142E-01
     3330.00  0.4733417E-01   0.1374021E-01   0.6107438E-01
     3350.00  0.4630623E-01   0.1438856E-01   0.6069479E-01
     3370.00  0.4535462E-01   0.1507919E-01   0.6043381E-01
     3390.00  0.4441551E-01   0.1581371E-01   0.6022922E-01
     3410.00  0.4351834E-01   0.1659374E-01   0.6011208E-01
     3430.00  0.4258846E-01   0.1564711E-01   0.5823557E-01
     3450.00  0.4189910E-01   0.1640540E-01   0.5830450E-01
     3470.00  0.4107510E-01   0.1720814E-01   0.5828324E-01
     3490.00  0.4024811E-01   0.1805687E-01   0.5830498E-01
     3510.00  0.3946526E-01   0.1895320E-01   0.5841846E-01
     3530.00  0.3867671E-01   0.1989899E-01   0.5857570E-01
     3550.00  0.3790853E-01   0.2089564E-01   0.5880417E-01
     3570.00  0.3716645E-01   0.2194483E-01   0.5911128E-01
     3590.00  0.3640290E-01   0.2304824E-01   0.5945114E-01
     3610.00  0.3569868E-01   0.2420758E-01   0.5990626E-01
     3630.00  0.3501362E-01   0.2542458E-01   0.6043820E-01
     3640.00  0.3468773E-01   0.2605525E-01   0.6074298E-01
     3650.00  0.3900215E-01   0.3062960E-02   0.4206511E-01
     3670.00  0.3824282E-01   0.3035865E-02   0.4127868E-01
     3690.00  0.3738276E-01   0.2663643E-02   0.4004640E-01
     3710.00  0.3677919E-01   0.2620393E-02   0.3939958E-01
     3730.00  0.3609860E-01   0.2578235E-02   0.3867683E-01
     3750.00  0.3575485E-01   0.2537146E-02   0.3829200E-01
     3770.00  0.3517719E-01   0.2497104E-02   0.3767429E-01
     3790.00  0.3483480E-01   0.2458086E-02   0.3729289E-01
     3810.00  0.3446833E-01   0.2420071E-02   0.3688840E-01
     3830.00  0.3337874E-01   0.2383038E-02   0.3576178E-01
     3850.00  0.3335293E-01   0.2346969E-02   0.3569990E-01
     3870.00  0.3292528E-01   0.2311844E-02   0.3523712E-01
     3890.00  0.3148987E-01   0.2277644E-02   0.3376751E-01
     3910.00  0.3183021E-01   0.2244352E-02   0.3407456E-01
     3930.00  0.3114561E-01   0.2211952E-02   0.3335756E-01
     3950.00  0.3063948E-01   0.2180426E-02   0.3281991E-01
     3970.00  0.2921861E-01   0.2149760E-02   0.3136837E-01
     3990.00  0.2957069E-01   0.2119940E-02   0.3169063E-01
     4010.00  0.2915935E-01   0.2090949E-02   0.3125030E-01
     4030.00  0.2855871E-01   0.2062773E-02   0.3062148E-01
     4050.00  0.2812520E-01   0.2035398E-02   0.3016060E-01
     4070.00  0.2757134E-01   0.2008810E-02   0.2958015E-01
     4090.00  0.2682583E-01   0.1982998E-02   0.2880883E-01
     4110.00  0.2598190E-01   0.1957949E-02   0.2793985E-01
     4130.00  0.2610751E-01   0.1933651E-02   0.2804116E-01
     4150.00  0.2571739E-01   0.1910093E-02   0.2762748E-01
     4170.00  0.2531644E-01   0.1887263E-02   0.2720370E-01
     4190.00  0.2490744E-01   0.1865151E-02   0.2677259E-01
     4210.00  0.2449544E-01   0.1843747E-02   0.2633919E-01
     4230.00  0.2405444E-01   0.1823042E-02   0.2587748E-01
     4250.00  0.2361899E-01   0.1803024E-02   0.2542201E-01
     4270.00  0.2317618E-01   0.1783686E-02   0.2495987E-01
     4290.00  0.2283985E-01   0.1765019E-02   0.2460487E-01
     4310.00  0.2240097E-01   0.1747014E-02   0.2414798E-01
     4330.00  0.2173425E-01   0.1729662E-02   0.2346391E-01
     4350.00  0.2115909E-01   0.1712957E-02   0.2287205E-01
     4370.00  0.2130601E-01   0.1696890E-02   0.2300290E-01
     4390.00  0.2098645E-01   0.1681454E-02   0.2266790E-01
     4410.00  0.2068084E-01   0.1666641E-02   0.2234748E-01
     4430.00  0.2033510E-01   0.1652446E-02   0.2198755E-01
     4450.00  0.2002157E-01   0.1638861E-02   0.2166043E-01
     4470.00  0.1961801E-01   0.1625880E-02   0.2124389E-01
     4490.00  0.1934102E-01   0.1613496E-02   0.2095452E-01
     4510.00  0.1906497E-01   0.1601705E-02   0.2066667E-01
     4530.00  0.1874077E-01   0.1590500E-02   0.2033127E-01
     4550.00  0.1843154E-01   0.1579875E-02   0.2001141E-01
     4570.00  0.1816725E-01   0.1569825E-02   0.1973708E-01
     4590.00  0.1787024E-01   0.1560345E-02   0.1943059E-01
     4610.00  0.1759012E-01   0.1551431E-02   0.1914155E-01
     4630.00  0.1729413E-01   0.1543076E-02   0.1883721E-01
     4650.00  0.1701712E-01   0.1535278E-02   0.1855240E-01
     4670.00  0.1677209E-01   0.1528030E-02   0.1830012E-01
     4690.00  0.1651683E-01   0.1521329E-02   0.1803816E-01
     4710.00  0.1621468E-01   0.1515170E-02   0.1772985E-01
     4730.00  0.1599745E-01   0.1509549E-02   0.1750700E-01
     4750.00  0.1574412E-01   0.1504463E-02   0.1724858E-01
     4770.00  0.1553088E-01   0.1499908E-02   0.1703079E-01
     4790.00  0.1529103E-01   0.1495879E-02   0.1678691E-01
     4810.00  0.1504209E-01   0.1492372E-02   0.1653446E-01
     4830.00  0.1479509E-01   0.1489383E-02   0.1628447E-01
     4850.00  0.1438643E-01   0.1486911E-02   0.1587334E-01
     4870.00  0.1398532E-01   0.1484950E-02   0.1547027E-01
     4890.00  0.1412891E-01   0.1483500E-02   0.1561241E-01
     4910.00  0.1394574E-01   0.1482556E-02   0.1542830E-01
     4930.00  0.1370818E-01   0.1482115E-02   0.1519029E-01
     4950.00  0.1353425E-01   0.1482174E-02   0.1501642E-01
     4970.00  0.1334715E-01   0.1482731E-02   0.1482988E-01
     4990.00  0.1314081E-01   0.1483783E-02   0.1462459E-01
     5010.00  0.1290046E-01   0.1485326E-02   0.1438579E-01
     5030.00  0.1274934E-01   0.1487359E-02   0.1423670E-01
     5050.00  0.1253825E-01   0.1489879E-02   0.1402813E-01
     5070.00  0.1239480E-01   0.1492884E-02   0.1388768E-01
     5090.00  0.1221598E-01   0.1496377E-02   0.1371236E-01
     5110.00  0.1203579E-01   0.1500349E-02   0.1353614E-01
     5130.00  0.1185241E-01   0.1504798E-02   0.1335721E-01
     5150.00  0.1167296E-01   0.1509721E-02   0.1318268E-01
     5170.00  0.1151789E-01   0.1515116E-02   0.1303301E-01
     5190.00  0.1135950E-01   0.1520982E-02   0.1288048E-01
     5210.00  0.1119252E-01   0.1527315E-02   0.1271983E-01
     5230.00  0.1103992E-01   0.1534113E-02   0.1257403E-01
     5250.00  0.1088853E-01   0.1541375E-02   0.1242990E-01
     5270.00  0.1072499E-01   0.1549098E-02   0.1227409E-01
     5290.00  0.1059461E-01   0.1557280E-02   0.1215189E-01
     5310.00  0.1044130E-01   0.1565919E-02   0.1200722E-01
     5330.00  0.1029062E-01   0.1575013E-02   0.1186563E-01
     5350.00  0.1015267E-01   0.1584559E-02   0.1173723E-01
     5370.00  0.1002078E-01   0.1594554E-02   0.1161533E-01
     5390.00  0.9884523E-02   0.1604989E-02   0.1148951E-01
     5410.00  0.9745988E-02   0.1615869E-02   0.1136186E-01
     5430.00  0.9612529E-02   0.1627193E-02   0.1123972E-01
     5450.00  0.9482029E-02   0.1638959E-02   0.1112099E-01
     5470.00  0.9355322E-02   0.1651164E-02   0.1100649E-01
     5490.00  0.9233551E-02   0.1663808E-02   0.1089736E-01
     5510.00  0.9110650E-02   0.1676887E-02   0.1078754E-01
     5530.00  0.8987388E-02   0.1690400E-02   0.1067779E-01
     5550.00  0.8867374E-02   0.1704345E-02   0.1057172E-01
     5570.00  0.8750669E-02   0.1718720E-02   0.1046939E-01
     5590.00  0.8637282E-02   0.1733523E-02   0.1037080E-01
     5610.00  0.8525064E-02   0.1748752E-02   0.1027382E-01
     5630.00  0.8413726E-02   0.1764405E-02   0.1017813E-01
     5650.00  0.8291454E-02   0.1780481E-02   0.1007193E-01
     5670.00  0.8182414E-02   0.1796977E-02   0.9979391E-02
     5690.00  0.8100496E-02   0.1813891E-02   0.9914387E-02
     5710.00  0.8000191E-02   0.9486578E-03   0.8948849E-02
     5730.00  0.7901055E-02   0.9481261E-03   0.8849181E-02
     5750.00  0.7795156E-02   0.9477840E-03   0.8742940E-02
     5770.00  0.7700768E-02   0.9476294E-03   0.8648397E-02
     5790.00  0.7601604E-02   0.9476604E-03   0.8549264E-02
     5810.00  0.7505979E-02   0.9478751E-03   0.8453854E-02
     5830.00  0.7409400E-02   0.9482717E-03   0.8357672E-02
     5850.00  0.7312758E-02   0.9488483E-03   0.8261606E-02
     5870.00  0.7202424E-02   0.9496031E-03   0.8152027E-02
     5890.00  0.7122575E-02   0.9505344E-03   0.8073109E-02
     5910.00  0.7042039E-02   0.9516403E-03   0.7993679E-02
     5930.00  0.6953102E-02   0.9529192E-03   0.7906021E-02
     5950.00  0.6859982E-02   0.9543692E-03   0.7814351E-02
     5970.00  0.6782872E-02   0.9559888E-03   0.7738861E-02
     5990.00  0.6695918E-02   0.9577762E-03   0.7653694E-02
     6010.00  0.6616559E-02   0.9597298E-03   0.7576289E-02
     6030.00  0.6534058E-02   0.9618479E-03   0.7495906E-02
     6050.00  0.6452606E-02   0.9641289E-03   0.7416735E-02
     6070.00  0.6376533E-02   0.9665713E-03   0.7343104E-02
     6090.00  0.6298602E-02   0.9691735E-03   0.7267775E-02
     6110.00  0.6222420E-02   0.9719337E-03   0.7194354E-02
     6130.00  0.6144766E-02   0.9748506E-03   0.7119617E-02
     6150.00  0.6061468E-02   0.9779227E-03   0.7039391E-02
     6170.00  0.5994258E-02   0.9811483E-03   0.6975406E-02
     6190.00  0.5927279E-02   0.9845261E-03   0.6911805E-02
     6210.00  0.5856957E-02   0.9880546E-03   0.6845012E-02
     6230.00  0.5784930E-02   0.9917322E-03   0.6776662E-02
     6250.00  0.5708964E-02   0.9955576E-03   0.6704522E-02
     6270.00  0.5649312E-02   0.9995292E-03   0.6648841E-02
     6290.00  0.5583999E-02   0.1003646E-02   0.6587645E-02
     6310.00  0.5515780E-02   0.1007906E-02   0.6523686E-02
     6330.00  0.5451814E-02   0.1012308E-02   0.6464122E-02
     6350.00  0.5377978E-02   0.1016851E-02   0.6394829E-02
     6370.00  0.5319956E-02   0.1021533E-02   0.6341489E-02
     6390.00  0.5263518E-02   0.1026353E-02   0.6289871E-02
     6410.00  0.5200644E-02   0.1031310E-02   0.6231954E-02
     6430.00  0.5142104E-02   0.1036402E-02   0.6178506E-02
     6450.00  0.5078414E-02   0.1041628E-02   0.6120042E-02
     6470.00  0.5022270E-02   0.1046987E-02   0.6069257E-02
     6490.00  0.4963392E-02   0.1052477E-02   0.6015869E-02
     6510.00  0.4906648E-02   0.1058097E-02   0.5964745E-02
     6530.00  0.4844462E-02   0.1063834E-02   0.5908296E-02
     6550.00  0.4748116E-02   0.1069695E-02   0.5817811E-02
     6570.00  0.4613360E-02   0.1075680E-02   0.5689040E-02
     6590.00  0.4670163E-02   0.1081790E-02   0.5751953E-02
     6610.00  0.4634209E-02   0.1088023E-02   0.5722232E-02
     6630.00  0.4584309E-02   0.1094377E-02   0.5678686E-02
     6650.00  0.4532727E-02   0.1088159E-02   0.5620886E-02
     6670.00  0.4478808E-02   0.1094625E-02   0.5573433E-02
     6690.00  0.4429884E-02   0.1101209E-02   0.5531093E-02
     6710.00  0.4383592E-02   0.1107910E-02   0.5491502E-02
     6730.00  0.4334353E-02   0.1114726E-02   0.5449079E-02
     6750.00  0.4286750E-02   0.1121657E-02   0.5408407E-02
     6770.00  0.4241630E-02   0.1128701E-02   0.5370331E-02
     6790.00  0.4192018E-02   0.1135856E-02   0.5327874E-02
     6810.00  0.4148594E-02   0.1143123E-02   0.5291717E-02
     6830.00  0.4102674E-02   0.1150499E-02   0.5253173E-02
     6850.00  0.4057028E-02   0.1157984E-02   0.5215012E-02
     6870.00  0.4014718E-02   0.1165577E-02   0.5180295E-02
     6890.00  0.3971672E-02   0.1173275E-02   0.5144947E-02
     6910.00  0.3928662E-02   0.1181079E-02   0.5109741E-02
     6930.00  0.3885194E-02   0.1188986E-02   0.5074180E-02
     6950.00  0.3843404E-02   0.1196997E-02   0.5040401E-02
     6970.00  0.3803405E-02   0.1205109E-02   0.5008514E-02
     6990.00  0.3763426E-02   0.1213323E-02   0.4976749E-02
     7010.00  0.3721794E-02   0.1221635E-02   0.4943429E-02
     7030.00  0.3682820E-02   0.1230048E-02   0.4912868E-02
     7050.00  0.3642348E-02   0.1238559E-02   0.4880907E-02
     7070.00  0.3600207E-02   0.1247165E-02   0.4847372E-02
     7090.00  0.3567976E-02   0.1255867E-02   0.4823843E-02
     7110.00  0.3526907E-02   0.1264663E-02   0.4791570E-02
     7130.00  0.3490586E-02   0.1273552E-02   0.4764138E-02
     7150.00  0.3454572E-02   0.1282533E-02   0.4737105E-02
     7170.00  0.3419650E-02   0.1291605E-02   0.4711255E-02
     7190.00  0.3384257E-02   0.1300767E-02   0.4685024E-02
     7210.00  0.3349806E-02   0.1310018E-02   0.4659824E-02
     7230.00  0.3310228E-02   0.1319357E-02   0.4629585E-02
     7250.00  0.3279329E-02   0.1328782E-02   0.4608111E-02
     7270.00  0.3247338E-02   0.1338293E-02   0.4585631E-02
     7290.00  0.3211313E-02   0.1347890E-02   0.4559203E-02
     7310.00  0.3181269E-02   0.1357569E-02   0.4538838E-02
     7330.00  0.3148538E-02   0.1367332E-02   0.4515870E-02
     7350.00  0.3116316E-02   0.1377177E-02   0.4493493E-02
     7370.00  0.3085070E-02   0.1387102E-02   0.4472172E-02
     7390.00  0.3053002E-02   0.1397107E-02   0.4450109E-02
     7410.00  0.3021678E-02   0.1407191E-02   0.4428869E-02
     7430.00  0.2991008E-02   0.1417353E-02   0.4408361E-02
     7450.00  0.2961314E-02   0.1422623E-02   0.4383937E-02
     7470.00  0.2931364E-02   0.1432895E-02   0.4364259E-02
     7490.00  0.2903324E-02   0.1443243E-02   0.4346567E-02
     7510.00  0.2874744E-02   0.1453666E-02   0.4328410E-02
     7530.00  0.2846248E-02   0.1464161E-02   0.4310409E-02
     7550.00  0.2817972E-02   0.1474729E-02   0.4292701E-02
     7570.00  0.2790493E-02   0.1485369E-02   0.4275862E-02
     7590.00  0.2762984E-02   0.1496079E-02   0.4259063E-02
     7610.00  0.2735919E-02   0.1506852E-02   0.4242771E-02
     7630.00  0.2708815E-02   0.1517688E-02   0.4226503E-02
     7650.00  0.2681462E-02   0.1528591E-02   0.4210053E-02
     7670.00  0.2655020E-02   0.1539560E-02   0.4194580E-02
     7690.00  0.2630053E-02   0.1550594E-02   0.4180647E-02
     7710.00  0.2604236E-02   0.1561693E-02   0.4165929E-02
     7730.00  0.2579111E-02   0.1572856E-02   0.4151967E-02
     7750.00  0.2553332E-02   0.1584081E-02   0.4137413E-02
     7770.00  0.2524209E-02   0.1595368E-02   0.4119577E-02
     7790.00  0.2505311E-02   0.1606716E-02   0.4112027E-02
     7810.00  0.2481256E-02   0.1618125E-02   0.4099381E-02
     7830.00  0.2457222E-02   0.1629592E-02   0.4086814E-02
     7850.00  0.2432093E-02   0.1641118E-02   0.4073211E-02
     7870.00  0.2409319E-02   0.1602720E-02   0.4012039E-02
     7890.00  0.2386006E-02   0.1613971E-02   0.3999977E-02
     7910.00  0.2364588E-02   0.1625278E-02   0.3989866E-02
     7930.00  0.2342046E-02   0.1636640E-02   0.3978686E-02
     7950.00  0.2318156E-02   0.1648055E-02   0.3966211E-02
     7970.00  0.2298911E-02   0.1659524E-02   0.3958435E-02
     7990.00  0.2275363E-02   0.1671045E-02   0.3946408E-02
     8010.00  0.2256218E-02   0.1682617E-02   0.3938835E-02
     8030.00  0.2234972E-02   0.1694240E-02   0.3929212E-02
     8050.00  0.2213764E-02   0.1705913E-02   0.3919677E-02
     8070.00  0.2194024E-02   0.1717635E-02   0.3911659E-02
     8090.00  0.2173312E-02   0.1729406E-02   0.3902718E-02
     8110.00  0.2153338E-02   0.1741224E-02   0.3894562E-02
     8130.00  0.2134078E-02   0.1753089E-02   0.3887167E-02
     8150.00  0.2113767E-02   0.1764999E-02   0.3878766E-02
     8170.00  0.2094956E-02   0.1776955E-02   0.3871911E-02
     8190.00  0.2073649E-02   0.1788956E-02   0.3862605E-02
     8210.00  0.2099284E-02   0.1498140E-02   0.3597424E-02
     8230.00  0.2079832E-02   0.3179821E-03   0.2397814E-02
     8250.00  0.2062839E-02   0.3176626E-03   0.2380502E-02
     8270.00  0.2044496E-02   0.3173612E-03   0.2361857E-02
     8290.00  0.2026480E-02   0.3044623E-03   0.2330942E-02
     8310.00  0.2008036E-02   0.3041044E-03   0.2312140E-02
     8330.00  0.1988751E-02   0.3037638E-03   0.2292515E-02
     8350.00  0.1970031E-02   0.3034402E-03   0.2273471E-02
     8370.00  0.1951830E-02   0.3031335E-03   0.2254963E-02
     8390.00  0.1933120E-02   0.3028434E-03   0.2235963E-02
     8410.00  0.1915111E-02   0.3025696E-03   0.2217681E-02
     8430.00  0.1895909E-02   0.3023121E-03   0.2198221E-02
     8450.00  0.1876799E-02   0.3020704E-03   0.2178869E-02
     8470.00  0.1858758E-02   0.3018445E-03   0.2160603E-02
     8490.00  0.1847571E-02   0.3016341E-03   0.2149205E-02
     8510.00  0.1822675E-02   0.3014390E-03   0.2124114E-02
     8530.00  0.1818669E-02   0.3012590E-03   0.2119928E-02
     8550.00  0.1781161E-02   0.3010938E-03   0.2082255E-02
     8570.00  0.1794238E-02   0.3009433E-03   0.2095181E-02
     8590.00  0.1761874E-02   0.3008073E-03   0.2062681E-02
     8610.00  0.1744932E-02   0.3006856E-03   0.2045618E-02
     8630.00  0.1752953E-02   0.3005779E-03   0.2053531E-02
     8650.00  0.1727021E-02   0.3004841E-03   0.2027505E-02
     8670.00  0.1683080E-02   0.3004040E-03   0.1983484E-02
     8690.00  0.1703922E-02   0.3003374E-03   0.2004259E-02
     8710.00  0.1698005E-02   0.3002841E-03   0.1998289E-02
     8730.00  0.1674646E-02   0.3002440E-03   0.1974890E-02
     8750.00  0.1625693E-02   0.3002168E-03   0.1925910E-02
     8770.00  0.1640055E-02   0.3002023E-03   0.1940257E-02
     8790.00  0.1641613E-02   0.3002005E-03   0.1941813E-02
     8810.00  0.1629051E-02   0.3002110E-03   0.1929262E-02
     8830.00  0.1611476E-02   0.3002338E-03   0.1911710E-02
     8850.00  0.1579792E-02   0.3002686E-03   0.1880061E-02
     8870.00  0.1544104E-02   0.3003153E-03   0.1844419E-02
     8890.00  0.1567334E-02   0.3003738E-03   0.1867708E-02
     8910.00  0.1561144E-02   0.3004438E-03   0.1861588E-02
     8930.00  0.1548644E-02   0.3005252E-03   0.1849169E-02
     8950.00  0.1536903E-02   0.3006179E-03   0.1837521E-02
     8970.00  0.1522860E-02   0.3007216E-03   0.1823582E-02
     8990.00  0.1503455E-02   0.3008363E-03   0.1804291E-02
     9010.00  0.1457829E-02   0.3009616E-03   0.1758791E-02
     9030.00  0.1460451E-02   0.3010977E-03   0.1761549E-02
     9050.00  0.1469312E-02   0.3012442E-03   0.1770556E-02
     9070.00  0.1458157E-02   0.3014009E-03   0.1759558E-02
     9090.00  0.1447016E-02   0.3015679E-03   0.1748584E-02
     9110.00  0.1437557E-02   0.3017448E-03   0.1739302E-02
     9130.00  0.1426411E-02   0.3019318E-03   0.1728343E-02
     9150.00  0.1414699E-02   0.3021285E-03   0.1716828E-02
     9170.00  0.1401746E-02   0.3023348E-03   0.1704081E-02
     9190.00  0.1388038E-02   0.3025506E-03   0.1690589E-02
     9210.00  0.1366046E-02   0.3027757E-03   0.1668822E-02
     9230.00  0.1323512E-02   0.3030099E-03   0.1626522E-02
     9250.00  0.1341178E-02   0.3032531E-03   0.1644431E-02
     9270.00  0.1339579E-02   0.3035053E-03   0.1643084E-02
     9290.00  0.1334615E-02   0.3037663E-03   0.1638381E-02
     9310.00  0.1324562E-02   0.3040358E-03   0.1628598E-02
     9330.00  0.1314094E-02   0.3043138E-03   0.1618408E-02
     9350.00  0.1303851E-02   0.3046003E-03   0.1608451E-02
     9370.00  0.1293667E-02   0.3048949E-03   0.1598562E-02
     9390.00  0.1282868E-02   0.3051977E-03   0.1588066E-02
     9410.00  0.1270095E-02   0.3055085E-03   0.1575603E-02
     9430.00  0.1262428E-02   0.3058273E-03   0.1568255E-02
     9450.00  0.1252004E-02   0.3061537E-03   0.1558158E-02
     9470.00  0.1241515E-02   0.3064877E-03   0.1548003E-02
     9490.00  0.1231606E-02   0.3068294E-03   0.1538435E-02
     9510.00  0.1218568E-02   0.3071783E-03   0.1525746E-02
     9530.00  0.1198432E-02   0.3075347E-03   0.1505967E-02
     9550.00  0.1164159E-02   0.3078982E-03   0.1472057E-02
     9570.00  0.1183239E-02   0.3082688E-03   0.1491508E-02
     9590.00  0.1182134E-02   0.3086463E-03   0.1490780E-02
     9610.00  0.1173849E-02   0.3090307E-03   0.1482880E-02
     9630.00  0.1163423E-02   0.3094217E-03   0.1472845E-02
     9650.00  0.1156656E-02   0.3098195E-03   0.1466475E-02
     9670.00  0.1147266E-02   0.3102238E-03   0.1457490E-02
     9690.00  0.1138900E-02   0.3106345E-03   0.1449535E-02
     9710.00  0.1130268E-02   0.3110516E-03   0.1441320E-02
     9730.00  0.1121681E-02   0.3114748E-03   0.1433156E-02
     9750.00  0.1112542E-02   0.3119041E-03   0.1424446E-02
     9770.00  0.1104462E-02   0.3123395E-03   0.1416802E-02
     9790.00  0.1095848E-02   0.3127807E-03   0.1408629E-02
     9810.00  0.1087515E-02   0.3132278E-03   0.1400743E-02
     9830.00  0.1078838E-02   0.3136807E-03   0.1392519E-02
     9850.00  0.1070459E-02   0.3141393E-03   0.1384598E-02
     9870.00  0.1062239E-02   0.3146032E-03   0.1376842E-02
     9890.00  0.1053749E-02   0.3150727E-03   0.1368822E-02
     9910.00  0.1045428E-02   0.3155475E-03   0.1360975E-02
     9930.00  0.1038163E-02   0.3160275E-03   0.1354191E-02
     9950.00  0.1030062E-02   0.3165128E-03   0.1346575E-02
     9970.00  0.1022202E-02   0.3170031E-03   0.1339205E-02
     9990.00  0.1014154E-02   0.3174985E-03   0.1331652E-02
    10025.00  0.9916845E-03   0.3183770E-03   0.1310062E-02
    10075.00  0.9691899E-03   0.3196573E-03   0.1288847E-02
    10125.00  0.9625334E-03   0.3209660E-03   0.1283499E-02
    10175.00  0.9468798E-03   0.3223049E-03   0.1269185E-02
    10225.00  0.9301606E-03   0.3236699E-03   0.1253831E-02
    10275.00  0.9132556E-03   0.3250592E-03   0.1238315E-02
    10325.00  0.8957291E-03   0.3264715E-03   0.1222201E-02
    10375.00  0.8791601E-03   0.3279058E-03   0.1207066E-02
    10425.00  0.8635792E-03   0.3293609E-03   0.1192940E-02
    10475.00  0.8475584E-03   0.3308358E-03   0.1178394E-02
    10525.00  0.8323535E-03   0.3323295E-03   0.1164683E-02
    10575.00  0.8177050E-03   0.3338409E-03   0.1151546E-02
    10625.00  0.8030486E-03   0.3353690E-03   0.1138418E-02
    10675.00  0.7882624E-03   0.3369130E-03   0.1125175E-02
    10725.00  0.7753916E-03   0.3384718E-03   0.1113863E-02
    10775.00  0.7618509E-03   0.3400446E-03   0.1101895E-02
    10825.00  0.7472155E-03   0.3416305E-03   0.1088846E-02
    10875.00  0.7338629E-03   0.3432286E-03   0.1077092E-02
    10925.00  0.7094855E-03   0.3448382E-03   0.1054324E-02
    10975.00  0.7057181E-03   0.3464585E-03   0.1052177E-02
    11025.00  0.6976682E-03   0.3480885E-03   0.1045757E-02
    11075.00  0.6863027E-03   0.3497277E-03   0.1036030E-02
    11125.00  0.6741801E-03   0.3513753E-03   0.1025555E-02
    11175.00  0.6631336E-03   0.2690750E-03   0.9322086E-03
    11225.00  0.6522173E-03   0.2699844E-03   0.9222017E-03
    11275.00  0.6402635E-03   0.2709037E-03   0.9111672E-03
    11325.00  0.6295520E-03   0.2718324E-03   0.9013844E-03
    11375.00  0.6192498E-03   0.2727697E-03   0.8920195E-03
    11425.00  0.6090901E-03   0.2737153E-03   0.8828054E-03
    11475.00  0.5997085E-03   0.2746685E-03   0.8743770E-03
    11525.00  0.5898598E-03   0.2756287E-03   0.8654885E-03
    11575.00  0.5798859E-03   0.2765956E-03   0.8564815E-03
    11625.00  0.5696839E-03   0.2775686E-03   0.8472525E-03
    11675.00  0.5606659E-03   0.2785473E-03   0.8392132E-03
    11725.00  0.5523162E-03   0.2795311E-03   0.8318473E-03
    11775.00  0.5426555E-03   0.2805196E-03   0.8231751E-03
    11825.00  0.5341855E-03   0.2815124E-03   0.8156979E-03
    11875.00  0.5251750E-03   0.2825090E-03   0.8076840E-03
    11925.00  0.5176606E-03   0.2835092E-03   0.8011698E-03
    11975.00  0.5087871E-03   0.2845123E-03   0.7932994E-03
    12025.00  0.5013549E-03   0.2855181E-03   0.7868730E-03
    12075.00  0.4932224E-03   0.2865262E-03   0.7797486E-03
    12125.00  0.4853023E-03   0.2875363E-03   0.7728386E-03
    12175.00  0.4779134E-03   0.2885478E-03   0.7664612E-03
    12225.00  0.4704319E-03   0.2895607E-03   0.7599926E-03
    12275.00  0.4631834E-03   0.2905743E-03   0.7537577E-03
    12325.00  0.4560322E-03   0.2915886E-03   0.7476208E-03
    12375.00  0.4489378E-03   0.2926032E-03   0.7415410E-03
    12425.00  0.4422806E-03   0.2936176E-03   0.7358982E-03
    12475.00  0.4355055E-03   0.2946318E-03   0.7301373E-03
    12525.00  0.4288930E-03   0.2948005E-03   0.7236935E-03
    12575.00  0.4222139E-03   0.2958111E-03   0.7180250E-03
    12625.00  0.4157573E-03   0.2968207E-03   0.7125780E-03
    12675.00  0.4096852E-03   0.2978290E-03   0.7075142E-03
    12725.00  0.4035464E-03   0.2988357E-03   0.7023821E-03
    12775.00  0.3960976E-03   0.2998405E-03   0.6959381E-03
    12825.00  0.3839810E-03   0.3008433E-03   0.6848243E-03
    12875.00  0.3847238E-03   0.3018438E-03   0.6865676E-03
    12925.00  0.3799917E-03   0.3028418E-03   0.6828335E-03
    12975.00  0.3745327E-03   0.3038371E-03   0.6783698E-03
    13025.00  0.3691958E-03   0.3048294E-03   0.6740252E-03
    13075.00  0.3638081E-03   0.3058141E-03   0.6696222E-03
    13125.00  0.3582126E-03   0.3067949E-03   0.6650075E-03
    13175.00  0.3530288E-03   0.3077719E-03   0.6608007E-03
    13225.00  0.3481480E-03   0.3087450E-03   0.6568930E-03
    13275.00  0.3430066E-03   0.3097139E-03   0.6527205E-03
    13325.00  0.3380838E-03   0.3106785E-03   0.6487623E-03
    13375.00  0.3332189E-03   0.3116387E-03   0.6448576E-03
    13425.00  0.3286167E-03   0.3125943E-03   0.6412110E-03
    13475.00  0.3240260E-03   0.3135452E-03   0.6375712E-03
    13525.00  0.3193966E-03   0.3144912E-03   0.6338878E-03
    13575.00  0.3147681E-03   0.3154321E-03   0.6302002E-03
    13625.00  0.3102690E-03   0.3160051E-03   0.6262741E-03
    13675.00  0.3060331E-03   0.3169347E-03   0.6229678E-03
    13725.00  0.3017669E-03   0.3178590E-03   0.6196259E-03
    13775.00  0.2976821E-03   0.3187777E-03   0.6164598E-03
    13825.00  0.2935297E-03   0.3196909E-03   0.6132206E-03
    13875.00  0.2893938E-03   0.3205984E-03   0.6099922E-03
    13925.00  0.2854517E-03   0.3215001E-03   0.6069518E-03
    13975.00  0.2816384E-03   0.3223959E-03   0.6040343E-03
    14025.00  0.2777588E-03   0.3232856E-03   0.6010444E-03
    14075.00  0.2739920E-03   0.3241694E-03   0.5981614E-03
    14125.00  0.2700834E-03   0.3211590E-03   0.5912424E-03
    14175.00  0.2666436E-03   0.3220248E-03   0.5886684E-03
    14225.00  0.2630373E-03   0.3228845E-03   0.5859218E-03
    14275.00  0.2594594E-03   0.3237379E-03   0.5831973E-03
    14325.00  0.2560858E-03   0.3245851E-03   0.5806709E-03
    14375.00  0.2526483E-03   0.3254259E-03   0.5780742E-03
    14425.00  0.2488088E-03   0.3262602E-03   0.5750690E-03
    14475.00  0.2458991E-03   0.3270881E-03   0.5729872E-03
    14525.00  0.2424702E-03   0.3279094E-03   0.5703796E-03
    14570.00  0.2397324E-03   0.3286430E-03   0.5683754E-03
    14620.00  0.2384000E-03   0.1247769E-03   0.3631769E-03
    14675.00  0.2350236E-03   0.1248691E-03   0.3598927E-03
    14725.00  0.2319516E-03   0.1237096E-03   0.3556612E-03
    14775.00  0.2289191E-03   0.1237939E-03   0.3527130E-03
    14825.00  0.2260201E-03   0.1238790E-03   0.3498991E-03
    14875.00  0.2229208E-03   0.1239647E-03   0.3468855E-03
    14925.00  0.2203550E-03   0.1240509E-03   0.3444059E-03
    14975.00  0.2174543E-03   0.1241377E-03   0.3415920E-03
    15025.00  0.2144984E-03   0.1242249E-03   0.3387233E-03
    15075.00  0.2116875E-03   0.1243125E-03   0.3360000E-03
    15125.00  0.2090473E-03   0.1244004E-03   0.3334477E-03
    15175.00  0.2064161E-03   0.1244886E-03   0.3309047E-03
    15225.00  0.2038013E-03   0.1245774E-03   0.3283787E-03
    15275.00  0.2012184E-03   0.1246668E-03   0.3258852E-03
    15325.00  0.1985769E-03   0.1247563E-03   0.3233332E-03
    15375.00  0.1962003E-03   0.1248458E-03   0.3210461E-03
    15425.00  0.1934998E-03   0.1249352E-03   0.3184350E-03
    15475.00  0.1914613E-03   0.1250247E-03   0.3164860E-03
    15525.00  0.1890347E-03   0.1251140E-03   0.3141487E-03
    15575.00  0.1861315E-03   0.1252032E-03   0.3113347E-03
    15625.00  0.1848525E-03   0.1252923E-03   0.3101448E-03
    15675.00  0.1818536E-03   0.1253811E-03   0.3072347E-03
    15725.00  0.1793479E-03   0.1254696E-03   0.3048175E-03
    15775.00  0.1781757E-03   0.1255579E-03   0.3037336E-03
    15825.00  0.1759993E-03   0.1256458E-03   0.3016451E-03
    15875.00  0.1720645E-03   0.1257333E-03   0.2977978E-03
    15925.00  0.1713737E-03   0.1258205E-03   0.2971942E-03
    15975.00  0.1700858E-03   0.1259072E-03   0.2959930E-03
    16050.00  0.1665688E-03   0.1260364E-03   0.2926052E-03
    16150.00  0.1618446E-03   0.1262068E-03   0.2880514E-03
    16250.00  0.1593720E-03   0.1263750E-03   0.2857470E-03
    16350.00  0.1551470E-03   0.1265407E-03   0.2816877E-03
    16450.00  0.1507700E-03   0.1267037E-03   0.2774737E-03
    16550.00  0.1485324E-03   0.1268638E-03   0.2753962E-03
    16650.00  0.1451225E-03   0.1270209E-03   0.2721434E-03
    16750.00  0.1412019E-03   0.1271748E-03   0.2683767E-03
    16850.00  0.1372538E-03   0.1273254E-03   0.2645792E-03
    16950.00  0.1353980E-03   0.1274724E-03   0.2628704E-03
    17050.00  0.1322610E-03   0.1276159E-03   0.2598769E-03
    17150.00  0.1294377E-03   0.1277557E-03   0.2571934E-03
    17250.00  0.1264003E-03   0.1278916E-03   0.2542919E-03
    17350.00  0.1220570E-03   0.1280236E-03   0.2500806E-03
    17450.00  0.1206131E-03   0.1281517E-03   0.2487648E-03
    17550.00  0.1182766E-03   0.1282756E-03   0.2465522E-03
    17650.00  0.1157064E-03   0.1283954E-03   0.2441018E-03
    17750.00  0.1131304E-03   0.1285110E-03   0.2416414E-03
    17850.00  0.1106944E-03   0.1286224E-03   0.2393168E-03
    17950.00  0.1083909E-03   0.1287294E-03   0.2371203E-03
    18050.00  0.1059487E-03   0.1288321E-03   0.2347808E-03
    18150.00  0.1025158E-03   0.1289304E-03   0.2314462E-03
    18250.00  0.1011851E-03   0.1290246E-03   0.2302097E-03
    18350.00  0.9944452E-04   0.1291175E-03   0.2285620E-03
    18450.00  0.9735563E-04   0.1292057E-03   0.2265613E-03
    18550.00  0.9528086E-04   0.1146685E-03   0.2099493E-03
    18650.00  0.9317062E-04   0.1147157E-03   0.2078864E-03
    18750.00  0.9027753E-04   0.1147595E-03   0.2050370E-03
    18850.00  0.8946631E-04   0.1147997E-03   0.2042660E-03
    18950.00  0.8763445E-04   0.1148363E-03   0.2024707E-03
    19050.00  0.8594022E-04   0.1148693E-03   0.2008095E-03
    19150.00  0.8426185E-04   0.1148987E-03   0.1991606E-03
    19250.00  0.8256762E-04   0.1149246E-03   0.1974922E-03
    19350.00  0.8075845E-04   0.1149469E-03   0.1957053E-03
    19450.00  0.7818779E-04   0.1149656E-03   0.1931534E-03
    19550.00  0.7763316E-04   0.1149807E-03   0.1926139E-03
    19650.00  0.7622088E-04   0.1149923E-03   0.1912132E-03
    19750.00  0.7467294E-04   0.1150003E-03   0.1896733E-03
    19850.00  0.7322677E-04   0.1150048E-03   0.1882316E-03
    19950.00  0.7181831E-04   0.1150058E-03   0.1868241E-03
    20050.00  0.7046836E-04   0.1150032E-03   0.1854716E-03
    20150.00  0.6913240E-04   0.1149972E-03   0.1841296E-03
    20250.00  0.6776949E-04   0.1148779E-03   0.1826474E-03
    20350.00  0.6652498E-04   0.1148653E-03   0.1813903E-03
    20450.00  0.6532214E-04   0.1148492E-03   0.1801714E-03
    20550.00  0.6407966E-04   0.1148298E-03   0.1789094E-03
    20650.00  0.6285815E-04   0.1148070E-03   0.1776651E-03
    20750.00  0.6165227E-04   0.1147809E-03   0.1764331E-03
    20850.00  0.6055600E-04   0.1147515E-03   0.1753075E-03
    20950.00  0.5944884E-04   0.1147188E-03   0.1741676E-03
    21050.00  0.5837700E-04   0.1146828E-03   0.1730598E-03
    21150.00  0.5726264E-04   0.1146437E-03   0.1719064E-03
    21250.00  0.5620535E-04   0.1146014E-03   0.1708068E-03
    21350.00  0.5521421E-04   0.1145560E-03   0.1697702E-03
    21450.00  0.5424531E-04   0.1145074E-03   0.1687527E-03
    21550.00  0.5322784E-04   0.1144044E-03   0.1676322E-03
    21650.00  0.5162864E-04   0.1143500E-03   0.1659787E-03
    21750.00  0.5125471E-04   0.1142927E-03   0.1655474E-03
    21850.00  0.5047562E-04   0.1142324E-03   0.1647080E-03
    21950.00  0.4962512E-04   0.1141691E-03   0.1637942E-03
    22050.00  0.4872931E-04   0.1141030E-03   0.1628323E-03
    22150.00  0.4789041E-04   0.1140340E-03   0.1619244E-03
    22250.00  0.4702701E-04   0.1134176E-03   0.1604446E-03
    22350.00  0.4623957E-04   0.1133449E-03   0.1595845E-03
    22450.00  0.4545346E-04   0.1132694E-03   0.1587229E-03
    22550.00  0.4466438E-04   0.1131912E-03   0.1578556E-03
    22650.00  0.4388014E-04   0.1131104E-03   0.1569905E-03
    22750.00  0.4315009E-04   0.1130269E-03   0.1561770E-03
    22850.00  0.4252133E-04   0.6922591E-04   0.1117472E-03
    22950.00  0.4176779E-04   0.6894047E-04   0.1107083E-03
    23050.00  0.4110246E-04   0.6886602E-04   0.1099685E-03
    23150.00  0.4041762E-04   0.6879069E-04   0.1092083E-03
    23250.00  0.3969042E-04   0.6871446E-04   0.1084049E-03
    23350.00  0.3907320E-04   0.6863735E-04   0.1077106E-03
    23450.00  0.3845859E-04   0.6855938E-04   0.1070180E-03
    23550.00  0.3778487E-04   0.6848053E-04   0.1062654E-03
    23650.00  0.3718479E-04   0.6840084E-04   0.1055856E-03
    23750.00  0.3656022E-04   0.6832029E-04   0.1048805E-03
    23850.00  0.3594756E-04   0.6823891E-04   0.1041865E-03
    23950.00  0.3539811E-04   0.6815670E-04   0.1035548E-03
    24050.00  0.3482912E-04   0.6807368E-04   0.1029028E-03
    24150.00  0.3423248E-04   0.6798984E-04   0.1022223E-03
    24250.00  0.3368166E-04   0.6790520E-04   0.1015869E-03
    24350.00  0.3316423E-04   0.6781978E-04   0.1009840E-03
    24450.00  0.3262928E-04   0.6773358E-04   0.1003629E-03
    24550.00  0.3212140E-04   0.6764661E-04   0.9976801E-04
    24650.00  0.3161188E-04   0.6755888E-04   0.9917076E-04
    24750.00  0.3109215E-04   0.6747041E-04   0.9856256E-04
    24850.00  0.3063625E-04   0.6738120E-04   0.9801745E-04
    24950.00  0.3011729E-04   0.6729127E-04   0.9740856E-04
    25050.00  0.2977375E-04   0.6720062E-04   0.9697437E-04
    25150.00  0.2926349E-04   0.6710927E-04   0.9637276E-04
    25250.00  0.2871092E-04   0.6701722E-04   0.9572814E-04
    25350.00  0.2836767E-04   0.6692450E-04   0.9529217E-04
    25450.00  0.2797109E-04   0.6683111E-04   0.9480220E-04
    25550.00  0.2751221E-04   0.6673706E-04   0.9424927E-04
    25650.00  0.2698650E-04   0.6664236E-04   0.9362886E-04
    25750.00  0.2669327E-04   0.6654702E-04   0.9324029E-04
    25850.00  0.2632079E-04   0.6645106E-04   0.9277185E-04
    25950.00  0.2594111E-04   0.6635449E-04   0.9229560E-04
    26050.00  0.2550049E-04   0.6625732E-04   0.9175781E-04
    26150.00  0.2499989E-04   0.6615955E-04   0.9115944E-04
    26250.00  0.2446118E-04   0.6606121E-04   0.9052239E-04
    26350.00  0.2439341E-04   0.6596229E-04   0.9035570E-04
    26450.00  0.2408910E-04   0.6586282E-04   0.8995192E-04
    26550.00  0.2374017E-04   0.6576280E-04   0.8950297E-04
    26650.00  0.2335157E-04   0.6566225E-04   0.8901382E-04
    26750.00  0.2286182E-04   0.6556117E-04   0.8842299E-04
    26850.00  0.2269258E-04   0.6545958E-04   0.8815216E-04
    26950.00  0.2240754E-04   0.6535749E-04   0.8776503E-04
    27050.00  0.2209167E-04   0.6525490E-04   0.8734657E-04
    27150.00  0.2177316E-04   0.6515183E-04   0.8692499E-04
    27250.00  0.2145430E-04   0.6504829E-04   0.8650259E-04
    27350.00  0.2115600E-04   0.6494429E-04   0.8610029E-04
    27450.00  0.2084491E-04   0.6483985E-04   0.8568476E-04
    27550.00  0.2039529E-04   0.6473496E-04   0.8513025E-04
    27650.00  0.2019372E-04   0.6103422E-04   0.8122794E-04
    27750.00  0.1997837E-04   0.6093348E-04   0.8091185E-04
    27850.00  0.1971838E-04   0.6083237E-04   0.8055075E-04
    27950.00  0.1945256E-04   0.6073092E-04   0.8018348E-04
    28050.00  0.1918342E-04   0.6062912E-04   0.7981254E-04
    28150.00  0.1891576E-04   0.6052700E-04   0.7944276E-04
    28250.00  0.1864872E-04   0.6042455E-04   0.7907327E-04
    28350.00  0.1840182E-04   0.6032179E-04   0.7872361E-04
    28450.00  0.1815007E-04   0.6021872E-04   0.7836879E-04
    28550.00  0.1789837E-04   0.6011535E-04   0.7801372E-04
    28650.00  0.1760353E-04   0.6001170E-04   0.7761523E-04
    28750.00  0.1723270E-04   0.5990777E-04   0.7714047E-04
    28850.00  0.1716470E-04   0.5980356E-04   0.7696826E-04
    28950.00  0.1695728E-04   0.5969909E-04   0.7665637E-04
    29050.00  0.1673652E-04   0.5959437E-04   0.7633089E-04
    29150.00  0.1650896E-04   0.5948939E-04   0.7599835E-04
    29250.00  0.1628340E-04   0.5938418E-04   0.7566758E-04
    29350.00  0.1607658E-04   0.5927874E-04   0.7535532E-04
    29450.00  0.1586686E-04   0.5917307E-04   0.7503993E-04
    29550.00  0.1566022E-04   0.5906718E-04   0.7472740E-04
    29650.00  0.1545344E-04   0.5896109E-04   0.7441453E-04
    29750.00  0.1524680E-04   0.5883353E-04   0.7408033E-04
    29850.00  0.1505366E-04   0.5872707E-04   0.7378073E-04
    29950.00  0.1486045E-04   0.5862043E-04   0.7348088E-04
    30050.00  0.1466853E-04   0.5851361E-04   0.7318214E-04
    30150.00  0.1447561E-04   0.5840662E-04   0.7288223E-04
    30250.00  0.1427377E-04   0.5829946E-04   0.7257323E-04
    30350.00  0.1397981E-04   0.5819215E-04   0.7217196E-04
    30450.00  0.1385191E-04   0.5808468E-04   0.7193659E-04
    30550.00  0.1374579E-04   0.5797707E-04   0.7172286E-04
    30650.00  0.1357810E-04   0.5786932E-04   0.7144742E-04
    30750.00  0.1340456E-04   0.5776144E-04   0.7116600E-04
    30850.00  0.1323710E-04   0.5765344E-04   0.7089054E-04
    30950.00  0.1307612E-04   0.5754532E-04   0.7062144E-04
    31050.00  0.1291377E-04   0.5743708E-04   0.7035085E-04
    31150.00  0.1274670E-04   0.5732874E-04   0.7007544E-04
    31250.00  0.1258778E-04   0.5722030E-04   0.6980808E-04
    31350.00  0.1243695E-04   0.5710076E-04   0.6953771E-04
    31450.00  0.1228529E-04   0.5699218E-04   0.6927747E-04
    31550.00  0.1213397E-04   0.5688352E-04   0.6901749E-04
    31650.00  0.1198415E-04   0.5677479E-04   0.6875894E-04
    31750.00  0.1183412E-04   0.5666598E-04   0.6850010E-04
    31850.00  0.1169573E-04   0.5655711E-04   0.6825284E-04
    31950.00  0.1155723E-04   0.5644818E-04   0.6800541E-04
    32100.00  0.1134905E-04   0.5617513E-04   0.6752418E-04
    32300.00  0.1107425E-04   0.5595788E-04   0.6703213E-04
    32500.00  0.1081325E-04   0.5574049E-04   0.6655374E-04
    32700.00  0.1056410E-04   0.5552299E-04   0.6608709E-04
    32900.00  0.1024328E-04   0.4296911E-04   0.5321239E-04
    33100.00  0.1005510E-04   0.4275146E-04   0.5280656E-04
    33300.00  0.9831425E-05   0.4258269E-04   0.5241412E-04
    33500.00  0.9607301E-05   0.4241408E-04   0.5202138E-04
    33700.00  0.9394708E-05   0.4224563E-04   0.5164034E-04
    33900.00  0.9184565E-05   0.4207739E-04   0.5126195E-04
    34100.00  0.8975259E-05   0.4190936E-04   0.5088462E-04
    34300.00  0.8769355E-05   0.4174156E-04   0.5051092E-04
    34500.00  0.8563595E-05   0.4157403E-04   0.5013762E-04
    34700.00  0.8375688E-05   0.4140676E-04   0.4978245E-04
    34900.00  0.8189520E-05   0.4123979E-04   0.4942931E-04
    35100.00  0.8009047E-05   0.4107313E-04   0.4908218E-04
    35300.00  0.7834114E-05   0.4090679E-04   0.4874091E-04
    35500.00  0.7661101E-05   0.4074080E-04   0.4840190E-04
    35700.00  0.7501041E-05   0.4057517E-04   0.4807621E-04
    35900.00  0.7344020E-05   0.4040991E-04   0.4775393E-04
    36100.00  0.7185647E-05   0.4024504E-04   0.4743068E-04
    36300.00  0.7031696E-05   0.4008057E-04   0.4711226E-04
    36500.00  0.6872281E-05   0.3991651E-04   0.4678879E-04
    36700.00  0.6737962E-05   0.3975289E-04   0.4649085E-04
    36900.00  0.6591011E-05   0.3958971E-04   0.4618072E-04
    37100.00  0.6458773E-05   0.3942698E-04   0.4588575E-04
    37300.00  0.6302365E-05   0.3926472E-04   0.4556708E-04
    37500.00  0.6150586E-05   0.3910293E-04   0.4525352E-04
    37700.00  0.6067348E-05   0.3894163E-04   0.4500898E-04
    37900.00  0.5948808E-05   0.3878083E-04   0.4472964E-04
    38100.00  0.5819133E-05   0.3862054E-04   0.4443967E-04
    38300.00  0.5701393E-05   0.3846077E-04   0.4416216E-04
    38500.00  0.5591013E-05   0.3830152E-04   0.4389253E-04
    38700.00  0.5483004E-05   0.3702585E-04   0.4250885E-04
    38900.00  0.5372074E-05   0.3687255E-04   0.4224462E-04
    39100.00  0.5254017E-05   0.3671978E-04   0.4197380E-04
    39300.00  0.5163654E-05   0.3656757E-04   0.4173122E-04
    39500.00  0.5059699E-05   0.3641590E-04   0.4147560E-04
    39700.00  0.4965730E-05   0.3626480E-04   0.4123053E-04
    39900.00  0.4869570E-05   0.3611426E-04   0.4098383E-04
    40100.00  0.4765713E-05   0.3596429E-04   0.4073001E-04
    40300.00  0.4669126E-05   0.3581490E-04   0.4048403E-04
    40500.00  0.4559328E-05   0.3566610E-04   0.4022542E-04
    40700.00  0.4504896E-05   0.3551787E-04   0.4002277E-04
    40900.00  0.4423706E-05   0.3537024E-04   0.3979395E-04
    41100.00  0.4341241E-05   0.3521797E-04   0.3955921E-04
    41300.00  0.4258296E-05   0.3507156E-04   0.3932985E-04
    41500.00  0.4173242E-05   0.3492575E-04   0.3909899E-04
    41700.00  0.4080890E-05   0.3478054E-04   0.3886143E-04
    41900.00  0.4023944E-05   0.3463595E-04   0.3865989E-04
    42100.00  0.3952558E-05   0.3449197E-04   0.3844453E-04
    42300.00  0.3880574E-05   0.3434861E-04   0.3822919E-04
    42500.00  0.3806879E-05   0.3420587E-04   0.3801275E-04
    42700.00  0.3740947E-05   0.3406375E-04   0.3780470E-04
    42900.00  0.3671290E-05   0.3392226E-04   0.3759355E-04
    43100.00  0.3602770E-05   0.3377866E-04   0.3738143E-04
    43300.00  0.3538714E-05   0.3363841E-04   0.3717712E-04
    43500.00  0.3469046E-05   0.3349879E-04   0.3696783E-04
    43700.00  0.3392290E-05   0.3335980E-04   0.3675209E-04
    43900.00  0.3344621E-05   0.3319315E-04   0.3653777E-04
    44100.00  0.3290501E-05   0.3305566E-04   0.3634616E-04
    44300.00  0.3231485E-05   0.3291881E-04   0.3615029E-04
    44500.00  0.3173661E-05   0.3278259E-04   0.3595625E-04
    44700.00  0.3121749E-05   0.3169246E-04   0.3481421E-04
    44900.00  0.3069022E-05   0.2828781E-04   0.3135683E-04
    45100.00  0.3016940E-05   0.2817248E-04   0.3118942E-04
    45300.00  0.2964610E-05   0.2805770E-04   0.3102231E-04
    45500.00  0.2912896E-05   0.2794348E-04   0.3085637E-04
    45700.00  0.2865463E-05   0.2782980E-04   0.3069526E-04
    45900.00  0.2816707E-05   0.2771667E-04   0.3053337E-04
    46100.00  0.2770694E-05   0.2760409E-04   0.3037478E-04
    46300.00  0.2722436E-05   0.2749205E-04   0.3021449E-04
    46500.00  0.2655559E-05   0.2738057E-04   0.3003613E-04
    46700.00  0.2616401E-05   0.2726963E-04   0.2988603E-04
    46900.00  0.2589322E-05   0.2715924E-04   0.2974857E-04
    47100.00  0.2550486E-05   0.2704940E-04   0.2959989E-04
    47300.00  0.2509639E-05   0.2694010E-04   0.2944974E-04
    47500.00  0.2466372E-05   0.2683135E-04   0.2929772E-04
    47700.00  0.2428825E-05   0.2672314E-04   0.2915196E-04
    47900.00  0.2390746E-05   0.2661547E-04   0.2900621E-04
    48100.00  0.2351429E-05   0.2650834E-04   0.2885977E-04
    48300.00  0.2314958E-05   0.2640175E-04   0.2871671E-04
    48500.00  0.2276148E-05   0.2629570E-04   0.2857185E-04
    48700.00  0.2241733E-05   0.2619019E-04   0.2843192E-04
    48900.00  0.2207560E-05   0.2608522E-04   0.2829278E-04
    49100.00  0.2173406E-05   0.2598077E-04   0.2815418E-04
    49300.00  0.2140361E-05   0.2587687E-04   0.2801723E-04
    49500.00  0.2106322E-05   0.2577349E-04   0.2787981E-04
    49700.00  0.2073531E-05   0.2567065E-04   0.2774418E-04
    49900.00  0.2039670E-05   0.2556833E-04   0.2760800E-04
    50100.00  0.2017616E-05   0.2546654E-04   0.2748415E-04
    50300.00  0.2006786E-05   0.2536527E-04   0.2737206E-04
    50500.00  0.1995755E-05   0.2526453E-04   0.2726029E-04
    50700.00  0.1985376E-05   0.2516431E-04   0.2714969E-04
    50900.00  0.1974820E-05   0.2506461E-04   0.2703943E-04
    51100.00  0.1962151E-05   0.2496543E-04   0.2692758E-04
    51300.00  0.1940441E-05   0.2486677E-04   0.2680721E-04
    51500.00  0.1942644E-05   0.2435748E-04   0.2630012E-04
    51700.00  0.1934332E-05   0.2426164E-04   0.2619597E-04
    51900.00  0.1924222E-05   0.2416630E-04   0.2609052E-04
    52100.00  0.1914504E-05   0.2407146E-04   0.2598596E-04
    52300.00  0.1904740E-05   0.2397711E-04   0.2588185E-04
    52500.00  0.1895428E-05   0.2388327E-04   0.2577869E-04
    52700.00  0.1886133E-05   0.2378991E-04   0.2567604E-04
    52900.00  0.1876433E-05   0.2369704E-04   0.2557348E-04
    53100.00  0.1867273E-05   0.2360467E-04   0.2547194E-04
    53300.00  0.1858146E-05   0.2351278E-04   0.2537092E-04
    53500.00  0.1849114E-05   0.2342137E-04   0.2527049E-04
    53700.00  0.1840107E-05   0.2333045E-04   0.2517056E-04
    53900.00  0.1831240E-05   0.2324001E-04   0.2507125E-04
    54100.00  0.1822392E-05   0.2315004E-04   0.2497244E-04
    54300.00  0.1813287E-05   0.2305888E-04   0.2487217E-04
    54500.00  0.1804788E-05   0.2296984E-04   0.2477463E-04
    54700.00  0.1796003E-05   0.2288128E-04   0.2467728E-04
    54900.00  0.1787433E-05   0.2279319E-04   0.2458062E-04
    55100.00  0.1778947E-05   0.2270556E-04   0.2448451E-04
    55300.00  0.1770773E-05   0.2261840E-04   0.2438917E-04
    55500.00  0.1762049E-05   0.2253170E-04   0.2429375E-04
    55700.00  0.1753999E-05   0.2244546E-04   0.2419946E-04
    55900.00  0.1745532E-05   0.2235969E-04   0.2410522E-04
    56100.00  0.1737491E-05   0.2227436E-04   0.2401185E-04
    56300.00  0.1729303E-05   0.2218949E-04   0.2391880E-04
    56500.00  0.1721443E-05   0.2210438E-04   0.2382583E-04
    56700.00  0.1713465E-05   0.2202037E-04   0.2373384E-04
    56900.00  0.1705382E-05   0.2193681E-04   0.2364219E-04
    57100.00  0.1697715E-05   0.2185370E-04   0.2355141E-04
    57300.00  0.1689875E-05   0.2177102E-04   0.2346090E-04
    57500.00  0.1682124E-05   0.2168003E-04   0.2336215E-04
    57700.00  0.1674378E-05   0.2159832E-04   0.2327270E-04
    57900.00  0.1666821E-05   0.2151706E-04   0.2318388E-04
    58100.00  0.1659182E-05   0.2143622E-04   0.2309540E-04
    58300.00  0.1651685E-05   0.2135581E-04   0.2300750E-04
    58500.00  0.1644489E-05   0.1960844E-04   0.2125293E-04
    58700.00  0.1636812E-05   0.1953146E-04   0.2116827E-04
    58900.00  0.1628005E-05   0.1945940E-04   0.2108741E-04
    59100.00  0.1613675E-05   0.1938773E-04   0.2100140E-04
    59300.00  0.1614087E-05   0.1931643E-04   0.2093052E-04
    59500.00  0.1607561E-05   0.1924551E-04   0.2085308E-04
    59700.00  0.1600591E-05   0.1917497E-04   0.2077556E-04
    59900.00  0.1593425E-05   0.1910480E-04   0.2069823E-04
    60100.00  0.1586314E-05   0.1903500E-04   0.2062132E-04
    60300.00  0.1579288E-05   0.1896557E-04   0.2054486E-04
    60500.00  0.1572230E-05   0.1889651E-04   0.2046874E-04
    60700.00  0.1565234E-05   0.1882781E-04   0.2039304E-04
    60900.00  0.1558280E-05   0.1875947E-04   0.2031775E-04
    61100.00  0.1551287E-05   0.1869150E-04   0.2024278E-04
    61300.00  0.1544546E-05   0.1862388E-04   0.2016843E-04
    61500.00  0.1537733E-05   0.1855662E-04   0.2009435E-04
    61700.00  0.1530961E-05   0.1848971E-04   0.2002067E-04
    61900.00  0.1524232E-05   0.1842316E-04   0.1994739E-04
    62100.00  0.1517527E-05   0.1835696E-04   0.1987448E-04
    62300.00  0.1510754E-05   0.1829110E-04   0.1980186E-04
    62500.00  0.1504143E-05   0.1822559E-04   0.1972974E-04
    62700.00  0.1497536E-05   0.1816043E-04   0.1965797E-04
    62900.00  0.1491016E-05   0.1809561E-04   0.1958663E-04
    63100.00  0.1484408E-05   0.1803113E-04   0.1951554E-04
    63300.00  0.1477997E-05   0.1796699E-04   0.1944498E-04
    63500.00  0.1471476E-05   0.1790318E-04   0.1937466E-04
    63700.00  0.1465077E-05   0.1783971E-04   0.1930478E-04
    63900.00  0.1458622E-05   0.1777657E-04   0.1923519E-04
    64200.00  0.1449086E-05   0.1768248E-04   0.1913156E-04
    64600.00  0.1436426E-05   0.1755817E-04   0.1899460E-04
    65000.00  0.1423882E-05   0.1743516E-04   0.1885904E-04
    65400.00  0.1411480E-05   0.1731343E-04   0.1872491E-04
    65800.00  0.1399173E-05   0.1719296E-04   0.1859213E-04
    66200.00  0.1386924E-05   0.1690267E-04   0.1828959E-04
    66600.00  0.1374827E-05   0.1678605E-04   0.1816088E-04
    67000.00  0.1362802E-05   0.1667063E-04   0.1803344E-04
    67400.00  0.1350847E-05   0.1655641E-04   0.1790726E-04
    67800.00  0.1339017E-05   0.1644336E-04   0.1778238E-04
    68200.00  0.1327256E-05   0.1633148E-04   0.1765873E-04
    68600.00  0.1315587E-05   0.1622074E-04   0.1753632E-04
    69000.00  0.1303976E-05   0.1611113E-04   0.1741511E-04
    69400.00  0.1292461E-05   0.1600199E-04   0.1729445E-04
    69800.00  0.1281028E-05   0.1589459E-04   0.1717562E-04
    70200.00  0.1269637E-05   0.1578829E-04   0.1705792E-04
    70600.00  0.1258350E-05   0.1568306E-04   0.1694141E-04
    71000.00  0.1247139E-05   0.1557891E-04   0.1682605E-04
    71400.00  0.1235964E-05   0.1547580E-04   0.1671177E-04
    71800.00  0.1224868E-05   0.1537363E-04   0.1659849E-04
    72200.00  0.1213805E-05   0.1527258E-04   0.1648639E-04
    72600.00  0.1202826E-05   0.1517256E-04   0.1637539E-04
    73000.00  0.1191913E-05   0.1507040E-04   0.1626231E-04
    73400.00  0.1181035E-05   0.1497238E-04   0.1615342E-04
    73800.00  0.1170231E-05   0.1487535E-04   0.1604558E-04
    74200.00  0.1159300E-05   0.1404641E-04   0.1520571E-04
    74600.00  0.1146562E-05   0.1395687E-04   0.1510343E-04
    75000.00  0.1135886E-05   0.1386821E-04   0.1500410E-04
    75400.00  0.1127323E-05   0.1378043E-04   0.1490775E-04
    75800.00  0.1116904E-05   0.1369350E-04   0.1481041E-04
    76200.00  0.1106381E-05   0.1360743E-04   0.1471381E-04
    76600.00  0.1095901E-05   0.1352220E-04   0.1461810E-04
    77000.00  0.1085460E-05   0.1343780E-04   0.1452326E-04
    77400.00  0.1075059E-05   0.1335422E-04   0.1442928E-04
    77800.00  0.1064701E-05   0.1327146E-04   0.1433616E-04
    78200.00  0.1054375E-05   0.1318949E-04   0.1424387E-04
    78600.00  0.1044092E-05   0.1310832E-04   0.1415241E-04
    79000.00  0.1033842E-05   0.1302792E-04   0.1406177E-04
    79400.00  0.1023631E-05   0.1294830E-04   0.1397194E-04
    79800.00  0.1013442E-05   0.1286945E-04   0.1388289E-04
    80200.00  0.1003287E-05   0.1279135E-04   0.1379463E-04
    80600.00  0.9931689E-06   0.1271399E-04   0.1370716E-04
    81000.00  0.9830899E-06   0.1263737E-04   0.1362046E-04
    81400.00  0.9730217E-06   0.1256147E-04   0.1353449E-04
    81800.00  0.9629963E-06   0.1248629E-04   0.1344929E-04
    82200.00  0.9530013E-06   0.1241183E-04   0.1336483E-04
    82600.00  0.9430262E-06   0.1225930E-04   0.1320233E-04
    83000.00  0.9330844E-06   0.1218679E-04   0.1311987E-04
    83400.00  0.9231515E-06   0.1211495E-04   0.1303810E-04
    83800.00  0.9132531E-06   0.1204378E-04   0.1295703E-04
    84200.00  0.9033928E-06   0.1197328E-04   0.1287667E-04
    84600.00  0.8935475E-06   0.1190343E-04   0.1279697E-04
    85000.00  0.8837250E-06   0.1183422E-04   0.1271795E-04
    85400.00  0.8739272E-06   0.1176566E-04   0.1263959E-04
    85800.00  0.8641462E-06   0.1169773E-04   0.1256187E-04
    86200.00  0.8543900E-06   0.1163020E-04   0.1248459E-04
    86600.00  0.8446506E-06   0.1156351E-04   0.1240816E-04
    87000.00  0.8349361E-06   0.1149743E-04   0.1233236E-04
    87400.00  0.8252368E-06   0.1143195E-04   0.1225718E-04
    87800.00  0.8155610E-06   0.1136706E-04   0.1218262E-04
    88200.00  0.8059005E-06   0.1130277E-04   0.1210867E-04
    88600.00  0.7962596E-06   0.1123905E-04   0.1203531E-04
    89000.00  0.7866337E-06   0.1117580E-04   0.1196243E-04
    89400.00  0.7770320E-06   0.1111323E-04   0.1189026E-04
    89800.00  0.7674344E-06   0.1105122E-04   0.1181865E-04
    90200.00  0.7578680E-06   0.1098848E-04   0.1174635E-04
    90600.00  0.7483135E-06   0.1092759E-04   0.1167590E-04
    91000.00  0.7387633E-06   0.1086724E-04   0.1160600E-04
    91400.00  0.7292396E-06   0.1045504E-04   0.1118428E-04
    91800.00  0.7197301E-06   0.1039737E-04   0.1111710E-04
    92200.00  0.7102343E-06   0.1034092E-04   0.1105115E-04
    92600.00  0.7007479E-06   0.1028496E-04   0.1098571E-04
    93000.00  0.6912770E-06   0.1022949E-04   0.1092077E-04
    93400.00  0.6818201E-06   0.1017451E-04   0.1085633E-04
    93800.00  0.6723749E-06   0.1012000E-04   0.1079238E-04
    94200.00  0.6629448E-06   0.1006597E-04   0.1072891E-04
    94600.00  0.6535223E-06   0.1001240E-04   0.1066593E-04
    95000.00  0.6441129E-06   0.9959300E-05   0.1060341E-04
    95400.00  0.6347149E-06   0.9906654E-05   0.1054137E-04
    95800.00  0.6253327E-06   0.9854460E-05   0.1047979E-04
    96200.00  0.6159576E-06   0.9802713E-05   0.1041867E-04
    96600.00  0.6065939E-06   0.9751408E-05   0.1035800E-04
    97000.00  0.5972411E-06   0.9700540E-05   0.1029778E-04
    97400.00  0.5878934E-06   0.9650104E-05   0.1023800E-04
    97800.00  0.5785650E-06   0.9600094E-05   0.1017866E-04
    98200.00  0.5692434E-06   0.9550507E-05   0.1011975E-04
    98600.00  0.5599305E-06   0.9501338E-05   0.1006127E-04
    99000.00  0.5506240E-06   0.9452582E-05   0.1000321E-04
    99400.00  0.5413289E-06   0.9404234E-05   0.9945563E-05
    99800.00  0.5320419E-06   0.9356290E-05   0.9888332E-05
   100200.00  0.5227648E-06   0.2765168E-05   0.3287933E-05
   200000.00  0.2649349E-07   0.6940600E-06   0.7205535E-06
   400000.00  0.2501856E-08   0.1735150E-06   0.1760169E-06
   600000.00  0.2246893E-09   0.7711778E-07   0.7734247E-07
   800000.00  0.1288951E-09   0.4337875E-07   0.4350765E-07
  1000000.00  0.4333685E-10   0.2776240E-07   0.2780574E-07
  1200000.00  0.4123885E-10   0.1927945E-07   0.1932068E-07
  1400000.00  0.3992014E-10   0.1416449E-07   0.1420441E-07
  1600000.00  0.3890078E-10   0.1084469E-07   0.1088359E-07
