       91.00  0.8849115E-08   0.0000000E+00   0.8849115E-08
       94.00  0.6161040E-07   0.0000000E+00   0.6161040E-07
       96.00  0.9605254E-07   0.0000000E+00   0.9605254E-07
       98.00  0.2530916E-06   0.0000000E+00   0.2530916E-06
      100.00  0.3964082E-06   0.0000000E+00   0.3964082E-06
      102.00  0.2043549E-06   0.0000000E+00   0.2043549E-06
      104.00  0.3003809E-06   0.0000000E+00   0.3003809E-06
      106.00  0.3635812E-06   0.0000000E+00   0.3635812E-06
      108.00  0.5716749E-06   0.0000000E+00   0.5716749E-06
      110.00  0.6056230E-06   0.0000000E+00   0.6056230E-06
      114.00  0.4574763E-06   0.0000000E+00   0.4574763E-06
      118.00  0.4201328E-06   0.0000000E+00   0.4201328E-06
      121.00  0.6614733E-06   0.0000000E+00   0.6614733E-06
      125.00  0.7855714E-06   0.0000000E+00   0.7855714E-06
      127.00  0.6517992E-06   0.0000000E+00   0.6517992E-06
      128.00  0.7348533E-06   0.0000000E+00   0.7348533E-06
      131.00  0.6326299E-06   0.0000000E+00   0.6326299E-06
      132.00  0.6929799E-06   0.0000000E+00   0.6929799E-06
      134.00  0.7487312E-06   0.0000000E+00   0.7487312E-06
      137.00  0.7096161E-06   0.0000000E+00   0.7096161E-06
      140.00  0.6924350E-06   0.0000000E+00   0.6924350E-06
      143.00  0.6322825E-06   0.0000000E+00   0.6322825E-06
      147.00  0.4955251E-06   0.0000000E+00   0.4955251E-06
      151.00  0.5098449E-06   0.0000000E+00   0.5098449E-06
      155.00  0.5265234E-06   0.0000000E+00   0.5265234E-06
      159.00  0.5703349E-06   0.0000000E+00   0.5703349E-06
      162.00  0.5718127E-06   0.0000000E+00   0.5718127E-06
      166.00  0.5975626E-06   0.0000000E+00   0.5975626E-06
      170.00  0.4922251E-06   0.0000000E+00   0.4922251E-06
      173.00  0.5345588E-06   0.0000000E+00   0.5345588E-06
      177.00  0.4872286E-06   0.0000000E+00   0.4872286E-06
      180.00  0.5356425E-06   0.0000000E+00   0.5356425E-06
      182.00  0.5736956E-06   0.0000000E+00   0.5736956E-06
      186.00  0.5623730E-06   0.0000000E+00   0.5623730E-06
      191.00  0.5332496E-06   0.0000000E+00   0.5332496E-06
      194.00  0.5677596E-06   0.0000000E+00   0.5677596E-06
      198.00  0.5666003E-06   0.0000000E+00   0.5666003E-06
      202.00  0.5955165E-06   0.0000000E+00   0.5955165E-06
      205.00  0.5539406E-06   0.0000000E+00   0.5539406E-06
      210.00  0.5270709E-06   0.0000000E+00   0.5270709E-06
      216.00  0.5332579E-06   0.0000000E+00   0.5332579E-06
      220.00  0.4706072E-06   0.0000000E+00   0.4706072E-06
      223.00  0.4746103E-06   0.0000000E+00   0.4746103E-06
      227.00  0.5242028E-06   0.0000000E+00   0.5242028E-06
      228.00  0.5445036E-06   0.0000000E+00   0.5445036E-06
      228.00  0.3797448E-06   0.0000000E+00   0.3797448E-06
      230.00  0.6395285E-06   0.0000000E+00   0.6395285E-06
      234.00  0.1159096E-05   0.0000000E+00   0.1159096E-05
      240.00  0.1884864E-05   0.0000000E+00   0.1884864E-05
      246.00  0.2261787E-05   0.0000000E+00   0.2261787E-05
      252.00  0.2972883E-05   0.0000000E+00   0.2972883E-05
      257.00  0.2114111E-05   0.0000000E+00   0.2114111E-05
      260.00  0.2982789E-05   0.0000000E+00   0.2982789E-05
      264.00  0.3042717E-05   0.0000000E+00   0.3042717E-05
      269.00  0.3025316E-05   0.0000000E+00   0.3025316E-05
      274.00  0.3159282E-05   0.0000000E+00   0.3159282E-05
      279.00  0.2703826E-05   0.0000000E+00   0.2703826E-05
      284.00  0.2738164E-05   0.0000000E+00   0.2738164E-05
      290.00  0.2471742E-05   0.0000000E+00   0.2471742E-05
      296.00  0.2354450E-05   0.0000000E+00   0.2354450E-05
      301.00  0.1825694E-05   0.0000000E+00   0.1825694E-05
      308.00  0.2076240E-05   0.0000000E+00   0.2076240E-05
      318.00  0.2304659E-05   0.0000000E+00   0.2304659E-05
      328.00  0.2287794E-05   0.0000000E+00   0.2287794E-05
      338.00  0.2032208E-05   0.0000000E+00   0.2032208E-05
      348.00  0.1873147E-05   0.0000000E+00   0.1873147E-05
      353.30  0.1827981E-05   0.0000000E+00   0.1827981E-05
      353.30  0.1758006E-05   0.0000000E+00   0.1758006E-05
      357.00  0.1734669E-05   0.0000000E+00   0.1734669E-05
      366.00  0.1677903E-05   0.0000000E+00   0.1677903E-05
      375.00  0.1636800E-05   0.0000000E+00   0.1636800E-05
      385.00  0.1474531E-05   0.0000000E+00   0.1474531E-05
      395.00  0.1402178E-05   0.0000000E+00   0.1402178E-05
      405.00  0.1350763E-05   0.0000000E+00   0.1350763E-05
      414.00  0.1336937E-05   0.0000000E+00   0.1336937E-05
      422.00  0.1216899E-05   0.0000000E+00   0.1216899E-05
      430.00  0.1143367E-05   0.0000000E+00   0.1143367E-05
      441.00  0.1098276E-05   0.0000000E+00   0.1098276E-05
      451.00  0.1130702E-05   0.0000000E+00   0.1130702E-05
      460.00  0.1009242E-05   0.0000000E+00   0.1009242E-05
      470.00  0.9951298E-06   0.0000000E+00   0.9951298E-06
      480.00  0.9615458E-06   0.0000000E+00   0.9615458E-06
      490.00  0.8757725E-06   0.0000000E+00   0.8757725E-06
      500.00  0.8933301E-06   0.0000000E+00   0.8933301E-06
      504.60  0.9292858E-06   0.0000000E+00   0.9292858E-06
      504.60  0.8168843E-06   0.0000000E+00   0.8168843E-06
      506.00  0.8211012E-06   0.0000000E+00   0.8211012E-06
      512.00  0.8337520E-06   0.0000000E+00   0.8337520E-06
      520.00  0.8066464E-06   0.0000000E+00   0.8066464E-06
      530.00  0.7574036E-06   0.0000000E+00   0.7574036E-06
      540.00  0.6374397E-06   0.0000000E+00   0.6374397E-06
      550.00  0.5931760E-06   0.0000000E+00   0.5931760E-06
      560.00  0.6439343E-06   0.0000000E+00   0.6439343E-06
      570.00  0.6051766E-06   0.0000000E+00   0.6051766E-06
      580.00  0.5913734E-06   0.0000000E+00   0.5913734E-06
      590.00  0.5964148E-06   0.0000000E+00   0.5964148E-06
      600.00  0.5127228E-06   0.0000000E+00   0.5127228E-06
      610.00  0.5187622E-06   0.0000000E+00   0.5187622E-06
      620.00  0.4633952E-06   0.0000000E+00   0.4633952E-06
      630.00  0.4432975E-06   0.0000000E+00   0.4432975E-06
      640.00  0.4707614E-06   0.0000000E+00   0.4707614E-06
      650.00  0.4469697E-06   0.0000000E+00   0.4469697E-06
      658.00  0.4191771E-06   0.0000000E+00   0.4191771E-06
      665.00  0.3738535E-06   0.0000000E+00   0.3738535E-06
      675.00  0.4102545E-06   0.0000000E+00   0.4102545E-06
      685.00  0.3878626E-06   0.0000000E+00   0.3878626E-06
      695.00  0.3641190E-06   0.0000000E+00   0.3641190E-06
      705.00  0.3368201E-06   0.0000000E+00   0.3368201E-06
      716.00  0.3540963E-06   0.0000000E+00   0.3540963E-06
      726.00  0.3426590E-06   0.0000000E+00   0.3426590E-06
      735.00  0.3166013E-06   0.0000000E+00   0.3166013E-06
      745.00  0.2993856E-06   0.0000000E+00   0.2993856E-06
      755.00  0.2446958E-06   0.0000000E+00   0.2446958E-06
      765.00  0.2574900E-06   0.0000000E+00   0.2574900E-06
      775.00  0.2847611E-06   0.0000000E+00   0.2847611E-06
      785.00  0.2077421E-06   0.0000000E+00   0.2077421E-06
      795.00  0.2563254E-06   0.0000000E+00   0.2563254E-06
      805.00  0.2529589E-06   0.0000000E+00   0.2529589E-06
      815.00  0.2442852E-06   0.0000000E+00   0.2442852E-06
      825.00  0.2331510E-06   0.0000000E+00   0.2331510E-06
      835.00  0.2035314E-06   0.0000000E+00   0.2035314E-06
      845.00  0.2220888E-06   0.0000000E+00   0.2220888E-06
      855.00  0.2175668E-06   0.0000000E+00   0.2175668E-06
      865.00  0.2071731E-06   0.0000000E+00   0.2071731E-06
      875.00  0.1940478E-06   0.0000000E+00   0.1940478E-06
      885.00  0.1966786E-06   0.0000000E+00   0.1966786E-06
      895.00  0.1904887E-06   0.0000000E+00   0.1904887E-06
      905.00  0.1798933E-06   0.0000000E+00   0.1798933E-06
      912.40  0.1692164E-06   0.2782410E-12   0.1692167E-06
      912.40  0.2831809E-06   0.2782480E-12   0.2831812E-06
      915.00  0.2757862E-06   0.3018031E-12   0.2757865E-06
      925.00  0.2473446E-06   0.3859682E-12   0.2473450E-06
      935.00  0.2559676E-06   0.4908987E-12   0.2559681E-06
      945.00  0.2823142E-06   0.6210432E-12   0.2823148E-06
      955.00  0.2555951E-06   0.7816547E-12   0.2555959E-06
      965.00  0.2706132E-06   0.9789082E-12   0.2706142E-06
      975.00  0.2046323E-06   0.1220030E-11   0.2046335E-06
      985.00  0.1999424E-06   0.1513441E-11   0.1999439E-06
      995.00  0.2489155E-06   0.1868913E-11   0.2489174E-06
     1005.00  0.2833751E-06   0.2297741E-11   0.2833774E-06
     1015.00  0.2378410E-06   0.2812929E-11   0.2378438E-06
     1025.00  0.2424852E-06   0.3429396E-11   0.2424886E-06
     1035.00  0.2159626E-06   0.4164188E-11   0.2159668E-06
     1045.00  0.2664972E-06   0.5036743E-11   0.2665022E-06
     1055.00  0.2693088E-06   0.6069084E-11   0.2693149E-06
     1065.00  0.2489911E-06   0.7286139E-11   0.2489984E-06
     1075.00  0.2475524E-06   0.8716016E-11   0.2475611E-06
     1085.00  0.1858744E-06   0.1039031E-10   0.1858848E-06
     1095.00  0.2426458E-06   0.1234443E-10   0.2426581E-06
     1105.00  0.2303417E-06   0.1461793E-10   0.2303563E-06
     1115.00  0.2243443E-06   0.1725491E-10   0.2243616E-06
     1125.00  0.1829575E-06   0.2030431E-10   0.1829778E-06
     1135.00  0.2215863E-06   0.2382043E-10   0.2216101E-06
     1145.00  0.2196239E-06   0.2786324E-10   0.2196518E-06
     1155.00  0.1525648E-06   0.3249885E-10   0.1525973E-06
     1165.00  0.1535739E-06   0.3779999E-10   0.1536117E-06
     1175.00  0.1556547E-06   0.4384641E-10   0.1556985E-06
     1185.00  0.1872234E-06   0.5072540E-10   0.1872741E-06
     1195.00  0.1875315E-06   0.5853230E-10   0.1875900E-06
     1205.00  0.1696894E-06   0.6737095E-10   0.1697568E-06
     1215.00  0.1497887E-06   0.7735427E-10   0.1498661E-06
     1225.00  0.1473747E-06   0.1072090E-07   0.1580956E-06
     1235.00  0.1710392E-06   0.2037945E-07   0.1914186E-06
     1245.00  0.1373262E-06   0.2859033E-07   0.1659165E-06
     1255.00  0.1506228E-06   0.3560457E-07   0.1862274E-06
     1265.00  0.1645349E-06   0.4160830E-07   0.2061432E-06
     1275.00  0.1627817E-06   0.4674875E-07   0.2095305E-06
     1285.00  0.1231823E-06   0.5114614E-07   0.1743284E-06
     1295.00  0.1415432E-06   0.5490058E-07   0.1964438E-06
     1305.00  0.1517366E-06   0.5809654E-07   0.2098331E-06
     1315.00  0.1318627E-06   0.6080595E-07   0.1926687E-06
     1325.00  0.1305204E-06   0.6309052E-07   0.1936109E-06
     1335.00  0.1533924E-06   0.6500349E-07   0.2183959E-06
     1345.00  0.1258468E-06   0.6659102E-07   0.1924378E-06
     1355.00  0.1442749E-06   0.6789330E-07   0.2121682E-06
     1365.00  0.1442931E-06   0.6894543E-07   0.2132385E-06
     1375.00  0.1353224E-06   0.6977816E-07   0.2051006E-06
     1385.00  0.1404928E-06   0.7041854E-07   0.2109113E-06
     1395.00  0.1281101E-06   0.7089037E-07   0.1990005E-06
     1405.00  0.1490718E-06   0.7121469E-07   0.2202865E-06
     1415.00  0.1215684E-06   0.7141011E-07   0.1929785E-06
     1425.00  0.1225527E-06   0.7149316E-07   0.1940459E-06
     1435.00  0.1394400E-06   0.7147851E-07   0.2109185E-06
     1442.00  0.1448083E-06   0.7141720E-07   0.2162255E-06
     1447.00  0.1432816E-06   0.7135030E-07   0.2146319E-06
     1455.00  0.1475625E-06   0.7120706E-07   0.2187696E-06
     1465.00  0.1375709E-06   0.7097239E-07   0.2085433E-06
     1475.00  0.1493528E-06   0.7068459E-07   0.2200374E-06
     1485.00  0.1391986E-06   0.7035208E-07   0.2095507E-06
     1495.00  0.1621101E-06   0.6998244E-07   0.2320925E-06
     1505.00  0.1645475E-06   0.6958250E-07   0.2341300E-06
     1512.00  0.1566833E-06   0.6928786E-07   0.2259712E-06
     1517.00  0.1607269E-06   0.6907126E-07   0.2297982E-06
     1525.00  0.1898262E-06   0.6871591E-07   0.2585421E-06
     1535.00  0.2406427E-06   0.6825995E-07   0.3089027E-06
     1545.00  0.2681895E-06   0.6779525E-07   0.3359847E-06
     1555.00  0.3036194E-06   0.6732582E-07   0.3709452E-06
     1565.00  0.2718304E-06   0.6685573E-07   0.3386861E-06
     1575.00  0.4534576E-06   0.6638858E-07   0.5198462E-06
     1585.00  0.5383735E-06   0.6592766E-07   0.6043012E-06
     1595.00  0.6803645E-06   0.6547605E-07   0.7458405E-06
     1605.00  0.6312047E-06   0.6503658E-07   0.6962413E-06
     1615.00  0.6244136E-06   0.6461191E-07   0.6890255E-06
     1625.00  0.5117701E-06   0.6420454E-07   0.5759746E-06
     1635.00  0.6335719E-06   0.6381678E-07   0.6973887E-06
     1645.00  0.9322184E-06   0.6345084E-07   0.9956692E-06
     1655.00  0.5279155E-06   0.6310882E-07   0.5910243E-06
     1665.00  0.9752989E-06   0.6279272E-07   0.1038092E-05
     1672.00  0.5479009E-06   0.6258788E-07   0.6104888E-06
     1677.00  0.5455595E-05   0.6245025E-07   0.5518045E-05
     1685.00  0.5683333E-05   0.6224574E-07   0.5745579E-05
     1695.00  0.4134699E-05   0.6201844E-07   0.4196717E-05
     1705.00  0.4719902E-05   0.6182422E-07   0.4781726E-05
     1715.00  0.7234751E-05   0.6166471E-07   0.7296416E-05
     1725.00  0.7987373E-05   0.6154151E-07   0.8048915E-05
     1735.00  0.9964850E-05   0.6145618E-07   0.1002631E-04
     1745.00  0.9139762E-05   0.6141023E-07   0.9201172E-05
     1755.00  0.1181720E-04   0.6140517E-07   0.1187861E-04
     1765.00  0.8303254E-05   0.6144248E-07   0.8364696E-05
     1775.00  0.1122680E-04   0.6152359E-07   0.1128832E-04
     1785.00  0.1100495E-04   0.6164995E-07   0.1106660E-04
     1795.00  0.1580047E-04   0.6182303E-07   0.1586229E-04
     1805.00  0.1356713E-04   0.6204423E-07   0.1362917E-04
     1815.00  0.1504721E-04   0.6231493E-07   0.1510952E-04
     1825.00  0.1369132E-04   0.6263652E-07   0.1375396E-04
     1835.00  0.1240558E-04   0.6301041E-07   0.1246859E-04
     1845.00  0.1026356E-04   0.6343799E-07   0.1032700E-04
     1855.00  0.1338368E-04   0.6392063E-07   0.1344760E-04
     1865.00  0.1680553E-04   0.6445973E-07   0.1686999E-04
     1875.00  0.1526768E-04   0.6505668E-07   0.1533274E-04
     1885.00  0.1610865E-04   0.6571286E-07   0.1617436E-04
     1895.00  0.1855483E-04   0.6642965E-07   0.1862126E-04
     1905.00  0.1720767E-04   0.6720846E-07   0.1727488E-04
     1915.00  0.1864215E-04   0.6805068E-07   0.1871020E-04
     1925.00  0.1664658E-04   0.6895770E-07   0.1671554E-04
     1935.00  0.9504792E-05   0.6993093E-07   0.9574723E-05
     1945.00  0.2048818E-04   0.7097060E-07   0.2055915E-04
     1955.00  0.2133526E-04   0.7207754E-07   0.2140734E-04
     1967.00  0.2488513E-04   0.7349817E-07   0.2495863E-04
     1976.00  0.2349318E-04   0.7463106E-07   0.2356781E-04
     1984.00  0.2440162E-04   0.7568748E-07   0.2447731E-04
     1995.00  0.2413551E-04   0.7721731E-07   0.2421273E-04
     2005.00  0.2179743E-04   0.7868707E-07   0.2187612E-04
     2015.00  0.2172395E-04   0.8023348E-07   0.2180418E-04
     2025.00  0.1936740E-04   0.8185789E-07   0.1944926E-04
     2035.00  0.2415000E-04   0.8356658E-07   0.2423357E-04
     2045.00  0.2700190E-04   0.8535854E-07   0.2708726E-04
     2055.00  0.2573827E-04   0.3453625E-07   0.2577281E-04
     2065.00  0.2400224E-04   0.3415814E-07   0.2403640E-04
     2074.00  0.2957450E-04   0.3382561E-07   0.2960833E-04
     2078.00  0.3579576E-04   0.3368018E-07   0.3582944E-04
     2085.00  0.3593941E-04   0.3342913E-07   0.3597284E-04
     2095.00  0.3350109E-04   0.3307810E-07   0.3353417E-04
     2105.00  0.2992404E-04   0.3273596E-07   0.2995678E-04
     2115.00  0.3183751E-04   0.3240266E-07   0.3186991E-04
     2125.00  0.3130476E-04   0.3207812E-07   0.3133684E-04
     2135.00  0.2573652E-04   0.3176228E-07   0.2576828E-04
     2145.00  0.3211711E-04   0.3145507E-07   0.3214857E-04
     2155.00  0.3242516E-04   0.3115642E-07   0.3245632E-04
     2165.00  0.2909550E-04   0.3086628E-07   0.2912637E-04
     2175.00  0.2951002E-04   0.3058459E-07   0.2954060E-04
     2185.00  0.3294772E-04   0.3031131E-07   0.3297803E-04
     2195.00  0.3565413E-04   0.3004635E-07   0.3568418E-04
     2205.00  0.3338994E-04   0.2978965E-07   0.3341973E-04
     2215.00  0.2778562E-04   0.2954113E-07   0.2781516E-04
     2225.00  0.2808533E-04   0.2930075E-07   0.2811463E-04
     2235.00  0.3593898E-04   0.2906844E-07   0.3596805E-04
     2245.00  0.3299344E-04   0.2884415E-07   0.3302228E-04
     2255.00  0.2739594E-04   0.2862780E-07   0.2742457E-04
     2265.00  0.2753823E-04   0.2841935E-07   0.2756665E-04
     2275.00  0.3088246E-04   0.2821874E-07   0.3091068E-04
     2285.00  0.3539425E-04   0.2802581E-07   0.3542228E-04
     2295.00  0.3074919E-04   0.2784049E-07   0.3077703E-04
     2305.00  0.3440425E-04   0.2766282E-07   0.3443191E-04
     2315.00  0.3154970E-04   0.2749275E-07   0.3157719E-04
     2325.00  0.2087623E-04   0.2733022E-07   0.2090356E-04
     2335.00  0.2266010E-04   0.2717518E-07   0.2268728E-04
     2345.00  0.1630492E-04   0.2702757E-07   0.1633195E-04
     2355.00  0.2889707E-04   0.2688735E-07   0.2892396E-04
     2365.00  0.1754226E-04   0.2675445E-07   0.1756901E-04
     2375.00  0.2345363E-04   0.2662884E-07   0.2348026E-04
     2385.00  0.1343069E-04   0.2651046E-07   0.1345720E-04
     2395.00  0.1767758E-04   0.2639926E-07   0.1770398E-04
     2405.00  0.1749980E-04   0.2629521E-07   0.1752610E-04
     2415.00  0.1998163E-04   0.2619825E-07   0.2000783E-04
     2425.00  0.3063476E-04   0.2610833E-07   0.3066087E-04
     2435.00  0.2988688E-04   0.2602541E-07   0.2991291E-04
     2445.00  0.3424444E-04   0.2594943E-07   0.3427039E-04
     2455.00  0.3481240E-04   0.2588035E-07   0.3483828E-04
     2465.00  0.3370989E-04   0.2581813E-07   0.3373571E-04
     2475.00  0.2987033E-04   0.2576271E-07   0.2989609E-04
     2485.00  0.2739774E-04   0.2571406E-07   0.2742345E-04
     2495.00  0.2674913E-04   0.2567214E-07   0.2677480E-04
     2505.00  0.3808345E-04   0.2563689E-07   0.3810909E-04
     2513.00  0.2206392E-04   0.2561347E-07   0.2208953E-04
     2518.00  0.1769272E-04   0.2560098E-07   0.1771832E-04
     2525.00  0.1843542E-04   0.2558626E-07   0.1846101E-04
     2535.00  0.2206783E-04   0.2557079E-07   0.2209340E-04
     2545.00  0.2372291E-04   0.2556188E-07   0.2374847E-04
     2555.00  0.3221132E-04   0.2555944E-07   0.3223688E-04
     2565.00  0.2751027E-04   0.2556343E-07   0.2753583E-04
     2575.00  0.3288967E-04   0.2557382E-07   0.3291524E-04
     2585.00  0.3138318E-04   0.2559056E-07   0.3140877E-04
     2595.00  0.2929508E-04   0.2561362E-07   0.2932069E-04
     2605.00  0.2625919E-04   0.2429218E-07   0.2628348E-04
     2615.00  0.2337633E-04   0.2430342E-07   0.2340063E-04
     2625.00  0.3231652E-04   0.2432073E-07   0.3234084E-04
     2635.00  0.4031484E-04   0.2434407E-07   0.4033918E-04
     2645.00  0.5347559E-04   0.2437342E-07   0.5349996E-04
     2655.00  0.6119030E-04   0.2440873E-07   0.6121471E-04
     2665.00  0.4528412E-04   0.2444997E-07   0.4530857E-04
     2675.00  0.5169891E-04   0.2449711E-07   0.5172341E-04
     2685.00  0.5360868E-04   0.2455013E-07   0.5363323E-04
     2695.00  0.4525953E-04   0.2460898E-07   0.4528414E-04
     2705.00  0.5145973E-04   0.2467364E-07   0.5148440E-04
     2715.00  0.4264032E-04   0.2474408E-07   0.4266506E-04
     2725.00  0.4194211E-04   0.2482025E-07   0.4196693E-04
     2735.00  0.4752185E-04   0.2490214E-07   0.4754675E-04
     2745.00  0.2842687E-04   0.2498971E-07   0.2845186E-04
     2755.00  0.3466942E-04   0.2508293E-07   0.3469450E-04
     2765.00  0.4065384E-04   0.2518177E-07   0.4067902E-04
     2775.00  0.4611710E-04   0.2528619E-07   0.4614239E-04
     2785.00  0.3240044E-04   0.2539618E-07   0.3242584E-04
     2795.00  0.1229404E-04   0.2551169E-07   0.1231955E-04
     2805.00  0.1592321E-04   0.2563270E-07   0.1594884E-04
     2815.00  0.4399658E-04   0.2575917E-07   0.4402234E-04
     2825.00  0.5777733E-04   0.2589109E-07   0.5780322E-04
     2835.00  0.5581890E-04   0.2602840E-07   0.5584493E-04
     2845.00  0.5149839E-04   0.2617110E-07   0.5152456E-04
     2855.00  0.4185071E-04   0.2631892E-07   0.4187703E-04
     2865.00  0.5899036E-04   0.2647180E-07   0.5901683E-04
     2875.00  0.6197776E-04   0.2662993E-07   0.6200439E-04
     2885.00  0.6020288E-04   0.2679328E-07   0.6022967E-04
     2895.00  0.6106789E-04   0.2696181E-07   0.6109485E-04
     2910.00  0.7600891E-04   0.2722428E-07   0.7603613E-04
     2930.00  0.6959659E-04   0.2759210E-07   0.6962418E-04
     2950.00  0.6745461E-04   0.2798013E-07   0.6748259E-04
     2970.00  0.7192146E-04   0.2838809E-07   0.7194985E-04
     2990.00  0.7328691E-04   0.2881577E-07   0.7331573E-04
     3010.00  0.7592884E-04   0.2926289E-07   0.7595810E-04
     3030.00  0.7617938E-04   0.2972922E-07   0.7620911E-04
     3050.00  0.7798146E-04   0.3021459E-07   0.7801167E-04
     3070.00  0.8128460E-04   0.3071879E-07   0.8131532E-04
     3090.00  0.8322693E-04   0.3124150E-07   0.8325817E-04
     3110.00  0.8432321E-04   0.3178246E-07   0.8435499E-04
     3130.00  0.8216563E-04   0.3203654E-07   0.8219767E-04
     3150.00  0.8388802E-04   0.3260516E-07   0.8392063E-04
     3170.00  0.8583541E-04   0.3319121E-07   0.8586860E-04
     3190.00  0.7754545E-04   0.3379445E-07   0.7757924E-04
     3210.00  0.8384727E-04   0.3441462E-07   0.8388168E-04
     3230.00  0.7534670E-04   0.3505148E-07   0.7538175E-04
     3250.00  0.8774583E-04   0.3570478E-07   0.8778153E-04
     3270.00  0.9553512E-04   0.3637360E-07   0.9557149E-04
     3290.00  0.9451381E-04   0.3705785E-07   0.9455087E-04
     3310.00  0.9508835E-04   0.3775756E-07   0.9512611E-04
     3330.00  0.9478345E-04   0.3847249E-07   0.9482192E-04
     3350.00  0.9312020E-04   0.3920238E-07   0.9315940E-04
     3370.00  0.8493677E-04   0.3994695E-07   0.8497672E-04
     3390.00  0.8849881E-04   0.4070595E-07   0.8853952E-04
     3410.00  0.8908839E-04   0.4147912E-07   0.8912987E-04
     3430.00  0.9101326E-04   0.3926041E-07   0.9105252E-04
     3450.00  0.9311350E-04   0.3998255E-07   0.9315348E-04
     3470.00  0.9328658E-04   0.4071721E-07   0.9332730E-04
     3490.00  0.9716503E-04   0.4146416E-07   0.9720649E-04
     3510.00  0.1005952E-03   0.4222312E-07   0.1006374E-03
     3530.00  0.9550370E-04   0.4299357E-07   0.9554669E-04
     3550.00  0.1037181E-03   0.4377550E-07   0.1037619E-03
     3570.00  0.8798918E-04   0.4456868E-07   0.8803375E-04
     3590.00  0.8808345E-04   0.4537287E-07   0.8812882E-04
     3610.00  0.9585594E-04   0.4618781E-07   0.9590213E-04
     3630.00  0.9800888E-04   0.4701326E-07   0.9805589E-04
     3640.00  0.9883445E-04   0.4742985E-07   0.9888188E-04
     3650.00  0.1082218E-03   0.7263629E-08   0.1082291E-03
     3670.00  0.1058822E-03   0.7201711E-08   0.1058894E-03
     3690.00  0.9864184E-04   0.6553734E-08   0.9864839E-04
     3710.00  0.1098823E-03   0.6482993E-08   0.1098888E-03
     3730.00  0.9728472E-04   0.6414524E-08   0.9729113E-04
     3750.00  0.1125898E-03   0.6348270E-08   0.1125961E-03
     3770.00  0.1247243E-03   0.6284172E-08   0.1247306E-03
     3790.00  0.1370755E-03   0.6222175E-08   0.1370817E-03
     3810.00  0.1477056E-03   0.6162223E-08   0.1477118E-03
     3830.00  0.1138732E-03   0.6104265E-08   0.1138793E-03
     3850.00  0.1486298E-03   0.6048248E-08   0.1486358E-03
     3870.00  0.1590001E-03   0.5994123E-08   0.1590061E-03
     3890.00  0.1295715E-03   0.5941842E-08   0.1295774E-03
     3910.00  0.1697357E-03   0.5891356E-08   0.1697416E-03
     3930.00  0.1029030E-03   0.5842620E-08   0.1029088E-03
     3950.00  0.1516856E-03   0.5795589E-08   0.1516914E-03
     3970.00  0.1009704E-03   0.5750228E-08   0.1009762E-03
     3990.00  0.1845190E-03   0.5706509E-08   0.1845247E-03
     4010.00  0.2015760E-03   0.5664368E-08   0.2015817E-03
     4030.00  0.2032168E-03   0.5623763E-08   0.2032224E-03
     4050.00  0.1988165E-03   0.5584655E-08   0.1988221E-03
     4070.00  0.1928485E-03   0.5547007E-08   0.1928540E-03
     4090.00  0.1906908E-03   0.5510782E-08   0.1906963E-03
     4110.00  0.1679792E-03   0.5475942E-08   0.1679847E-03
     4130.00  0.1987034E-03   0.5442454E-08   0.1987088E-03
     4150.00  0.2043223E-03   0.5410282E-08   0.2043277E-03
     4170.00  0.2042444E-03   0.5379393E-08   0.2042498E-03
     4190.00  0.2027330E-03   0.5349755E-08   0.2027383E-03
     4210.00  0.2051662E-03   0.5321335E-08   0.2051715E-03
     4230.00  0.2010647E-03   0.5294104E-08   0.2010700E-03
     4250.00  0.2047880E-03   0.5268030E-08   0.2047933E-03
     4270.00  0.1972093E-03   0.5243084E-08   0.1972145E-03
     4290.00  0.1935618E-03   0.5219237E-08   0.1935670E-03
     4310.00  0.1755762E-03   0.5196463E-08   0.1755814E-03
     4330.00  0.1847625E-03   0.5174732E-08   0.1847677E-03
     4350.00  0.1699110E-03   0.5154020E-08   0.1699162E-03
     4370.00  0.2103760E-03   0.5134303E-08   0.2103811E-03
     4390.00  0.2034232E-03   0.5115552E-08   0.2034283E-03
     4410.00  0.2065974E-03   0.5097743E-08   0.2066025E-03
     4430.00  0.2105368E-03   0.5080850E-08   0.2105419E-03
     4450.00  0.2120440E-03   0.5064852E-08   0.2120491E-03
     4470.00  0.2179195E-03   0.5049725E-08   0.2179245E-03
     4490.00  0.2183896E-03   0.5035446E-08   0.2183946E-03
     4510.00  0.2347403E-03   0.5021995E-08   0.2347453E-03
     4530.00  0.2170575E-03   0.5009348E-08   0.2170625E-03
     4550.00  0.2196430E-03   0.4997486E-08   0.2196480E-03
     4570.00  0.2313539E-03   0.4986388E-08   0.2313589E-03
     4590.00  0.2205174E-03   0.4976034E-08   0.2205224E-03
     4610.00  0.2253945E-03   0.4966405E-08   0.2253995E-03
     4630.00  0.2195222E-03   0.4957482E-08   0.2195272E-03
     4650.00  0.2221536E-03   0.4949247E-08   0.2221585E-03
     4670.00  0.2258980E-03   0.4941681E-08   0.2259029E-03
     4690.00  0.2199852E-03   0.4934767E-08   0.2199901E-03
     4710.00  0.2129565E-03   0.4928487E-08   0.2129614E-03
     4730.00  0.2219234E-03   0.4922826E-08   0.2219283E-03
     4750.00  0.2254559E-03   0.4917766E-08   0.2254608E-03
     4770.00  0.2236510E-03   0.4913291E-08   0.2236559E-03
     4790.00  0.2222345E-03   0.4909385E-08   0.2222394E-03
     4810.00  0.2188870E-03   0.4906019E-08   0.2188919E-03
     4830.00  0.2191341E-03   0.4903175E-08   0.2191390E-03
     4850.00  0.1955632E-03   0.4900854E-08   0.1955681E-03
     4870.00  0.1701937E-03   0.4899042E-08   0.1701986E-03
     4890.00  0.2084053E-03   0.4897724E-08   0.2084102E-03
     4910.00  0.2110170E-03   0.4896888E-08   0.2110219E-03
     4930.00  0.2079371E-03   0.4896520E-08   0.2079420E-03
     4950.00  0.2152417E-03   0.4896607E-08   0.2152466E-03
     4970.00  0.2140636E-03   0.4897136E-08   0.2140685E-03
     4990.00  0.2019743E-03   0.4898094E-08   0.2019792E-03
     5010.00  0.1940768E-03   0.4899470E-08   0.1940817E-03
     5030.00  0.2026979E-03   0.4901252E-08   0.2027028E-03
     5050.00  0.2012958E-03   0.4903428E-08   0.2013007E-03
     5070.00  0.2074859E-03   0.4905999E-08   0.2074908E-03
     5090.00  0.1998156E-03   0.4909004E-08   0.1998205E-03
     5110.00  0.2023179E-03   0.4912368E-08   0.2023228E-03
     5130.00  0.1965418E-03   0.4916080E-08   0.1965467E-03
     5150.00  0.1908365E-03   0.4920131E-08   0.1908414E-03
     5170.00  0.1831844E-03   0.4924509E-08   0.1831893E-03
     5190.00  0.1849532E-03   0.4929205E-08   0.1849581E-03
     5210.00  0.1912212E-03   0.4934209E-08   0.1912261E-03
     5230.00  0.1944877E-03   0.4939512E-08   0.1944926E-03
     5250.00  0.1991231E-03   0.4945105E-08   0.1991280E-03
     5270.00  0.1818764E-03   0.4950978E-08   0.1818814E-03
     5290.00  0.1976390E-03   0.4957123E-08   0.1976440E-03
     5310.00  0.2024362E-03   0.4963531E-08   0.2024412E-03
     5330.00  0.1867678E-03   0.4970193E-08   0.1867728E-03
     5350.00  0.1975255E-03   0.4977101E-08   0.1975305E-03
     5370.00  0.1959412E-03   0.4984243E-08   0.1959462E-03
     5390.00  0.1926406E-03   0.4991602E-08   0.1926456E-03
     5410.00  0.1884448E-03   0.4999182E-08   0.1884498E-03
     5430.00  0.1909260E-03   0.5006976E-08   0.1909310E-03
     5450.00  0.1951239E-03   0.5014977E-08   0.1951289E-03
     5470.00  0.1906422E-03   0.5023176E-08   0.1906472E-03
     5490.00  0.1913747E-03   0.5031568E-08   0.1913797E-03
     5510.00  0.1891173E-03   0.5040145E-08   0.1891223E-03
     5530.00  0.1906093E-03   0.5048901E-08   0.1906143E-03
     5550.00  0.1918634E-03   0.5057830E-08   0.1918685E-03
     5570.00  0.1877818E-03   0.5066923E-08   0.1877869E-03
     5590.00  0.1847063E-03   0.5076176E-08   0.1847114E-03
     5610.00  0.1884013E-03   0.5085583E-08   0.1884064E-03
     5630.00  0.1870675E-03   0.5095136E-08   0.1870726E-03
     5650.00  0.1873340E-03   0.5104831E-08   0.1873391E-03
     5670.00  0.1830702E-03   0.5114662E-08   0.1830753E-03
     5690.00  0.1860658E-03   0.5124623E-08   0.1860709E-03
     5710.00  0.1818688E-03   0.3629091E-08   0.1818724E-03
     5730.00  0.1908181E-03   0.3629306E-08   0.1908217E-03
     5750.00  0.1849645E-03   0.3629679E-08   0.1849681E-03
     5770.00  0.1859160E-03   0.3630206E-08   0.1859196E-03
     5790.00  0.1810726E-03   0.3630881E-08   0.1810762E-03
     5810.00  0.1844688E-03   0.3631701E-08   0.1844724E-03
     5830.00  0.1866805E-03   0.3632661E-08   0.1866841E-03
     5850.00  0.1825048E-03   0.3633757E-08   0.1825084E-03
     5870.00  0.1821954E-03   0.3634984E-08   0.1821990E-03
     5890.00  0.1724572E-03   0.3636339E-08   0.1724608E-03
     5910.00  0.1793275E-03   0.3637818E-08   0.1793311E-03
     5930.00  0.1788781E-03   0.3639416E-08   0.1788817E-03
     5950.00  0.1784682E-03   0.3641131E-08   0.1784718E-03
     5970.00  0.1792110E-03   0.3642957E-08   0.1792146E-03
     5990.00  0.1766430E-03   0.3644892E-08   0.1766466E-03
     6010.00  0.1739143E-03   0.3646931E-08   0.1739179E-03
     6030.00  0.1756941E-03   0.3649073E-08   0.1756977E-03
     6050.00  0.1772580E-03   0.3651312E-08   0.1772617E-03
     6070.00  0.1763952E-03   0.3653646E-08   0.1763989E-03
     6090.00  0.1715662E-03   0.3656071E-08   0.1715699E-03
     6110.00  0.1710767E-03   0.3658583E-08   0.1710804E-03
     6130.00  0.1646660E-03   0.3661180E-08   0.1646697E-03
     6150.00  0.1660150E-03   0.3663860E-08   0.1660187E-03
     6170.00  0.1619648E-03   0.3666618E-08   0.1619685E-03
     6190.00  0.1678731E-03   0.3669453E-08   0.1678768E-03
     6210.00  0.1668534E-03   0.3672361E-08   0.1668571E-03
     6230.00  0.1626923E-03   0.3675339E-08   0.1626960E-03
     6250.00  0.1576534E-03   0.3678386E-08   0.1576571E-03
     6270.00  0.1635356E-03   0.3681497E-08   0.1635393E-03
     6290.00  0.1641449E-03   0.3684672E-08   0.1641486E-03
     6310.00  0.1602472E-03   0.3687906E-08   0.1602509E-03
     6330.00  0.1610635E-03   0.3691198E-08   0.1610672E-03
     6350.00  0.1606106E-03   0.3694546E-08   0.1606143E-03
     6370.00  0.1595660E-03   0.3697946E-08   0.1595697E-03
     6390.00  0.1607517E-03   0.3701396E-08   0.1607554E-03
     6410.00  0.1573758E-03   0.3704895E-08   0.1573795E-03
     6430.00  0.1582813E-03   0.3708440E-08   0.1582850E-03
     6450.00  0.1567634E-03   0.3712030E-08   0.1567671E-03
     6470.00  0.1562750E-03   0.3715661E-08   0.1562787E-03
     6490.00  0.1531204E-03   0.3719331E-08   0.1531241E-03
     6510.00  0.1558240E-03   0.3723040E-08   0.1558277E-03
     6530.00  0.1543438E-03   0.3726742E-08   0.1543475E-03
     6550.00  0.1457355E-03   0.3730464E-08   0.1457392E-03
     6570.00  0.1289602E-03   0.3734216E-08   0.1289639E-03
     6590.00  0.1495111E-03   0.3737997E-08   0.1495148E-03
     6610.00  0.1524938E-03   0.3741804E-08   0.1524975E-03
     6630.00  0.1517363E-03   0.3745636E-08   0.1517400E-03
     6650.00  0.1512305E-03   0.3731397E-08   0.1512342E-03
     6670.00  0.1488870E-03   0.3735288E-08   0.1488907E-03
     6690.00  0.1506922E-03   0.3739199E-08   0.1506959E-03
     6710.00  0.1469260E-03   0.3743130E-08   0.1469297E-03
     6730.00  0.1487540E-03   0.3747078E-08   0.1487577E-03
     6750.00  0.1465785E-03   0.3751042E-08   0.1465823E-03
     6770.00  0.1469010E-03   0.3755020E-08   0.1469048E-03
     6790.00  0.1454676E-03   0.3759013E-08   0.1454714E-03
     6810.00  0.1449581E-03   0.3763016E-08   0.1449619E-03
     6830.00  0.1453638E-03   0.3767031E-08   0.1453676E-03
     6850.00  0.1422502E-03   0.3771054E-08   0.1422540E-03
     6870.00  0.1434755E-03   0.3775085E-08   0.1434793E-03
     6890.00  0.1440796E-03   0.3779123E-08   0.1440834E-03
     6910.00  0.1429624E-03   0.3783166E-08   0.1429662E-03
     6930.00  0.1419041E-03   0.3787214E-08   0.1419079E-03
     6950.00  0.1410442E-03   0.3791264E-08   0.1410480E-03
     6970.00  0.1412487E-03   0.3795316E-08   0.1412525E-03
     6990.00  0.1407532E-03   0.3799369E-08   0.1407570E-03
     7010.00  0.1377448E-03   0.3803422E-08   0.1377486E-03
     7030.00  0.1394536E-03   0.3807476E-08   0.1394574E-03
     7050.00  0.1394741E-03   0.3811529E-08   0.1394779E-03
     7070.00  0.1367148E-03   0.3815577E-08   0.1367186E-03
     7090.00  0.1348594E-03   0.3819621E-08   0.1348632E-03
     7110.00  0.1326529E-03   0.3823659E-08   0.1326567E-03
     7130.00  0.1311297E-03   0.3827691E-08   0.1311335E-03
     7150.00  0.1306967E-03   0.3831715E-08   0.1307005E-03
     7170.00  0.1307517E-03   0.3835730E-08   0.1307555E-03
     7190.00  0.1278462E-03   0.3839736E-08   0.1278500E-03
     7210.00  0.1297119E-03   0.3843733E-08   0.1297157E-03
     7230.00  0.1303805E-03   0.3847718E-08   0.1303843E-03
     7250.00  0.1304609E-03   0.3851692E-08   0.1304648E-03
     7270.00  0.1303211E-03   0.3855654E-08   0.1303250E-03
     7290.00  0.1276950E-03   0.3859602E-08   0.1276989E-03
     7310.00  0.1296539E-03   0.3863536E-08   0.1296578E-03
     7330.00  0.1295439E-03   0.3867457E-08   0.1295478E-03
     7350.00  0.1300075E-03   0.3871361E-08   0.1300114E-03
     7370.00  0.1314945E-03   0.3875250E-08   0.1314984E-03
     7390.00  0.1286876E-03   0.3879122E-08   0.1286915E-03
     7410.00  0.1276195E-03   0.3882977E-08   0.1276234E-03
     7430.00  0.1298425E-03   0.3886814E-08   0.1298464E-03
     7450.00  0.1295409E-03   0.3884428E-08   0.1295448E-03
     7470.00  0.1307808E-03   0.3888229E-08   0.1307847E-03
     7490.00  0.1302710E-03   0.3892012E-08   0.1302749E-03
     7510.00  0.1307580E-03   0.3895774E-08   0.1307619E-03
     7530.00  0.1320651E-03   0.3899517E-08   0.1320690E-03
     7550.00  0.1326763E-03   0.3903239E-08   0.1326802E-03
     7570.00  0.1319412E-03   0.3906940E-08   0.1319451E-03
     7590.00  0.1295762E-03   0.3910619E-08   0.1295801E-03
     7610.00  0.1272718E-03   0.3914254E-08   0.1272757E-03
     7630.00  0.1252689E-03   0.3917843E-08   0.1252728E-03
     7650.00  0.1231179E-03   0.3921408E-08   0.1231218E-03
     7670.00  0.1187890E-03   0.3924949E-08   0.1187929E-03
     7690.00  0.1207680E-03   0.3928463E-08   0.1207719E-03
     7710.00  0.1188282E-03   0.3931953E-08   0.1188321E-03
     7730.00  0.1189844E-03   0.3935417E-08   0.1189883E-03
     7750.00  0.1177860E-03   0.3938854E-08   0.1177899E-03
     7770.00  0.1180720E-03   0.3942265E-08   0.1180759E-03
     7790.00  0.1189559E-03   0.3945649E-08   0.1189598E-03
     7810.00  0.1184290E-03   0.3949006E-08   0.1184329E-03
     7830.00  0.1173178E-03   0.3952336E-08   0.1173218E-03
     7850.00  0.1161888E-03   0.3955637E-08   0.1161928E-03
     7870.00  0.1167444E-03   0.3874794E-08   0.1167483E-03
     7890.00  0.1154930E-03   0.3878007E-08   0.1154969E-03
     7910.00  0.1131067E-03   0.3881193E-08   0.1131106E-03
     7930.00  0.1126208E-03   0.3884351E-08   0.1126247E-03
     7950.00  0.1118012E-03   0.3887482E-08   0.1118051E-03
     7970.00  0.1142591E-03   0.3890585E-08   0.1142630E-03
     7990.00  0.1137105E-03   0.3893660E-08   0.1137144E-03
     8010.00  0.1137495E-03   0.3896707E-08   0.1137534E-03
     8030.00  0.1139505E-03   0.3899725E-08   0.1139544E-03
     8050.00  0.1135369E-03   0.3902714E-08   0.1135408E-03
     8070.00  0.1148147E-03   0.3905675E-08   0.1148186E-03
     8090.00  0.1136911E-03   0.3908606E-08   0.1136950E-03
     8110.00  0.1146814E-03   0.3911508E-08   0.1146853E-03
     8130.00  0.1172498E-03   0.3914381E-08   0.1172537E-03
     8150.00  0.1185478E-03   0.3917224E-08   0.1185517E-03
     8170.00  0.1194632E-03   0.3920037E-08   0.1194671E-03
     8190.00  0.1164964E-03   0.3922820E-08   0.1165003E-03
     8210.00  0.1130466E-03   0.3406056E-08   0.1130500E-03
     8230.00  0.1128349E-03   0.1378482E-08   0.1128363E-03
     8250.00  0.1127945E-03   0.1377086E-08   0.1127959E-03
     8270.00  0.1135143E-03   0.1375705E-08   0.1135157E-03
     8290.00  0.1119405E-03   0.1353936E-08   0.1119419E-03
     8310.00  0.1088137E-03   0.1352583E-08   0.1088151E-03
     8330.00  0.1078048E-03   0.1351245E-08   0.1078062E-03
     8350.00  0.1074278E-03   0.1349922E-08   0.1074291E-03
     8370.00  0.1077302E-03   0.1348613E-08   0.1077315E-03
     8390.00  0.1051146E-03   0.1347318E-08   0.1051159E-03
     8410.00  0.1070334E-03   0.1346037E-08   0.1070347E-03
     8430.00  0.1037835E-03   0.1344769E-08   0.1037848E-03
     8450.00  0.1019672E-03   0.1343514E-08   0.1019685E-03
     8470.00  0.1013400E-03   0.1342271E-08   0.1013413E-03
     8490.00  0.1029234E-03   0.1341042E-08   0.1029247E-03
     8510.00  0.9779382E-04   0.1339824E-08   0.9779516E-04
     8530.00  0.1030458E-03   0.1338618E-08   0.1030471E-03
     8550.00  0.9601489E-04   0.1337424E-08   0.9601623E-04
     8570.00  0.1047322E-03   0.1336242E-08   0.1047335E-03
     8590.00  0.1014378E-03   0.1335070E-08   0.1014391E-03
     8610.00  0.1016168E-03   0.1333909E-08   0.1016181E-03
     8630.00  0.1053955E-03   0.1332759E-08   0.1053968E-03
     8650.00  0.1048541E-03   0.1331620E-08   0.1048554E-03
     8670.00  0.9508988E-04   0.1330490E-08   0.9509121E-04
     8690.00  0.1028932E-03   0.1329371E-08   0.1028945E-03
     8710.00  0.1058763E-03   0.1328261E-08   0.1058776E-03
     8730.00  0.1057796E-03   0.1327160E-08   0.1057809E-03
     8750.00  0.1004752E-03   0.1326069E-08   0.1004765E-03
     8770.00  0.1058611E-03   0.1324986E-08   0.1058624E-03
     8790.00  0.1081367E-03   0.1323913E-08   0.1081380E-03
     8810.00  0.1068461E-03   0.1322848E-08   0.1068474E-03
     8830.00  0.1070141E-03   0.1321791E-08   0.1070154E-03
     8850.00  0.1041253E-03   0.1320743E-08   0.1041266E-03
     8870.00  0.9659490E-04   0.1319703E-08   0.9659622E-04
     8890.00  0.1016670E-03   0.1318670E-08   0.1016683E-03
     8910.00  0.1031187E-03   0.1317645E-08   0.1031200E-03
     8930.00  0.1019454E-03   0.1316627E-08   0.1019467E-03
     8950.00  0.1022105E-03   0.1315617E-08   0.1022118E-03
     8970.00  0.1022164E-03   0.1314613E-08   0.1022177E-03
     8990.00  0.1015685E-03   0.1313617E-08   0.1015698E-03
     9010.00  0.9522711E-04   0.1312627E-08   0.9522842E-04
     9030.00  0.1006372E-03   0.1311644E-08   0.1006385E-03
     9050.00  0.1055936E-03   0.1310667E-08   0.1055949E-03
     9070.00  0.1052104E-03   0.1309697E-08   0.1052117E-03
     9090.00  0.1040994E-03   0.1308732E-08   0.1041007E-03
     9110.00  0.1055094E-03   0.1307773E-08   0.1055107E-03
     9130.00  0.1070070E-03   0.1306821E-08   0.1070083E-03
     9150.00  0.1064230E-03   0.1305874E-08   0.1064243E-03
     9170.00  0.1057770E-03   0.1304933E-08   0.1057783E-03
     9190.00  0.1061014E-03   0.1303998E-08   0.1061027E-03
     9210.00  0.1017542E-03   0.1303067E-08   0.1017555E-03
     9230.00  0.9417722E-04   0.1302141E-08   0.9417852E-04
     9250.00  0.9784571E-04   0.1301221E-08   0.9784701E-04
     9270.00  0.9954730E-04   0.1300305E-08   0.9954860E-04
     9290.00  0.9914758E-04   0.1299393E-08   0.9914888E-04
     9310.00  0.9938834E-04   0.1298487E-08   0.9938964E-04
     9330.00  0.9946222E-04   0.1297584E-08   0.9946352E-04
     9350.00  0.9934912E-04   0.1296686E-08   0.9935042E-04
     9370.00  0.9810198E-04   0.1295792E-08   0.9810328E-04
     9390.00  0.9914198E-04   0.1294902E-08   0.9914327E-04
     9410.00  0.9696571E-04   0.1294015E-08   0.9696700E-04
     9430.00  0.9960223E-04   0.1293132E-08   0.9960352E-04
     9450.00  0.9864023E-04   0.1292254E-08   0.9864152E-04
     9470.00  0.1003719E-03   0.1291378E-08   0.1003732E-03
     9490.00  0.1003927E-03   0.1290506E-08   0.1003940E-03
     9510.00  0.9804076E-04   0.1289638E-08   0.9804205E-04
     9530.00  0.9745176E-04   0.1288772E-08   0.9745305E-04
     9550.00  0.9219327E-04   0.1287910E-08   0.9219456E-04
     9570.00  0.9692505E-04   0.1287051E-08   0.9692634E-04
     9590.00  0.9869460E-04   0.1286195E-08   0.9869589E-04
     9610.00  0.9748041E-04   0.1285341E-08   0.9748170E-04
     9630.00  0.9758926E-04   0.1284491E-08   0.9759054E-04
     9650.00  0.9675010E-04   0.1283643E-08   0.9675138E-04
     9670.00  0.9647663E-04   0.1282797E-08   0.9647791E-04
     9690.00  0.9728399E-04   0.1281955E-08   0.9728527E-04
     9710.00  0.9603678E-04   0.1281114E-08   0.9603806E-04
     9730.00  0.9497055E-04   0.1280276E-08   0.9497183E-04
     9750.00  0.9426443E-04   0.1279440E-08   0.9426571E-04
     9770.00  0.9475933E-04   0.1278606E-08   0.9476061E-04
     9790.00  0.9407657E-04   0.1277774E-08   0.9407785E-04
     9810.00  0.9536800E-04   0.1276945E-08   0.9536928E-04
     9830.00  0.9468008E-04   0.1276118E-08   0.9468136E-04
     9850.00  0.9458901E-04   0.1275292E-08   0.9459029E-04
     9870.00  0.9411400E-04   0.1274468E-08   0.9411527E-04
     9890.00  0.9366618E-04   0.1273646E-08   0.9366745E-04
     9910.00  0.9286359E-04   0.1272825E-08   0.9286486E-04
     9930.00  0.9354385E-04   0.1272006E-08   0.9354512E-04
     9950.00  0.9376038E-04   0.1271188E-08   0.9376165E-04
     9970.00  0.9375224E-04   0.1270373E-08   0.9375351E-04
     9990.00  0.9327876E-04   0.1269558E-08   0.9328003E-04
    10025.00  0.9217213E-04   0.1268136E-08   0.9217340E-04
    10075.00  0.9031201E-04   0.1266110E-08   0.9031328E-04
    10125.00  0.9257771E-04   0.1264092E-08   0.9257897E-04
    10175.00  0.9164715E-04   0.1262112E-08   0.9164841E-04
    10225.00  0.9185261E-04   0.1260142E-08   0.9185387E-04
    10275.00  0.9195021E-04   0.1258176E-08   0.9195147E-04
    10325.00  0.9085716E-04   0.1256212E-08   0.9085842E-04
    10375.00  0.9016216E-04   0.1254250E-08   0.9016341E-04
    10425.00  0.9025965E-04   0.1252290E-08   0.9026090E-04
    10475.00  0.8844588E-04   0.1250330E-08   0.8844713E-04
    10525.00  0.8696177E-04   0.1248370E-08   0.8696302E-04
    10575.00  0.8510948E-04   0.1246410E-08   0.8511073E-04
    10625.00  0.8383015E-04   0.1244450E-08   0.8383139E-04
    10675.00  0.8301458E-04   0.1242488E-08   0.8301582E-04
    10725.00  0.8373863E-04   0.1240525E-08   0.8373987E-04
    10775.00  0.8319805E-04   0.1238560E-08   0.8319929E-04
    10825.00  0.8219148E-04   0.1236592E-08   0.8219272E-04
    10875.00  0.8139959E-04   0.1234622E-08   0.8140082E-04
    10925.00  0.7901920E-04   0.1232649E-08   0.7902043E-04
    10975.00  0.7935614E-04   0.1230673E-08   0.7935737E-04
    11025.00  0.7939778E-04   0.1228694E-08   0.7939901E-04
    11075.00  0.7741238E-04   0.1226711E-08   0.7741361E-04
    11125.00  0.7708619E-04   0.1224724E-08   0.7708741E-04
    11175.00  0.7646853E-04   0.1078538E-08   0.7646961E-04
    11225.00  0.7644706E-04   0.1076556E-08   0.7644814E-04
    11275.00  0.7521688E-04   0.1074575E-08   0.7521795E-04
    11325.00  0.7487273E-04   0.1072596E-08   0.7487380E-04
    11375.00  0.7468049E-04   0.1070618E-08   0.7468156E-04
    11425.00  0.7355508E-04   0.1068641E-08   0.7355615E-04
    11475.00  0.7423046E-04   0.1066663E-08   0.7423153E-04
    11525.00  0.7357155E-04   0.1064686E-08   0.7357261E-04
    11575.00  0.7315328E-04   0.1062710E-08   0.7315434E-04
    11625.00  0.7141596E-04   0.1060733E-08   0.7141702E-04
    11675.00  0.7117093E-04   0.1058757E-08   0.7117199E-04
    11725.00  0.7160577E-04   0.1056780E-08   0.7160683E-04
    11775.00  0.6986605E-04   0.1054803E-08   0.6986710E-04
    11825.00  0.6897280E-04   0.1052825E-08   0.6897385E-04
    11875.00  0.6784349E-04   0.1050847E-08   0.6784454E-04
    11925.00  0.6875684E-04   0.1048868E-08   0.6875789E-04
    11975.00  0.6671628E-04   0.1046888E-08   0.6671733E-04
    12025.00  0.6745139E-04   0.1044908E-08   0.6745243E-04
    12075.00  0.6687155E-04   0.1042927E-08   0.6687259E-04
    12125.00  0.6673368E-04   0.1040944E-08   0.6673472E-04
    12175.00  0.6670935E-04   0.1038961E-08   0.6671039E-04
    12225.00  0.6627620E-04   0.1036977E-08   0.6627724E-04
    12275.00  0.6571041E-04   0.1034991E-08   0.6571144E-04
    12325.00  0.6505789E-04   0.1033005E-08   0.6505892E-04
    12375.00  0.6478609E-04   0.1031017E-08   0.6478712E-04
    12425.00  0.6380021E-04   0.1029028E-08   0.6380124E-04
    12475.00  0.6332427E-04   0.1027038E-08   0.6332530E-04
    12525.00  0.6270959E-04   0.1024022E-08   0.6271061E-04
    12575.00  0.6233487E-04   0.1022036E-08   0.6233589E-04
    12625.00  0.6178944E-04   0.1020049E-08   0.6179046E-04
    12675.00  0.6135251E-04   0.1018061E-08   0.6135353E-04
    12725.00  0.6108443E-04   0.1016072E-08   0.6108545E-04
    12775.00  0.6066751E-04   0.1014081E-08   0.6066852E-04
    12825.00  0.5773988E-04   0.1012089E-08   0.5774089E-04
    12875.00  0.5962543E-04   0.1010096E-08   0.5962644E-04
    12925.00  0.5925252E-04   0.1008102E-08   0.5925353E-04
    12975.00  0.5944559E-04   0.1006107E-08   0.5944660E-04
    13025.00  0.5855914E-04   0.1004110E-08   0.5856014E-04
    13075.00  0.5859013E-04   0.1002102E-08   0.5859113E-04
    13125.00  0.5725972E-04   0.1000092E-08   0.5726072E-04
    13175.00  0.5670691E-04   0.9980800E-09   0.5670791E-04
    13225.00  0.5651686E-04   0.9960670E-09   0.5651786E-04
    13275.00  0.5529245E-04   0.9940526E-09   0.5529344E-04
    13325.00  0.5471469E-04   0.9920370E-09   0.5471568E-04
    13375.00  0.5401600E-04   0.9900204E-09   0.5401699E-04
    13425.00  0.5396486E-04   0.9880026E-09   0.5396585E-04
    13475.00  0.5334780E-04   0.9859838E-09   0.5334879E-04
    13525.00  0.5268646E-04   0.9839639E-09   0.5268744E-04
    13575.00  0.5185113E-04   0.9819432E-09   0.5185211E-04
    13625.00  0.5165165E-04   0.9794847E-09   0.5165263E-04
    13675.00  0.5163428E-04   0.9774639E-09   0.5163526E-04
    13725.00  0.5138884E-04   0.9754423E-09   0.5138982E-04
    13775.00  0.5131757E-04   0.9734201E-09   0.5131854E-04
    13825.00  0.5136814E-04   0.9713973E-09   0.5136911E-04
    13875.00  0.5096057E-04   0.9693739E-09   0.5096154E-04
    13925.00  0.4836938E-04   0.9673501E-09   0.4837035E-04
    13975.00  0.4766901E-04   0.9653258E-09   0.4766998E-04
    14025.00  0.4729943E-04   0.9633012E-09   0.4730039E-04
    14075.00  0.4735796E-04   0.9612764E-09   0.4735892E-04
    14125.00  0.4666294E-04   0.9527183E-09   0.4666389E-04
    14175.00  0.4705572E-04   0.9507211E-09   0.4705667E-04
    14225.00  0.4656347E-04   0.9487237E-09   0.4656442E-04
    14275.00  0.4594537E-04   0.9467262E-09   0.4594632E-04
    14325.00  0.4635226E-04   0.9447286E-09   0.4635320E-04
    14375.00  0.4661298E-04   0.9427311E-09   0.4661392E-04
    14425.00  0.4540792E-04   0.9407337E-09   0.4540886E-04
    14475.00  0.4609186E-04   0.9387363E-09   0.4609280E-04
    14525.00  0.4574369E-04   0.9367393E-09   0.4574463E-04
    14570.00  0.4593022E-04   0.9349422E-09   0.4593115E-04
    14620.00  0.4476555E-04   0.5826869E-09   0.4476613E-04
    14675.00  0.4433048E-04   0.5811667E-09   0.4433106E-04
    14725.00  0.4407999E-04   0.5780023E-09   0.4408057E-04
    14775.00  0.4432746E-04   0.5766339E-09   0.4432804E-04
    14825.00  0.4445406E-04   0.5752695E-09   0.4445464E-04
    14875.00  0.4388636E-04   0.5739088E-09   0.4388693E-04
    14925.00  0.4487582E-04   0.5725520E-09   0.4487639E-04
    14975.00  0.4453985E-04   0.5711990E-09   0.4454042E-04
    15025.00  0.4403462E-04   0.5698497E-09   0.4403519E-04
    15075.00  0.4383057E-04   0.5685041E-09   0.4383114E-04
    15125.00  0.4460179E-04   0.5671622E-09   0.4460236E-04
    15175.00  0.4471929E-04   0.5658240E-09   0.4471986E-04
    15225.00  0.4459548E-04   0.5644898E-09   0.4459604E-04
    15275.00  0.4472656E-04   0.5631596E-09   0.4472712E-04
    15325.00  0.4472504E-04   0.5618330E-09   0.4472560E-04
    15375.00  0.4443664E-04   0.5605100E-09   0.4443720E-04
    15425.00  0.4370586E-04   0.5591904E-09   0.4370642E-04
    15475.00  0.4396854E-04   0.5578743E-09   0.4396910E-04
    15525.00  0.4364230E-04   0.5565617E-09   0.4364286E-04
    15575.00  0.4248916E-04   0.5552526E-09   0.4248972E-04
    15625.00  0.4267948E-04   0.5539469E-09   0.4268003E-04
    15675.00  0.4252403E-04   0.5526446E-09   0.4252458E-04
    15725.00  0.4308952E-04   0.5513458E-09   0.4309007E-04
    15775.00  0.4132413E-04   0.5500503E-09   0.4132468E-04
    15825.00  0.4097027E-04   0.5487582E-09   0.4097082E-04
    15875.00  0.4046114E-04   0.5474694E-09   0.4046169E-04
    15925.00  0.4195880E-04   0.5461840E-09   0.4195935E-04
    15975.00  0.4146329E-04   0.5449019E-09   0.4146383E-04
    16050.00  0.4121943E-04   0.5429850E-09   0.4121997E-04
    16150.00  0.4169182E-04   0.5404407E-09   0.4169236E-04
    16250.00  0.4078888E-04   0.5379095E-09   0.4078942E-04
    16350.00  0.4166070E-04   0.5353913E-09   0.4166124E-04
    16450.00  0.3996122E-04   0.5328860E-09   0.3996175E-04
    16550.00  0.4100691E-04   0.5303936E-09   0.4100744E-04
    16650.00  0.4031869E-04   0.5279140E-09   0.4031922E-04
    16750.00  0.3974780E-04   0.5254472E-09   0.3974833E-04
    16850.00  0.3908869E-04   0.5229930E-09   0.3908921E-04
    16950.00  0.3931388E-04   0.5205514E-09   0.3931440E-04
    17050.00  0.3858457E-04   0.5181223E-09   0.3858509E-04
    17150.00  0.3784914E-04   0.5157058E-09   0.3784966E-04
    17250.00  0.3686915E-04   0.5133017E-09   0.3686966E-04
    17350.00  0.3539700E-04   0.5109101E-09   0.3539751E-04
    17450.00  0.3505563E-04   0.5085308E-09   0.3505614E-04
    17550.00  0.3444088E-04   0.5061639E-09   0.3444139E-04
    17650.00  0.3335687E-04   0.5038092E-09   0.3335737E-04
    17750.00  0.3243505E-04   0.5014668E-09   0.3243555E-04
    17850.00  0.3158663E-04   0.4991367E-09   0.3158713E-04
    17950.00  0.3077652E-04   0.4968187E-09   0.3077702E-04
    18050.00  0.2984521E-04   0.4945128E-09   0.2984570E-04
    18150.00  0.2869686E-04   0.4922191E-09   0.2869735E-04
    18250.00  0.2857393E-04   0.4899383E-09   0.2857442E-04
    18350.00  0.2851204E-04   0.4876770E-09   0.2851253E-04
    18450.00  0.2752839E-04   0.4854271E-09   0.2752888E-04
    18550.00  0.2714420E-04   0.4582039E-09   0.2714466E-04
    18650.00  0.2647949E-04   0.4560849E-09   0.2647995E-04
    18750.00  0.2536301E-04   0.4539771E-09   0.2536346E-04
    18850.00  0.2578954E-04   0.4518805E-09   0.2578999E-04
    18950.00  0.2494880E-04   0.4497949E-09   0.2494925E-04
    19050.00  0.2508342E-04   0.4477205E-09   0.2508387E-04
    19150.00  0.2472327E-04   0.4456571E-09   0.2472372E-04
    19250.00  0.2436830E-04   0.4436047E-09   0.2436874E-04
    19350.00  0.2375031E-04   0.4415634E-09   0.2375075E-04
    19450.00  0.2284394E-04   0.4395331E-09   0.2284438E-04
    19550.00  0.2290296E-04   0.4375137E-09   0.2290340E-04
    19650.00  0.2265140E-04   0.4355052E-09   0.2265184E-04
    19750.00  0.2212808E-04   0.4335077E-09   0.2212851E-04
    19850.00  0.2184061E-04   0.4315210E-09   0.2184104E-04
    19950.00  0.2171449E-04   0.4295451E-09   0.2171492E-04
    20050.00  0.2142882E-04   0.4275801E-09   0.2142925E-04
    20150.00  0.2116074E-04   0.4256258E-09   0.2116117E-04
    20250.00  0.2089232E-04   0.4235645E-09   0.2089274E-04
    20350.00  0.2081404E-04   0.4216325E-09   0.2081446E-04
    20450.00  0.2058351E-04   0.4197111E-09   0.2058393E-04
    20550.00  0.2024804E-04   0.4178005E-09   0.2024846E-04
    20650.00  0.2011826E-04   0.4159004E-09   0.2011868E-04
    20750.00  0.2005092E-04   0.4140109E-09   0.2005133E-04
    20850.00  0.1977003E-04   0.4121319E-09   0.1977044E-04
    20950.00  0.1943743E-04   0.4102635E-09   0.1943784E-04
    21050.00  0.1952667E-04   0.4084055E-09   0.1952708E-04
    21150.00  0.1911729E-04   0.4065579E-09   0.1911770E-04
    21250.00  0.1895005E-04   0.4047207E-09   0.1895045E-04
    21350.00  0.1901876E-04   0.4028939E-09   0.1901916E-04
    21450.00  0.1871263E-04   0.4010774E-09   0.1871303E-04
    21550.00  0.1841389E-04   0.3992168E-09   0.1841429E-04
    21650.00  0.1799980E-04   0.3974213E-09   0.1800020E-04
    21750.00  0.1787348E-04   0.3956361E-09   0.1787388E-04
    21850.00  0.1782851E-04   0.3938609E-09   0.1782890E-04
    21950.00  0.1760655E-04   0.3920959E-09   0.1760694E-04
    22050.00  0.1729256E-04   0.3903409E-09   0.1729295E-04
    22150.00  0.1723114E-04   0.3885959E-09   0.1723153E-04
    22250.00  0.1695284E-04   0.3859525E-09   0.1695323E-04
    22350.00  0.1664405E-04   0.3842352E-09   0.1664443E-04
    22450.00  0.1657101E-04   0.3825277E-09   0.1657139E-04
    22550.00  0.1620879E-04   0.3808300E-09   0.1620917E-04
    22650.00  0.1599462E-04   0.3791419E-09   0.1599500E-04
    22750.00  0.1598608E-04   0.3774636E-09   0.1598646E-04
    22850.00  0.1536365E-04   0.3008583E-09   0.1536395E-04
    22950.00  0.1363310E-04   0.2992763E-09   0.1363340E-04
    23050.00  0.1419888E-04   0.2979736E-09   0.1419918E-04
    23150.00  0.1421797E-04   0.2966786E-09   0.1421827E-04
    23250.00  0.1253715E-04   0.2953915E-09   0.1253745E-04
    23350.00  0.1310916E-04   0.2941121E-09   0.1310945E-04
    23450.00  0.1268594E-04   0.2928403E-09   0.1268623E-04
    23550.00  0.1168646E-04   0.2915762E-09   0.1168675E-04
    23650.00  0.1216858E-04   0.2903197E-09   0.1216887E-04
    23750.00  0.1176038E-04   0.2890708E-09   0.1176067E-04
    23850.00  0.1079602E-04   0.2878293E-09   0.1079631E-04
    23950.00  0.1116067E-04   0.2865953E-09   0.1116096E-04
    24050.00  0.1091979E-04   0.2853686E-09   0.1092008E-04
    24150.00  0.1008009E-04   0.2841493E-09   0.1008037E-04
    24250.00  0.1044537E-04   0.2829373E-09   0.1044565E-04
    24350.00  0.1001953E-04   0.2817326E-09   0.1001981E-04
    24450.00  0.9581772E-05   0.2805350E-09   0.9582053E-05
    24550.00  0.9313232E-05   0.2793447E-09   0.9313511E-05
    24650.00  0.9262995E-05   0.2781614E-09   0.9263273E-05
    24750.00  0.8777364E-05   0.2769851E-09   0.8777641E-05
    24850.00  0.8083961E-05   0.2758159E-09   0.8084237E-05
    24950.00  0.8010638E-05   0.2746537E-09   0.8010913E-05
    25050.00  0.7990730E-05   0.2734983E-09   0.7991003E-05
    25150.00  0.7555477E-05   0.2723499E-09   0.7555749E-05
    25250.00  0.7552834E-05   0.2712083E-09   0.7553105E-05
    25350.00  0.7468779E-05   0.2700734E-09   0.7469049E-05
    25450.00  0.7261495E-05   0.2689454E-09   0.7261764E-05
    25550.00  0.7370043E-05   0.2678240E-09   0.7370311E-05
    25650.00  0.7232880E-05   0.2667092E-09   0.7233147E-05
    25750.00  0.7365823E-05   0.2656011E-09   0.7366089E-05
    25850.00  0.7084535E-05   0.2644995E-09   0.7084799E-05
    25950.00  0.7057013E-05   0.2634045E-09   0.7057276E-05
    26050.00  0.7115973E-05   0.2623159E-09   0.7116235E-05
    26150.00  0.6959915E-05   0.2612338E-09   0.6960176E-05
    26250.00  0.6912414E-05   0.2601580E-09   0.6912674E-05
    26350.00  0.6916391E-05   0.2590886E-09   0.6916650E-05
    26450.00  0.6794129E-05   0.2580255E-09   0.6794387E-05
    26550.00  0.6874706E-05   0.2569687E-09   0.6874963E-05
    26650.00  0.6518880E-05   0.2559181E-09   0.6519136E-05
    26750.00  0.6666509E-05   0.2548737E-09   0.6666764E-05
    26850.00  0.6640292E-05   0.2538354E-09   0.6640546E-05
    26950.00  0.6357580E-05   0.2528032E-09   0.6357833E-05
    27050.00  0.6422897E-05   0.2517771E-09   0.6423149E-05
    27150.00  0.6316953E-05   0.2507570E-09   0.6317204E-05
    27250.00  0.6447652E-05   0.2497429E-09   0.6447902E-05
    27350.00  0.6238365E-05   0.2487347E-09   0.6238614E-05
    27450.00  0.6199194E-05   0.2477324E-09   0.6199442E-05
    27550.00  0.6166248E-05   0.2467359E-09   0.6166495E-05
    27650.00  0.6077607E-05   0.2395781E-09   0.6077847E-05
    27750.00  0.5936529E-05   0.2386199E-09   0.5936768E-05
    27850.00  0.6024089E-05   0.2376672E-09   0.6024327E-05
    27950.00  0.5949492E-05   0.2367201E-09   0.5949729E-05
    28050.00  0.5819653E-05   0.2357785E-09   0.5819889E-05
    28150.00  0.5731843E-05   0.2348424E-09   0.5732078E-05
    28250.00  0.5777750E-05   0.2339117E-09   0.5777984E-05
    28350.00  0.5670325E-05   0.2329865E-09   0.5670558E-05
    28450.00  0.5682212E-05   0.2320666E-09   0.5682444E-05
    28550.00  0.5615525E-05   0.2311520E-09   0.5615756E-05
    28650.00  0.5614944E-05   0.2302427E-09   0.5615174E-05
    28750.00  0.5443427E-05   0.2293387E-09   0.5443656E-05
    28850.00  0.5370297E-05   0.2284399E-09   0.5370525E-05
    28950.00  0.5367192E-05   0.2275463E-09   0.5367420E-05
    29050.00  0.5398589E-05   0.2266579E-09   0.5398816E-05
    29150.00  0.5308458E-05   0.2257745E-09   0.5308684E-05
    29250.00  0.5155932E-05   0.2248963E-09   0.5156157E-05
    29350.00  0.5264557E-05   0.2240231E-09   0.5264781E-05
    29450.00  0.5084937E-05   0.2231549E-09   0.5085160E-05
    29550.00  0.5083532E-05   0.2222916E-09   0.5083754E-05
    29650.00  0.5098958E-05   0.2214334E-09   0.5099179E-05
    29750.00  0.4986953E-05   0.2205577E-09   0.4987174E-05
    29850.00  0.4929912E-05   0.2197093E-09   0.4930132E-05
    29950.00  0.4986454E-05   0.2188658E-09   0.4986673E-05
    30050.00  0.4868687E-05   0.2180270E-09   0.4868905E-05
    30150.00  0.4864539E-05   0.2171931E-09   0.4864756E-05
    30250.00  0.4771369E-05   0.2163639E-09   0.4771585E-05
    30350.00  0.4708024E-05   0.2155394E-09   0.4708240E-05
    30450.00  0.4862218E-05   0.2147196E-09   0.4862433E-05
    30550.00  0.4672955E-05   0.2139044E-09   0.4673169E-05
    30650.00  0.4649318E-05   0.2130938E-09   0.4649531E-05
    30750.00  0.4649328E-05   0.2122878E-09   0.4649540E-05
    30850.00  0.4618304E-05   0.2114864E-09   0.4618515E-05
    30950.00  0.4658223E-05   0.2106895E-09   0.4658434E-05
    31050.00  0.4650484E-05   0.2098971E-09   0.4650694E-05
    31150.00  0.4520176E-05   0.2091092E-09   0.4520385E-05
    31250.00  0.4551258E-05   0.2083256E-09   0.4551466E-05
    31350.00  0.4465938E-05   0.2075355E-09   0.4466146E-05
    31450.00  0.4486326E-05   0.2067607E-09   0.4486533E-05
    31550.00  0.4506319E-05   0.2059902E-09   0.4506525E-05
    31650.00  0.4447330E-05   0.2052241E-09   0.4447535E-05
    31750.00  0.4392354E-05   0.2044622E-09   0.4392558E-05
    31850.00  0.4377631E-05   0.2037045E-09   0.4377835E-05
    31950.00  0.4342240E-05   0.2029511E-09   0.4342443E-05
    32100.00  0.4309777E-05   0.2016447E-09   0.4309979E-05
    32300.00  0.4247117E-05   0.2001656E-09   0.4247317E-05
    32500.00  0.4216007E-05   0.1987028E-09   0.4216206E-05
    32700.00  0.4090661E-05   0.1972562E-09   0.4090858E-05
    32900.00  0.4034450E-05   0.1746597E-09   0.4034625E-05
    33100.00  0.3942276E-05   0.1733577E-09   0.3942449E-05
    33300.00  0.3922291E-05   0.1721263E-09   0.3922463E-05
    33500.00  0.3860349E-05   0.1709083E-09   0.3860520E-05
    33700.00  0.3750508E-05   0.1697035E-09   0.3750678E-05
    33900.00  0.3734783E-05   0.1685118E-09   0.3734952E-05
    34100.00  0.3667955E-05   0.1673329E-09   0.3668122E-05
    34300.00  0.3600954E-05   0.1661668E-09   0.3601120E-05
    34500.00  0.3550161E-05   0.1650131E-09   0.3550326E-05
    34700.00  0.3490708E-05   0.1638718E-09   0.3490872E-05
    34900.00  0.3430916E-05   0.1627427E-09   0.3431079E-05
    35100.00  0.3381717E-05   0.1616257E-09   0.3381879E-05
    35300.00  0.3297548E-05   0.1605204E-09   0.3297709E-05
    35500.00  0.3242687E-05   0.1594269E-09   0.3242846E-05
    35700.00  0.3188253E-05   0.1583450E-09   0.3188411E-05
    35900.00  0.3100162E-05   0.1572744E-09   0.3100319E-05
    36100.00  0.3113599E-05   0.1562150E-09   0.3113755E-05
    36300.00  0.3015730E-05   0.1551668E-09   0.3015885E-05
    36500.00  0.2974154E-05   0.1541295E-09   0.2974308E-05
    36700.00  0.2903152E-05   0.1531030E-09   0.2903305E-05
    36900.00  0.2853972E-05   0.1520871E-09   0.2854124E-05
    37100.00  0.2808098E-05   0.1510817E-09   0.2808249E-05
    37300.00  0.2774975E-05   0.1500867E-09   0.2775125E-05
    37500.00  0.2698896E-05   0.1491020E-09   0.2699045E-05
    37700.00  0.2610406E-05   0.1481273E-09   0.2610554E-05
    37900.00  0.2530296E-05   0.1471626E-09   0.2530443E-05
    38100.00  0.2566215E-05   0.1462077E-09   0.2566361E-05
    38300.00  0.2497147E-05   0.1452626E-09   0.2497292E-05
    38500.00  0.2446489E-05   0.1443270E-09   0.2446633E-05
    38700.00  0.2393368E-05   0.1414862E-09   0.2393509E-05
    38900.00  0.2365460E-05   0.1405835E-09   0.2365601E-05
    39100.00  0.2298512E-05   0.1396899E-09   0.2298652E-05
    39300.00  0.2283960E-05   0.1388052E-09   0.2284099E-05
    39500.00  0.2186672E-05   0.1379293E-09   0.2186810E-05
    39700.00  0.2181918E-05   0.1370621E-09   0.2182055E-05
    39900.00  0.2116208E-05   0.1362036E-09   0.2116344E-05
    40100.00  0.2139375E-05   0.1353535E-09   0.2139510E-05
    40300.00  0.2100436E-05   0.1345119E-09   0.2100571E-05
    40500.00  0.2003895E-05   0.1336785E-09   0.2004029E-05
    40700.00  0.1999609E-05   0.1328533E-09   0.1999742E-05
    40900.00  0.1951629E-05   0.1320361E-09   0.1951761E-05
    41100.00  0.1937448E-05   0.1312219E-09   0.1937579E-05
    41300.00  0.1886344E-05   0.1304207E-09   0.1886474E-05
    41500.00  0.1827972E-05   0.1296272E-09   0.1828102E-05
    41700.00  0.1775679E-05   0.1288414E-09   0.1775808E-05
    41900.00  0.1802844E-05   0.1280631E-09   0.1802972E-05
    42100.00  0.1731161E-05   0.1272924E-09   0.1731288E-05
    42300.00  0.1703068E-05   0.1265290E-09   0.1703195E-05
    42500.00  0.1662529E-05   0.1257728E-09   0.1662655E-05
    42700.00  0.1644435E-05   0.1250239E-09   0.1644560E-05
    42900.00  0.1582552E-05   0.1242821E-09   0.1582676E-05
    43100.00  0.1519381E-05   0.1235443E-09   0.1519505E-05
    43300.00  0.1514214E-05   0.1228164E-09   0.1514337E-05
    43500.00  0.1444153E-05   0.1220953E-09   0.1444275E-05
    43700.00  0.1407500E-05   0.1213810E-09   0.1407621E-05
    43900.00  0.1410241E-05   0.1206255E-09   0.1410362E-05
    44100.00  0.1335130E-05   0.1199250E-09   0.1335250E-05
    44300.00  0.1312156E-05   0.1192310E-09   0.1312275E-05
    44500.00  0.1287364E-05   0.1185435E-09   0.1287483E-05
    44700.00  0.1267528E-05   0.1162216E-09   0.1267644E-05
    44900.00  0.1250502E-05   0.1099567E-09   0.1250612E-05
    45100.00  0.1210908E-05   0.1093362E-09   0.1211017E-05
    45300.00  0.1182250E-05   0.1087215E-09   0.1182359E-05
    45500.00  0.1192246E-05   0.1081123E-09   0.1192354E-05
    45700.00  0.1195140E-05   0.1075086E-09   0.1195248E-05
    45900.00  0.1139257E-05   0.1069104E-09   0.1139364E-05
    46100.00  0.1136967E-05   0.1063176E-09   0.1137073E-05
    46300.00  0.1123742E-05   0.1057301E-09   0.1123848E-05
    46500.00  0.1085165E-05   0.1051479E-09   0.1085270E-05
    46700.00  0.1104132E-05   0.1045709E-09   0.1104237E-05
    46900.00  0.1082951E-05   0.1039990E-09   0.1083055E-05
    47100.00  0.1047867E-05   0.1034322E-09   0.1047970E-05
    47300.00  0.1043282E-05   0.1028704E-09   0.1043385E-05
    47500.00  0.1018916E-05   0.1023136E-09   0.1019018E-05
    47700.00  0.1023593E-05   0.1017616E-09   0.1023695E-05
    47900.00  0.1005834E-05   0.1012145E-09   0.1005935E-05
    48100.00  0.9915216E-06   0.1006722E-09   0.9916223E-06
    48300.00  0.9742111E-06   0.1001347E-09   0.9743112E-06
    48500.00  0.9597413E-06   0.9960179E-10   0.9598409E-06
    48700.00  0.9450805E-06   0.9907352E-10   0.9451796E-06
    48900.00  0.9264996E-06   0.9854982E-10   0.9265981E-06
    49100.00  0.9222225E-06   0.9803064E-10   0.9223205E-06
    49300.00  0.9101785E-06   0.9751592E-10   0.9102760E-06
    49500.00  0.8930980E-06   0.9700561E-10   0.8931950E-06
    49700.00  0.8861379E-06   0.9649967E-10   0.8862344E-06
    49900.00  0.8510306E-06   0.9599804E-10   0.8511266E-06
    50100.00  0.8475519E-06   0.9550068E-10   0.8476474E-06
    50300.00  0.8375284E-06   0.9500753E-10   0.8376234E-06
    50500.00  0.8236507E-06   0.9451854E-10   0.8237452E-06
    50700.00  0.8162408E-06   0.9403368E-10   0.8163348E-06
    50900.00  0.8070639E-06   0.9355289E-10   0.8071575E-06
    51100.00  0.7947596E-06   0.9307614E-10   0.7948527E-06
    51300.00  0.7853443E-06   0.9260336E-10   0.7854369E-06
    51500.00  0.7777509E-06   0.9143009E-10   0.7778423E-06
    51700.00  0.7734856E-06   0.9096944E-10   0.7735766E-06
    51900.00  0.7622012E-06   0.9051260E-10   0.7622917E-06
    52100.00  0.7520927E-06   0.9005953E-10   0.7521828E-06
    52300.00  0.7380250E-06   0.8961019E-10   0.7381146E-06
    52500.00  0.7282998E-06   0.8916454E-10   0.7283890E-06
    52700.00  0.7200627E-06   0.8872253E-10   0.7201514E-06
    52900.00  0.7029059E-06   0.8828414E-10   0.7029942E-06
    53100.00  0.6911762E-06   0.8784931E-10   0.6912640E-06
    53300.00  0.6818080E-06   0.8741801E-10   0.6818954E-06
    53500.00  0.6704196E-06   0.8699020E-10   0.6705066E-06
    53700.00  0.6599434E-06   0.8656585E-10   0.6600300E-06
    53900.00  0.6495704E-06   0.8614491E-10   0.6496565E-06
    54100.00  0.6405129E-06   0.8572735E-10   0.6405986E-06
    54300.00  0.6306005E-06   0.8531121E-10   0.6306858E-06
    54500.00  0.6263940E-06   0.8490034E-10   0.6264789E-06
    54700.00  0.6173956E-06   0.8449274E-10   0.6174801E-06
    54900.00  0.6110919E-06   0.8408838E-10   0.6111760E-06
    55100.00  0.6034971E-06   0.8368721E-10   0.6035808E-06
    55300.00  0.6012889E-06   0.8328921E-10   0.6013722E-06
    55500.00  0.5881571E-06   0.8289435E-10   0.5882400E-06
    55700.00  0.5848113E-06   0.8250258E-10   0.5848938E-06
    55900.00  0.5753525E-06   0.8211388E-10   0.5754346E-06
    56100.00  0.5700035E-06   0.8172821E-10   0.5700852E-06
    56300.00  0.5605026E-06   0.8134555E-10   0.5605839E-06
    56500.00  0.5561358E-06   0.8096484E-10   0.5562168E-06
    56700.00  0.5491328E-06   0.8058797E-10   0.5492134E-06
    56900.00  0.5401042E-06   0.8021400E-10   0.5401844E-06
    57100.00  0.5363787E-06   0.7984292E-10   0.5364585E-06
    57300.00  0.5295731E-06   0.7947469E-10   0.5296526E-06
    57500.00  0.5231519E-06   0.7909450E-10   0.5232310E-06
    57700.00  0.5160985E-06   0.7873218E-10   0.5161772E-06
    57900.00  0.5114936E-06   0.7837262E-10   0.5115720E-06
    58100.00  0.5039921E-06   0.7801578E-10   0.5040701E-06
    58300.00  0.4983276E-06   0.7766165E-10   0.4984053E-06
    58500.00  0.4925831E-06   0.7444605E-10   0.4926575E-06
    58700.00  0.4853176E-06   0.7410849E-10   0.4853917E-06
    58900.00  0.4795659E-06   0.7377805E-10   0.4796397E-06
    59100.00  0.4725427E-06   0.7345007E-10   0.4726162E-06
    59300.00  0.4691761E-06   0.7312454E-10   0.4692492E-06
    59500.00  0.4627780E-06   0.7280142E-10   0.4628508E-06
    59700.00  0.4584017E-06   0.7248069E-10   0.4584742E-06
    59900.00  0.4529310E-06   0.7216234E-10   0.4530032E-06
    60100.00  0.4475341E-06   0.7184632E-10   0.4476059E-06
    60300.00  0.4422255E-06   0.7153263E-10   0.4422970E-06
    60500.00  0.4361544E-06   0.7122124E-10   0.4362256E-06
    60700.00  0.4311568E-06   0.7091212E-10   0.4312277E-06
    60900.00  0.4259641E-06   0.7060525E-10   0.4260347E-06
    61100.00  0.4205073E-06   0.7030061E-10   0.4205776E-06
    61300.00  0.4162539E-06   0.6999818E-10   0.4163239E-06
    61500.00  0.4116695E-06   0.6969794E-10   0.4117392E-06
    61700.00  0.4073703E-06   0.6939986E-10   0.4074397E-06
    61900.00  0.4024958E-06   0.6910393E-10   0.4025649E-06
    62100.00  0.3981284E-06   0.6881012E-10   0.3981972E-06
    62300.00  0.3928114E-06   0.6851841E-10   0.3928799E-06
    62500.00  0.3878722E-06   0.6822878E-10   0.3879404E-06
    62700.00  0.3834737E-06   0.6794122E-10   0.3835416E-06
    62900.00  0.3792883E-06   0.6765569E-10   0.3793560E-06
    63100.00  0.3746690E-06   0.6737219E-10   0.3747364E-06
    63300.00  0.3711944E-06   0.6709069E-10   0.3712615E-06
    63500.00  0.3664755E-06   0.6681117E-10   0.3665423E-06
    63700.00  0.3629485E-06   0.6653362E-10   0.3630150E-06
    63900.00  0.3582788E-06   0.6625801E-10   0.3583451E-06
    64200.00  0.3523073E-06   0.6584820E-10   0.3523731E-06
    64600.00  0.3441469E-06   0.6530843E-10   0.3442122E-06
    65000.00  0.3364634E-06   0.6477611E-10   0.3365282E-06
    65400.00  0.3289209E-06   0.6425111E-10   0.3289852E-06
    65800.00  0.3218719E-06   0.6373328E-10   0.3219356E-06
    66200.00  0.3145400E-06   0.6292912E-10   0.3146029E-06
    66600.00  0.3076823E-06   0.6242817E-10   0.3077447E-06
    67000.00  0.3009693E-06   0.6193397E-10   0.3010312E-06
    67400.00  0.2942216E-06   0.6144638E-10   0.2942830E-06
    67800.00  0.2878401E-06   0.6096529E-10   0.2879011E-06
    68200.00  0.2815436E-06   0.6049058E-10   0.2816041E-06
    68600.00  0.2755887E-06   0.6002214E-10   0.2756487E-06
    69000.00  0.2695541E-06   0.5955984E-10   0.2696137E-06
    69400.00  0.2637955E-06   0.5910331E-10   0.2638546E-06
    69800.00  0.2582154E-06   0.5865297E-10   0.2582741E-06
    70200.00  0.2526156E-06   0.5820847E-10   0.2526738E-06
    70600.00  0.2474048E-06   0.5776969E-10   0.2474626E-06
    71000.00  0.2421742E-06   0.5733654E-10   0.2422315E-06
    71400.00  0.2371364E-06   0.5690891E-10   0.2371933E-06
    71800.00  0.2321635E-06   0.5648651E-10   0.2322200E-06
    72200.00  0.2273616E-06   0.5606963E-10   0.2274177E-06
    72600.00  0.2226078E-06   0.5565800E-10   0.2226635E-06
    73000.00  0.2180797E-06   0.5524628E-10   0.2181349E-06
    73400.00  0.2135545E-06   0.5484489E-10   0.2136093E-06
    73800.00  0.2092764E-06   0.5444848E-10   0.2093308E-06
    74200.00  0.2049137E-06   0.5279905E-10   0.2049665E-06
    74600.00  0.2003250E-06   0.5242383E-10   0.2003774E-06
    75000.00  0.1963461E-06   0.5205319E-10   0.1963982E-06
    75400.00  0.1927863E-06   0.5168704E-10   0.1928380E-06
    75800.00  0.1890936E-06   0.5132531E-10   0.1891449E-06
    76200.00  0.1853649E-06   0.5096794E-10   0.1854159E-06
    76600.00  0.1817165E-06   0.5061484E-10   0.1817671E-06
    77000.00  0.1781263E-06   0.5026595E-10   0.1781766E-06
    77400.00  0.1746726E-06   0.4992119E-10   0.1747225E-06
    77800.00  0.1712922E-06   0.4958051E-10   0.1713418E-06
    78200.00  0.1679717E-06   0.4924382E-10   0.1680209E-06
    78600.00  0.1647348E-06   0.4891108E-10   0.1647837E-06
    79000.00  0.1615729E-06   0.4858222E-10   0.1616215E-06
    79400.00  0.1584924E-06   0.4825716E-10   0.1585407E-06
    79800.00  0.1554989E-06   0.4793586E-10   0.1555468E-06
    80200.00  0.1525129E-06   0.4761825E-10   0.1525605E-06
    80600.00  0.1496413E-06   0.4730428E-10   0.1496886E-06
    81000.00  0.1468860E-06   0.4699388E-10   0.1469330E-06
    81400.00  0.1441095E-06   0.4668701E-10   0.1441562E-06
    81800.00  0.1414868E-06   0.4638359E-10   0.1415332E-06
    82200.00  0.1388818E-06   0.4608359E-10   0.1389279E-06
    82600.00  0.1363172E-06   0.4565160E-10   0.1363629E-06
    83000.00  0.1338297E-06   0.4535939E-10   0.1338751E-06
    83400.00  0.1313737E-06   0.4507043E-10   0.1314188E-06
    83800.00  0.1289918E-06   0.4478466E-10   0.1290366E-06
    84200.00  0.1266929E-06   0.4450203E-10   0.1267374E-06
    84600.00  0.1244148E-06   0.4422250E-10   0.1244590E-06
    85000.00  0.1221936E-06   0.4394602E-10   0.1222375E-06
    85400.00  0.1200033E-06   0.4367254E-10   0.1200470E-06
    85800.00  0.1178881E-06   0.4340202E-10   0.1179315E-06
    86200.00  0.1158192E-06   0.4313421E-10   0.1158623E-06
    86600.00  0.1137753E-06   0.4286948E-10   0.1138182E-06
    87000.00  0.1117902E-06   0.4260757E-10   0.1118328E-06
    87400.00  0.1098582E-06   0.4234844E-10   0.1099005E-06
    87800.00  0.1079466E-06   0.4209206E-10   0.1079887E-06
    88200.00  0.1060603E-06   0.4183838E-10   0.1061021E-06
    88600.00  0.1042481E-06   0.4158737E-10   0.1042897E-06
    89000.00  0.1024518E-06   0.4133880E-10   0.1024931E-06
    89400.00  0.1007376E-06   0.4109304E-10   0.1007787E-06
    89800.00  0.9898836E-07   0.4084982E-10   0.9902921E-07
    90200.00  0.9735600E-07   0.4060688E-10   0.9739661E-07
    90600.00  0.9572810E-07   0.4036860E-10   0.9576847E-07
    91000.00  0.9407412E-07   0.4013276E-10   0.9411425E-07
    91400.00  0.9252901E-07   0.3929470E-10   0.9256830E-07
    91800.00  0.9100941E-07   0.3906760E-10   0.9104848E-07
    92200.00  0.8951220E-07   0.3884353E-10   0.8955104E-07
    92600.00  0.8803400E-07   0.3862171E-10   0.8807262E-07
    93000.00  0.8659846E-07   0.3840212E-10   0.8663686E-07
    93400.00  0.8517171E-07   0.3818472E-10   0.8520989E-07
    93800.00  0.8378350E-07   0.3796947E-10   0.8382147E-07
    94200.00  0.8242560E-07   0.3775636E-10   0.8246336E-07
    94600.00  0.8108857E-07   0.3754536E-10   0.8112612E-07
    95000.00  0.7978362E-07   0.3733642E-10   0.7982096E-07
    95400.00  0.7851396E-07   0.3712953E-10   0.7855109E-07
    95800.00  0.7726729E-07   0.3692466E-10   0.7730421E-07
    96200.00  0.7602639E-07   0.3672178E-10   0.7606311E-07
    96600.00  0.7483498E-07   0.3652086E-10   0.7487150E-07
    97000.00  0.7365647E-07   0.3632188E-10   0.7369279E-07
    97400.00  0.7245571E-07   0.3612481E-10   0.7249183E-07
    97800.00  0.7134798E-07   0.3592962E-10   0.7138391E-07
    98200.00  0.7025426E-07   0.3573629E-10   0.7029000E-07
    98600.00  0.6916138E-07   0.3554480E-10   0.6919692E-07
    99000.00  0.6809609E-07   0.3535512E-10   0.6813145E-07
    99400.00  0.6703867E-07   0.3516723E-10   0.6707384E-07
    99800.00  0.6601316E-07   0.3498109E-10   0.6604814E-07
   100200.00  0.6500195E-07   0.9491304E-11   0.6501144E-07
   200000.00  0.4406291E-08   0.2382327E-11   0.4408673E-08
   400000.00  0.2844629E-09   0.5955817E-12   0.2850585E-09
   600000.00  0.5662362E-10   0.2647030E-12   0.5688832E-10
   800000.00  0.1795682E-10   0.1488954E-12   0.1810572E-10
  1000000.00  0.7356688E-11   0.9529307E-13   0.7451981E-11
  1200000.00  0.3546324E-11   0.6617574E-13   0.3612500E-11
  1400000.00  0.1912564E-11   0.4861891E-13   0.1961183E-11
  1600000.00  0.1119862E-11   0.3722385E-13   0.1157086E-11
