       91.00  0.5399078E-08   0.0000000E+00   0.5399078E-08
       94.00  0.5034067E-07   0.0000000E+00   0.5034067E-07
       96.00  0.6377013E-07   0.0000000E+00   0.6377013E-07
       98.00  0.1320655E-06   0.0000000E+00   0.1320655E-06
      100.00  0.2058583E-06   0.0000000E+00   0.2058583E-06
      102.00  0.1453244E-06   0.0000000E+00   0.1453244E-06
      104.00  0.1939064E-06   0.0000000E+00   0.1939064E-06
      106.00  0.2037813E-06   0.0000000E+00   0.2037813E-06
      108.00  0.2366078E-06   0.0000000E+00   0.2366078E-06
      110.00  0.2655640E-06   0.0000000E+00   0.2655640E-06
      114.00  0.2241065E-06   0.0000000E+00   0.2241065E-06
      118.00  0.1943102E-06   0.0000000E+00   0.1943102E-06
      121.00  0.3193036E-06   0.0000000E+00   0.3193036E-06
      125.00  0.3555235E-06   0.0000000E+00   0.3555235E-06
      127.00  0.3440754E-06   0.0000000E+00   0.3440754E-06
      128.00  0.3417221E-06   0.0000000E+00   0.3417221E-06
      131.00  0.3117807E-06   0.0000000E+00   0.3117807E-06
      132.00  0.3456955E-06   0.0000000E+00   0.3456955E-06
      134.00  0.3551445E-06   0.0000000E+00   0.3551445E-06
      137.00  0.3513040E-06   0.0000000E+00   0.3513040E-06
      140.00  0.3519074E-06   0.0000000E+00   0.3519074E-06
      143.00  0.4232320E-06   0.0000000E+00   0.4232320E-06
      147.00  0.4415733E-06   0.0000000E+00   0.4415733E-06
      151.00  0.4532690E-06   0.0000000E+00   0.4532690E-06
      155.00  0.4406573E-06   0.0000000E+00   0.4406573E-06
      159.00  0.4685567E-06   0.0000000E+00   0.4685567E-06
      162.00  0.4745349E-06   0.0000000E+00   0.4745349E-06
      166.00  0.4601499E-06   0.0000000E+00   0.4601499E-06
      170.00  0.4173964E-06   0.0000000E+00   0.4173964E-06
      173.00  0.4423893E-06   0.0000000E+00   0.4423893E-06
      177.00  0.4141525E-06   0.0000000E+00   0.4141525E-06
      180.00  0.4485407E-06   0.0000000E+00   0.4485407E-06
      182.00  0.4490181E-06   0.0000000E+00   0.4490181E-06
      186.00  0.4431167E-06   0.0000000E+00   0.4431167E-06
      191.00  0.4514117E-06   0.0000000E+00   0.4514117E-06
      194.00  0.4668599E-06   0.0000000E+00   0.4668599E-06
      198.00  0.4686707E-06   0.0000000E+00   0.4686707E-06
      202.00  0.4820030E-06   0.0000000E+00   0.4820030E-06
      205.00  0.4779432E-06   0.0000000E+00   0.4779432E-06
      210.00  0.4709128E-06   0.0000000E+00   0.4709128E-06
      216.00  0.4774501E-06   0.0000000E+00   0.4774501E-06
      220.00  0.4687392E-06   0.0000000E+00   0.4687392E-06
      223.00  0.4736974E-06   0.0000000E+00   0.4736974E-06
      227.00  0.4888570E-06   0.0000000E+00   0.4888570E-06
      228.00  0.4941735E-06   0.0000000E+00   0.4941735E-06
      228.00  0.3898633E-06   0.0000000E+00   0.3898633E-06
      230.00  0.7855392E-06   0.0000000E+00   0.7855392E-06
      234.00  0.1576891E-05   0.0000000E+00   0.1576891E-05
      240.00  0.2354630E-05   0.0000000E+00   0.2354630E-05
      246.00  0.2755139E-05   0.0000000E+00   0.2755139E-05
      252.00  0.3330104E-05   0.0000000E+00   0.3330104E-05
      257.00  0.2349887E-05   0.0000000E+00   0.2349887E-05
      260.00  0.3243742E-05   0.0000000E+00   0.3243742E-05
      264.00  0.3264426E-05   0.0000000E+00   0.3264426E-05
      269.00  0.3247660E-05   0.0000000E+00   0.3247660E-05
      274.00  0.3215337E-05   0.0000000E+00   0.3215337E-05
      279.00  0.2934596E-05   0.0000000E+00   0.2934596E-05
      284.00  0.2905692E-05   0.0000000E+00   0.2905692E-05
      290.00  0.2688490E-05   0.0000000E+00   0.2688490E-05
      296.00  0.2558370E-05   0.0000000E+00   0.2558370E-05
      301.00  0.1938589E-05   0.0000000E+00   0.1938589E-05
      308.00  0.2134720E-05   0.0000000E+00   0.2134720E-05
      318.00  0.2353849E-05   0.0000000E+00   0.2353849E-05
      328.00  0.2244403E-05   0.0000000E+00   0.2244403E-05
      338.00  0.2056659E-05   0.0000000E+00   0.2056659E-05
      348.00  0.1915796E-05   0.0000000E+00   0.1915796E-05
      353.30  0.1860147E-05   0.0000000E+00   0.1860147E-05
      353.30  0.1844038E-05   0.0000000E+00   0.1844038E-05
      357.00  0.1813475E-05   0.0000000E+00   0.1813475E-05
      366.00  0.1739132E-05   0.0000000E+00   0.1739132E-05
      375.00  0.1662159E-05   0.0000000E+00   0.1662159E-05
      385.00  0.1534788E-05   0.0000000E+00   0.1534788E-05
      395.00  0.1477034E-05   0.0000000E+00   0.1477034E-05
      405.00  0.1412985E-05   0.0000000E+00   0.1412985E-05
      414.00  0.1350637E-05   0.0000000E+00   0.1350637E-05
      422.00  0.1285501E-05   0.0000000E+00   0.1285501E-05
      430.00  0.1208325E-05   0.0000000E+00   0.1208325E-05
      441.00  0.1163519E-05   0.0000000E+00   0.1163519E-05
      451.00  0.1114117E-05   0.0000000E+00   0.1114117E-05
      460.00  0.1060854E-05   0.0000000E+00   0.1060854E-05
      470.00  0.1011694E-05   0.0000000E+00   0.1011694E-05
      480.00  0.9641968E-06   0.0000000E+00   0.9641968E-06
      490.00  0.9129987E-06   0.0000000E+00   0.9129987E-06
      500.00  0.8774893E-06   0.0000000E+00   0.8774893E-06
      504.60  0.8676784E-06   0.0000000E+00   0.8676784E-06
      504.60  0.8583004E-06   0.0000000E+00   0.8583004E-06
      506.00  0.8495470E-06   0.0000000E+00   0.8495470E-06
      512.00  0.8232869E-06   0.0000000E+00   0.8232869E-06
      520.00  0.7939131E-06   0.0000000E+00   0.7939131E-06
      530.00  0.7583145E-06   0.0000000E+00   0.7583145E-06
      540.00  0.7192736E-06   0.0000000E+00   0.7192736E-06
      550.00  0.6834924E-06   0.0000000E+00   0.6834924E-06
      560.00  0.6588868E-06   0.0000000E+00   0.6588868E-06
      570.00  0.6320971E-06   0.0000000E+00   0.6320971E-06
      580.00  0.6025031E-06   0.0000000E+00   0.6025031E-06
      590.00  0.5795139E-06   0.0000000E+00   0.5795139E-06
      600.00  0.5552126E-06   0.0000000E+00   0.5552126E-06
      610.00  0.5212718E-06   0.0000000E+00   0.5212718E-06
      620.00  0.5110228E-06   0.0000000E+00   0.5110228E-06
      630.00  0.4898959E-06   0.0000000E+00   0.4898959E-06
      640.00  0.4712556E-06   0.0000000E+00   0.4712556E-06
      650.00  0.4544962E-06   0.0000000E+00   0.4544962E-06
      658.00  0.4396898E-06   0.0000000E+00   0.4396898E-06
      665.00  0.4265238E-06   0.0000000E+00   0.4265238E-06
      675.00  0.4114557E-06   0.0000000E+00   0.4114557E-06
      685.00  0.3955797E-06   0.0000000E+00   0.3955797E-06
      695.00  0.3815601E-06   0.0000000E+00   0.3815601E-06
      705.00  0.3671690E-06   0.0000000E+00   0.3671690E-06
      716.00  0.3529974E-06   0.0000000E+00   0.3529974E-06
      726.00  0.3413113E-06   0.0000000E+00   0.3413113E-06
      735.00  0.3298712E-06   0.0000000E+00   0.3298712E-06
      745.00  0.3183770E-06   0.0000000E+00   0.3183770E-06
      755.00  0.3084807E-06   0.0000000E+00   0.3084807E-06
      765.00  0.2942435E-06   0.0000000E+00   0.2942435E-06
      775.00  0.2875914E-06   0.0000000E+00   0.2875914E-06
      785.00  0.2726840E-06   0.0000000E+00   0.2726840E-06
      795.00  0.2685951E-06   0.0000000E+00   0.2685951E-06
      805.00  0.2615994E-06   0.0000000E+00   0.2615994E-06
      815.00  0.2533384E-06   0.0000000E+00   0.2533384E-06
      825.00  0.2449882E-06   0.0000000E+00   0.2449882E-06
      835.00  0.2362931E-06   0.0000000E+00   0.2362931E-06
      845.00  0.2306675E-06   0.0000000E+00   0.2306675E-06
      855.00  0.2236908E-06   0.0000000E+00   0.2236908E-06
      865.00  0.2167133E-06   0.0000000E+00   0.2167133E-06
      875.00  0.2109092E-06   0.0000000E+00   0.2109092E-06
      885.00  0.2049076E-06   0.0000000E+00   0.2049076E-06
      895.00  0.1989781E-06   0.0000000E+00   0.1989781E-06
      905.00  0.1932965E-06   0.0000000E+00   0.1932965E-06
      912.40  0.1892517E-06   0.4638578E-10   0.1892981E-06
      912.40  0.1709012E-06   0.4638648E-10   0.1709475E-06
      915.00  0.1914710E-06   0.5290494E-10   0.1915239E-06
      925.00  0.2705865E-06   0.6124012E-10   0.2706477E-06
      935.00  0.3422678E-06   0.7065026E-10   0.3423385E-06
      945.00  0.4105388E-06   0.8124130E-10   0.4106200E-06
      955.00  0.4357306E-06   0.9312601E-10   0.4358237E-06
      965.00  0.4654964E-06   0.1064241E-09   0.4656028E-06
      975.00  0.2870027E-06   0.1212622E-09   0.2871240E-06
      985.00  0.4137435E-06   0.1377740E-09   0.4138813E-06
      995.00  0.3807009E-06   0.1561006E-09   0.3808570E-06
     1005.00  0.4349913E-06   0.1763898E-09   0.4351677E-06
     1015.00  0.4268194E-06   0.1987970E-09   0.4270182E-06
     1025.00  0.3344951E-06   0.2234846E-09   0.3347186E-06
     1035.00  0.3889168E-06   0.2506222E-09   0.3891674E-06
     1045.00  0.4368024E-06   0.2803933E-09   0.4370828E-06
     1055.00  0.4168224E-06   0.3129770E-09   0.4171354E-06
     1065.00  0.3851638E-06   0.3485629E-09   0.3855124E-06
     1075.00  0.3937989E-06   0.3873485E-09   0.3941862E-06
     1085.00  0.3446140E-06   0.4295380E-09   0.3450435E-06
     1095.00  0.3876228E-06   0.4753420E-09   0.3880981E-06
     1105.00  0.3707351E-06   0.5249776E-09   0.3712601E-06
     1115.00  0.3654748E-06   0.5786675E-09   0.3660535E-06
     1125.00  0.3375789E-06   0.6366399E-09   0.3382155E-06
     1135.00  0.3577213E-06   0.6991306E-09   0.3584204E-06
     1145.00  0.3407794E-06   0.7663795E-09   0.3415458E-06
     1155.00  0.3383274E-06   0.8386322E-09   0.3391660E-06
     1165.00  0.3314685E-06   0.9161389E-09   0.3323846E-06
     1175.00  0.2744584E-06   0.9991545E-09   0.2754576E-06
     1185.00  0.3178671E-06   0.1087938E-08   0.3189550E-06
     1195.00  0.3027519E-06   0.1182754E-08   0.3039347E-06
     1205.00  0.2684064E-06   0.1283868E-08   0.2696903E-06
     1215.00  0.2214879E-06   0.1391552E-08   0.2228795E-06
     1225.00  0.2839417E-06   0.1279609E-07   0.2967378E-06
     1235.00  0.2912204E-06   0.2316037E-07   0.3143808E-06
     1245.00  0.2868677E-06   0.3199321E-07   0.3188609E-06
     1255.00  0.2787804E-06   0.3956128E-07   0.3183417E-06
     1265.00  0.2757575E-06   0.4606235E-07   0.3218199E-06
     1275.00  0.2761106E-06   0.5165282E-07   0.3277634E-06
     1285.00  0.2704432E-06   0.5646043E-07   0.3269036E-06
     1295.00  0.2496969E-06   0.6059156E-07   0.3102885E-06
     1305.00  0.2501380E-06   0.6413595E-07   0.3142739E-06
     1315.00  0.2577011E-06   0.6717000E-07   0.3248711E-06
     1325.00  0.2477184E-06   0.6975928E-07   0.3174777E-06
     1335.00  0.2404794E-06   0.7196030E-07   0.3124397E-06
     1345.00  0.2409431E-06   0.7382209E-07   0.3147652E-06
     1355.00  0.2376234E-06   0.7538725E-07   0.3130107E-06
     1365.00  0.2284517E-06   0.7669302E-07   0.3051447E-06
     1375.00  0.2225487E-06   0.7777197E-07   0.3003207E-06
     1385.00  0.2195919E-06   0.7865272E-07   0.2982446E-06
     1395.00  0.1907697E-06   0.7936041E-07   0.2701301E-06
     1405.00  0.1931471E-06   0.7991725E-07   0.2730644E-06
     1415.00  0.2078432E-06   0.8034283E-07   0.2881860E-06
     1425.00  0.2016111E-06   0.8065448E-07   0.2822656E-06
     1435.00  0.2039777E-06   0.8086759E-07   0.2848453E-06
     1442.00  0.2040775E-06   0.8096549E-07   0.2850430E-06
     1447.00  0.2000794E-06   0.8101232E-07   0.2810917E-06
     1455.00  0.1974891E-06   0.8105119E-07   0.2785403E-06
     1465.00  0.1903284E-06   0.8104460E-07   0.2713730E-06
     1475.00  0.1897117E-06   0.8098561E-07   0.2706973E-06
     1485.00  0.1891601E-06   0.8088281E-07   0.2700429E-06
     1495.00  0.1870682E-06   0.8074384E-07   0.2678120E-06
     1505.00  0.1809444E-06   0.8057554E-07   0.2615199E-06
     1512.00  0.1710934E-06   0.8044358E-07   0.2515370E-06
     1517.00  0.1730622E-06   0.8034342E-07   0.2534056E-06
     1525.00  0.1771587E-06   0.8017475E-07   0.2573334E-06
     1535.00  0.1676338E-06   0.7995262E-07   0.2475864E-06
     1545.00  0.1632543E-06   0.7972204E-07   0.2429763E-06
     1555.00  0.1662158E-06   0.7948631E-07   0.2457021E-06
     1565.00  0.1728028E-06   0.7924946E-07   0.2520523E-06
     1575.00  0.1947230E-06   0.7901467E-07   0.2737377E-06
     1585.00  0.2153919E-06   0.7878479E-07   0.2941767E-06
     1595.00  0.2343913E-06   0.7856236E-07   0.3129537E-06
     1605.00  0.2238795E-06   0.7834964E-07   0.3022291E-06
     1615.00  0.2386975E-06   0.7814869E-07   0.3168462E-06
     1625.00  0.2301918E-06   0.7796134E-07   0.3081531E-06
     1635.00  0.2469480E-06   0.7778910E-07   0.3247371E-06
     1645.00  0.3238558E-06   0.7763348E-07   0.4014893E-06
     1655.00  0.2370331E-06   0.7749586E-07   0.3145290E-06
     1665.00  0.3685338E-06   0.7737741E-07   0.4459112E-06
     1672.00  0.2790481E-06   0.7730647E-07   0.3563546E-06
     1677.00  0.1256682E-05   0.7726205E-07   0.1333944E-05
     1685.00  0.1296769E-05   0.7720210E-07   0.1373971E-05
     1695.00  0.1086694E-05   0.7714699E-07   0.1163841E-05
     1705.00  0.1374401E-05   0.7711459E-07   0.1451516E-05
     1715.00  0.1959340E-05   0.7710554E-07   0.2036446E-05
     1725.00  0.2229702E-05   0.7712041E-07   0.2306822E-05
     1735.00  0.2699143E-05   0.7715970E-07   0.2776303E-05
     1745.00  0.2664389E-05   0.7722383E-07   0.2741613E-05
     1755.00  0.3308902E-05   0.7731320E-07   0.3386215E-05
     1765.00  0.2404312E-05   0.7742810E-07   0.2481740E-05
     1775.00  0.3093459E-05   0.7756883E-07   0.3171028E-05
     1785.00  0.3408469E-05   0.7773559E-07   0.3486205E-05
     1795.00  0.4458528E-05   0.7792859E-07   0.4536457E-05
     1805.00  0.4555509E-05   0.7814796E-07   0.4633657E-05
     1815.00  0.4930140E-05   0.7839382E-07   0.5008534E-05
     1825.00  0.4492052E-05   0.7866626E-07   0.4570718E-05
     1835.00  0.4596581E-05   0.7896536E-07   0.4675546E-05
     1845.00  0.3333715E-05   0.7929112E-07   0.3413006E-05
     1855.00  0.4422319E-05   0.7964354E-07   0.4501963E-05
     1865.00  0.5646622E-05   0.8002259E-07   0.5726645E-05
     1875.00  0.5339400E-05   0.8042824E-07   0.5419828E-05
     1885.00  0.5575471E-05   0.8086043E-07   0.5656331E-05
     1895.00  0.6321399E-05   0.8131907E-07   0.6402718E-05
     1905.00  0.5961910E-05   0.8180408E-07   0.6043714E-05
     1915.00  0.6626390E-05   0.8231534E-07   0.6708705E-05
     1925.00  0.6132239E-05   0.8285274E-07   0.6215092E-05
     1935.00  0.3866048E-05   0.8341612E-07   0.3949464E-05
     1945.00  0.7294906E-05   0.8400401E-07   0.7378910E-05
     1955.00  0.7685208E-05   0.8461562E-07   0.7769824E-05
     1967.00  0.8911015E-05   0.8538257E-07   0.8996398E-05
     1976.00  0.8397768E-05   0.8598121E-07   0.8483749E-05
     1984.00  0.8590256E-05   0.8653007E-07   0.8676786E-05
     1995.00  0.8584214E-05   0.8731024E-07   0.8671524E-05
     2005.00  0.7794146E-05   0.8804486E-07   0.7882191E-05
     2015.00  0.8280559E-05   0.8880344E-07   0.8369362E-05
     2025.00  0.6874813E-05   0.8958572E-07   0.6964399E-05
     2035.00  0.8977895E-05   0.9039621E-07   0.9068291E-05
     2045.00  0.1001873E-04   0.9123216E-07   0.1010996E-04
     2055.00  0.9873112E-05   0.4313401E-07   0.9916246E-05
     2065.00  0.9318819E-05   0.4284920E-07   0.9361668E-05
     2074.00  0.1122035E-04   0.4260098E-07   0.1126295E-04
     2078.00  0.1293485E-04   0.4249310E-07   0.1297734E-04
     2085.00  0.1298765E-04   0.4230789E-07   0.1302996E-04
     2095.00  0.1222385E-04   0.4205113E-07   0.1226590E-04
     2105.00  0.1135509E-04   0.4180347E-07   0.1139689E-04
     2115.00  0.1237723E-04   0.4156477E-07   0.1241879E-04
     2125.00  0.1162503E-04   0.4133491E-07   0.1166636E-04
     2135.00  0.1027917E-04   0.4111375E-07   0.1032028E-04
     2145.00  0.1258790E-04   0.4090116E-07   0.1262880E-04
     2155.00  0.1244352E-04   0.4069701E-07   0.1248422E-04
     2165.00  0.1127329E-04   0.4050118E-07   0.1131379E-04
     2175.00  0.1139256E-04   0.4031356E-07   0.1143287E-04
     2185.00  0.1297348E-04   0.4013403E-07   0.1301361E-04
     2195.00  0.1419308E-04   0.3996243E-07   0.1423304E-04
     2205.00  0.1336877E-04   0.3979865E-07   0.1340857E-04
     2215.00  0.1151176E-04   0.3964255E-07   0.1155140E-04
     2225.00  0.1216839E-04   0.3949402E-07   0.1220788E-04
     2235.00  0.1509181E-04   0.3935292E-07   0.1513116E-04
     2245.00  0.1394312E-04   0.3921913E-07   0.1398234E-04
     2255.00  0.1187830E-04   0.3909255E-07   0.1191739E-04
     2265.00  0.1154690E-04   0.3897303E-07   0.1158587E-04
     2275.00  0.1258447E-04   0.3886047E-07   0.1262333E-04
     2285.00  0.1459969E-04   0.3875436E-07   0.1463844E-04
     2295.00  0.1279971E-04   0.3865455E-07   0.1283836E-04
     2305.00  0.1452261E-04   0.3856130E-07   0.1456117E-04
     2315.00  0.1387416E-04   0.3847449E-07   0.1391263E-04
     2325.00  0.1139160E-04   0.3839400E-07   0.1142999E-04
     2335.00  0.1085462E-04   0.3831973E-07   0.1089294E-04
     2345.00  0.7862442E-05   0.3825157E-07   0.7900694E-05
     2355.00  0.1331674E-04   0.3818941E-07   0.1335493E-04
     2365.00  0.8670581E-05   0.3813312E-07   0.8708714E-05
     2375.00  0.1137082E-04   0.3808262E-07   0.1140890E-04
     2385.00  0.6707078E-05   0.3803779E-07   0.6745116E-05
     2395.00  0.8633820E-05   0.3799853E-07   0.8671819E-05
     2405.00  0.8627993E-05   0.3796476E-07   0.8665958E-05
     2415.00  0.9428837E-05   0.3793638E-07   0.9466773E-05
     2425.00  0.1418858E-04   0.3791327E-07   0.1422649E-04
     2435.00  0.1379148E-04   0.3789533E-07   0.1382938E-04
     2445.00  0.1577328E-04   0.3788245E-07   0.1581116E-04
     2455.00  0.1593575E-04   0.3787455E-07   0.1597362E-04
     2465.00  0.1576063E-04   0.3787152E-07   0.1579850E-04
     2475.00  0.1376052E-04   0.3787328E-07   0.1379839E-04
     2485.00  0.1134710E-04   0.3787973E-07   0.1138498E-04
     2495.00  0.1171200E-04   0.3789077E-07   0.1174989E-04
     2505.00  0.1645104E-04   0.3790632E-07   0.1648895E-04
     2513.00  0.1000942E-04   0.3792195E-07   0.1004734E-04
     2518.00  0.7277360E-05   0.3793313E-07   0.7315293E-05
     2525.00  0.7834479E-05   0.3795059E-07   0.7872430E-05
     2535.00  0.1033579E-04   0.3797912E-07   0.1037377E-04
     2545.00  0.1117374E-04   0.3801180E-07   0.1121175E-04
     2555.00  0.1510677E-04   0.3804854E-07   0.1514482E-04
     2565.00  0.1321449E-04   0.3808926E-07   0.1325258E-04
     2575.00  0.1574364E-04   0.3813389E-07   0.1578177E-04
     2585.00  0.1506317E-04   0.3818234E-07   0.1510135E-04
     2595.00  0.1424662E-04   0.3823454E-07   0.1428485E-04
     2605.00  0.1272877E-04   0.3687106E-07   0.1276564E-04
     2615.00  0.1130325E-04   0.3692135E-07   0.1134017E-04
     2625.00  0.1526605E-04   0.3697527E-07   0.1530303E-04
     2635.00  0.1927062E-04   0.3703275E-07   0.1930765E-04
     2645.00  0.2481677E-04   0.3709371E-07   0.2485386E-04
     2655.00  0.2876705E-04   0.3715808E-07   0.2880421E-04
     2665.00  0.2257729E-04   0.3722579E-07   0.2261452E-04
     2675.00  0.2505193E-04   0.3729677E-07   0.2508923E-04
     2685.00  0.2685455E-04   0.3737095E-07   0.2689192E-04
     2695.00  0.2183412E-04   0.3744827E-07   0.2187157E-04
     2705.00  0.2456068E-04   0.3752864E-07   0.2459821E-04
     2715.00  0.2003518E-04   0.3761202E-07   0.2007279E-04
     2725.00  0.1939121E-04   0.3769833E-07   0.1942891E-04
     2735.00  0.2216283E-04   0.3778751E-07   0.2220062E-04
     2745.00  0.1430997E-04   0.3787949E-07   0.1434785E-04
     2755.00  0.1763886E-04   0.3797422E-07   0.1767683E-04
     2765.00  0.2125704E-04   0.3807162E-07   0.2129511E-04
     2775.00  0.2322017E-04   0.3817165E-07   0.2325834E-04
     2785.00  0.1697209E-04   0.3827423E-07   0.1701036E-04
     2795.00  0.6058031E-05   0.3837932E-07   0.6096410E-05
     2805.00  0.8042617E-05   0.3848684E-07   0.8081104E-05
     2815.00  0.2286395E-04   0.3859676E-07   0.2290255E-04
     2825.00  0.2791797E-04   0.3870900E-07   0.2795668E-04
     2835.00  0.2690960E-04   0.3882352E-07   0.2694842E-04
     2845.00  0.2341663E-04   0.3894025E-07   0.2345557E-04
     2855.00  0.1638214E-04   0.3905873E-07   0.1642120E-04
     2865.00  0.2705462E-04   0.3917887E-07   0.2709380E-04
     2875.00  0.2981766E-04   0.3930101E-07   0.2985696E-04
     2885.00  0.2850715E-04   0.3942511E-07   0.2854658E-04
     2895.00  0.2981002E-04   0.3955111E-07   0.2984957E-04
     2910.00  0.3631073E-04   0.3974358E-07   0.3635047E-04
     2930.00  0.3378750E-04   0.4000640E-07   0.3382751E-04
     2950.00  0.3273981E-04   0.4027596E-07   0.3278009E-04
     2970.00  0.3390721E-04   0.4055189E-07   0.3394776E-04
     2990.00  0.3455846E-04   0.4083383E-07   0.3459929E-04
     3010.00  0.3528936E-04   0.4112142E-07   0.3533048E-04
     3030.00  0.3601998E-04   0.4141433E-07   0.3606139E-04
     3050.00  0.3754948E-04   0.4171238E-07   0.3759119E-04
     3070.00  0.3836495E-04   0.4201529E-07   0.3840697E-04
     3090.00  0.3834551E-04   0.4232264E-07   0.3838783E-04
     3110.00  0.3974474E-04   0.4263413E-07   0.3978737E-04
     3130.00  0.3848158E-04   0.4256245E-07   0.3852414E-04
     3150.00  0.3837602E-04   0.4287714E-07   0.3841890E-04
     3170.00  0.4053082E-04   0.4319516E-07   0.4057402E-04
     3190.00  0.3719402E-04   0.4351628E-07   0.3723754E-04
     3210.00  0.4002817E-04   0.4384022E-07   0.4007201E-04
     3230.00  0.3647090E-04   0.4416676E-07   0.3651507E-04
     3250.00  0.4336858E-04   0.4449566E-07   0.4341308E-04
     3270.00  0.4780298E-04   0.4482611E-07   0.4784781E-04
     3290.00  0.4743819E-04   0.4515806E-07   0.4748335E-04
     3310.00  0.4678304E-04   0.4549159E-07   0.4682853E-04
     3330.00  0.4687116E-04   0.4582650E-07   0.4691699E-04
     3350.00  0.4582082E-04   0.4616259E-07   0.4586698E-04
     3370.00  0.3988462E-04   0.4649967E-07   0.3993112E-04
     3390.00  0.4305252E-04   0.4683756E-07   0.4309936E-04
     3410.00  0.4378557E-04   0.4717608E-07   0.4383275E-04
     3430.00  0.4636700E-04   0.4469914E-07   0.4641170E-04
     3450.00  0.4703886E-04   0.4500534E-07   0.4708387E-04
     3470.00  0.4792500E-04   0.4531189E-07   0.4797031E-04
     3490.00  0.5048077E-04   0.4561864E-07   0.5052639E-04
     3510.00  0.5249944E-04   0.4592538E-07   0.5254537E-04
     3530.00  0.4955771E-04   0.4623146E-07   0.4960394E-04
     3550.00  0.5475829E-04   0.4653722E-07   0.5480483E-04
     3570.00  0.4595054E-04   0.4684254E-07   0.4599738E-04
     3590.00  0.4520470E-04   0.4714730E-07   0.4525185E-04
     3610.00  0.5043310E-04   0.4745137E-07   0.5048055E-04
     3630.00  0.5142088E-04   0.4775466E-07   0.5146863E-04
     3640.00  0.5261734E-04   0.4790598E-07   0.5266525E-04
     3650.00  0.5656879E-04   0.1016988E-07   0.5657896E-04
     3670.00  0.5654438E-04   0.1010695E-07   0.5655449E-04
     3690.00  0.5393528E-04   0.9463237E-08   0.5394474E-04
     3710.00  0.5854059E-04   0.9398013E-08   0.5854999E-04
     3730.00  0.4929125E-04   0.9334736E-08   0.4930058E-04
     3750.00  0.5532282E-04   0.9273343E-08   0.5533209E-04
     3770.00  0.6218261E-04   0.9213775E-08   0.6219182E-04
     3790.00  0.6519035E-04   0.9155976E-08   0.6519951E-04
     3810.00  0.6709090E-04   0.9099889E-08   0.6710000E-04
     3830.00  0.5069354E-04   0.9045461E-08   0.5070259E-04
     3850.00  0.6334811E-04   0.8992639E-08   0.6335710E-04
     3870.00  0.6366336E-04   0.8941372E-08   0.6367230E-04
     3890.00  0.6136475E-04   0.8891612E-08   0.6137364E-04
     3910.00  0.7309046E-04   0.8843312E-08   0.7309930E-04
     3930.00  0.4684081E-04   0.8796425E-08   0.4684961E-04
     3950.00  0.6884866E-04   0.8750906E-08   0.6885741E-04
     3970.00  0.4954728E-04   0.8706732E-08   0.4955599E-04
     3990.00  0.8245444E-04   0.8663899E-08   0.8246310E-04
     4010.00  0.8769342E-04   0.8622306E-08   0.8770204E-04
     4030.00  0.8748498E-04   0.8581912E-08   0.8749356E-04
     4050.00  0.8572982E-04   0.8542682E-08   0.8573836E-04
     4070.00  0.8368162E-04   0.8504576E-08   0.8369012E-04
     4090.00  0.8955684E-04   0.8467561E-08   0.8956531E-04
     4110.00  0.8298655E-04   0.8431602E-08   0.8299498E-04
     4130.00  0.8851975E-04   0.8396664E-08   0.8852815E-04
     4150.00  0.8823594E-04   0.8362716E-08   0.8824430E-04
     4170.00  0.8910155E-04   0.8329726E-08   0.8910988E-04
     4190.00  0.8707902E-04   0.8297664E-08   0.8708732E-04
     4210.00  0.8784220E-04   0.8266501E-08   0.8785047E-04
     4230.00  0.8634341E-04   0.8236207E-08   0.8635165E-04
     4250.00  0.8713984E-04   0.8206754E-08   0.8714805E-04
     4270.00  0.8434734E-04   0.8178118E-08   0.8435552E-04
     4290.00  0.8043841E-04   0.8150269E-08   0.8044656E-04
     4310.00  0.7170120E-04   0.8123185E-08   0.7170932E-04
     4330.00  0.8748982E-04   0.8096840E-08   0.8749792E-04
     4350.00  0.8291291E-04   0.8071215E-08   0.8292098E-04
     4370.00  0.9284310E-04   0.8046289E-08   0.9285115E-04
     4390.00  0.8827726E-04   0.8022033E-08   0.8828528E-04
     4410.00  0.9200099E-04   0.7998425E-08   0.9200899E-04
     4430.00  0.9734607E-04   0.7975445E-08   0.9735405E-04
     4450.00  0.9701157E-04   0.7953071E-08   0.9701952E-04
     4470.00  0.1003208E-03   0.7931285E-08   0.1003287E-03
     4490.00  0.1021642E-03   0.7910067E-08   0.1021721E-03
     4510.00  0.1091185E-03   0.7889398E-08   0.1091264E-03
     4530.00  0.1014480E-03   0.7869261E-08   0.1014559E-03
     4550.00  0.1037332E-03   0.7849639E-08   0.1037410E-03
     4570.00  0.1087101E-03   0.7830514E-08   0.1087179E-03
     4590.00  0.1049682E-03   0.7811869E-08   0.1049760E-03
     4610.00  0.1075121E-03   0.7793691E-08   0.1075199E-03
     4630.00  0.1064640E-03   0.7775961E-08   0.1064718E-03
     4650.00  0.1072385E-03   0.7758667E-08   0.1072463E-03
     4670.00  0.1095101E-03   0.7741794E-08   0.1095178E-03
     4690.00  0.1086669E-03   0.7725326E-08   0.1086746E-03
     4710.00  0.1064149E-03   0.7709252E-08   0.1064226E-03
     4730.00  0.1088527E-03   0.7693557E-08   0.1088604E-03
     4750.00  0.1108064E-03   0.7678229E-08   0.1108141E-03
     4770.00  0.1101371E-03   0.7663256E-08   0.1101448E-03
     4790.00  0.1096696E-03   0.7648624E-08   0.1096772E-03
     4810.00  0.1094544E-03   0.7634312E-08   0.1094620E-03
     4830.00  0.1100921E-03   0.7620304E-08   0.1100997E-03
     4850.00  0.1048994E-03   0.7606604E-08   0.1049070E-03
     4870.00  0.9582997E-04   0.7593201E-08   0.9583756E-04
     4890.00  0.1077598E-03   0.7580085E-08   0.1077674E-03
     4910.00  0.1080580E-03   0.7567245E-08   0.1080656E-03
     4930.00  0.1067022E-03   0.7554672E-08   0.1067098E-03
     4950.00  0.1097849E-03   0.7542357E-08   0.1097924E-03
     4970.00  0.1099710E-03   0.7530290E-08   0.1099785E-03
     4990.00  0.1048226E-03   0.7518463E-08   0.1048301E-03
     5010.00  0.1014458E-03   0.7506867E-08   0.1014533E-03
     5030.00  0.1057935E-03   0.7495494E-08   0.1058010E-03
     5050.00  0.1052007E-03   0.7484336E-08   0.1052082E-03
     5070.00  0.1082399E-03   0.7473406E-08   0.1082474E-03
     5090.00  0.1047425E-03   0.7462783E-08   0.1047500E-03
     5110.00  0.1061446E-03   0.7452347E-08   0.1061521E-03
     5130.00  0.1039111E-03   0.7442092E-08   0.1039185E-03
     5150.00  0.1010718E-03   0.7432010E-08   0.1010792E-03
     5170.00  0.9773385E-04   0.7422095E-08   0.9774127E-04
     5190.00  0.9957293E-04   0.7412341E-08   0.9958034E-04
     5210.00  0.1022873E-03   0.7402740E-08   0.1022947E-03
     5230.00  0.1052766E-03   0.7393289E-08   0.1052840E-03
     5250.00  0.1076410E-03   0.7383979E-08   0.1076484E-03
     5270.00  0.1004336E-03   0.7374806E-08   0.1004410E-03
     5290.00  0.1079988E-03   0.7365764E-08   0.1080062E-03
     5310.00  0.1112196E-03   0.7356849E-08   0.1112270E-03
     5330.00  0.1038208E-03   0.7348055E-08   0.1038281E-03
     5350.00  0.1091628E-03   0.7339376E-08   0.1091701E-03
     5370.00  0.1084443E-03   0.7330804E-08   0.1084516E-03
     5390.00  0.1071603E-03   0.7322325E-08   0.1071676E-03
     5410.00  0.1057533E-03   0.7313947E-08   0.1057606E-03
     5430.00  0.1065364E-03   0.7305667E-08   0.1065437E-03
     5450.00  0.1087411E-03   0.7297478E-08   0.1087484E-03
     5470.00  0.1072604E-03   0.7289378E-08   0.1072677E-03
     5490.00  0.1075454E-03   0.7281362E-08   0.1075527E-03
     5510.00  0.1070277E-03   0.7273427E-08   0.1070350E-03
     5530.00  0.1087294E-03   0.7265569E-08   0.1087367E-03
     5550.00  0.1094183E-03   0.7257785E-08   0.1094256E-03
     5570.00  0.1071385E-03   0.7250070E-08   0.1071458E-03
     5590.00  0.1060041E-03   0.7242422E-08   0.1060113E-03
     5610.00  0.1077717E-03   0.7234837E-08   0.1077789E-03
     5630.00  0.1078854E-03   0.7227312E-08   0.1078926E-03
     5650.00  0.1083954E-03   0.7219845E-08   0.1084026E-03
     5670.00  0.1062876E-03   0.7212432E-08   0.1062948E-03
     5690.00  0.1081723E-03   0.7205070E-08   0.1081795E-03
     5710.00  0.1052480E-03   0.5795816E-08   0.1052538E-03
     5730.00  0.1102007E-03   0.5786456E-08   0.1102065E-03
     5750.00  0.1081693E-03   0.5777189E-08   0.1081751E-03
     5770.00  0.1086727E-03   0.5768010E-08   0.1086785E-03
     5790.00  0.1063165E-03   0.5758918E-08   0.1063223E-03
     5810.00  0.1082762E-03   0.5749909E-08   0.1082819E-03
     5830.00  0.1095523E-03   0.5740981E-08   0.1095580E-03
     5850.00  0.1074916E-03   0.5732131E-08   0.1074973E-03
     5870.00  0.1075938E-03   0.5723356E-08   0.1075995E-03
     5890.00  0.1015390E-03   0.5714655E-08   0.1015447E-03
     5910.00  0.1063338E-03   0.5706024E-08   0.1063395E-03
     5930.00  0.1063804E-03   0.5697462E-08   0.1063861E-03
     5950.00  0.1062684E-03   0.5688967E-08   0.1062741E-03
     5970.00  0.1070507E-03   0.5680535E-08   0.1070564E-03
     5990.00  0.1060302E-03   0.5672165E-08   0.1060359E-03
     6010.00  0.1048006E-03   0.5663855E-08   0.1048063E-03
     6030.00  0.1058583E-03   0.5655603E-08   0.1058640E-03
     6050.00  0.1070738E-03   0.5647407E-08   0.1070794E-03
     6070.00  0.1062832E-03   0.5639265E-08   0.1062888E-03
     6090.00  0.1044382E-03   0.5631175E-08   0.1044438E-03
     6110.00  0.1044343E-03   0.5623135E-08   0.1044399E-03
     6130.00  0.1007834E-03   0.5615143E-08   0.1007890E-03
     6150.00  0.1024020E-03   0.5607199E-08   0.1024076E-03
     6170.00  0.9979724E-04   0.5599300E-08   0.9980284E-04
     6190.00  0.1027664E-03   0.5591444E-08   0.1027720E-03
     6210.00  0.1022938E-03   0.5583632E-08   0.1022994E-03
     6230.00  0.1003215E-03   0.5575860E-08   0.1003271E-03
     6250.00  0.9793593E-04   0.5568128E-08   0.9794150E-04
     6270.00  0.1009066E-03   0.5560434E-08   0.1009122E-03
     6290.00  0.1014526E-03   0.5552778E-08   0.1014582E-03
     6310.00  0.9977604E-04   0.5545156E-08   0.9978159E-04
     6330.00  0.1006456E-03   0.5537569E-08   0.1006511E-03
     6350.00  0.1012428E-03   0.5530015E-08   0.1012483E-03
     6370.00  0.1009159E-03   0.5522493E-08   0.1009214E-03
     6390.00  0.1010666E-03   0.5515001E-08   0.1010721E-03
     6410.00  0.9932673E-04   0.5507540E-08   0.9933224E-04
     6430.00  0.9984336E-04   0.5500107E-08   0.9984886E-04
     6450.00  0.9964829E-04   0.5492701E-08   0.9965378E-04
     6470.00  0.9919127E-04   0.5485322E-08   0.9919676E-04
     6490.00  0.9752518E-04   0.5477969E-08   0.9753066E-04
     6510.00  0.9947316E-04   0.5470640E-08   0.9947863E-04
     6530.00  0.9949040E-04   0.5463269E-08   0.9949586E-04
     6550.00  0.9612720E-04   0.5455901E-08   0.9613266E-04
     6570.00  0.8823712E-04   0.5448552E-08   0.8824257E-04
     6590.00  0.9726187E-04   0.5441222E-08   0.9726731E-04
     6610.00  0.9827960E-04   0.5433911E-08   0.9828503E-04
     6630.00  0.9816416E-04   0.5426617E-08   0.9816959E-04
     6650.00  0.9774456E-04   0.5396319E-08   0.9774996E-04
     6670.00  0.9656457E-04   0.5389132E-08   0.9656996E-04
     6690.00  0.9785353E-04   0.5381961E-08   0.9785891E-04
     6710.00  0.9565607E-04   0.5374805E-08   0.9566144E-04
     6730.00  0.9699971E-04   0.5367664E-08   0.9700508E-04
     6750.00  0.9578572E-04   0.5360537E-08   0.9579108E-04
     6770.00  0.9601009E-04   0.5353422E-08   0.9601544E-04
     6790.00  0.9559245E-04   0.5346321E-08   0.9559780E-04
     6810.00  0.9535984E-04   0.5339233E-08   0.9536518E-04
     6830.00  0.9585498E-04   0.5332155E-08   0.9586031E-04
     6850.00  0.9423497E-04   0.5325089E-08   0.9424030E-04
     6870.00  0.9486010E-04   0.5318034E-08   0.9486542E-04
     6890.00  0.9562610E-04   0.5310989E-08   0.9563141E-04
     6910.00  0.9512116E-04   0.5303954E-08   0.9512646E-04
     6930.00  0.9473038E-04   0.5296928E-08   0.9473568E-04
     6950.00  0.9414189E-04   0.5289912E-08   0.9414718E-04
     6970.00  0.9465594E-04   0.5282904E-08   0.9466122E-04
     6990.00  0.9412466E-04   0.5275904E-08   0.9412994E-04
     7010.00  0.9297922E-04   0.5268912E-08   0.9298449E-04
     7030.00  0.9370046E-04   0.5261931E-08   0.9370572E-04
     7050.00  0.9361461E-04   0.5254956E-08   0.9361986E-04
     7070.00  0.9213853E-04   0.5247989E-08   0.9214378E-04
     7090.00  0.9119048E-04   0.5241028E-08   0.9119572E-04
     7110.00  0.9028576E-04   0.5234072E-08   0.9029099E-04
     7130.00  0.8916646E-04   0.5227123E-08   0.8917169E-04
     7150.00  0.8899812E-04   0.5220178E-08   0.8900334E-04
     7170.00  0.8957875E-04   0.5213239E-08   0.8958396E-04
     7190.00  0.8773161E-04   0.5206304E-08   0.8773682E-04
     7210.00  0.8878341E-04   0.5199374E-08   0.8878861E-04
     7230.00  0.8983669E-04   0.5192448E-08   0.8984188E-04
     7250.00  0.8980458E-04   0.5185527E-08   0.8980977E-04
     7270.00  0.8985234E-04   0.5178609E-08   0.8985752E-04
     7290.00  0.8877348E-04   0.5171695E-08   0.8877865E-04
     7310.00  0.8976848E-04   0.5164785E-08   0.8977364E-04
     7330.00  0.8974829E-04   0.5157878E-08   0.8975345E-04
     7350.00  0.8994130E-04   0.5150974E-08   0.8994645E-04
     7370.00  0.9094066E-04   0.5144074E-08   0.9094580E-04
     7390.00  0.8959673E-04   0.5137176E-08   0.8960187E-04
     7410.00  0.8841860E-04   0.5130281E-08   0.8842373E-04
     7430.00  0.8981976E-04   0.5123389E-08   0.8982488E-04
     7450.00  0.8991584E-04   0.5108204E-08   0.8992095E-04
     7470.00  0.9007874E-04   0.5101334E-08   0.9008384E-04
     7490.00  0.8964622E-04   0.5094467E-08   0.8965131E-04
     7510.00  0.8989757E-04   0.5087603E-08   0.8990266E-04
     7530.00  0.9016686E-04   0.5080740E-08   0.9017194E-04
     7550.00  0.9039475E-04   0.5073880E-08   0.9039982E-04
     7570.00  0.8983235E-04   0.5067022E-08   0.8983742E-04
     7590.00  0.8900216E-04   0.5060166E-08   0.8900722E-04
     7610.00  0.8846676E-04   0.5053283E-08   0.8847181E-04
     7630.00  0.8787887E-04   0.5046370E-08   0.8788392E-04
     7650.00  0.8733003E-04   0.5039456E-08   0.8733507E-04
     7670.00  0.8511570E-04   0.5032544E-08   0.8512073E-04
     7690.00  0.8657520E-04   0.5025632E-08   0.8658023E-04
     7710.00  0.8515102E-04   0.5018720E-08   0.8515604E-04
     7730.00  0.8543759E-04   0.5011808E-08   0.8544260E-04
     7750.00  0.8475734E-04   0.5004896E-08   0.8476234E-04
     7770.00  0.8565848E-04   0.4997985E-08   0.8566348E-04
     7790.00  0.8547837E-04   0.4991074E-08   0.8548336E-04
     7810.00  0.8562997E-04   0.4984163E-08   0.8563495E-04
     7830.00  0.8494663E-04   0.4977253E-08   0.8495161E-04
     7850.00  0.8446679E-04   0.4970343E-08   0.8447176E-04
     7870.00  0.8506741E-04   0.4883677E-08   0.8507229E-04
     7890.00  0.8426470E-04   0.4876949E-08   0.8426958E-04
     7910.00  0.8287973E-04   0.4870222E-08   0.8288460E-04
     7930.00  0.8275248E-04   0.4863495E-08   0.8275734E-04
     7950.00  0.8220744E-04   0.4856768E-08   0.8221230E-04
     7970.00  0.8382054E-04   0.4850042E-08   0.8382539E-04
     7990.00  0.8354177E-04   0.4843316E-08   0.8354661E-04
     8010.00  0.8453212E-04   0.4836590E-08   0.8453696E-04
     8030.00  0.8461987E-04   0.4829864E-08   0.8462470E-04
     8050.00  0.8412366E-04   0.4823139E-08   0.8412848E-04
     8070.00  0.8432230E-04   0.4816414E-08   0.8432712E-04
     8090.00  0.8370348E-04   0.4809689E-08   0.8370829E-04
     8110.00  0.8393354E-04   0.4802965E-08   0.8393834E-04
     8130.00  0.8426646E-04   0.4796241E-08   0.8427126E-04
     8150.00  0.8420820E-04   0.4789518E-08   0.8421299E-04
     8170.00  0.8405055E-04   0.4782796E-08   0.8405533E-04
     8190.00  0.8276908E-04   0.4776073E-08   0.8277386E-04
     8210.00  0.8244280E-04   0.4283941E-08   0.8244708E-04
     8230.00  0.8246145E-04   0.2388979E-08   0.8246384E-04
     8250.00  0.8250541E-04   0.2384329E-08   0.8250779E-04
     8270.00  0.8283292E-04   0.2379700E-08   0.8283530E-04
     8290.00  0.8237491E-04   0.2351709E-08   0.8237726E-04
     8310.00  0.8135305E-04   0.2347174E-08   0.8135540E-04
     8330.00  0.8061987E-04   0.2342659E-08   0.8062221E-04
     8350.00  0.8095746E-04   0.2338163E-08   0.8095980E-04
     8370.00  0.8086435E-04   0.2333684E-08   0.8086668E-04
     8390.00  0.7903694E-04   0.2329224E-08   0.7903927E-04
     8410.00  0.8055247E-04   0.2324782E-08   0.8055479E-04
     8430.00  0.7909088E-04   0.2320357E-08   0.7909320E-04
     8450.00  0.7929362E-04   0.2315950E-08   0.7929594E-04
     8470.00  0.7867691E-04   0.2311560E-08   0.7867922E-04
     8490.00  0.7876175E-04   0.2307187E-08   0.7876406E-04
     8510.00  0.7572097E-04   0.2302831E-08   0.7572327E-04
     8530.00  0.7839482E-04   0.2298492E-08   0.7839712E-04
     8550.00  0.7077955E-04   0.2294169E-08   0.7078184E-04
     8570.00  0.7924678E-04   0.2289862E-08   0.7924907E-04
     8590.00  0.7835634E-04   0.2285572E-08   0.7835863E-04
     8610.00  0.7813862E-04   0.2281297E-08   0.7814090E-04
     8630.00  0.7884448E-04   0.2277039E-08   0.7884676E-04
     8650.00  0.7856415E-04   0.2272796E-08   0.7856642E-04
     8670.00  0.7093884E-04   0.2268568E-08   0.7094111E-04
     8690.00  0.7706218E-04   0.2264356E-08   0.7706444E-04
     8710.00  0.7830418E-04   0.2260159E-08   0.7830644E-04
     8730.00  0.7824150E-04   0.2255976E-08   0.7824376E-04
     8750.00  0.7669038E-04   0.2251809E-08   0.7669263E-04
     8770.00  0.7790130E-04   0.2247656E-08   0.7790355E-04
     8790.00  0.7784915E-04   0.2243518E-08   0.7785139E-04
     8810.00  0.7685467E-04   0.2239394E-08   0.7685691E-04
     8830.00  0.7688267E-04   0.2235284E-08   0.7688491E-04
     8850.00  0.7668633E-04   0.2231189E-08   0.7668856E-04
     8870.00  0.7487021E-04   0.2227107E-08   0.7487244E-04
     8890.00  0.7647407E-04   0.2223040E-08   0.7647629E-04
     8910.00  0.7656106E-04   0.2218985E-08   0.7656328E-04
     8930.00  0.7585777E-04   0.2214945E-08   0.7585998E-04
     8950.00  0.7547349E-04   0.2210918E-08   0.7547570E-04
     8970.00  0.7560231E-04   0.2206904E-08   0.7560452E-04
     8990.00  0.7555034E-04   0.2202903E-08   0.7555254E-04
     9010.00  0.7280647E-04   0.2198916E-08   0.7280867E-04
     9030.00  0.7470453E-04   0.2194941E-08   0.7470672E-04
     9050.00  0.7551898E-04   0.2190979E-08   0.7552117E-04
     9070.00  0.7508209E-04   0.2187030E-08   0.7508428E-04
     9090.00  0.7365609E-04   0.2183093E-08   0.7365827E-04
     9110.00  0.7433542E-04   0.2179169E-08   0.7433760E-04
     9130.00  0.7447256E-04   0.2175258E-08   0.7447474E-04
     9150.00  0.7429384E-04   0.2171360E-08   0.7429601E-04
     9170.00  0.7410448E-04   0.2167474E-08   0.7410665E-04
     9190.00  0.7417115E-04   0.2163600E-08   0.7417331E-04
     9210.00  0.7308553E-04   0.2159738E-08   0.7308769E-04
     9230.00  0.7175552E-04   0.2155888E-08   0.7175768E-04
     9250.00  0.7241855E-04   0.2152049E-08   0.7242070E-04
     9270.00  0.7261299E-04   0.2148222E-08   0.7261514E-04
     9290.00  0.7241777E-04   0.2144407E-08   0.7241991E-04
     9310.00  0.7255998E-04   0.2140603E-08   0.7256212E-04
     9330.00  0.7233008E-04   0.2136810E-08   0.7233222E-04
     9350.00  0.7195414E-04   0.2133029E-08   0.7195627E-04
     9370.00  0.7114299E-04   0.2129259E-08   0.7114512E-04
     9390.00  0.7166394E-04   0.2125499E-08   0.7166607E-04
     9410.00  0.7054216E-04   0.2121751E-08   0.7054428E-04
     9430.00  0.7134891E-04   0.2118014E-08   0.7135103E-04
     9450.00  0.7063707E-04   0.2114287E-08   0.7063918E-04
     9470.00  0.7102196E-04   0.2110572E-08   0.7102407E-04
     9490.00  0.7082434E-04   0.2106867E-08   0.7082645E-04
     9510.00  0.7047627E-04   0.2103172E-08   0.7047837E-04
     9530.00  0.7013387E-04   0.2099488E-08   0.7013597E-04
     9550.00  0.6820960E-04   0.2095815E-08   0.6821170E-04
     9570.00  0.6937481E-04   0.2092151E-08   0.6937690E-04
     9590.00  0.6982153E-04   0.2088499E-08   0.6982362E-04
     9610.00  0.6919347E-04   0.2084856E-08   0.6919555E-04
     9630.00  0.6910957E-04   0.2081224E-08   0.6911165E-04
     9650.00  0.6825177E-04   0.2077601E-08   0.6825385E-04
     9670.00  0.6815065E-04   0.2073989E-08   0.6815272E-04
     9690.00  0.6847461E-04   0.2070386E-08   0.6847668E-04
     9710.00  0.6806359E-04   0.2066793E-08   0.6806566E-04
     9730.00  0.6765738E-04   0.2063210E-08   0.6765944E-04
     9750.00  0.6742616E-04   0.2059637E-08   0.6742822E-04
     9770.00  0.6741270E-04   0.2056074E-08   0.6741476E-04
     9790.00  0.6672566E-04   0.2052520E-08   0.6672771E-04
     9810.00  0.6737108E-04   0.2048976E-08   0.6737313E-04
     9830.00  0.6707970E-04   0.2045441E-08   0.6708175E-04
     9850.00  0.6704408E-04   0.2041915E-08   0.6704612E-04
     9870.00  0.6661562E-04   0.2038399E-08   0.6661766E-04
     9890.00  0.6640375E-04   0.2034892E-08   0.6640578E-04
     9910.00  0.6627562E-04   0.2031395E-08   0.6627765E-04
     9930.00  0.6617148E-04   0.2027906E-08   0.6617351E-04
     9950.00  0.6602029E-04   0.2024427E-08   0.6602231E-04
     9970.00  0.6586340E-04   0.2020957E-08   0.6586542E-04
     9990.00  0.6562684E-04   0.2017496E-08   0.6562886E-04
    10025.00  0.6477041E-04   0.2011461E-08   0.6477242E-04
    10075.00  0.6379288E-04   0.2002886E-08   0.6379488E-04
    10125.00  0.6394697E-04   0.1994366E-08   0.6394896E-04
    10175.00  0.6317374E-04   0.1985945E-08   0.6317573E-04
    10225.00  0.6289130E-04   0.1977584E-08   0.6289328E-04
    10275.00  0.6266309E-04   0.1969273E-08   0.6266506E-04
    10325.00  0.6164083E-04   0.1961013E-08   0.6164279E-04
    10375.00  0.6115554E-04   0.1952802E-08   0.6115749E-04
    10425.00  0.6105403E-04   0.1944639E-08   0.6105597E-04
    10475.00  0.6032486E-04   0.1936525E-08   0.6032680E-04
    10525.00  0.6012799E-04   0.1928458E-08   0.6012992E-04
    10575.00  0.5940070E-04   0.1920439E-08   0.5940262E-04
    10625.00  0.5890147E-04   0.1912466E-08   0.5890338E-04
    10675.00  0.5796767E-04   0.1904540E-08   0.5796957E-04
    10725.00  0.5787027E-04   0.1896659E-08   0.5787217E-04
    10775.00  0.5719516E-04   0.1888823E-08   0.5719705E-04
    10825.00  0.5647933E-04   0.1881032E-08   0.5648121E-04
    10875.00  0.5617893E-04   0.1873285E-08   0.5618080E-04
    10925.00  0.5557132E-04   0.1865583E-08   0.5557319E-04
    10975.00  0.5523539E-04   0.1857923E-08   0.5523725E-04
    11025.00  0.5522759E-04   0.1850307E-08   0.5522944E-04
    11075.00  0.5488904E-04   0.1842734E-08   0.5489088E-04
    11125.00  0.5436211E-04   0.1835203E-08   0.5436395E-04
    11175.00  0.5375874E-04   0.1693046E-08   0.5376043E-04
    11225.00  0.5360020E-04   0.1686063E-08   0.5360189E-04
    11275.00  0.5283559E-04   0.1679120E-08   0.5283727E-04
    11325.00  0.5253696E-04   0.1672219E-08   0.5253863E-04
    11375.00  0.5203767E-04   0.1665358E-08   0.5203934E-04
    11425.00  0.5144591E-04   0.1658537E-08   0.5144757E-04
    11475.00  0.5156775E-04   0.1651755E-08   0.5156940E-04
    11525.00  0.5125572E-04   0.1645012E-08   0.5125737E-04
    11575.00  0.5062841E-04   0.1638309E-08   0.5063005E-04
    11625.00  0.4985411E-04   0.1631644E-08   0.4985574E-04
    11675.00  0.4969597E-04   0.1625018E-08   0.4969760E-04
    11725.00  0.4974443E-04   0.1618429E-08   0.4974605E-04
    11775.00  0.4889480E-04   0.1611878E-08   0.4889641E-04
    11825.00  0.4852778E-04   0.1605364E-08   0.4852939E-04
    11875.00  0.4785500E-04   0.1598887E-08   0.4785660E-04
    11925.00  0.4823776E-04   0.1592447E-08   0.4823935E-04
    11975.00  0.4692082E-04   0.1586044E-08   0.4692241E-04
    12025.00  0.4728113E-04   0.1579676E-08   0.4728271E-04
    12075.00  0.4675637E-04   0.1573344E-08   0.4675794E-04
    12125.00  0.4662595E-04   0.1567048E-08   0.4662752E-04
    12175.00  0.4648770E-04   0.1560787E-08   0.4648926E-04
    12225.00  0.4609794E-04   0.1554561E-08   0.4609949E-04
    12275.00  0.4566691E-04   0.1548370E-08   0.4566846E-04
    12325.00  0.4539012E-04   0.1542213E-08   0.4539166E-04
    12375.00  0.4507557E-04   0.1536090E-08   0.4507711E-04
    12425.00  0.4472404E-04   0.1530001E-08   0.4472557E-04
    12475.00  0.4448700E-04   0.1523946E-08   0.4448852E-04
    12525.00  0.4405201E-04   0.1516474E-08   0.4405353E-04
    12575.00  0.4380525E-04   0.1510496E-08   0.4380676E-04
    12625.00  0.4346327E-04   0.1504550E-08   0.4346477E-04
    12675.00  0.4310835E-04   0.1498638E-08   0.4310985E-04
    12725.00  0.4293148E-04   0.1492758E-08   0.4293297E-04
    12775.00  0.4267855E-04   0.1486910E-08   0.4268004E-04
    12825.00  0.4123232E-04   0.1481094E-08   0.4123380E-04
    12875.00  0.4189631E-04   0.1475309E-08   0.4189779E-04
    12925.00  0.4153751E-04   0.1469557E-08   0.4153898E-04
    12975.00  0.4157717E-04   0.1463835E-08   0.4157863E-04
    13025.00  0.4116023E-04   0.1458145E-08   0.4116169E-04
    13075.00  0.4103176E-04   0.1452471E-08   0.4103321E-04
    13125.00  0.4045906E-04   0.1446827E-08   0.4046051E-04
    13175.00  0.4019894E-04   0.1441212E-08   0.4020038E-04
    13225.00  0.4011202E-04   0.1435628E-08   0.4011346E-04
    13275.00  0.3952764E-04   0.1430073E-08   0.3952907E-04
    13325.00  0.3952351E-04   0.1424549E-08   0.3952493E-04
    13375.00  0.3918962E-04   0.1419053E-08   0.3919104E-04
    13425.00  0.3914167E-04   0.1413587E-08   0.3914308E-04
    13475.00  0.3885612E-04   0.1408150E-08   0.3885753E-04
    13525.00  0.3861507E-04   0.1402742E-08   0.3861647E-04
    13575.00  0.3810981E-04   0.1397362E-08   0.3811121E-04
    13625.00  0.3785927E-04   0.1391417E-08   0.3786066E-04
    13675.00  0.3787492E-04   0.1386097E-08   0.3787631E-04
    13725.00  0.3782396E-04   0.1380805E-08   0.3782534E-04
    13775.00  0.3762808E-04   0.1375541E-08   0.3762946E-04
    13825.00  0.3751415E-04   0.1370305E-08   0.3751552E-04
    13875.00  0.3712872E-04   0.1365097E-08   0.3713009E-04
    13925.00  0.3668833E-04   0.1359915E-08   0.3668969E-04
    13975.00  0.3650941E-04   0.1354762E-08   0.3651076E-04
    14025.00  0.3607314E-04   0.1349635E-08   0.3607449E-04
    14075.00  0.3618370E-04   0.1344535E-08   0.3618504E-04
    14125.00  0.3583521E-04   0.1333224E-08   0.3583654E-04
    14175.00  0.3590499E-04   0.1328218E-08   0.3590632E-04
    14225.00  0.3543846E-04   0.1323238E-08   0.3543978E-04
    14275.00  0.3507202E-04   0.1318283E-08   0.3507334E-04
    14325.00  0.3535912E-04   0.1313355E-08   0.3536043E-04
    14375.00  0.3535488E-04   0.1308452E-08   0.3535619E-04
    14425.00  0.3465004E-04   0.1303574E-08   0.3465134E-04
    14475.00  0.3505658E-04   0.1298722E-08   0.3505788E-04
    14525.00  0.3460990E-04   0.1293896E-08   0.3461119E-04
    14570.00  0.3464541E-04   0.1289573E-08   0.3464670E-04
    14620.00  0.3442570E-04   0.9581892E-09   0.3442666E-04
    14675.00  0.3426410E-04   0.9542869E-09   0.3426505E-04
    14725.00  0.3385125E-04   0.9485049E-09   0.3385220E-04
    14775.00  0.3393385E-04   0.9450068E-09   0.3393480E-04
    14825.00  0.3386586E-04   0.9415283E-09   0.3386680E-04
    14875.00  0.3350861E-04   0.9380695E-09   0.3350955E-04
    14925.00  0.3388615E-04   0.9346301E-09   0.3388708E-04
    14975.00  0.3356157E-04   0.9312099E-09   0.3356250E-04
    15025.00  0.3324521E-04   0.9278089E-09   0.3324614E-04
    15075.00  0.3301222E-04   0.9244269E-09   0.3301314E-04
    15125.00  0.3339479E-04   0.9210636E-09   0.3339571E-04
    15175.00  0.3332902E-04   0.9177191E-09   0.3332994E-04
    15225.00  0.3318156E-04   0.9143942E-09   0.3318247E-04
    15275.00  0.3319773E-04   0.9110887E-09   0.3319864E-04
    15325.00  0.3300061E-04   0.9078014E-09   0.3300152E-04
    15375.00  0.3300010E-04   0.9045321E-09   0.3300100E-04
    15425.00  0.3285818E-04   0.9012807E-09   0.3285908E-04
    15475.00  0.3285671E-04   0.8980470E-09   0.3285761E-04
    15525.00  0.3256937E-04   0.8948309E-09   0.3257026E-04
    15575.00  0.3189351E-04   0.8916324E-09   0.3189440E-04
    15625.00  0.3221141E-04   0.8884512E-09   0.3221230E-04
    15675.00  0.3197496E-04   0.8852872E-09   0.3197585E-04
    15725.00  0.3204109E-04   0.8821403E-09   0.3204197E-04
    15775.00  0.3098407E-04   0.8790105E-09   0.3098495E-04
    15825.00  0.3124367E-04   0.8758974E-09   0.3124455E-04
    15875.00  0.3076584E-04   0.8728011E-09   0.3076671E-04
    15925.00  0.3152089E-04   0.8697215E-09   0.3152176E-04
    15975.00  0.3101060E-04   0.8666583E-09   0.3101147E-04
    16050.00  0.3094803E-04   0.8620942E-09   0.3094889E-04
    16150.00  0.3066688E-04   0.8560654E-09   0.3066774E-04
    16250.00  0.3036009E-04   0.8501005E-09   0.3036094E-04
    16350.00  0.3044013E-04   0.8441985E-09   0.3044097E-04
    16450.00  0.2915452E-04   0.8383586E-09   0.2915536E-04
    16550.00  0.2958011E-04   0.8325800E-09   0.2958094E-04
    16650.00  0.2865032E-04   0.8268617E-09   0.2865115E-04
    16750.00  0.2833604E-04   0.8212031E-09   0.2833686E-04
    16850.00  0.2741113E-04   0.8156030E-09   0.2741195E-04
    16950.00  0.2756256E-04   0.8100610E-09   0.2756337E-04
    17050.00  0.2678931E-04   0.8045761E-09   0.2679011E-04
    17150.00  0.2641688E-04   0.7991475E-09   0.2641768E-04
    17250.00  0.2586462E-04   0.7937745E-09   0.2586541E-04
    17350.00  0.2494980E-04   0.7884564E-09   0.2495059E-04
    17450.00  0.2486642E-04   0.7831924E-09   0.2486720E-04
    17550.00  0.2441860E-04   0.7779818E-09   0.2441938E-04
    17650.00  0.2401744E-04   0.7728239E-09   0.2401821E-04
    17750.00  0.2350993E-04   0.7677180E-09   0.2351070E-04
    17850.00  0.2316582E-04   0.7626633E-09   0.2316658E-04
    17950.00  0.2273989E-04   0.7576594E-09   0.2274065E-04
    18050.00  0.2224081E-04   0.7527053E-09   0.2224156E-04
    18150.00  0.2167805E-04   0.7478006E-09   0.2167880E-04
    18250.00  0.2148274E-04   0.7429455E-09   0.2148348E-04
    18350.00  0.2118941E-04   0.7381470E-09   0.2119015E-04
    18450.00  0.2078139E-04   0.7333950E-09   0.2078212E-04
    18550.00  0.2055500E-04   0.7053808E-09   0.2055571E-04
    18650.00  0.2012215E-04   0.7008779E-09   0.2012285E-04
    18750.00  0.1949097E-04   0.6964186E-09   0.1949167E-04
    18850.00  0.1951203E-04   0.6920024E-09   0.1951272E-04
    18950.00  0.1889839E-04   0.6876287E-09   0.1889908E-04
    19050.00  0.1887940E-04   0.6832971E-09   0.1888008E-04
    19150.00  0.1849451E-04   0.6790070E-09   0.1849519E-04
    19250.00  0.1819079E-04   0.6747580E-09   0.1819146E-04
    19350.00  0.1773879E-04   0.6705494E-09   0.1773946E-04
    19450.00  0.1722071E-04   0.6663809E-09   0.1722138E-04
    19550.00  0.1720023E-04   0.6622518E-09   0.1720089E-04
    19650.00  0.1692218E-04   0.6581618E-09   0.1692284E-04
    19750.00  0.1657295E-04   0.6541104E-09   0.1657360E-04
    19850.00  0.1634898E-04   0.6500971E-09   0.1634963E-04
    19950.00  0.1610839E-04   0.6461214E-09   0.1610904E-04
    20050.00  0.1597178E-04   0.6421829E-09   0.1597242E-04
    20150.00  0.1574416E-04   0.6382811E-09   0.1574480E-04
    20250.00  0.1539552E-04   0.6342407E-09   0.1539615E-04
    20350.00  0.1515532E-04   0.6304128E-09   0.1515595E-04
    20450.00  0.1505153E-04   0.6266203E-09   0.1505216E-04
    20550.00  0.1480839E-04   0.6228628E-09   0.1480901E-04
    20650.00  0.1453719E-04   0.6191399E-09   0.1453781E-04
    20750.00  0.1434798E-04   0.6154513E-09   0.1434860E-04
    20850.00  0.1413589E-04   0.6117964E-09   0.1413650E-04
    20950.00  0.1387168E-04   0.6081748E-09   0.1387229E-04
    21050.00  0.1375475E-04   0.6045863E-09   0.1375535E-04
    21150.00  0.1352028E-04   0.6010304E-09   0.1352088E-04
    21250.00  0.1331703E-04   0.5975067E-09   0.1331763E-04
    21350.00  0.1316841E-04   0.5940148E-09   0.1316900E-04
    21450.00  0.1297081E-04   0.5905545E-09   0.1297140E-04
    21550.00  0.1276842E-04   0.5870485E-09   0.1276901E-04
    21650.00  0.1242639E-04   0.5836506E-09   0.1242697E-04
    21750.00  0.1233985E-04   0.5802831E-09   0.1234043E-04
    21850.00  0.1217658E-04   0.5769456E-09   0.1217716E-04
    21950.00  0.1202911E-04   0.5736378E-09   0.1202968E-04
    22050.00  0.1176057E-04   0.5703593E-09   0.1176114E-04
    22150.00  0.1169196E-04   0.5671098E-09   0.1169253E-04
    22250.00  0.1143408E-04   0.5630233E-09   0.1143464E-04
    22350.00  0.1129590E-04   0.5598396E-09   0.1129646E-04
    22450.00  0.1114214E-04   0.5566837E-09   0.1114270E-04
    22550.00  0.1099417E-04   0.5535555E-09   0.1099472E-04
    22650.00  0.1079682E-04   0.5504545E-09   0.1079737E-04
    22750.00  0.1068940E-04   0.5473805E-09   0.1068995E-04
    22850.00  0.1048895E-04   0.4743528E-09   0.1048942E-04
    22950.00  0.9228425E-05   0.4714074E-09   0.9228896E-05
    23050.00  0.9666121E-05   0.4688456E-09   0.9666590E-05
    23150.00  0.9581396E-05   0.4663058E-09   0.9581862E-05
    23250.00  0.8504378E-05   0.4637880E-09   0.8504842E-05
    23350.00  0.8968757E-05   0.4612917E-09   0.8969218E-05
    23450.00  0.8806999E-05   0.4588169E-09   0.8807458E-05
    23550.00  0.7917688E-05   0.4563631E-09   0.7918144E-05
    23650.00  0.8404850E-05   0.4539303E-09   0.8405304E-05
    23750.00  0.8235146E-05   0.4515181E-09   0.8235598E-05
    23850.00  0.7531579E-05   0.4491263E-09   0.7532028E-05
    23950.00  0.7891310E-05   0.4467547E-09   0.7891757E-05
    24050.00  0.7842229E-05   0.4444031E-09   0.7842673E-05
    24150.00  0.7246067E-05   0.4420712E-09   0.7246509E-05
    24250.00  0.7485315E-05   0.4397589E-09   0.7485755E-05
    24350.00  0.7426489E-05   0.4374658E-09   0.7426926E-05
    24450.00  0.7058415E-05   0.4351918E-09   0.7058850E-05
    24550.00  0.7004449E-05   0.4329367E-09   0.7004882E-05
    24650.00  0.7123902E-05   0.4307003E-09   0.7124333E-05
    24750.00  0.6884620E-05   0.4284823E-09   0.6885048E-05
    24850.00  0.6538680E-05   0.4262825E-09   0.6539106E-05
    24950.00  0.6613652E-05   0.4241009E-09   0.6614076E-05
    25050.00  0.6691394E-05   0.4219371E-09   0.6691816E-05
    25150.00  0.6266200E-05   0.4197909E-09   0.6266620E-05
    25250.00  0.6401318E-05   0.4176622E-09   0.6401736E-05
    25350.00  0.6390741E-05   0.4155508E-09   0.6391157E-05
    25450.00  0.6245252E-05   0.4134565E-09   0.6245665E-05
    25550.00  0.6161208E-05   0.4113791E-09   0.6161619E-05
    25650.00  0.6151888E-05   0.4093185E-09   0.6152297E-05
    25750.00  0.6151888E-05   0.4072743E-09   0.6152295E-05
    25850.00  0.5915518E-05   0.4052466E-09   0.5915923E-05
    25950.00  0.5954540E-05   0.4032350E-09   0.5954943E-05
    26050.00  0.5945702E-05   0.4012395E-09   0.5946103E-05
    26150.00  0.5825471E-05   0.3992598E-09   0.5825870E-05
    26250.00  0.5712549E-05   0.3972958E-09   0.5712946E-05
    26350.00  0.5744272E-05   0.3953473E-09   0.5744667E-05
    26450.00  0.5700631E-05   0.3934142E-09   0.5701024E-05
    26550.00  0.5605444E-05   0.3914963E-09   0.5605835E-05
    26650.00  0.5504363E-05   0.3895934E-09   0.5504753E-05
    26750.00  0.5546403E-05   0.3877053E-09   0.5546791E-05
    26850.00  0.5485214E-05   0.3858320E-09   0.5485600E-05
    26950.00  0.5378899E-05   0.3839733E-09   0.5379283E-05
    27050.00  0.5366936E-05   0.3821289E-09   0.5367318E-05
    27150.00  0.5307805E-05   0.3802989E-09   0.5308185E-05
    27250.00  0.5272362E-05   0.3784829E-09   0.5272740E-05
    27350.00  0.5168423E-05   0.3766810E-09   0.5168800E-05
    27450.00  0.5149561E-05   0.3748928E-09   0.5149936E-05
    27550.00  0.5096998E-05   0.3731184E-09   0.5097371E-05
    27650.00  0.5032175E-05   0.3656189E-09   0.5032541E-05
    27750.00  0.4968176E-05   0.3639022E-09   0.4968540E-05
    27850.00  0.4936194E-05   0.3621985E-09   0.4936556E-05
    27950.00  0.4905142E-05   0.3605077E-09   0.4905503E-05
    28050.00  0.4844007E-05   0.3588297E-09   0.4844366E-05
    28150.00  0.4774458E-05   0.3571644E-09   0.4774815E-05
    28250.00  0.4731893E-05   0.3555115E-09   0.4732249E-05
    28350.00  0.4692987E-05   0.3538711E-09   0.4693341E-05
    28450.00  0.4633677E-05   0.3522429E-09   0.4634029E-05
    28550.00  0.4579667E-05   0.3506268E-09   0.4580018E-05
    28650.00  0.4526002E-05   0.3490227E-09   0.4526351E-05
    28750.00  0.4458854E-05   0.3474306E-09   0.4459201E-05
    28850.00  0.4429589E-05   0.3458502E-09   0.4429935E-05
    28950.00  0.4381836E-05   0.3442815E-09   0.4382180E-05
    29050.00  0.4329470E-05   0.3427244E-09   0.4329813E-05
    29150.00  0.4285500E-05   0.3411786E-09   0.4285841E-05
    29250.00  0.4220975E-05   0.3396442E-09   0.4221315E-05
    29350.00  0.4192933E-05   0.3381210E-09   0.4193271E-05
    29450.00  0.4134105E-05   0.3366090E-09   0.4134442E-05
    29550.00  0.4090992E-05   0.3351078E-09   0.4091327E-05
    29650.00  0.4051108E-05   0.3336176E-09   0.4051442E-05
    29750.00  0.4005238E-05   0.3321050E-09   0.4005570E-05
    29850.00  0.3957271E-05   0.3306363E-09   0.3957602E-05
    29950.00  0.3911838E-05   0.3291782E-09   0.3912167E-05
    30050.00  0.3867399E-05   0.3277306E-09   0.3867727E-05
    30150.00  0.3830593E-05   0.3262934E-09   0.3830919E-05
    30250.00  0.3783262E-05   0.3248664E-09   0.3783587E-05
    30350.00  0.3717935E-05   0.3234496E-09   0.3718258E-05
    30450.00  0.3699123E-05   0.3220428E-09   0.3699445E-05
    30550.00  0.3660062E-05   0.3206461E-09   0.3660383E-05
    30650.00  0.3619609E-05   0.3192592E-09   0.3619928E-05
    30750.00  0.3585300E-05   0.3178820E-09   0.3585618E-05
    30850.00  0.3540313E-05   0.3165146E-09   0.3540630E-05
    30950.00  0.3502663E-05   0.3151568E-09   0.3502978E-05
    31050.00  0.3470730E-05   0.3138085E-09   0.3471044E-05
    31150.00  0.3416307E-05   0.3124696E-09   0.3416619E-05
    31250.00  0.3392427E-05   0.3111400E-09   0.3392738E-05
    31350.00  0.3356685E-05   0.3098044E-09   0.3356995E-05
    31450.00  0.3319351E-05   0.3084931E-09   0.3319659E-05
    31550.00  0.3276348E-05   0.3071908E-09   0.3276655E-05
    31650.00  0.3243628E-05   0.3058975E-09   0.3243934E-05
    31750.00  0.3211541E-05   0.3046132E-09   0.3211846E-05
    31850.00  0.3176083E-05   0.3033376E-09   0.3176386E-05
    31950.00  0.3142869E-05   0.3020708E-09   0.3143171E-05
    32100.00  0.3089049E-05   0.3000117E-09   0.3089349E-05
    32300.00  0.3021419E-05   0.2975324E-09   0.3021717E-05
    32500.00  0.2955687E-05   0.2950865E-09   0.2955982E-05
    32700.00  0.2890091E-05   0.2926735E-09   0.2890384E-05
    32900.00  0.2816019E-05   0.2705416E-09   0.2816290E-05
    33100.00  0.2763492E-05   0.2683037E-09   0.2763760E-05
    33300.00  0.2701769E-05   0.2661725E-09   0.2702035E-05
    33500.00  0.2648353E-05   0.2640693E-09   0.2648617E-05
    33700.00  0.2589806E-05   0.2619935E-09   0.2590068E-05
    33900.00  0.2530672E-05   0.2599448E-09   0.2530932E-05
    34100.00  0.2475858E-05   0.2579226E-09   0.2476116E-05
    34300.00  0.2428927E-05   0.2559264E-09   0.2429183E-05
    34500.00  0.2379125E-05   0.2539559E-09   0.2379379E-05
    34700.00  0.2327640E-05   0.2520105E-09   0.2327892E-05
    34900.00  0.2279475E-05   0.2500898E-09   0.2279725E-05
    35100.00  0.2232882E-05   0.2481934E-09   0.2233130E-05
    35300.00  0.2183307E-05   0.2463209E-09   0.2183553E-05
    35500.00  0.2140737E-05   0.2444719E-09   0.2140981E-05
    35700.00  0.2094601E-05   0.2426459E-09   0.2094844E-05
    35900.00  0.2051697E-05   0.2408426E-09   0.2051938E-05
    36100.00  0.2012158E-05   0.2390616E-09   0.2012397E-05
    36300.00  0.1971124E-05   0.2373025E-09   0.1971361E-05
    36500.00  0.1927311E-05   0.2355650E-09   0.1927547E-05
    36700.00  0.1887742E-05   0.2338487E-09   0.1887976E-05
    36900.00  0.1845971E-05   0.2321532E-09   0.1846203E-05
    37100.00  0.1808029E-05   0.2304783E-09   0.1808259E-05
    37300.00  0.1775153E-05   0.2288235E-09   0.1775382E-05
    37500.00  0.1731428E-05   0.2271885E-09   0.1731655E-05
    37700.00  0.1707210E-05   0.2255730E-09   0.1707436E-05
    37900.00  0.1673269E-05   0.2239767E-09   0.1673493E-05
    38100.00  0.1641613E-05   0.2223993E-09   0.1641835E-05
    38300.00  0.1611203E-05   0.2208405E-09   0.1611424E-05
    38500.00  0.1580913E-05   0.2193000E-09   0.1581132E-05
    38700.00  0.1546769E-05   0.2159921E-09   0.1546985E-05
    38900.00  0.1518706E-05   0.2145023E-09   0.1518921E-05
    39100.00  0.1490126E-05   0.2130298E-09   0.1490339E-05
    39300.00  0.1463022E-05   0.2115743E-09   0.1463234E-05
    39500.00  0.1432425E-05   0.2101354E-09   0.1432635E-05
    39700.00  0.1406248E-05   0.2087130E-09   0.1406457E-05
    39900.00  0.1374769E-05   0.2073068E-09   0.1374976E-05
    40100.00  0.1352168E-05   0.2059164E-09   0.1352374E-05
    40300.00  0.1329151E-05   0.2045418E-09   0.1329356E-05
    40500.00  0.1299142E-05   0.2031826E-09   0.1299345E-05
    40700.00  0.1279655E-05   0.2018386E-09   0.1279857E-05
    40900.00  0.1257075E-05   0.2005096E-09   0.1257276E-05
    41100.00  0.1234630E-05   0.1991875E-09   0.1234829E-05
    41300.00  0.1212963E-05   0.1978877E-09   0.1213161E-05
    41500.00  0.1190254E-05   0.1966023E-09   0.1190451E-05
    41700.00  0.1167581E-05   0.1953309E-09   0.1167776E-05
    41900.00  0.1146575E-05   0.1940734E-09   0.1146769E-05
    42100.00  0.1124481E-05   0.1928296E-09   0.1124674E-05
    42300.00  0.1109183E-05   0.1915993E-09   0.1109375E-05
    42500.00  0.1087426E-05   0.1903822E-09   0.1087616E-05
    42700.00  0.1069880E-05   0.1891782E-09   0.1070069E-05
    42900.00  0.1009237E-05   0.1879870E-09   0.1009425E-05
    43100.00  0.9522208E-06   0.1868046E-09   0.9524076E-06
    43300.00  0.9560024E-06   0.1856387E-09   0.9561880E-06
    43500.00  0.9034136E-06   0.1844852E-09   0.9035981E-06
    43700.00  0.8767933E-06   0.1833437E-09   0.8769766E-06
    43900.00  0.8579474E-06   0.1821685E-09   0.8581296E-06
    44100.00  0.8137612E-06   0.1810514E-09   0.8139423E-06
    44300.00  0.8043788E-06   0.1799458E-09   0.8045587E-06
    44500.00  0.7883972E-06   0.1788517E-09   0.7885761E-06
    44700.00  0.7525059E-06   0.1762366E-09   0.7526821E-06
    44900.00  0.7569269E-06   0.1699374E-09   0.7570968E-06
    45100.00  0.7356190E-06   0.1689275E-09   0.7357879E-06
    45300.00  0.7109437E-06   0.1679279E-09   0.7111116E-06
    45500.00  0.7110643E-06   0.1669384E-09   0.7112312E-06
    45700.00  0.7022741E-06   0.1659589E-09   0.7024401E-06
    45900.00  0.6744998E-06   0.1649892E-09   0.6746648E-06
    46100.00  0.6801615E-06   0.1640292E-09   0.6803255E-06
    46300.00  0.6653222E-06   0.1630788E-09   0.6654853E-06
    46500.00  0.6571215E-06   0.1621378E-09   0.6572836E-06
    46700.00  0.6539144E-06   0.1612061E-09   0.6540756E-06
    46900.00  0.6423758E-06   0.1602835E-09   0.6425361E-06
    47100.00  0.6291112E-06   0.1593700E-09   0.6292706E-06
    47300.00  0.6322518E-06   0.1584655E-09   0.6324103E-06
    47500.00  0.6176357E-06   0.1575697E-09   0.6177933E-06
    47700.00  0.6091195E-06   0.1566827E-09   0.6092762E-06
    47900.00  0.6030574E-06   0.1558042E-09   0.6032132E-06
    48100.00  0.5871263E-06   0.1549342E-09   0.5872812E-06
    48300.00  0.5914053E-06   0.1540725E-09   0.5915594E-06
    48500.00  0.5796613E-06   0.1532191E-09   0.5798145E-06
    48700.00  0.5672833E-06   0.1523738E-09   0.5674357E-06
    48900.00  0.5604039E-06   0.1515365E-09   0.5605554E-06
    49100.00  0.5530984E-06   0.1507071E-09   0.5532491E-06
    49300.00  0.5445328E-06   0.1498856E-09   0.5446827E-06
    49500.00  0.5347764E-06   0.1490717E-09   0.5349255E-06
    49700.00  0.5320687E-06   0.1482655E-09   0.5322170E-06
    49900.00  0.5243608E-06   0.1474668E-09   0.5245083E-06
    50100.00  0.5180267E-06   0.1466754E-09   0.5181734E-06
    50300.00  0.5110608E-06   0.1458915E-09   0.5112067E-06
    50500.00  0.4993730E-06   0.1451147E-09   0.4995181E-06
    50700.00  0.4957591E-06   0.1443451E-09   0.4959034E-06
    50900.00  0.4896827E-06   0.1435825E-09   0.4898263E-06
    51100.00  0.4803294E-06   0.1428269E-09   0.4804722E-06
    51300.00  0.4766512E-06   0.1420781E-09   0.4767933E-06
    51500.00  0.4685887E-06   0.1406781E-09   0.4687294E-06
    51700.00  0.4676596E-06   0.1399472E-09   0.4677995E-06
    51900.00  0.4582849E-06   0.1392229E-09   0.4584241E-06
    52100.00  0.4534592E-06   0.1385051E-09   0.4535977E-06
    52300.00  0.4455597E-06   0.1377937E-09   0.4456975E-06
    52500.00  0.4425362E-06   0.1370886E-09   0.4426733E-06
    52700.00  0.4413880E-06   0.1363898E-09   0.4415244E-06
    52900.00  0.4296223E-06   0.1356971E-09   0.4297580E-06
    53100.00  0.4240512E-06   0.1350106E-09   0.4241862E-06
    53300.00  0.4210427E-06   0.1343300E-09   0.4211770E-06
    53500.00  0.4157458E-06   0.1336555E-09   0.4158795E-06
    53700.00  0.4113950E-06   0.1329868E-09   0.4115280E-06
    53900.00  0.4067191E-06   0.1323239E-09   0.4068514E-06
    54100.00  0.4018793E-06   0.1316667E-09   0.4020110E-06
    54300.00  0.3942026E-06   0.1310130E-09   0.3943336E-06
    54500.00  0.3929361E-06   0.1303671E-09   0.3930665E-06
    54700.00  0.3859572E-06   0.1297267E-09   0.3860869E-06
    54900.00  0.3821593E-06   0.1290918E-09   0.3822884E-06
    55100.00  0.3766348E-06   0.1284624E-09   0.3767633E-06
    55300.00  0.3786770E-06   0.1278382E-09   0.3788048E-06
    55500.00  0.3673861E-06   0.1272194E-09   0.3675133E-06
    55700.00  0.3675909E-06   0.1266057E-09   0.3677175E-06
    55900.00  0.3609313E-06   0.1259972E-09   0.3610573E-06
    56100.00  0.3585822E-06   0.1253938E-09   0.3587076E-06
    56300.00  0.3514162E-06   0.1247954E-09   0.3515410E-06
    56500.00  0.3501993E-06   0.1242011E-09   0.3503235E-06
    56700.00  0.3457255E-06   0.1236126E-09   0.3458491E-06
    56900.00  0.3391608E-06   0.1230291E-09   0.3392838E-06
    57100.00  0.3383198E-06   0.1224503E-09   0.3384423E-06
    57300.00  0.3340605E-06   0.1218763E-09   0.3341824E-06
    57500.00  0.3300836E-06   0.1212927E-09   0.3302049E-06
    57700.00  0.3255433E-06   0.1207281E-09   0.3256640E-06
    57900.00  0.3236142E-06   0.1201680E-09   0.3237344E-06
    58100.00  0.3183397E-06   0.1196126E-09   0.3184593E-06
    58300.00  0.3149802E-06   0.1190616E-09   0.3150993E-06
    58500.00  0.3115437E-06   0.1158427E-09   0.3116595E-06
    58700.00  0.3065773E-06   0.1153100E-09   0.3066926E-06
    58900.00  0.3035149E-06   0.1147881E-09   0.3036297E-06
    59100.00  0.2997752E-06   0.1142703E-09   0.2998895E-06
    59300.00  0.2971103E-06   0.1137566E-09   0.2972241E-06
    59500.00  0.2928782E-06   0.1132470E-09   0.2929914E-06
    59700.00  0.2905260E-06   0.1127414E-09   0.2906387E-06
    59900.00  0.2871021E-06   0.1122398E-09   0.2872143E-06
    60100.00  0.2837837E-06   0.1117421E-09   0.2838954E-06
    60300.00  0.2804326E-06   0.1112482E-09   0.2805438E-06
    60500.00  0.2761119E-06   0.1107583E-09   0.2762227E-06
    60700.00  0.2731233E-06   0.1102721E-09   0.2732336E-06
    60900.00  0.2699408E-06   0.1097897E-09   0.2700506E-06
    61100.00  0.2663144E-06   0.1093109E-09   0.2664237E-06
    61300.00  0.2638366E-06   0.1088359E-09   0.2639454E-06
    61500.00  0.2610666E-06   0.1083645E-09   0.2611750E-06
    61700.00  0.2586423E-06   0.1078967E-09   0.2587502E-06
    61900.00  0.2555297E-06   0.1074325E-09   0.2556371E-06
    62100.00  0.2528838E-06   0.1069718E-09   0.2529908E-06
    62300.00  0.2493952E-06   0.1065146E-09   0.2495017E-06
    62500.00  0.2459372E-06   0.1060608E-09   0.2460433E-06
    62700.00  0.2432396E-06   0.1056104E-09   0.2433452E-06
    62900.00  0.2405637E-06   0.1051634E-09   0.2406689E-06
    63100.00  0.2377357E-06   0.1047198E-09   0.2378404E-06
    63300.00  0.2356801E-06   0.1042794E-09   0.2357844E-06
    63500.00  0.2324818E-06   0.1038424E-09   0.2325856E-06
    63700.00  0.2306056E-06   0.1034085E-09   0.2307090E-06
    63900.00  0.2269751E-06   0.1029779E-09   0.2270781E-06
    64200.00  0.2236028E-06   0.1023379E-09   0.2237051E-06
    64600.00  0.2183184E-06   0.1014955E-09   0.2184199E-06
    65000.00  0.2135201E-06   0.1006653E-09   0.2136208E-06
    65400.00  0.2086134E-06   0.9984705E-10   0.2087132E-06
    65800.00  0.2041782E-06   0.9904058E-10   0.2042772E-06
    66200.00  0.1994382E-06   0.9797169E-10   0.1995362E-06
    66600.00  0.1950270E-06   0.9719098E-10   0.1951242E-06
    67000.00  0.1908208E-06   0.9642127E-10   0.1909172E-06
    67400.00  0.1864474E-06   0.9566236E-10   0.1865431E-06
    67800.00  0.1823300E-06   0.9491403E-10   0.1824249E-06
    68200.00  0.1782949E-06   0.9417608E-10   0.1783891E-06
    68600.00  0.1744822E-06   0.9344830E-10   0.1745756E-06
    69000.00  0.1705790E-06   0.9273050E-10   0.1706717E-06
    69400.00  0.1668896E-06   0.9202180E-10   0.1669816E-06
    69800.00  0.1632836E-06   0.9132338E-10   0.1633749E-06
    70200.00  0.1596973E-06   0.9063439E-10   0.1597879E-06
    70600.00  0.1563421E-06   0.8995463E-10   0.1564321E-06
    71000.00  0.1529655E-06   0.8928394E-10   0.1530548E-06
    71400.00  0.1497403E-06   0.8862216E-10   0.1498289E-06
    71800.00  0.1465136E-06   0.8796863E-10   0.1466016E-06
    72200.00  0.1434489E-06   0.8732414E-10   0.1435362E-06
    72600.00  0.1403869E-06   0.8668806E-10   0.1404736E-06
    73000.00  0.1374643E-06   0.8605507E-10   0.1375504E-06
    73400.00  0.1345724E-06   0.8543553E-10   0.1346578E-06
    73800.00  0.1318030E-06   0.8482394E-10   0.1318878E-06
    74200.00  0.1290336E-06   0.8304560E-10   0.1291166E-06
    74600.00  0.1262321E-06   0.8246092E-10   0.1263146E-06
    75000.00  0.1236961E-06   0.8188361E-10   0.1237780E-06
    75400.00  0.1212614E-06   0.8131355E-10   0.1213427E-06
    75800.00  0.1188598E-06   0.8075061E-10   0.1189406E-06
    76200.00  0.1164713E-06   0.8019466E-10   0.1165515E-06
    76600.00  0.1141288E-06   0.7964557E-10   0.1142084E-06
    77000.00  0.1118352E-06   0.7910324E-10   0.1119143E-06
    77400.00  0.1096173E-06   0.7856754E-10   0.1096959E-06
    77800.00  0.1074590E-06   0.7803836E-10   0.1075370E-06
    78200.00  0.1053293E-06   0.7751558E-10   0.1054068E-06
    78600.00  0.1032611E-06   0.7699910E-10   0.1033381E-06
    79000.00  0.1012482E-06   0.7648882E-10   0.1013247E-06
    79400.00  0.9928368E-07   0.7598462E-10   0.9935966E-07
    79800.00  0.9736402E-07   0.7548641E-10   0.9743951E-07
    80200.00  0.9547397E-07   0.7499408E-10   0.9554896E-07
    80600.00  0.9363365E-07   0.7450754E-10   0.9370816E-07
    81000.00  0.9188022E-07   0.7402669E-10   0.9195425E-07
    81400.00  0.9011995E-07   0.7355143E-10   0.9019350E-07
    81800.00  0.8843719E-07   0.7308168E-10   0.8851027E-07
    82200.00  0.8678136E-07   0.7261735E-10   0.8685398E-07
    82600.00  0.8515635E-07   0.7203221E-10   0.8522838E-07
    83000.00  0.8357730E-07   0.7157955E-10   0.8364888E-07
    83400.00  0.8200861E-07   0.7113203E-10   0.8207974E-07
    83800.00  0.8049955E-07   0.7068957E-10   0.8057024E-07
    84200.00  0.7904706E-07   0.7025209E-10   0.7911731E-07
    84600.00  0.7758812E-07   0.6981951E-10   0.7765794E-07
    85000.00  0.7618428E-07   0.6939175E-10   0.7625367E-07
    85400.00  0.7479903E-07   0.6896874E-10   0.7486800E-07
    85800.00  0.7344514E-07   0.6855040E-10   0.7351369E-07
    86200.00  0.7214058E-07   0.6813647E-10   0.7220872E-07
    86600.00  0.7084771E-07   0.6772727E-10   0.7091544E-07
    87000.00  0.6958668E-07   0.6732253E-10   0.6965400E-07
    87400.00  0.6835320E-07   0.6692218E-10   0.6842012E-07
    87800.00  0.6714404E-07   0.6652614E-10   0.6721057E-07
    88200.00  0.6596550E-07   0.6613437E-10   0.6603163E-07
    88600.00  0.6480739E-07   0.6574678E-10   0.6487314E-07
    89000.00  0.6368259E-07   0.6536317E-10   0.6374795E-07
    89400.00  0.6258899E-07   0.6498374E-10   0.6265397E-07
    89800.00  0.6149760E-07   0.6460832E-10   0.6156221E-07
    90200.00  0.6045126E-07   0.6423483E-10   0.6051549E-07
    90600.00  0.5942635E-07   0.6386725E-10   0.5949022E-07
    91000.00  0.5838872E-07   0.6350350E-10   0.5845222E-07
    91400.00  0.5741536E-07   0.6257907E-10   0.5747794E-07
    91800.00  0.5645122E-07   0.6222641E-10   0.5651345E-07
    92200.00  0.5551266E-07   0.6187837E-10   0.5557454E-07
    92600.00  0.5458049E-07   0.6153389E-10   0.5464202E-07
    93000.00  0.5367677E-07   0.6119291E-10   0.5373796E-07
    93400.00  0.5277495E-07   0.6085539E-10   0.5283581E-07
    93800.00  0.5190269E-07   0.6052127E-10   0.5196321E-07
    94200.00  0.5104489E-07   0.6019050E-10   0.5110508E-07
    94600.00  0.5020660E-07   0.5986304E-10   0.5026646E-07
    95000.00  0.4938959E-07   0.5953884E-10   0.4944913E-07
    95400.00  0.4858606E-07   0.5921785E-10   0.4864528E-07
    95800.00  0.4780075E-07   0.5890004E-10   0.4785965E-07
    96200.00  0.4703114E-07   0.5858534E-10   0.4708973E-07
    96600.00  0.4627842E-07   0.5827373E-10   0.4633669E-07
    97000.00  0.4553225E-07   0.5796515E-10   0.4559022E-07
    97400.00  0.4479039E-07   0.5765957E-10   0.4484805E-07
    97800.00  0.4408840E-07   0.5735695E-10   0.4414576E-07
    98200.00  0.4339540E-07   0.5705724E-10   0.4345246E-07
    98600.00  0.4271762E-07   0.5676040E-10   0.4277438E-07
    99000.00  0.4204769E-07   0.5646639E-10   0.4210416E-07
    99400.00  0.4138716E-07   0.5617519E-10   0.4144334E-07
    99800.00  0.4074422E-07   0.5588674E-10   0.4080011E-07
   100200.00  0.4011235E-07   0.1405288E-10   0.4012640E-07
   200000.00  0.2643491E-08   0.3527286E-11   0.2647018E-08
   400000.00  0.1680822E-09   0.8818215E-12   0.1689640E-09
   600000.00  0.3323796E-10   0.3919207E-12   0.3362988E-10
   800000.00  0.1049289E-10   0.2204554E-12   0.1071335E-10
  1000000.00  0.4283301E-11   0.1410914E-12   0.4424392E-11
  1200000.00  0.2058086E-11   0.9798017E-13   0.2156066E-11
  1400000.00  0.1107224E-11   0.7198543E-13   0.1179209E-11
  1600000.00  0.6466146E-12   0.5511385E-13   0.7017284E-12
