       91.00  0.8088042E-06   0.0000000E+00   0.8088042E-06
       94.00  0.1109619E-05   0.0000000E+00   0.1109619E-05
       96.00  0.1213880E-05   0.0000000E+00   0.1213880E-05
       98.00  0.2495760E-05   0.0000000E+00   0.2495760E-05
      100.00  0.3936674E-05   0.0000000E+00   0.3936674E-05
      102.00  0.2669169E-05   0.0000000E+00   0.2669169E-05
      104.00  0.3425258E-05   0.0000000E+00   0.3425258E-05
      106.00  0.3640769E-05   0.0000000E+00   0.3640769E-05
      108.00  0.4648396E-05   0.0000000E+00   0.4648396E-05
      110.00  0.4982139E-05   0.0000000E+00   0.4982139E-05
      114.00  0.4030960E-05   0.0000000E+00   0.4030960E-05
      118.00  0.3552885E-05   0.0000000E+00   0.3552885E-05
      121.00  0.4744077E-05   0.0000000E+00   0.4744077E-05
      125.00  0.5235752E-05   0.0000000E+00   0.5235752E-05
      127.00  0.4711468E-05   0.0000000E+00   0.4711468E-05
      128.00  0.4831213E-05   0.0000000E+00   0.4831213E-05
      131.00  0.4301400E-05   0.0000000E+00   0.4301400E-05
      132.00  0.4518809E-05   0.0000000E+00   0.4518809E-05
      134.00  0.4655427E-05   0.0000000E+00   0.4655427E-05
      137.00  0.4541735E-05   0.0000000E+00   0.4541735E-05
      140.00  0.4413214E-05   0.0000000E+00   0.4413214E-05
      143.00  0.4170419E-05   0.0000000E+00   0.4170419E-05
      147.00  0.3391072E-05   0.0000000E+00   0.3391072E-05
      151.00  0.3340854E-05   0.0000000E+00   0.3340854E-05
      155.00  0.3320158E-05   0.0000000E+00   0.3320158E-05
      159.00  0.3363048E-05   0.0000000E+00   0.3363048E-05
      162.00  0.3220282E-05   0.0000000E+00   0.3220282E-05
      166.00  0.3244555E-05   0.0000000E+00   0.3244555E-05
      170.00  0.2816573E-05   0.0000000E+00   0.2816573E-05
      173.00  0.2793427E-05   0.0000000E+00   0.2793427E-05
      177.00  0.2610020E-05   0.0000000E+00   0.2610020E-05
      180.00  0.2757561E-05   0.0000000E+00   0.2757561E-05
      182.00  0.2851785E-05   0.0000000E+00   0.2851785E-05
      186.00  0.2733480E-05   0.0000000E+00   0.2733480E-05
      191.00  0.2581360E-05   0.0000000E+00   0.2581360E-05
      194.00  0.2671855E-05   0.0000000E+00   0.2671855E-05
      198.00  0.2574929E-05   0.0000000E+00   0.2574929E-05
      202.00  0.2596959E-05   0.0000000E+00   0.2596959E-05
      205.00  0.2455577E-05   0.0000000E+00   0.2455577E-05
      210.00  0.2304792E-05   0.0000000E+00   0.2304792E-05
      216.00  0.2268276E-05   0.0000000E+00   0.2268276E-05
      220.00  0.2014670E-05   0.0000000E+00   0.2014670E-05
      223.00  0.2030445E-05   0.0000000E+00   0.2030445E-05
      227.00  0.2110090E-05   0.0000000E+00   0.2110090E-05
      228.00  0.2140468E-05   0.0000000E+00   0.2140468E-05
      228.00  0.1839422E-05   0.0000000E+00   0.1839422E-05
      230.00  0.2147455E-05   0.0000000E+00   0.2147455E-05
      234.00  0.2763521E-05   0.0000000E+00   0.2763521E-05
      240.00  0.3316001E-05   0.0000000E+00   0.3316001E-05
      246.00  0.3598249E-05   0.0000000E+00   0.3598249E-05
      252.00  0.4042345E-05   0.0000000E+00   0.4042345E-05
      257.00  0.3268177E-05   0.0000000E+00   0.3268177E-05
      260.00  0.4074959E-05   0.0000000E+00   0.4074959E-05
      264.00  0.3992729E-05   0.0000000E+00   0.3992729E-05
      269.00  0.3937477E-05   0.0000000E+00   0.3937477E-05
      274.00  0.3888044E-05   0.0000000E+00   0.3888044E-05
      279.00  0.3334300E-05   0.0000000E+00   0.3334300E-05
      284.00  0.3188183E-05   0.0000000E+00   0.3188183E-05
      290.00  0.3082271E-05   0.0000000E+00   0.3082271E-05
      296.00  0.2908738E-05   0.0000000E+00   0.2908738E-05
      301.00  0.2460925E-05   0.0000000E+00   0.2460925E-05
      308.00  0.2565139E-05   0.0000000E+00   0.2565139E-05
      318.00  0.2610369E-05   0.0000000E+00   0.2610369E-05
      328.00  0.2429080E-05   0.0000000E+00   0.2429080E-05
      338.00  0.2198186E-05   0.0000000E+00   0.2198186E-05
      348.00  0.2027643E-05   0.0000000E+00   0.2027643E-05
      353.30  0.1961725E-05   0.0000000E+00   0.1961725E-05
      353.30  0.1877043E-05   0.0000000E+00   0.1877043E-05
      357.00  0.1841513E-05   0.0000000E+00   0.1841513E-05
      366.00  0.1755088E-05   0.0000000E+00   0.1755088E-05
      375.00  0.1651708E-05   0.0000000E+00   0.1651708E-05
      385.00  0.1489573E-05   0.0000000E+00   0.1489573E-05
      395.00  0.1429134E-05   0.0000000E+00   0.1429134E-05
      405.00  0.1349255E-05   0.0000000E+00   0.1349255E-05
      414.00  0.1266427E-05   0.0000000E+00   0.1266427E-05
      422.00  0.1195140E-05   0.0000000E+00   0.1195140E-05
      430.00  0.1114491E-05   0.0000000E+00   0.1114491E-05
      441.00  0.1047144E-05   0.0000000E+00   0.1047144E-05
      451.00  0.9860070E-06   0.0000000E+00   0.9860070E-06
      460.00  0.9217811E-06   0.0000000E+00   0.9217811E-06
      470.00  0.8695942E-06   0.0000000E+00   0.8695942E-06
      480.00  0.8230797E-06   0.0000000E+00   0.8230797E-06
      490.00  0.7698119E-06   0.0000000E+00   0.7698119E-06
      500.00  0.7286725E-06   0.0000000E+00   0.7286725E-06
      504.60  0.7156127E-06   0.0000000E+00   0.7156127E-06
      504.60  0.7062998E-06   0.0000000E+00   0.7062998E-06
      506.00  0.6973388E-06   0.0000000E+00   0.6973388E-06
      512.00  0.6704558E-06   0.0000000E+00   0.6704558E-06
      520.00  0.6400867E-06   0.0000000E+00   0.6400867E-06
      530.00  0.6071793E-06   0.0000000E+00   0.6071793E-06
      540.00  0.5706534E-06   0.0000000E+00   0.5706534E-06
      550.00  0.5340775E-06   0.0000000E+00   0.5340775E-06
      560.00  0.5060679E-06   0.0000000E+00   0.5060679E-06
      570.00  0.4812730E-06   0.0000000E+00   0.4812730E-06
      580.00  0.4520858E-06   0.0000000E+00   0.4520858E-06
      590.00  0.4318803E-06   0.0000000E+00   0.4318803E-06
      600.00  0.4088026E-06   0.0000000E+00   0.4088026E-06
      610.00  0.3826599E-06   0.0000000E+00   0.3826599E-06
      620.00  0.3685621E-06   0.0000000E+00   0.3685621E-06
      630.00  0.3468849E-06   0.0000000E+00   0.3468849E-06
      640.00  0.3328003E-06   0.0000000E+00   0.3328003E-06
      650.00  0.3179263E-06   0.0000000E+00   0.3179263E-06
      658.00  0.3047657E-06   0.0000000E+00   0.3047657E-06
      665.00  0.2933979E-06   0.0000000E+00   0.2933979E-06
      675.00  0.2803007E-06   0.0000000E+00   0.2803007E-06
      685.00  0.2669968E-06   0.0000000E+00   0.2669968E-06
      695.00  0.2555664E-06   0.0000000E+00   0.2555664E-06
      705.00  0.2434428E-06   0.0000000E+00   0.2434428E-06
      716.00  0.2322073E-06   0.0000000E+00   0.2322073E-06
      726.00  0.2231730E-06   0.0000000E+00   0.2231730E-06
      735.00  0.2147228E-06   0.0000000E+00   0.2147228E-06
      745.00  0.2062556E-06   0.0000000E+00   0.2062556E-06
      755.00  0.1993365E-06   0.0000000E+00   0.1993365E-06
      765.00  0.1898395E-06   0.0000000E+00   0.1898395E-06
      775.00  0.1850231E-06   0.0000000E+00   0.1850231E-06
      785.00  0.1772005E-06   0.0000000E+00   0.1772005E-06
      795.00  0.1738794E-06   0.0000000E+00   0.1738794E-06
      805.00  0.1703364E-06   0.0000000E+00   0.1703364E-06
      815.00  0.1663809E-06   0.0000000E+00   0.1663809E-06
      825.00  0.1626344E-06   0.0000000E+00   0.1626344E-06
      835.00  0.1600477E-06   0.0000000E+00   0.1600477E-06
      845.00  0.1589737E-06   0.0000000E+00   0.1589737E-06
      855.00  0.1577595E-06   0.0000000E+00   0.1577595E-06
      865.00  0.1575322E-06   0.0000000E+00   0.1575322E-06
      875.00  0.1587869E-06   0.0000000E+00   0.1587869E-06
      885.00  0.1609820E-06   0.0000000E+00   0.1609820E-06
      895.00  0.1632858E-06   0.0000000E+00   0.1632858E-06
      905.00  0.1660011E-06   0.0000000E+00   0.1660011E-06
      912.40  0.1682754E-06   0.3274828E-12   0.1682757E-06
      912.40  0.1094364E-06   0.3274910E-12   0.1094367E-06
      915.00  0.6746457E-06   0.3552147E-12   0.6746461E-06
      925.00  0.2848548E-05   0.4542749E-12   0.2848548E-05
      935.00  0.4757258E-05   0.5777756E-12   0.4757259E-05
      945.00  0.1749393E-04   0.7309524E-12   0.1749393E-04
      955.00  0.1105717E-03   0.9199882E-12   0.1105717E-03
      965.00  0.1727226E-03   0.1152151E-11   0.1727226E-03
      975.00  0.3603149E-04   0.1435945E-11   0.3603149E-04
      985.00  0.4179349E-03   0.1781282E-11   0.4179349E-03
      995.00  0.4361803E-03   0.2199664E-11   0.4361803E-03
     1005.00  0.6639565E-03   0.2704384E-11   0.6639565E-03
     1015.00  0.4536440E-03   0.3310748E-11   0.4536440E-03
     1025.00  0.2361513E-04   0.4036314E-11   0.2361513E-04
     1035.00  0.1985987E-03   0.4901146E-11   0.1985987E-03
     1045.00  0.8657509E-03   0.5928121E-11   0.8657509E-03
     1055.00  0.1094534E-02   0.7143162E-11   0.1094534E-02
     1065.00  0.9038459E-03   0.8575605E-11   0.9038459E-03
     1075.00  0.1103914E-02   0.1025853E-10   0.1103914E-02
     1085.00  0.8348155E-03   0.1222914E-10   0.8348155E-03
     1095.00  0.1122301E-02   0.1452909E-10   0.1122301E-02
     1105.00  0.1512834E-02   0.1720495E-10   0.1512834E-02
     1115.00  0.1535338E-02   0.2030860E-10   0.1535338E-02
     1125.00  0.1631345E-02   0.2389767E-10   0.1631345E-02
     1135.00  0.1855187E-02   0.2803605E-10   0.1855187E-02
     1145.00  0.1665816E-02   0.3279434E-10   0.1665816E-02
     1155.00  0.1892812E-02   0.3825034E-10   0.1892812E-02
     1165.00  0.2088128E-02   0.4448965E-10   0.2088128E-02
     1175.00  0.1856738E-02   0.5160613E-10   0.1856738E-02
     1185.00  0.1772659E-02   0.5970254E-10   0.1772659E-02
     1195.00  0.4033793E-03   0.6889106E-10   0.4033794E-03
     1205.00  0.4437454E-03   0.7929393E-10   0.4437455E-03
     1215.00  0.4006927E-04   0.9104406E-10   0.4006936E-04
     1225.00  0.3391486E-03   0.1261823E-07   0.3391612E-03
     1235.00  0.1675479E-02   0.2398610E-07   0.1675503E-02
     1245.00  0.2402528E-02   0.3365010E-07   0.2402562E-02
     1255.00  0.2307865E-02   0.4190569E-07   0.2307907E-02
     1265.00  0.1387095E-02   0.4897194E-07   0.1387144E-02
     1275.00  0.2807800E-02   0.5502212E-07   0.2807855E-02
     1285.00  0.3162330E-02   0.6019774E-07   0.3162390E-02
     1295.00  0.2559078E-02   0.6461662E-07   0.2559143E-02
     1305.00  0.2177199E-02   0.6837819E-07   0.2177267E-02
     1315.00  0.2933684E-02   0.7156709E-07   0.2933756E-02
     1325.00  0.2946009E-02   0.7425597E-07   0.2946083E-02
     1335.00  0.2461937E-02   0.7650749E-07   0.2462014E-02
     1345.00  0.3200693E-02   0.7837598E-07   0.3200771E-02
     1355.00  0.3027912E-02   0.7990873E-07   0.3027992E-02
     1365.00  0.2611868E-02   0.8114705E-07   0.2611949E-02
     1375.00  0.2975388E-02   0.8212716E-07   0.2975470E-02
     1385.00  0.3052937E-02   0.8288087E-07   0.3053020E-02
     1395.00  0.3067149E-02   0.8343620E-07   0.3067232E-02
     1405.00  0.3070940E-02   0.8381792E-07   0.3071024E-02
     1415.00  0.2786973E-02   0.8404793E-07   0.2787057E-02
     1425.00  0.2933323E-02   0.8414567E-07   0.2933407E-02
     1435.00  0.2743644E-02   0.8412843E-07   0.2743728E-02
     1442.00  0.2999529E-02   0.8405627E-07   0.2999613E-02
     1447.00  0.3151425E-02   0.8397753E-07   0.3151509E-02
     1455.00  0.3038167E-02   0.8380894E-07   0.3038251E-02
     1465.00  0.2794786E-02   0.8353273E-07   0.2794870E-02
     1475.00  0.2660353E-02   0.8319400E-07   0.2660436E-02
     1485.00  0.2772247E-02   0.8280265E-07   0.2772330E-02
     1495.00  0.2893719E-02   0.8236759E-07   0.2893801E-02
     1505.00  0.2810067E-02   0.8189688E-07   0.2810149E-02
     1512.00  0.2535914E-02   0.8155009E-07   0.2535996E-02
     1517.00  0.2770802E-02   0.8129515E-07   0.2770883E-02
     1525.00  0.2463779E-02   0.8087691E-07   0.2463860E-02
     1535.00  0.2181848E-02   0.8034027E-07   0.2181928E-02
     1545.00  0.2644132E-02   0.7979332E-07   0.2644212E-02
     1555.00  0.2392245E-02   0.7924082E-07   0.2392324E-02
     1565.00  0.2279026E-02   0.7868754E-07   0.2279105E-02
     1575.00  0.2354361E-02   0.7813771E-07   0.2354439E-02
     1585.00  0.2544590E-02   0.7759522E-07   0.2544668E-02
     1595.00  0.2620350E-02   0.7706368E-07   0.2620427E-02
     1605.00  0.2460102E-02   0.7654644E-07   0.2460179E-02
     1615.00  0.2484230E-02   0.7604662E-07   0.2484306E-02
     1625.00  0.2281572E-02   0.7556715E-07   0.2281648E-02
     1635.00  0.2380066E-02   0.7511076E-07   0.2380141E-02
     1645.00  0.2426999E-02   0.7468006E-07   0.2427074E-02
     1655.00  0.2128361E-02   0.7427752E-07   0.2128435E-02
     1665.00  0.2376092E-02   0.7390547E-07   0.2376166E-02
     1672.00  0.1979470E-02   0.7366437E-07   0.1979544E-02
     1677.00  0.2286894E-02   0.7350240E-07   0.2286968E-02
     1685.00  0.2486198E-02   0.7326169E-07   0.2486271E-02
     1695.00  0.2326485E-02   0.7299417E-07   0.2326558E-02
     1705.00  0.2177956E-02   0.7276557E-07   0.2178029E-02
     1715.00  0.2038706E-02   0.7257783E-07   0.2038779E-02
     1725.00  0.2012189E-02   0.7243283E-07   0.2012261E-02
     1735.00  0.2131248E-02   0.7233239E-07   0.2131320E-02
     1745.00  0.2096067E-02   0.7227832E-07   0.2096139E-02
     1755.00  0.2284574E-02   0.7227237E-07   0.2284646E-02
     1765.00  0.1994845E-02   0.7231627E-07   0.1994917E-02
     1775.00  0.2147600E-02   0.7241174E-07   0.2147672E-02
     1785.00  0.2165584E-02   0.7256046E-07   0.2165657E-02
     1795.00  0.2307702E-02   0.7276417E-07   0.2307775E-02
     1805.00  0.2241708E-02   0.7302452E-07   0.2241781E-02
     1815.00  0.2138582E-02   0.7334312E-07   0.2138655E-02
     1825.00  0.2109156E-02   0.7372163E-07   0.2109230E-02
     1835.00  0.2019072E-02   0.7416169E-07   0.2019146E-02
     1845.00  0.1869902E-02   0.7466494E-07   0.1869977E-02
     1855.00  0.1867462E-02   0.7523300E-07   0.1867537E-02
     1865.00  0.1900439E-02   0.7586751E-07   0.1900515E-02
     1875.00  0.2066951E-02   0.7657010E-07   0.2067028E-02
     1885.00  0.1941632E-02   0.7734240E-07   0.1941709E-02
     1895.00  0.1878533E-02   0.7818605E-07   0.1878611E-02
     1905.00  0.1926204E-02   0.7910269E-07   0.1926283E-02
     1915.00  0.1890962E-02   0.8009396E-07   0.1891042E-02
     1925.00  0.1876157E-02   0.8116150E-07   0.1876238E-02
     1935.00  0.1904801E-02   0.8230696E-07   0.1904883E-02
     1945.00  0.1946095E-02   0.8353064E-07   0.1946179E-02
     1955.00  0.1853707E-02   0.8483347E-07   0.1853792E-02
     1967.00  0.1988178E-02   0.8650552E-07   0.1988265E-02
     1976.00  0.2019446E-02   0.8783890E-07   0.2019534E-02
     1984.00  0.1918085E-02   0.8908229E-07   0.1918174E-02
     1995.00  0.1828307E-02   0.9088286E-07   0.1828398E-02
     2005.00  0.1870038E-02   0.9261273E-07   0.1870131E-02
     2015.00  0.1769435E-02   0.9443281E-07   0.1769529E-02
     2025.00  0.1862749E-02   0.9634470E-07   0.1862845E-02
     2035.00  0.1780818E-02   0.9835579E-07   0.1780916E-02
     2045.00  0.1837572E-02   0.1004649E-06   0.1837672E-02
     2055.00  0.1745411E-02   0.4064831E-07   0.1745452E-02
     2065.00  0.1749556E-02   0.4020328E-07   0.1749596E-02
     2074.00  0.1818264E-02   0.3981191E-07   0.1818304E-02
     2078.00  0.1789540E-02   0.3964073E-07   0.1789580E-02
     2085.00  0.1815173E-02   0.3934525E-07   0.1815212E-02
     2095.00  0.1716292E-02   0.3893210E-07   0.1716331E-02
     2105.00  0.1705910E-02   0.3852942E-07   0.1705949E-02
     2115.00  0.1706649E-02   0.3813713E-07   0.1706687E-02
     2125.00  0.1723818E-02   0.3775515E-07   0.1723856E-02
     2135.00  0.1552143E-02   0.3738341E-07   0.1552180E-02
     2145.00  0.1648484E-02   0.3702183E-07   0.1648521E-02
     2155.00  0.1686742E-02   0.3667033E-07   0.1686779E-02
     2165.00  0.1604146E-02   0.3632884E-07   0.1604182E-02
     2175.00  0.1574804E-02   0.3599730E-07   0.1574840E-02
     2185.00  0.1541679E-02   0.3567566E-07   0.1541715E-02
     2195.00  0.1625991E-02   0.3536381E-07   0.1626026E-02
     2205.00  0.1555372E-02   0.3506168E-07   0.1555407E-02
     2215.00  0.1464550E-02   0.3476918E-07   0.1464585E-02
     2225.00  0.1395012E-02   0.3448626E-07   0.1395046E-02
     2235.00  0.1524012E-02   0.3421284E-07   0.1524046E-02
     2245.00  0.1394101E-02   0.3394884E-07   0.1394135E-02
     2255.00  0.1355424E-02   0.3369421E-07   0.1355458E-02
     2265.00  0.1380768E-02   0.3344887E-07   0.1380801E-02
     2275.00  0.1434308E-02   0.3321276E-07   0.1434341E-02
     2285.00  0.1464811E-02   0.3298569E-07   0.1464844E-02
     2295.00  0.1396386E-02   0.3276757E-07   0.1396419E-02
     2305.00  0.1341122E-02   0.3255846E-07   0.1341155E-02
     2315.00  0.1275675E-02   0.3235828E-07   0.1275707E-02
     2325.00  0.1016168E-02   0.3216699E-07   0.1016200E-02
     2335.00  0.1196800E-02   0.3198451E-07   0.1196832E-02
     2345.00  0.1140897E-02   0.3181078E-07   0.1140929E-02
     2355.00  0.1238457E-02   0.3164574E-07   0.1238489E-02
     2365.00  0.1121207E-02   0.3148933E-07   0.1121238E-02
     2375.00  0.1157288E-02   0.3134149E-07   0.1157319E-02
     2385.00  0.1057182E-02   0.3120215E-07   0.1057213E-02
     2395.00  0.1158478E-02   0.3107127E-07   0.1158509E-02
     2405.00  0.1090540E-02   0.3094880E-07   0.1090571E-02
     2415.00  0.1114437E-02   0.3083469E-07   0.1114468E-02
     2425.00  0.1170599E-02   0.3072886E-07   0.1170630E-02
     2435.00  0.1109558E-02   0.3063126E-07   0.1109589E-02
     2445.00  0.1191843E-02   0.3054183E-07   0.1191874E-02
     2455.00  0.1143898E-02   0.3046053E-07   0.1143928E-02
     2465.00  0.1150388E-02   0.3038729E-07   0.1150418E-02
     2475.00  0.1094017E-02   0.3032207E-07   0.1094047E-02
     2485.00  0.1164669E-02   0.3026482E-07   0.1164699E-02
     2495.00  0.1126057E-02   0.3021547E-07   0.1126087E-02
     2505.00  0.1209172E-02   0.3017398E-07   0.1209202E-02
     2513.00  0.1097063E-02   0.3014642E-07   0.1097093E-02
     2518.00  0.1130452E-02   0.3013172E-07   0.1130482E-02
     2525.00  0.1058078E-02   0.3011439E-07   0.1058108E-02
     2535.00  0.1067244E-02   0.3009619E-07   0.1067274E-02
     2545.00  0.1041492E-02   0.3008569E-07   0.1041522E-02
     2555.00  0.1101570E-02   0.3008282E-07   0.1101600E-02
     2565.00  0.1082872E-02   0.3008752E-07   0.1082902E-02
     2575.00  0.1154287E-02   0.3009975E-07   0.1154317E-02
     2585.00  0.1139378E-02   0.3011945E-07   0.1139408E-02
     2595.00  0.1131516E-02   0.3014659E-07   0.1131546E-02
     2605.00  0.1079237E-02   0.2859130E-07   0.1079266E-02
     2615.00  0.1070517E-02   0.2860453E-07   0.1070546E-02
     2625.00  0.1105296E-02   0.2862490E-07   0.1105325E-02
     2635.00  0.1112120E-02   0.2865237E-07   0.1112149E-02
     2645.00  0.1188110E-02   0.2868691E-07   0.1188139E-02
     2655.00  0.1173672E-02   0.2872846E-07   0.1173701E-02
     2665.00  0.1093392E-02   0.2877701E-07   0.1093421E-02
     2675.00  0.1136497E-02   0.2883250E-07   0.1136526E-02
     2685.00  0.1118756E-02   0.2889489E-07   0.1118785E-02
     2695.00  0.1083504E-02   0.2896416E-07   0.1083533E-02
     2705.00  0.1105646E-02   0.2904026E-07   0.1105675E-02
     2715.00  0.1053908E-02   0.2912316E-07   0.1053937E-02
     2725.00  0.1057544E-02   0.2921282E-07   0.1057573E-02
     2735.00  0.1111845E-02   0.2930920E-07   0.1111874E-02
     2745.00  0.9820734E-03   0.2941227E-07   0.9821028E-03
     2755.00  0.9815036E-03   0.2952198E-07   0.9815331E-03
     2765.00  0.1012188E-02   0.2963831E-07   0.1012218E-02
     2775.00  0.1052215E-02   0.2976122E-07   0.1052245E-02
     2785.00  0.1034982E-02   0.2989067E-07   0.1035012E-02
     2795.00  0.8408968E-03   0.3002663E-07   0.8409268E-03
     2805.00  0.9100382E-03   0.3016905E-07   0.9100684E-03
     2815.00  0.1050936E-02   0.3031791E-07   0.1050966E-02
     2825.00  0.1056921E-02   0.3047316E-07   0.1056951E-02
     2835.00  0.1013097E-02   0.3063478E-07   0.1013128E-02
     2845.00  0.9775064E-03   0.3080273E-07   0.9775372E-03
     2855.00  0.9738464E-03   0.3097671E-07   0.9738774E-03
     2865.00  0.1015700E-02   0.3115665E-07   0.1015731E-02
     2875.00  0.9923329E-03   0.3134276E-07   0.9923642E-03
     2885.00  0.1002602E-02   0.3153502E-07   0.1002634E-02
     2895.00  0.9867469E-03   0.3173339E-07   0.9867786E-03
     2910.00  0.1041000E-02   0.3204230E-07   0.1041032E-02
     2930.00  0.1004380E-02   0.3247522E-07   0.1004412E-02
     2950.00  0.9919786E-03   0.3293191E-07   0.9920115E-03
     2970.00  0.9879832E-03   0.3341208E-07   0.9880166E-03
     2990.00  0.9817546E-03   0.3391544E-07   0.9817885E-03
     3010.00  0.9921920E-03   0.3444169E-07   0.9922264E-03
     3030.00  0.9785234E-03   0.3499055E-07   0.9785584E-03
     3050.00  0.9637526E-03   0.3556183E-07   0.9637882E-03
     3070.00  0.9512598E-03   0.3615526E-07   0.9512960E-03
     3090.00  0.9521994E-03   0.3677047E-07   0.9522362E-03
     3110.00  0.9306624E-03   0.3740716E-07   0.9306998E-03
     3130.00  0.9198994E-03   0.3770622E-07   0.9199371E-03
     3150.00  0.9165338E-03   0.3837547E-07   0.9165722E-03
     3170.00  0.9042471E-03   0.3906523E-07   0.9042862E-03
     3190.00  0.8699490E-03   0.3977523E-07   0.8699888E-03
     3210.00  0.8810995E-03   0.4050516E-07   0.8811400E-03
     3230.00  0.8626987E-03   0.4125472E-07   0.8627400E-03
     3250.00  0.8638759E-03   0.4202363E-07   0.8639179E-03
     3270.00  0.8653747E-03   0.4281083E-07   0.8654175E-03
     3290.00  0.8569629E-03   0.4361616E-07   0.8570065E-03
     3310.00  0.8516479E-03   0.4443971E-07   0.8516923E-03
     3330.00  0.8379334E-03   0.4528117E-07   0.8379787E-03
     3350.00  0.8227467E-03   0.4614022E-07   0.8227928E-03
     3370.00  0.8086024E-03   0.4701656E-07   0.8086494E-03
     3390.00  0.7998299E-03   0.4790989E-07   0.7998778E-03
     3410.00  0.7988428E-03   0.4881990E-07   0.7988916E-03
     3430.00  0.7912456E-03   0.4620853E-07   0.7912918E-03
     3450.00  0.7847316E-03   0.4705846E-07   0.7847787E-03
     3470.00  0.7737442E-03   0.4792315E-07   0.7737921E-03
     3490.00  0.7695647E-03   0.4880229E-07   0.7696135E-03
     3510.00  0.7692177E-03   0.4969556E-07   0.7692674E-03
     3530.00  0.7579822E-03   0.5060236E-07   0.7580328E-03
     3550.00  0.7566563E-03   0.5152268E-07   0.7567078E-03
     3570.00  0.7333096E-03   0.5245623E-07   0.7333621E-03
     3590.00  0.7254760E-03   0.5340274E-07   0.7255294E-03
     3610.00  0.7262164E-03   0.5436190E-07   0.7262708E-03
     3630.00  0.7216901E-03   0.5533344E-07   0.7217454E-03
     3640.00  0.7206939E-03   0.5582376E-07   0.7207497E-03
     3650.00  0.7300994E-03   0.8549111E-08   0.7301079E-03
     3670.00  0.7131389E-03   0.8476234E-08   0.7131474E-03
     3690.00  0.6568369E-03   0.7713582E-08   0.6568446E-03
     3710.00  0.7048084E-03   0.7630321E-08   0.7048160E-03
     3730.00  0.7056671E-03   0.7549736E-08   0.7056746E-03
     3750.00  0.8493855E-03   0.7471756E-08   0.8493930E-03
     3770.00  0.8766378E-03   0.7396315E-08   0.8766452E-03
     3790.00  0.1005302E-02   0.7323345E-08   0.1005309E-02
     3810.00  0.1114619E-02   0.7252784E-08   0.1114626E-02
     3830.00  0.9091641E-03   0.7184568E-08   0.9091713E-03
     3850.00  0.1163593E-02   0.7118638E-08   0.1163600E-02
     3870.00  0.1252918E-02   0.7054934E-08   0.1252925E-02
     3890.00  0.8384836E-03   0.6993400E-08   0.8384906E-03
     3910.00  0.1248263E-02   0.6933980E-08   0.1248270E-02
     3930.00  0.1191709E-02   0.6876619E-08   0.1191716E-02
     3950.00  0.1210035E-02   0.6821265E-08   0.1210042E-02
     3970.00  0.7719818E-03   0.6767875E-08   0.7719886E-03
     3990.00  0.1192221E-02   0.6716420E-08   0.1192228E-02
     4010.00  0.1261954E-02   0.6666820E-08   0.1261961E-02
     4030.00  0.1241496E-02   0.6619029E-08   0.1241503E-02
     4050.00  0.1237506E-02   0.6573001E-08   0.1237513E-02
     4070.00  0.1192099E-02   0.6528690E-08   0.1192106E-02
     4090.00  0.1034940E-02   0.6486053E-08   0.1034946E-02
     4110.00  0.8446803E-03   0.6445048E-08   0.8446867E-03
     4130.00  0.1126120E-02   0.6405633E-08   0.1126126E-02
     4150.00  0.1154958E-02   0.6367768E-08   0.1154964E-02
     4170.00  0.1146907E-02   0.6331412E-08   0.1146913E-02
     4190.00  0.1135010E-02   0.6296529E-08   0.1135016E-02
     4210.00  0.1126222E-02   0.6263080E-08   0.1126228E-02
     4230.00  0.1107775E-02   0.6231029E-08   0.1107781E-02
     4250.00  0.1097820E-02   0.6200340E-08   0.1097826E-02
     4270.00  0.1068796E-02   0.6170979E-08   0.1068802E-02
     4290.00  0.1056338E-02   0.6142913E-08   0.1056344E-02
     4310.00  0.1005173E-02   0.6116107E-08   0.1005179E-02
     4330.00  0.8639032E-03   0.6090531E-08   0.8639093E-03
     4350.00  0.7641309E-03   0.6066154E-08   0.7641370E-03
     4370.00  0.1006020E-02   0.6042947E-08   0.1006026E-02
     4390.00  0.9954416E-03   0.6020878E-08   0.9954476E-03
     4410.00  0.1001003E-02   0.5999917E-08   0.1001009E-02
     4430.00  0.9945032E-03   0.5980035E-08   0.9945092E-03
     4450.00  0.9920516E-03   0.5961205E-08   0.9920576E-03
     4470.00  0.9773628E-03   0.5943401E-08   0.9773687E-03
     4490.00  0.9699000E-03   0.5926595E-08   0.9699059E-03
     4510.00  0.9868082E-03   0.5910763E-08   0.9868141E-03
     4530.00  0.9545303E-03   0.5895878E-08   0.9545362E-03
     4550.00  0.9421012E-03   0.5881916E-08   0.9421071E-03
     4570.00  0.9545184E-03   0.5868854E-08   0.9545243E-03
     4590.00  0.9308572E-03   0.5856668E-08   0.9308631E-03
     4610.00  0.9317215E-03   0.5845335E-08   0.9317273E-03
     4630.00  0.9085497E-03   0.5834834E-08   0.9085555E-03
     4650.00  0.9083155E-03   0.5825141E-08   0.9083213E-03
     4670.00  0.9027212E-03   0.5816235E-08   0.9027270E-03
     4690.00  0.8872428E-03   0.5808098E-08   0.8872486E-03
     4710.00  0.8628142E-03   0.5800707E-08   0.8628200E-03
     4730.00  0.8722828E-03   0.5794044E-08   0.8722886E-03
     4750.00  0.8696846E-03   0.5788088E-08   0.8696904E-03
     4770.00  0.8629109E-03   0.5782821E-08   0.8629167E-03
     4790.00  0.8506045E-03   0.5778225E-08   0.8506103E-03
     4810.00  0.8341103E-03   0.5774262E-08   0.8341161E-03
     4830.00  0.8172622E-03   0.5770915E-08   0.8172680E-03
     4850.00  0.7011397E-03   0.5768183E-08   0.7011455E-03
     4870.00  0.5989286E-03   0.5766050E-08   0.5989344E-03
     4890.00  0.7787764E-03   0.5764500E-08   0.7787822E-03
     4910.00  0.7903512E-03   0.5763516E-08   0.7903570E-03
     4930.00  0.7775219E-03   0.5763082E-08   0.7775277E-03
     4950.00  0.7878778E-03   0.5763185E-08   0.7878836E-03
     4970.00  0.7782831E-03   0.5763807E-08   0.7782889E-03
     4990.00  0.7562736E-03   0.5764935E-08   0.7562794E-03
     5010.00  0.7326598E-03   0.5766555E-08   0.7326656E-03
     5030.00  0.7407441E-03   0.5768652E-08   0.7407499E-03
     5050.00  0.7267106E-03   0.5771213E-08   0.7267164E-03
     5070.00  0.7359195E-03   0.5774239E-08   0.7359253E-03
     5090.00  0.7176512E-03   0.5777776E-08   0.7176570E-03
     5110.00  0.7141134E-03   0.5781735E-08   0.7141192E-03
     5130.00  0.7014322E-03   0.5786105E-08   0.7014380E-03
     5150.00  0.6874505E-03   0.5790872E-08   0.6874563E-03
     5170.00  0.6722412E-03   0.5796025E-08   0.6722470E-03
     5190.00  0.6732211E-03   0.5801552E-08   0.6732269E-03
     5210.00  0.6734202E-03   0.5807442E-08   0.6734260E-03
     5230.00  0.6741859E-03   0.5813683E-08   0.6741917E-03
     5250.00  0.6773260E-03   0.5820266E-08   0.6773318E-03
     5270.00  0.6478342E-03   0.5827178E-08   0.6478400E-03
     5290.00  0.6685391E-03   0.5834410E-08   0.6685449E-03
     5310.00  0.6699657E-03   0.5841952E-08   0.6699715E-03
     5330.00  0.6441729E-03   0.5849793E-08   0.6441787E-03
     5350.00  0.6561054E-03   0.5857924E-08   0.6561113E-03
     5370.00  0.6503542E-03   0.5866330E-08   0.6503601E-03
     5390.00  0.6384342E-03   0.5874992E-08   0.6384401E-03
     5410.00  0.6294614E-03   0.5883913E-08   0.6294673E-03
     5430.00  0.6275296E-03   0.5893086E-08   0.6275355E-03
     5450.00  0.6316468E-03   0.5902503E-08   0.6316527E-03
     5470.00  0.6186766E-03   0.5912153E-08   0.6186825E-03
     5490.00  0.6151229E-03   0.5922031E-08   0.6151288E-03
     5510.00  0.6079769E-03   0.5932126E-08   0.6079828E-03
     5530.00  0.6084292E-03   0.5942431E-08   0.6084351E-03
     5550.00  0.6066587E-03   0.5952940E-08   0.6066647E-03
     5570.00  0.5984579E-03   0.5963643E-08   0.5984639E-03
     5590.00  0.5891949E-03   0.5974533E-08   0.5892009E-03
     5610.00  0.5930422E-03   0.5985604E-08   0.5930482E-03
     5630.00  0.5848823E-03   0.5996849E-08   0.5848883E-03
     5650.00  0.5813474E-03   0.6008260E-08   0.5813534E-03
     5670.00  0.5720146E-03   0.6019830E-08   0.5720206E-03
     5690.00  0.5748815E-03   0.6031554E-08   0.5748875E-03
     5710.00  0.5635101E-03   0.4271350E-08   0.5635144E-03
     5730.00  0.5756256E-03   0.4271603E-08   0.5756299E-03
     5750.00  0.5621674E-03   0.4272042E-08   0.5621717E-03
     5770.00  0.5611674E-03   0.4272662E-08   0.5611717E-03
     5790.00  0.5479409E-03   0.4273457E-08   0.5479452E-03
     5810.00  0.5529719E-03   0.4274422E-08   0.5529762E-03
     5830.00  0.5551914E-03   0.4275552E-08   0.5551957E-03
     5850.00  0.5447216E-03   0.4276841E-08   0.5447259E-03
     5870.00  0.5381973E-03   0.4278286E-08   0.5382016E-03
     5890.00  0.5205384E-03   0.4279881E-08   0.5205427E-03
     5910.00  0.5308026E-03   0.4281621E-08   0.5308069E-03
     5930.00  0.5279846E-03   0.4283502E-08   0.5279889E-03
     5950.00  0.5226135E-03   0.4285520E-08   0.5226178E-03
     5970.00  0.5237228E-03   0.4287670E-08   0.5237271E-03
     5990.00  0.5147027E-03   0.4289947E-08   0.5147070E-03
     6010.00  0.5091363E-03   0.4292348E-08   0.5091406E-03
     6030.00  0.5109495E-03   0.4294868E-08   0.5109538E-03
     6050.00  0.5106327E-03   0.4297503E-08   0.5106370E-03
     6070.00  0.5067075E-03   0.4300250E-08   0.5067118E-03
     6090.00  0.4947647E-03   0.4303104E-08   0.4947690E-03
     6110.00  0.4924693E-03   0.4306061E-08   0.4924736E-03
     6130.00  0.4788136E-03   0.4309118E-08   0.4788179E-03
     6150.00  0.4782850E-03   0.4312272E-08   0.4782893E-03
     6170.00  0.4706435E-03   0.4315518E-08   0.4706478E-03
     6190.00  0.4780052E-03   0.4318855E-08   0.4780095E-03
     6210.00  0.4732817E-03   0.4322277E-08   0.4732860E-03
     6230.00  0.4634298E-03   0.4325783E-08   0.4634341E-03
     6250.00  0.4519689E-03   0.4329369E-08   0.4519732E-03
     6270.00  0.4599500E-03   0.4333031E-08   0.4599543E-03
     6290.00  0.4602931E-03   0.4336767E-08   0.4602974E-03
     6310.00  0.4514836E-03   0.4340574E-08   0.4514879E-03
     6330.00  0.4518506E-03   0.4344449E-08   0.4518549E-03
     6350.00  0.4457318E-03   0.4348389E-08   0.4457361E-03
     6370.00  0.4424568E-03   0.4352390E-08   0.4424612E-03
     6390.00  0.4451205E-03   0.4356452E-08   0.4451249E-03
     6410.00  0.4386529E-03   0.4360570E-08   0.4386573E-03
     6430.00  0.4379142E-03   0.4364742E-08   0.4379186E-03
     6450.00  0.4337694E-03   0.4368967E-08   0.4337738E-03
     6470.00  0.4318361E-03   0.4373240E-08   0.4318405E-03
     6490.00  0.4229082E-03   0.4377561E-08   0.4229126E-03
     6510.00  0.4255982E-03   0.4381926E-08   0.4256026E-03
     6530.00  0.4186121E-03   0.4386282E-08   0.4186165E-03
     6550.00  0.3895758E-03   0.4390663E-08   0.3895802E-03
     6570.00  0.3431172E-03   0.4395080E-08   0.3431216E-03
     6590.00  0.4043484E-03   0.4399529E-08   0.4043528E-03
     6610.00  0.4112826E-03   0.4404010E-08   0.4112870E-03
     6630.00  0.4094303E-03   0.4408520E-08   0.4094347E-03
     6650.00  0.4077436E-03   0.4391762E-08   0.4077480E-03
     6670.00  0.4011129E-03   0.4396341E-08   0.4011173E-03
     6690.00  0.4033621E-03   0.4400944E-08   0.4033665E-03
     6710.00  0.3944378E-03   0.4405571E-08   0.3944422E-03
     6730.00  0.3979176E-03   0.4410217E-08   0.3979220E-03
     6750.00  0.3922951E-03   0.4414883E-08   0.3922995E-03
     6770.00  0.3914533E-03   0.4419566E-08   0.3914577E-03
     6790.00  0.3869085E-03   0.4424264E-08   0.3869129E-03
     6810.00  0.3853808E-03   0.4428977E-08   0.3853852E-03
     6830.00  0.3850208E-03   0.4433701E-08   0.3850252E-03
     6850.00  0.3778513E-03   0.4438437E-08   0.3778557E-03
     6870.00  0.3788268E-03   0.4443181E-08   0.3788312E-03
     6890.00  0.3796783E-03   0.4447934E-08   0.3796827E-03
     6910.00  0.3761969E-03   0.4452692E-08   0.3762014E-03
     6930.00  0.3719132E-03   0.4457456E-08   0.3719177E-03
     6950.00  0.3683391E-03   0.4462224E-08   0.3683436E-03
     6970.00  0.3685747E-03   0.4466993E-08   0.3685792E-03
     6990.00  0.3655670E-03   0.4471763E-08   0.3655715E-03
     7010.00  0.3592707E-03   0.4476533E-08   0.3592752E-03
     7030.00  0.3618741E-03   0.4481305E-08   0.3618786E-03
     7050.00  0.3615098E-03   0.4486074E-08   0.3615143E-03
     7070.00  0.3537131E-03   0.4490839E-08   0.3537176E-03
     7090.00  0.3492368E-03   0.4495599E-08   0.3492413E-03
     7110.00  0.3430078E-03   0.4500352E-08   0.3430123E-03
     7130.00  0.3384852E-03   0.4505097E-08   0.3384897E-03
     7150.00  0.3371447E-03   0.4509833E-08   0.3371492E-03
     7170.00  0.3372307E-03   0.4514559E-08   0.3372352E-03
     7190.00  0.3309125E-03   0.4519274E-08   0.3309170E-03
     7210.00  0.3337060E-03   0.4523978E-08   0.3337105E-03
     7230.00  0.3347503E-03   0.4528669E-08   0.3347548E-03
     7250.00  0.3338244E-03   0.4533346E-08   0.3338289E-03
     7270.00  0.3322532E-03   0.4538009E-08   0.3322577E-03
     7290.00  0.3267851E-03   0.4542656E-08   0.3267896E-03
     7310.00  0.3295978E-03   0.4547286E-08   0.3296023E-03
     7330.00  0.3287892E-03   0.4551900E-08   0.3287938E-03
     7350.00  0.3272925E-03   0.4556496E-08   0.3272971E-03
     7370.00  0.3303553E-03   0.4561072E-08   0.3303599E-03
     7390.00  0.3245141E-03   0.4565630E-08   0.3245187E-03
     7410.00  0.3216549E-03   0.4570168E-08   0.3216595E-03
     7430.00  0.3232779E-03   0.4574683E-08   0.3232825E-03
     7450.00  0.3221627E-03   0.4571875E-08   0.3221673E-03
     7470.00  0.3219246E-03   0.4576349E-08   0.3219292E-03
     7490.00  0.3199924E-03   0.4580801E-08   0.3199970E-03
     7510.00  0.3207835E-03   0.4585230E-08   0.3207881E-03
     7530.00  0.3223233E-03   0.4589635E-08   0.3223279E-03
     7550.00  0.3223815E-03   0.4594015E-08   0.3223861E-03
     7570.00  0.3203414E-03   0.4598371E-08   0.3203460E-03
     7590.00  0.3157842E-03   0.4602702E-08   0.3157888E-03
     7610.00  0.3124485E-03   0.4606980E-08   0.3124531E-03
     7630.00  0.3092756E-03   0.4611204E-08   0.3092802E-03
     7650.00  0.3059574E-03   0.4615400E-08   0.3059620E-03
     7670.00  0.2975453E-03   0.4619567E-08   0.2975499E-03
     7690.00  0.3008109E-03   0.4623704E-08   0.3008155E-03
     7710.00  0.2960978E-03   0.4627811E-08   0.2961024E-03
     7730.00  0.2954364E-03   0.4631888E-08   0.2954410E-03
     7750.00  0.2931024E-03   0.4635934E-08   0.2931070E-03
     7770.00  0.2921931E-03   0.4639948E-08   0.2921977E-03
     7790.00  0.2941298E-03   0.4643931E-08   0.2941344E-03
     7810.00  0.2928141E-03   0.4647882E-08   0.2928187E-03
     7830.00  0.2902717E-03   0.4651801E-08   0.2902764E-03
     7850.00  0.2864668E-03   0.4655687E-08   0.2864715E-03
     7870.00  0.2863317E-03   0.4560536E-08   0.2863363E-03
     7890.00  0.2811043E-03   0.4564318E-08   0.2811089E-03
     7910.00  0.2758814E-03   0.4568067E-08   0.2758860E-03
     7930.00  0.2757698E-03   0.4571785E-08   0.2757744E-03
     7950.00  0.2718280E-03   0.4575470E-08   0.2718326E-03
     7970.00  0.2773263E-03   0.4579122E-08   0.2773309E-03
     7990.00  0.2749707E-03   0.4582741E-08   0.2749753E-03
     8010.00  0.2755022E-03   0.4586327E-08   0.2755068E-03
     8030.00  0.2750979E-03   0.4589879E-08   0.2751025E-03
     8050.00  0.2735500E-03   0.4593398E-08   0.2735546E-03
     8070.00  0.2733543E-03   0.4596882E-08   0.2733589E-03
     8090.00  0.2698583E-03   0.4600333E-08   0.2698629E-03
     8110.00  0.2700940E-03   0.4603748E-08   0.2700986E-03
     8130.00  0.2742441E-03   0.4607129E-08   0.2742487E-03
     8150.00  0.2758945E-03   0.4610475E-08   0.2758991E-03
     8170.00  0.2778782E-03   0.4613787E-08   0.2778828E-03
     8190.00  0.2729238E-03   0.4617062E-08   0.2729284E-03
     8210.00  0.2665982E-03   0.4008844E-08   0.2666022E-03
     8230.00  0.2676710E-03   0.1622439E-08   0.2676726E-03
     8250.00  0.2677983E-03   0.1620796E-08   0.2677999E-03
     8270.00  0.2692968E-03   0.1619171E-08   0.2692984E-03
     8290.00  0.2649076E-03   0.1593549E-08   0.2649092E-03
     8310.00  0.2573898E-03   0.1591956E-08   0.2573914E-03
     8330.00  0.2560432E-03   0.1590382E-08   0.2560448E-03
     8350.00  0.2531481E-03   0.1588825E-08   0.2531497E-03
     8370.00  0.2533094E-03   0.1587284E-08   0.2533110E-03
     8390.00  0.2469247E-03   0.1585760E-08   0.2469263E-03
     8410.00  0.2503597E-03   0.1584252E-08   0.2503613E-03
     8430.00  0.2430010E-03   0.1582759E-08   0.2430026E-03
     8450.00  0.2404423E-03   0.1581282E-08   0.2404439E-03
     8470.00  0.2380556E-03   0.1579820E-08   0.2380572E-03
     8490.00  0.2431882E-03   0.1578373E-08   0.2431898E-03
     8510.00  0.2307279E-03   0.1576940E-08   0.2307295E-03
     8530.00  0.2444172E-03   0.1575520E-08   0.2444188E-03
     8550.00  0.2246152E-03   0.1574115E-08   0.2246168E-03
     8570.00  0.2489990E-03   0.1572723E-08   0.2490006E-03
     8590.00  0.2367434E-03   0.1571344E-08   0.2367450E-03
     8610.00  0.2358058E-03   0.1569978E-08   0.2358074E-03
     8630.00  0.2504740E-03   0.1568625E-08   0.2504756E-03
     8650.00  0.2453983E-03   0.1567283E-08   0.2453999E-03
     8670.00  0.2184292E-03   0.1565954E-08   0.2184308E-03
     8690.00  0.2420202E-03   0.1564636E-08   0.2420218E-03
     8710.00  0.2500194E-03   0.1563330E-08   0.2500210E-03
     8730.00  0.2463895E-03   0.1562034E-08   0.2463911E-03
     8750.00  0.2252539E-03   0.1560750E-08   0.2252555E-03
     8770.00  0.2429594E-03   0.1559476E-08   0.2429610E-03
     8790.00  0.2519042E-03   0.1558212E-08   0.2519058E-03
     8810.00  0.2496540E-03   0.1556959E-08   0.2496556E-03
     8830.00  0.2488765E-03   0.1555715E-08   0.2488781E-03
     8850.00  0.2388204E-03   0.1554482E-08   0.2388220E-03
     8870.00  0.2189529E-03   0.1553257E-08   0.2189545E-03
     8890.00  0.2392529E-03   0.1552042E-08   0.2392545E-03
     8910.00  0.2450115E-03   0.1550835E-08   0.2450131E-03
     8930.00  0.2425759E-03   0.1549637E-08   0.2425774E-03
     8950.00  0.2421634E-03   0.1548448E-08   0.2421649E-03
     8970.00  0.2414302E-03   0.1547267E-08   0.2414317E-03
     8990.00  0.2371130E-03   0.1546095E-08   0.2371145E-03
     9010.00  0.2158579E-03   0.1544930E-08   0.2158594E-03
     9030.00  0.2277082E-03   0.1543773E-08   0.2277097E-03
     9050.00  0.2443341E-03   0.1542623E-08   0.2443356E-03
     9070.00  0.2442072E-03   0.1541480E-08   0.2442087E-03
     9090.00  0.2415403E-03   0.1540345E-08   0.2415418E-03
     9110.00  0.2428496E-03   0.1539217E-08   0.2428511E-03
     9130.00  0.2456800E-03   0.1538095E-08   0.2456815E-03
     9150.00  0.2440013E-03   0.1536981E-08   0.2440028E-03
     9170.00  0.2413858E-03   0.1535874E-08   0.2413873E-03
     9190.00  0.2411362E-03   0.1534773E-08   0.2411377E-03
     9210.00  0.2290402E-03   0.1533677E-08   0.2290417E-03
     9230.00  0.2074195E-03   0.1532588E-08   0.2074210E-03
     9250.00  0.2203702E-03   0.1531505E-08   0.2203717E-03
     9270.00  0.2262530E-03   0.1530426E-08   0.2262545E-03
     9290.00  0.2272903E-03   0.1529354E-08   0.2272918E-03
     9310.00  0.2288082E-03   0.1528287E-08   0.2288097E-03
     9330.00  0.2278866E-03   0.1527224E-08   0.2278881E-03
     9350.00  0.2281303E-03   0.1526167E-08   0.2281318E-03
     9370.00  0.2250248E-03   0.1525115E-08   0.2250263E-03
     9390.00  0.2268373E-03   0.1524067E-08   0.2268388E-03
     9410.00  0.2228332E-03   0.1523023E-08   0.2228347E-03
     9430.00  0.2276981E-03   0.1521985E-08   0.2276996E-03
     9450.00  0.2249422E-03   0.1520950E-08   0.2249437E-03
     9470.00  0.2277377E-03   0.1519920E-08   0.2277392E-03
     9490.00  0.2275331E-03   0.1518894E-08   0.2275346E-03
     9510.00  0.2220979E-03   0.1517871E-08   0.2220994E-03
     9530.00  0.2166962E-03   0.1516853E-08   0.2166977E-03
     9550.00  0.1997757E-03   0.1515838E-08   0.1997772E-03
     9570.00  0.2144952E-03   0.1514827E-08   0.2144967E-03
     9590.00  0.2206713E-03   0.1513819E-08   0.2206728E-03
     9610.00  0.2180299E-03   0.1512815E-08   0.2180314E-03
     9630.00  0.2179198E-03   0.1511814E-08   0.2179213E-03
     9650.00  0.2156304E-03   0.1510816E-08   0.2156319E-03
     9670.00  0.2148433E-03   0.1509820E-08   0.2148448E-03
     9690.00  0.2167310E-03   0.1508829E-08   0.2167325E-03
     9710.00  0.2137698E-03   0.1507839E-08   0.2137713E-03
     9730.00  0.2112096E-03   0.1506853E-08   0.2112111E-03
     9750.00  0.2096893E-03   0.1505869E-08   0.2096908E-03
     9770.00  0.2108687E-03   0.1504888E-08   0.2108702E-03
     9790.00  0.2091075E-03   0.1503909E-08   0.2091090E-03
     9810.00  0.2128359E-03   0.1502932E-08   0.2128374E-03
     9830.00  0.2108863E-03   0.1501959E-08   0.2108878E-03
     9850.00  0.2111780E-03   0.1500987E-08   0.2111795E-03
     9870.00  0.2102990E-03   0.1500017E-08   0.2103005E-03
     9890.00  0.2087610E-03   0.1499049E-08   0.2087625E-03
     9910.00  0.2061859E-03   0.1498083E-08   0.2061874E-03
     9930.00  0.2075096E-03   0.1497119E-08   0.2075111E-03
     9950.00  0.2079397E-03   0.1496157E-08   0.2079412E-03
     9970.00  0.2079249E-03   0.1495197E-08   0.2079264E-03
     9990.00  0.2064778E-03   0.1494239E-08   0.2064793E-03
    10025.00  0.2011384E-03   0.1492565E-08   0.2011399E-03
    10075.00  0.1962276E-03   0.1490180E-08   0.1962291E-03
    10125.00  0.2044272E-03   0.1487805E-08   0.2044287E-03
    10175.00  0.2025699E-03   0.1485474E-08   0.2025714E-03
    10225.00  0.2033229E-03   0.1483156E-08   0.2033244E-03
    10275.00  0.2036860E-03   0.1480842E-08   0.2036875E-03
    10325.00  0.2014436E-03   0.1478531E-08   0.2014451E-03
    10375.00  0.1996749E-03   0.1476221E-08   0.1996764E-03
    10425.00  0.2001957E-03   0.1473914E-08   0.2001972E-03
    10475.00  0.1955965E-03   0.1471607E-08   0.1955980E-03
    10525.00  0.1902194E-03   0.1469301E-08   0.1902209E-03
    10575.00  0.1845345E-03   0.1466994E-08   0.1845360E-03
    10625.00  0.1810960E-03   0.1464686E-08   0.1810975E-03
    10675.00  0.1802958E-03   0.1462378E-08   0.1802973E-03
    10725.00  0.1826190E-03   0.1460067E-08   0.1826205E-03
    10775.00  0.1819447E-03   0.1457754E-08   0.1819462E-03
    10825.00  0.1799045E-03   0.1455438E-08   0.1799060E-03
    10875.00  0.1778392E-03   0.1453120E-08   0.1778407E-03
    10925.00  0.1704643E-03   0.1450797E-08   0.1704658E-03
    10975.00  0.1726698E-03   0.1448472E-08   0.1726712E-03
    11025.00  0.1734519E-03   0.1446142E-08   0.1734533E-03
    11075.00  0.1674409E-03   0.1443808E-08   0.1674423E-03
    11125.00  0.1670746E-03   0.1441469E-08   0.1670760E-03
    11175.00  0.1656188E-03   0.1269412E-08   0.1656201E-03
    11225.00  0.1656596E-03   0.1267079E-08   0.1656609E-03
    11275.00  0.1631152E-03   0.1264749E-08   0.1631165E-03
    11325.00  0.1621158E-03   0.1262419E-08   0.1621171E-03
    11375.00  0.1618667E-03   0.1260091E-08   0.1618680E-03
    11425.00  0.1592142E-03   0.1257763E-08   0.1592155E-03
    11475.00  0.1606051E-03   0.1255436E-08   0.1606064E-03
    11525.00  0.1587753E-03   0.1253110E-08   0.1587766E-03
    11575.00  0.1584050E-03   0.1250783E-08   0.1584063E-03
    11625.00  0.1539175E-03   0.1248457E-08   0.1539187E-03
    11675.00  0.1536899E-03   0.1246130E-08   0.1536911E-03
    11725.00  0.1542911E-03   0.1243804E-08   0.1542923E-03
    11775.00  0.1503585E-03   0.1241477E-08   0.1503597E-03
    11825.00  0.1476136E-03   0.1239149E-08   0.1476148E-03
    11875.00  0.1447543E-03   0.1236821E-08   0.1447555E-03
    11925.00  0.1466782E-03   0.1234492E-08   0.1466794E-03
    11975.00  0.1423614E-03   0.1232162E-08   0.1423626E-03
    12025.00  0.1442468E-03   0.1229831E-08   0.1442480E-03
    12075.00  0.1432835E-03   0.1227499E-08   0.1432847E-03
    12125.00  0.1429264E-03   0.1225166E-08   0.1429276E-03
    12175.00  0.1428295E-03   0.1222831E-08   0.1428307E-03
    12225.00  0.1420623E-03   0.1220496E-08   0.1420635E-03
    12275.00  0.1409164E-03   0.1218159E-08   0.1409176E-03
    12325.00  0.1391355E-03   0.1215821E-08   0.1391367E-03
    12375.00  0.1387090E-03   0.1213481E-08   0.1387102E-03
    12425.00  0.1360378E-03   0.1211140E-08   0.1360390E-03
    12475.00  0.1347193E-03   0.1208798E-08   0.1347205E-03
    12525.00  0.1334165E-03   0.1205249E-08   0.1334177E-03
    12575.00  0.1326889E-03   0.1202912E-08   0.1326901E-03
    12625.00  0.1312642E-03   0.1200573E-08   0.1312654E-03
    12675.00  0.1304120E-03   0.1198233E-08   0.1304132E-03
    12725.00  0.1296082E-03   0.1195891E-08   0.1296094E-03
    12775.00  0.1286705E-03   0.1193548E-08   0.1286717E-03
    12825.00  0.1221281E-03   0.1191204E-08   0.1221293E-03
    12875.00  0.1264348E-03   0.1188858E-08   0.1264360E-03
    12925.00  0.1256120E-03   0.1186511E-08   0.1256132E-03
    12975.00  0.1263174E-03   0.1184163E-08   0.1263186E-03
    13025.00  0.1240433E-03   0.1181813E-08   0.1240445E-03
    13075.00  0.1242796E-03   0.1179449E-08   0.1242808E-03
    13125.00  0.1207335E-03   0.1177083E-08   0.1207347E-03
    13175.00  0.1193354E-03   0.1174715E-08   0.1193366E-03
    13225.00  0.1184760E-03   0.1172346E-08   0.1184772E-03
    13275.00  0.1151838E-03   0.1169975E-08   0.1151850E-03
    13325.00  0.1132938E-03   0.1167603E-08   0.1132950E-03
    13375.00  0.1113415E-03   0.1165229E-08   0.1113427E-03
    13425.00  0.1112068E-03   0.1162854E-08   0.1112080E-03
    13475.00  0.1096472E-03   0.1160478E-08   0.1096484E-03
    13525.00  0.1078284E-03   0.1158101E-08   0.1078296E-03
    13575.00  0.1058400E-03   0.1155723E-08   0.1058412E-03
    13625.00  0.1051830E-03   0.1152829E-08   0.1051842E-03
    13675.00  0.1052093E-03   0.1150451E-08   0.1052105E-03
    13725.00  0.1046622E-03   0.1148071E-08   0.1046633E-03
    13775.00  0.1043732E-03   0.1145691E-08   0.1043743E-03
    13825.00  0.1047846E-03   0.1143311E-08   0.1047857E-03
    13875.00  0.1037691E-03   0.1140929E-08   0.1037702E-03
    13925.00  0.9992334E-04   0.1138547E-08   0.9992448E-04
    13975.00  0.9799690E-04   0.1136165E-08   0.9799804E-04
    14025.00  0.9709183E-04   0.1133782E-08   0.9709296E-04
    14075.00  0.9701584E-04   0.1131398E-08   0.9701697E-04
    14125.00  0.9518187E-04   0.1121326E-08   0.9518299E-04
    14175.00  0.9618489E-04   0.1118975E-08   0.9618601E-04
    14225.00  0.9521944E-04   0.1116624E-08   0.9522056E-04
    14275.00  0.9353709E-04   0.1114273E-08   0.9353820E-04
    14325.00  0.9419887E-04   0.1111922E-08   0.9419998E-04
    14375.00  0.9482747E-04   0.1109571E-08   0.9482858E-04
    14425.00  0.9230745E-04   0.1107220E-08   0.9230856E-04
    14475.00  0.9344295E-04   0.1104869E-08   0.9344405E-04
    14525.00  0.9322685E-04   0.1102519E-08   0.9322795E-04
    14570.00  0.9346971E-04   0.1100404E-08   0.9347081E-04
    14620.00  0.9190954E-04   0.6858080E-09   0.9191023E-04
    14675.00  0.9086038E-04   0.6840188E-09   0.9086106E-04
    14725.00  0.9037964E-04   0.6802943E-09   0.9038032E-04
    14775.00  0.9118234E-04   0.6786838E-09   0.9118302E-04
    14825.00  0.9126749E-04   0.6770779E-09   0.9126817E-04
    14875.00  0.9000832E-04   0.6754764E-09   0.9000900E-04
    14925.00  0.9217517E-04   0.6738795E-09   0.9217584E-04
    14975.00  0.9142583E-04   0.6722870E-09   0.9142650E-04
    15025.00  0.9063625E-04   0.6706989E-09   0.9063692E-04
    15075.00  0.8974855E-04   0.6691152E-09   0.8974922E-04
    15125.00  0.9153464E-04   0.6675358E-09   0.9153531E-04
    15175.00  0.9187294E-04   0.6659608E-09   0.9187361E-04
    15225.00  0.9186269E-04   0.6643905E-09   0.9186335E-04
    15275.00  0.9211306E-04   0.6628249E-09   0.9211372E-04
    15325.00  0.9236809E-04   0.6612635E-09   0.9236875E-04
    15375.00  0.9214820E-04   0.6597063E-09   0.9214886E-04
    15425.00  0.9011547E-04   0.6581532E-09   0.9011613E-04
    15475.00  0.9101457E-04   0.6566042E-09   0.9101523E-04
    15525.00  0.9018292E-04   0.6550593E-09   0.9018358E-04
    15575.00  0.8731276E-04   0.6535185E-09   0.8731341E-04
    15625.00  0.8834290E-04   0.6519818E-09   0.8834355E-04
    15675.00  0.8810157E-04   0.6504490E-09   0.8810222E-04
    15725.00  0.8941063E-04   0.6489203E-09   0.8941128E-04
    15775.00  0.8547227E-04   0.6473955E-09   0.8547292E-04
    15825.00  0.8522371E-04   0.6458747E-09   0.8522436E-04
    15875.00  0.8389463E-04   0.6443579E-09   0.8389527E-04
    15925.00  0.8709036E-04   0.6428450E-09   0.8709100E-04
    15975.00  0.8605593E-04   0.6413360E-09   0.8605657E-04
    16050.00  0.8684806E-04   0.6390799E-09   0.8684870E-04
    16150.00  0.8759216E-04   0.6360853E-09   0.8759280E-04
    16250.00  0.8629684E-04   0.6331061E-09   0.8629747E-04
    16350.00  0.8792788E-04   0.6301422E-09   0.8792851E-04
    16450.00  0.8448510E-04   0.6271936E-09   0.8448573E-04
    16550.00  0.8653919E-04   0.6242601E-09   0.8653981E-04
    16650.00  0.8524333E-04   0.6213417E-09   0.8524395E-04
    16750.00  0.8406181E-04   0.6184382E-09   0.8406243E-04
    16850.00  0.8288003E-04   0.6155497E-09   0.8288065E-04
    16950.00  0.8340309E-04   0.6126760E-09   0.8340370E-04
    17050.00  0.8165876E-04   0.6098171E-09   0.8165937E-04
    17150.00  0.8016341E-04   0.6069729E-09   0.8016402E-04
    17250.00  0.7748245E-04   0.6041434E-09   0.7748305E-04
    17350.00  0.7424994E-04   0.6013285E-09   0.7425054E-04
    17450.00  0.7294005E-04   0.5985282E-09   0.7294065E-04
    17550.00  0.7111071E-04   0.5957423E-09   0.7111131E-04
    17650.00  0.6819983E-04   0.5929709E-09   0.6820042E-04
    17750.00  0.6564566E-04   0.5902140E-09   0.6564625E-04
    17850.00  0.6330188E-04   0.5874715E-09   0.6330247E-04
    17950.00  0.6125617E-04   0.5847432E-09   0.6125675E-04
    18050.00  0.5896785E-04   0.5820293E-09   0.5896843E-04
    18150.00  0.5649122E-04   0.5793296E-09   0.5649180E-04
    18250.00  0.5607095E-04   0.5766452E-09   0.5607153E-04
    18350.00  0.5617346E-04   0.5739837E-09   0.5617403E-04
    18450.00  0.5369454E-04   0.5713356E-09   0.5369511E-04
    18550.00  0.5282730E-04   0.5392946E-09   0.5282784E-04
    18650.00  0.5135284E-04   0.5368007E-09   0.5135338E-04
    18750.00  0.4910995E-04   0.5343198E-09   0.4911048E-04
    18850.00  0.5022694E-04   0.5318521E-09   0.5022747E-04
    18950.00  0.4842244E-04   0.5293975E-09   0.4842297E-04
    19050.00  0.4908091E-04   0.5269559E-09   0.4908144E-04
    19150.00  0.4854536E-04   0.5245273E-09   0.4854588E-04
    19250.00  0.4801290E-04   0.5221118E-09   0.4801342E-04
    19350.00  0.4674816E-04   0.5197092E-09   0.4674868E-04
    19450.00  0.4500708E-04   0.5173195E-09   0.4500760E-04
    19550.00  0.4509127E-04   0.5149428E-09   0.4509178E-04
    19650.00  0.4479573E-04   0.5125788E-09   0.4479624E-04
    19750.00  0.4373243E-04   0.5102278E-09   0.4373294E-04
    19850.00  0.4325364E-04   0.5078895E-09   0.4325415E-04
    19950.00  0.4322845E-04   0.5055639E-09   0.4322896E-04
    20050.00  0.4268632E-04   0.5032511E-09   0.4268682E-04
    20150.00  0.4218196E-04   0.5009510E-09   0.4218246E-04
    20250.00  0.4184453E-04   0.4985249E-09   0.4184503E-04
    20350.00  0.4203126E-04   0.4962510E-09   0.4203176E-04
    20450.00  0.4157698E-04   0.4939896E-09   0.4157747E-04
    20550.00  0.4092625E-04   0.4917408E-09   0.4092674E-04
    20650.00  0.4097789E-04   0.4895044E-09   0.4097838E-04
    20750.00  0.4107834E-04   0.4872805E-09   0.4107883E-04
    20850.00  0.4056689E-04   0.4850690E-09   0.4056738E-04
    20950.00  0.3997345E-04   0.4828699E-09   0.3997393E-04
    21050.00  0.4050855E-04   0.4806831E-09   0.4050903E-04
    21150.00  0.3961277E-04   0.4785085E-09   0.3961325E-04
    21250.00  0.3944145E-04   0.4763462E-09   0.3944193E-04
    21350.00  0.3997223E-04   0.4741961E-09   0.3997270E-04
    21450.00  0.3935850E-04   0.4720581E-09   0.3935897E-04
    21550.00  0.3875725E-04   0.4698683E-09   0.3875772E-04
    21650.00  0.3818883E-04   0.4677550E-09   0.3818930E-04
    21750.00  0.3770354E-04   0.4656538E-09   0.3770401E-04
    21850.00  0.3781030E-04   0.4635645E-09   0.3781076E-04
    21950.00  0.3733250E-04   0.4614871E-09   0.3733296E-04
    22050.00  0.3670338E-04   0.4594215E-09   0.3670384E-04
    22150.00  0.3670662E-04   0.4573677E-09   0.3670708E-04
    22250.00  0.3606705E-04   0.4542565E-09   0.3606750E-04
    22350.00  0.3538032E-04   0.4522353E-09   0.3538077E-04
    22450.00  0.3538907E-04   0.4502256E-09   0.3538952E-04
    22550.00  0.3452764E-04   0.4482274E-09   0.3452809E-04
    22650.00  0.3408396E-04   0.4462406E-09   0.3408441E-04
    22750.00  0.3425279E-04   0.4442652E-09   0.3425323E-04
    22850.00  0.3260987E-04   0.3541028E-09   0.3261022E-04
    22950.00  0.2887448E-04   0.3522408E-09   0.2887483E-04
    23050.00  0.3027923E-04   0.3507075E-09   0.3027958E-04
    23150.00  0.3032767E-04   0.3491834E-09   0.3032802E-04
    23250.00  0.2646498E-04   0.3476684E-09   0.2646533E-04
    23350.00  0.2768645E-04   0.3461626E-09   0.2768680E-04
    23450.00  0.2688524E-04   0.3446658E-09   0.2688558E-04
    23550.00  0.2442619E-04   0.3431780E-09   0.2442653E-04
    23650.00  0.2547714E-04   0.3416991E-09   0.2547748E-04
    23750.00  0.2464766E-04   0.3402291E-09   0.2464800E-04
    23850.00  0.2215014E-04   0.3387679E-09   0.2215048E-04
    23950.00  0.2296277E-04   0.3373155E-09   0.2296311E-04
    24050.00  0.2239635E-04   0.3358718E-09   0.2239669E-04
    24150.00  0.2022443E-04   0.3344367E-09   0.2022476E-04
    24250.00  0.2122417E-04   0.3330102E-09   0.2122450E-04
    24350.00  0.2022877E-04   0.3315923E-09   0.2022910E-04
    24450.00  0.1910441E-04   0.3301828E-09   0.1910474E-04
    24550.00  0.1852449E-04   0.3287817E-09   0.1852482E-04
    24650.00  0.1858352E-04   0.3273890E-09   0.1858385E-04
    24750.00  0.1741194E-04   0.3260046E-09   0.1741227E-04
    24850.00  0.1639499E-04   0.3246285E-09   0.1639531E-04
    24950.00  0.1679428E-04   0.3232605E-09   0.1679460E-04
    25050.00  0.1677522E-04   0.3219008E-09   0.1677554E-04
    25150.00  0.1551718E-04   0.3205491E-09   0.1551750E-04
    25250.00  0.1558584E-04   0.3192054E-09   0.1558616E-04
    25350.00  0.1536781E-04   0.3178697E-09   0.1536813E-04
    25450.00  0.1483163E-04   0.3165420E-09   0.1483195E-04
    25550.00  0.1518218E-04   0.3152222E-09   0.1518250E-04
    25650.00  0.1481492E-04   0.3139101E-09   0.1481523E-04
    25750.00  0.1517227E-04   0.3126059E-09   0.1517258E-04
    25850.00  0.1432171E-04   0.3113094E-09   0.1432202E-04
    25950.00  0.1422800E-04   0.3100205E-09   0.1422831E-04
    26050.00  0.1453214E-04   0.3087393E-09   0.1453245E-04
    26150.00  0.1413512E-04   0.3074657E-09   0.1413543E-04
    26250.00  0.1421652E-04   0.3061995E-09   0.1421683E-04
    26350.00  0.1413687E-04   0.3049409E-09   0.1413717E-04
    26450.00  0.1382602E-04   0.3036897E-09   0.1382632E-04
    26550.00  0.1411664E-04   0.3024458E-09   0.1411694E-04
    26650.00  0.1310286E-04   0.3012093E-09   0.1310316E-04
    26750.00  0.1369544E-04   0.2999800E-09   0.1369574E-04
    26850.00  0.1360328E-04   0.2987580E-09   0.1360358E-04
    26950.00  0.1272646E-04   0.2975431E-09   0.1272676E-04
    27050.00  0.1304963E-04   0.2963354E-09   0.1304993E-04
    27150.00  0.1276916E-04   0.2951348E-09   0.1276946E-04
    27250.00  0.1324967E-04   0.2939412E-09   0.1324996E-04
    27350.00  0.1262822E-04   0.2927545E-09   0.1262851E-04
    27450.00  0.1259656E-04   0.2915748E-09   0.1259685E-04
    27550.00  0.1264287E-04   0.2904021E-09   0.1264316E-04
    27650.00  0.1237668E-04   0.2819775E-09   0.1237696E-04
    27750.00  0.1195286E-04   0.2808497E-09   0.1195314E-04
    27850.00  0.1231094E-04   0.2797284E-09   0.1231122E-04
    27950.00  0.1213237E-04   0.2786137E-09   0.1213265E-04
    28050.00  0.1178955E-04   0.2775054E-09   0.1178983E-04
    28150.00  0.1154781E-04   0.2764037E-09   0.1154809E-04
    28250.00  0.1178558E-04   0.2753083E-09   0.1178586E-04
    28350.00  0.1150909E-04   0.2742193E-09   0.1150936E-04
    28450.00  0.1161113E-04   0.2731366E-09   0.1161140E-04
    28550.00  0.1145096E-04   0.2720601E-09   0.1145123E-04
    28650.00  0.1151216E-04   0.2709900E-09   0.1151243E-04
    28750.00  0.1112492E-04   0.2699260E-09   0.1112519E-04
    28850.00  0.1087042E-04   0.2688681E-09   0.1087069E-04
    28950.00  0.1090394E-04   0.2678163E-09   0.1090421E-04
    29050.00  0.1105094E-04   0.2667707E-09   0.1105121E-04
    29150.00  0.1082219E-04   0.2657310E-09   0.1082246E-04
    29250.00  0.1041419E-04   0.2646973E-09   0.1041445E-04
    29350.00  0.1079812E-04   0.2636696E-09   0.1079838E-04
    29450.00  0.1029637E-04   0.2626477E-09   0.1029663E-04
    29550.00  0.1033782E-04   0.2616317E-09   0.1033808E-04
    29650.00  0.1044957E-04   0.2606216E-09   0.1044983E-04
    29750.00  0.1014849E-04   0.2595909E-09   0.1014875E-04
    29850.00  0.1001018E-04   0.2585924E-09   0.1001044E-04
    29950.00  0.1023469E-04   0.2575996E-09   0.1023495E-04
    30050.00  0.9918711E-05   0.2566124E-09   0.9918968E-05
    30150.00  0.9924164E-05   0.2556309E-09   0.9924420E-05
    30250.00  0.9664477E-05   0.2546549E-09   0.9664732E-05
    30350.00  0.9564357E-05   0.2536845E-09   0.9564611E-05
    30450.00  0.1001522E-04   0.2527196E-09   0.1001547E-04
    30550.00  0.9445225E-05   0.2517601E-09   0.9445477E-05
    30650.00  0.9407467E-05   0.2508061E-09   0.9407718E-05
    30750.00  0.9430238E-05   0.2498575E-09   0.9430488E-05
    30850.00  0.9376068E-05   0.2489143E-09   0.9376317E-05
    30950.00  0.9504153E-05   0.2479763E-09   0.9504401E-05
    31050.00  0.9517122E-05   0.2470437E-09   0.9517369E-05
    31150.00  0.9175469E-05   0.2461163E-09   0.9175715E-05
    31250.00  0.9291886E-05   0.2451941E-09   0.9292131E-05
    31350.00  0.9060327E-05   0.2442641E-09   0.9060571E-05
    31450.00  0.9152173E-05   0.2433522E-09   0.9152416E-05
    31550.00  0.9253334E-05   0.2424454E-09   0.9253576E-05
    31650.00  0.9096893E-05   0.2415436E-09   0.9097135E-05
    31750.00  0.8969444E-05   0.2406469E-09   0.8969685E-05
    31850.00  0.8949241E-05   0.2397552E-09   0.8949481E-05
    31950.00  0.8879619E-05   0.2388684E-09   0.8879858E-05
    32100.00  0.8825531E-05   0.2373308E-09   0.8825768E-05
    32300.00  0.8707854E-05   0.2355899E-09   0.8708090E-05
    32500.00  0.8684789E-05   0.2338683E-09   0.8685023E-05
    32700.00  0.8385542E-05   0.2321657E-09   0.8385774E-05
    32900.00  0.8327797E-05   0.2055701E-09   0.8328003E-05
    33100.00  0.8097625E-05   0.2040378E-09   0.8097829E-05
    33300.00  0.8109731E-05   0.2025884E-09   0.8109934E-05
    33500.00  0.7995370E-05   0.2011548E-09   0.7995571E-05
    33700.00  0.7749147E-05   0.1997368E-09   0.7749347E-05
    33900.00  0.7781418E-05   0.1983342E-09   0.7781616E-05
    34100.00  0.7657031E-05   0.1969467E-09   0.7657228E-05
    34300.00  0.7524653E-05   0.1955742E-09   0.7524849E-05
    34500.00  0.7445497E-05   0.1942163E-09   0.7445691E-05
    34700.00  0.7341899E-05   0.1928731E-09   0.7342092E-05
    34900.00  0.7230415E-05   0.1915442E-09   0.7230607E-05
    35100.00  0.7152539E-05   0.1902294E-09   0.7152729E-05
    35300.00  0.6973090E-05   0.1889286E-09   0.6973279E-05
    35500.00  0.6874051E-05   0.1876415E-09   0.6874239E-05
    35700.00  0.6777240E-05   0.1863681E-09   0.6777426E-05
    35900.00  0.6585350E-05   0.1851080E-09   0.6585535E-05
    36100.00  0.6685008E-05   0.1838612E-09   0.6685192E-05
    36300.00  0.6452789E-05   0.1826275E-09   0.6452972E-05
    36500.00  0.6379850E-05   0.1814066E-09   0.6380031E-05
    36700.00  0.6235851E-05   0.1801984E-09   0.6236031E-05
    36900.00  0.6147477E-05   0.1790027E-09   0.6147656E-05
    37100.00  0.6066108E-05   0.1778194E-09   0.6066286E-05
    37300.00  0.6015277E-05   0.1766483E-09   0.6015454E-05
    37500.00  0.5850961E-05   0.1754893E-09   0.5851136E-05
    37700.00  0.5622359E-05   0.1743422E-09   0.5622533E-05
    37900.00  0.5432538E-05   0.1732067E-09   0.5432711E-05
    38100.00  0.5573555E-05   0.1720829E-09   0.5573727E-05
    38300.00  0.5416607E-05   0.1709705E-09   0.5416778E-05
    38500.00  0.5305678E-05   0.1698693E-09   0.5305848E-05
    38700.00  0.5188253E-05   0.1665257E-09   0.5188420E-05
    38900.00  0.5144252E-05   0.1654633E-09   0.5144417E-05
    39100.00  0.4979413E-05   0.1644115E-09   0.4979577E-05
    39300.00  0.4969320E-05   0.1633702E-09   0.4969483E-05
    39500.00  0.4721334E-05   0.1623394E-09   0.4721496E-05
    39700.00  0.4739945E-05   0.1613187E-09   0.4740106E-05
    39900.00  0.4585129E-05   0.1603083E-09   0.4585289E-05
    40100.00  0.4677493E-05   0.1593078E-09   0.4677652E-05
    40300.00  0.4594808E-05   0.1583171E-09   0.4594966E-05
    40500.00  0.4356661E-05   0.1573363E-09   0.4356818E-05
    40700.00  0.4356315E-05   0.1563650E-09   0.4356471E-05
    40900.00  0.4244805E-05   0.1554032E-09   0.4244960E-05
    41100.00  0.4225125E-05   0.1544450E-09   0.4225279E-05
    41300.00  0.4103068E-05   0.1535019E-09   0.4103222E-05
    41500.00  0.3961529E-05   0.1525680E-09   0.3961682E-05
    41700.00  0.3835526E-05   0.1516431E-09   0.3835678E-05
    41900.00  0.3937840E-05   0.1507271E-09   0.3937991E-05
    42100.00  0.3755222E-05   0.1498199E-09   0.3755372E-05
    42300.00  0.3692715E-05   0.1489214E-09   0.3692864E-05
    42500.00  0.3593013E-05   0.1480315E-09   0.3593161E-05
    42700.00  0.3570197E-05   0.1471500E-09   0.3570344E-05
    42900.00  0.3409394E-05   0.1462770E-09   0.3409540E-05
    43100.00  0.3251186E-05   0.1454085E-09   0.3251331E-05
    43300.00  0.3257168E-05   0.1445518E-09   0.3257313E-05
    43500.00  0.3073905E-05   0.1437031E-09   0.3074049E-05
    43700.00  0.2991322E-05   0.1428624E-09   0.2991465E-05
    43900.00  0.3009157E-05   0.1419733E-09   0.3009299E-05
    44100.00  0.2809996E-05   0.1411488E-09   0.2810137E-05
    44300.00  0.2763228E-05   0.1403320E-09   0.2763368E-05
    44500.00  0.2699426E-05   0.1395227E-09   0.2699566E-05
    44700.00  0.2666025E-05   0.1367900E-09   0.2666162E-05
    44900.00  0.2634113E-05   0.1294163E-09   0.2634242E-05
    45100.00  0.2528604E-05   0.1286860E-09   0.2528733E-05
    45300.00  0.2466287E-05   0.1279625E-09   0.2466415E-05
    45500.00  0.2511528E-05   0.1272455E-09   0.2511655E-05
    45700.00  0.2534726E-05   0.1265350E-09   0.2534853E-05
    45900.00  0.2387619E-05   0.1258309E-09   0.2387745E-05
    46100.00  0.2394481E-05   0.1251332E-09   0.2394606E-05
    46300.00  0.2371741E-05   0.1244417E-09   0.2371865E-05
    46500.00  0.2270632E-05   0.1237565E-09   0.2270756E-05
    46700.00  0.2343898E-05   0.1230773E-09   0.2344021E-05
    46900.00  0.2289711E-05   0.1224042E-09   0.2289833E-05
    47100.00  0.2197279E-05   0.1217371E-09   0.2197401E-05
    47300.00  0.2197275E-05   0.1210759E-09   0.2197396E-05
    47500.00  0.2140524E-05   0.1204205E-09   0.2140644E-05
    47700.00  0.2166156E-05   0.1197709E-09   0.2166276E-05
    47900.00  0.2125249E-05   0.1191270E-09   0.2125368E-05
    48100.00  0.2096231E-05   0.1184887E-09   0.2096349E-05
    48300.00  0.2057891E-05   0.1178560E-09   0.2058009E-05
    48500.00  0.2027915E-05   0.1172288E-09   0.2028032E-05
    48700.00  0.1998497E-05   0.1166071E-09   0.1998614E-05
    48900.00  0.1957339E-05   0.1159907E-09   0.1957455E-05
    49100.00  0.1954934E-05   0.1153796E-09   0.1955049E-05
    49300.00  0.1931554E-05   0.1147738E-09   0.1931669E-05
    49500.00  0.1891327E-05   0.1141732E-09   0.1891441E-05
    49700.00  0.1885098E-05   0.1135777E-09   0.1885212E-05
    49900.00  0.1789392E-05   0.1129873E-09   0.1789505E-05
    50100.00  0.1790618E-05   0.1124019E-09   0.1790730E-05
    50300.00  0.1771393E-05   0.1118215E-09   0.1771505E-05
    50500.00  0.1740958E-05   0.1112460E-09   0.1741069E-05
    50700.00  0.1729265E-05   0.1106753E-09   0.1729376E-05
    50900.00  0.1711493E-05   0.1101094E-09   0.1711603E-05
    51100.00  0.1687009E-05   0.1095483E-09   0.1687119E-05
    51300.00  0.1669171E-05   0.1089919E-09   0.1669280E-05
    51500.00  0.1654135E-05   0.1076109E-09   0.1654243E-05
    51700.00  0.1650946E-05   0.1070688E-09   0.1651053E-05
    51900.00  0.1627614E-05   0.1065311E-09   0.1627721E-05
    52100.00  0.1605446E-05   0.1059978E-09   0.1605552E-05
    52300.00  0.1573782E-05   0.1054690E-09   0.1573887E-05
    52500.00  0.1552363E-05   0.1049444E-09   0.1552468E-05
    52700.00  0.1537495E-05   0.1044242E-09   0.1537599E-05
    52900.00  0.1494804E-05   0.1039082E-09   0.1494908E-05
    53100.00  0.1466252E-05   0.1033965E-09   0.1466355E-05
    53300.00  0.1447481E-05   0.1028888E-09   0.1447584E-05
    53500.00  0.1421234E-05   0.1023853E-09   0.1421336E-05
    53700.00  0.1397415E-05   0.1018859E-09   0.1397517E-05
    53900.00  0.1374462E-05   0.1013904E-09   0.1374563E-05
    54100.00  0.1355432E-05   0.1008990E-09   0.1355533E-05
    54300.00  0.1334587E-05   0.1004092E-09   0.1334687E-05
    54500.00  0.1329450E-05   0.9992559E-10   0.1329550E-05
    54700.00  0.1308982E-05   0.9944586E-10   0.1309081E-05
    54900.00  0.1299360E-05   0.9896993E-10   0.1299459E-05
    55100.00  0.1281772E-05   0.9849777E-10   0.1281870E-05
    55300.00  0.1283431E-05   0.9802933E-10   0.1283529E-05
    55500.00  0.1251684E-05   0.9756458E-10   0.1251782E-05
    55700.00  0.1247376E-05   0.9710348E-10   0.1247473E-05
    55900.00  0.1226465E-05   0.9664599E-10   0.1226562E-05
    56100.00  0.1218148E-05   0.9619207E-10   0.1218244E-05
    56300.00  0.1195396E-05   0.9574169E-10   0.1195492E-05
    56500.00  0.1188678E-05   0.9529361E-10   0.1188773E-05
    56700.00  0.1173532E-05   0.9485003E-10   0.1173627E-05
    56900.00  0.1152813E-05   0.9440989E-10   0.1152907E-05
    57100.00  0.1147432E-05   0.9397313E-10   0.1147526E-05
    57300.00  0.1133745E-05   0.9353974E-10   0.1133839E-05
    57500.00  0.1119836E-05   0.9309227E-10   0.1119929E-05
    57700.00  0.1105218E-05   0.9266582E-10   0.1105311E-05
    57900.00  0.1096718E-05   0.9224262E-10   0.1096810E-05
    58100.00  0.1080682E-05   0.9182264E-10   0.1080774E-05
    58300.00  0.1068983E-05   0.9140584E-10   0.1069074E-05
    58500.00  0.1056825E-05   0.8762115E-10   0.1056913E-05
    58700.00  0.1040567E-05   0.8722385E-10   0.1040654E-05
    58900.00  0.1029161E-05   0.8683493E-10   0.1029248E-05
    59100.00  0.1014279E-05   0.8644891E-10   0.1014365E-05
    59300.00  0.1007770E-05   0.8606577E-10   0.1007856E-05
    59500.00  0.9939283E-06   0.8568546E-10   0.9940140E-06
    59700.00  0.9858502E-06   0.8530798E-10   0.9859355E-06
    59900.00  0.9743667E-06   0.8493328E-10   0.9744516E-06
    60100.00  0.9632166E-06   0.8456134E-10   0.9633012E-06
    60300.00  0.9518152E-06   0.8419213E-10   0.9518994E-06
    60500.00  0.9382460E-06   0.8382563E-10   0.9383298E-06
    60700.00  0.9281170E-06   0.8346180E-10   0.9282005E-06
    60900.00  0.9168632E-06   0.8310063E-10   0.9169463E-06
    61100.00  0.9054494E-06   0.8274208E-10   0.9055321E-06
    61300.00  0.8969319E-06   0.8238612E-10   0.8970143E-06
    61500.00  0.8874507E-06   0.8203275E-10   0.8875327E-06
    61700.00  0.8792840E-06   0.8168192E-10   0.8793657E-06
    61900.00  0.8684070E-06   0.8133361E-10   0.8684883E-06
    62100.00  0.8598008E-06   0.8098780E-10   0.8598818E-06
    62300.00  0.8480389E-06   0.8064447E-10   0.8481195E-06
    62500.00  0.8368289E-06   0.8030358E-10   0.8369092E-06
    62700.00  0.8277302E-06   0.7996513E-10   0.8278102E-06
    62900.00  0.8189139E-06   0.7962907E-10   0.8189935E-06
    63100.00  0.8091918E-06   0.7929539E-10   0.8092711E-06
    63300.00  0.8024034E-06   0.7896408E-10   0.8024824E-06
    63500.00  0.7921754E-06   0.7863509E-10   0.7922540E-06
    63700.00  0.7854484E-06   0.7830842E-10   0.7855267E-06
    63900.00  0.7749138E-06   0.7798403E-10   0.7749918E-06
    64200.00  0.7622884E-06   0.7750170E-10   0.7623659E-06
    64600.00  0.7447031E-06   0.7686640E-10   0.7447800E-06
    65000.00  0.7284921E-06   0.7623987E-10   0.7285683E-06
    65400.00  0.7122538E-06   0.7562195E-10   0.7123294E-06
    65800.00  0.6974623E-06   0.7501248E-10   0.6975373E-06
    66200.00  0.6816867E-06   0.7406601E-10   0.6817608E-06
    66600.00  0.6670727E-06   0.7347641E-10   0.6671462E-06
    67000.00  0.6528635E-06   0.7289474E-10   0.6529364E-06
    67400.00  0.6382528E-06   0.7232086E-10   0.6383251E-06
    67800.00  0.6246561E-06   0.7175463E-10   0.6247279E-06
    68200.00  0.6111678E-06   0.7119591E-10   0.6112390E-06
    68600.00  0.5985349E-06   0.7064456E-10   0.5986055E-06
    69000.00  0.5854412E-06   0.7010046E-10   0.5855113E-06
    69400.00  0.5731523E-06   0.6956312E-10   0.5732219E-06
    69800.00  0.5611307E-06   0.6903309E-10   0.5611997E-06
    70200.00  0.5491263E-06   0.6850992E-10   0.5491948E-06
    70600.00  0.5379758E-06   0.6799349E-10   0.5380438E-06
    71000.00  0.5266073E-06   0.6748368E-10   0.5266748E-06
    71400.00  0.5158392E-06   0.6698037E-10   0.5159062E-06
    71800.00  0.5050391E-06   0.6648322E-10   0.5051056E-06
    72200.00  0.4947363E-06   0.6599256E-10   0.4948023E-06
    72600.00  0.4845036E-06   0.6550808E-10   0.4845691E-06
    73000.00  0.4747126E-06   0.6502350E-10   0.4747776E-06
    73400.00  0.4649375E-06   0.6455108E-10   0.4650021E-06
    73800.00  0.4556774E-06   0.6408451E-10   0.4557415E-06
    74200.00  0.4461127E-06   0.6214317E-10   0.4461748E-06
    74600.00  0.4361136E-06   0.6170155E-10   0.4361753E-06
    75000.00  0.4274642E-06   0.6126531E-10   0.4275255E-06
    75400.00  0.4198621E-06   0.6083436E-10   0.4199229E-06
    75800.00  0.4120027E-06   0.6040862E-10   0.4120631E-06
    76200.00  0.4038856E-06   0.5998800E-10   0.4039456E-06
    76600.00  0.3960109E-06   0.5957241E-10   0.3960705E-06
    77000.00  0.3881913E-06   0.5916177E-10   0.3882505E-06
    77400.00  0.3807272E-06   0.5875600E-10   0.3807860E-06
    77800.00  0.3733943E-06   0.5835502E-10   0.3734527E-06
    78200.00  0.3661545E-06   0.5795876E-10   0.3662125E-06
    78600.00  0.3592067E-06   0.5756713E-10   0.3592643E-06
    79000.00  0.3523148E-06   0.5718006E-10   0.3523720E-06
    79400.00  0.3456151E-06   0.5679748E-10   0.3456719E-06
    79800.00  0.3391667E-06   0.5641932E-10   0.3392231E-06
    80200.00  0.3326288E-06   0.5604550E-10   0.3326848E-06
    80600.00  0.3264112E-06   0.5567596E-10   0.3264669E-06
    81000.00  0.3204340E-06   0.5531063E-10   0.3204893E-06
    81400.00  0.3144118E-06   0.5494945E-10   0.3144667E-06
    81800.00  0.3086938E-06   0.5459234E-10   0.3087484E-06
    82200.00  0.3030630E-06   0.5423925E-10   0.3031172E-06
    82600.00  0.2974945E-06   0.5373080E-10   0.2975482E-06
    83000.00  0.2920792E-06   0.5338688E-10   0.2921326E-06
    83400.00  0.2867288E-06   0.5304678E-10   0.2867818E-06
    83800.00  0.2815338E-06   0.5271043E-10   0.2815865E-06
    84200.00  0.2765566E-06   0.5237779E-10   0.2766090E-06
    84600.00  0.2715814E-06   0.5204879E-10   0.2716334E-06
    85000.00  0.2667622E-06   0.5172337E-10   0.2668139E-06
    85400.00  0.2620500E-06   0.5140149E-10   0.2621014E-06
    85800.00  0.2574239E-06   0.5108310E-10   0.2574750E-06
    86200.00  0.2529201E-06   0.5076790E-10   0.2529709E-06
    86600.00  0.2485107E-06   0.5045631E-10   0.2485612E-06
    87000.00  0.2441635E-06   0.5014805E-10   0.2442136E-06
    87400.00  0.2399474E-06   0.4984306E-10   0.2399972E-06
    87800.00  0.2357900E-06   0.4954131E-10   0.2358395E-06
    88200.00  0.2316776E-06   0.4924274E-10   0.2317268E-06
    88600.00  0.2277370E-06   0.4894730E-10   0.2277859E-06
    89000.00  0.2238185E-06   0.4865474E-10   0.2238672E-06
    89400.00  0.2200972E-06   0.4836548E-10   0.2201456E-06
    89800.00  0.2162796E-06   0.4807923E-10   0.2163277E-06
    90200.00  0.2127243E-06   0.4779329E-10   0.2127721E-06
    90600.00  0.2092105E-06   0.4751284E-10   0.2092580E-06
    91000.00  0.2055509E-06   0.4723526E-10   0.2055981E-06
    91400.00  0.2022337E-06   0.4624889E-10   0.2022799E-06
    91800.00  0.1989108E-06   0.4598160E-10   0.1989568E-06
    92200.00  0.1956852E-06   0.4571787E-10   0.1957309E-06
    92600.00  0.1924394E-06   0.4545680E-10   0.1924849E-06
    93000.00  0.1893242E-06   0.4519834E-10   0.1893694E-06
    93400.00  0.1862188E-06   0.4494246E-10   0.1862637E-06
    93800.00  0.1831904E-06   0.4468913E-10   0.1832351E-06
    94200.00  0.1802505E-06   0.4443830E-10   0.1802949E-06
    94600.00  0.1773158E-06   0.4418995E-10   0.1773600E-06
    95000.00  0.1744884E-06   0.4394404E-10   0.1745323E-06
    95400.00  0.1717046E-06   0.4370054E-10   0.1717483E-06
    95800.00  0.1689816E-06   0.4345941E-10   0.1690251E-06
    96200.00  0.1663077E-06   0.4322062E-10   0.1663509E-06
    96600.00  0.1637020E-06   0.4298415E-10   0.1637450E-06
    97000.00  0.1611267E-06   0.4274995E-10   0.1611694E-06
    97400.00  0.1585059E-06   0.4251800E-10   0.1585484E-06
    97800.00  0.1560980E-06   0.4228827E-10   0.1561403E-06
    98200.00  0.1537009E-06   0.4206073E-10   0.1537430E-06
    98600.00  0.1513378E-06   0.4183535E-10   0.1513796E-06
    99000.00  0.1490060E-06   0.4161210E-10   0.1490476E-06
    99400.00  0.1466856E-06   0.4139095E-10   0.1467270E-06
    99800.00  0.1444685E-06   0.4117188E-10   0.1445097E-06
   100200.00  0.1422589E-06   0.1117103E-10   0.1422701E-06
   200000.00  0.9703353E-08   0.2803939E-11   0.9706157E-08
   400000.00  0.6281547E-09   0.7009848E-12   0.6288557E-09
   600000.00  0.1250995E-09   0.3115488E-12   0.1254110E-09
   800000.00  0.3967698E-10   0.1752462E-12   0.3985223E-10
  1000000.00  0.1625516E-10   0.1121576E-12   0.1636732E-10
  1200000.00  0.7834690E-11   0.7788720E-13   0.7912577E-11
  1400000.00  0.4224990E-11   0.5722325E-13   0.4282213E-11
  1600000.00  0.2473168E-11   0.4381155E-13   0.2516980E-11
