       91.00  0.1331899E-16   0.0000000E+00   0.1331899E-16
       94.00  0.4661640E-16   0.0000000E+00   0.4661640E-16
       96.00  0.1531683E-15   0.0000000E+00   0.1531683E-15
       98.00  0.2796986E-15   0.0000000E+00   0.2796986E-15
      100.00  0.7125639E-15   0.0000000E+00   0.7125639E-15
      102.00  0.1698170E-14   0.0000000E+00   0.1698170E-14
      104.00  0.3822551E-14   0.0000000E+00   0.3822551E-14
      106.00  0.8171211E-14   0.0000000E+00   0.8171211E-14
      108.00  0.1729469E-13   0.0000000E+00   0.1729469E-13
      110.00  0.3800357E-13   0.0000000E+00   0.3800357E-13
      114.00  0.1470219E-12   0.0000000E+00   0.1470219E-12
      118.00  0.5121425E-12   0.0000000E+00   0.5121425E-12
      121.00  0.1272124E-11   0.0000000E+00   0.1272124E-11
      125.00  0.3610877E-11   0.0000000E+00   0.3610877E-11
      127.00  0.5142613E-11   0.0000000E+00   0.5142613E-11
      128.00  0.5897076E-11   0.0000000E+00   0.5897076E-11
      131.00  0.1272349E-10   0.0000000E+00   0.1272349E-10
      132.00  0.1607360E-10   0.0000000E+00   0.1607360E-10
      134.00  0.2581139E-10   0.0000000E+00   0.2581139E-10
      137.00  0.5265633E-10   0.0000000E+00   0.5265633E-10
      140.00  0.1013190E-09   0.0000000E+00   0.1013190E-09
      143.00  0.1826677E-09   0.0000000E+00   0.1826677E-09
      147.00  0.4093382E-09   0.0000000E+00   0.4093382E-09
      151.00  0.8517351E-09   0.0000000E+00   0.8517351E-09
      155.00  0.1739087E-08   0.0000000E+00   0.1739087E-08
      159.00  0.3188025E-08   0.0000000E+00   0.3188025E-08
      162.00  0.2411417E-08   0.0000000E+00   0.2411417E-08
      166.00  0.4393191E-08   0.0000000E+00   0.4393191E-08
      170.00  0.7614812E-08   0.0000000E+00   0.7614812E-08
      173.00  0.1103297E-07   0.0000000E+00   0.1103297E-07
      177.00  0.1831962E-07   0.0000000E+00   0.1831962E-07
      180.00  0.2607960E-07   0.0000000E+00   0.2607960E-07
      182.00  0.3282255E-07   0.0000000E+00   0.3282255E-07
      186.00  0.5164030E-07   0.0000000E+00   0.5164030E-07
      191.00  0.8835418E-07   0.0000000E+00   0.8835418E-07
      194.00  0.1182333E-06   0.0000000E+00   0.1182333E-06
      198.00  0.1752891E-06   0.0000000E+00   0.1752891E-06
      202.00  0.2485560E-06   0.0000000E+00   0.2485560E-06
      205.00  0.3361629E-06   0.0000000E+00   0.3361629E-06
      210.00  0.5272698E-06   0.0000000E+00   0.5272698E-06
      216.00  0.8670439E-06   0.0000000E+00   0.8670439E-06
      220.00  0.1184660E-05   0.0000000E+00   0.1184660E-05
      223.00  0.1459764E-05   0.0000000E+00   0.1459764E-05
      227.00  0.1996960E-05   0.0000000E+00   0.1996960E-05
      228.00  0.2161686E-05   0.0000000E+00   0.2161686E-05
      228.00  0.6097385E-05   0.0000000E+00   0.6097385E-05
      230.00  0.1315592E-04   0.0000000E+00   0.1315592E-04
      234.00  0.2727299E-04   0.0000000E+00   0.2727299E-04
      240.00  0.4742586E-04   0.0000000E+00   0.4742586E-04
      246.00  0.2513156E-04   0.0000000E+00   0.2513156E-04
      252.00  0.3576162E-03   0.0000000E+00   0.3576162E-03
      257.00  0.7295266E-03   0.0000000E+00   0.7295266E-03
      260.00  0.1072028E-03   0.0000000E+00   0.1072028E-03
      264.00  0.6266192E-02   0.0000000E+00   0.6266192E-02
      269.00  0.3506147E-02   0.0000000E+00   0.3506147E-02
      274.00  0.3979593E-02   0.0000000E+00   0.3979593E-02
      279.00  0.8581405E-04   0.0000000E+00   0.8581405E-04
      284.00  0.8908468E-03   0.0000000E+00   0.8908468E-03
      290.00  0.6233122E-02   0.0000000E+00   0.6233122E-02
      296.00  0.7256672E-02   0.0000000E+00   0.7256672E-02
      301.00  0.8604278E-03   0.0000000E+00   0.8604278E-03
      308.00  0.6678192E-02   0.0000000E+00   0.6678192E-02
      318.00  0.1613798E-01   0.0000000E+00   0.1613798E-01
      328.00  0.3696916E-02   0.0000000E+00   0.3696916E-02
      338.00  0.6861366E-02   0.0000000E+00   0.6861366E-02
      348.00  0.2732581E-02   0.0000000E+00   0.2732581E-02
      353.30  0.2732581E-02   0.0000000E+00   0.2732581E-02
      353.30  0.9555212E-02   0.0000000E+00   0.9555212E-02
      357.00  0.3340973E-02   0.0000000E+00   0.3340973E-02
      366.00  0.1576945E-01   0.0000000E+00   0.1576945E-01
      375.00  0.1411291E-01   0.0000000E+00   0.1411291E-01
      385.00  0.1116729E-01   0.0000000E+00   0.1116729E-01
      395.00  0.6135908E-02   0.0000000E+00   0.6135908E-02
      405.00  0.1880668E-01   0.0000000E+00   0.1880668E-01
      414.00  0.2001321E-01   0.0000000E+00   0.2001321E-01
      422.00  0.1470022E-01   0.0000000E+00   0.1470022E-01
      430.00  0.2018629E-01   0.0000000E+00   0.2018629E-01
      441.00  0.2079267E-01   0.0000000E+00   0.2079267E-01
      451.00  0.1567305E-01   0.0000000E+00   0.1567305E-01
      460.00  0.2212936E-01   0.0000000E+00   0.2212936E-01
      470.00  0.2470120E-01   0.0000000E+00   0.2470120E-01
      480.00  0.2459182E-01   0.0000000E+00   0.2459182E-01
      490.00  0.2015731E-01   0.0000000E+00   0.2015731E-01
      500.00  0.2822239E-01   0.0000000E+00   0.2822239E-01
      504.60  0.3494831E-01   0.0000000E+00   0.3494831E-01
      504.60  0.6036432E-01   0.0000000E+00   0.6036432E-01
      506.00  0.5942732E-01   0.0000000E+00   0.5942732E-01
      512.00  0.5661631E-01   0.0000000E+00   0.5661631E-01
      520.00  0.6765218E-01   0.0000000E+00   0.6765218E-01
      530.00  0.5220749E-01   0.0000000E+00   0.5220749E-01
      540.00  0.2971482E-01   0.0000000E+00   0.2971482E-01
      550.00  0.6975777E-01   0.0000000E+00   0.6975777E-01
      560.00  0.6925044E-01   0.0000000E+00   0.6925044E-01
      570.00  0.7382537E-01   0.0000000E+00   0.7382537E-01
      580.00  0.4250842E-01   0.0000000E+00   0.4250842E-01
      590.00  0.7345554E-01   0.0000000E+00   0.7345554E-01
      600.00  0.5577188E-01   0.0000000E+00   0.5577188E-01
      610.00  0.6499659E-01   0.0000000E+00   0.6499659E-01
      620.00  0.7242895E-01   0.0000000E+00   0.7242895E-01
      630.00  0.6878209E-01   0.0000000E+00   0.6878209E-01
      640.00  0.6513089E-01   0.0000000E+00   0.6513089E-01
      650.00  0.6186060E-01   0.0000000E+00   0.6186060E-01
      658.00  0.5364968E-01   0.0000000E+00   0.5364968E-01
      665.00  0.5330548E-01   0.0000000E+00   0.5330548E-01
      675.00  0.7186030E-01   0.0000000E+00   0.7186030E-01
      685.00  0.6267237E-01   0.0000000E+00   0.6267237E-01
      695.00  0.5319318E-01   0.0000000E+00   0.5319318E-01
      705.00  0.7979254E-01   0.0000000E+00   0.7979254E-01
      716.00  0.7230683E-01   0.0000000E+00   0.7230683E-01
      726.00  0.7225842E-01   0.0000000E+00   0.7225842E-01
      735.00  0.7215562E-01   0.0000000E+00   0.7215562E-01
      745.00  0.7219926E-01   0.0000000E+00   0.7219926E-01
      755.00  0.7205281E-01   0.0000000E+00   0.7205281E-01
      765.00  0.7831938E-01   0.0000000E+00   0.7831938E-01
      775.00  0.7166018E-01   0.0000000E+00   0.7166018E-01
      785.00  0.3095113E-01   0.0000000E+00   0.3095113E-01
      795.00  0.7196986E-01   0.0000000E+00   0.7196986E-01
      805.00  0.7197344E-01   0.0000000E+00   0.7197344E-01
      815.00  0.7116609E-01   0.0000000E+00   0.7116609E-01
      825.00  0.7180874E-01   0.0000000E+00   0.7180874E-01
      835.00  0.6132436E-01   0.0000000E+00   0.6132436E-01
      845.00  0.7168190E-01   0.0000000E+00   0.7168190E-01
      855.00  0.6784538E-01   0.0000000E+00   0.6784538E-01
      865.00  0.7143421E-01   0.0000000E+00   0.7143421E-01
      875.00  0.7131949E-01   0.0000000E+00   0.7131949E-01
      885.00  0.7106991E-01   0.0000000E+00   0.7106991E-01
      895.00  0.7101273E-01   0.0000000E+00   0.7101273E-01
      905.00  0.7075017E-01   0.0000000E+00   0.7075017E-01
      912.40  0.7042366E-01   0.8490428E-04   0.7050856E-01
      912.40  0.3824792E+00   0.8490501E-04   0.3825641E+00
      915.00  0.3657821E+00   0.1116975E-03   0.3658938E+00
      925.00  0.3015618E+00   0.1214307E-03   0.3016832E+00
      935.00  0.3802524E+00   0.1317450E-03   0.3803841E+00
      945.00  0.3667187E+00   0.1426559E-03   0.3668614E+00
      955.00  0.3851872E+00   0.1541782E-03   0.3853414E+00
      965.00  0.3905523E+00   0.1663261E-03   0.3907186E+00
      975.00  0.3012965E+00   0.1791133E-03   0.3014756E+00
      985.00  0.3771133E+00   0.1925527E-03   0.3773059E+00
      995.00  0.3692112E+00   0.2066565E-03   0.3694179E+00
     1005.00  0.3467767E+00   0.2214364E-03   0.3469981E+00
     1015.00  0.3521539E+00   0.2369030E-03   0.3523908E+00
     1025.00  0.3051140E+00   0.2530666E-03   0.3053671E+00
     1035.00  0.3352143E+00   0.2699364E-03   0.3354842E+00
     1045.00  0.3429241E+00   0.2875376E-03   0.3432116E+00
     1055.00  0.3354612E+00   0.3058651E-03   0.3357671E+00
     1065.00  0.3235982E+00   0.3249234E-03   0.3239231E+00
     1075.00  0.2720122E+00   0.3447187E-03   0.2723569E+00
     1085.00  0.3037758E+00   0.3652567E-03   0.3041411E+00
     1095.00  0.3076890E+00   0.3865419E-03   0.3080755E+00
     1105.00  0.2999995E+00   0.4085785E-03   0.3004081E+00
     1115.00  0.2898705E+00   0.4313690E-03   0.2903019E+00
     1125.00  0.2019028E+00   0.4549150E-03   0.2023577E+00
     1135.00  0.2815962E+00   0.4792194E-03   0.2820754E+00
     1145.00  0.2736349E+00   0.5042830E-03   0.2741392E+00
     1155.00  0.2187684E+00   0.5301063E-03   0.2192985E+00
     1165.00  0.2341823E+00   0.5566887E-03   0.2347390E+00
     1175.00  0.1984279E+00   0.5840291E-03   0.1990119E+00
     1185.00  0.2520305E+00   0.6121257E-03   0.2526426E+00
     1195.00  0.2398755E+00   0.6409760E-03   0.2405165E+00
     1205.00  0.2159220E+00   0.6705771E-03   0.2165926E+00
     1215.00  0.2029114E+00   0.7009250E-03   0.2036123E+00
     1225.00  0.2177304E+00   0.1552848E-02   0.2192832E+00
     1235.00  0.2211022E+00   0.2329368E-02   0.2234316E+00
     1245.00  0.2181445E+00   0.2994744E-02   0.2211392E+00
     1255.00  0.2124613E+00   0.3568337E-02   0.2160296E+00
     1265.00  0.2126876E+00   0.4064497E-02   0.2167521E+00
     1275.00  0.2089962E+00   0.4494567E-02   0.2134908E+00
     1285.00  0.2003713E+00   0.4867805E-02   0.2052391E+00
     1295.00  0.1933065E+00   0.5191916E-02   0.1984984E+00
     1305.00  0.1952592E+00   0.5473395E-02   0.2007326E+00
     1315.00  0.1897005E+00   0.5717767E-02   0.1954183E+00
     1325.00  0.1851392E+00   0.5929767E-02   0.1910690E+00
     1335.00  0.1835208E+00   0.6113475E-02   0.1896343E+00
     1345.00  0.1661250E+00   0.6272422E-02   0.1723974E+00
     1355.00  0.1773468E+00   0.6409677E-02   0.1837565E+00
     1365.00  0.1732886E+00   0.6527915E-02   0.1798165E+00
     1375.00  0.1697020E+00   0.6629473E-02   0.1763315E+00
     1385.00  0.1625220E+00   0.6716398E-02   0.1692384E+00
     1395.00  0.1448002E+00   0.6790491E-02   0.1515907E+00
     1405.00  0.1608563E+00   0.6853332E-02   0.1677096E+00
     1415.00  0.1559643E+00   0.6906313E-02   0.1628706E+00
     1425.00  0.1482031E+00   0.6950665E-02   0.1551538E+00
     1435.00  0.1488302E+00   0.6987473E-02   0.1558177E+00
     1442.00  0.1483562E+00   0.7009270E-02   0.1553655E+00
     1447.00  0.1469248E+00   0.7023030E-02   0.1539478E+00
     1455.00  0.1449611E+00   0.7042191E-02   0.1520033E+00
     1465.00  0.1416270E+00   0.7061704E-02   0.1486887E+00
     1475.00  0.1382963E+00   0.7076906E-02   0.1453732E+00
     1485.00  0.1357165E+00   0.7088390E-02   0.1428049E+00
     1495.00  0.1341588E+00   0.7096681E-02   0.1412555E+00
     1505.00  0.1305433E+00   0.7102248E-02   0.1376455E+00
     1512.00  0.1279655E+00   0.7104749E-02   0.1350702E+00
     1517.00  0.1274944E+00   0.7105914E-02   0.1346003E+00
     1525.00  0.1237969E+00   0.7106823E-02   0.1309037E+00
     1535.00  0.1219271E+00   0.7106527E-02   0.1290336E+00
     1545.00  0.6143703E-01   0.7104908E-02   0.6854194E-01
     1555.00  0.1207016E+00   0.7102097E-02   0.1278037E+00
     1565.00  0.9316901E-01   0.7098430E-02   0.1002674E+00
     1575.00  0.1142558E+00   0.7094120E-02   0.1213499E+00
     1585.00  0.9508783E-01   0.7089347E-02   0.1021772E+00
     1595.00  0.1107981E+00   0.7084271E-02   0.1178824E+00
     1605.00  0.1087486E+00   0.7079031E-02   0.1158276E+00
     1615.00  0.1068366E+00   0.7073753E-02   0.1139104E+00
     1625.00  0.1051496E+00   0.7068546E-02   0.1122181E+00
     1635.00  0.1034596E+00   0.7063454E-02   0.1105231E+00
     1645.00  0.1012697E+00   0.7058580E-02   0.1083283E+00
     1655.00  0.9981782E-01   0.7054027E-02   0.1068718E+00
     1665.00  0.9819926E-01   0.7049859E-02   0.1052491E+00
     1672.00  0.9678548E-01   0.7047201E-02   0.1038327E+00
     1677.00  0.9636782E-01   0.7045443E-02   0.1034133E+00
     1685.00  0.9497221E-01   0.7042892E-02   0.1020151E+00
     1695.00  0.9321334E-01   0.7040181E-02   0.1002535E+00
     1705.00  0.9153646E-01   0.7038034E-02   0.9857449E-01
     1715.00  0.8977487E-01   0.7036480E-02   0.9681135E-01
     1725.00  0.8825294E-01   0.7035543E-02   0.9528848E-01
     1735.00  0.8692546E-01   0.7035242E-02   0.9396070E-01
     1745.00  0.8542505E-01   0.7035593E-02   0.9246064E-01
     1755.00  0.8412623E-01   0.7036609E-02   0.9116284E-01
     1765.00  0.8240722E-01   0.7038297E-02   0.8944552E-01
     1775.00  0.8109013E-01   0.7040665E-02   0.8813079E-01
     1785.00  0.7990083E-01   0.7043715E-02   0.8694454E-01
     1795.00  0.7865955E-01   0.7047432E-02   0.8570698E-01
     1805.00  0.7745967E-01   0.7051823E-02   0.8451149E-01
     1815.00  0.7598262E-01   0.7056891E-02   0.8303951E-01
     1825.00  0.7483950E-01   0.7062632E-02   0.8190213E-01
     1835.00  0.7362553E-01   0.7069041E-02   0.8069457E-01
     1845.00  0.7198615E-01   0.7076109E-02   0.7906226E-01
     1855.00  0.7071395E-01   0.7083828E-02   0.7779778E-01
     1865.00  0.6979178E-01   0.7092190E-02   0.7688397E-01
     1875.00  0.6894166E-01   0.7101182E-02   0.7604284E-01
     1885.00  0.6735546E-01   0.7110796E-02   0.7446626E-01
     1895.00  0.6599042E-01   0.7121017E-02   0.7311144E-01
     1905.00  0.6541625E-01   0.7131836E-02   0.7254809E-01
     1915.00  0.6413883E-01   0.7143238E-02   0.7128207E-01
     1925.00  0.6304092E-01   0.7155210E-02   0.7019613E-01
     1935.00  0.6236201E-01   0.7167740E-02   0.6952975E-01
     1945.00  0.6158178E-01   0.7180769E-02   0.6876255E-01
     1955.00  0.6017560E-01   0.7194265E-02   0.6736986E-01
     1967.00  0.5947991E-01   0.7211121E-02   0.6669103E-01
     1976.00  0.5888034E-01   0.7224223E-02   0.6610456E-01
     1984.00  0.5789562E-01   0.7236189E-02   0.6513181E-01
     1995.00  0.5674395E-01   0.7253123E-02   0.6399707E-01
     2005.00  0.5614185E-01   0.7268983E-02   0.6341083E-01
     2015.00  0.5542394E-01   0.7285273E-02   0.6270921E-01
     2025.00  0.5470599E-01   0.7301978E-02   0.6200797E-01
     2035.00  0.5368820E-01   0.7319349E-02   0.6100755E-01
     2045.00  0.5289307E-01   0.7337223E-02   0.6023029E-01
     2055.00  0.5280435E-01   0.4236916E-02   0.5704127E-01
     2065.00  0.5214708E-01   0.4220811E-02   0.5636789E-01
     2074.00  0.5182295E-01   0.4206721E-02   0.5602967E-01
     2078.00  0.5126079E-01   0.4200580E-02   0.5546137E-01
     2085.00  0.5078661E-01   0.4190010E-02   0.5497662E-01
     2095.00  0.4990436E-01   0.4175295E-02   0.5407965E-01
     2105.00  0.4935516E-01   0.4161023E-02   0.5351618E-01
     2115.00  0.4869163E-01   0.4147186E-02   0.5283882E-01
     2125.00  0.4804338E-01   0.4133773E-02   0.5217715E-01
     2135.00  0.4731087E-01   0.4120776E-02   0.5143165E-01
     2145.00  0.4656905E-01   0.4108183E-02   0.5067723E-01
     2155.00  0.4597567E-01   0.4095987E-02   0.5007166E-01
     2165.00  0.4530988E-01   0.4084178E-02   0.4939406E-01
     2175.00  0.4463535E-01   0.4072749E-02   0.4870810E-01
     2185.00  0.4403496E-01   0.4061692E-02   0.4809665E-01
     2195.00  0.4344512E-01   0.4050996E-02   0.4749612E-01
     2205.00  0.4281596E-01   0.4040651E-02   0.4685661E-01
     2215.00  0.4219706E-01   0.4030649E-02   0.4622771E-01
     2225.00  0.4156751E-01   0.4020982E-02   0.4558849E-01
     2235.00  0.4099069E-01   0.4011641E-02   0.4500233E-01
     2245.00  0.4044464E-01   0.4002618E-02   0.4444726E-01
     2255.00  0.3986243E-01   0.3993906E-02   0.4385634E-01
     2265.00  0.3932619E-01   0.3985495E-02   0.4331169E-01
     2275.00  0.3877230E-01   0.3977379E-02   0.4274968E-01
     2285.00  0.3826194E-01   0.3969488E-02   0.4223143E-01
     2295.00  0.3763444E-01   0.3961810E-02   0.4159625E-01
     2305.00  0.3721015E-01   0.3954399E-02   0.4116455E-01
     2315.00  0.3668324E-01   0.3947248E-02   0.4063049E-01
     2325.00  0.3564317E-01   0.3940349E-02   0.3958352E-01
     2335.00  0.3565848E-01   0.3933696E-02   0.3959218E-01
     2345.00  0.3517677E-01   0.3927281E-02   0.3910405E-01
     2355.00  0.3473377E-01   0.3921099E-02   0.3865487E-01
     2365.00  0.3425005E-01   0.3915142E-02   0.3816519E-01
     2375.00  0.3378924E-01   0.3909405E-02   0.3769865E-01
     2385.00  0.3332167E-01   0.3903881E-02   0.3722555E-01
     2395.00  0.3289197E-01   0.3898564E-02   0.3679053E-01
     2405.00  0.3245365E-01   0.3893448E-02   0.3634710E-01
     2415.00  0.3202336E-01   0.3888529E-02   0.3591189E-01
     2425.00  0.3161771E-01   0.3883799E-02   0.3550151E-01
     2435.00  0.3119396E-01   0.3879253E-02   0.3507321E-01
     2445.00  0.3079449E-01   0.3874885E-02   0.3466938E-01
     2455.00  0.3039758E-01   0.3870690E-02   0.3426827E-01
     2465.00  0.2998985E-01   0.3866663E-02   0.3385651E-01
     2475.00  0.2960157E-01   0.3862799E-02   0.3346437E-01
     2485.00  0.2922098E-01   0.3859092E-02   0.3308007E-01
     2495.00  0.2869277E-01   0.3855537E-02   0.3254831E-01
     2505.00  0.2847679E-01   0.3852131E-02   0.3232892E-01
     2513.00  0.2812317E-01   0.3849509E-02   0.3197268E-01
     2518.00  0.2800216E-01   0.3847915E-02   0.3185008E-01
     2525.00  0.2774561E-01   0.3845742E-02   0.3159135E-01
     2535.00  0.2738339E-01   0.3842752E-02   0.3122614E-01
     2545.00  0.2701814E-01   0.3839899E-02   0.3085804E-01
     2555.00  0.2670703E-01   0.3837171E-02   0.3054420E-01
     2565.00  0.2636660E-01   0.3834566E-02   0.3020117E-01
     2575.00  0.2603947E-01   0.3832078E-02   0.2987155E-01
     2585.00  0.2571507E-01   0.3829705E-02   0.2954478E-01
     2595.00  0.2539240E-01   0.3827442E-02   0.2921984E-01
     2605.00  0.2507402E-01   0.3745349E-02   0.2881937E-01
     2615.00  0.2481309E-01   0.3743444E-02   0.2855653E-01
     2625.00  0.2451302E-01   0.3741642E-02   0.2825466E-01
     2635.00  0.2421408E-01   0.3739941E-02   0.2795402E-01
     2645.00  0.2395045E-01   0.3738336E-02   0.2768879E-01
     2655.00  0.2365429E-01   0.3736824E-02   0.2739111E-01
     2665.00  0.2334759E-01   0.3735401E-02   0.2708299E-01
     2675.00  0.2305691E-01   0.3734065E-02   0.2679097E-01
     2685.00  0.2281202E-01   0.3732811E-02   0.2654483E-01
     2695.00  0.2249346E-01   0.3731638E-02   0.2622510E-01
     2705.00  0.2225821E-01   0.3730542E-02   0.2598875E-01
     2715.00  0.2198350E-01   0.3729519E-02   0.2571302E-01
     2725.00  0.2167796E-01   0.3728567E-02   0.2540653E-01
     2735.00  0.2145988E-01   0.3727684E-02   0.2518756E-01
     2745.00  0.2118705E-01   0.3726866E-02   0.2491392E-01
     2755.00  0.2093897E-01   0.3726111E-02   0.2466508E-01
     2765.00  0.2065823E-01   0.3725416E-02   0.2438365E-01
     2775.00  0.2045428E-01   0.3724778E-02   0.2417906E-01
     2785.00  0.2021376E-01   0.3724195E-02   0.2393796E-01
     2795.00  0.1991928E-01   0.3723665E-02   0.2364295E-01
     2805.00  0.1971544E-01   0.3723185E-02   0.2343863E-01
     2815.00  0.1951428E-01   0.3722753E-02   0.2323703E-01
     2825.00  0.1924404E-01   0.3722367E-02   0.2296641E-01
     2835.00  0.1902057E-01   0.3722024E-02   0.2274259E-01
     2845.00  0.1883097E-01   0.3721723E-02   0.2255269E-01
     2855.00  0.1861243E-01   0.3721424E-02   0.2233385E-01
     2865.00  0.1840227E-01   0.3721124E-02   0.2212339E-01
     2875.00  0.1818733E-01   0.3720855E-02   0.2190819E-01
     2885.00  0.1798711E-01   0.3720617E-02   0.2170773E-01
     2895.00  0.1778615E-01   0.3720406E-02   0.2150656E-01
     2910.00  0.1748741E-01   0.3720140E-02   0.2120755E-01
     2930.00  0.1708719E-01   0.3719868E-02   0.2080706E-01
     2950.00  0.1666476E-01   0.3719678E-02   0.2038444E-01
     2970.00  0.1632315E-01   0.3719558E-02   0.2004271E-01
     2990.00  0.1596091E-01   0.3719496E-02   0.1968041E-01
     3010.00  0.1561419E-01   0.3719482E-02   0.1933367E-01
     3030.00  0.1527372E-01   0.3719505E-02   0.1899323E-01
     3050.00  0.1493238E-01   0.3719561E-02   0.1865194E-01
     3070.00  0.1461538E-01   0.3719643E-02   0.1833502E-01
     3090.00  0.1430182E-01   0.3719737E-02   0.1802156E-01
     3110.00  0.1399677E-01   0.3719834E-02   0.1771660E-01
     3130.00  0.1368662E-01   0.3701861E-02   0.1738848E-01
     3150.00  0.1340298E-01   0.3701982E-02   0.1710496E-01
     3170.00  0.1312617E-01   0.3702087E-02   0.1682826E-01
     3190.00  0.1282394E-01   0.3702171E-02   0.1652611E-01
     3210.00  0.1257959E-01   0.3702226E-02   0.1628182E-01
     3230.00  0.1231980E-01   0.3702248E-02   0.1602205E-01
     3250.00  0.1206246E-01   0.3702230E-02   0.1576469E-01
     3270.00  0.1182006E-01   0.3702104E-02   0.1552216E-01
     3290.00  0.1157787E-01   0.3701885E-02   0.1527976E-01
     3310.00  0.1135094E-01   0.3701605E-02   0.1505254E-01
     3330.00  0.1111966E-01   0.3701259E-02   0.1482092E-01
     3350.00  0.1088426E-01   0.3700844E-02   0.1458510E-01
     3370.00  0.1067386E-01   0.3700356E-02   0.1437422E-01
     3390.00  0.1046118E-01   0.3699794E-02   0.1416097E-01
     3410.00  0.1025582E-01   0.3699154E-02   0.1395497E-01
     3430.00  0.1001996E-01   0.3519900E-02   0.1353986E-01
     3450.00  0.9875267E-02   0.3518611E-02   0.1339388E-01
     3470.00  0.9707229E-02   0.3517255E-02   0.1322448E-01
     3490.00  0.9520904E-02   0.3515830E-02   0.1303673E-01
     3510.00  0.9346634E-02   0.3514326E-02   0.1286096E-01
     3530.00  0.9165422E-02   0.3512688E-02   0.1267811E-01
     3550.00  0.8990739E-02   0.3510966E-02   0.1250171E-01
     3570.00  0.8828933E-02   0.3509161E-02   0.1233809E-01
     3590.00  0.8649298E-02   0.3507270E-02   0.1215657E-01
     3610.00  0.8489388E-02   0.3505292E-02   0.1199468E-01
     3630.00  0.8328396E-02   0.3503228E-02   0.1183162E-01
     3640.00  0.8263396E-02   0.3502163E-02   0.1176556E-01
     3650.00  0.9247798E-02   0.1081263E-02   0.1032906E-01
     3670.00  0.9073568E-02   0.1075068E-02   0.1014864E-01
     3690.00  0.8849921E-02   0.1034134E-02   0.9884055E-02
     3710.00  0.8724533E-02   0.1028061E-02   0.9752594E-02
     3730.00  0.8559418E-02   0.1022103E-02   0.9581521E-02
     3750.00  0.8582242E-02   0.1016255E-02   0.9598497E-02
     3770.00  0.8459400E-02   0.1010515E-02   0.9469915E-02
     3790.00  0.8448640E-02   0.1004879E-02   0.9453519E-02
     3810.00  0.8450160E-02   0.9993444E-03   0.9449504E-02
     3830.00  0.8050340E-02   0.9939077E-03   0.9044248E-02
     3850.00  0.8260859E-02   0.9885658E-03   0.9249425E-02
     3870.00  0.8184535E-02   0.9833161E-03   0.9167851E-02
     3890.00  0.7590942E-02   0.9781558E-03   0.8569098E-02
     3910.00  0.7934608E-02   0.9730821E-03   0.8907690E-02
     3930.00  0.7799148E-02   0.9680924E-03   0.8767240E-02
     3950.00  0.7655222E-02   0.9631844E-03   0.8618406E-02
     3970.00  0.7052436E-02   0.9583575E-03   0.8010793E-02
     3990.00  0.7382449E-02   0.9536133E-03   0.8336062E-02
     4010.00  0.7296694E-02   0.9489432E-03   0.8245637E-02
     4030.00  0.7123959E-02   0.9443451E-03   0.8068304E-02
     4050.00  0.7062257E-02   0.9398167E-03   0.8002074E-02
     4070.00  0.6925301E-02   0.9353563E-03   0.7860657E-02
     4090.00  0.6668241E-02   0.9309617E-03   0.7599203E-02
     4110.00  0.6337910E-02   0.9266311E-03   0.7264541E-02
     4130.00  0.6552712E-02   0.9223628E-03   0.7475075E-02
     4150.00  0.6459254E-02   0.9181548E-03   0.7377409E-02
     4170.00  0.6368652E-02   0.9140057E-03   0.7282658E-02
     4190.00  0.6268945E-02   0.9099137E-03   0.7178859E-02
     4210.00  0.6165159E-02   0.9058772E-03   0.7071036E-02
     4230.00  0.6060196E-02   0.9018947E-03   0.6962091E-02
     4250.00  0.5956153E-02   0.8979648E-03   0.6854118E-02
     4270.00  0.5854172E-02   0.8940859E-03   0.6748258E-02
     4290.00  0.5760005E-02   0.8902569E-03   0.6650262E-02
     4310.00  0.5649048E-02   0.8864762E-03   0.6535524E-02
     4330.00  0.5413288E-02   0.8827426E-03   0.6296031E-02
     4350.00  0.5205322E-02   0.8790552E-03   0.6084377E-02
     4370.00  0.5375934E-02   0.8754130E-03   0.6251347E-02
     4390.00  0.5282796E-02   0.8718143E-03   0.6154610E-02
     4410.00  0.5224905E-02   0.8682579E-03   0.6093163E-02
     4430.00  0.5139046E-02   0.8647427E-03   0.6003789E-02
     4450.00  0.5061793E-02   0.8612676E-03   0.5923061E-02
     4470.00  0.4925925E-02   0.8578317E-03   0.5783757E-02
     4490.00  0.4897263E-02   0.8544339E-03   0.5751697E-02
     4510.00  0.4822868E-02   0.8510733E-03   0.5673941E-02
     4530.00  0.4745043E-02   0.8477490E-03   0.5592792E-02
     4550.00  0.4667528E-02   0.8444600E-03   0.5511988E-02
     4570.00  0.4598532E-02   0.8412056E-03   0.5439738E-02
     4590.00  0.4527419E-02   0.8379849E-03   0.5365404E-02
     4610.00  0.4458410E-02   0.8347969E-03   0.5293207E-02
     4630.00  0.4388152E-02   0.8316411E-03   0.5219793E-02
     4650.00  0.4316194E-02   0.8285166E-03   0.5144711E-02
     4670.00  0.4254512E-02   0.8254226E-03   0.5079935E-02
     4690.00  0.4189729E-02   0.8223584E-03   0.5012087E-02
     4710.00  0.4110687E-02   0.8193235E-03   0.4930010E-02
     4730.00  0.4063397E-02   0.8163170E-03   0.4879714E-02
     4750.00  0.4000264E-02   0.8133384E-03   0.4813602E-02
     4770.00  0.3942849E-02   0.8103870E-03   0.4753236E-02
     4790.00  0.3883567E-02   0.8074621E-03   0.4691029E-02
     4810.00  0.3823175E-02   0.8045619E-03   0.4627737E-02
     4830.00  0.3756390E-02   0.8016855E-03   0.4558075E-02
     4850.00  0.3618820E-02   0.7988339E-03   0.4417654E-02
     4870.00  0.3462687E-02   0.7960066E-03   0.4258694E-02
     4890.00  0.3587718E-02   0.7932031E-03   0.4380921E-02
     4910.00  0.3547727E-02   0.7904228E-03   0.4338150E-02
     4930.00  0.3477958E-02   0.7876652E-03   0.4265623E-02
     4950.00  0.3447455E-02   0.7849299E-03   0.4232385E-02
     4970.00  0.3399566E-02   0.7822164E-03   0.4181782E-02
     4990.00  0.3350048E-02   0.7795243E-03   0.4129572E-02
     5010.00  0.3288802E-02   0.7768532E-03   0.4065655E-02
     5030.00  0.3254441E-02   0.7742026E-03   0.4028644E-02
     5050.00  0.3201884E-02   0.7715721E-03   0.3973456E-02
     5070.00  0.3163617E-02   0.7689638E-03   0.3932581E-02
     5090.00  0.3119180E-02   0.7663866E-03   0.3885567E-02
     5110.00  0.3075208E-02   0.7638277E-03   0.3839036E-02
     5130.00  0.3031103E-02   0.7612868E-03   0.3792390E-02
     5150.00  0.2987281E-02   0.7587636E-03   0.3746045E-02
     5170.00  0.2945716E-02   0.7562577E-03   0.3701974E-02
     5190.00  0.2905631E-02   0.7537688E-03   0.3659400E-02
     5210.00  0.2865808E-02   0.7512966E-03   0.3617105E-02
     5230.00  0.2826036E-02   0.7488408E-03   0.3574877E-02
     5250.00  0.2787122E-02   0.7464011E-03   0.3533523E-02
     5270.00  0.2748454E-02   0.7439772E-03   0.3492431E-02
     5290.00  0.2712330E-02   0.7415689E-03   0.3453899E-02
     5310.00  0.2675096E-02   0.7391759E-03   0.3414272E-02
     5330.00  0.2637865E-02   0.7367979E-03   0.3374663E-02
     5350.00  0.2602752E-02   0.7344347E-03   0.3337187E-02
     5370.00  0.2568331E-02   0.7320856E-03   0.3300417E-02
     5390.00  0.2534370E-02   0.7297493E-03   0.3264119E-02
     5410.00  0.2500164E-02   0.7274270E-03   0.3227591E-02
     5430.00  0.2466630E-02   0.7251185E-03   0.3191749E-02
     5450.00  0.2433379E-02   0.7228236E-03   0.3156203E-02
     5470.00  0.2402096E-02   0.7205420E-03   0.3122638E-02
     5490.00  0.2370938E-02   0.7182737E-03   0.3089212E-02
     5510.00  0.2339725E-02   0.7160182E-03   0.3055743E-02
     5530.00  0.2308809E-02   0.7137756E-03   0.3022585E-02
     5550.00  0.2278362E-02   0.7115455E-03   0.2989908E-02
     5570.00  0.2249131E-02   0.7093279E-03   0.2958459E-02
     5590.00  0.2220388E-02   0.7071224E-03   0.2927510E-02
     5610.00  0.2191822E-02   0.7049290E-03   0.2896751E-02
     5630.00  0.2163560E-02   0.7027476E-03   0.2866308E-02
     5650.00  0.2135161E-02   0.7005778E-03   0.2835739E-02
     5670.00  0.2107850E-02   0.6984196E-03   0.2806270E-02
     5690.00  0.2083241E-02   0.6962729E-03   0.2779514E-02
     5710.00  0.2057319E-02   0.6047388E-03   0.2662058E-02
     5730.00  0.2031494E-02   0.6027700E-03   0.2634264E-02
     5750.00  0.2005491E-02   0.6008132E-03   0.2606304E-02
     5770.00  0.1981076E-02   0.5988683E-03   0.2579944E-02
     5790.00  0.1956550E-02   0.5969351E-03   0.2553485E-02
     5810.00  0.1932209E-02   0.5950134E-03   0.2527222E-02
     5830.00  0.1907935E-02   0.5931030E-03   0.2501038E-02
     5850.00  0.1883726E-02   0.5912039E-03   0.2474930E-02
     5870.00  0.1845168E-02   0.5893158E-03   0.2434484E-02
     5890.00  0.1836842E-02   0.5874386E-03   0.2424281E-02
     5910.00  0.1815828E-02   0.5855722E-03   0.2401400E-02
     5930.00  0.1793376E-02   0.5837165E-03   0.2377092E-02
     5950.00  0.1771053E-02   0.5818712E-03   0.2352924E-02
     5970.00  0.1750081E-02   0.5800363E-03   0.2330117E-02
     5990.00  0.1729057E-02   0.5782117E-03   0.2307269E-02
     6010.00  0.1708225E-02   0.5763972E-03   0.2284622E-02
     6030.00  0.1687500E-02   0.5745926E-03   0.2262093E-02
     6050.00  0.1666861E-02   0.5727980E-03   0.2239659E-02
     6070.00  0.1647410E-02   0.5710131E-03   0.2218423E-02
     6090.00  0.1628008E-02   0.5692378E-03   0.2197246E-02
     6110.00  0.1608645E-02   0.5674720E-03   0.2176117E-02
     6130.00  0.1589207E-02   0.5657157E-03   0.2154923E-02
     6150.00  0.1570025E-02   0.5639687E-03   0.2133994E-02
     6170.00  0.1551826E-02   0.5622309E-03   0.2114057E-02
     6190.00  0.1534064E-02   0.5605022E-03   0.2094566E-02
     6210.00  0.1516158E-02   0.5587825E-03   0.2074940E-02
     6230.00  0.1498301E-02   0.5570717E-03   0.2055373E-02
     6250.00  0.1480326E-02   0.5553697E-03   0.2035696E-02
     6270.00  0.1463886E-02   0.5536764E-03   0.2017562E-02
     6290.00  0.1447206E-02   0.5519917E-03   0.1999198E-02
     6310.00  0.1430415E-02   0.5503156E-03   0.1980731E-02
     6330.00  0.1413932E-02   0.5486479E-03   0.1962580E-02
     6350.00  0.1397244E-02   0.5469886E-03   0.1944233E-02
     6370.00  0.1381703E-02   0.5453375E-03   0.1927040E-02
     6390.00  0.1366273E-02   0.5436946E-03   0.1909968E-02
     6410.00  0.1350608E-02   0.5420598E-03   0.1892668E-02
     6430.00  0.1335244E-02   0.5404330E-03   0.1875677E-02
     6450.00  0.1319810E-02   0.5388143E-03   0.1858624E-02
     6470.00  0.1305272E-02   0.5372033E-03   0.1842475E-02
     6490.00  0.1290413E-02   0.5356001E-03   0.1826013E-02
     6510.00  0.1275583E-02   0.5340047E-03   0.1809588E-02
     6530.00  0.1258946E-02   0.5324110E-03   0.1791357E-02
     6550.00  0.1228170E-02   0.5308231E-03   0.1758993E-02
     6570.00  0.1171803E-02   0.5292426E-03   0.1701046E-02
     6590.00  0.1214351E-02   0.5276693E-03   0.1742020E-02
     6610.00  0.1206020E-02   0.5261032E-03   0.1732123E-02
     6630.00  0.1193756E-02   0.5245442E-03   0.1718300E-02
     6650.00  0.1180913E-02   0.5219013E-03   0.1702814E-02
     6670.00  0.1165083E-02   0.5203643E-03   0.1685447E-02
     6690.00  0.1152528E-02   0.5188343E-03   0.1671362E-02
     6710.00  0.1143112E-02   0.5173111E-03   0.1660423E-02
     6730.00  0.1130666E-02   0.5157948E-03   0.1646461E-02
     6750.00  0.1118480E-02   0.5142852E-03   0.1632765E-02
     6770.00  0.1106702E-02   0.5127823E-03   0.1619484E-02
     6790.00  0.1094854E-02   0.5112861E-03   0.1606140E-02
     6810.00  0.1083217E-02   0.5097964E-03   0.1593013E-02
     6830.00  0.1071571E-02   0.5083133E-03   0.1579884E-02
     6850.00  0.1059939E-02   0.5068367E-03   0.1566776E-02
     6870.00  0.1048941E-02   0.5053666E-03   0.1554308E-02
     6890.00  0.1037933E-02   0.5039029E-03   0.1541836E-02
     6910.00  0.1027017E-02   0.5024455E-03   0.1529462E-02
     6930.00  0.1016084E-02   0.5009944E-03   0.1517078E-02
     6950.00  0.1005231E-02   0.4995496E-03   0.1504781E-02
     6970.00  0.9949343E-03   0.4981109E-03   0.1493045E-02
     6990.00  0.9846330E-03   0.4966785E-03   0.1481312E-02
     7010.00  0.9744291E-03   0.4952522E-03   0.1469681E-02
     7030.00  0.9642339E-03   0.4938319E-03   0.1458066E-02
     7050.00  0.9541170E-03   0.4924177E-03   0.1446535E-02
     7070.00  0.9402800E-03   0.4910094E-03   0.1431289E-02
     7090.00  0.9348104E-03   0.4896071E-03   0.1424417E-02
     7110.00  0.9251274E-03   0.4882107E-03   0.1413338E-02
     7130.00  0.9156182E-03   0.4868203E-03   0.1402438E-02
     7150.00  0.9061322E-03   0.4854356E-03   0.1391568E-02
     7170.00  0.8970197E-03   0.4840568E-03   0.1381076E-02
     7190.00  0.8880041E-03   0.4826837E-03   0.1370688E-02
     7210.00  0.8790458E-03   0.4813164E-03   0.1360362E-02
     7230.00  0.8697138E-03   0.4799547E-03   0.1349669E-02
     7250.00  0.8612223E-03   0.4785987E-03   0.1339821E-02
     7270.00  0.8527285E-03   0.4772483E-03   0.1329977E-02
     7290.00  0.8422050E-03   0.4759035E-03   0.1318108E-02
     7310.00  0.8357581E-03   0.4745642E-03   0.1310322E-02
     7330.00  0.8274291E-03   0.4732305E-03   0.1300660E-02
     7350.00  0.8190710E-03   0.4719022E-03   0.1290973E-02
     7370.00  0.8110144E-03   0.4705794E-03   0.1281594E-02
     7390.00  0.8029364E-03   0.4692619E-03   0.1272198E-02
     7410.00  0.7949908E-03   0.4679499E-03   0.1262941E-02
     7430.00  0.7872572E-03   0.4666432E-03   0.1253900E-02
     7450.00  0.7795004E-03   0.4649691E-03   0.1244470E-02
     7470.00  0.7719836E-03   0.4636738E-03   0.1235657E-02
     7490.00  0.7645464E-03   0.4623837E-03   0.1226930E-02
     7510.00  0.7570034E-03   0.4610988E-03   0.1218102E-02
     7530.00  0.7497175E-03   0.4598191E-03   0.1209537E-02
     7550.00  0.7423332E-03   0.4585445E-03   0.1200878E-02
     7570.00  0.7352584E-03   0.4572750E-03   0.1192533E-02
     7590.00  0.7282499E-03   0.4560107E-03   0.1184261E-02
     7610.00  0.7212482E-03   0.4547520E-03   0.1176000E-02
     7630.00  0.7142791E-03   0.4534991E-03   0.1167778E-02
     7650.00  0.7073139E-03   0.4522511E-03   0.1159565E-02
     7670.00  0.7006399E-03   0.4510082E-03   0.1151648E-02
     7690.00  0.6940668E-03   0.4497703E-03   0.1143837E-02
     7710.00  0.6873907E-03   0.4485372E-03   0.1135928E-02
     7730.00  0.6809716E-03   0.4473091E-03   0.1128281E-02
     7750.00  0.6743670E-03   0.4460859E-03   0.1120453E-02
     7770.00  0.6677760E-03   0.4448675E-03   0.1112644E-02
     7790.00  0.6618558E-03   0.4436540E-03   0.1105510E-02
     7810.00  0.6555334E-03   0.4424452E-03   0.1097979E-02
     7830.00  0.6495094E-03   0.4412412E-03   0.1090751E-02
     7850.00  0.6434341E-03   0.4400420E-03   0.1083476E-02
     7870.00  0.6371096E-03   0.4338366E-03   0.1070946E-02
     7890.00  0.6311977E-03   0.4326671E-03   0.1063865E-02
     7910.00  0.6255504E-03   0.4315021E-03   0.1057053E-02
     7930.00  0.6196661E-03   0.4303417E-03   0.1050008E-02
     7950.00  0.6139929E-03   0.4291858E-03   0.1043179E-02
     7970.00  0.6083904E-03   0.4280344E-03   0.1036425E-02
     7990.00  0.6030711E-03   0.4268874E-03   0.1029959E-02
     8010.00  0.5973374E-03   0.4257449E-03   0.1023082E-02
     8030.00  0.5919992E-03   0.4246068E-03   0.1016606E-02
     8050.00  0.5865901E-03   0.4234731E-03   0.1010063E-02
     8070.00  0.5814932E-03   0.4223438E-03   0.1003837E-02
     8090.00  0.5759204E-03   0.4212188E-03   0.9971392E-03
     8110.00  0.5708065E-03   0.4200981E-03   0.9909046E-03
     8130.00  0.5659058E-03   0.4189817E-03   0.9848875E-03
     8150.00  0.5604168E-03   0.4178697E-03   0.9782865E-03
     8170.00  0.5557274E-03   0.4167618E-03   0.9724892E-03
     8190.00  0.5505582E-03   0.4156582E-03   0.9662164E-03
     8210.00  0.5551674E-03   0.3835467E-03   0.9387141E-03
     8230.00  0.5506506E-03   0.2620128E-03   0.8126634E-03
     8250.00  0.5458249E-03   0.2612841E-03   0.8071090E-03
     8270.00  0.5403398E-03   0.2605588E-03   0.8008986E-03
     8290.00  0.5359809E-03   0.2586263E-03   0.7946072E-03
     8310.00  0.5310544E-03   0.2579128E-03   0.7889672E-03
     8330.00  0.5259680E-03   0.2572028E-03   0.7831708E-03
     8350.00  0.5211150E-03   0.2564960E-03   0.7776110E-03
     8370.00  0.5158185E-03   0.2557924E-03   0.7716109E-03
     8390.00  0.5118435E-03   0.2550920E-03   0.7669355E-03
     8410.00  0.5073018E-03   0.2543948E-03   0.7616966E-03
     8430.00  0.5030380E-03   0.2537007E-03   0.7567387E-03
     8450.00  0.4982998E-03   0.2530098E-03   0.7513096E-03
     8470.00  0.4923220E-03   0.2523220E-03   0.7446440E-03
     8490.00  0.4918036E-03   0.2516372E-03   0.7434408E-03
     8510.00  0.4829762E-03   0.2509555E-03   0.7339317E-03
     8530.00  0.4846856E-03   0.2502769E-03   0.7349625E-03
     8550.00  0.4715464E-03   0.2496013E-03   0.7211477E-03
     8570.00  0.4792282E-03   0.2489286E-03   0.7281568E-03
     8590.00  0.4673884E-03   0.2482590E-03   0.7156474E-03
     8610.00  0.4629375E-03   0.2475923E-03   0.7105298E-03
     8630.00  0.4689350E-03   0.2469285E-03   0.7158635E-03
     8650.00  0.4606501E-03   0.2462677E-03   0.7069178E-03
     8670.00  0.4442700E-03   0.2456097E-03   0.6898797E-03
     8690.00  0.4562492E-03   0.2449547E-03   0.7012039E-03
     8710.00  0.4551496E-03   0.2443024E-03   0.6994520E-03
     8730.00  0.4474694E-03   0.2436530E-03   0.6911224E-03
     8750.00  0.4284354E-03   0.2430065E-03   0.6714419E-03
     8770.00  0.4375597E-03   0.2423627E-03   0.6799224E-03
     8790.00  0.4403451E-03   0.2417217E-03   0.6820668E-03
     8810.00  0.4371299E-03   0.2410835E-03   0.6782134E-03
     8830.00  0.4325867E-03   0.2404480E-03   0.6730347E-03
     8850.00  0.4208347E-03   0.2398152E-03   0.6606499E-03
     8870.00  0.4069531E-03   0.2391852E-03   0.6461383E-03
     8890.00  0.4201110E-03   0.2385578E-03   0.6586688E-03
     8910.00  0.4193253E-03   0.2379331E-03   0.6572584E-03
     8930.00  0.4163667E-03   0.2373111E-03   0.6536778E-03
     8950.00  0.4132412E-03   0.2366916E-03   0.6499328E-03
     8970.00  0.4093952E-03   0.2360748E-03   0.6454700E-03
     8990.00  0.4029793E-03   0.2354606E-03   0.6384399E-03
     9010.00  0.3846815E-03   0.2348490E-03   0.6195305E-03
     9030.00  0.3891028E-03   0.2342400E-03   0.6233428E-03
     9050.00  0.3948130E-03   0.2336335E-03   0.6284465E-03
     9070.00  0.3921038E-03   0.2330295E-03   0.6251333E-03
     9090.00  0.3898326E-03   0.2324281E-03   0.6222607E-03
     9110.00  0.3873874E-03   0.2318292E-03   0.6192166E-03
     9130.00  0.3844189E-03   0.2312328E-03   0.6156517E-03
     9150.00  0.3811931E-03   0.2306389E-03   0.6118320E-03
     9170.00  0.3775421E-03   0.2300475E-03   0.6075896E-03
     9190.00  0.3738939E-03   0.2294585E-03   0.6033524E-03
     9210.00  0.3660469E-03   0.2288719E-03   0.5949188E-03
     9230.00  0.3486626E-03   0.2282878E-03   0.5769504E-03
     9250.00  0.3599109E-03   0.2277060E-03   0.5876169E-03
     9270.00  0.3617483E-03   0.2271266E-03   0.5888749E-03
     9290.00  0.3600736E-03   0.2265496E-03   0.5866232E-03
     9310.00  0.3571416E-03   0.2259750E-03   0.5831166E-03
     9330.00  0.3548443E-03   0.2254026E-03   0.5802469E-03
     9350.00  0.3519777E-03   0.2248326E-03   0.5768103E-03
     9370.00  0.3493535E-03   0.2242649E-03   0.5736184E-03
     9390.00  0.3466041E-03   0.2236995E-03   0.5703036E-03
     9410.00  0.3436864E-03   0.2231364E-03   0.5668228E-03
     9430.00  0.3411327E-03   0.2225755E-03   0.5637082E-03
     9450.00  0.3383716E-03   0.2220169E-03   0.5603885E-03
     9470.00  0.3350687E-03   0.2214605E-03   0.5565292E-03
     9490.00  0.3326778E-03   0.2209064E-03   0.5535842E-03
     9510.00  0.3283902E-03   0.2203544E-03   0.5487446E-03
     9530.00  0.3213877E-03   0.2198047E-03   0.5411924E-03
     9550.00  0.3072781E-03   0.2192571E-03   0.5265352E-03
     9570.00  0.3185480E-03   0.2187117E-03   0.5372597E-03
     9590.00  0.3193002E-03   0.2181685E-03   0.5374687E-03
     9610.00  0.3173437E-03   0.2176274E-03   0.5349711E-03
     9630.00  0.3149064E-03   0.2170885E-03   0.5319949E-03
     9650.00  0.3131045E-03   0.2165517E-03   0.5296562E-03
     9670.00  0.3107008E-03   0.2160170E-03   0.5267178E-03
     9690.00  0.3083676E-03   0.2154844E-03   0.5238520E-03
     9710.00  0.3058512E-03   0.2149539E-03   0.5208051E-03
     9730.00  0.3037859E-03   0.2144254E-03   0.5182113E-03
     9750.00  0.3014540E-03   0.2138990E-03   0.5153530E-03
     9770.00  0.2992081E-03   0.2133747E-03   0.5125828E-03
     9790.00  0.2969538E-03   0.2128524E-03   0.5098062E-03
     9810.00  0.2947158E-03   0.2123322E-03   0.5070480E-03
     9830.00  0.2924832E-03   0.2118139E-03   0.5042971E-03
     9850.00  0.2902531E-03   0.2112977E-03   0.5015508E-03
     9870.00  0.2880948E-03   0.2107834E-03   0.4988782E-03
     9890.00  0.2859204E-03   0.2102712E-03   0.4961916E-03
     9910.00  0.2837538E-03   0.2097609E-03   0.4935147E-03
     9930.00  0.2816467E-03   0.2092525E-03   0.4908992E-03
     9950.00  0.2794875E-03   0.2087462E-03   0.4882337E-03
     9970.00  0.2773496E-03   0.2082418E-03   0.4855914E-03
     9990.00  0.2750741E-03   0.2077392E-03   0.4828133E-03
    10025.00  0.2674433E-03   0.2068644E-03   0.4743077E-03
    10075.00  0.2609792E-03   0.2056248E-03   0.4666040E-03
    10125.00  0.2615681E-03   0.2043969E-03   0.4659650E-03
    10175.00  0.2574130E-03   0.2031844E-03   0.4605974E-03
    10225.00  0.2528398E-03   0.2019839E-03   0.4548237E-03
    10275.00  0.2483584E-03   0.2007945E-03   0.4491529E-03
    10325.00  0.2435714E-03   0.1996159E-03   0.4431873E-03
    10375.00  0.2393909E-03   0.1984482E-03   0.4378391E-03
    10425.00  0.2352050E-03   0.1972911E-03   0.4324961E-03
    10475.00  0.2310200E-03   0.1961445E-03   0.4271645E-03
    10525.00  0.2269883E-03   0.1950082E-03   0.4219965E-03
    10575.00  0.2230447E-03   0.1938822E-03   0.4169269E-03
    10625.00  0.2191201E-03   0.1927664E-03   0.4118865E-03
    10675.00  0.2152217E-03   0.1916605E-03   0.4068822E-03
    10725.00  0.2117381E-03   0.1905644E-03   0.4023025E-03
    10775.00  0.2081306E-03   0.1894781E-03   0.3976087E-03
    10825.00  0.2038109E-03   0.1884015E-03   0.3922124E-03
    10875.00  0.2005709E-03   0.1873343E-03   0.3879052E-03
    10925.00  0.1915918E-03   0.1862765E-03   0.3778683E-03
    10975.00  0.1925000E-03   0.1852280E-03   0.3777280E-03
    11025.00  0.1907336E-03   0.1841887E-03   0.3749223E-03
    11075.00  0.1879008E-03   0.1831584E-03   0.3710592E-03
    11125.00  0.1847201E-03   0.1821371E-03   0.3668572E-03
    11175.00  0.1817526E-03   0.1725368E-03   0.3542894E-03
    11225.00  0.1787792E-03   0.1715805E-03   0.3503597E-03
    11275.00  0.1758517E-03   0.1706325E-03   0.3464842E-03
    11325.00  0.1729400E-03   0.1696927E-03   0.3426327E-03
    11375.00  0.1700827E-03   0.1687611E-03   0.3388438E-03
    11425.00  0.1673835E-03   0.1678374E-03   0.3352209E-03
    11475.00  0.1647538E-03   0.1669216E-03   0.3316754E-03
    11525.00  0.1621124E-03   0.1660137E-03   0.3281261E-03
    11575.00  0.1594868E-03   0.1651135E-03   0.3246003E-03
    11625.00  0.1568483E-03   0.1642210E-03   0.3210693E-03
    11675.00  0.1544180E-03   0.1633361E-03   0.3177541E-03
    11725.00  0.1520636E-03   0.1624586E-03   0.3145222E-03
    11775.00  0.1496052E-03   0.1615885E-03   0.3111937E-03
    11825.00  0.1472587E-03   0.1607257E-03   0.3079844E-03
    11875.00  0.1448971E-03   0.1598702E-03   0.3047673E-03
    11925.00  0.1427601E-03   0.1590217E-03   0.3017818E-03
    11975.00  0.1402742E-03   0.1581804E-03   0.2984546E-03
    12025.00  0.1384142E-03   0.1573460E-03   0.2957602E-03
    12075.00  0.1362521E-03   0.1565185E-03   0.2927706E-03
    12125.00  0.1341393E-03   0.1556978E-03   0.2898371E-03
    12175.00  0.1321155E-03   0.1548839E-03   0.2869994E-03
    12225.00  0.1301136E-03   0.1540767E-03   0.2841903E-03
    12275.00  0.1281695E-03   0.1532760E-03   0.2814455E-03
    12325.00  0.1262444E-03   0.1524819E-03   0.2787263E-03
    12375.00  0.1243313E-03   0.1516942E-03   0.2760255E-03
    12425.00  0.1225235E-03   0.1509129E-03   0.2734364E-03
    12475.00  0.1207275E-03   0.1501379E-03   0.2708654E-03
    12525.00  0.1188700E-03   0.1493081E-03   0.2681781E-03
    12575.00  0.1171577E-03   0.1485462E-03   0.2657039E-03
    12625.00  0.1153949E-03   0.1477904E-03   0.2631853E-03
    12675.00  0.1137394E-03   0.1470406E-03   0.2607800E-03
    12725.00  0.1120397E-03   0.1462967E-03   0.2583364E-03
    12775.00  0.1097229E-03   0.1455588E-03   0.2552817E-03
    12825.00  0.1054510E-03   0.1448267E-03   0.2502777E-03
    12875.00  0.1069001E-03   0.1441004E-03   0.2510005E-03
    12925.00  0.1057169E-03   0.1433798E-03   0.2490967E-03
    12975.00  0.1041223E-03   0.1426649E-03   0.2467872E-03
    13025.00  0.1027950E-03   0.1419556E-03   0.2447506E-03
    13075.00  0.1013251E-03   0.1412512E-03   0.2425763E-03
    13125.00  0.9985823E-04   0.1405522E-03   0.2404105E-03
    13175.00  0.9846919E-04   0.1398587E-03   0.2383279E-03
    13225.00  0.9710042E-04   0.1391704E-03   0.2362709E-03
    13275.00  0.9572810E-04   0.1384875E-03   0.2342156E-03
    13325.00  0.9439055E-04   0.1378098E-03   0.2322003E-03
    13375.00  0.9307723E-04   0.1371372E-03   0.2302145E-03
    13425.00  0.9179977E-04   0.1364698E-03   0.2282696E-03
    13475.00  0.9057283E-04   0.1358075E-03   0.2263803E-03
    13525.00  0.8932733E-04   0.1351501E-03   0.2244775E-03
    13575.00  0.8808992E-04   0.1344978E-03   0.2225877E-03
    13625.00  0.8686519E-04   0.1338243E-03   0.2206895E-03
    13675.00  0.8571090E-04   0.1331819E-03   0.2188928E-03
    13725.00  0.8454909E-04   0.1325444E-03   0.2170935E-03
    13775.00  0.8342257E-04   0.1319116E-03   0.2153342E-03
    13825.00  0.8229004E-04   0.1312836E-03   0.2135736E-03
    13875.00  0.8116632E-04   0.1306602E-03   0.2118265E-03
    13925.00  0.8010449E-04   0.1300414E-03   0.2101459E-03
    13975.00  0.7905410E-04   0.1294273E-03   0.2084814E-03
    14025.00  0.7800422E-04   0.1288176E-03   0.2068219E-03
    14075.00  0.7696809E-04   0.1282125E-03   0.2051806E-03
    14125.00  0.7592965E-04   0.1272218E-03   0.2031514E-03
    14175.00  0.7496040E-04   0.1266285E-03   0.2015889E-03
    14225.00  0.7399135E-04   0.1260395E-03   0.2000308E-03
    14275.00  0.7303023E-04   0.1254548E-03   0.1984850E-03
    14325.00  0.7208251E-04   0.1248744E-03   0.1969569E-03
    14375.00  0.7113684E-04   0.1242981E-03   0.1954350E-03
    14425.00  0.7016384E-04   0.1237261E-03   0.1938899E-03
    14475.00  0.6930552E-04   0.1231582E-03   0.1924637E-03
    14525.00  0.6839538E-04   0.1225943E-03   0.1909897E-03
    14570.00  0.6762024E-04   0.1220903E-03   0.1897106E-03
    14620.00  0.6709594E-04   0.1006773E-03   0.1677733E-03
    14675.00  0.6616873E-04   0.1001825E-03   0.1663512E-03
    14725.00  0.6533490E-04   0.9963014E-04   0.1649650E-03
    14775.00  0.6449743E-04   0.9918767E-04   0.1636851E-03
    14825.00  0.6366653E-04   0.9874840E-04   0.1624149E-03
    14875.00  0.6281546E-04   0.9831230E-04   0.1611278E-03
    14925.00  0.6205586E-04   0.9787932E-04   0.1599352E-03
    14975.00  0.6130477E-04   0.9744945E-04   0.1587542E-03
    15025.00  0.6044696E-04   0.9702264E-04   0.1574696E-03
    15075.00  0.5970832E-04   0.9659887E-04   0.1563072E-03
    15125.00  0.5898425E-04   0.9617811E-04   0.1551624E-03
    15175.00  0.5828436E-04   0.9576033E-04   0.1540447E-03
    15225.00  0.5769145E-04   0.9534562E-04   0.1530371E-03
    15275.00  0.5679789E-04   0.9493394E-04   0.1517318E-03
    15325.00  0.5612624E-04   0.9452515E-04   0.1506514E-03
    15375.00  0.5561441E-04   0.9411921E-04   0.1497336E-03
    15425.00  0.5468654E-04   0.9371609E-04   0.1484026E-03
    15475.00  0.5432753E-04   0.9331578E-04   0.1476433E-03
    15525.00  0.5368729E-04   0.9291824E-04   0.1466055E-03
    15575.00  0.5262827E-04   0.9252344E-04   0.1451517E-03
    15625.00  0.5257713E-04   0.9213137E-04   0.1447085E-03
    15675.00  0.5165972E-04   0.9174199E-04   0.1434017E-03
    15725.00  0.5077273E-04   0.9135528E-04   0.1421280E-03
    15775.00  0.5077061E-04   0.9097121E-04   0.1417418E-03
    15825.00  0.5013502E-04   0.9058977E-04   0.1407248E-03
    15875.00  0.4871000E-04   0.9021092E-04   0.1389209E-03
    15925.00  0.4882561E-04   0.8983464E-04   0.1386603E-03
    15975.00  0.4850794E-04   0.8946091E-04   0.1379688E-03
    16050.00  0.4749378E-04   0.8890504E-04   0.1363988E-03
    16150.00  0.4601366E-04   0.8817258E-04   0.1341862E-03
    16250.00  0.4550923E-04   0.8744989E-04   0.1329591E-03
    16350.00  0.4427015E-04   0.8673680E-04   0.1310069E-03
    16450.00  0.4289266E-04   0.8603313E-04   0.1289258E-03
    16550.00  0.4245679E-04   0.8533872E-04   0.1277955E-03
    16650.00  0.4149565E-04   0.8465339E-04   0.1261490E-03
    16750.00  0.4034194E-04   0.8397699E-04   0.1243189E-03
    16850.00  0.3908416E-04   0.8330935E-04   0.1223935E-03
    16950.00  0.3874925E-04   0.8265034E-04   0.1213996E-03
    17050.00  0.3785027E-04   0.8199977E-04   0.1198500E-03
    17150.00  0.3707455E-04   0.8135753E-04   0.1184321E-03
    17250.00  0.3621950E-04   0.8072345E-04   0.1169430E-03
    17350.00  0.3478018E-04   0.8009740E-04   0.1148776E-03
    17450.00  0.3458026E-04   0.7947924E-04   0.1140595E-03
    17550.00  0.3393030E-04   0.7886884E-04   0.1127991E-03
    17650.00  0.3320254E-04   0.7826605E-04   0.1114686E-03
    17750.00  0.3248049E-04   0.7767076E-04   0.1101513E-03
    17850.00  0.3178646E-04   0.7708283E-04   0.1088693E-03
    17950.00  0.3112274E-04   0.7650215E-04   0.1076249E-03
    18050.00  0.3044238E-04   0.7592858E-04   0.1063710E-03
    18150.00  0.2927714E-04   0.7536202E-04   0.1046392E-03
    18250.00  0.2906705E-04   0.7480241E-04   0.1038695E-03
    18350.00  0.2858721E-04   0.7425016E-04   0.1028374E-03
    18450.00  0.2800081E-04   0.7370451E-04   0.1017053E-03
    18550.00  0.2741151E-04   0.7167862E-04   0.9909013E-04
    18650.00  0.2678131E-04   0.7115833E-04   0.9793964E-04
    18750.00  0.2578891E-04   0.7064420E-04   0.9643311E-04
    18850.00  0.2574716E-04   0.7013612E-04   0.9588328E-04
    18950.00  0.2524799E-04   0.6963400E-04   0.9488199E-04
    19050.00  0.2472560E-04   0.6913774E-04   0.9386334E-04
    19150.00  0.2426004E-04   0.6864724E-04   0.9290728E-04
    19250.00  0.2377666E-04   0.6816243E-04   0.9193909E-04
    19350.00  0.2326241E-04   0.6768321E-04   0.9094562E-04
    19450.00  0.2237750E-04   0.6720948E-04   0.8958698E-04
    19550.00  0.2235652E-04   0.6674117E-04   0.8909769E-04
    19650.00  0.2196342E-04   0.6627820E-04   0.8824162E-04
    19750.00  0.2153303E-04   0.6582048E-04   0.8735351E-04
    19850.00  0.2111618E-04   0.6536792E-04   0.8648410E-04
    19950.00  0.2071042E-04   0.6492045E-04   0.8563087E-04
    20050.00  0.2031752E-04   0.6447800E-04   0.8479552E-04
    20150.00  0.1993208E-04   0.6404049E-04   0.8397257E-04
    20250.00  0.1954920E-04   0.6360084E-04   0.8315004E-04
    20350.00  0.1919053E-04   0.6317302E-04   0.8236355E-04
    20450.00  0.1883460E-04   0.6274992E-04   0.8158452E-04
    20550.00  0.1847505E-04   0.6233147E-04   0.8080652E-04
    20650.00  0.1813606E-04   0.6191759E-04   0.8005365E-04
    20750.00  0.1779162E-04   0.6150822E-04   0.7929984E-04
    20850.00  0.1747339E-04   0.6110330E-04   0.7857669E-04
    20950.00  0.1715610E-04   0.6070275E-04   0.7785885E-04
    21050.00  0.1684451E-04   0.6030651E-04   0.7715102E-04
    21150.00  0.1651719E-04   0.5991453E-04   0.7643172E-04
    21250.00  0.1622646E-04   0.5952673E-04   0.7575319E-04
    21350.00  0.1593834E-04   0.5914306E-04   0.7508140E-04
    21450.00  0.1565475E-04   0.5876346E-04   0.7441821E-04
    21550.00  0.1535822E-04   0.5838454E-04   0.7374276E-04
    21650.00  0.1480057E-04   0.5801294E-04   0.7281351E-04
    21750.00  0.1479295E-04   0.5764524E-04   0.7243819E-04
    21850.00  0.1457085E-04   0.5728138E-04   0.7185223E-04
    21950.00  0.1432434E-04   0.5692130E-04   0.7124564E-04
    22050.00  0.1407464E-04   0.5656496E-04   0.7063960E-04
    22150.00  0.1382725E-04   0.5621229E-04   0.7003954E-04
    22250.00  0.1358178E-04   0.5580919E-04   0.6939097E-04
    22350.00  0.1335308E-04   0.5546429E-04   0.6881737E-04
    22450.00  0.1312531E-04   0.5512291E-04   0.6824822E-04
    22550.00  0.1289989E-04   0.5478499E-04   0.6768488E-04
    22650.00  0.1267694E-04   0.5445050E-04   0.6712744E-04
    22750.00  0.1246298E-04   0.5411939E-04   0.6658237E-04
    22850.00  0.1228260E-04   0.4931783E-04   0.6160043E-04
    22950.00  0.1207745E-04   0.4900955E-04   0.6108700E-04
    23050.00  0.1187761E-04   0.4872034E-04   0.6059795E-04
    23150.00  0.1167903E-04   0.4843400E-04   0.6011303E-04
    23250.00  0.1147947E-04   0.4815049E-04   0.5962996E-04
    23350.00  0.1129381E-04   0.4786976E-04   0.5916357E-04
    23450.00  0.1110897E-04   0.4759177E-04   0.5870074E-04
    23550.00  0.1092613E-04   0.4731651E-04   0.5824264E-04
    23650.00  0.1074431E-04   0.4704391E-04   0.5778822E-04
    23750.00  0.1056820E-04   0.4677396E-04   0.5734216E-04
    23850.00  0.1039913E-04   0.4650661E-04   0.5690574E-04
    23950.00  0.1023258E-04   0.4624183E-04   0.5647441E-04
    24050.00  0.1006614E-04   0.4597959E-04   0.5604573E-04
    24150.00  0.9899275E-05   0.4571985E-04   0.5561912E-04
    24250.00  0.9754812E-05   0.4546258E-04   0.5521739E-04
    24350.00  0.9588499E-05   0.4520775E-04   0.5479625E-04
    24450.00  0.9435620E-05   0.4495532E-04   0.5439094E-04
    24550.00  0.9305483E-05   0.4470527E-04   0.5401075E-04
    24650.00  0.9145547E-05   0.4445756E-04   0.5360311E-04
    24750.00  0.8997112E-05   0.4421217E-04   0.5320928E-04
    24850.00  0.8883888E-05   0.4396906E-04   0.5285294E-04
    24950.00  0.8702434E-05   0.4372820E-04   0.5243063E-04
    25050.00  0.8629780E-05   0.4348957E-04   0.5211935E-04
    25150.00  0.8485868E-05   0.4325314E-04   0.5173901E-04
    25250.00  0.8295465E-05   0.4301888E-04   0.5131434E-04
    25350.00  0.8222529E-05   0.4278676E-04   0.5100929E-04
    25450.00  0.8109365E-05   0.4255675E-04   0.5066612E-04
    25550.00  0.7975545E-05   0.4232884E-04   0.5030438E-04
    25650.00  0.7795198E-05   0.4210298E-04   0.4989818E-04
    25750.00  0.7737381E-05   0.4187917E-04   0.4961655E-04
    25850.00  0.7632619E-05   0.4165737E-04   0.4928998E-04
    25950.00  0.7518465E-05   0.4143755E-04   0.4895601E-04
    26050.00  0.7386292E-05   0.4121969E-04   0.4860599E-04
    26150.00  0.7213290E-05   0.4100378E-04   0.4821707E-04
    26250.00  0.7040382E-05   0.4078978E-04   0.4783016E-04
    26350.00  0.7066575E-05   0.4057766E-04   0.4764424E-04
    26450.00  0.6982048E-05   0.4036742E-04   0.4734947E-04
    26550.00  0.6878790E-05   0.4015902E-04   0.4703781E-04
    26650.00  0.6767184E-05   0.3995245E-04   0.4671963E-04
    26750.00  0.6598494E-05   0.3974768E-04   0.4634617E-04
    26850.00  0.6573515E-05   0.3954468E-04   0.4611820E-04
    26950.00  0.6493551E-05   0.3934345E-04   0.4583700E-04
    27050.00  0.6402245E-05   0.3914395E-04   0.4554619E-04
    27150.00  0.6310330E-05   0.3894617E-04   0.4525650E-04
    27250.00  0.6219029E-05   0.3875008E-04   0.4496911E-04
    27350.00  0.6131709E-05   0.3855567E-04   0.4468738E-04
    27450.00  0.6039950E-05   0.3836292E-04   0.4440287E-04
    27550.00  0.5886463E-05   0.3817180E-04   0.4405827E-04
    27650.00  0.5848532E-05   0.3761508E-04   0.4346361E-04
    27750.00  0.5790758E-05   0.3742939E-04   0.4322015E-04
    27850.00  0.5715050E-05   0.3724527E-04   0.4296032E-04
    27950.00  0.5637130E-05   0.3706269E-04   0.4269982E-04
    28050.00  0.5559324E-05   0.3688164E-04   0.4244096E-04
    28150.00  0.5482167E-05   0.3670209E-04   0.4218425E-04
    28250.00  0.5405345E-05   0.3652403E-04   0.4192937E-04
    28350.00  0.5332833E-05   0.3634744E-04   0.4168028E-04
    28450.00  0.5260405E-05   0.3617231E-04   0.4143272E-04
    28550.00  0.5186276E-05   0.3599862E-04   0.4118490E-04
    28650.00  0.5098659E-05   0.3582635E-04   0.4092501E-04
    28750.00  0.4970872E-05   0.3565549E-04   0.4062636E-04
    28850.00  0.4973644E-05   0.3548602E-04   0.4045967E-04
    28950.00  0.4914780E-05   0.3531793E-04   0.4023271E-04
    29050.00  0.4850237E-05   0.3515119E-04   0.4000143E-04
    29150.00  0.4785276E-05   0.3498580E-04   0.3977108E-04
    29250.00  0.4720492E-05   0.3482174E-04   0.3954223E-04
    29350.00  0.4659532E-05   0.3465900E-04   0.3931853E-04
    29450.00  0.4598702E-05   0.3449755E-04   0.3909625E-04
    29550.00  0.4538454E-05   0.3433739E-04   0.3887585E-04
    29650.00  0.4478276E-05   0.3417850E-04   0.3865678E-04
    29750.00  0.4419007E-05   0.3401956E-04   0.3843856E-04
    29850.00  0.4362489E-05   0.3386317E-04   0.3822566E-04
    29950.00  0.4306540E-05   0.3370801E-04   0.3801455E-04
    30050.00  0.4250656E-05   0.3355408E-04   0.3780473E-04
    30150.00  0.4194749E-05   0.3340134E-04   0.3759609E-04
    30250.00  0.4136050E-05   0.3324980E-04   0.3738585E-04
    30350.00  0.4033632E-05   0.3309943E-04   0.3713307E-04
    30450.00  0.4006022E-05   0.3295023E-04   0.3695626E-04
    30550.00  0.3982480E-05   0.3280219E-04   0.3678467E-04
    30650.00  0.3934308E-05   0.3265528E-04   0.3658959E-04
    30750.00  0.3884117E-05   0.3250950E-04   0.3639362E-04
    30850.00  0.3836261E-05   0.3236484E-04   0.3620110E-04
    30950.00  0.3788489E-05   0.3222129E-04   0.3600978E-04
    31050.00  0.3741098E-05   0.3207882E-04   0.3581992E-04
    31150.00  0.3693708E-05   0.3193744E-04   0.3563115E-04
    31250.00  0.3647318E-05   0.3179713E-04   0.3544445E-04
    31350.00  0.3602820E-05   0.3165724E-04   0.3526006E-04
    31450.00  0.3558559E-05   0.3151904E-04   0.3507760E-04
    31550.00  0.3514660E-05   0.3138188E-04   0.3489654E-04
    31650.00  0.3471324E-05   0.3124575E-04   0.3471707E-04
    31750.00  0.3427963E-05   0.3111063E-04   0.3453859E-04
    31850.00  0.3387025E-05   0.3097652E-04   0.3436354E-04
    31950.00  0.3346530E-05   0.3084340E-04   0.3418993E-04
    32100.00  0.3285964E-05   0.3063460E-04   0.3392056E-04
    32300.00  0.3206310E-05   0.3037437E-04   0.3358068E-04
    32500.00  0.3130111E-05   0.3011794E-04   0.3324805E-04
    32700.00  0.3056939E-05   0.2986522E-04   0.3292216E-04
    32900.00  0.2953144E-05   0.2835226E-04   0.3130541E-04
    33100.00  0.2906989E-05   0.2811663E-04   0.3102362E-04
    33300.00  0.2844106E-05   0.2788771E-04   0.3073182E-04
    33500.00  0.2778753E-05   0.2766202E-04   0.3044077E-04
    33700.00  0.2716425E-05   0.2743950E-04   0.3015592E-04
    33900.00  0.2655003E-05   0.2722008E-04   0.2987508E-04
    34100.00  0.2594224E-05   0.2700370E-04   0.2959793E-04
    34300.00  0.2534473E-05   0.2679032E-04   0.2932479E-04
    34500.00  0.2474991E-05   0.2657986E-04   0.2905485E-04
    34700.00  0.2420351E-05   0.2637227E-04   0.2879262E-04
    34900.00  0.2365918E-05   0.2616751E-04   0.2853342E-04
    35100.00  0.2313526E-05   0.2596550E-04   0.2827903E-04
    35300.00  0.2262599E-05   0.2576622E-04   0.2802881E-04
    35500.00  0.2211846E-05   0.2556959E-04   0.2778144E-04
    35700.00  0.2164470E-05   0.2537558E-04   0.2754005E-04
    35900.00  0.2120552E-05   0.2518413E-04   0.2730469E-04
    36100.00  0.2071871E-05   0.2499520E-04   0.2706708E-04
    36300.00  0.2029649E-05   0.2480875E-04   0.2683840E-04
    36500.00  0.1981432E-05   0.2462472E-04   0.2660615E-04
    36700.00  0.1944406E-05   0.2444307E-04   0.2638748E-04
    36900.00  0.1898799E-05   0.2426377E-04   0.2616257E-04
    37100.00  0.1862558E-05   0.2408676E-04   0.2594932E-04
    37300.00  0.1814522E-05   0.2391201E-04   0.2572653E-04
    37500.00  0.1766883E-05   0.2373948E-04   0.2550636E-04
    37700.00  0.1748666E-05   0.2356912E-04   0.2531779E-04
    37900.00  0.1713975E-05   0.2340090E-04   0.2511488E-04
    38100.00  0.1674198E-05   0.2323479E-04   0.2490899E-04
    38300.00  0.1640771E-05   0.2307074E-04   0.2471151E-04
    38500.00  0.1609824E-05   0.2290872E-04   0.2451855E-04
    38700.00  0.1578202E-05   0.2263450E-04   0.2421270E-04
    38900.00  0.1545613E-05   0.2247748E-04   0.2402309E-04
    39100.00  0.1508447E-05   0.2232237E-04   0.2383082E-04
    39300.00  0.1484757E-05   0.2216915E-04   0.2365390E-04
    39500.00  0.1455053E-05   0.2201777E-04   0.2347282E-04
    39700.00  0.1427084E-05   0.2186821E-04   0.2329529E-04
    39900.00  0.1399393E-05   0.2172043E-04   0.2311983E-04
    40100.00  0.1367952E-05   0.2157442E-04   0.2294237E-04
    40300.00  0.1338217E-05   0.2143013E-04   0.2276835E-04
    40500.00  0.1304508E-05   0.2128754E-04   0.2259205E-04
    40700.00  0.1292579E-05   0.2114663E-04   0.2243921E-04
    40900.00  0.1268896E-05   0.2100736E-04   0.2227625E-04
    41100.00  0.1244624E-05   0.2086938E-04   0.2211401E-04
    41300.00  0.1220349E-05   0.2073332E-04   0.2195367E-04
    41500.00  0.1196073E-05   0.2059883E-04   0.2179490E-04
    41700.00  0.1166580E-05   0.2046587E-04   0.2163245E-04
    41900.00  0.1152191E-05   0.2033443E-04   0.2148662E-04
    42100.00  0.1131558E-05   0.2020448E-04   0.2133604E-04
    42300.00  0.1110351E-05   0.2007600E-04   0.2118635E-04
    42500.00  0.1089086E-05   0.1994896E-04   0.2103805E-04
    42700.00  0.1069673E-05   0.1982334E-04   0.2089302E-04
    42900.00  0.1049704E-05   0.1969913E-04   0.2074883E-04
    43100.00  0.1030839E-05   0.1957611E-04   0.2060695E-04
    43300.00  0.1011829E-05   0.1945464E-04   0.2046647E-04
    43500.00  0.9924667E-06   0.1933449E-04   0.2032696E-04
    43700.00  0.9681042E-06   0.1921567E-04   0.2018377E-04
    43900.00  0.9558260E-06   0.1909530E-04   0.2005112E-04
    44100.00  0.9406857E-06   0.1897907E-04   0.1991976E-04
    44300.00  0.9238176E-06   0.1886411E-04   0.1978792E-04
    44500.00  0.9070679E-06   0.1875037E-04   0.1965744E-04
    44700.00  0.8919593E-06   0.1853986E-04   0.1943182E-04
    44900.00  0.8765817E-06   0.1809471E-04   0.1897130E-04
    45100.00  0.8612101E-06   0.1798804E-04   0.1884925E-04
    45300.00  0.8459754E-06   0.1788249E-04   0.1872847E-04
    45500.00  0.8309586E-06   0.1777805E-04   0.1860901E-04
    45700.00  0.8170258E-06   0.1767469E-04   0.1849172E-04
    45900.00  0.8030286E-06   0.1757241E-04   0.1837544E-04
    46100.00  0.7892415E-06   0.1747119E-04   0.1826043E-04
    46300.00  0.7751691E-06   0.1737101E-04   0.1814618E-04
    46500.00  0.7529810E-06   0.1727186E-04   0.1802484E-04
    46700.00  0.7419019E-06   0.1717371E-04   0.1791562E-04
    46900.00  0.7358527E-06   0.1707657E-04   0.1781242E-04
    47100.00  0.7248346E-06   0.1698041E-04   0.1770525E-04
    47300.00  0.7127740E-06   0.1688522E-04   0.1759800E-04
    47500.00  0.7006183E-06   0.1679099E-04   0.1749161E-04
    47700.00  0.6893076E-06   0.1669770E-04   0.1738701E-04
    47900.00  0.6780983E-06   0.1660534E-04   0.1728344E-04
    48100.00  0.6669089E-06   0.1651389E-04   0.1718080E-04
    48300.00  0.6559052E-06   0.1642335E-04   0.1707926E-04
    48500.00  0.6449791E-06   0.1633370E-04   0.1697868E-04
    48700.00  0.6348637E-06   0.1624493E-04   0.1687979E-04
    48900.00  0.6248680E-06   0.1615702E-04   0.1678189E-04
    49100.00  0.6149841E-06   0.1606997E-04   0.1668496E-04
    49300.00  0.6051472E-06   0.1598377E-04   0.1658891E-04
    49500.00  0.5954179E-06   0.1589839E-04   0.1649381E-04
    49700.00  0.5857165E-06   0.1581383E-04   0.1639955E-04
    49900.00  0.5761954E-06   0.1573008E-04   0.1630628E-04
    50100.00  0.5689869E-06   0.1564713E-04   0.1621612E-04
    50300.00  0.5641108E-06   0.1556497E-04   0.1612908E-04
    50500.00  0.5592702E-06   0.1548358E-04   0.1604285E-04
    50700.00  0.5545662E-06   0.1540296E-04   0.1595753E-04
    50900.00  0.5499358E-06   0.1532310E-04   0.1587304E-04
    51100.00  0.5446082E-06   0.1524398E-04   0.1578859E-04
    51300.00  0.5353034E-06   0.1516560E-04   0.1570091E-04
    51500.00  0.5359390E-06   0.1504587E-04   0.1558181E-04
    51700.00  0.5321229E-06   0.1496923E-04   0.1550135E-04
    51900.00  0.5277980E-06   0.1489330E-04   0.1542109E-04
    52100.00  0.5235974E-06   0.1481806E-04   0.1534165E-04
    52300.00  0.5194180E-06   0.1474350E-04   0.1526292E-04
    52500.00  0.5153334E-06   0.1466963E-04   0.1518496E-04
    52700.00  0.5113054E-06   0.1459642E-04   0.1510773E-04
    52900.00  0.5072790E-06   0.1452388E-04   0.1503116E-04
    53100.00  0.5033776E-06   0.1445199E-04   0.1495536E-04
    53300.00  0.4994900E-06   0.1438074E-04   0.1488023E-04
    53500.00  0.4956829E-06   0.1431012E-04   0.1480581E-04
    53700.00  0.4919405E-06   0.1424014E-04   0.1473208E-04
    53900.00  0.4882330E-06   0.1417077E-04   0.1465900E-04
    54100.00  0.4845610E-06   0.1410202E-04   0.1458658E-04
    54300.00  0.4809323E-06   0.1403377E-04   0.1451470E-04
    54500.00  0.4774008E-06   0.1396621E-04   0.1444361E-04
    54700.00  0.4738660E-06   0.1389925E-04   0.1437312E-04
    54900.00  0.4704061E-06   0.1383287E-04   0.1430327E-04
    55100.00  0.4669971E-06   0.1376706E-04   0.1423406E-04
    55300.00  0.4636415E-06   0.1370182E-04   0.1416546E-04
    55500.00  0.4602861E-06   0.1363714E-04   0.1409743E-04
    55700.00  0.4570241E-06   0.1357302E-04   0.1403004E-04
    55900.00  0.4537622E-06   0.1350944E-04   0.1396321E-04
    56100.00  0.4505724E-06   0.1344641E-04   0.1389698E-04
    56300.00  0.4474127E-06   0.1338391E-04   0.1383132E-04
    56500.00  0.4443028E-06   0.1332189E-04   0.1376620E-04
    56700.00  0.4412077E-06   0.1326044E-04   0.1370164E-04
    56900.00  0.4381615E-06   0.1319950E-04   0.1363766E-04
    57100.00  0.4351679E-06   0.1313907E-04   0.1357423E-04
    57300.00  0.4321934E-06   0.1307914E-04   0.1351133E-04
    57500.00  0.4292615E-06   0.1301884E-04   0.1344810E-04
    57700.00  0.4263674E-06   0.1295992E-04   0.1338628E-04
    57900.00  0.4235034E-06   0.1290147E-04   0.1332498E-04
    58100.00  0.4206685E-06   0.1284351E-04   0.1326418E-04
    58300.00  0.4178615E-06   0.1278602E-04   0.1320389E-04
    58500.00  0.4152140E-06   0.1255831E-04   0.1297352E-04
    58700.00  0.4124256E-06   0.1250252E-04   0.1291494E-04
    58900.00  0.4092202E-06   0.1244749E-04   0.1285671E-04
    59100.00  0.4036290E-06   0.1239291E-04   0.1279654E-04
    59300.00  0.4041155E-06   0.1233876E-04   0.1274288E-04
    59500.00  0.4018034E-06   0.1228505E-04   0.1268685E-04
    59700.00  0.3992559E-06   0.1223176E-04   0.1263102E-04
    59900.00  0.3966898E-06   0.1217890E-04   0.1257559E-04
    60100.00  0.3941579E-06   0.1212645E-04   0.1252061E-04
    60300.00  0.3916574E-06   0.1207442E-04   0.1246608E-04
    60500.00  0.3891734E-06   0.1202280E-04   0.1241197E-04
    60700.00  0.3867268E-06   0.1197158E-04   0.1235831E-04
    60900.00  0.3843024E-06   0.1192076E-04   0.1230506E-04
    61100.00  0.3818843E-06   0.1187034E-04   0.1225222E-04
    61300.00  0.3795171E-06   0.1182031E-04   0.1219982E-04
    61500.00  0.3771665E-06   0.1177066E-04   0.1214783E-04
    61700.00  0.3748371E-06   0.1172140E-04   0.1209624E-04
    61900.00  0.3725281E-06   0.1167251E-04   0.1204504E-04
    62100.00  0.3702459E-06   0.1162400E-04   0.1199425E-04
    62300.00  0.3679833E-06   0.1157586E-04   0.1194385E-04
    62500.00  0.3657554E-06   0.1152809E-04   0.1189384E-04
    62700.00  0.3635397E-06   0.1148068E-04   0.1184422E-04
    62900.00  0.3613388E-06   0.1143362E-04   0.1179496E-04
    63100.00  0.3591650E-06   0.1138692E-04   0.1174609E-04
    63300.00  0.3570178E-06   0.1134057E-04   0.1169759E-04
    63500.00  0.3548741E-06   0.1129457E-04   0.1164945E-04
    63700.00  0.3527627E-06   0.1124891E-04   0.1160167E-04
    63900.00  0.3506729E-06   0.1120359E-04   0.1155426E-04
    64200.00  0.3475615E-06   0.1113624E-04   0.1148380E-04
    64600.00  0.3434769E-06   0.1104759E-04   0.1139107E-04
    65000.00  0.3394666E-06   0.1096024E-04   0.1129971E-04
    65400.00  0.3355339E-06   0.1087416E-04   0.1120969E-04
    65800.00  0.3316601E-06   0.1078931E-04   0.1112097E-04
    66200.00  0.3278398E-06   0.1068817E-04   0.1101601E-04
    66600.00  0.3240863E-06   0.1060593E-04   0.1093002E-04
    67000.00  0.3203925E-06   0.1052486E-04   0.1084525E-04
    67400.00  0.3167618E-06   0.1044492E-04   0.1076168E-04
    67800.00  0.3131818E-06   0.1036610E-04   0.1067929E-04
    68200.00  0.3096527E-06   0.1028838E-04   0.1059803E-04
    68600.00  0.3061814E-06   0.1021173E-04   0.1051792E-04
    69000.00  0.3027591E-06   0.1013614E-04   0.1043890E-04
    69400.00  0.2993748E-06   0.1006154E-04   0.1036092E-04
    69800.00  0.2960414E-06   0.9987989E-05   0.1028403E-04
    70200.00  0.2927556E-06   0.9915429E-05   0.1020818E-04
    70600.00  0.2895129E-06   0.9843843E-05   0.1013336E-04
    71000.00  0.2863122E-06   0.9773212E-05   0.1005952E-04
    71400.00  0.2831538E-06   0.9703517E-05   0.9986671E-05
    71800.00  0.2800370E-06   0.9634722E-05   0.9914759E-05
    72200.00  0.2769527E-06   0.9566848E-05   0.9843800E-05
    72600.00  0.2739006E-06   0.9499858E-05   0.9773758E-05
    73000.00  0.2708897E-06   0.9433413E-05   0.9704302E-05
    73400.00  0.2679113E-06   0.9368154E-05   0.9636065E-05
    73800.00  0.2649697E-06   0.9303731E-05   0.9568701E-05
    74200.00  0.2619845E-06   0.9165086E-05   0.9427071E-05
    74600.00  0.2583114E-06   0.9103048E-05   0.9361359E-05
    75000.00  0.2554626E-06   0.9041789E-05   0.9297252E-05
    75400.00  0.2534619E-06   0.8981297E-05   0.9234759E-05
    75800.00  0.2507209E-06   0.8921558E-05   0.9172279E-05
    76200.00  0.2479526E-06   0.8862557E-05   0.9110510E-05
    76600.00  0.2452160E-06   0.8804282E-05   0.9049498E-05
    77000.00  0.2425052E-06   0.8746721E-05   0.8989226E-05
    77400.00  0.2398177E-06   0.8689860E-05   0.8929678E-05
    77800.00  0.2371571E-06   0.8633688E-05   0.8870845E-05
    78200.00  0.2345173E-06   0.8578192E-05   0.8812710E-05
    78600.00  0.2319013E-06   0.8523362E-05   0.8755263E-05
    79000.00  0.2293104E-06   0.8469185E-05   0.8698495E-05
    79400.00  0.2267386E-06   0.8415650E-05   0.8642388E-05
    79800.00  0.2241843E-06   0.8362746E-05   0.8586930E-05
    80200.00  0.2216518E-06   0.8310463E-05   0.8532115E-05
    80600.00  0.2191390E-06   0.8258791E-05   0.8477930E-05
    81000.00  0.2166448E-06   0.8207719E-05   0.8424364E-05
    81400.00  0.2141706E-06   0.8157237E-05   0.8371407E-05
    81800.00  0.2117150E-06   0.8107335E-05   0.8319050E-05
    82200.00  0.2092751E-06   0.8058004E-05   0.8267279E-05
    82600.00  0.2068536E-06   0.8001164E-05   0.8208018E-05
    83000.00  0.2044507E-06   0.7953021E-05   0.8157472E-05
    83400.00  0.2020571E-06   0.7905420E-05   0.8107477E-05
    83800.00  0.1996828E-06   0.7858353E-05   0.8058036E-05
    84200.00  0.1973253E-06   0.7811810E-05   0.8009136E-05
    84600.00  0.1949817E-06   0.7765784E-05   0.7960766E-05
    85000.00  0.1926512E-06   0.7720267E-05   0.7912918E-05
    85400.00  0.1903347E-06   0.7675249E-05   0.7865584E-05
    85800.00  0.1880331E-06   0.7630724E-05   0.7818757E-05
    86200.00  0.1857477E-06   0.7586672E-05   0.7772420E-05
    86600.00  0.1834687E-06   0.7543109E-05   0.7726577E-05
    87000.00  0.1812064E-06   0.7500015E-05   0.7681222E-05
    87400.00  0.1789544E-06   0.7457384E-05   0.7636338E-05
    87800.00  0.1767149E-06   0.7415208E-05   0.7591922E-05
    88200.00  0.1744864E-06   0.7373480E-05   0.7547966E-05
    88600.00  0.1722681E-06   0.7332193E-05   0.7504461E-05
    89000.00  0.1700614E-06   0.7291333E-05   0.7461394E-05
    89400.00  0.1678671E-06   0.7250911E-05   0.7418778E-05
    89800.00  0.1656791E-06   0.7210910E-05   0.7376589E-05
    90200.00  0.1635038E-06   0.7171191E-05   0.7334694E-05
    90600.00  0.1613383E-06   0.7132011E-05   0.7293349E-05
    91000.00  0.1591836E-06   0.7093234E-05   0.7252417E-05
    91400.00  0.1570366E-06   0.7018721E-05   0.7175758E-05
    91800.00  0.1548999E-06   0.6980991E-05   0.7135891E-05
    92200.00  0.1527702E-06   0.6943687E-05   0.7096457E-05
    92600.00  0.1506497E-06   0.6906759E-05   0.7057409E-05
    93000.00  0.1485388E-06   0.6870201E-05   0.7018740E-05
    93400.00  0.1464329E-06   0.6834009E-05   0.6980442E-05
    93800.00  0.1443357E-06   0.6798177E-05   0.6942513E-05
    94200.00  0.1422475E-06   0.6762700E-05   0.6904947E-05
    94600.00  0.1401672E-06   0.6727572E-05   0.6867739E-05
    95000.00  0.1380954E-06   0.6692789E-05   0.6830884E-05
    95400.00  0.1360292E-06   0.6658346E-05   0.6794375E-05
    95800.00  0.1339688E-06   0.6624238E-05   0.6758207E-05
    96200.00  0.1319167E-06   0.6590461E-05   0.6722377E-05
    96600.00  0.1298713E-06   0.6557009E-05   0.6686880E-05
    97000.00  0.1278320E-06   0.6523879E-05   0.6651711E-05
    97400.00  0.1257986E-06   0.6491065E-05   0.6616864E-05
    97800.00  0.1237718E-06   0.6458564E-05   0.6582336E-05
    98200.00  0.1217529E-06   0.6426371E-05   0.6548124E-05
    98600.00  0.1197367E-06   0.6394481E-05   0.6514218E-05
    99000.00  0.1177264E-06   0.6362892E-05   0.6480618E-05
    99400.00  0.1157230E-06   0.6331598E-05   0.6447321E-05
    99800.00  0.1137250E-06   0.6300596E-05   0.6414321E-05
   100200.00  0.1117325E-06   0.1424696E-05   0.1536429E-05
   200000.00  0.5099438E-08   0.3576002E-06   0.3626997E-06
   400000.00  0.3713012E-09   0.8940006E-07   0.8977136E-07
   600000.00  0.2924765E-10   0.3973336E-07   0.3976261E-07
   800000.00  0.1333867E-10   0.2235001E-07   0.2236335E-07
  1000000.00  0.3860617E-11   0.1430401E-07   0.1430787E-07
  1200000.00  0.2960965E-11   0.9933340E-08   0.9936301E-08
  1400000.00  0.2553737E-11   0.7297964E-08   0.7300518E-08
  1600000.00  0.2336035E-11   0.5587504E-08   0.5589840E-08
