       91.00  0.6766033E-17   0.0000000E+00   0.6766033E-17
       94.00  0.2368109E-16   0.0000000E+00   0.2368109E-16
       96.00  0.7780934E-16   0.0000000E+00   0.7780934E-16
       98.00  0.1420865E-15   0.0000000E+00   0.1420865E-15
      100.00  0.3619817E-15   0.0000000E+00   0.3619817E-15
      102.00  0.8626687E-15   0.0000000E+00   0.8626687E-15
      104.00  0.1941852E-14   0.0000000E+00   0.1941852E-14
      106.00  0.4150967E-14   0.0000000E+00   0.4150967E-14
      108.00  0.8785691E-14   0.0000000E+00   0.8785691E-14
      110.00  0.1930274E-13   0.0000000E+00   0.1930274E-13
      114.00  0.7467786E-13   0.0000000E+00   0.7467786E-13
      118.00  0.2601313E-12   0.0000000E+00   0.2601313E-12
      121.00  0.6461437E-12   0.0000000E+00   0.6461437E-12
      125.00  0.1834030E-11   0.0000000E+00   0.1834030E-11
      127.00  0.2611941E-11   0.0000000E+00   0.2611941E-11
      128.00  0.2995043E-11   0.0000000E+00   0.2995043E-11
      131.00  0.6462109E-11   0.0000000E+00   0.6462109E-11
      132.00  0.8163595E-11   0.0000000E+00   0.8163595E-11
      134.00  0.1310933E-10   0.0000000E+00   0.1310933E-10
      137.00  0.2674400E-10   0.0000000E+00   0.2674400E-10
      140.00  0.5146007E-10   0.0000000E+00   0.5146007E-10
      143.00  0.9277719E-10   0.0000000E+00   0.9277719E-10
      147.00  0.2079071E-09   0.0000000E+00   0.2079071E-09
      151.00  0.4326102E-09   0.0000000E+00   0.4326102E-09
      155.00  0.8833261E-09   0.0000000E+00   0.8833261E-09
      159.00  0.1619289E-08   0.0000000E+00   0.1619289E-08
      162.00  0.1224671E-08   0.0000000E+00   0.1224671E-08
      166.00  0.2231234E-08   0.0000000E+00   0.2231234E-08
      170.00  0.3867536E-08   0.0000000E+00   0.3867536E-08
      173.00  0.5603698E-08   0.0000000E+00   0.5603698E-08
      177.00  0.9304819E-08   0.0000000E+00   0.9304819E-08
      180.00  0.1324639E-07   0.0000000E+00   0.1324639E-07
      182.00  0.1667141E-07   0.0000000E+00   0.1667141E-07
      186.00  0.2622980E-07   0.0000000E+00   0.2622980E-07
      191.00  0.4487857E-07   0.0000000E+00   0.4487857E-07
      194.00  0.6005548E-07   0.0000000E+00   0.6005548E-07
      198.00  0.8903678E-07   0.0000000E+00   0.8903678E-07
      202.00  0.1262519E-06   0.0000000E+00   0.1262519E-06
      205.00  0.1707510E-06   0.0000000E+00   0.1707510E-06
      210.00  0.2678210E-06   0.0000000E+00   0.2678210E-06
      216.00  0.4403999E-06   0.0000000E+00   0.4403999E-06
      220.00  0.6017195E-06   0.0000000E+00   0.6017195E-06
      223.00  0.7414410E-06   0.0000000E+00   0.7414410E-06
      227.00  0.1014279E-05   0.0000000E+00   0.1014279E-05
      228.00  0.1097942E-05   0.0000000E+00   0.1097942E-05
      228.00  0.3108177E-05   0.0000000E+00   0.3108177E-05
      230.00  0.6649038E-05   0.0000000E+00   0.6649038E-05
      234.00  0.1373076E-04   0.0000000E+00   0.1373076E-04
      240.00  0.2317014E-04   0.0000000E+00   0.2317014E-04
      246.00  0.1206817E-04   0.0000000E+00   0.1206817E-04
      252.00  0.1805942E-03   0.0000000E+00   0.1805942E-03
      257.00  0.3681162E-03   0.0000000E+00   0.3681162E-03
      260.00  0.5264302E-04   0.0000000E+00   0.5264302E-04
      264.00  0.3174906E-02   0.0000000E+00   0.3174906E-02
      269.00  0.1765933E-02   0.0000000E+00   0.1765933E-02
      274.00  0.2017848E-02   0.0000000E+00   0.2017848E-02
      279.00  0.3351786E-04   0.0000000E+00   0.3351786E-04
      284.00  0.4397543E-03   0.0000000E+00   0.4397543E-03
      290.00  0.3152596E-02   0.0000000E+00   0.3152596E-02
      296.00  0.3669110E-02   0.0000000E+00   0.3669110E-02
      301.00  0.3639184E-03   0.0000000E+00   0.3639184E-03
      308.00  0.3222916E-02   0.0000000E+00   0.3222916E-02
      318.00  0.8031538E-02   0.0000000E+00   0.8031538E-02
      328.00  0.1837547E-02   0.0000000E+00   0.1837547E-02
      338.00  0.3389183E-02   0.0000000E+00   0.3389183E-02
      348.00  0.1217586E-02   0.0000000E+00   0.1217586E-02
      353.30  0.1217586E-02   0.0000000E+00   0.1217586E-02
      353.30  0.4650200E-02   0.0000000E+00   0.4650200E-02
      357.00  0.1471277E-02   0.0000000E+00   0.1471277E-02
      366.00  0.7829122E-02   0.0000000E+00   0.7829122E-02
      375.00  0.6759702E-02   0.0000000E+00   0.6759702E-02
      385.00  0.5282940E-02   0.0000000E+00   0.5282940E-02
      395.00  0.2776282E-02   0.0000000E+00   0.2776282E-02
      405.00  0.9100086E-02   0.0000000E+00   0.9100086E-02
      414.00  0.9523650E-02   0.0000000E+00   0.9523650E-02
      422.00  0.6796603E-02   0.0000000E+00   0.6796603E-02
      430.00  0.9549936E-02   0.0000000E+00   0.9549936E-02
      441.00  0.9699878E-02   0.0000000E+00   0.9699878E-02
      451.00  0.6951882E-02   0.0000000E+00   0.6951882E-02
      460.00  0.1017775E-01   0.0000000E+00   0.1017775E-01
      470.00  0.1137032E-01   0.0000000E+00   0.1137032E-01
      480.00  0.1111156E-01   0.0000000E+00   0.1111156E-01
      490.00  0.9086778E-02   0.0000000E+00   0.9086778E-02
      500.00  0.1268787E-01   0.0000000E+00   0.1268787E-01
      504.60  0.1570355E-01   0.0000000E+00   0.1570355E-01
      504.60  0.2552212E-01   0.0000000E+00   0.2552212E-01
      506.00  0.2426348E-01   0.0000000E+00   0.2426348E-01
      512.00  0.2048755E-01   0.0000000E+00   0.2048755E-01
      520.00  0.2577402E-01   0.0000000E+00   0.2577402E-01
      530.00  0.1720106E-01   0.0000000E+00   0.1720106E-01
      540.00  0.1311573E-01   0.0000000E+00   0.1311573E-01
      550.00  0.2533424E-01   0.0000000E+00   0.2533424E-01
      560.00  0.2618935E-01   0.0000000E+00   0.2618935E-01
      570.00  0.2726535E-01   0.0000000E+00   0.2726535E-01
      580.00  0.1795961E-01   0.0000000E+00   0.1795961E-01
      590.00  0.2704027E-01   0.0000000E+00   0.2704027E-01
      600.00  0.1779730E-01   0.0000000E+00   0.1779730E-01
      610.00  0.2364223E-01   0.0000000E+00   0.2364223E-01
      620.00  0.2643819E-01   0.0000000E+00   0.2643819E-01
      630.00  0.2474229E-01   0.0000000E+00   0.2474229E-01
      640.00  0.2266831E-01   0.0000000E+00   0.2266831E-01
      650.00  0.2389991E-01   0.0000000E+00   0.2389991E-01
      658.00  0.2061921E-01   0.0000000E+00   0.2061921E-01
      665.00  0.1806960E-01   0.0000000E+00   0.1806960E-01
      675.00  0.2604054E-01   0.0000000E+00   0.2604054E-01
      685.00  0.2388106E-01   0.0000000E+00   0.2388106E-01
      695.00  0.2149117E-01   0.0000000E+00   0.2149117E-01
      705.00  0.2810870E-01   0.0000000E+00   0.2810870E-01
      716.00  0.2591451E-01   0.0000000E+00   0.2591451E-01
      726.00  0.2583483E-01   0.0000000E+00   0.2583483E-01
      735.00  0.2574149E-01   0.0000000E+00   0.2574149E-01
      745.00  0.2569265E-01   0.0000000E+00   0.2569265E-01
      755.00  0.2556979E-01   0.0000000E+00   0.2556979E-01
      765.00  0.2653030E-01   0.0000000E+00   0.2653030E-01
      775.00  0.2524808E-01   0.0000000E+00   0.2524808E-01
      785.00  0.1115194E-01   0.0000000E+00   0.1115194E-01
      795.00  0.2535338E-01   0.0000000E+00   0.2535338E-01
      805.00  0.2525926E-01   0.0000000E+00   0.2525926E-01
      815.00  0.2492758E-01   0.0000000E+00   0.2492758E-01
      825.00  0.2509142E-01   0.0000000E+00   0.2509142E-01
      835.00  0.1881899E-01   0.0000000E+00   0.1881899E-01
      845.00  0.2492277E-01   0.0000000E+00   0.2492277E-01
      855.00  0.2399846E-01   0.0000000E+00   0.2399846E-01
      865.00  0.2476661E-01   0.0000000E+00   0.2476661E-01
      875.00  0.2466784E-01   0.0000000E+00   0.2466784E-01
      885.00  0.2451758E-01   0.0000000E+00   0.2451758E-01
      895.00  0.2446294E-01   0.0000000E+00   0.2446294E-01
      905.00  0.2433307E-01   0.0000000E+00   0.2433307E-01
      912.40  0.2418853E-01   0.1003943E-03   0.2428893E-01
      912.40  0.1415708E+00   0.1003949E-03   0.1416712E+00
      915.00  0.1321007E+00   0.1433336E-03   0.1322440E+00
      925.00  0.9567699E-01   0.1524314E-03   0.9582942E-01
      935.00  0.1331215E+00   0.1618548E-03   0.1332834E+00
      945.00  0.1193060E+00   0.1716026E-03   0.1194776E+00
      955.00  0.1269314E+00   0.1816735E-03   0.1271131E+00
      965.00  0.1255889E+00   0.1920656E-03   0.1257810E+00
      975.00  0.9638644E-01   0.2027764E-03   0.9658922E-01
      985.00  0.1217069E+00   0.2138033E-03   0.1219207E+00
      995.00  0.1191355E+00   0.2251429E-03   0.1193606E+00
     1005.00  0.1091600E+00   0.2367919E-03   0.1093968E+00
     1015.00  0.1133826E+00   0.2487464E-03   0.1136313E+00
     1025.00  0.1043045E+00   0.2610021E-03   0.1045655E+00
     1035.00  0.1090048E+00   0.2735546E-03   0.1092784E+00
     1045.00  0.1112330E+00   0.2864191E-03   0.1115194E+00
     1055.00  0.1090587E+00   0.2995741E-03   0.1093583E+00
     1065.00  0.1057136E+00   0.3130112E-03   0.1060266E+00
     1075.00  0.8937676E-01   0.3267246E-03   0.8970348E-01
     1085.00  0.9667908E-01   0.3407086E-03   0.9701979E-01
     1095.00  0.1007220E+00   0.3549571E-03   0.1010770E+00
     1105.00  0.9838481E-01   0.3694640E-03   0.9875427E-01
     1115.00  0.9548639E-01   0.3842224E-03   0.9587061E-01
     1125.00  0.6396792E-01   0.3992252E-03   0.6436715E-01
     1135.00  0.9272944E-01   0.4144665E-03   0.9314391E-01
     1145.00  0.9034774E-01   0.4299394E-03   0.9077768E-01
     1155.00  0.7101608E-01   0.4456370E-03   0.7146172E-01
     1165.00  0.7736666E-01   0.4615524E-03   0.7782821E-01
     1175.00  0.6493815E-01   0.4776783E-03   0.6541583E-01
     1185.00  0.8355105E-01   0.4940075E-03   0.8404506E-01
     1195.00  0.7898670E-01   0.5105330E-03   0.7949723E-01
     1205.00  0.7067833E-01   0.5272473E-03   0.7120558E-01
     1215.00  0.7026538E-01   0.5441433E-03   0.7080952E-01
     1225.00  0.7189940E-01   0.8630642E-03   0.7276246E-01
     1235.00  0.7251162E-01   0.1154155E-02   0.7366577E-01
     1245.00  0.7298974E-01   0.1404265E-02   0.7439401E-01
     1255.00  0.7067039E-01   0.1620510E-02   0.7229090E-01
     1265.00  0.7092065E-01   0.1808160E-02   0.7272881E-01
     1275.00  0.6991691E-01   0.1971383E-02   0.7188829E-01
     1285.00  0.6592640E-01   0.2113577E-02   0.6803998E-01
     1295.00  0.6363834E-01   0.2237573E-02   0.6587591E-01
     1305.00  0.6555703E-01   0.2345753E-02   0.6790278E-01
     1315.00  0.6365397E-01   0.2440147E-02   0.6609412E-01
     1325.00  0.6233944E-01   0.2522491E-02   0.6486193E-01
     1335.00  0.6185942E-01   0.2594282E-02   0.6445370E-01
     1345.00  0.5650296E-01   0.2656816E-02   0.5915978E-01
     1355.00  0.5985973E-01   0.2711218E-02   0.6257095E-01
     1365.00  0.5859639E-01   0.2758468E-02   0.6135486E-01
     1375.00  0.5733704E-01   0.2799425E-02   0.6013646E-01
     1385.00  0.5533603E-01   0.2834837E-02   0.5817087E-01
     1395.00  0.5266563E-01   0.2865366E-02   0.5553100E-01
     1405.00  0.5602118E-01   0.2891589E-02   0.5891277E-01
     1415.00  0.5273276E-01   0.2914017E-02   0.5564678E-01
     1425.00  0.5055665E-01   0.2933102E-02   0.5348975E-01
     1435.00  0.5082459E-01   0.2949241E-02   0.5377383E-01
     1442.00  0.5057462E-01   0.2958975E-02   0.5353360E-01
     1447.00  0.5011963E-01   0.2965211E-02   0.5308484E-01
     1455.00  0.4944926E-01   0.2974048E-02   0.5242331E-01
     1465.00  0.4824498E-01   0.2983303E-02   0.5122828E-01
     1475.00  0.4728682E-01   0.2990798E-02   0.5027762E-01
     1485.00  0.4605259E-01   0.2996748E-02   0.4904934E-01
     1495.00  0.4590028E-01   0.3001348E-02   0.4890163E-01
     1505.00  0.4478966E-01   0.3004768E-02   0.4779443E-01
     1512.00  0.4388810E-01   0.3006543E-02   0.4689464E-01
     1517.00  0.4368060E-01   0.3007529E-02   0.4668813E-01
     1525.00  0.4177569E-01   0.3008664E-02   0.4478435E-01
     1535.00  0.4185600E-01   0.3009395E-02   0.4486540E-01
     1545.00  0.2490658E-01   0.3009464E-02   0.2791604E-01
     1555.00  0.4129492E-01   0.3008927E-02   0.4430385E-01
     1565.00  0.3308354E-01   0.3007901E-02   0.3609144E-01
     1575.00  0.3937486E-01   0.3006465E-02   0.4238132E-01
     1585.00  0.3337557E-01   0.3004685E-02   0.3638026E-01
     1595.00  0.3824502E-01   0.3002622E-02   0.4124764E-01
     1605.00  0.3756309E-01   0.3000327E-02   0.4056342E-01
     1615.00  0.3693869E-01   0.2997848E-02   0.3993654E-01
     1625.00  0.3631683E-01   0.2995225E-02   0.3931206E-01
     1635.00  0.3574465E-01   0.2992462E-02   0.3873711E-01
     1645.00  0.3509992E-01   0.2989603E-02   0.3808952E-01
     1655.00  0.3445869E-01   0.2986696E-02   0.3744539E-01
     1665.00  0.3399126E-01   0.2983767E-02   0.3697503E-01
     1672.00  0.3346289E-01   0.2981715E-02   0.3644461E-01
     1677.00  0.3330376E-01   0.2980253E-02   0.3628401E-01
     1685.00  0.3287253E-01   0.2977927E-02   0.3585046E-01
     1695.00  0.3227308E-01   0.2975053E-02   0.3524813E-01
     1705.00  0.3170826E-01   0.2972228E-02   0.3468049E-01
     1715.00  0.3113935E-01   0.2969467E-02   0.3410882E-01
     1725.00  0.3061930E-01   0.2966779E-02   0.3358608E-01
     1735.00  0.3017934E-01   0.2964174E-02   0.3314351E-01
     1745.00  0.2966023E-01   0.2961659E-02   0.3262189E-01
     1755.00  0.2924584E-01   0.2959242E-02   0.3220508E-01
     1765.00  0.2860289E-01   0.2956927E-02   0.3155982E-01
     1775.00  0.2822912E-01   0.2954718E-02   0.3118384E-01
     1785.00  0.2780382E-01   0.2952620E-02   0.3075644E-01
     1795.00  0.2739680E-01   0.2950622E-02   0.3034742E-01
     1805.00  0.2698019E-01   0.2948731E-02   0.2992892E-01
     1815.00  0.2649237E-01   0.2946955E-02   0.2943933E-01
     1825.00  0.2610379E-01   0.2945294E-02   0.2904908E-01
     1835.00  0.2568959E-01   0.2943748E-02   0.2863334E-01
     1845.00  0.2516066E-01   0.2942317E-02   0.2810298E-01
     1855.00  0.2472749E-01   0.2941000E-02   0.2766849E-01
     1865.00  0.2439531E-01   0.2939796E-02   0.2733511E-01
     1875.00  0.2410521E-01   0.2938702E-02   0.2704391E-01
     1885.00  0.2359474E-01   0.2937718E-02   0.2653246E-01
     1895.00  0.2315367E-01   0.2936842E-02   0.2609051E-01
     1905.00  0.2293424E-01   0.2936071E-02   0.2587031E-01
     1915.00  0.2251068E-01   0.2935403E-02   0.2544608E-01
     1925.00  0.2215260E-01   0.2934836E-02   0.2508744E-01
     1935.00  0.2188870E-01   0.2934367E-02   0.2482307E-01
     1945.00  0.2161710E-01   0.2933976E-02   0.2455108E-01
     1955.00  0.2117113E-01   0.2933656E-02   0.2410479E-01
     1967.00  0.2090754E-01   0.2933384E-02   0.2384092E-01
     1976.00  0.2067961E-01   0.2933258E-02   0.2361287E-01
     1984.00  0.2036268E-01   0.2933200E-02   0.2329588E-01
     1995.00  0.1997575E-01   0.2933199E-02   0.2290895E-01
     2005.00  0.1974840E-01   0.2933276E-02   0.2268168E-01
     2015.00  0.1948944E-01   0.2933423E-02   0.2242286E-01
     2025.00  0.1924146E-01   0.2933637E-02   0.2217510E-01
     2035.00  0.1891225E-01   0.2933753E-02   0.2184600E-01
     2045.00  0.1864094E-01   0.2933860E-02   0.2157480E-01
     2055.00  0.1866446E-01   0.1860212E-02   0.2052467E-01
     2065.00  0.1843318E-01   0.1853577E-02   0.2028676E-01
     2074.00  0.1827603E-01   0.1847718E-02   0.2012375E-01
     2078.00  0.1809814E-01   0.1845149E-02   0.1994329E-01
     2085.00  0.1793415E-01   0.1840702E-02   0.1977485E-01
     2095.00  0.1764055E-01   0.1834457E-02   0.1947501E-01
     2105.00  0.1743945E-01   0.1828337E-02   0.1926779E-01
     2115.00  0.1720314E-01   0.1822339E-02   0.1902548E-01
     2125.00  0.1697900E-01   0.1816460E-02   0.1879546E-01
     2135.00  0.1672337E-01   0.1810698E-02   0.1853407E-01
     2145.00  0.1647702E-01   0.1805049E-02   0.1828207E-01
     2155.00  0.1626691E-01   0.1799511E-02   0.1806642E-01
     2165.00  0.1602534E-01   0.1794081E-02   0.1781942E-01
     2175.00  0.1579419E-01   0.1788757E-02   0.1758295E-01
     2185.00  0.1559288E-01   0.1783537E-02   0.1737642E-01
     2195.00  0.1539770E-01   0.1778418E-02   0.1717612E-01
     2205.00  0.1516884E-01   0.1773397E-02   0.1694224E-01
     2215.00  0.1495061E-01   0.1768472E-02   0.1671908E-01
     2225.00  0.1472527E-01   0.1763639E-02   0.1648891E-01
     2235.00  0.1455019E-01   0.1758897E-02   0.1630909E-01
     2245.00  0.1435331E-01   0.1754244E-02   0.1610755E-01
     2255.00  0.1414695E-01   0.1749677E-02   0.1589663E-01
     2265.00  0.1396053E-01   0.1745193E-02   0.1570572E-01
     2275.00  0.1377422E-01   0.1740791E-02   0.1551501E-01
     2285.00  0.1360467E-01   0.1736441E-02   0.1534111E-01
     2295.00  0.1339389E-01   0.1732138E-02   0.1512603E-01
     2305.00  0.1323932E-01   0.1727909E-02   0.1496723E-01
     2315.00  0.1305250E-01   0.1723750E-02   0.1477625E-01
     2325.00  0.1267622E-01   0.1719662E-02   0.1439588E-01
     2335.00  0.1269364E-01   0.1715640E-02   0.1440928E-01
     2345.00  0.1250005E-01   0.1711685E-02   0.1421173E-01
     2355.00  0.1237261E-01   0.1707793E-02   0.1408040E-01
     2365.00  0.1218557E-01   0.1703963E-02   0.1388953E-01
     2375.00  0.1204074E-01   0.1700193E-02   0.1374093E-01
     2385.00  0.1186019E-01   0.1696482E-02   0.1355667E-01
     2395.00  0.1172822E-01   0.1692827E-02   0.1342105E-01
     2405.00  0.1157254E-01   0.1689228E-02   0.1326177E-01
     2415.00  0.1142511E-01   0.1685682E-02   0.1311079E-01
     2425.00  0.1129636E-01   0.1682188E-02   0.1297855E-01
     2435.00  0.1114092E-01   0.1678744E-02   0.1281966E-01
     2445.00  0.1100725E-01   0.1675350E-02   0.1268260E-01
     2455.00  0.1087384E-01   0.1672003E-02   0.1254584E-01
     2465.00  0.1072294E-01   0.1668702E-02   0.1239164E-01
     2475.00  0.1059036E-01   0.1665447E-02   0.1225581E-01
     2485.00  0.1046447E-01   0.1662234E-02   0.1212670E-01
     2495.00  0.1029908E-01   0.1659064E-02   0.1195814E-01
     2505.00  0.1021206E-01   0.1655935E-02   0.1186800E-01
     2513.00  0.1008750E-01   0.1653460E-02   0.1174096E-01
     2518.00  0.1004256E-01   0.1651926E-02   0.1169449E-01
     2525.00  0.9941318E-02   0.1649795E-02   0.1159111E-01
     2535.00  0.9807845E-02   0.1646781E-02   0.1145463E-01
     2545.00  0.9690689E-02   0.1643803E-02   0.1133449E-01
     2555.00  0.9594173E-02   0.1640861E-02   0.1123503E-01
     2565.00  0.9470468E-02   0.1637952E-02   0.1110842E-01
     2575.00  0.9365746E-02   0.1635076E-02   0.1100082E-01
     2585.00  0.9254716E-02   0.1632232E-02   0.1088695E-01
     2595.00  0.9140477E-02   0.1629419E-02   0.1076990E-01
     2605.00  0.9023423E-02   0.1601011E-02   0.1062443E-01
     2615.00  0.8936044E-02   0.1598393E-02   0.1053444E-01
     2625.00  0.8833107E-02   0.1595804E-02   0.1042891E-01
     2635.00  0.8730271E-02   0.1593242E-02   0.1032351E-01
     2645.00  0.8654882E-02   0.1590708E-02   0.1024559E-01
     2655.00  0.8551599E-02   0.1588200E-02   0.1013980E-01
     2665.00  0.8439058E-02   0.1585717E-02   0.1002477E-01
     2675.00  0.8343672E-02   0.1583258E-02   0.9926930E-02
     2685.00  0.8255886E-02   0.1580823E-02   0.9836709E-02
     2695.00  0.8146950E-02   0.1578411E-02   0.9725361E-02
     2705.00  0.8060499E-02   0.1576021E-02   0.9636520E-02
     2715.00  0.7959926E-02   0.1573652E-02   0.9533578E-02
     2725.00  0.7856039E-02   0.1571304E-02   0.9427343E-02
     2735.00  0.7781028E-02   0.1568976E-02   0.9350004E-02
     2745.00  0.7667250E-02   0.1566667E-02   0.9233917E-02
     2755.00  0.7582340E-02   0.1564377E-02   0.9146717E-02
     2765.00  0.7500107E-02   0.1562104E-02   0.9062211E-02
     2775.00  0.7429944E-02   0.1559849E-02   0.8989793E-02
     2785.00  0.7343878E-02   0.1557611E-02   0.8901489E-02
     2795.00  0.7216796E-02   0.1555388E-02   0.8772184E-02
     2805.00  0.7157962E-02   0.1553181E-02   0.8711143E-02
     2815.00  0.7103840E-02   0.1550990E-02   0.8654830E-02
     2825.00  0.7011980E-02   0.1548812E-02   0.8560792E-02
     2835.00  0.6929440E-02   0.1546649E-02   0.8476089E-02
     2845.00  0.6858880E-02   0.1544498E-02   0.8403378E-02
     2855.00  0.6782292E-02   0.1542346E-02   0.8324638E-02
     2865.00  0.6711613E-02   0.1540189E-02   0.8251802E-02
     2875.00  0.6635332E-02   0.1538042E-02   0.8173374E-02
     2885.00  0.6566201E-02   0.1535906E-02   0.8102107E-02
     2895.00  0.6496879E-02   0.1533780E-02   0.8030659E-02
     2910.00  0.6394268E-02   0.1530609E-02   0.7924877E-02
     2930.00  0.6250225E-02   0.1526411E-02   0.7776636E-02
     2950.00  0.6104354E-02   0.1522247E-02   0.7626601E-02
     2970.00  0.5982408E-02   0.1518112E-02   0.7500520E-02
     2990.00  0.5855176E-02   0.1514005E-02   0.7369181E-02
     3010.00  0.5735000E-02   0.1509923E-02   0.7244923E-02
     3030.00  0.5614740E-02   0.1505864E-02   0.7120604E-02
     3050.00  0.5493844E-02   0.1501827E-02   0.6995671E-02
     3070.00  0.5381998E-02   0.1497811E-02   0.6879809E-02
     3090.00  0.5272424E-02   0.1493812E-02   0.6766236E-02
     3110.00  0.5163414E-02   0.1489829E-02   0.6653243E-02
     3130.00  0.5053975E-02   0.1480494E-02   0.6534469E-02
     3150.00  0.4953846E-02   0.1476573E-02   0.6430419E-02
     3170.00  0.4856045E-02   0.1472665E-02   0.6328710E-02
     3190.00  0.4750140E-02   0.1468767E-02   0.6218907E-02
     3210.00  0.4661805E-02   0.1464878E-02   0.6126683E-02
     3230.00  0.4569288E-02   0.1460998E-02   0.6030286E-02
     3250.00  0.4478503E-02   0.1457125E-02   0.5935628E-02
     3270.00  0.4392692E-02   0.1453232E-02   0.5845924E-02
     3290.00  0.4307250E-02   0.1449326E-02   0.5756576E-02
     3310.00  0.4226148E-02   0.1445421E-02   0.5671569E-02
     3330.00  0.4143560E-02   0.1441516E-02   0.5585076E-02
     3350.00  0.4059702E-02   0.1437610E-02   0.5497312E-02
     3370.00  0.3983771E-02   0.1433704E-02   0.5417475E-02
     3390.00  0.3908060E-02   0.1429796E-02   0.5337856E-02
     3410.00  0.3835182E-02   0.1425887E-02   0.5261069E-02
     3430.00  0.3755044E-02   0.1360624E-02   0.5115668E-02
     3450.00  0.3706704E-02   0.1356741E-02   0.5063445E-02
     3470.00  0.3642448E-02   0.1352860E-02   0.4995308E-02
     3490.00  0.3575166E-02   0.1348980E-02   0.4924146E-02
     3510.00  0.3512292E-02   0.1345102E-02   0.4857394E-02
     3530.00  0.3447123E-02   0.1341217E-02   0.4788340E-02
     3550.00  0.3384833E-02   0.1337332E-02   0.4722165E-02
     3570.00  0.3325009E-02   0.1333447E-02   0.4658456E-02
     3590.00  0.3261943E-02   0.1329561E-02   0.4591504E-02
     3610.00  0.3204360E-02   0.1325675E-02   0.4530035E-02
     3630.00  0.3146955E-02   0.1321788E-02   0.4468743E-02
     3640.00  0.3121640E-02   0.1319844E-02   0.4441484E-02
     3650.00  0.3533007E-02   0.4839669E-03   0.4016974E-02
     3670.00  0.3459630E-02   0.4810097E-03   0.3940640E-02
     3690.00  0.3364088E-02   0.4667110E-03   0.3830799E-02
     3710.00  0.3374899E-02   0.4638353E-03   0.3838734E-02
     3730.00  0.3335816E-02   0.4610033E-03   0.3796819E-02
     3750.00  0.3404722E-02   0.4582136E-03   0.3862936E-02
     3770.00  0.3369847E-02   0.4554652E-03   0.3825312E-02
     3790.00  0.3400136E-02   0.4527569E-03   0.3852893E-02
     3810.00  0.3430176E-02   0.4500877E-03   0.3880264E-02
     3830.00  0.3235131E-02   0.4474565E-03   0.3682588E-02
     3850.00  0.3378402E-02   0.4448624E-03   0.3823264E-02
     3870.00  0.3369840E-02   0.4423043E-03   0.3812144E-02
     3890.00  0.3044112E-02   0.4397814E-03   0.3483893E-02
     3910.00  0.3273166E-02   0.4372928E-03   0.3710459E-02
     3930.00  0.3227352E-02   0.4348375E-03   0.3662190E-02
     3950.00  0.3164556E-02   0.4324148E-03   0.3596971E-02
     3970.00  0.2834573E-02   0.4300247E-03   0.3264598E-02
     3990.00  0.3051829E-02   0.4276682E-03   0.3479497E-02
     4010.00  0.3035806E-02   0.4253417E-03   0.3461148E-02
     4030.00  0.2969940E-02   0.4230444E-03   0.3392984E-02
     4050.00  0.2942977E-02   0.4207756E-03   0.3363753E-02
     4070.00  0.2883952E-02   0.4185345E-03   0.3302487E-02
     4090.00  0.2745664E-02   0.4163207E-03   0.3161985E-02
     4110.00  0.2573937E-02   0.4141333E-03   0.2988070E-02
     4130.00  0.2732160E-02   0.4119718E-03   0.3144132E-02
     4150.00  0.2702616E-02   0.4098357E-03   0.3112452E-02
     4170.00  0.2666935E-02   0.4077242E-03   0.3074659E-02
     4190.00  0.2626603E-02   0.4056369E-03   0.3032240E-02
     4210.00  0.2584634E-02   0.4035733E-03   0.2988207E-02
     4230.00  0.2541820E-02   0.4015327E-03   0.2943353E-02
     4250.00  0.2499948E-02   0.3995147E-03   0.2899463E-02
     4270.00  0.2458540E-02   0.3975188E-03   0.2856059E-02
     4290.00  0.2418956E-02   0.3955445E-03   0.2814500E-02
     4310.00  0.2368633E-02   0.3935913E-03   0.2762224E-02
     4330.00  0.2238280E-02   0.3916589E-03   0.2629939E-02
     4350.00  0.2134678E-02   0.3897469E-03   0.2524425E-02
     4370.00  0.2258610E-02   0.3878552E-03   0.2646465E-02
     4390.00  0.2227045E-02   0.3859829E-03   0.2613028E-02
     4410.00  0.2204728E-02   0.3841295E-03   0.2588858E-02
     4430.00  0.2170693E-02   0.3822948E-03   0.2552988E-02
     4450.00  0.2139377E-02   0.3804783E-03   0.2519855E-02
     4470.00  0.2087918E-02   0.3786797E-03   0.2466598E-02
     4490.00  0.2071472E-02   0.3768986E-03   0.2448371E-02
     4510.00  0.2042235E-02   0.3751347E-03   0.2417370E-02
     4530.00  0.2010266E-02   0.3733876E-03   0.2383654E-02
     4550.00  0.1978703E-02   0.3716571E-03   0.2350360E-02
     4570.00  0.1950928E-02   0.3699428E-03   0.2320871E-02
     4590.00  0.1921941E-02   0.3682444E-03   0.2290185E-02
     4610.00  0.1893816E-02   0.3665617E-03   0.2260378E-02
     4630.00  0.1864951E-02   0.3648942E-03   0.2229845E-02
     4650.00  0.1836433E-02   0.3632418E-03   0.2199675E-02
     4670.00  0.1810422E-02   0.3616042E-03   0.2172026E-02
     4690.00  0.1783940E-02   0.3599811E-03   0.2143921E-02
     4710.00  0.1751788E-02   0.3583723E-03   0.2110160E-02
     4730.00  0.1731533E-02   0.3567775E-03   0.2088311E-02
     4750.00  0.1705658E-02   0.3551965E-03   0.2060854E-02
     4770.00  0.1681830E-02   0.3536290E-03   0.2035459E-02
     4790.00  0.1657029E-02   0.3520748E-03   0.2009104E-02
     4810.00  0.1631057E-02   0.3505333E-03   0.1981590E-02
     4830.00  0.1600094E-02   0.3490043E-03   0.1949098E-02
     4850.00  0.1521096E-02   0.3474880E-03   0.1868584E-02
     4870.00  0.1437475E-02   0.3459841E-03   0.1783459E-02
     4890.00  0.1528412E-02   0.3444924E-03   0.1872904E-02
     4910.00  0.1517244E-02   0.3430127E-03   0.1860257E-02
     4930.00  0.1491090E-02   0.3415449E-03   0.1832635E-02
     4950.00  0.1477612E-02   0.3400888E-03   0.1817701E-02
     4970.00  0.1458033E-02   0.3386441E-03   0.1796677E-02
     4990.00  0.1437450E-02   0.3372107E-03   0.1774661E-02
     5010.00  0.1413024E-02   0.3357885E-03   0.1748812E-02
     5030.00  0.1398075E-02   0.3343772E-03   0.1732452E-02
     5050.00  0.1376372E-02   0.3329767E-03   0.1709349E-02
     5070.00  0.1360469E-02   0.3315879E-03   0.1692057E-02
     5090.00  0.1341942E-02   0.3302144E-03   0.1672156E-02
     5110.00  0.1323751E-02   0.3288510E-03   0.1652602E-02
     5130.00  0.1305400E-02   0.3274975E-03   0.1632897E-02
     5150.00  0.1287108E-02   0.3261538E-03   0.1613262E-02
     5170.00  0.1269140E-02   0.3248197E-03   0.1593960E-02
     5190.00  0.1252740E-02   0.3234951E-03   0.1576235E-02
     5210.00  0.1236368E-02   0.3221799E-03   0.1558548E-02
     5230.00  0.1219916E-02   0.3208739E-03   0.1540790E-02
     5250.00  0.1203961E-02   0.3195771E-03   0.1523538E-02
     5270.00  0.1187469E-02   0.3182893E-03   0.1505758E-02
     5290.00  0.1172793E-02   0.3170104E-03   0.1489803E-02
     5310.00  0.1157281E-02   0.3157403E-03   0.1473021E-02
     5330.00  0.1141576E-02   0.3144788E-03   0.1456055E-02
     5350.00  0.1127086E-02   0.3132259E-03   0.1440312E-02
     5370.00  0.1112583E-02   0.3119814E-03   0.1424564E-02
     5390.00  0.1098384E-02   0.3107451E-03   0.1409129E-02
     5410.00  0.1084030E-02   0.3095171E-03   0.1393547E-02
     5430.00  0.1070032E-02   0.3082971E-03   0.1378329E-02
     5450.00  0.1056195E-02   0.3070853E-03   0.1363280E-02
     5470.00  0.1043066E-02   0.3058813E-03   0.1348947E-02
     5490.00  0.1030124E-02   0.3046852E-03   0.1334809E-02
     5510.00  0.1016914E-02   0.3034969E-03   0.1320411E-02
     5530.00  0.1004139E-02   0.3023162E-03   0.1306455E-02
     5550.00  0.9914517E-03   0.3011431E-03   0.1292595E-02
     5570.00  0.9789606E-03   0.2999775E-03   0.1278938E-02
     5590.00  0.9668404E-03   0.2988194E-03   0.1265660E-02
     5610.00  0.9549237E-03   0.2976685E-03   0.1252592E-02
     5630.00  0.9431479E-03   0.2965249E-03   0.1239673E-02
     5650.00  0.9313149E-03   0.2953885E-03   0.1226703E-02
     5670.00  0.9198268E-03   0.2942591E-03   0.1214086E-02
     5690.00  0.9094289E-03   0.2931368E-03   0.1202566E-02
     5710.00  0.8983846E-03   0.2612045E-03   0.1159589E-02
     5730.00  0.8875808E-03   0.2601844E-03   0.1147765E-02
     5750.00  0.8766418E-03   0.2591710E-03   0.1135813E-02
     5770.00  0.8663469E-03   0.2581643E-03   0.1124511E-02
     5790.00  0.8559279E-03   0.2571643E-03   0.1113092E-02
     5810.00  0.8457527E-03   0.2561707E-03   0.1101923E-02
     5830.00  0.8354938E-03   0.2551835E-03   0.1090677E-02
     5850.00  0.8252698E-03   0.2542028E-03   0.1079473E-02
     5870.00  0.8103156E-03   0.2532283E-03   0.1063544E-02
     5890.00  0.8053824E-03   0.2522601E-03   0.1057643E-02
     5910.00  0.7965554E-03   0.2512981E-03   0.1047853E-02
     5930.00  0.7870988E-03   0.2503422E-03   0.1037441E-02
     5950.00  0.7777178E-03   0.2493923E-03   0.1027110E-02
     5970.00  0.7687890E-03   0.2484484E-03   0.1017237E-02
     5990.00  0.7599442E-03   0.2475104E-03   0.1007455E-02
     6010.00  0.7511059E-03   0.2465782E-03   0.9976841E-03
     6030.00  0.7423457E-03   0.2456518E-03   0.9879975E-03
     6050.00  0.7336788E-03   0.2447312E-03   0.9784100E-03
     6070.00  0.7253568E-03   0.2438162E-03   0.9691730E-03
     6090.00  0.7170944E-03   0.2429067E-03   0.9600011E-03
     6110.00  0.7089002E-03   0.2420025E-03   0.9509027E-03
     6130.00  0.7005438E-03   0.2411038E-03   0.9416476E-03
     6150.00  0.6925486E-03   0.2402105E-03   0.9327591E-03
     6170.00  0.6847251E-03   0.2393225E-03   0.9240476E-03
     6190.00  0.6772004E-03   0.2384400E-03   0.9156404E-03
     6210.00  0.6696472E-03   0.2375626E-03   0.9072098E-03
     6230.00  0.6620506E-03   0.2366906E-03   0.8987412E-03
     6250.00  0.6543691E-03   0.2358236E-03   0.8901927E-03
     6270.00  0.6474071E-03   0.2349618E-03   0.8823689E-03
     6290.00  0.6402939E-03   0.2341051E-03   0.8743990E-03
     6310.00  0.6331172E-03   0.2332535E-03   0.8663707E-03
     6330.00  0.6260928E-03   0.2324068E-03   0.8584996E-03
     6350.00  0.6189228E-03   0.2315650E-03   0.8504878E-03
     6370.00  0.6123988E-03   0.2307281E-03   0.8431269E-03
     6390.00  0.6058192E-03   0.2298961E-03   0.8357153E-03
     6410.00  0.5990625E-03   0.2290689E-03   0.8281314E-03
     6430.00  0.5924971E-03   0.2282464E-03   0.8207435E-03
     6450.00  0.5858891E-03   0.2274287E-03   0.8133178E-03
     6470.00  0.5795976E-03   0.2266156E-03   0.8062132E-03
     6490.00  0.5730284E-03   0.2258071E-03   0.7988355E-03
     6510.00  0.5663566E-03   0.2250033E-03   0.7913599E-03
     6530.00  0.5582463E-03   0.2242023E-03   0.7824486E-03
     6550.00  0.5393852E-03   0.2234054E-03   0.7627906E-03
     6570.00  0.5065651E-03   0.2226128E-03   0.7291779E-03
     6590.00  0.5379152E-03   0.2218247E-03   0.7597399E-03
     6610.00  0.5363519E-03   0.2210409E-03   0.7573928E-03
     6630.00  0.5316732E-03   0.2202614E-03   0.7519346E-03
     6650.00  0.5263772E-03   0.2191661E-03   0.7455433E-03
     6670.00  0.5200274E-03   0.2183981E-03   0.7384255E-03
     6690.00  0.5146926E-03   0.2176343E-03   0.7323269E-03
     6710.00  0.5102296E-03   0.2168746E-03   0.7271042E-03
     6730.00  0.5049770E-03   0.2161190E-03   0.7210960E-03
     6750.00  0.4997183E-03   0.2153675E-03   0.7150858E-03
     6770.00  0.4946646E-03   0.2146201E-03   0.7092847E-03
     6790.00  0.4895880E-03   0.2138767E-03   0.7034647E-03
     6810.00  0.4845521E-03   0.2131373E-03   0.6976894E-03
     6830.00  0.4795565E-03   0.2124019E-03   0.6919584E-03
     6850.00  0.4745606E-03   0.2116704E-03   0.6862310E-03
     6870.00  0.4697776E-03   0.2109428E-03   0.6807204E-03
     6890.00  0.4650480E-03   0.2102190E-03   0.6752670E-03
     6910.00  0.4603453E-03   0.2094991E-03   0.6698444E-03
     6930.00  0.4556174E-03   0.2087830E-03   0.6644004E-03
     6950.00  0.4509555E-03   0.2080707E-03   0.6590262E-03
     6970.00  0.4465048E-03   0.2073621E-03   0.6538669E-03
     6990.00  0.4420450E-03   0.2066572E-03   0.6487022E-03
     7010.00  0.4376036E-03   0.2059560E-03   0.6435596E-03
     7030.00  0.4332130E-03   0.2052585E-03   0.6384715E-03
     7050.00  0.4288341E-03   0.2045646E-03   0.6333987E-03
     7070.00  0.4232891E-03   0.2038743E-03   0.6271634E-03
     7090.00  0.4204781E-03   0.2031876E-03   0.6236657E-03
     7110.00  0.4163138E-03   0.2025045E-03   0.6188183E-03
     7130.00  0.4121564E-03   0.2018249E-03   0.6139813E-03
     7150.00  0.4080448E-03   0.2011488E-03   0.6091936E-03
     7170.00  0.4041413E-03   0.2004762E-03   0.6046175E-03
     7190.00  0.4001875E-03   0.1998070E-03   0.5999945E-03
     7210.00  0.3962934E-03   0.1991413E-03   0.5954347E-03
     7230.00  0.3923341E-03   0.1984789E-03   0.5908130E-03
     7250.00  0.3885902E-03   0.1978200E-03   0.5864102E-03
     7270.00  0.3849160E-03   0.1971644E-03   0.5820804E-03
     7290.00  0.3805616E-03   0.1965121E-03   0.5770737E-03
     7310.00  0.3775295E-03   0.1958631E-03   0.5733926E-03
     7330.00  0.3738908E-03   0.1952175E-03   0.5691083E-03
     7350.00  0.3702658E-03   0.1945751E-03   0.5648409E-03
     7370.00  0.3667735E-03   0.1939359E-03   0.5607094E-03
     7390.00  0.3632394E-03   0.1932999E-03   0.5565393E-03
     7410.00  0.3597250E-03   0.1926671E-03   0.5523921E-03
     7430.00  0.3564139E-03   0.1920375E-03   0.5484514E-03
     7450.00  0.3530472E-03   0.1913022E-03   0.5443494E-03
     7470.00  0.3497770E-03   0.1906794E-03   0.5404564E-03
     7490.00  0.3464881E-03   0.1900597E-03   0.5365478E-03
     7510.00  0.3432140E-03   0.1894431E-03   0.5326571E-03
     7530.00  0.3400432E-03   0.1888296E-03   0.5288728E-03
     7550.00  0.3368377E-03   0.1882191E-03   0.5250568E-03
     7570.00  0.3337254E-03   0.1876116E-03   0.5213370E-03
     7590.00  0.3306638E-03   0.1870070E-03   0.5176708E-03
     7610.00  0.3276231E-03   0.1864048E-03   0.5140279E-03
     7630.00  0.3245731E-03   0.1858049E-03   0.5103780E-03
     7650.00  0.3215464E-03   0.1852079E-03   0.5067543E-03
     7670.00  0.3185701E-03   0.1846137E-03   0.5031838E-03
     7690.00  0.3157466E-03   0.1840225E-03   0.4997691E-03
     7710.00  0.3127961E-03   0.1834340E-03   0.4962301E-03
     7730.00  0.3099967E-03   0.1828484E-03   0.4928451E-03
     7750.00  0.3071058E-03   0.1822656E-03   0.4893714E-03
     7770.00  0.3041076E-03   0.1816856E-03   0.4857932E-03
     7790.00  0.3016293E-03   0.1811084E-03   0.4827377E-03
     7810.00  0.2988800E-03   0.1805339E-03   0.4794139E-03
     7830.00  0.2962224E-03   0.1799622E-03   0.4761846E-03
     7850.00  0.2935652E-03   0.1793932E-03   0.4729584E-03
     7870.00  0.2908439E-03   0.1771104E-03   0.4679543E-03
     7890.00  0.2882409E-03   0.1765546E-03   0.4647955E-03
     7910.00  0.2857232E-03   0.1760015E-03   0.4617247E-03
     7930.00  0.2831496E-03   0.1754510E-03   0.4586006E-03
     7950.00  0.2806370E-03   0.1749031E-03   0.4555401E-03
     7970.00  0.2782150E-03   0.1743578E-03   0.4525728E-03
     7990.00  0.2758318E-03   0.1738150E-03   0.4496468E-03
     8010.00  0.2733300E-03   0.1732748E-03   0.4466048E-03
     8030.00  0.2709855E-03   0.1727371E-03   0.4437226E-03
     8050.00  0.2685628E-03   0.1722019E-03   0.4407647E-03
     8070.00  0.2663307E-03   0.1716692E-03   0.4379999E-03
     8090.00  0.2639052E-03   0.1711389E-03   0.4350441E-03
     8110.00  0.2616580E-03   0.1706112E-03   0.4322692E-03
     8130.00  0.2594557E-03   0.1700859E-03   0.4295416E-03
     8150.00  0.2571020E-03   0.1695630E-03   0.4266650E-03
     8170.00  0.2549795E-03   0.1690425E-03   0.4240220E-03
     8190.00  0.2526793E-03   0.1685244E-03   0.4212037E-03
     8210.00  0.2548469E-03   0.1573147E-03   0.4121616E-03
     8230.00  0.2528094E-03   0.1153171E-03   0.3681265E-03
     8250.00  0.2507139E-03   0.1149610E-03   0.3656749E-03
     8270.00  0.2483896E-03   0.1146068E-03   0.3629964E-03
     8290.00  0.2462719E-03   0.1138772E-03   0.3601491E-03
     8310.00  0.2439756E-03   0.1135286E-03   0.3575042E-03
     8330.00  0.2414580E-03   0.1131818E-03   0.3546398E-03
     8350.00  0.2391359E-03   0.1128368E-03   0.3519727E-03
     8370.00  0.2364535E-03   0.1124935E-03   0.3489470E-03
     8390.00  0.2342538E-03   0.1121519E-03   0.3464057E-03
     8410.00  0.2321082E-03   0.1118120E-03   0.3439202E-03
     8430.00  0.2305912E-03   0.1114737E-03   0.3420649E-03
     8450.00  0.2289447E-03   0.1111372E-03   0.3400819E-03
     8470.00  0.2245770E-03   0.1108023E-03   0.3353793E-03
     8490.00  0.2271721E-03   0.1104690E-03   0.3376411E-03
     8510.00  0.2204102E-03   0.1101374E-03   0.3305476E-03
     8530.00  0.2250352E-03   0.1098074E-03   0.3348426E-03
     8550.00  0.2143067E-03   0.1094790E-03   0.3237857E-03
     8570.00  0.2236177E-03   0.1091522E-03   0.3327699E-03
     8590.00  0.2153899E-03   0.1088270E-03   0.3242169E-03
     8610.00  0.2125541E-03   0.1085034E-03   0.3210575E-03
     8630.00  0.2198622E-03   0.1081813E-03   0.3280435E-03
     8650.00  0.2147612E-03   0.1078609E-03   0.3226221E-03
     8670.00  0.2019877E-03   0.1075419E-03   0.3095296E-03
     8690.00  0.2136995E-03   0.1072245E-03   0.3209240E-03
     8710.00  0.2142637E-03   0.1069086E-03   0.3211723E-03
     8730.00  0.2098914E-03   0.1065942E-03   0.3164856E-03
     8750.00  0.1953382E-03   0.1062813E-03   0.3016195E-03
     8770.00  0.2044320E-03   0.1059700E-03   0.3104020E-03
     8790.00  0.2076539E-03   0.1056601E-03   0.3133140E-03
     8810.00  0.2064442E-03   0.1053516E-03   0.3117958E-03
     8830.00  0.2040109E-03   0.1050447E-03   0.3090556E-03
     8850.00  0.1964368E-03   0.1047391E-03   0.3011759E-03
     8870.00  0.1863696E-03   0.1044351E-03   0.2908047E-03
     8890.00  0.1977240E-03   0.1041324E-03   0.3018564E-03
     8910.00  0.1983758E-03   0.1038312E-03   0.3022070E-03
     8930.00  0.1972355E-03   0.1035314E-03   0.3007669E-03
     8950.00  0.1957938E-03   0.1032330E-03   0.2990268E-03
     8970.00  0.1938457E-03   0.1029360E-03   0.2967817E-03
     8990.00  0.1902149E-03   0.1026404E-03   0.2928553E-03
     9010.00  0.1773722E-03   0.1023461E-03   0.2797183E-03
     9030.00  0.1813725E-03   0.1020532E-03   0.2834257E-03
     9050.00  0.1867804E-03   0.1017617E-03   0.2885421E-03
     9070.00  0.1861532E-03   0.1014715E-03   0.2876247E-03
     9090.00  0.1851094E-03   0.1011827E-03   0.2862921E-03
     9110.00  0.1840990E-03   0.1008952E-03   0.2849942E-03
     9130.00  0.1827616E-03   0.1006090E-03   0.2833706E-03
     9150.00  0.1812388E-03   0.1003241E-03   0.2815629E-03
     9170.00  0.1794790E-03   0.1000406E-03   0.2795196E-03
     9190.00  0.1774866E-03   0.9975838E-04   0.2772450E-03
     9210.00  0.1728758E-03   0.9947743E-04   0.2723532E-03
     9230.00  0.1606067E-03   0.9919775E-04   0.2598045E-03
     9250.00  0.1695759E-03   0.9891935E-04   0.2684952E-03
     9270.00  0.1718082E-03   0.9864221E-04   0.2704504E-03
     9290.00  0.1714168E-03   0.9836632E-04   0.2697831E-03
     9310.00  0.1702679E-03   0.9809167E-04   0.2683596E-03
     9330.00  0.1692102E-03   0.9781827E-04   0.2670285E-03
     9350.00  0.1679163E-03   0.9754610E-04   0.2654624E-03
     9370.00  0.1666870E-03   0.9727514E-04   0.2639621E-03
     9390.00  0.1654494E-03   0.9700540E-04   0.2624548E-03
     9410.00  0.1640227E-03   0.9673686E-04   0.2607596E-03
     9430.00  0.1629092E-03   0.9646952E-04   0.2593787E-03
     9450.00  0.1616197E-03   0.9620337E-04   0.2578231E-03
     9470.00  0.1601071E-03   0.9593841E-04   0.2560455E-03
     9490.00  0.1588154E-03   0.9567463E-04   0.2544900E-03
     9510.00  0.1566225E-03   0.9541201E-04   0.2520345E-03
     9530.00  0.1521598E-03   0.9515055E-04   0.2473103E-03
     9550.00  0.1424002E-03   0.9489025E-04   0.2372905E-03
     9570.00  0.1510934E-03   0.9463110E-04   0.2457245E-03
     9590.00  0.1524284E-03   0.9437309E-04   0.2468015E-03
     9610.00  0.1517972E-03   0.9411620E-04   0.2459134E-03
     9630.00  0.1508101E-03   0.9386044E-04   0.2446705E-03
     9650.00  0.1499568E-03   0.9360580E-04   0.2435626E-03
     9670.00  0.1488519E-03   0.9335228E-04   0.2422042E-03
     9690.00  0.1478246E-03   0.9309985E-04   0.2409245E-03
     9710.00  0.1466856E-03   0.9284853E-04   0.2395341E-03
     9730.00  0.1457020E-03   0.9259829E-04   0.2383003E-03
     9750.00  0.1446248E-03   0.9234915E-04   0.2369739E-03
     9770.00  0.1435928E-03   0.9210109E-04   0.2356939E-03
     9790.00  0.1425461E-03   0.9185409E-04   0.2344002E-03
     9810.00  0.1415177E-03   0.9160816E-04   0.2331259E-03
     9830.00  0.1404847E-03   0.9136328E-04   0.2318480E-03
     9850.00  0.1394451E-03   0.9111947E-04   0.2305646E-03
     9870.00  0.1384443E-03   0.9087669E-04   0.2293210E-03
     9890.00  0.1374263E-03   0.9063496E-04   0.2280613E-03
     9910.00  0.1364376E-03   0.9039427E-04   0.2268319E-03
     9930.00  0.1354328E-03   0.9015460E-04   0.2255874E-03
     9950.00  0.1344175E-03   0.8991594E-04   0.2243334E-03
     9970.00  0.1333748E-03   0.8967832E-04   0.2230531E-03
     9990.00  0.1322233E-03   0.8944168E-04   0.2216650E-03
    10025.00  0.1276177E-03   0.8903000E-04   0.2166477E-03
    10075.00  0.1241674E-03   0.8844715E-04   0.2126146E-03
    10125.00  0.1260411E-03   0.8787041E-04   0.2139115E-03
    10175.00  0.1241733E-03   0.8730129E-04   0.2114746E-03
    10225.00  0.1220734E-03   0.8673836E-04   0.2088118E-03
    10275.00  0.1200009E-03   0.8618121E-04   0.2061821E-03
    10325.00  0.1178142E-03   0.8562978E-04   0.2034440E-03
    10375.00  0.1158301E-03   0.8508397E-04   0.2009141E-03
    10425.00  0.1138781E-03   0.8454370E-04   0.1984218E-03
    10475.00  0.1119242E-03   0.8400890E-04   0.1959331E-03
    10525.00  0.1100483E-03   0.8347950E-04   0.1935278E-03
    10575.00  0.1082045E-03   0.8295541E-04   0.1911599E-03
    10625.00  0.1063693E-03   0.8243657E-04   0.1888059E-03
    10675.00  0.1045206E-03   0.8192290E-04   0.1864435E-03
    10725.00  0.1028902E-03   0.8141433E-04   0.1843045E-03
    10775.00  0.1011870E-03   0.8091079E-04   0.1820978E-03
    10825.00  0.9918630E-04   0.8041221E-04   0.1795985E-03
    10875.00  0.9750133E-04   0.7991853E-04   0.1774199E-03
    10925.00  0.9191055E-04   0.7942969E-04   0.1713402E-03
    10975.00  0.9323360E-04   0.7894560E-04   0.1721792E-03
    11025.00  0.9300323E-04   0.7846622E-04   0.1714695E-03
    11075.00  0.9171113E-04   0.7799148E-04   0.1697026E-03
    11125.00  0.9023590E-04   0.7752132E-04   0.1677572E-03
    11175.00  0.8884002E-04   0.7409174E-04   0.1629318E-03
    11225.00  0.8744934E-04   0.7364902E-04   0.1610984E-03
    11275.00  0.8605460E-04   0.7321055E-04   0.1592651E-03
    11325.00  0.8469382E-04   0.7277627E-04   0.1574701E-03
    11375.00  0.8334987E-04   0.7234612E-04   0.1556960E-03
    11425.00  0.8206134E-04   0.7192005E-04   0.1539814E-03
    11475.00  0.8083253E-04   0.7149799E-04   0.1523305E-03
    11525.00  0.7958264E-04   0.7107991E-04   0.1506626E-03
    11575.00  0.7834457E-04   0.7066576E-04   0.1490103E-03
    11625.00  0.7708472E-04   0.7025548E-04   0.1473402E-03
    11675.00  0.7594151E-04   0.6984902E-04   0.1457905E-03
    11725.00  0.7483239E-04   0.6944635E-04   0.1442787E-03
    11775.00  0.7365262E-04   0.6904739E-04   0.1427000E-03
    11825.00  0.7254512E-04   0.6865213E-04   0.1411972E-03
    11875.00  0.7142360E-04   0.6826049E-04   0.1396841E-03
    11925.00  0.7042516E-04   0.6787245E-04   0.1382976E-03
    11975.00  0.6925706E-04   0.6748795E-04   0.1367450E-03
    12025.00  0.6835434E-04   0.6710694E-04   0.1354613E-03
    12075.00  0.6731910E-04   0.6672940E-04   0.1340485E-03
    12125.00  0.6633045E-04   0.6635526E-04   0.1326857E-03
    12175.00  0.6536550E-04   0.6598450E-04   0.1313500E-03
    12225.00  0.6441508E-04   0.6561707E-04   0.1300321E-03
    12275.00  0.6348555E-04   0.6525292E-04   0.1287385E-03
    12325.00  0.6256746E-04   0.6489203E-04   0.1274595E-03
    12375.00  0.6166026E-04   0.6453434E-04   0.1261946E-03
    12425.00  0.6079211E-04   0.6417982E-04   0.1249719E-03
    12475.00  0.5993175E-04   0.6382844E-04   0.1237602E-03
    12525.00  0.5905928E-04   0.6346244E-04   0.1225217E-03
    12575.00  0.5822607E-04   0.6311741E-04   0.1213435E-03
    12625.00  0.5738154E-04   0.6277541E-04   0.1201569E-03
    12675.00  0.5657594E-04   0.6243638E-04   0.1190123E-03
    12725.00  0.5573020E-04   0.6210031E-04   0.1178305E-03
    12775.00  0.5448813E-04   0.6176714E-04   0.1162553E-03
    12825.00  0.5168019E-04   0.6143686E-04   0.1131170E-03
    12875.00  0.5315836E-04   0.6110941E-04   0.1142678E-03
    12925.00  0.5271115E-04   0.6078478E-04   0.1134959E-03
    12975.00  0.5199889E-04   0.6046293E-04   0.1124618E-03
    13025.00  0.5134083E-04   0.6014382E-04   0.1114846E-03
    13075.00  0.5064252E-04   0.5982713E-04   0.1104696E-03
    13125.00  0.4993707E-04   0.5951309E-04   0.1094502E-03
    13175.00  0.4926856E-04   0.5920169E-04   0.1084703E-03
    13225.00  0.4861260E-04   0.5889291E-04   0.1075055E-03
    13275.00  0.4794891E-04   0.5858671E-04   0.1065356E-03
    13325.00  0.4730798E-04   0.5828307E-04   0.1055910E-03
    13375.00  0.4667734E-04   0.5798195E-04   0.1046593E-03
    13425.00  0.4606542E-04   0.5768333E-04   0.1037487E-03
    13475.00  0.4546687E-04   0.5738717E-04   0.1028540E-03
    13525.00  0.4486686E-04   0.5709346E-04   0.1019603E-03
    13575.00  0.4427056E-04   0.5680217E-04   0.1010727E-03
    13625.00  0.4367674E-04   0.5650577E-04   0.1001825E-03
    13675.00  0.4312400E-04   0.5621929E-04   0.9934329E-04
    13725.00  0.4256370E-04   0.5593513E-04   0.9849883E-04
    13775.00  0.4201698E-04   0.5565328E-04   0.9767026E-04
    13825.00  0.4147007E-04   0.5537372E-04   0.9684379E-04
    13875.00  0.4092710E-04   0.5509641E-04   0.9602351E-04
    13925.00  0.4041441E-04   0.5482134E-04   0.9523575E-04
    13975.00  0.3990654E-04   0.5454848E-04   0.9445502E-04
    14025.00  0.3939382E-04   0.5427780E-04   0.9367162E-04
    14075.00  0.3889650E-04   0.5400928E-04   0.9290578E-04
    14125.00  0.3839487E-04   0.5360937E-04   0.9200424E-04
    14175.00  0.3792423E-04   0.5334620E-04   0.9127043E-04
    14225.00  0.3745119E-04   0.5308512E-04   0.9053631E-04
    14275.00  0.3698182E-04   0.5282609E-04   0.8980791E-04
    14325.00  0.3652739E-04   0.5256910E-04   0.8909649E-04
    14375.00  0.3607238E-04   0.5231412E-04   0.8838650E-04
    14425.00  0.3559558E-04   0.5206114E-04   0.8765672E-04
    14475.00  0.3518607E-04   0.5181013E-04   0.8699620E-04
    14525.00  0.3473638E-04   0.5156106E-04   0.8629744E-04
    14570.00  0.3436318E-04   0.5133856E-04   0.8570174E-04
    14620.00  0.3409107E-04   0.4390136E-04   0.7799243E-04
    14675.00  0.3364154E-04   0.4367584E-04   0.7731738E-04
    14725.00  0.3323637E-04   0.4344019E-04   0.7667656E-04
    14775.00  0.3283371E-04   0.4323854E-04   0.7607225E-04
    14825.00  0.3243240E-04   0.4303845E-04   0.7547085E-04
    14875.00  0.3200427E-04   0.4283989E-04   0.7484416E-04
    14925.00  0.3163360E-04   0.4264285E-04   0.7427645E-04
    14975.00  0.3124922E-04   0.4244731E-04   0.7369653E-04
    15025.00  0.3080598E-04   0.4225326E-04   0.7305924E-04
    15075.00  0.3044272E-04   0.4206068E-04   0.7250340E-04
    15125.00  0.3007977E-04   0.4186956E-04   0.7194933E-04
    15175.00  0.2973095E-04   0.4167989E-04   0.7141084E-04
    15225.00  0.2945744E-04   0.4149163E-04   0.7094907E-04
    15275.00  0.2897927E-04   0.4130479E-04   0.7028406E-04
    15325.00  0.2865804E-04   0.4111935E-04   0.6977739E-04
    15375.00  0.2846719E-04   0.4093529E-04   0.6940248E-04
    15425.00  0.2791895E-04   0.4075260E-04   0.6867155E-04
    15475.00  0.2785475E-04   0.4057126E-04   0.6842601E-04
    15525.00  0.2754913E-04   0.4039127E-04   0.6794040E-04
    15575.00  0.2686215E-04   0.4021260E-04   0.6707475E-04
    15625.00  0.2710843E-04   0.4003524E-04   0.6714367E-04
    15675.00  0.2650490E-04   0.3985918E-04   0.6636408E-04
    15725.00  0.2596334E-04   0.3968441E-04   0.6564775E-04
    15775.00  0.2623556E-04   0.3951092E-04   0.6574648E-04
    15825.00  0.2590902E-04   0.3933868E-04   0.6524770E-04
    15875.00  0.2484594E-04   0.3916770E-04   0.6401364E-04
    15925.00  0.2519828E-04   0.3899794E-04   0.6419622E-04
    15975.00  0.2516771E-04   0.3882942E-04   0.6399713E-04
    16050.00  0.2459256E-04   0.3857889E-04   0.6317145E-04
    16150.00  0.2370081E-04   0.3824903E-04   0.6194984E-04
    16250.00  0.2368331E-04   0.3792385E-04   0.6160716E-04
    16350.00  0.2296951E-04   0.3760326E-04   0.6057277E-04
    16450.00  0.2214012E-04   0.3728716E-04   0.5942728E-04
    16550.00  0.2214185E-04   0.3697548E-04   0.5911733E-04
    16650.00  0.2165032E-04   0.3666813E-04   0.5831845E-04
    16750.00  0.2096830E-04   0.3636502E-04   0.5733332E-04
    16850.00  0.2021541E-04   0.3606607E-04   0.5628148E-04
    16950.00  0.2024418E-04   0.3577121E-04   0.5601539E-04
    17050.00  0.1980091E-04   0.3548036E-04   0.5528127E-04
    17150.00  0.1938801E-04   0.3519345E-04   0.5458146E-04
    17250.00  0.1893495E-04   0.3491039E-04   0.5384534E-04
    17350.00  0.1799598E-04   0.3463112E-04   0.5262710E-04
    17450.00  0.1807343E-04   0.3435558E-04   0.5242901E-04
    17550.00  0.1777323E-04   0.3408368E-04   0.5185691E-04
    17650.00  0.1740184E-04   0.3381537E-04   0.5121721E-04
    17750.00  0.1703358E-04   0.3355058E-04   0.5058416E-04
    17850.00  0.1667661E-04   0.3328925E-04   0.4996586E-04
    17950.00  0.1633044E-04   0.3303131E-04   0.4936175E-04
    18050.00  0.1596958E-04   0.3277670E-04   0.4874628E-04
    18150.00  0.1522226E-04   0.3252537E-04   0.4774763E-04
    18250.00  0.1522507E-04   0.3227728E-04   0.4750235E-04
    18350.00  0.1502062E-04   0.3203256E-04   0.4705318E-04
    18450.00  0.1471906E-04   0.3179092E-04   0.4650998E-04
    18550.00  0.1441649E-04   0.3103989E-04   0.4545638E-04
    18650.00  0.1408681E-04   0.3080872E-04   0.4489553E-04
    18750.00  0.1343071E-04   0.3058043E-04   0.4401114E-04
    18850.00  0.1353608E-04   0.3035496E-04   0.4389104E-04
    18950.00  0.1329679E-04   0.3013226E-04   0.4342905E-04
    19050.00  0.1303600E-04   0.2991229E-04   0.4294829E-04
    19150.00  0.1278882E-04   0.2969500E-04   0.4248382E-04
    19250.00  0.1253763E-04   0.2948035E-04   0.4201798E-04
    19350.00  0.1225598E-04   0.2926830E-04   0.4152428E-04
    19450.00  0.1169071E-04   0.2905879E-04   0.4074950E-04
    19550.00  0.1178874E-04   0.2885179E-04   0.4064053E-04
    19650.00  0.1159840E-04   0.2864726E-04   0.4024566E-04
    19750.00  0.1137634E-04   0.2844516E-04   0.3982150E-04
    19850.00  0.1116135E-04   0.2824544E-04   0.3940679E-04
    19950.00  0.1095193E-04   0.2804808E-04   0.3900001E-04
    20050.00  0.1074814E-04   0.2785302E-04   0.3860116E-04
    20150.00  0.1054823E-04   0.2766024E-04   0.3820847E-04
    20250.00  0.1034965E-04   0.2746768E-04   0.3781733E-04
    20350.00  0.1016177E-04   0.2727936E-04   0.3744113E-04
    20450.00  0.9977259E-05   0.2709322E-04   0.3707047E-04
    20550.00  0.9791312E-05   0.2690920E-04   0.3670051E-04
    20650.00  0.9613260E-05   0.2672729E-04   0.3634055E-04
    20750.00  0.9435609E-05   0.2654744E-04   0.3598305E-04
    20850.00  0.9268541E-05   0.2636962E-04   0.3563817E-04
    20950.00  0.9101913E-05   0.2619381E-04   0.3529573E-04
    21050.00  0.8940702E-05   0.2601997E-04   0.3496068E-04
    21150.00  0.8774655E-05   0.2584808E-04   0.3462273E-04
    21250.00  0.8619994E-05   0.2567809E-04   0.3429808E-04
    21350.00  0.8468329E-05   0.2550999E-04   0.3397831E-04
    21450.00  0.8318396E-05   0.2534374E-04   0.3366213E-04
    21550.00  0.8155219E-05   0.2517832E-04   0.3333354E-04
    21650.00  0.7802386E-05   0.2501571E-04   0.3281809E-04
    21750.00  0.7856193E-05   0.2485487E-04   0.3271106E-04
    21850.00  0.7752431E-05   0.2469577E-04   0.3244820E-04
    21950.00  0.7624417E-05   0.2453840E-04   0.3216282E-04
    22050.00  0.7492851E-05   0.2438271E-04   0.3187557E-04
    22150.00  0.7365375E-05   0.2422870E-04   0.3159407E-04
    22250.00  0.7237211E-05   0.2405776E-04   0.3129497E-04
    22350.00  0.7116870E-05   0.2390721E-04   0.3102408E-04
    22450.00  0.6997370E-05   0.2375825E-04   0.3075562E-04
    22550.00  0.6879551E-05   0.2361086E-04   0.3049041E-04
    22650.00  0.6762905E-05   0.2346502E-04   0.3022793E-04
    22750.00  0.6650570E-05   0.2332070E-04   0.2997127E-04
    22850.00  0.6554984E-05   0.2163504E-04   0.2819003E-04
    22950.00  0.6430165E-05   0.2150058E-04   0.2793075E-04
    23050.00  0.6334366E-05   0.2137225E-04   0.2770662E-04
    23150.00  0.6232188E-05   0.2124524E-04   0.2747743E-04
    23250.00  0.6111792E-05   0.2111952E-04   0.2723131E-04
    23350.00  0.6024692E-05   0.2099507E-04   0.2701976E-04
    23450.00  0.5930942E-05   0.2087189E-04   0.2680283E-04
    23550.00  0.5817546E-05   0.2074994E-04   0.2656749E-04
    23650.00  0.5733148E-05   0.2062922E-04   0.2636237E-04
    23750.00  0.5643913E-05   0.2050971E-04   0.2615362E-04
    23850.00  0.5539843E-05   0.2039139E-04   0.2593123E-04
    23950.00  0.5460123E-05   0.2027424E-04   0.2573436E-04
    24050.00  0.5374874E-05   0.2015825E-04   0.2553312E-04
    24150.00  0.5276877E-05   0.2004340E-04   0.2532028E-04
    24250.00  0.5208637E-05   0.1992968E-04   0.2513831E-04
    24350.00  0.5121907E-05   0.1981706E-04   0.2493897E-04
    24450.00  0.5035236E-05   0.1970555E-04   0.2474078E-04
    24550.00  0.4971071E-05   0.1959511E-04   0.2456618E-04
    24650.00  0.4888138E-05   0.1948574E-04   0.2437388E-04
    24750.00  0.4809458E-05   0.1937742E-04   0.2418688E-04
    24850.00  0.4754973E-05   0.1927014E-04   0.2402512E-04
    24950.00  0.4645021E-05   0.1916389E-04   0.2380891E-04
    25050.00  0.4632415E-05   0.1905865E-04   0.2369106E-04
    25150.00  0.4548511E-05   0.1895440E-04   0.2350291E-04
    25250.00  0.4428113E-05   0.1885114E-04   0.2327925E-04
    25350.00  0.4409833E-05   0.1874884E-04   0.2315868E-04
    25450.00  0.4353801E-05   0.1864751E-04   0.2300131E-04
    25550.00  0.4278668E-05   0.1854712E-04   0.2282579E-04
    25650.00  0.4161295E-05   0.1844767E-04   0.2260897E-04
    25750.00  0.4156476E-05   0.1834914E-04   0.2250562E-04
    25850.00  0.4102941E-05   0.1825152E-04   0.2235446E-04
    25950.00  0.4042564E-05   0.1815480E-04   0.2219736E-04
    26050.00  0.3963876E-05   0.1805896E-04   0.2202283E-04
    26150.00  0.3852885E-05   0.1796400E-04   0.2181688E-04
    26250.00  0.3758063E-05   0.1786990E-04   0.2162796E-04
    26350.00  0.3796656E-05   0.1777666E-04   0.2157331E-04
    26450.00  0.3759078E-05   0.1768426E-04   0.2144333E-04
    26550.00  0.3705264E-05   0.1759269E-04   0.2129795E-04
    26650.00  0.3640024E-05   0.1750194E-04   0.2114197E-04
    26750.00  0.3527089E-05   0.1741201E-04   0.2093909E-04
    26850.00  0.3539155E-05   0.1732287E-04   0.2086203E-04
    26950.00  0.3500943E-05   0.1723453E-04   0.2073547E-04
    27050.00  0.3453268E-05   0.1714697E-04   0.2060023E-04
    27150.00  0.3404708E-05   0.1706018E-04   0.2046488E-04
    27250.00  0.3356003E-05   0.1697415E-04   0.2033015E-04
    27350.00  0.3308715E-05   0.1688888E-04   0.2019759E-04
    27450.00  0.3257652E-05   0.1680435E-04   0.2006200E-04
    27550.00  0.3154067E-05   0.1672055E-04   0.1987462E-04
    27650.00  0.3147651E-05   0.1651067E-04   0.1965832E-04
    27750.00  0.3126505E-05   0.1642912E-04   0.1955562E-04
    27850.00  0.3087055E-05   0.1634827E-04   0.1943533E-04
    27950.00  0.3045968E-05   0.1626812E-04   0.1931409E-04
    28050.00  0.3004555E-05   0.1618865E-04   0.1919320E-04
    28150.00  0.2963434E-05   0.1610985E-04   0.1907329E-04
    28250.00  0.2922743E-05   0.1603173E-04   0.1895447E-04
    28350.00  0.2883584E-05   0.1595426E-04   0.1883785E-04
    28450.00  0.2844281E-05   0.1587745E-04   0.1872173E-04
    28550.00  0.2803807E-05   0.1580128E-04   0.1860509E-04
    28650.00  0.2750956E-05   0.1572576E-04   0.1847671E-04
    28750.00  0.2667596E-05   0.1565086E-04   0.1831845E-04
    28850.00  0.2688222E-05   0.1557658E-04   0.1826480E-04
    28950.00  0.2659009E-05   0.1550292E-04   0.1816193E-04
    29050.00  0.2624975E-05   0.1542986E-04   0.1805484E-04
    29150.00  0.2590699E-05   0.1535741E-04   0.1794811E-04
    29250.00  0.2556017E-05   0.1528555E-04   0.1784157E-04
    29350.00  0.2523110E-05   0.1521428E-04   0.1773739E-04
    29450.00  0.2490377E-05   0.1514359E-04   0.1763397E-04
    29550.00  0.2458207E-05   0.1507348E-04   0.1753168E-04
    29650.00  0.2426108E-05   0.1500393E-04   0.1743004E-04
    29750.00  0.2394377E-05   0.1493459E-04   0.1732897E-04
    29850.00  0.2363920E-05   0.1486616E-04   0.1723008E-04
    29950.00  0.2333756E-05   0.1479828E-04   0.1713203E-04
    30050.00  0.2303553E-05   0.1473094E-04   0.1703449E-04
    30150.00  0.2273337E-05   0.1466413E-04   0.1693747E-04
    30250.00  0.2240589E-05   0.1459786E-04   0.1683845E-04
    30350.00  0.2173512E-05   0.1453211E-04   0.1670563E-04
    30450.00  0.2163435E-05   0.1446688E-04   0.1663032E-04
    30550.00  0.2158356E-05   0.1440217E-04   0.1656053E-04
    30650.00  0.2133576E-05   0.1433796E-04   0.1647154E-04
    30750.00  0.2107092E-05   0.1427426E-04   0.1638135E-04
    30850.00  0.2081182E-05   0.1421105E-04   0.1629223E-04
    30950.00  0.2055520E-05   0.1414833E-04   0.1620385E-04
    31050.00  0.2030099E-05   0.1408610E-04   0.1611620E-04
    31150.00  0.2004544E-05   0.1402434E-04   0.1602889E-04
    31250.00  0.1979767E-05   0.1396307E-04   0.1594284E-04
    31350.00  0.1955730E-05   0.1390208E-04   0.1585781E-04
    31450.00  0.1931907E-05   0.1384175E-04   0.1577365E-04
    31550.00  0.1908154E-05   0.1378187E-04   0.1569002E-04
    31650.00  0.1884898E-05   0.1372245E-04   0.1560734E-04
    31750.00  0.1861716E-05   0.1366347E-04   0.1552519E-04
    31850.00  0.1839574E-05   0.1360495E-04   0.1544452E-04
    31950.00  0.1817682E-05   0.1354686E-04   0.1536454E-04
    32100.00  0.1785109E-05   0.1345679E-04   0.1524189E-04
    32300.00  0.1742285E-05   0.1334326E-04   0.1508555E-04
    32500.00  0.1701283E-05   0.1323142E-04   0.1493270E-04
    32700.00  0.1661082E-05   0.1312122E-04   0.1478230E-04
    32900.00  0.1598335E-05   0.1257739E-04   0.1417573E-04
    33100.00  0.1578199E-05   0.1247409E-04   0.1405229E-04
    33300.00  0.1546557E-05   0.1237327E-04   0.1391983E-04
    33500.00  0.1511484E-05   0.1227389E-04   0.1378538E-04
    33700.00  0.1477761E-05   0.1217593E-04   0.1365369E-04
    33900.00  0.1444512E-05   0.1207935E-04   0.1352386E-04
    34100.00  0.1411750E-05   0.1198412E-04   0.1339587E-04
    34300.00  0.1379710E-05   0.1189023E-04   0.1326994E-04
    34500.00  0.1347952E-05   0.1179764E-04   0.1314560E-04
    34700.00  0.1318189E-05   0.1170634E-04   0.1302453E-04
    34900.00  0.1288859E-05   0.1161628E-04   0.1290514E-04
    35100.00  0.1260572E-05   0.1152746E-04   0.1278803E-04
    35300.00  0.1233076E-05   0.1143985E-04   0.1267292E-04
    35500.00  0.1205613E-05   0.1135342E-04   0.1255903E-04
    35700.00  0.1179691E-05   0.1126815E-04   0.1244784E-04
    35900.00  0.1156330E-05   0.1118402E-04   0.1234035E-04
    36100.00  0.1129375E-05   0.1110101E-04   0.1223038E-04
    36300.00  0.1107430E-05   0.1101909E-04   0.1212652E-04
    36500.00  0.1080575E-05   0.1093826E-04   0.1201883E-04
    36700.00  0.1061559E-05   0.1085848E-04   0.1192004E-04
    36900.00  0.1035217E-05   0.1077973E-04   0.1181495E-04
    37100.00  0.1017133E-05   0.1070201E-04   0.1171915E-04
    37300.00  0.9895444E-06   0.1062529E-04   0.1161483E-04
    37500.00  0.9618490E-06   0.1054955E-04   0.1151140E-04
    37700.00  0.9556269E-06   0.1047477E-04   0.1143040E-04
    37900.00  0.9370725E-06   0.1040095E-04   0.1133802E-04
    38100.00  0.9140419E-06   0.1032805E-04   0.1124209E-04
    38300.00  0.8962944E-06   0.1025606E-04   0.1115236E-04
    38500.00  0.8809601E-06   0.1018498E-04   0.1106594E-04
    38700.00  0.8636670E-06   0.1007551E-04   0.1093918E-04
    38900.00  0.8455323E-06   0.1000655E-04   0.1085208E-04
    39100.00  0.8231740E-06   0.9938432E-05   0.1076161E-04
    39300.00  0.8128917E-06   0.9871148E-05   0.1068404E-04
    39500.00  0.7971746E-06   0.9804681E-05   0.1060186E-04
    39700.00  0.7818959E-06   0.9739017E-05   0.1052091E-04
    39900.00  0.7667596E-06   0.9674143E-05   0.1044090E-04
    40100.00  0.7482612E-06   0.9610046E-05   0.1035831E-04
    40300.00  0.7317731E-06   0.9546712E-05   0.1027848E-04
    40500.00  0.7129218E-06   0.9484128E-05   0.1019705E-04
    40700.00  0.7084735E-06   0.9422282E-05   0.1013076E-04
    40900.00  0.6958823E-06   0.9361162E-05   0.1005704E-04
    41100.00  0.6827778E-06   0.9300678E-05   0.9983456E-05
    41300.00  0.6695828E-06   0.9240974E-05   0.9910557E-05
    41500.00  0.6561937E-06   0.9181961E-05   0.9838154E-05
    41700.00  0.6377697E-06   0.9123626E-05   0.9761396E-05
    41900.00  0.6321644E-06   0.9065960E-05   0.9698124E-05
    42100.00  0.6212675E-06   0.9008951E-05   0.9630219E-05
    42300.00  0.6098337E-06   0.8952589E-05   0.9562423E-05
    42500.00  0.5983755E-06   0.8896863E-05   0.9495239E-05
    42700.00  0.5877003E-06   0.8841764E-05   0.9429464E-05
    42900.00  0.5758351E-06   0.8787280E-05   0.9363115E-05
    43100.00  0.5646021E-06   0.8733357E-05   0.9297959E-05
    43300.00  0.5547248E-06   0.8680074E-05   0.9234799E-05
    43500.00  0.5431157E-06   0.8627379E-05   0.9170495E-05
    43700.00  0.5276943E-06   0.8575263E-05   0.9102957E-05
    43900.00  0.5222318E-06   0.8522752E-05   0.9044983E-05
    44100.00  0.5137977E-06   0.8471782E-05   0.8985579E-05
    44300.00  0.5048441E-06   0.8421364E-05   0.8926208E-05
    44500.00  0.4957562E-06   0.8371489E-05   0.8867245E-05
    44700.00  0.4870584E-06   0.8288351E-05   0.8775410E-05
    44900.00  0.4792032E-06   0.8124423E-05   0.8603626E-05
    45100.00  0.4705125E-06   0.8077350E-05   0.8547862E-05
    45300.00  0.4619606E-06   0.8030773E-05   0.8492734E-05
    45500.00  0.4542089E-06   0.7984686E-05   0.8438894E-05
    45700.00  0.4468307E-06   0.7939080E-05   0.8385910E-05
    45900.00  0.4386872E-06   0.7893948E-05   0.8332636E-05
    46100.00  0.4316251E-06   0.7849285E-05   0.8280910E-05
    46300.00  0.4238014E-06   0.7805082E-05   0.8228883E-05
    46500.00  0.4109548E-06   0.7761333E-05   0.8172288E-05
    46700.00  0.4046289E-06   0.7718031E-05   0.8122660E-05
    46900.00  0.4027414E-06   0.7675170E-05   0.8077912E-05
    47100.00  0.3970310E-06   0.7632744E-05   0.8029775E-05
    47300.00  0.3909918E-06   0.7590746E-05   0.7981738E-05
    47500.00  0.3841835E-06   0.7549170E-05   0.7933353E-05
    47700.00  0.3780902E-06   0.7508010E-05   0.7886100E-05
    47900.00  0.3721291E-06   0.7467260E-05   0.7839389E-05
    48100.00  0.3657801E-06   0.7426915E-05   0.7792695E-05
    48300.00  0.3602433E-06   0.7386968E-05   0.7747211E-05
    48500.00  0.3542899E-06   0.7347414E-05   0.7701704E-05
    48700.00  0.3485732E-06   0.7308248E-05   0.7656822E-05
    48900.00  0.3431105E-06   0.7269464E-05   0.7612575E-05
    49100.00  0.3378246E-06   0.7231058E-05   0.7568882E-05
    49300.00  0.3323865E-06   0.7193022E-05   0.7525409E-05
    49500.00  0.3270985E-06   0.7155354E-05   0.7482452E-05
    49700.00  0.3219457E-06   0.7118046E-05   0.7439992E-05
    49900.00  0.3168848E-06   0.7081096E-05   0.7397981E-05
    50100.00  0.3126865E-06   0.7044497E-05   0.7357183E-05
    50300.00  0.3094657E-06   0.7008245E-05   0.7317711E-05
    50500.00  0.3060176E-06   0.6972336E-05   0.7278353E-05
    50700.00  0.3030254E-06   0.6936764E-05   0.7239789E-05
    50900.00  0.3000017E-06   0.6901525E-05   0.7201527E-05
    51100.00  0.2962451E-06   0.6866616E-05   0.7162861E-05
    51300.00  0.2899444E-06   0.6832030E-05   0.7121975E-05
    51500.00  0.2905817E-06   0.6783253E-05   0.7073834E-05
    51700.00  0.2883055E-06   0.6749408E-05   0.7037714E-05
    51900.00  0.2853205E-06   0.6715874E-05   0.7001195E-05
    52100.00  0.2826188E-06   0.6682647E-05   0.6965265E-05
    52300.00  0.2798315E-06   0.6649722E-05   0.6929553E-05
    52500.00  0.2772446E-06   0.6617095E-05   0.6894340E-05
    52700.00  0.2746749E-06   0.6584764E-05   0.6859439E-05
    52900.00  0.2718667E-06   0.6552723E-05   0.6824590E-05
    53100.00  0.2693694E-06   0.6520970E-05   0.6790340E-05
    53300.00  0.2668381E-06   0.6489500E-05   0.6756339E-05
    53500.00  0.2643975E-06   0.6458311E-05   0.6722708E-05
    53700.00  0.2619750E-06   0.6427397E-05   0.6689372E-05
    53900.00  0.2595739E-06   0.6396757E-05   0.6656331E-05
    54100.00  0.2571974E-06   0.6366386E-05   0.6623584E-05
    54300.00  0.2547518E-06   0.6336264E-05   0.6591016E-05
    54500.00  0.2525524E-06   0.6306422E-05   0.6558974E-05
    54700.00  0.2502791E-06   0.6276839E-05   0.6527119E-05
    54900.00  0.2480098E-06   0.6247513E-05   0.6495523E-05
    55100.00  0.2458419E-06   0.6218440E-05   0.6464282E-05
    55300.00  0.2438040E-06   0.6189617E-05   0.6433421E-05
    55500.00  0.2414803E-06   0.6161041E-05   0.6402521E-05
    55700.00  0.2395229E-06   0.6132709E-05   0.6372232E-05
    55900.00  0.2373664E-06   0.6104618E-05   0.6341984E-05
    56100.00  0.2353195E-06   0.6076765E-05   0.6312084E-05
    56300.00  0.2332724E-06   0.6049147E-05   0.6282419E-05
    56500.00  0.2313523E-06   0.6021746E-05   0.6253098E-05
    56700.00  0.2293932E-06   0.5994588E-05   0.6223982E-05
    56900.00  0.2274003E-06   0.5967657E-05   0.6195058E-05
    57100.00  0.2255633E-06   0.5940951E-05   0.6166514E-05
    57300.00  0.2236638E-06   0.5914465E-05   0.6138129E-05
    57500.00  0.2218035E-06   0.5887899E-05   0.6109702E-05
    57700.00  0.2199619E-06   0.5861852E-05   0.6081814E-05
    57900.00  0.2181944E-06   0.5836019E-05   0.6054214E-05
    58100.00  0.2163714E-06   0.5810397E-05   0.6026769E-05
    58300.00  0.2146144E-06   0.5784984E-05   0.5999599E-05
    58500.00  0.2129991E-06   0.5700765E-05   0.5913765E-05
    58700.00  0.2111906E-06   0.5676051E-05   0.5887241E-05
    58900.00  0.2091649E-06   0.5651626E-05   0.5860791E-05
    59100.00  0.2055059E-06   0.5627397E-05   0.5832903E-05
    59300.00  0.2059974E-06   0.5603361E-05   0.5809359E-05
    59500.00  0.2045816E-06   0.5579517E-05   0.5784098E-05
    59700.00  0.2030348E-06   0.5555861E-05   0.5758896E-05
    59900.00  0.2014349E-06   0.5532392E-05   0.5733827E-05
    60100.00  0.1998823E-06   0.5509107E-05   0.5708990E-05
    60300.00  0.1983129E-06   0.5486005E-05   0.5684318E-05
    60500.00  0.1967740E-06   0.5463084E-05   0.5659858E-05
    60700.00  0.1952624E-06   0.5440341E-05   0.5635604E-05
    60900.00  0.1937745E-06   0.5417775E-05   0.5611549E-05
    61100.00  0.1922860E-06   0.5395383E-05   0.5587669E-05
    61300.00  0.1908473E-06   0.5373164E-05   0.5564011E-05
    61500.00  0.1894080E-06   0.5351115E-05   0.5540523E-05
    61700.00  0.1879870E-06   0.5329236E-05   0.5517223E-05
    61900.00  0.1865770E-06   0.5307523E-05   0.5494100E-05
    62100.00  0.1851886E-06   0.5285975E-05   0.5471164E-05
    62300.00  0.1838181E-06   0.5264591E-05   0.5448409E-05
    62500.00  0.1824443E-06   0.5243368E-05   0.5425812E-05
    62700.00  0.1811102E-06   0.5222305E-05   0.5403415E-05
    62900.00  0.1797898E-06   0.5201400E-05   0.5381190E-05
    63100.00  0.1784765E-06   0.5180652E-05   0.5359128E-05
    63300.00  0.1771993E-06   0.5160058E-05   0.5337257E-05
    63500.00  0.1759023E-06   0.5139617E-05   0.5315519E-05
    63700.00  0.1746509E-06   0.5119328E-05   0.5293978E-05
    63900.00  0.1733790E-06   0.5099188E-05   0.5272567E-05
    64200.00  0.1715304E-06   0.5069256E-05   0.5240786E-05
    64600.00  0.1691059E-06   0.5029856E-05   0.5198962E-05
    65000.00  0.1667323E-06   0.4991028E-05   0.5157760E-05
    65400.00  0.1644044E-06   0.4952759E-05   0.5117163E-05
    65800.00  0.1621353E-06   0.4915038E-05   0.5077173E-05
    66200.00  0.1598974E-06   0.4871815E-05   0.5031712E-05
    66600.00  0.1577110E-06   0.4835226E-05   0.4992937E-05
    67000.00  0.1555728E-06   0.4799150E-05   0.4954723E-05
    67400.00  0.1534687E-06   0.4763578E-05   0.4917046E-05
    67800.00  0.1514150E-06   0.4728499E-05   0.4879914E-05
    68200.00  0.1493861E-06   0.4693904E-05   0.4843290E-05
    68600.00  0.1474014E-06   0.4659783E-05   0.4807184E-05
    69000.00  0.1454632E-06   0.4626126E-05   0.4771590E-05
    69400.00  0.1435529E-06   0.4592916E-05   0.4736469E-05
    69800.00  0.1416742E-06   0.4560162E-05   0.4701836E-05
    70200.00  0.1398331E-06   0.4527846E-05   0.4667679E-05
    70600.00  0.1380252E-06   0.4495960E-05   0.4633985E-05
    71000.00  0.1362428E-06   0.4464495E-05   0.4600738E-05
    71400.00  0.1344959E-06   0.4433444E-05   0.4567940E-05
    71800.00  0.1327747E-06   0.4402796E-05   0.4535571E-05
    72200.00  0.1310823E-06   0.4372548E-05   0.4503631E-05
    72600.00  0.1294138E-06   0.4342691E-05   0.4472105E-05
    73000.00  0.1277728E-06   0.4313108E-05   0.4440880E-05
    73400.00  0.1261606E-06   0.4284011E-05   0.4410172E-05
    73800.00  0.1245754E-06   0.4255284E-05   0.4379859E-05
    74200.00  0.1229629E-06   0.4200989E-05   0.4323951E-05
    74600.00  0.1208858E-06   0.4173246E-05   0.4294132E-05
    75000.00  0.1193671E-06   0.4145848E-05   0.4265216E-05
    75400.00  0.1184089E-06   0.4118791E-05   0.4237199E-05
    75800.00  0.1169717E-06   0.4092066E-05   0.4209038E-05
    76200.00  0.1155147E-06   0.4065669E-05   0.4181183E-05
    76600.00  0.1140737E-06   0.4039593E-05   0.4153667E-05
    77000.00  0.1126589E-06   0.4013834E-05   0.4126492E-05
    77400.00  0.1112602E-06   0.3988384E-05   0.4099644E-05
    77800.00  0.1098796E-06   0.3963240E-05   0.4073120E-05
    78200.00  0.1085159E-06   0.3938396E-05   0.4046912E-05
    78600.00  0.1071686E-06   0.3913846E-05   0.4021014E-05
    79000.00  0.1058382E-06   0.3889585E-05   0.3995424E-05
    79400.00  0.1045241E-06   0.3865610E-05   0.3970134E-05
    79800.00  0.1032238E-06   0.3841914E-05   0.3945138E-05
    80200.00  0.1019408E-06   0.3818493E-05   0.3920434E-05
    80600.00  0.1006712E-06   0.3795343E-05   0.3896014E-05
    81000.00  0.9941640E-07   0.3772459E-05   0.3871875E-05
    81400.00  0.9817666E-07   0.3749836E-05   0.3848012E-05
    81800.00  0.9694784E-07   0.3727470E-05   0.3824418E-05
    82200.00  0.9573267E-07   0.3705358E-05   0.3801090E-05
    82600.00  0.9452905E-07   0.3680711E-05   0.3775240E-05
    83000.00  0.9334039E-07   0.3659118E-05   0.3752458E-05
    83400.00  0.9216055E-07   0.3637765E-05   0.3729925E-05
    83800.00  0.9099462E-07   0.3616649E-05   0.3707644E-05
    84200.00  0.8983842E-07   0.3595766E-05   0.3685604E-05
    84600.00  0.8869302E-07   0.3575112E-05   0.3663805E-05
    85000.00  0.8756030E-07   0.3554683E-05   0.3642243E-05
    85400.00  0.8643482E-07   0.3534476E-05   0.3620911E-05
    85800.00  0.8532398E-07   0.3514488E-05   0.3599812E-05
    86200.00  0.8421976E-07   0.3494710E-05   0.3578929E-05
    86600.00  0.8312617E-07   0.3475148E-05   0.3558274E-05
    87000.00  0.8204262E-07   0.3455795E-05   0.3537838E-05
    87400.00  0.8096502E-07   0.3436647E-05   0.3517612E-05
    87800.00  0.7989964E-07   0.3417702E-05   0.3497601E-05
    88200.00  0.7884011E-07   0.3398955E-05   0.3477795E-05
    88600.00  0.7778975E-07   0.3380404E-05   0.3458193E-05
    89000.00  0.7674745E-07   0.3362043E-05   0.3438791E-05
    89400.00  0.7571399E-07   0.3343874E-05   0.3419588E-05
    89800.00  0.7468618E-07   0.3325893E-05   0.3400579E-05
    90200.00  0.7366871E-07   0.3308052E-05   0.3381721E-05
    90600.00  0.7265690E-07   0.3290439E-05   0.3363096E-05
    91000.00  0.7165341E-07   0.3273004E-05   0.3344657E-05
    91400.00  0.7065552E-07   0.3243297E-05   0.3313953E-05
    91800.00  0.6966397E-07   0.3226303E-05   0.3295967E-05
    92200.00  0.6868021E-07   0.3209492E-05   0.3278173E-05
    92600.00  0.6770339E-07   0.3192849E-05   0.3260552E-05
    93000.00  0.6673063E-07   0.3176371E-05   0.3243101E-05
    93400.00  0.6576524E-07   0.3160055E-05   0.3225820E-05
    93800.00  0.6480382E-07   0.3143899E-05   0.3208703E-05
    94200.00  0.6385053E-07   0.3127901E-05   0.3191752E-05
    94600.00  0.6290211E-07   0.3112060E-05   0.3174962E-05
    95000.00  0.6195903E-07   0.3096371E-05   0.3158330E-05
    95400.00  0.6102132E-07   0.3080834E-05   0.3141856E-05
    95800.00  0.6008878E-07   0.3065447E-05   0.3125535E-05
    96200.00  0.5916125E-07   0.3050206E-05   0.3109367E-05
    96600.00  0.5823912E-07   0.3035111E-05   0.3093350E-05
    97000.00  0.5732151E-07   0.3020159E-05   0.3077480E-05
    97400.00  0.5640881E-07   0.3005347E-05   0.3061756E-05
    97800.00  0.5550031E-07   0.2990676E-05   0.3046176E-05
    98200.00  0.5459731E-07   0.2976141E-05   0.3030738E-05
    98600.00  0.5369784E-07   0.2961742E-05   0.3015440E-05
    99000.00  0.5280204E-07   0.2947476E-05   0.3000278E-05
    99400.00  0.5191114E-07   0.2933342E-05   0.2985253E-05
    99800.00  0.5102463E-07   0.2919339E-05   0.2970363E-05
   100200.00  0.5014260E-07   0.6185419E-06   0.6686845E-06
   200000.00  0.2401813E-08   0.1552546E-06   0.1576565E-06
   400000.00  0.1714842E-09   0.3881366E-07   0.3898515E-07
   600000.00  0.1644376E-10   0.1725052E-07   0.1726696E-07
   800000.00  0.6836707E-11   0.9703415E-08   0.9710252E-08
  1000000.00  0.2160155E-11   0.6210186E-08   0.6212346E-08
  1200000.00  0.1483970E-11   0.4312629E-08   0.4314113E-08
  1400000.00  0.1185999E-11   0.3168462E-08   0.3169648E-08
  1600000.00  0.1033484E-11   0.2425854E-08   0.2426887E-08
