       91.00  0.2799466E-24   0.0000000E+00   0.2799466E-24
       94.00  0.4479142E-24   0.0000000E+00   0.4479142E-24
       96.00  0.5598940E-24   0.0000000E+00   0.5598940E-24
       98.00  0.6718705E-24   0.0000000E+00   0.6718705E-24
      100.00  0.7838510E-24   0.0000000E+00   0.7838510E-24
      102.00  0.8958289E-24   0.0000000E+00   0.8958289E-24
      104.00  0.1007808E-23   0.0000000E+00   0.1007808E-23
      106.00  0.1119786E-23   0.0000000E+00   0.1119786E-23
      108.00  0.1231762E-23   0.0000000E+00   0.1231762E-23
      110.00  0.5464177E-17   0.0000000E+00   0.5464177E-17
      114.00  0.1639253E-16   0.0000000E+00   0.1639253E-16
      118.00  0.6557017E-16   0.0000000E+00   0.6557017E-16
      121.00  0.1693898E-15   0.0000000E+00   0.1693898E-15
      125.00  0.5245607E-15   0.0000000E+00   0.5245607E-15
      127.00  0.9015881E-15   0.0000000E+00   0.9015881E-15
      128.00  0.1196658E-14   0.0000000E+00   0.1196658E-14
      131.00  0.2524457E-14   0.0000000E+00   0.2524457E-14
      132.00  0.3185616E-14   0.0000000E+00   0.3185616E-14
      134.00  0.5065296E-14   0.0000000E+00   0.5065296E-14
      137.00  0.9655222E-14   0.0000000E+00   0.9655222E-14
      140.00  0.1777503E-13   0.0000000E+00   0.1777503E-13
      143.00  0.3198754E-13   0.0000000E+00   0.3198754E-13
      147.00  0.6534707E-13   0.0000000E+00   0.6534707E-13
      151.00  0.1260839E-12   0.0000000E+00   0.1260839E-12
      155.00  0.2297577E-12   0.0000000E+00   0.2297577E-12
      159.00  0.4006453E-12   0.0000000E+00   0.4006453E-12
      162.00  0.5863364E-12   0.0000000E+00   0.5863364E-12
      166.00  0.9036551E-12   0.0000000E+00   0.9036551E-12
      170.00  0.1401086E-11   0.0000000E+00   0.1401086E-11
      173.00  0.1876318E-11   0.0000000E+00   0.1876318E-11
      177.00  0.2752837E-11   0.0000000E+00   0.2752837E-11
      180.00  0.3633628E-11   0.0000000E+00   0.3633628E-11
      182.00  0.4332030E-11   0.0000000E+00   0.4332030E-11
      186.00  0.6152594E-11   0.0000000E+00   0.6152594E-11
      191.00  0.9507624E-11   0.0000000E+00   0.9507624E-11
      194.00  0.1240654E-10   0.0000000E+00   0.1240654E-10
      198.00  0.1781468E-10   0.0000000E+00   0.1781468E-10
      202.00  0.2575653E-10   0.0000000E+00   0.2575653E-10
      205.00  0.3490605E-10   0.0000000E+00   0.3490605E-10
      210.00  0.5664260E-10   0.0000000E+00   0.5664260E-10
      216.00  0.1033171E-09   0.0000000E+00   0.1033171E-09
      220.00  0.1554985E-09   0.0000000E+00   0.1554985E-09
      223.00  0.2112492E-09   0.0000000E+00   0.2112492E-09
      227.00  0.3142998E-09   0.0000000E+00   0.3142998E-09
      228.00  0.3451903E-09   0.0000000E+00   0.3451903E-09
      228.00  0.1401493E-06   0.0000000E+00   0.1401493E-06
      230.00  0.6160474E-07   0.0000000E+00   0.6160474E-07
      234.00  0.2186939E-06   0.0000000E+00   0.2186939E-06
      240.00  0.1598191E-05   0.0000000E+00   0.1598191E-05
      246.00  0.1162966E-05   0.0000000E+00   0.1162966E-05
      252.00  0.1888532E-05   0.0000000E+00   0.1888532E-05
      257.00  0.4428539E-05   0.0000000E+00   0.4428539E-05
      260.00  0.3159434E-05   0.0000000E+00   0.3159434E-05
      264.00  0.1653573E-04   0.0000000E+00   0.1653573E-04
      269.00  0.2491478E-04   0.0000000E+00   0.2491478E-04
      274.00  0.8243495E-05   0.0000000E+00   0.8243495E-05
      279.00  0.1736179E-04   0.0000000E+00   0.1736179E-04
      284.00  0.2179008E-04   0.0000000E+00   0.2179008E-04
      290.00  0.2375711E-04   0.0000000E+00   0.2375711E-04
      296.00  0.2743346E-04   0.0000000E+00   0.2743346E-04
      301.00  0.1164647E-03   0.0000000E+00   0.1164647E-03
      308.00  0.2549512E-03   0.0000000E+00   0.2549512E-03
      318.00  0.2644652E-03   0.0000000E+00   0.2644652E-03
      328.00  0.6252614E-04   0.0000000E+00   0.6252614E-04
      338.00  0.1604898E-03   0.0000000E+00   0.1604898E-03
      348.00  0.2821280E-03   0.0000000E+00   0.2821280E-03
      353.30  0.3561949E-03   0.0000000E+00   0.3561949E-03
      353.30  0.4063468E-03   0.0000000E+00   0.4063468E-03
      357.00  0.3710946E-03   0.0000000E+00   0.3710946E-03
      366.00  0.2853463E-03   0.0000000E+00   0.2853463E-03
      375.00  0.6206352E-03   0.0000000E+00   0.6206352E-03
      385.00  0.6337021E-03   0.0000000E+00   0.6337021E-03
      395.00  0.5652312E-03   0.0000000E+00   0.5652312E-03
      405.00  0.7215294E-03   0.0000000E+00   0.7215294E-03
      414.00  0.9842814E-03   0.0000000E+00   0.9842814E-03
      422.00  0.1061372E-02   0.0000000E+00   0.1061372E-02
      430.00  0.1120896E-02   0.0000000E+00   0.1120896E-02
      441.00  0.1337495E-02   0.0000000E+00   0.1337495E-02
      451.00  0.1548144E-02   0.0000000E+00   0.1548144E-02
      460.00  0.1649319E-02   0.0000000E+00   0.1649319E-02
      470.00  0.1837999E-02   0.0000000E+00   0.1837999E-02
      480.00  0.2125124E-02   0.0000000E+00   0.2125124E-02
      490.00  0.1750056E-02   0.0000000E+00   0.1750056E-02
      500.00  0.2570608E-02   0.0000000E+00   0.2570608E-02
      504.60  0.3233602E-02   0.0000000E+00   0.3233602E-02
      504.60  0.9477130E-02   0.0000000E+00   0.9477130E-02
      506.00  0.1055753E-01   0.0000000E+00   0.1055753E-01
      512.00  0.1379873E-01   0.0000000E+00   0.1379873E-01
      520.00  0.1423613E-01   0.0000000E+00   0.1423613E-01
      530.00  0.1523497E-01   0.0000000E+00   0.1523497E-01
      540.00  0.3358216E-02   0.0000000E+00   0.3358216E-02
      550.00  0.1657102E-01   0.0000000E+00   0.1657102E-01
      560.00  0.1487150E-01   0.0000000E+00   0.1487150E-01
      570.00  0.1675706E-01   0.0000000E+00   0.1675706E-01
      580.00  0.6338480E-02   0.0000000E+00   0.6338480E-02
      590.00  0.1679959E-01   0.0000000E+00   0.1679959E-01
      600.00  0.1649562E-01   0.0000000E+00   0.1649562E-01
      610.00  0.1489498E-01   0.0000000E+00   0.1489498E-01
      620.00  0.1691334E-01   0.0000000E+00   0.1691334E-01
      630.00  0.1667080E-01   0.0000000E+00   0.1667080E-01
      640.00  0.1700797E-01   0.0000000E+00   0.1700797E-01
      650.00  0.1255908E-01   0.0000000E+00   0.1255908E-01
      658.00  0.1083502E-01   0.0000000E+00   0.1083502E-01
      665.00  0.1496279E-01   0.0000000E+00   0.1496279E-01
      675.00  0.1710418E-01   0.0000000E+00   0.1710418E-01
      685.00  0.1365428E-01   0.0000000E+00   0.1365428E-01
      695.00  0.9245185E-02   0.0000000E+00   0.9245185E-02
      705.00  0.2088849E-01   0.0000000E+00   0.2088849E-01
      716.00  0.1761861E-01   0.0000000E+00   0.1761861E-01
      726.00  0.1770648E-01   0.0000000E+00   0.1770648E-01
      735.00  0.1777055E-01   0.0000000E+00   0.1777055E-01
      745.00  0.1786596E-01   0.0000000E+00   0.1786596E-01
      755.00  0.1793809E-01   0.0000000E+00   0.1793809E-01
      765.00  0.2050193E-01   0.0000000E+00   0.2050193E-01
      775.00  0.1813934E-01   0.0000000E+00   0.1813934E-01
      785.00  0.7356335E-02   0.0000000E+00   0.7356335E-02
      795.00  0.1822827E-01   0.0000000E+00   0.1822827E-01
      805.00  0.1836603E-01   0.0000000E+00   0.1836603E-01
      815.00  0.1810241E-01   0.0000000E+00   0.1810241E-01
      825.00  0.1849965E-01   0.0000000E+00   0.1849965E-01
      835.00  0.2109787E-01   0.0000000E+00   0.2109787E-01
      845.00  0.1866327E-01   0.0000000E+00   0.1866327E-01
      855.00  0.1741566E-01   0.0000000E+00   0.1741566E-01
      865.00  0.1871435E-01   0.0000000E+00   0.1871435E-01
      875.00  0.1875858E-01   0.0000000E+00   0.1875858E-01
      885.00  0.1879350E-01   0.0000000E+00   0.1879350E-01
      895.00  0.1881556E-01   0.0000000E+00   0.1881556E-01
      905.00  0.1879434E-01   0.0000000E+00   0.1879434E-01
      912.40  0.1875077E-01   0.2000628E-04   0.1877078E-01
      912.40  0.1283442E+00   0.2000645E-04   0.1283642E+00
      915.00  0.1284575E+00   0.2631965E-04   0.1284838E+00
      925.00  0.1288932E+00   0.2861311E-04   0.1289218E+00
      935.00  0.1306949E+00   0.3104352E-04   0.1307259E+00
      945.00  0.1267485E+00   0.3361448E-04   0.1267821E+00
      955.00  0.1371980E+00   0.3632951E-04   0.1372343E+00
      965.00  0.1396129E+00   0.3919198E-04   0.1396521E+00
      975.00  0.1015217E+00   0.4220507E-04   0.1015639E+00
      985.00  0.1346821E+00   0.4537184E-04   0.1347275E+00
      995.00  0.1330207E+00   0.4869517E-04   0.1330694E+00
     1005.00  0.1303764E+00   0.5217779E-04   0.1304286E+00
     1015.00  0.1253121E+00   0.5582225E-04   0.1253679E+00
     1025.00  0.1093849E+00   0.5963092E-04   0.1094445E+00
     1035.00  0.1195649E+00   0.6360602E-04   0.1196285E+00
     1045.00  0.1232679E+00   0.6775344E-04   0.1233357E+00
     1055.00  0.1206016E+00   0.7207201E-04   0.1206737E+00
     1065.00  0.1160509E+00   0.7656278E-04   0.1161275E+00
     1075.00  0.9294500E-01   0.8122722E-04   0.9302623E-01
     1085.00  0.1083215E+00   0.8606665E-04   0.1084076E+00
     1095.00  0.1104971E+00   0.9108216E-04   0.1105882E+00
     1105.00  0.1077255E+00   0.9627471E-04   0.1078218E+00
     1115.00  0.1036914E+00   0.1016449E-03   0.1037930E+00
     1125.00  0.6373536E-01   0.1071931E-03   0.6384255E-01
     1135.00  0.1010779E+00   0.1129201E-03   0.1011908E+00
     1145.00  0.9814612E-01   0.1188259E-03   0.9826495E-01
     1155.00  0.7308423E-01   0.1249107E-03   0.7320914E-01
     1165.00  0.8094765E-01   0.1311744E-03   0.8107882E-01
     1175.00  0.6826787E-01   0.1376167E-03   0.6840549E-01
     1185.00  0.9035640E-01   0.1442372E-03   0.9050064E-01
     1195.00  0.8632756E-01   0.1510353E-03   0.8647860E-01
     1205.00  0.7500694E-01   0.1580103E-03   0.7516495E-01
     1215.00  0.7099742E-01   0.1651613E-03   0.7116258E-01
     1225.00  0.7665016E-01   0.3659028E-03   0.7701606E-01
     1235.00  0.8089983E-01   0.5488767E-03   0.8144871E-01
     1245.00  0.7693228E-01   0.7056615E-03   0.7763794E-01
     1255.00  0.7629236E-01   0.8408191E-03   0.7713318E-01
     1265.00  0.7618615E-01   0.9577310E-03   0.7714388E-01
     1275.00  0.7490538E-01   0.1059070E-02   0.7596445E-01
     1285.00  0.7119187E-01   0.1147017E-02   0.7233889E-01
     1295.00  0.6849939E-01   0.1223389E-02   0.6972278E-01
     1305.00  0.6994728E-01   0.1289714E-02   0.7123699E-01
     1315.00  0.6772730E-01   0.1347296E-02   0.6907460E-01
     1325.00  0.6606817E-01   0.1397251E-02   0.6746542E-01
     1335.00  0.6575724E-01   0.1440538E-02   0.6719778E-01
     1345.00  0.5820794E-01   0.1477992E-02   0.5968593E-01
     1355.00  0.6359173E-01   0.1510334E-02   0.6510206E-01
     1365.00  0.6212049E-01   0.1538194E-02   0.6365868E-01
     1375.00  0.6081637E-01   0.1562125E-02   0.6237849E-01
     1385.00  0.5792678E-01   0.1582607E-02   0.5950939E-01
     1395.00  0.5047924E-01   0.1600066E-02   0.5207931E-01
     1405.00  0.5796190E-01   0.1614873E-02   0.5957677E-01
     1415.00  0.5580788E-01   0.1627358E-02   0.5743524E-01
     1425.00  0.5261064E-01   0.1637808E-02   0.5424845E-01
     1435.00  0.5323204E-01   0.1646482E-02   0.5487852E-01
     1442.00  0.5317472E-01   0.1651618E-02   0.5482634E-01
     1447.00  0.5267808E-01   0.1654860E-02   0.5433294E-01
     1455.00  0.5201049E-01   0.1659375E-02   0.5366986E-01
     1465.00  0.5076270E-01   0.1663973E-02   0.5242667E-01
     1475.00  0.4951128E-01   0.1667555E-02   0.5117883E-01
     1485.00  0.4854935E-01   0.1670261E-02   0.5021961E-01
     1495.00  0.4816032E-01   0.1672215E-02   0.4983253E-01
     1505.00  0.4680720E-01   0.1673526E-02   0.4848073E-01
     1512.00  0.4581261E-01   0.1674116E-02   0.4748673E-01
     1517.00  0.4569271E-01   0.1674390E-02   0.4736710E-01
     1525.00  0.4408586E-01   0.1674604E-02   0.4576046E-01
     1535.00  0.4360288E-01   0.1674535E-02   0.4527741E-01
     1545.00  0.1666600E-01   0.1674153E-02   0.1834015E-01
     1555.00  0.4343664E-01   0.1673491E-02   0.4511013E-01
     1565.00  0.3116648E-01   0.1672627E-02   0.3283911E-01
     1575.00  0.4095455E-01   0.1671611E-02   0.4262616E-01
     1585.00  0.3240738E-01   0.1670486E-02   0.3407787E-01
     1595.00  0.3981064E-01   0.1669290E-02   0.4147993E-01
     1605.00  0.3908725E-01   0.1668056E-02   0.4075531E-01
     1615.00  0.3840764E-01   0.1666812E-02   0.4007445E-01
     1625.00  0.3780677E-01   0.1665585E-02   0.3947236E-01
     1635.00  0.3721642E-01   0.1664385E-02   0.3888081E-01
     1645.00  0.3642763E-01   0.1663237E-02   0.3809087E-01
     1655.00  0.3591984E-01   0.1662164E-02   0.3758200E-01
     1665.00  0.3536712E-01   0.1661182E-02   0.3702830E-01
     1672.00  0.3483636E-01   0.1660555E-02   0.3649692E-01
     1677.00  0.3472301E-01   0.1660141E-02   0.3638315E-01
     1685.00  0.3422884E-01   0.1659540E-02   0.3588838E-01
     1695.00  0.3359465E-01   0.1658901E-02   0.3525355E-01
     1705.00  0.3298954E-01   0.1658395E-02   0.3464794E-01
     1715.00  0.3235530E-01   0.1658029E-02   0.3401333E-01
     1725.00  0.3181278E-01   0.1657808E-02   0.3347059E-01
     1735.00  0.3136204E-01   0.1657737E-02   0.3301978E-01
     1745.00  0.3082000E-01   0.1657820E-02   0.3247782E-01
     1755.00  0.3036731E-01   0.1658060E-02   0.3202537E-01
     1765.00  0.2973258E-01   0.1658457E-02   0.3139104E-01
     1775.00  0.2928478E-01   0.1659015E-02   0.3094380E-01
     1785.00  0.2886411E-01   0.1659734E-02   0.3052384E-01
     1795.00  0.2842905E-01   0.1660610E-02   0.3008966E-01
     1805.00  0.2800514E-01   0.1661644E-02   0.2966678E-01
     1815.00  0.2747199E-01   0.1662839E-02   0.2913483E-01
     1825.00  0.2706730E-01   0.1664191E-02   0.2873149E-01
     1835.00  0.2663514E-01   0.1665702E-02   0.2830084E-01
     1845.00  0.2603178E-01   0.1667367E-02   0.2769915E-01
     1855.00  0.2557152E-01   0.1669186E-02   0.2724071E-01
     1865.00  0.2525117E-01   0.1671156E-02   0.2692233E-01
     1875.00  0.2496203E-01   0.1673275E-02   0.2663531E-01
     1885.00  0.2437689E-01   0.1675540E-02   0.2605243E-01
     1895.00  0.2388087E-01   0.1677949E-02   0.2555882E-01
     1905.00  0.2370017E-01   0.1680498E-02   0.2538067E-01
     1915.00  0.2323007E-01   0.1683185E-02   0.2491325E-01
     1925.00  0.2283553E-01   0.1686006E-02   0.2452154E-01
     1935.00  0.2260568E-01   0.1688958E-02   0.2429464E-01
     1945.00  0.2233980E-01   0.1692028E-02   0.2403183E-01
     1955.00  0.2181654E-01   0.1695209E-02   0.2351175E-01
     1967.00  0.2158897E-01   0.1699181E-02   0.2328815E-01
     1976.00  0.2138177E-01   0.1702268E-02   0.2308404E-01
     1984.00  0.2101965E-01   0.1705087E-02   0.2272474E-01
     1995.00  0.2059651E-01   0.1709077E-02   0.2230559E-01
     2005.00  0.2039566E-01   0.1712815E-02   0.2210847E-01
     2015.00  0.2014253E-01   0.1716653E-02   0.2185918E-01
     2025.00  0.1989116E-01   0.1720589E-02   0.2161175E-01
     2035.00  0.1952182E-01   0.1724683E-02   0.2124650E-01
     2045.00  0.1923803E-01   0.1728894E-02   0.2096692E-01
     2055.00  0.1908049E-01   0.9983586E-03   0.2007885E-01
     2065.00  0.1887043E-01   0.9945637E-03   0.1986499E-01
     2074.00  0.1877856E-01   0.9912436E-03   0.1976980E-01
     2078.00  0.1856777E-01   0.9897966E-03   0.1955757E-01
     2085.00  0.1840322E-01   0.9873060E-03   0.1939053E-01
     2095.00  0.1808108E-01   0.9838386E-03   0.1906492E-01
     2105.00  0.1789317E-01   0.9804758E-03   0.1887365E-01
     2115.00  0.1766093E-01   0.9772153E-03   0.1863815E-01
     2125.00  0.1743240E-01   0.9740548E-03   0.1840645E-01
     2135.00  0.1716784E-01   0.9709921E-03   0.1813883E-01
     2145.00  0.1690359E-01   0.9680249E-03   0.1787161E-01
     2155.00  0.1669376E-01   0.9651512E-03   0.1765891E-01
     2165.00  0.1645151E-01   0.9623686E-03   0.1741388E-01
     2175.00  0.1621198E-01   0.9596754E-03   0.1717166E-01
     2185.00  0.1599805E-01   0.9570701E-03   0.1695512E-01
     2195.00  0.1579209E-01   0.9545496E-03   0.1674664E-01
     2205.00  0.1556345E-01   0.9521120E-03   0.1651556E-01
     2215.00  0.1533898E-01   0.9497552E-03   0.1628874E-01
     2225.00  0.1511310E-01   0.9474773E-03   0.1606058E-01
     2235.00  0.1491341E-01   0.9452764E-03   0.1585869E-01
     2245.00  0.1471578E-01   0.9431503E-03   0.1565893E-01
     2255.00  0.1450380E-01   0.9410973E-03   0.1544490E-01
     2265.00  0.1431368E-01   0.9391156E-03   0.1525280E-01
     2275.00  0.1411756E-01   0.9372032E-03   0.1505476E-01
     2285.00  0.1393640E-01   0.9353437E-03   0.1487174E-01
     2295.00  0.1370416E-01   0.9335345E-03   0.1463769E-01
     2305.00  0.1355634E-01   0.9317883E-03   0.1448813E-01
     2315.00  0.1336759E-01   0.9301031E-03   0.1429769E-01
     2325.00  0.1296140E-01   0.9284775E-03   0.1388988E-01
     2335.00  0.1299804E-01   0.9269098E-03   0.1392495E-01
     2345.00  0.1281895E-01   0.9253984E-03   0.1374435E-01
     2355.00  0.1266765E-01   0.9239416E-03   0.1359159E-01
     2365.00  0.1248813E-01   0.9225380E-03   0.1341067E-01
     2375.00  0.1232710E-01   0.9211862E-03   0.1324829E-01
     2385.00  0.1215155E-01   0.9198845E-03   0.1307143E-01
     2395.00  0.1200398E-01   0.9186315E-03   0.1292261E-01
     2405.00  0.1184537E-01   0.9174261E-03   0.1276280E-01
     2415.00  0.1169150E-01   0.9162670E-03   0.1260777E-01
     2425.00  0.1154998E-01   0.9151525E-03   0.1246513E-01
     2435.00  0.1139429E-01   0.9140813E-03   0.1230837E-01
     2445.00  0.1125300E-01   0.9130521E-03   0.1216605E-01
     2455.00  0.1111131E-01   0.9120637E-03   0.1202337E-01
     2465.00  0.1096238E-01   0.9111148E-03   0.1187349E-01
     2475.00  0.1082256E-01   0.9102041E-03   0.1173276E-01
     2485.00  0.1068762E-01   0.9093306E-03   0.1159695E-01
     2495.00  0.1048343E-01   0.9084931E-03   0.1139192E-01
     2505.00  0.1042174E-01   0.9076904E-03   0.1132943E-01
     2513.00  0.1028815E-01   0.9070726E-03   0.1119522E-01
     2518.00  0.1024836E-01   0.9066971E-03   0.1115506E-01
     2525.00  0.1015335E-01   0.9061851E-03   0.1105954E-01
     2535.00  0.1002169E-01   0.9054806E-03   0.1092717E-01
     2545.00  0.9890649E-02   0.9048081E-03   0.1079546E-01
     2555.00  0.9783423E-02   0.9041654E-03   0.1068759E-01
     2565.00  0.9659856E-02   0.9035515E-03   0.1056341E-01
     2575.00  0.9544857E-02   0.9029654E-03   0.1044782E-01
     2585.00  0.9428430E-02   0.9024062E-03   0.1033084E-01
     2595.00  0.9311495E-02   0.9018730E-03   0.1021337E-01
     2605.00  0.9194939E-02   0.8825290E-03   0.1007747E-01
     2615.00  0.9103528E-02   0.8820801E-03   0.9985608E-02
     2625.00  0.8996443E-02   0.8816556E-03   0.9878099E-02
     2635.00  0.8888820E-02   0.8812547E-03   0.9770075E-02
     2645.00  0.8799764E-02   0.8808765E-03   0.9680640E-02
     2655.00  0.8692743E-02   0.8805202E-03   0.9573263E-02
     2665.00  0.8579461E-02   0.8801850E-03   0.9459646E-02
     2675.00  0.8476254E-02   0.8798701E-03   0.9356124E-02
     2685.00  0.8389060E-02   0.8795748E-03   0.9268635E-02
     2695.00  0.8271127E-02   0.8792983E-03   0.9150425E-02
     2705.00  0.8187641E-02   0.8790399E-03   0.9066681E-02
     2715.00  0.8086636E-02   0.8787990E-03   0.8965435E-02
     2725.00  0.7974413E-02   0.8785747E-03   0.8852988E-02
     2735.00  0.7897710E-02   0.8783666E-03   0.8776077E-02
     2745.00  0.7793979E-02   0.8781738E-03   0.8672153E-02
     2755.00  0.7705208E-02   0.8779958E-03   0.8583204E-02
     2765.00  0.7605586E-02   0.8778321E-03   0.8483418E-02
     2775.00  0.7535496E-02   0.8776818E-03   0.8413178E-02
     2785.00  0.7447320E-02   0.8775445E-03   0.8324865E-02
     2795.00  0.7330356E-02   0.8774196E-03   0.8207776E-02
     2805.00  0.7261621E-02   0.8773066E-03   0.8138928E-02
     2815.00  0.7195934E-02   0.8772048E-03   0.8073139E-02
     2825.00  0.7096574E-02   0.8771138E-03   0.7973688E-02
     2835.00  0.7015086E-02   0.8770330E-03   0.7892119E-02
     2845.00  0.6946319E-02   0.8769619E-03   0.7823281E-02
     2855.00  0.6866249E-02   0.8768916E-03   0.7743141E-02
     2865.00  0.6792281E-02   0.8768208E-03   0.7669102E-02
     2875.00  0.6714234E-02   0.8767575E-03   0.7590991E-02
     2885.00  0.6641888E-02   0.8767013E-03   0.7518589E-02
     2895.00  0.6569421E-02   0.8766517E-03   0.7446073E-02
     2910.00  0.6462181E-02   0.8765890E-03   0.7338770E-02
     2930.00  0.6315966E-02   0.8765248E-03   0.7192491E-02
     2950.00  0.6161669E-02   0.8764800E-03   0.7038149E-02
     2970.00  0.6039074E-02   0.8764518E-03   0.6915526E-02
     2990.00  0.5907594E-02   0.8764373E-03   0.6784031E-02
     3010.00  0.5782042E-02   0.8764340E-03   0.6658476E-02
     3030.00  0.5658555E-02   0.8764394E-03   0.6534994E-02
     3050.00  0.5534814E-02   0.8764526E-03   0.6411267E-02
     3070.00  0.5419376E-02   0.8764719E-03   0.6295848E-02
     3090.00  0.5305242E-02   0.8764940E-03   0.6181736E-02
     3110.00  0.5194494E-02   0.8765168E-03   0.6071011E-02
     3130.00  0.5081740E-02   0.8722818E-03   0.5954022E-02
     3150.00  0.4978859E-02   0.8723103E-03   0.5851169E-02
     3170.00  0.4878288E-02   0.8723352E-03   0.5750623E-02
     3190.00  0.4766602E-02   0.8723549E-03   0.5638957E-02
     3210.00  0.4679136E-02   0.8723679E-03   0.5551504E-02
     3230.00  0.4584429E-02   0.8723729E-03   0.5456802E-02
     3250.00  0.4491306E-02   0.8723688E-03   0.5363675E-02
     3270.00  0.4403552E-02   0.8723390E-03   0.5275891E-02
     3290.00  0.4315082E-02   0.8722875E-03   0.5187370E-02
     3310.00  0.4232424E-02   0.8722214E-03   0.5104645E-02
     3330.00  0.4147942E-02   0.8721399E-03   0.5020082E-02
     3350.00  0.4061791E-02   0.8720421E-03   0.4933833E-02
     3370.00  0.3984610E-02   0.8719273E-03   0.4856537E-02
     3390.00  0.3907406E-02   0.8717948E-03   0.4779201E-02
     3410.00  0.3832639E-02   0.8716440E-03   0.4704283E-02
     3430.00  0.3745852E-02   0.8294057E-03   0.4575258E-02
     3450.00  0.3694337E-02   0.8291019E-03   0.4523439E-02
     3470.00  0.3633510E-02   0.8287824E-03   0.4462292E-02
     3490.00  0.3565589E-02   0.8284466E-03   0.4394036E-02
     3510.00  0.3502246E-02   0.8280924E-03   0.4330338E-02
     3530.00  0.3435823E-02   0.8277064E-03   0.4263529E-02
     3550.00  0.3372320E-02   0.8273007E-03   0.4199621E-02
     3570.00  0.3312680E-02   0.8268752E-03   0.4139555E-02
     3590.00  0.3246393E-02   0.8264296E-03   0.4072823E-02
     3610.00  0.3188238E-02   0.8259637E-03   0.4014202E-02
     3630.00  0.3129206E-02   0.8254773E-03   0.3954683E-02
     3640.00  0.3105960E-02   0.8252264E-03   0.3931186E-02
     3650.00  0.3484868E-02   0.2547815E-03   0.3739650E-02
     3670.00  0.3419076E-02   0.2533219E-03   0.3672398E-02
     3690.00  0.3333163E-02   0.2436765E-03   0.3576839E-02
     3710.00  0.3304233E-02   0.2422454E-03   0.3546478E-02
     3730.00  0.3246749E-02   0.2408414E-03   0.3487590E-02
     3750.00  0.3281820E-02   0.2394635E-03   0.3521284E-02
     3770.00  0.3240012E-02   0.2381110E-03   0.3478123E-02
     3790.00  0.3253575E-02   0.2367830E-03   0.3490358E-02
     3810.00  0.3271909E-02   0.2354789E-03   0.3507388E-02
     3830.00  0.3093467E-02   0.2341978E-03   0.3327665E-02
     3850.00  0.3213196E-02   0.2329391E-03   0.3446135E-02
     3870.00  0.3194471E-02   0.2317021E-03   0.3426173E-02
     3890.00  0.2915040E-02   0.2304861E-03   0.3145526E-02
     3910.00  0.3101788E-02   0.2292906E-03   0.3331079E-02
     3930.00  0.3052437E-02   0.2281148E-03   0.3280552E-02
     3950.00  0.2996222E-02   0.2269584E-03   0.3223180E-02
     3970.00  0.2710025E-02   0.2258210E-03   0.2935846E-02
     3990.00  0.2889720E-02   0.2247031E-03   0.3114423E-02
     4010.00  0.2867417E-02   0.2236027E-03   0.3091020E-02
     4030.00  0.2800572E-02   0.2225192E-03   0.3023091E-02
     4050.00  0.2779269E-02   0.2214522E-03   0.3000721E-02
     4070.00  0.2722333E-02   0.2204011E-03   0.2942734E-02
     4090.00  0.2603178E-02   0.2193656E-03   0.2822544E-02
     4110.00  0.2451564E-02   0.2183452E-03   0.2669909E-02
     4130.00  0.2576302E-02   0.2173394E-03   0.2793641E-02
     4150.00  0.2545714E-02   0.2163479E-03   0.2762062E-02
     4170.00  0.2512213E-02   0.2153702E-03   0.2727583E-02
     4190.00  0.2474036E-02   0.2144060E-03   0.2688442E-02
     4210.00  0.2433834E-02   0.2134549E-03   0.2647289E-02
     4230.00  0.2392936E-02   0.2125165E-03   0.2605452E-02
     4250.00  0.2352713E-02   0.2115904E-03   0.2564303E-02
     4270.00  0.2312368E-02   0.2106764E-03   0.2523044E-02
     4290.00  0.2274854E-02   0.2097742E-03   0.2484628E-02
     4310.00  0.2227409E-02   0.2088833E-03   0.2436292E-02
     4330.00  0.2117090E-02   0.2080036E-03   0.2325094E-02
     4350.00  0.2023889E-02   0.2071347E-03   0.2231024E-02
     4370.00  0.2122426E-02   0.2062765E-03   0.2328702E-02
     4390.00  0.2088921E-02   0.2054285E-03   0.2294350E-02
     4410.00  0.2068608E-02   0.2045905E-03   0.2273198E-02
     4430.00  0.2036070E-02   0.2037622E-03   0.2239832E-02
     4450.00  0.2006420E-02   0.2029434E-03   0.2209363E-02
     4470.00  0.1952024E-02   0.2021337E-03   0.2154158E-02
     4490.00  0.1942210E-02   0.2013331E-03   0.2143543E-02
     4510.00  0.1913752E-02   0.2005412E-03   0.2114293E-02
     4530.00  0.1883195E-02   0.1997579E-03   0.2082953E-02
     4550.00  0.1852754E-02   0.1989829E-03   0.2051737E-02
     4570.00  0.1826350E-02   0.1982161E-03   0.2024566E-02
     4590.00  0.1798466E-02   0.1974572E-03   0.1995923E-02
     4610.00  0.1771828E-02   0.1967060E-03   0.1968534E-02
     4630.00  0.1744238E-02   0.1959624E-03   0.1940200E-02
     4650.00  0.1716287E-02   0.1952261E-03   0.1911513E-02
     4670.00  0.1692209E-02   0.1944971E-03   0.1886706E-02
     4690.00  0.1666664E-02   0.1937751E-03   0.1860439E-02
     4710.00  0.1635063E-02   0.1930599E-03   0.1828123E-02
     4730.00  0.1617428E-02   0.1923515E-03   0.1809780E-02
     4750.00  0.1592753E-02   0.1916496E-03   0.1784403E-02
     4770.00  0.1570099E-02   0.1909542E-03   0.1761053E-02
     4790.00  0.1546529E-02   0.1902650E-03   0.1736794E-02
     4810.00  0.1522137E-02   0.1895816E-03   0.1711719E-02
     4830.00  0.1493623E-02   0.1889038E-03   0.1682527E-02
     4850.00  0.1427775E-02   0.1882319E-03   0.1616007E-02
     4870.00  0.1354457E-02   0.1875657E-03   0.1542023E-02
     4890.00  0.1426403E-02   0.1869051E-03   0.1613308E-02
     4910.00  0.1414040E-02   0.1862499E-03   0.1600290E-02
     4930.00  0.1386810E-02   0.1856002E-03   0.1572410E-02
     4950.00  0.1376017E-02   0.1849556E-03   0.1560973E-02
     4970.00  0.1357528E-02   0.1843163E-03   0.1541844E-02
     4990.00  0.1337996E-02   0.1836819E-03   0.1521678E-02
     5010.00  0.1313405E-02   0.1830525E-03   0.1496458E-02
     5030.00  0.1300607E-02   0.1824279E-03   0.1483035E-02
     5050.00  0.1279646E-02   0.1818081E-03   0.1461454E-02
     5070.00  0.1264949E-02   0.1811935E-03   0.1446142E-02
     5090.00  0.1247439E-02   0.1805862E-03   0.1428025E-02
     5110.00  0.1230144E-02   0.1799833E-03   0.1410127E-02
     5130.00  0.1212789E-02   0.1793846E-03   0.1392174E-02
     5150.00  0.1195497E-02   0.1787900E-03   0.1374287E-02
     5170.00  0.1178624E-02   0.1781995E-03   0.1356824E-02
     5190.00  0.1163054E-02   0.1776130E-03   0.1340667E-02
     5210.00  0.1147638E-02   0.1770305E-03   0.1324669E-02
     5230.00  0.1132075E-02   0.1764518E-03   0.1308527E-02
     5250.00  0.1117071E-02   0.1758770E-03   0.1292948E-02
     5270.00  0.1101445E-02   0.1753058E-03   0.1276751E-02
     5290.00  0.1087611E-02   0.1747383E-03   0.1262349E-02
     5310.00  0.1072914E-02   0.1741745E-03   0.1247088E-02
     5330.00  0.1058143E-02   0.1736141E-03   0.1231757E-02
     5350.00  0.1044516E-02   0.1730573E-03   0.1217573E-02
     5370.00  0.1030827E-02   0.1725038E-03   0.1203331E-02
     5390.00  0.1017463E-02   0.1719533E-03   0.1189416E-02
     5410.00  0.1003900E-02   0.1714060E-03   0.1175306E-02
     5430.00  0.9907333E-03   0.1708621E-03   0.1161595E-02
     5450.00  0.9777038E-03   0.1703213E-03   0.1148025E-02
     5470.00  0.9654282E-03   0.1697837E-03   0.1135212E-02
     5490.00  0.9531736E-03   0.1692492E-03   0.1122423E-02
     5510.00  0.9408222E-03   0.1687178E-03   0.1109540E-02
     5530.00  0.9286840E-03   0.1681893E-03   0.1096873E-02
     5550.00  0.9167605E-03   0.1676638E-03   0.1084424E-02
     5570.00  0.9051267E-03   0.1671413E-03   0.1072268E-02
     5590.00  0.8937698E-03   0.1666216E-03   0.1060391E-02
     5610.00  0.8825113E-03   0.1661048E-03   0.1048616E-02
     5630.00  0.8714335E-03   0.1655908E-03   0.1037024E-02
     5650.00  0.8602547E-03   0.1650795E-03   0.1025334E-02
     5670.00  0.8494469E-03   0.1645709E-03   0.1014018E-02
     5690.00  0.8393542E-03   0.1640651E-03   0.1003419E-02
     5710.00  0.8290550E-03   0.1424966E-03   0.9715516E-03
     5730.00  0.8189156E-03   0.1420327E-03   0.9609483E-03
     5750.00  0.8086532E-03   0.1415716E-03   0.9502248E-03
     5770.00  0.7990096E-03   0.1411133E-03   0.9401229E-03
     5790.00  0.7893149E-03   0.1406578E-03   0.9299727E-03
     5810.00  0.7797076E-03   0.1402050E-03   0.9199126E-03
     5830.00  0.7701393E-03   0.1397548E-03   0.9098941E-03
     5850.00  0.7605951E-03   0.1393073E-03   0.8999024E-03
     5870.00  0.7448476E-03   0.1388624E-03   0.8837100E-03
     5890.00  0.7417503E-03   0.1384201E-03   0.8801704E-03
     5910.00  0.7337277E-03   0.1379803E-03   0.8717080E-03
     5930.00  0.7248706E-03   0.1375431E-03   0.8624137E-03
     5950.00  0.7160599E-03   0.1371083E-03   0.8531682E-03
     5970.00  0.7077466E-03   0.1366759E-03   0.8444225E-03
     5990.00  0.6994317E-03   0.1362459E-03   0.8356776E-03
     6010.00  0.6911861E-03   0.1358184E-03   0.8270045E-03
     6030.00  0.6829908E-03   0.1353932E-03   0.8183840E-03
     6050.00  0.6748657E-03   0.1349703E-03   0.8098360E-03
     6070.00  0.6671408E-03   0.1345497E-03   0.8016905E-03
     6090.00  0.6594478E-03   0.1341314E-03   0.7935792E-03
     6110.00  0.6517722E-03   0.1337153E-03   0.7854875E-03
     6130.00  0.6440266E-03   0.1333015E-03   0.7773281E-03
     6150.00  0.6364724E-03   0.1328898E-03   0.7693622E-03
     6170.00  0.6292519E-03   0.1324803E-03   0.7617322E-03
     6190.00  0.6222448E-03   0.1320730E-03   0.7543178E-03
     6210.00  0.6151469E-03   0.1316678E-03   0.7468147E-03
     6230.00  0.6080538E-03   0.1312647E-03   0.7393185E-03
     6250.00  0.6008778E-03   0.1308636E-03   0.7317414E-03
     6270.00  0.5944357E-03   0.1304646E-03   0.7249003E-03
     6290.00  0.5878086E-03   0.1300677E-03   0.7178763E-03
     6310.00  0.5811086E-03   0.1296727E-03   0.7107813E-03
     6330.00  0.5745959E-03   0.1292797E-03   0.7038756E-03
     6350.00  0.5679332E-03   0.1288887E-03   0.6968219E-03
     6370.00  0.5617820E-03   0.1284997E-03   0.6902817E-03
     6390.00  0.5556566E-03   0.1281126E-03   0.6837692E-03
     6410.00  0.5493863E-03   0.1277274E-03   0.6771137E-03
     6430.00  0.5432972E-03   0.1273440E-03   0.6706412E-03
     6450.00  0.5371278E-03   0.1269626E-03   0.6640904E-03
     6470.00  0.5313188E-03   0.1265830E-03   0.6579018E-03
     6490.00  0.5252615E-03   0.1262052E-03   0.6514667E-03
     6510.00  0.5191557E-03   0.1258293E-03   0.6449850E-03
     6530.00  0.5119001E-03   0.1254538E-03   0.6373539E-03
     6550.00  0.4965143E-03   0.1250796E-03   0.6215939E-03
     6570.00  0.4684194E-03   0.1247072E-03   0.5931266E-03
     6590.00  0.4934518E-03   0.1243365E-03   0.6177883E-03
     6610.00  0.4913380E-03   0.1239674E-03   0.6153054E-03
     6630.00  0.4868222E-03   0.1236001E-03   0.6104223E-03
     6650.00  0.4818555E-03   0.1229773E-03   0.6048328E-03
     6670.00  0.4755284E-03   0.1226152E-03   0.5981436E-03
     6690.00  0.4705615E-03   0.1222546E-03   0.5928161E-03
     6710.00  0.4668917E-03   0.1218957E-03   0.5887874E-03
     6730.00  0.4619506E-03   0.1215384E-03   0.5834890E-03
     6750.00  0.4571019E-03   0.1211827E-03   0.5782846E-03
     6770.00  0.4524074E-03   0.1208286E-03   0.5732360E-03
     6790.00  0.4476810E-03   0.1204760E-03   0.5681570E-03
     6810.00  0.4430313E-03   0.1201250E-03   0.5631563E-03
     6830.00  0.4383879E-03   0.1197756E-03   0.5581635E-03
     6850.00  0.4337549E-03   0.1194276E-03   0.5531825E-03
     6870.00  0.4293455E-03   0.1190812E-03   0.5484267E-03
     6890.00  0.4249471E-03   0.1187363E-03   0.5436834E-03
     6910.00  0.4205808E-03   0.1183929E-03   0.5389737E-03
     6930.00  0.4162173E-03   0.1180510E-03   0.5342683E-03
     6950.00  0.4118842E-03   0.1177105E-03   0.5295947E-03
     6970.00  0.4077662E-03   0.1173715E-03   0.5251377E-03
     6990.00  0.4036354E-03   0.1170340E-03   0.5206694E-03
     7010.00  0.3995422E-03   0.1166979E-03   0.5162401E-03
     7030.00  0.3954799E-03   0.1163633E-03   0.5118432E-03
     7050.00  0.3914299E-03   0.1160300E-03   0.5074599E-03
     7070.00  0.3857984E-03   0.1156982E-03   0.5014966E-03
     7090.00  0.3836906E-03   0.1153678E-03   0.4990584E-03
     7110.00  0.3798032E-03   0.1150387E-03   0.4948419E-03
     7130.00  0.3759932E-03   0.1147111E-03   0.4907043E-03
     7150.00  0.3722003E-03   0.1143848E-03   0.4865851E-03
     7170.00  0.3685492E-03   0.1140599E-03   0.4826091E-03
     7190.00  0.3649157E-03   0.1137364E-03   0.4786521E-03
     7210.00  0.3613292E-03   0.1134142E-03   0.4747434E-03
     7230.00  0.3576010E-03   0.1130933E-03   0.4706943E-03
     7250.00  0.3541982E-03   0.1127738E-03   0.4669720E-03
     7270.00  0.3507871E-03   0.1124556E-03   0.4632427E-03
     7290.00  0.3465140E-03   0.1121387E-03   0.4586527E-03
     7310.00  0.3439589E-03   0.1118231E-03   0.4557820E-03
     7330.00  0.3406132E-03   0.1115089E-03   0.4521221E-03
     7350.00  0.3372692E-03   0.1111959E-03   0.4484651E-03
     7370.00  0.3340311E-03   0.1108842E-03   0.4449153E-03
     7390.00  0.3307774E-03   0.1105738E-03   0.4413512E-03
     7410.00  0.3275499E-03   0.1102646E-03   0.4378145E-03
     7430.00  0.3244669E-03   0.1099567E-03   0.4344236E-03
     7450.00  0.3213540E-03   0.1095622E-03   0.4309162E-03
     7470.00  0.3183228E-03   0.1092570E-03   0.4275798E-03
     7490.00  0.3153254E-03   0.1089530E-03   0.4242784E-03
     7510.00  0.3122863E-03   0.1086502E-03   0.4209365E-03
     7530.00  0.3093684E-03   0.1083487E-03   0.4177171E-03
     7550.00  0.3064003E-03   0.1080484E-03   0.4144487E-03
     7570.00  0.3035478E-03   0.1077492E-03   0.4112970E-03
     7590.00  0.3007102E-03   0.1074513E-03   0.4081615E-03
     7610.00  0.2978975E-03   0.1071547E-03   0.4050522E-03
     7630.00  0.2950883E-03   0.1068595E-03   0.4019478E-03
     7650.00  0.2922871E-03   0.1065654E-03   0.3988525E-03
     7670.00  0.2895692E-03   0.1062726E-03   0.3958418E-03
     7690.00  0.2869377E-03   0.1059809E-03   0.3929186E-03
     7710.00  0.2842277E-03   0.1056903E-03   0.3899180E-03
     7730.00  0.2816575E-03   0.1054009E-03   0.3870584E-03
     7750.00  0.2789880E-03   0.1051127E-03   0.3841007E-03
     7770.00  0.2762388E-03   0.1048256E-03   0.3810644E-03
     7790.00  0.2739413E-03   0.1045397E-03   0.3784810E-03
     7810.00  0.2713871E-03   0.1042548E-03   0.3756419E-03
     7830.00  0.2689478E-03   0.1039711E-03   0.3729189E-03
     7850.00  0.2664969E-03   0.1036886E-03   0.3701855E-03
     7870.00  0.2639428E-03   0.1022264E-03   0.3661692E-03
     7890.00  0.2615495E-03   0.1019508E-03   0.3635003E-03
     7910.00  0.2592678E-03   0.1016763E-03   0.3609441E-03
     7930.00  0.2568778E-03   0.1014029E-03   0.3582807E-03
     7950.00  0.2545859E-03   0.1011305E-03   0.3557164E-03
     7970.00  0.2523281E-03   0.1008592E-03   0.3531873E-03
     7990.00  0.2501635E-03   0.1005889E-03   0.3507524E-03
     8010.00  0.2478458E-03   0.1003197E-03   0.3481655E-03
     8030.00  0.2456952E-03   0.1000515E-03   0.3457467E-03
     8050.00  0.2434958E-03   0.9978437E-04   0.3432802E-03
     8070.00  0.2414316E-03   0.9951827E-04   0.3409499E-03
     8090.00  0.2391698E-03   0.9925318E-04   0.3384230E-03
     8110.00  0.2371037E-03   0.9898911E-04   0.3360928E-03
     8130.00  0.2351178E-03   0.9872606E-04   0.3338439E-03
     8150.00  0.2328972E-03   0.9846402E-04   0.3313612E-03
     8170.00  0.2309903E-03   0.9820298E-04   0.3291933E-03
     8190.00  0.2288691E-03   0.9794293E-04   0.3268120E-03
     8210.00  0.2304833E-03   0.9037639E-04   0.3208597E-03
     8230.00  0.2286496E-03   0.6173896E-04   0.2903886E-03
     8250.00  0.2266820E-03   0.6156724E-04   0.2882492E-03
     8270.00  0.2243880E-03   0.6139634E-04   0.2857843E-03
     8290.00  0.2225519E-03   0.6094097E-04   0.2834929E-03
     8310.00  0.2204735E-03   0.6077286E-04   0.2812464E-03
     8330.00  0.2183488E-03   0.6060555E-04   0.2789544E-03
     8350.00  0.2165047E-03   0.6043900E-04   0.2769437E-03
     8370.00  0.2141566E-03   0.6027321E-04   0.2744298E-03
     8390.00  0.2126457E-03   0.6010818E-04   0.2727539E-03
     8410.00  0.2108587E-03   0.5994389E-04   0.2708026E-03
     8430.00  0.2094650E-03   0.5978035E-04   0.2692453E-03
     8450.00  0.2076210E-03   0.5961754E-04   0.2672385E-03
     8470.00  0.2045107E-03   0.5945546E-04   0.2639662E-03
     8490.00  0.2055935E-03   0.5929412E-04   0.2648876E-03
     8510.00  0.2006552E-03   0.5913349E-04   0.2597887E-03
     8530.00  0.2030228E-03   0.5897358E-04   0.2619964E-03
     8550.00  0.1955105E-03   0.5881438E-04   0.2543249E-03
     8570.00  0.2011602E-03   0.5865589E-04   0.2598161E-03
     8590.00  0.1951088E-03   0.5849809E-04   0.2536069E-03
     8610.00  0.1929739E-03   0.5834100E-04   0.2513149E-03
     8630.00  0.1972302E-03   0.5818459E-04   0.2554148E-03
     8650.00  0.1932902E-03   0.5802887E-04   0.2513191E-03
     8670.00  0.1841734E-03   0.5787384E-04   0.2420472E-03
     8690.00  0.1918488E-03   0.5771948E-04   0.2495683E-03
     8710.00  0.1918237E-03   0.5756580E-04   0.2493895E-03
     8730.00  0.1882569E-03   0.5741278E-04   0.2456697E-03
     8750.00  0.1778518E-03   0.5726043E-04   0.2351122E-03
     8770.00  0.1838053E-03   0.5710873E-04   0.2409140E-03
     8790.00  0.1858010E-03   0.5695769E-04   0.2427587E-03
     8810.00  0.1845775E-03   0.5680731E-04   0.2413848E-03
     8830.00  0.1825253E-03   0.5665756E-04   0.2391829E-03
     8850.00  0.1766821E-03   0.5650846E-04   0.2331906E-03
     8870.00  0.1691961E-03   0.5636000E-04   0.2255561E-03
     8890.00  0.1771274E-03   0.5621217E-04   0.2333396E-03
     8910.00  0.1772576E-03   0.5606497E-04   0.2333226E-03
     8930.00  0.1761643E-03   0.5591839E-04   0.2320827E-03
     8950.00  0.1749013E-03   0.5577244E-04   0.2306737E-03
     8970.00  0.1731878E-03   0.5562710E-04   0.2288149E-03
     8990.00  0.1701411E-03   0.5548238E-04   0.2256235E-03
     9010.00  0.1604058E-03   0.5533826E-04   0.2157441E-03
     9030.00  0.1633024E-03   0.5519475E-04   0.2184971E-03
     9050.00  0.1669494E-03   0.5505183E-04   0.2220012E-03
     9070.00  0.1660730E-03   0.5490952E-04   0.2209825E-03
     9090.00  0.1651931E-03   0.5476781E-04   0.2199609E-03
     9110.00  0.1642853E-03   0.5462668E-04   0.2189120E-03
     9130.00  0.1630837E-03   0.5448614E-04   0.2175698E-03
     9150.00  0.1617278E-03   0.5434621E-04   0.2160740E-03
     9170.00  0.1601382E-03   0.5420685E-04   0.2143451E-03
     9190.00  0.1584404E-03   0.5406807E-04   0.2125085E-03
     9210.00  0.1546337E-03   0.5392986E-04   0.2085636E-03
     9230.00  0.1452913E-03   0.5379221E-04   0.1990835E-03
     9250.00  0.1519132E-03   0.5365513E-04   0.2055683E-03
     9270.00  0.1533307E-03   0.5351861E-04   0.2068493E-03
     9290.00  0.1528894E-03   0.5338264E-04   0.2062720E-03
     9310.00  0.1517622E-03   0.5324724E-04   0.2050094E-03
     9330.00  0.1508453E-03   0.5311237E-04   0.2039577E-03
     9350.00  0.1496730E-03   0.5297806E-04   0.2026511E-03
     9370.00  0.1485873E-03   0.5284429E-04   0.2014316E-03
     9390.00  0.1474444E-03   0.5271106E-04   0.2001555E-03
     9410.00  0.1461776E-03   0.5257837E-04   0.1987560E-03
     9430.00  0.1451621E-03   0.5244620E-04   0.1976083E-03
     9450.00  0.1439920E-03   0.5231458E-04   0.1963066E-03
     9470.00  0.1425833E-03   0.5218348E-04   0.1947668E-03
     9490.00  0.1415070E-03   0.5205290E-04   0.1935599E-03
     9510.00  0.1395331E-03   0.5192284E-04   0.1914559E-03
     9530.00  0.1360263E-03   0.5179332E-04   0.1878196E-03
     9550.00  0.1284788E-03   0.5166429E-04   0.1801431E-03
     9570.00  0.1350064E-03   0.5153578E-04   0.1865422E-03
     9590.00  0.1358045E-03   0.5140777E-04   0.1872123E-03
     9610.00  0.1351457E-03   0.5128028E-04   0.1864260E-03
     9630.00  0.1341897E-03   0.5115328E-04   0.1853430E-03
     9650.00  0.1334869E-03   0.5102680E-04   0.1845137E-03
     9670.00  0.1324805E-03   0.5090081E-04   0.1833813E-03
     9690.00  0.1315428E-03   0.5077530E-04   0.1823181E-03
     9710.00  0.1304976E-03   0.5065030E-04   0.1811479E-03
     9730.00  0.1296430E-03   0.5052578E-04   0.1801688E-03
     9750.00  0.1286733E-03   0.5040174E-04   0.1790750E-03
     9770.00  0.1277374E-03   0.5027819E-04   0.1780156E-03
     9790.00  0.1267935E-03   0.5015513E-04   0.1769486E-03
     9810.00  0.1258620E-03   0.5003254E-04   0.1758945E-03
     9830.00  0.1249313E-03   0.4991042E-04   0.1748417E-03
     9850.00  0.1239977E-03   0.4978878E-04   0.1737865E-03
     9870.00  0.1230912E-03   0.4966760E-04   0.1727588E-03
     9890.00  0.1221702E-03   0.4954690E-04   0.1717171E-03
     9910.00  0.1212717E-03   0.4942665E-04   0.1706984E-03
     9930.00  0.1203778E-03   0.4930687E-04   0.1696847E-03
     9950.00  0.1194642E-03   0.4918756E-04   0.1686518E-03
     9970.00  0.1185371E-03   0.4906870E-04   0.1676058E-03
     9990.00  0.1175221E-03   0.4895028E-04   0.1664724E-03
    10025.00  0.1137595E-03   0.4874416E-04   0.1625037E-03
    10075.00  0.1108176E-03   0.4845206E-04   0.1592697E-03
    10125.00  0.1119116E-03   0.4816273E-04   0.1600743E-03
    10175.00  0.1102429E-03   0.4787702E-04   0.1581199E-03
    10225.00  0.1083384E-03   0.4759414E-04   0.1559325E-03
    10275.00  0.1064694E-03   0.4731387E-04   0.1537833E-03
    10325.00  0.1044681E-03   0.4703617E-04   0.1515043E-03
    10375.00  0.1027236E-03   0.4676101E-04   0.1494846E-03
    10425.00  0.1009647E-03   0.4648836E-04   0.1474531E-03
    10475.00  0.9920550E-04   0.4621818E-04   0.1454237E-03
    10525.00  0.9751577E-04   0.4595044E-04   0.1434662E-03
    10575.00  0.9585633E-04   0.4568512E-04   0.1415414E-03
    10625.00  0.9420609E-04   0.4542218E-04   0.1396283E-03
    10675.00  0.9253236E-04   0.4516159E-04   0.1376940E-03
    10725.00  0.9107805E-04   0.4490333E-04   0.1359814E-03
    10775.00  0.8955556E-04   0.4464736E-04   0.1342029E-03
    10825.00  0.8771039E-04   0.4439366E-04   0.1321041E-03
    10875.00  0.8628066E-04   0.4414220E-04   0.1304229E-03
    10925.00  0.8174131E-04   0.4389296E-04   0.1256343E-03
    10975.00  0.8263328E-04   0.4364589E-04   0.1262792E-03
    11025.00  0.8218205E-04   0.4340099E-04   0.1255830E-03
    11075.00  0.8103180E-04   0.4315822E-04   0.1241900E-03
    11125.00  0.7970572E-04   0.4291756E-04   0.1226233E-03
    11175.00  0.7845095E-04   0.4065542E-04   0.1191064E-03
    11225.00  0.7719759E-04   0.4043008E-04   0.1176277E-03
    11275.00  0.7595057E-04   0.4020670E-04   0.1161573E-03
    11325.00  0.7472388E-04   0.3998526E-04   0.1147091E-03
    11375.00  0.7352427E-04   0.3976573E-04   0.1132900E-03
    11425.00  0.7237335E-04   0.3954809E-04   0.1119214E-03
    11475.00  0.7126505E-04   0.3933230E-04   0.1105974E-03
    11525.00  0.7014578E-04   0.3911837E-04   0.1092641E-03
    11575.00  0.6903467E-04   0.3890626E-04   0.1079409E-03
    11625.00  0.6790986E-04   0.3869595E-04   0.1066058E-03
    11675.00  0.6687699E-04   0.3848742E-04   0.1053644E-03
    11725.00  0.6588541E-04   0.3828066E-04   0.1041661E-03
    11775.00  0.6482739E-04   0.3807564E-04   0.1029030E-03
    11825.00  0.6383845E-04   0.3787234E-04   0.1017108E-03
    11875.00  0.6283315E-04   0.3767074E-04   0.1005039E-03
    11925.00  0.6193612E-04   0.3747082E-04   0.9940694E-04
    11975.00  0.6086569E-04   0.3727257E-04   0.9813826E-04
    12025.00  0.6008222E-04   0.3707596E-04   0.9715818E-04
    12075.00  0.5916202E-04   0.3688098E-04   0.9604300E-04
    12125.00  0.5827209E-04   0.3668760E-04   0.9495969E-04
    12175.00  0.5741045E-04   0.3649582E-04   0.9390627E-04
    12225.00  0.5655738E-04   0.3630560E-04   0.9286298E-04
    12275.00  0.5572676E-04   0.3611694E-04   0.9184370E-04
    12325.00  0.5490656E-04   0.3592982E-04   0.9083638E-04
    12375.00  0.5409346E-04   0.3574421E-04   0.8983767E-04
    12425.00  0.5331925E-04   0.3556011E-04   0.8887936E-04
    12475.00  0.5255156E-04   0.3537749E-04   0.8792905E-04
    12525.00  0.5175883E-04   0.3518197E-04   0.8694080E-04
    12575.00  0.5102555E-04   0.3500243E-04   0.8602798E-04
    12625.00  0.5027277E-04   0.3482433E-04   0.8509710E-04
    12675.00  0.4955585E-04   0.3464766E-04   0.8420351E-04
    12725.00  0.4880922E-04   0.3447239E-04   0.8328161E-04
    12775.00  0.4773383E-04   0.3429851E-04   0.8203234E-04
    12825.00  0.4552872E-04   0.3412601E-04   0.7965473E-04
    12875.00  0.4655547E-04   0.3395486E-04   0.8051033E-04
    12925.00  0.4611280E-04   0.3378507E-04   0.7989787E-04
    12975.00  0.4544862E-04   0.3361661E-04   0.7906523E-04
    13025.00  0.4488168E-04   0.3344946E-04   0.7833114E-04
    13075.00  0.4425651E-04   0.3328349E-04   0.7754000E-04
    13125.00  0.4363013E-04   0.3311879E-04   0.7674892E-04
    13175.00  0.4303425E-04   0.3295536E-04   0.7598961E-04
    13225.00  0.4244979E-04   0.3279319E-04   0.7524298E-04
    13275.00  0.4186061E-04   0.3263227E-04   0.7449288E-04
    13325.00  0.4128757E-04   0.3247258E-04   0.7376015E-04
    13375.00  0.4072491E-04   0.3231410E-04   0.7303901E-04
    13425.00  0.4017648E-04   0.3215684E-04   0.7233332E-04
    13475.00  0.3964836E-04   0.3200077E-04   0.7164913E-04
    13525.00  0.3911296E-04   0.3184588E-04   0.7095884E-04
    13575.00  0.3858181E-04   0.3169216E-04   0.7027397E-04
    13625.00  0.3805753E-04   0.3153347E-04   0.6959100E-04
    13675.00  0.3756073E-04   0.3138211E-04   0.6894284E-04
    13725.00  0.3706002E-04   0.3123188E-04   0.6829190E-04
    13775.00  0.3657584E-04   0.3108277E-04   0.6765861E-04
    13825.00  0.3608986E-04   0.3093478E-04   0.6702464E-04
    13875.00  0.3560859E-04   0.3078789E-04   0.6639648E-04
    13925.00  0.3515105E-04   0.3064210E-04   0.6579315E-04
    13975.00  0.3469875E-04   0.3049738E-04   0.6519613E-04
    14025.00  0.3424604E-04   0.3035373E-04   0.6459977E-04
    14075.00  0.3380221E-04   0.3021114E-04   0.6401335E-04
    14125.00  0.3335568E-04   0.2997769E-04   0.6333337E-04
    14175.00  0.3293791E-04   0.2983789E-04   0.6277580E-04
    14225.00  0.3251840E-04   0.2969911E-04   0.6221751E-04
    14275.00  0.3210277E-04   0.2956133E-04   0.6166410E-04
    14325.00  0.3169682E-04   0.2942456E-04   0.6112138E-04
    14375.00  0.3129086E-04   0.2928879E-04   0.6057965E-04
    14425.00  0.3086856E-04   0.2915399E-04   0.6002255E-04
    14475.00  0.3050271E-04   0.2902017E-04   0.5952288E-04
    14525.00  0.3010681E-04   0.2888731E-04   0.5899412E-04
    14570.00  0.2977509E-04   0.2876855E-04   0.5854364E-04
    14620.00  0.2956926E-04   0.2372293E-04   0.5329219E-04
    14675.00  0.2917017E-04   0.2360633E-04   0.5277650E-04
    14725.00  0.2880695E-04   0.2347618E-04   0.5228313E-04
    14775.00  0.2844082E-04   0.2337192E-04   0.5181274E-04
    14825.00  0.2807707E-04   0.2326842E-04   0.5134549E-04
    14875.00  0.2769965E-04   0.2316565E-04   0.5086530E-04
    14925.00  0.2737367E-04   0.2306363E-04   0.5043730E-04
    14975.00  0.2705339E-04   0.2296234E-04   0.5001573E-04
    15025.00  0.2665753E-04   0.2286177E-04   0.4951930E-04
    15075.00  0.2635431E-04   0.2276191E-04   0.4911622E-04
    15125.00  0.2604585E-04   0.2266277E-04   0.4870862E-04
    15175.00  0.2574693E-04   0.2256433E-04   0.4831126E-04
    15225.00  0.2551402E-04   0.2246661E-04   0.4798063E-04
    15275.00  0.2508977E-04   0.2236960E-04   0.4745937E-04
    15325.00  0.2480895E-04   0.2227328E-04   0.4708223E-04
    15375.00  0.2462110E-04   0.2217762E-04   0.4679872E-04
    15425.00  0.2417279E-04   0.2208264E-04   0.4625543E-04
    15475.00  0.2406842E-04   0.2198831E-04   0.4605673E-04
    15525.00  0.2379332E-04   0.2189463E-04   0.4568795E-04
    15575.00  0.2326329E-04   0.2180161E-04   0.4506490E-04
    15625.00  0.2334217E-04   0.2170922E-04   0.4505139E-04
    15675.00  0.2289283E-04   0.2161747E-04   0.4451030E-04
    15725.00  0.2246333E-04   0.2152635E-04   0.4398968E-04
    15775.00  0.2255544E-04   0.2143585E-04   0.4399129E-04
    15825.00  0.2227635E-04   0.2134597E-04   0.4362232E-04
    15875.00  0.2152912E-04   0.2125670E-04   0.4278582E-04
    15925.00  0.2168734E-04   0.2116804E-04   0.4285538E-04
    15975.00  0.2159030E-04   0.2107997E-04   0.4267027E-04
    16050.00  0.2112052E-04   0.2094899E-04   0.4206951E-04
    16150.00  0.2041657E-04   0.2077640E-04   0.4119297E-04
    16250.00  0.2027869E-04   0.2060611E-04   0.4088480E-04
    16350.00  0.1969905E-04   0.2043808E-04   0.4013713E-04
    16450.00  0.1904302E-04   0.2027227E-04   0.3931529E-04
    16550.00  0.1893660E-04   0.2010865E-04   0.3904525E-04
    16650.00  0.1851273E-04   0.1994716E-04   0.3845989E-04
    16750.00  0.1796202E-04   0.1978778E-04   0.3774980E-04
    16850.00  0.1736250E-04   0.1963046E-04   0.3699296E-04
    16950.00  0.1729693E-04   0.1947517E-04   0.3677210E-04
    17050.00  0.1690520E-04   0.1932188E-04   0.3622708E-04
    17150.00  0.1655818E-04   0.1917055E-04   0.3572873E-04
    17250.00  0.1617074E-04   0.1902114E-04   0.3519188E-04
    17350.00  0.1544781E-04   0.1887362E-04   0.3432143E-04
    17450.00  0.1543591E-04   0.1872796E-04   0.3416387E-04
    17550.00  0.1516538E-04   0.1858413E-04   0.3374951E-04
    17650.00  0.1484522E-04   0.1844209E-04   0.3328731E-04
    17750.00  0.1452687E-04   0.1830182E-04   0.3282869E-04
    17850.00  0.1421910E-04   0.1816328E-04   0.3238238E-04
    17950.00  0.1392283E-04   0.1802646E-04   0.3194929E-04
    18050.00  0.1361486E-04   0.1789131E-04   0.3150617E-04
    18150.00  0.1302962E-04   0.1775780E-04   0.3078742E-04
    18250.00  0.1298844E-04   0.1762594E-04   0.3061438E-04
    18350.00  0.1279668E-04   0.1749581E-04   0.3029249E-04
    18450.00  0.1253804E-04   0.1736724E-04   0.2990528E-04
    18550.00  0.1227734E-04   0.1688987E-04   0.2916721E-04
    18650.00  0.1199115E-04   0.1676728E-04   0.2875843E-04
    18750.00  0.1147216E-04   0.1664613E-04   0.2811829E-04
    18850.00  0.1152805E-04   0.1652641E-04   0.2805446E-04
    18950.00  0.1131695E-04   0.1640809E-04   0.2772504E-04
    19050.00  0.1108817E-04   0.1629116E-04   0.2737933E-04
    19150.00  0.1088014E-04   0.1617558E-04   0.2705572E-04
    19250.00  0.1066450E-04   0.1606134E-04   0.2672584E-04
    19350.00  0.1042814E-04   0.1594842E-04   0.2637656E-04
    19450.00  0.9981604E-05   0.1583679E-04   0.2581840E-04
    19550.00  0.1002652E-04   0.1572645E-04   0.2575297E-04
    19650.00  0.9859715E-05   0.1561735E-04   0.2547707E-04
    19750.00  0.9669861E-05   0.1550950E-04   0.2517936E-04
    19850.00  0.9486122E-05   0.1540286E-04   0.2488898E-04
    19950.00  0.9305956E-05   0.1529742E-04   0.2460338E-04
    20050.00  0.9131556E-05   0.1519317E-04   0.2432472E-04
    20150.00  0.8960302E-05   0.1509007E-04   0.2405037E-04
    20250.00  0.8790306E-05   0.1498648E-04   0.2377678E-04
    20350.00  0.8630056E-05   0.1488567E-04   0.2351573E-04
    20450.00  0.8471752E-05   0.1478597E-04   0.2325772E-04
    20550.00  0.8312167E-05   0.1468737E-04   0.2299954E-04
    20650.00  0.8161349E-05   0.1458985E-04   0.2275120E-04
    20750.00  0.8009114E-05   0.1449339E-04   0.2250250E-04
    20850.00  0.7866882E-05   0.1439797E-04   0.2226486E-04
    20950.00  0.7725143E-05   0.1430359E-04   0.2202873E-04
    21050.00  0.7587062E-05   0.1421022E-04   0.2179729E-04
    21150.00  0.7442258E-05   0.1411786E-04   0.2156012E-04
    21250.00  0.7312694E-05   0.1402648E-04   0.2133918E-04
    21350.00  0.7183711E-05   0.1393608E-04   0.2111979E-04
    21450.00  0.7056301E-05   0.1384663E-04   0.2090293E-04
    21550.00  0.6919793E-05   0.1375734E-04   0.2067714E-04
    21650.00  0.6637883E-05   0.1366978E-04   0.2030767E-04
    21750.00  0.6666097E-05   0.1358314E-04   0.2024924E-04
    21850.00  0.6573661E-05   0.1349740E-04   0.2007106E-04
    21950.00  0.6464494E-05   0.1341256E-04   0.1987705E-04
    22050.00  0.6353473E-05   0.1332859E-04   0.1968206E-04
    22150.00  0.6243699E-05   0.1324549E-04   0.1948919E-04
    22250.00  0.6134879E-05   0.1315050E-04   0.1928538E-04
    22350.00  0.6032565E-05   0.1306923E-04   0.1910180E-04
    22450.00  0.5930981E-05   0.1298879E-04   0.1891977E-04
    22550.00  0.5830570E-05   0.1290917E-04   0.1873974E-04
    22650.00  0.5731390E-05   0.1283035E-04   0.1856174E-04
    22750.00  0.5635731E-05   0.1275233E-04   0.1838806E-04
    22850.00  0.5552891E-05   0.1162092E-04   0.1717382E-04
    22950.00  0.5460685E-05   0.1154828E-04   0.1700897E-04
    23050.00  0.5371783E-05   0.1148014E-04   0.1685192E-04
    23150.00  0.5282998E-05   0.1141267E-04   0.1669566E-04
    23250.00  0.5192750E-05   0.1134586E-04   0.1653861E-04
    23350.00  0.5109609E-05   0.1127971E-04   0.1638932E-04
    23450.00  0.5026703E-05   0.1121421E-04   0.1624091E-04
    23550.00  0.4944122E-05   0.1114935E-04   0.1609347E-04
    23650.00  0.4863262E-05   0.1108511E-04   0.1594838E-04
    23750.00  0.4785790E-05   0.1102150E-04   0.1580729E-04
    23850.00  0.4708791E-05   0.1095851E-04   0.1566730E-04
    23950.00  0.4634462E-05   0.1089612E-04   0.1553058E-04
    24050.00  0.4559791E-05   0.1083432E-04   0.1539411E-04
    24150.00  0.4484331E-05   0.1077312E-04   0.1525745E-04
    24250.00  0.4423647E-05   0.1071250E-04   0.1513615E-04
    24350.00  0.4346017E-05   0.1065245E-04   0.1499847E-04
    24450.00  0.4276866E-05   0.1059297E-04   0.1486984E-04
    24550.00  0.4221926E-05   0.1053405E-04   0.1475598E-04
    24650.00  0.4148611E-05   0.1047568E-04   0.1462429E-04
    24750.00  0.4082563E-05   0.1041786E-04   0.1450042E-04
    24850.00  0.4034618E-05   0.1036058E-04   0.1439519E-04
    24950.00  0.3946084E-05   0.1030382E-04   0.1424991E-04
    25050.00  0.3923538E-05   0.1024759E-04   0.1417113E-04
    25150.00  0.3857415E-05   0.1019188E-04   0.1404930E-04
    25250.00  0.3763202E-05   0.1013668E-04   0.1389988E-04
    25350.00  0.3738294E-05   0.1008199E-04   0.1382028E-04
    25450.00  0.3688629E-05   0.1002779E-04   0.1371642E-04
    25550.00  0.3627081E-05   0.9974085E-05   0.1360117E-04
    25650.00  0.3537398E-05   0.9920867E-05   0.1345826E-04
    25750.00  0.3521212E-05   0.9868128E-05   0.1338934E-04
    25850.00  0.3474816E-05   0.9815864E-05   0.1329068E-04
    25950.00  0.3423231E-05   0.9764067E-05   0.1318730E-04
    26050.00  0.3360553E-05   0.9712734E-05   0.1307329E-04
    26150.00  0.3274421E-05   0.9661857E-05   0.1293628E-04
    26250.00  0.3190336E-05   0.9611431E-05   0.1280177E-04
    26350.00  0.3216715E-05   0.9561450E-05   0.1277817E-04
    26450.00  0.3181812E-05   0.9511910E-05   0.1269372E-04
    26550.00  0.3135677E-05   0.9462805E-05   0.1259848E-04
    26650.00  0.3083518E-05   0.9414129E-05   0.1249765E-04
    26750.00  0.2998750E-05   0.9365877E-05   0.1236463E-04
    26850.00  0.2996838E-05   0.9318045E-05   0.1231488E-04
    26950.00  0.2962505E-05   0.9270628E-05   0.1223313E-04
    27050.00  0.2921733E-05   0.9223619E-05   0.1214535E-04
    27150.00  0.2880569E-05   0.9177015E-05   0.1205758E-04
    27250.00  0.2839517E-05   0.9130811E-05   0.1197033E-04
    27350.00  0.2799567E-05   0.9085002E-05   0.1188457E-04
    27450.00  0.2757095E-05   0.9039583E-05   0.1179668E-04
    27550.00  0.2679213E-05   0.8994549E-05   0.1167376E-04
    27650.00  0.2667642E-05   0.8863366E-05   0.1153101E-04
    27750.00  0.2645414E-05   0.8819613E-05   0.1146503E-04
    27850.00  0.2611698E-05   0.8776227E-05   0.1138793E-04
    27950.00  0.2576656E-05   0.8733205E-05   0.1130986E-04
    28050.00  0.2541549E-05   0.8690543E-05   0.1123209E-04
    28150.00  0.2506869E-05   0.8648235E-05   0.1115510E-04
    28250.00  0.2472222E-05   0.8606279E-05   0.1107850E-04
    28350.00  0.2439157E-05   0.8564669E-05   0.1100383E-04
    28450.00  0.2406087E-05   0.8523403E-05   0.1092949E-04
    28550.00  0.2372140E-05   0.8482475E-05   0.1085462E-04
    28650.00  0.2329927E-05   0.8441883E-05   0.1077181E-04
    28750.00  0.2265913E-05   0.8401623E-05   0.1066754E-04
    28850.00  0.2275003E-05   0.8361690E-05   0.1063669E-04
    28950.00  0.2249522E-05   0.8322081E-05   0.1057160E-04
    29050.00  0.2220626E-05   0.8282793E-05   0.1050342E-04
    29150.00  0.2191368E-05   0.8243821E-05   0.1043519E-04
    29250.00  0.2162202E-05   0.8205163E-05   0.1036736E-04
    29350.00  0.2134534E-05   0.8166815E-05   0.1030135E-04
    29450.00  0.2106872E-05   0.8128773E-05   0.1023564E-04
    29550.00  0.2079539E-05   0.8091034E-05   0.1017057E-04
    29650.00  0.2052320E-05   0.8053595E-05   0.1010591E-04
    29750.00  0.2025526E-05   0.8016141E-05   0.1004167E-04
    29850.00  0.1999786E-05   0.7979292E-05   0.9979078E-05
    29950.00  0.1974228E-05   0.7942732E-05   0.9916960E-05
    30050.00  0.1948783E-05   0.7906459E-05   0.9855242E-05
    30150.00  0.1923210E-05   0.7870469E-05   0.9793679E-05
    30250.00  0.1895929E-05   0.7834761E-05   0.9730690E-05
    30350.00  0.1843914E-05   0.7799330E-05   0.9643244E-05
    30450.00  0.1833586E-05   0.7764173E-05   0.9597759E-05
    30550.00  0.1826282E-05   0.7729289E-05   0.9555571E-05
    30650.00  0.1804988E-05   0.7694673E-05   0.9499661E-05
    30750.00  0.1782417E-05   0.7660323E-05   0.9442740E-05
    30850.00  0.1760672E-05   0.7626236E-05   0.9386908E-05
    30950.00  0.1738935E-05   0.7592409E-05   0.9331344E-05
    31050.00  0.1717375E-05   0.7558840E-05   0.9276215E-05
    31150.00  0.1695816E-05   0.7525526E-05   0.9221342E-05
    31250.00  0.1674829E-05   0.7492464E-05   0.9167293E-05
    31350.00  0.1654511E-05   0.7459500E-05   0.9114011E-05
    31450.00  0.1634290E-05   0.7426936E-05   0.9061226E-05
    31550.00  0.1614303E-05   0.7394617E-05   0.9008920E-05
    31650.00  0.1594627E-05   0.7362540E-05   0.8957167E-05
    31750.00  0.1574962E-05   0.7330701E-05   0.8905663E-05
    31850.00  0.1556239E-05   0.7299100E-05   0.8855339E-05
    31950.00  0.1537666E-05   0.7267733E-05   0.8805399E-05
    32100.00  0.1510089E-05   0.7218533E-05   0.8728622E-05
    32300.00  0.1473829E-05   0.7157214E-05   0.8631043E-05
    32500.00  0.1438998E-05   0.7096789E-05   0.8535787E-05
    32700.00  0.1405153E-05   0.7037241E-05   0.8442394E-05
    32900.00  0.1354219E-05   0.6680738E-05   0.8034957E-05
    33100.00  0.1335590E-05   0.6625215E-05   0.7960805E-05
    33300.00  0.1308088E-05   0.6571274E-05   0.7879362E-05
    33500.00  0.1278361E-05   0.6518094E-05   0.7796455E-05
    33700.00  0.1249737E-05   0.6465660E-05   0.7715397E-05
    33900.00  0.1221554E-05   0.6413958E-05   0.7635512E-05
    34100.00  0.1193761E-05   0.6362973E-05   0.7556734E-05
    34300.00  0.1166599E-05   0.6312692E-05   0.7479291E-05
    34500.00  0.1139559E-05   0.6263101E-05   0.7402660E-05
    34700.00  0.1114539E-05   0.6214186E-05   0.7328725E-05
    34900.00  0.1089577E-05   0.6165936E-05   0.7255513E-05
    35100.00  0.1065652E-05   0.6118338E-05   0.7183990E-05
    35300.00  0.1042302E-05   0.6071379E-05   0.7113681E-05
    35500.00  0.1019021E-05   0.6025048E-05   0.7044069E-05
    35700.00  0.9971043E-06   0.5979332E-05   0.6976437E-05
    35900.00  0.9773779E-06   0.5934221E-05   0.6911599E-05
    36100.00  0.9544819E-06   0.5889703E-05   0.6844185E-05
    36300.00  0.9357971E-06   0.5845768E-05   0.6781565E-05
    36500.00  0.9131698E-06   0.5802405E-05   0.6715574E-05
    36700.00  0.8967446E-06   0.5759603E-05   0.6656347E-05
    36900.00  0.8749158E-06   0.5717352E-05   0.6592268E-05
    37100.00  0.8590476E-06   0.5675643E-05   0.6534691E-05
    37300.00  0.8360541E-06   0.5634466E-05   0.6470520E-05
    37500.00  0.8131757E-06   0.5593812E-05   0.6406987E-05
    37700.00  0.8068007E-06   0.5553670E-05   0.6360471E-05
    37900.00  0.7909433E-06   0.5514033E-05   0.6304976E-05
    38100.00  0.7720591E-06   0.5474891E-05   0.6246950E-05
    38300.00  0.7569152E-06   0.5436236E-05   0.6193151E-05
    38500.00  0.7432632E-06   0.5398059E-05   0.6141322E-05
    38700.00  0.7286394E-06   0.5333442E-05   0.6062082E-05
    38900.00  0.7134581E-06   0.5296443E-05   0.6009901E-05
    39100.00  0.6955265E-06   0.5259895E-05   0.5955421E-05
    39300.00  0.6856193E-06   0.5223789E-05   0.5909409E-05
    39500.00  0.6721467E-06   0.5188120E-05   0.5860267E-05
    39700.00  0.6592349E-06   0.5152879E-05   0.5812113E-05
    39900.00  0.6464540E-06   0.5118058E-05   0.5764512E-05
    40100.00  0.6313985E-06   0.5083652E-05   0.5715051E-05
    40300.00  0.6174968E-06   0.5049653E-05   0.5667150E-05
    40500.00  0.6013047E-06   0.5016055E-05   0.5617360E-05
    40700.00  0.5970825E-06   0.4982850E-05   0.5579933E-05
    40900.00  0.5863332E-06   0.4950033E-05   0.5536366E-05
    41100.00  0.5751579E-06   0.4917523E-05   0.5492681E-05
    41300.00  0.5640082E-06   0.4885462E-05   0.5449470E-05
    41500.00  0.5527651E-06   0.4853770E-05   0.5406535E-05
    41700.00  0.5382532E-06   0.4822441E-05   0.5360694E-05
    41900.00  0.5324540E-06   0.4791469E-05   0.5323923E-05
    42100.00  0.5230619E-06   0.4760848E-05   0.5283910E-05
    42300.00  0.5133833E-06   0.4730574E-05   0.5243957E-05
    42500.00  0.5036355E-06   0.4700640E-05   0.5204275E-05
    42700.00  0.4946358E-06   0.4671041E-05   0.5165676E-05
    42900.00  0.4853245E-06   0.4641771E-05   0.5127096E-05
    43100.00  0.4764942E-06   0.4612785E-05   0.5089279E-05
    43300.00  0.4677637E-06   0.4584161E-05   0.5051924E-05
    43500.00  0.4586792E-06   0.4555851E-05   0.5014531E-05
    43700.00  0.4466322E-06   0.4527852E-05   0.4974484E-05
    43900.00  0.4414765E-06   0.4499488E-05   0.4940965E-05
    44100.00  0.4346463E-06   0.4472102E-05   0.4906749E-05
    44300.00  0.4269446E-06   0.4445012E-05   0.4871957E-05
    44500.00  0.4192682E-06   0.4418213E-05   0.4837481E-05
    44700.00  0.4123243E-06   0.4368609E-05   0.4780934E-05
    44900.00  0.4052784E-06   0.4263718E-05   0.4668996E-05
    45100.00  0.3981587E-06   0.4238582E-05   0.4636741E-05
    45300.00  0.3911118E-06   0.4213711E-05   0.4604823E-05
    45500.00  0.3842605E-06   0.4189101E-05   0.4573361E-05
    45700.00  0.3778591E-06   0.4164747E-05   0.4542606E-05
    45900.00  0.3713014E-06   0.4140646E-05   0.4511947E-05
    46100.00  0.3649641E-06   0.4116795E-05   0.4481759E-05
    46300.00  0.3583820E-06   0.4093189E-05   0.4451571E-05
    46500.00  0.3474973E-06   0.4069825E-05   0.4417322E-05
    46700.00  0.3424216E-06   0.4046700E-05   0.4389121E-05
    46900.00  0.3402626E-06   0.4023810E-05   0.4364072E-05
    47100.00  0.3353307E-06   0.4001151E-05   0.4336482E-05
    47300.00  0.3298843E-06   0.3978722E-05   0.4308606E-05
    47500.00  0.3242857E-06   0.3956517E-05   0.4280803E-05
    47700.00  0.3190570E-06   0.3934535E-05   0.4253592E-05
    47900.00  0.3138919E-06   0.3912772E-05   0.4226663E-05
    48100.00  0.3086966E-06   0.3891224E-05   0.4199921E-05
    48300.00  0.3036783E-06   0.3869889E-05   0.4173568E-05
    48500.00  0.2986540E-06   0.3848765E-05   0.4147419E-05
    48700.00  0.2939420E-06   0.3827847E-05   0.4121789E-05
    48900.00  0.2893054E-06   0.3807134E-05   0.4096439E-05
    49100.00  0.2847480E-06   0.3786621E-05   0.4071369E-05
    49300.00  0.2801867E-06   0.3766308E-05   0.4046495E-05
    49500.00  0.2757137E-06   0.3746190E-05   0.4021904E-05
    49700.00  0.2712498E-06   0.3726266E-05   0.3997516E-05
    49900.00  0.2669131E-06   0.3706532E-05   0.3973445E-05
    50100.00  0.2633960E-06   0.3686986E-05   0.3950382E-05
    50300.00  0.2607451E-06   0.3667626E-05   0.3928371E-05
    50500.00  0.2580771E-06   0.3648448E-05   0.3906526E-05
    50700.00  0.2555363E-06   0.3629452E-05   0.3884988E-05
    50900.00  0.2530228E-06   0.3610633E-05   0.3863656E-05
    51100.00  0.2500898E-06   0.3591991E-05   0.3842080E-05
    51300.00  0.2450248E-06   0.3573521E-05   0.3818546E-05
    51500.00  0.2454063E-06   0.3545308E-05   0.3790715E-05
    51700.00  0.2434063E-06   0.3527250E-05   0.3770656E-05
    51900.00  0.2410726E-06   0.3509357E-05   0.3750429E-05
    52100.00  0.2388134E-06   0.3491628E-05   0.3730442E-05
    52300.00  0.2365636E-06   0.3474061E-05   0.3710625E-05
    52500.00  0.2343824E-06   0.3456654E-05   0.3691036E-05
    52700.00  0.2322245E-06   0.3439404E-05   0.3671629E-05
    52900.00  0.2300440E-06   0.3422310E-05   0.3652354E-05
    53100.00  0.2279662E-06   0.3405370E-05   0.3633336E-05
    53300.00  0.2258870E-06   0.3388581E-05   0.3614468E-05
    53500.00  0.2238591E-06   0.3371942E-05   0.3595801E-05
    53700.00  0.2218574E-06   0.3355451E-05   0.3577309E-05
    53900.00  0.2198930E-06   0.3339106E-05   0.3558999E-05
    54100.00  0.2179431E-06   0.3322905E-05   0.3540848E-05
    54300.00  0.2160020E-06   0.3306823E-05   0.3522825E-05
    54500.00  0.2141400E-06   0.3290906E-05   0.3505046E-05
    54700.00  0.2122735E-06   0.3275127E-05   0.3487400E-05
    54900.00  0.2104363E-06   0.3259485E-05   0.3469921E-05
    55100.00  0.2086424E-06   0.3243978E-05   0.3452621E-05
    55300.00  0.2068796E-06   0.3228606E-05   0.3435486E-05
    55500.00  0.2050962E-06   0.3213366E-05   0.3418462E-05
    55700.00  0.2033960E-06   0.3198256E-05   0.3401652E-05
    55900.00  0.2016779E-06   0.3183275E-05   0.3384953E-05
    56100.00  0.2000041E-06   0.3168422E-05   0.3368426E-05
    56300.00  0.1983477E-06   0.3153695E-05   0.3352043E-05
    56500.00  0.1967287E-06   0.3139082E-05   0.3335811E-05
    56700.00  0.1951109E-06   0.3124601E-05   0.3319712E-05
    56900.00  0.1935123E-06   0.3110241E-05   0.3303754E-05
    57100.00  0.1919569E-06   0.3096002E-05   0.3287959E-05
    57300.00  0.1904059E-06   0.3081881E-05   0.3272287E-05
    57500.00  0.1888822E-06   0.3067673E-05   0.3256556E-05
    57700.00  0.1873848E-06   0.3053788E-05   0.3241173E-05
    57900.00  0.1859057E-06   0.3040017E-05   0.3225923E-05
    58100.00  0.1844388E-06   0.3026359E-05   0.3210798E-05
    58300.00  0.1829884E-06   0.3012814E-05   0.3195802E-05
    58500.00  0.1816365E-06   0.2959155E-05   0.3140792E-05
    58700.00  0.1801842E-06   0.2946010E-05   0.3126194E-05
    58900.00  0.1785092E-06   0.2933044E-05   0.3111553E-05
    59100.00  0.1755604E-06   0.2920182E-05   0.3095743E-05
    59300.00  0.1759063E-06   0.2907423E-05   0.3083330E-05
    59500.00  0.1747422E-06   0.2894767E-05   0.3069509E-05
    59700.00  0.1734531E-06   0.2882211E-05   0.3055664E-05
    59900.00  0.1721482E-06   0.2869754E-05   0.3041902E-05
    60100.00  0.1708618E-06   0.2857397E-05   0.3028258E-05
    60300.00  0.1695867E-06   0.2845136E-05   0.3014723E-05
    60500.00  0.1683233E-06   0.2832972E-05   0.3001295E-05
    60700.00  0.1670848E-06   0.2820903E-05   0.2987988E-05
    60900.00  0.1658565E-06   0.2808929E-05   0.2974785E-05
    61100.00  0.1646337E-06   0.2797048E-05   0.2961681E-05
    61300.00  0.1634405E-06   0.2785258E-05   0.2948699E-05
    61500.00  0.1622570E-06   0.2773560E-05   0.2935817E-05
    61700.00  0.1610833E-06   0.2761952E-05   0.2923036E-05
    61900.00  0.1599268E-06   0.2750434E-05   0.2910360E-05
    62100.00  0.1587820E-06   0.2739003E-05   0.2897785E-05
    62300.00  0.1576497E-06   0.2727659E-05   0.2885309E-05
    62500.00  0.1565321E-06   0.2716402E-05   0.2872934E-05
    62700.00  0.1554305E-06   0.2705230E-05   0.2860661E-05
    62900.00  0.1543343E-06   0.2694143E-05   0.2848477E-05
    63100.00  0.1532546E-06   0.2683139E-05   0.2836393E-05
    63300.00  0.1521882E-06   0.2672217E-05   0.2824405E-05
    63500.00  0.1511261E-06   0.2661377E-05   0.2812504E-05
    63700.00  0.1500810E-06   0.2650619E-05   0.2800700E-05
    63900.00  0.1490469E-06   0.2639940E-05   0.2788987E-05
    64200.00  0.1475154E-06   0.2624069E-05   0.2771585E-05
    64600.00  0.1455104E-06   0.2603181E-05   0.2748692E-05
    65000.00  0.1435468E-06   0.2582598E-05   0.2726145E-05
    65400.00  0.1416247E-06   0.2562314E-05   0.2703938E-05
    65800.00  0.1397398E-06   0.2542322E-05   0.2682062E-05
    66200.00  0.1378887E-06   0.2518490E-05   0.2656378E-05
    66600.00  0.1360743E-06   0.2499111E-05   0.2635185E-05
    67000.00  0.1342975E-06   0.2480007E-05   0.2614304E-05
    67400.00  0.1325542E-06   0.2461172E-05   0.2593726E-05
    67800.00  0.1308417E-06   0.2442600E-05   0.2573441E-05
    68200.00  0.1291606E-06   0.2424286E-05   0.2553446E-05
    68600.00  0.1275120E-06   0.2406225E-05   0.2533737E-05
    69000.00  0.1258918E-06   0.2388412E-05   0.2514304E-05
    69400.00  0.1242939E-06   0.2370835E-05   0.2495128E-05
    69800.00  0.1227280E-06   0.2353503E-05   0.2476231E-05
    70200.00  0.1211891E-06   0.2336406E-05   0.2457595E-05
    70600.00  0.1196746E-06   0.2319538E-05   0.2439212E-05
    71000.00  0.1181833E-06   0.2302894E-05   0.2421078E-05
    71400.00  0.1167180E-06   0.2286472E-05   0.2403190E-05
    71800.00  0.1152771E-06   0.2270262E-05   0.2385539E-05
    72200.00  0.1138557E-06   0.2254268E-05   0.2368124E-05
    72600.00  0.1124525E-06   0.2238483E-05   0.2350936E-05
    73000.00  0.1110745E-06   0.2222826E-05   0.2333901E-05
    73400.00  0.1097153E-06   0.2207449E-05   0.2317165E-05
    73800.00  0.1083775E-06   0.2192269E-05   0.2300647E-05
    74200.00  0.1070173E-06   0.2159600E-05   0.2266617E-05
    74600.00  0.1052777E-06   0.2144981E-05   0.2250259E-05
    75000.00  0.1040009E-06   0.2130547E-05   0.2234548E-05
    75400.00  0.1031756E-06   0.2116293E-05   0.2219469E-05
    75800.00  0.1019583E-06   0.2102216E-05   0.2204175E-05
    76200.00  0.1007239E-06   0.2088314E-05   0.2189038E-05
    76600.00  0.9950633E-07   0.2074582E-05   0.2174089E-05
    77000.00  0.9830422E-07   0.2061019E-05   0.2159323E-05
    77400.00  0.9711591E-07   0.2047621E-05   0.2144737E-05
    77800.00  0.9594316E-07   0.2034385E-05   0.2130328E-05
    78200.00  0.9478207E-07   0.2021308E-05   0.2116090E-05
    78600.00  0.9363492E-07   0.2008388E-05   0.2102023E-05
    79000.00  0.9250322E-07   0.1995622E-05   0.2088125E-05
    79400.00  0.9138239E-07   0.1983008E-05   0.2074390E-05
    79800.00  0.9027304E-07   0.1970542E-05   0.2060815E-05
    80200.00  0.8917491E-07   0.1958222E-05   0.2047397E-05
    80600.00  0.8808974E-07   0.1946046E-05   0.2034136E-05
    81000.00  0.8701524E-07   0.1934012E-05   0.2021027E-05
    81400.00  0.8595213E-07   0.1922117E-05   0.2008069E-05
    81800.00  0.8490042E-07   0.1910358E-05   0.1995259E-05
    82200.00  0.8385758E-07   0.1898734E-05   0.1982592E-05
    82600.00  0.8282549E-07   0.1885341E-05   0.1968166E-05
    83000.00  0.8180387E-07   0.1873997E-05   0.1955801E-05
    83400.00  0.8078881E-07   0.1862780E-05   0.1943569E-05
    83800.00  0.7978481E-07   0.1851690E-05   0.1931475E-05
    84200.00  0.7879020E-07   0.1840723E-05   0.1919513E-05
    84600.00  0.7780339E-07   0.1829878E-05   0.1907681E-05
    85000.00  0.7682413E-07   0.1819152E-05   0.1895976E-05
    85400.00  0.7585432E-07   0.1808544E-05   0.1884399E-05
    85800.00  0.7489210E-07   0.1798053E-05   0.1872945E-05
    86200.00  0.7393988E-07   0.1787673E-05   0.1861613E-05
    86600.00  0.7299127E-07   0.1777408E-05   0.1850399E-05
    87000.00  0.7205254E-07   0.1767254E-05   0.1839306E-05
    87400.00  0.7112026E-07   0.1757208E-05   0.1828328E-05
    87800.00  0.7019529E-07   0.1747270E-05   0.1817465E-05
    88200.00  0.6927689E-07   0.1737438E-05   0.1806714E-05
    88600.00  0.6836555E-07   0.1727709E-05   0.1796075E-05
    89000.00  0.6745928E-07   0.1718081E-05   0.1785540E-05
    89400.00  0.6656081E-07   0.1708556E-05   0.1775117E-05
    89800.00  0.6566605E-07   0.1699131E-05   0.1764797E-05
    90200.00  0.6477873E-07   0.1689772E-05   0.1754550E-05
    90600.00  0.6389749E-07   0.1680539E-05   0.1744437E-05
    91000.00  0.6302245E-07   0.1671402E-05   0.1734425E-05
    91400.00  0.6215216E-07   0.1653845E-05   0.1715997E-05
    91800.00  0.6128709E-07   0.1644954E-05   0.1706241E-05
    92200.00  0.6042712E-07   0.1636164E-05   0.1696591E-05
    92600.00  0.5957204E-07   0.1627463E-05   0.1687035E-05
    93000.00  0.5872257E-07   0.1618848E-05   0.1677571E-05
    93400.00  0.5787653E-07   0.1610320E-05   0.1668197E-05
    93800.00  0.5703526E-07   0.1601877E-05   0.1658912E-05
    94200.00  0.5619962E-07   0.1593517E-05   0.1649717E-05
    94600.00  0.5536826E-07   0.1585240E-05   0.1640608E-05
    95000.00  0.5454162E-07   0.1577044E-05   0.1631586E-05
    95400.00  0.5371858E-07   0.1568928E-05   0.1622647E-05
    95800.00  0.5289878E-07   0.1560891E-05   0.1613790E-05
    96200.00  0.5208417E-07   0.1552932E-05   0.1605016E-05
    96600.00  0.5127328E-07   0.1545050E-05   0.1596323E-05
    97000.00  0.5046634E-07   0.1537243E-05   0.1587710E-05
    97400.00  0.4966245E-07   0.1529511E-05   0.1579174E-05
    97800.00  0.4886301E-07   0.1521853E-05   0.1570716E-05
    98200.00  0.4806741E-07   0.1514267E-05   0.1562335E-05
    98600.00  0.4727447E-07   0.1506753E-05   0.1554027E-05
    99000.00  0.4648449E-07   0.1499309E-05   0.1545794E-05
    99400.00  0.4569846E-07   0.1491936E-05   0.1537634E-05
    99800.00  0.4491573E-07   0.1484630E-05   0.1529546E-05
   100200.00  0.4413612E-07   0.3357060E-06   0.3798421E-06
   200000.00  0.2090376E-08   0.8426253E-07   0.8635291E-07
   400000.00  0.1495283E-09   0.2106563E-07   0.2121516E-07
   600000.00  0.1359980E-10   0.9362504E-08   0.9376103E-08
   800000.00  0.5766378E-11   0.5266408E-08   0.5272175E-08
  1000000.00  0.1780805E-11   0.3370501E-08   0.3372282E-08
  1200000.00  0.1251471E-11   0.2340626E-08   0.2341877E-08
  1400000.00  0.1017153E-11   0.1719644E-08   0.1720661E-08
  1600000.00  0.8963713E-12   0.1316602E-08   0.1317498E-08
