       91.00  0.1199217E-11   0.0000000E+00   0.1199217E-11
       94.00  0.2458272E-10   0.0000000E+00   0.2458272E-10
       96.00  0.3498166E-10   0.0000000E+00   0.3498166E-10
       98.00  0.4570579E-10   0.0000000E+00   0.4570579E-10
      100.00  0.6018485E-10   0.0000000E+00   0.6018485E-10
      102.00  0.7925808E-10   0.0000000E+00   0.7925808E-10
      104.00  0.9917439E-10   0.0000000E+00   0.9917439E-10
      106.00  0.1256123E-09   0.0000000E+00   0.1256123E-09
      108.00  0.1574374E-09   0.0000000E+00   0.1574374E-09
      110.00  0.2159440E-09   0.0000000E+00   0.2159440E-09
      114.00  0.3116750E-09   0.0000000E+00   0.3116750E-09
      118.00  0.4266469E-09   0.0000000E+00   0.4266469E-09
      121.00  0.8498734E-09   0.0000000E+00   0.8498734E-09
      125.00  0.1138268E-08   0.0000000E+00   0.1138268E-08
      127.00  0.1268336E-08   0.0000000E+00   0.1268336E-08
      128.00  0.1485770E-08   0.0000000E+00   0.1485770E-08
      131.00  0.1604084E-08   0.0000000E+00   0.1604084E-08
      132.00  0.2070438E-08   0.0000000E+00   0.2070438E-08
      134.00  0.2205516E-08   0.0000000E+00   0.2205516E-08
      137.00  0.2405778E-08   0.0000000E+00   0.2405778E-08
      140.00  0.3076627E-08   0.0000000E+00   0.3076627E-08
      143.00  0.4972944E-08   0.0000000E+00   0.4972944E-08
      147.00  0.1240374E-07   0.0000000E+00   0.1240374E-07
      151.00  0.1410675E-07   0.0000000E+00   0.1410675E-07
      155.00  0.1490404E-07   0.0000000E+00   0.1490404E-07
      159.00  0.1868410E-07   0.0000000E+00   0.1868410E-07
      162.00  0.2403407E-07   0.0000000E+00   0.2403407E-07
      166.00  0.2501636E-07   0.0000000E+00   0.2501636E-07
      170.00  0.2731846E-07   0.0000000E+00   0.2731846E-07
      173.00  0.3151498E-07   0.0000000E+00   0.3151498E-07
      177.00  0.2847285E-07   0.0000000E+00   0.2847285E-07
      180.00  0.3409776E-07   0.0000000E+00   0.3409776E-07
      182.00  0.3161242E-07   0.0000000E+00   0.3161242E-07
      186.00  0.3426086E-07   0.0000000E+00   0.3426086E-07
      191.00  0.3696642E-07   0.0000000E+00   0.3696642E-07
      194.00  0.4090871E-07   0.0000000E+00   0.4090871E-07
      198.00  0.4317725E-07   0.0000000E+00   0.4317725E-07
      202.00  0.4790417E-07   0.0000000E+00   0.4790417E-07
      205.00  0.4782735E-07   0.0000000E+00   0.4782735E-07
      210.00  0.5079005E-07   0.0000000E+00   0.5079005E-07
      216.00  0.5169049E-07   0.0000000E+00   0.5169049E-07
      220.00  0.5674662E-07   0.0000000E+00   0.5674662E-07
      223.00  0.5836700E-07   0.0000000E+00   0.5836700E-07
      227.00  0.6123013E-07   0.0000000E+00   0.6123013E-07
      228.00  0.6207138E-07   0.0000000E+00   0.6207138E-07
      228.00  0.3297156E-06   0.0000000E+00   0.3297156E-06
      230.00  0.1424841E-06   0.0000000E+00   0.1424841E-06
      234.00  0.5169471E-06   0.0000000E+00   0.5169471E-06
      240.00  0.9309764E-06   0.0000000E+00   0.9309764E-06
      246.00  0.1014266E-05   0.0000000E+00   0.1014266E-05
      252.00  0.1378374E-05   0.0000000E+00   0.1378374E-05
      257.00  0.1158148E-05   0.0000000E+00   0.1158148E-05
      260.00  0.1397344E-05   0.0000000E+00   0.1397344E-05
      264.00  0.1485423E-05   0.0000000E+00   0.1485423E-05
      269.00  0.1452041E-05   0.0000000E+00   0.1452041E-05
      274.00  0.1550863E-05   0.0000000E+00   0.1550863E-05
      279.00  0.1316075E-05   0.0000000E+00   0.1316075E-05
      284.00  0.1395542E-05   0.0000000E+00   0.1395542E-05
      290.00  0.1255103E-05   0.0000000E+00   0.1255103E-05
      296.00  0.1201645E-05   0.0000000E+00   0.1201645E-05
      301.00  0.1047915E-05   0.0000000E+00   0.1047915E-05
      308.00  0.1222756E-05   0.0000000E+00   0.1222756E-05
      318.00  0.1448346E-05   0.0000000E+00   0.1448346E-05
      328.00  0.1437690E-05   0.0000000E+00   0.1437690E-05
      338.00  0.1282643E-05   0.0000000E+00   0.1282643E-05
      348.00  0.1142212E-05   0.0000000E+00   0.1142212E-05
      353.30  0.1073710E-05   0.0000000E+00   0.1073710E-05
      353.30  0.1128945E-05   0.0000000E+00   0.1128945E-05
      357.00  0.1154614E-05   0.0000000E+00   0.1154614E-05
      366.00  0.1217053E-05   0.0000000E+00   0.1217053E-05
      375.00  0.1199183E-05   0.0000000E+00   0.1199183E-05
      385.00  0.1057988E-05   0.0000000E+00   0.1057988E-05
      395.00  0.1030521E-05   0.0000000E+00   0.1030521E-05
      405.00  0.1107346E-05   0.0000000E+00   0.1107346E-05
      414.00  0.1072398E-05   0.0000000E+00   0.1072398E-05
      422.00  0.9815638E-06   0.0000000E+00   0.9815638E-06
      430.00  0.9219677E-06   0.0000000E+00   0.9219677E-06
      441.00  0.8940875E-06   0.0000000E+00   0.8940875E-06
      451.00  0.8752014E-06   0.0000000E+00   0.8752014E-06
      460.00  0.8585523E-06   0.0000000E+00   0.8585523E-06
      470.00  0.8738569E-06   0.0000000E+00   0.8738569E-06
      480.00  0.8109602E-06   0.0000000E+00   0.8109602E-06
      490.00  0.7738757E-06   0.0000000E+00   0.7738757E-06
      500.00  0.7648395E-06   0.0000000E+00   0.7648395E-06
      504.60  0.7690786E-06   0.0000000E+00   0.7690786E-06
      504.60  0.7661349E-06   0.0000000E+00   0.7661349E-06
      506.00  0.7555021E-06   0.0000000E+00   0.7555021E-06
      512.00  0.7236037E-06   0.0000000E+00   0.7236037E-06
      520.00  0.7367308E-06   0.0000000E+00   0.7367308E-06
      530.00  0.6748297E-06   0.0000000E+00   0.6748297E-06
      540.00  0.5894283E-06   0.0000000E+00   0.5894283E-06
      550.00  0.5520689E-06   0.0000000E+00   0.5520689E-06
      560.00  0.6184456E-06   0.0000000E+00   0.6184456E-06
      570.00  0.6127912E-06   0.0000000E+00   0.6127912E-06
      580.00  0.5631830E-06   0.0000000E+00   0.5631830E-06
      590.00  0.5839626E-06   0.0000000E+00   0.5839626E-06
      600.00  0.5169940E-06   0.0000000E+00   0.5169940E-06
      610.00  0.5478450E-06   0.0000000E+00   0.5478450E-06
      620.00  0.5093554E-06   0.0000000E+00   0.5093554E-06
      630.00  0.5253259E-06   0.0000000E+00   0.5253259E-06
      640.00  0.4649797E-06   0.0000000E+00   0.4649797E-06
      650.00  0.4674433E-06   0.0000000E+00   0.4674433E-06
      658.00  0.4370178E-06   0.0000000E+00   0.4370178E-06
      665.00  0.4161935E-06   0.0000000E+00   0.4161935E-06
      675.00  0.4323054E-06   0.0000000E+00   0.4323054E-06
      685.00  0.4298409E-06   0.0000000E+00   0.4298409E-06
      695.00  0.3996354E-06   0.0000000E+00   0.3996354E-06
      705.00  0.3971430E-06   0.0000000E+00   0.3971430E-06
      716.00  0.3807352E-06   0.0000000E+00   0.3807352E-06
      726.00  0.3710344E-06   0.0000000E+00   0.3710344E-06
      735.00  0.3551187E-06   0.0000000E+00   0.3551187E-06
      745.00  0.3462180E-06   0.0000000E+00   0.3462180E-06
      755.00  0.3201392E-06   0.0000000E+00   0.3201392E-06
      765.00  0.3550260E-06   0.0000000E+00   0.3550260E-06
      775.00  0.3046667E-06   0.0000000E+00   0.3046667E-06
      785.00  0.2259512E-06   0.0000000E+00   0.2259512E-06
      795.00  0.2995577E-06   0.0000000E+00   0.2995577E-06
      805.00  0.2991552E-06   0.0000000E+00   0.2991552E-06
      815.00  0.2861503E-06   0.0000000E+00   0.2861503E-06
      825.00  0.2818787E-06   0.0000000E+00   0.2818787E-06
      835.00  0.2364594E-06   0.0000000E+00   0.2364594E-06
      845.00  0.2715378E-06   0.0000000E+00   0.2715378E-06
      855.00  0.2492569E-06   0.0000000E+00   0.2492569E-06
      865.00  0.2352929E-06   0.0000000E+00   0.2352929E-06
      875.00  0.2520402E-06   0.0000000E+00   0.2520402E-06
      885.00  0.2446143E-06   0.0000000E+00   0.2446143E-06
      895.00  0.2394793E-06   0.0000000E+00   0.2394793E-06
      905.00  0.2333037E-06   0.0000000E+00   0.2333037E-06
      912.40  0.2280638E-06   0.3707707E-11   0.2280675E-06
      912.40  0.5179333E-06   0.3707779E-11   0.5179370E-06
      915.00  0.5015909E-06   0.4072429E-11   0.5015950E-06
      925.00  0.4387348E-06   0.4927279E-11   0.4387397E-06
      935.00  0.6062324E-06   0.5935923E-11   0.6062383E-06
      945.00  0.5997310E-06   0.7121268E-11   0.5997381E-06
      955.00  0.6425602E-06   0.8508880E-11   0.6425687E-06
      965.00  0.6677575E-06   0.1012719E-10   0.6677676E-06
      975.00  0.5725225E-06   0.1200772E-10   0.5725345E-06
      985.00  0.4708708E-06   0.1418528E-10   0.4708850E-06
      995.00  0.6330831E-06   0.1669822E-10   0.6330998E-06
     1005.00  0.5784924E-06   0.1958864E-10   0.5785120E-06
     1015.00  0.6127759E-06   0.2290265E-10   0.6127988E-06
     1025.00  0.4824905E-06   0.2669056E-10   0.4825172E-06
     1035.00  0.5548672E-06   0.3100715E-10   0.5548982E-06
     1045.00  0.6269169E-06   0.3591232E-10   0.6269528E-06
     1055.00  0.6071465E-06   0.4147023E-10   0.6071880E-06
     1065.00  0.5662866E-06   0.4775040E-10   0.5663344E-06
     1075.00  0.5311726E-06   0.5482780E-10   0.5312274E-06
     1085.00  0.5022307E-06   0.6278303E-10   0.5022935E-06
     1095.00  0.5646105E-06   0.7170253E-10   0.5646822E-06
     1105.00  0.5451937E-06   0.8167880E-10   0.5452754E-06
     1115.00  0.4972837E-06   0.9281056E-10   0.4973765E-06
     1125.00  0.4075786E-06   0.1052029E-09   0.4076838E-06
     1135.00  0.5276218E-06   0.1189679E-09   0.5277408E-06
     1145.00  0.5057288E-06   0.1342243E-09   0.5058630E-06
     1155.00  0.4292596E-06   0.1510977E-09   0.4294107E-06
     1165.00  0.4277719E-06   0.1697212E-09   0.4279416E-06
     1175.00  0.4325249E-06   0.1902351E-09   0.4327151E-06
     1185.00  0.4762175E-06   0.2127871E-09   0.4764303E-06
     1195.00  0.4140257E-06   0.2375326E-09   0.4142632E-06
     1205.00  0.3631456E-06   0.2646347E-09   0.3634102E-06
     1215.00  0.3106297E-06   0.2942643E-09   0.3109240E-06
     1225.00  0.3911289E-06   0.8850761E-08   0.3999797E-06
     1235.00  0.3917788E-06   0.1661934E-07   0.4083981E-06
     1245.00  0.4378437E-06   0.2322914E-07   0.4610728E-06
     1255.00  0.3981124E-06   0.2888151E-07   0.4269939E-06
     1265.00  0.4056190E-06   0.3372575E-07   0.4393447E-06
     1275.00  0.4200006E-06   0.3787995E-07   0.4578806E-06
     1285.00  0.4022434E-06   0.4144059E-07   0.4436840E-06
     1295.00  0.3675595E-06   0.4448799E-07   0.4120475E-06
     1305.00  0.3757464E-06   0.4708994E-07   0.4228363E-06
     1315.00  0.3826473E-06   0.4930418E-07   0.4319515E-06
     1325.00  0.3674379E-06   0.5118022E-07   0.4186181E-06
     1335.00  0.3585330E-06   0.5276083E-07   0.4112938E-06
     1345.00  0.3446054E-06   0.5408305E-07   0.3986884E-06
     1355.00  0.3655581E-06   0.5517914E-07   0.4207372E-06
     1365.00  0.3464662E-06   0.5607728E-07   0.4025435E-06
     1375.00  0.3404115E-06   0.5680216E-07   0.3972137E-06
     1385.00  0.3323509E-06   0.5737547E-07   0.3897264E-06
     1395.00  0.3068294E-06   0.5781632E-07   0.3646457E-06
     1405.00  0.3456219E-06   0.5814158E-07   0.4037635E-06
     1415.00  0.3166617E-06   0.5836617E-07   0.3750279E-06
     1425.00  0.2941805E-06   0.5850331E-07   0.3526838E-06
     1435.00  0.3070858E-06   0.5856476E-07   0.3656506E-06
     1442.00  0.3115096E-06   0.5856837E-07   0.3700780E-06
     1447.00  0.3084003E-06   0.5855320E-07   0.3669535E-06
     1455.00  0.3045593E-06   0.5850122E-07   0.3630605E-06
     1465.00  0.2891384E-06   0.5839387E-07   0.3475323E-06
     1475.00  0.2868554E-06   0.5824633E-07   0.3451017E-06
     1485.00  0.2835205E-06   0.5806526E-07   0.3415858E-06
     1495.00  0.2835825E-06   0.5785665E-07   0.3414391E-06
     1505.00  0.2705522E-06   0.5762584E-07   0.3281780E-06
     1512.00  0.2527798E-06   0.5745369E-07   0.3102335E-06
     1517.00  0.2595010E-06   0.5732636E-07   0.3168274E-06
     1525.00  0.2511212E-06   0.5711651E-07   0.3082377E-06
     1535.00  0.2388495E-06   0.5684626E-07   0.2956958E-06
     1545.00  0.1898881E-06   0.5657048E-07   0.2464586E-06
     1555.00  0.2320800E-06   0.5629203E-07   0.2883720E-06
     1565.00  0.2039789E-06   0.5601410E-07   0.2599930E-06
     1575.00  0.2343120E-06   0.5573934E-07   0.2900513E-06
     1585.00  0.2102194E-06   0.5547017E-07   0.2656896E-06
     1595.00  0.2369576E-06   0.5520877E-07   0.2921664E-06
     1605.00  0.2328102E-06   0.5495714E-07   0.2877673E-06
     1615.00  0.2297432E-06   0.5471711E-07   0.2844603E-06
     1625.00  0.2235129E-06   0.5449036E-07   0.2780033E-06
     1635.00  0.2239311E-06   0.5427838E-07   0.2782095E-06
     1645.00  0.2200358E-06   0.5408260E-07   0.2741184E-06
     1655.00  0.2157378E-06   0.5390432E-07   0.2696421E-06
     1665.00  0.2206359E-06   0.5374474E-07   0.2743806E-06
     1672.00  0.2096438E-06   0.5364476E-07   0.2632886E-06
     1677.00  0.2189403E-06   0.5357949E-07   0.2725198E-06
     1685.00  0.2196537E-06   0.5348603E-07   0.2731397E-06
     1695.00  0.2125075E-06   0.5338886E-07   0.2658964E-06
     1705.00  0.2065014E-06   0.5331435E-07   0.2598158E-06
     1715.00  0.2008700E-06   0.5326331E-07   0.2541333E-06
     1725.00  0.2000446E-06   0.5323651E-07   0.2532811E-06
     1735.00  0.2052751E-06   0.5323465E-07   0.2585097E-06
     1745.00  0.2027494E-06   0.5325840E-07   0.2560078E-06
     1755.00  0.2111637E-06   0.5330838E-07   0.2644721E-06
     1765.00  0.1988516E-06   0.5338519E-07   0.2522368E-06
     1775.00  0.2008186E-06   0.5348936E-07   0.2543080E-06
     1785.00  0.2055341E-06   0.5362141E-07   0.2591555E-06
     1795.00  0.2184206E-06   0.5378188E-07   0.2722025E-06
     1805.00  0.2173754E-06   0.5397121E-07   0.2713466E-06
     1815.00  0.2030501E-06   0.5418981E-07   0.2572399E-06
     1825.00  0.2101900E-06   0.5443809E-07   0.2646281E-06
     1835.00  0.2065992E-06   0.5471645E-07   0.2613157E-06
     1845.00  0.1816085E-06   0.5502526E-07   0.2366338E-06
     1855.00  0.2006302E-06   0.5536485E-07   0.2559950E-06
     1865.00  0.2173882E-06   0.5573555E-07   0.2731238E-06
     1875.00  0.2224067E-06   0.5613769E-07   0.2785444E-06
     1885.00  0.2165256E-06   0.5657154E-07   0.2730971E-06
     1895.00  0.2315374E-06   0.5703741E-07   0.2885748E-06
     1905.00  0.2294065E-06   0.5753555E-07   0.2869420E-06
     1915.00  0.2350178E-06   0.5806622E-07   0.2930840E-06
     1925.00  0.2135054E-06   0.5862966E-07   0.2721351E-06
     1935.00  0.1783943E-06   0.5922611E-07   0.2376204E-06
     1945.00  0.2499201E-06   0.5985478E-07   0.3097749E-06
     1955.00  0.2484982E-06   0.6051543E-07   0.3090136E-06
     1967.00  0.2890767E-06   0.6135204E-07   0.3504287E-06
     1976.00  0.2647631E-06   0.6201104E-07   0.3267741E-06
     1984.00  0.2935038E-06   0.6261960E-07   0.3561234E-06
     1995.00  0.3062582E-06   0.6349153E-07   0.3697497E-06
     2005.00  0.2909461E-06   0.6431965E-07   0.3552658E-06
     2015.00  0.3059506E-06   0.6518166E-07   0.3711323E-06
     2025.00  0.2566339E-06   0.6607767E-07   0.3227116E-06
     2035.00  0.3287128E-06   0.6701153E-07   0.3957243E-06
     2045.00  0.3683985E-06   0.6798144E-07   0.4363799E-06
     2055.00  0.3540580E-06   0.2947698E-07   0.3835350E-06
     2065.00  0.3431423E-06   0.2921700E-07   0.3723593E-06
     2074.00  0.3864156E-06   0.2898948E-07   0.4154051E-06
     2078.00  0.6834434E-06   0.2889031E-07   0.7123337E-06
     2085.00  0.8254309E-06   0.2871963E-07   0.8541505E-06
     2095.00  0.7567520E-06   0.2848210E-07   0.7852341E-06
     2105.00  0.7189213E-06   0.2825190E-07   0.7471732E-06
     2115.00  0.8390625E-06   0.2802897E-07   0.8670915E-06
     2125.00  0.7160748E-06   0.2781322E-07   0.7438880E-06
     2135.00  0.6893812E-06   0.2760458E-07   0.7169858E-06
     2145.00  0.8939664E-06   0.2740297E-07   0.9213694E-06
     2155.00  0.8786207E-06   0.2720833E-07   0.9058290E-06
     2165.00  0.7391408E-06   0.2702056E-07   0.7661614E-06
     2175.00  0.7560115E-06   0.2683963E-07   0.7828511E-06
     2185.00  0.9848118E-06   0.2666546E-07   0.1011477E-05
     2195.00  0.9835901E-06   0.2649795E-07   0.1010088E-05
     2205.00  0.9440970E-06   0.2633704E-07   0.9704340E-06
     2215.00  0.7156130E-06   0.2618264E-07   0.7417956E-06
     2225.00  0.8718487E-06   0.2603468E-07   0.8978834E-06
     2235.00  0.1170299E-05   0.2589309E-07   0.1196192E-05
     2245.00  0.1107662E-05   0.2575779E-07   0.1133420E-05
     2255.00  0.8044516E-06   0.2562872E-07   0.8300803E-06
     2265.00  0.7356653E-06   0.2550580E-07   0.7611711E-06
     2275.00  0.7916599E-06   0.2538896E-07   0.8170489E-06
     2285.00  0.1118880E-05   0.2527795E-07   0.1144158E-05
     2295.00  0.9084325E-06   0.2517271E-07   0.9336052E-06
     2305.00  0.1142046E-05   0.2507330E-07   0.1167119E-05
     2315.00  0.9573613E-06   0.2497967E-07   0.9823410E-06
     2325.00  0.7816837E-06   0.2489174E-07   0.8065754E-06
     2335.00  0.6487043E-06   0.2480944E-07   0.6735137E-06
     2345.00  0.4155255E-06   0.2473271E-07   0.4402582E-06
     2355.00  0.8883153E-06   0.2466147E-07   0.9129768E-06
     2365.00  0.4649422E-06   0.2459567E-07   0.4895379E-06
     2375.00  0.6441267E-06   0.2453522E-07   0.6686619E-06
     2385.00  0.3422986E-06   0.2448008E-07   0.3667787E-06
     2395.00  0.4478766E-06   0.2443016E-07   0.4723068E-06
     2405.00  0.4484740E-06   0.2438542E-07   0.4728594E-06
     2415.00  0.5665376E-06   0.2434579E-07   0.5908834E-06
     2425.00  0.1079036E-05   0.2431120E-07   0.1103347E-05
     2435.00  0.1068515E-05   0.2428159E-07   0.1092797E-05
     2445.00  0.1303583E-05   0.2425689E-07   0.1327840E-05
     2455.00  0.1380465E-05   0.2423705E-07   0.1404702E-05
     2465.00  0.1180635E-05   0.2422199E-07   0.1204857E-05
     2475.00  0.9974628E-06   0.2421166E-07   0.1021674E-05
     2485.00  0.5229127E-06   0.2420601E-07   0.5471187E-06
     2495.00  0.7124598E-06   0.2420496E-07   0.7366648E-06
     2505.00  0.1171719E-05   0.2420845E-07   0.1195927E-05
     2513.00  0.4263501E-06   0.2421449E-07   0.4505646E-06
     2518.00  0.3005028E-06   0.2421971E-07   0.3247225E-06
     2525.00  0.3629541E-06   0.2422886E-07   0.3871830E-06
     2535.00  0.7217334E-06   0.2424566E-07   0.7459791E-06
     2545.00  0.7699975E-06   0.2426676E-07   0.7942643E-06
     2555.00  0.1458977E-05   0.2429212E-07   0.1483269E-05
     2565.00  0.1056856E-05   0.2432169E-07   0.1081178E-05
     2575.00  0.1381144E-05   0.2435540E-07   0.1405499E-05
     2585.00  0.1191316E-05   0.2439320E-07   0.1215709E-05
     2595.00  0.1043007E-05   0.2443504E-07   0.1067442E-05
     2605.00  0.8591218E-06   0.2328466E-07   0.8824065E-06
     2615.00  0.7546044E-06   0.2331990E-07   0.7779243E-06
     2625.00  0.1093458E-05   0.2335904E-07   0.1116817E-05
     2635.00  0.2022928E-05   0.2340203E-07   0.2046330E-05
     2645.00  0.2794403E-05   0.2344883E-07   0.2817852E-05
     2655.00  0.3833397E-05   0.2349938E-07   0.3856896E-05
     2665.00  0.2512865E-05   0.2355364E-07   0.2536419E-05
     2675.00  0.2855499E-05   0.2361156E-07   0.2879111E-05
     2685.00  0.3309034E-05   0.2367309E-07   0.3332707E-05
     2695.00  0.2335353E-05   0.2373818E-07   0.2359091E-05
     2705.00  0.2878704E-05   0.2380679E-07   0.2902511E-05
     2715.00  0.2024157E-05   0.2387887E-07   0.2048036E-05
     2725.00  0.1597899E-05   0.2395437E-07   0.1621853E-05
     2735.00  0.2078219E-05   0.2403325E-07   0.2102252E-05
     2745.00  0.1085769E-05   0.2411546E-07   0.1109884E-05
     2755.00  0.1592112E-05   0.2420096E-07   0.1616313E-05
     2765.00  0.2162440E-05   0.2428970E-07   0.2186730E-05
     2775.00  0.2298849E-05   0.2438164E-07   0.2323231E-05
     2785.00  0.1232949E-05   0.2447674E-07   0.1257426E-05
     2795.00  0.4786013E-06   0.2457494E-07   0.5031762E-06
     2805.00  0.5957507E-06   0.2467622E-07   0.6204269E-06
     2815.00  0.1949105E-05   0.2478053E-07   0.1973886E-05
     2825.00  0.2966761E-05   0.2488782E-07   0.2991649E-05
     2835.00  0.2730142E-05   0.2499805E-07   0.2755140E-05
     2845.00  0.1847206E-05   0.2511118E-07   0.1872317E-05
     2855.00  0.9236952E-06   0.2522688E-07   0.9489221E-06
     2865.00  0.2653548E-05   0.2534507E-07   0.2678893E-05
     2875.00  0.3644874E-05   0.2546600E-07   0.3670340E-05
     2885.00  0.3278086E-05   0.2558963E-07   0.3303676E-05
     2895.00  0.3993264E-05   0.2571593E-07   0.4018980E-05
     2910.00  0.5403727E-05   0.2591028E-07   0.5429637E-05
     2930.00  0.4713862E-05   0.2617836E-07   0.4740040E-05
     2950.00  0.4354988E-05   0.2645639E-07   0.4381444E-05
     2970.00  0.4486352E-05   0.2674405E-07   0.4513096E-05
     2990.00  0.4571469E-05   0.2704105E-07   0.4598510E-05
     3010.00  0.4597575E-05   0.2734710E-07   0.4624922E-05
     3030.00  0.4879602E-05   0.2766190E-07   0.4907264E-05
     3050.00  0.5170646E-05   0.2798507E-07   0.5198631E-05
     3070.00  0.5477257E-05   0.2831631E-07   0.5505573E-05
     3090.00  0.5254881E-05   0.2865542E-07   0.5283536E-05
     3110.00  0.6021300E-05   0.2900213E-07   0.6050302E-05
     3130.00  0.5577390E-05   0.2899184E-07   0.5606382E-05
     3150.00  0.5452566E-05   0.2934628E-07   0.5481912E-05
     3170.00  0.6059996E-05   0.2970759E-07   0.6089704E-05
     3190.00  0.5351818E-05   0.3007553E-07   0.5381894E-05
     3210.00  0.5944702E-05   0.3044984E-07   0.5975152E-05
     3230.00  0.5099931E-05   0.3083030E-07   0.5130761E-05
     3250.00  0.7061410E-05   0.3121667E-07   0.7092627E-05
     3270.00  0.8238425E-05   0.3160836E-07   0.8270033E-05
     3290.00  0.8054296E-05   0.3200523E-07   0.8086301E-05
     3310.00  0.7523275E-05   0.3240721E-07   0.7555682E-05
     3330.00  0.7715499E-05   0.3281409E-07   0.7748313E-05
     3350.00  0.7423773E-05   0.3322565E-07   0.7456999E-05
     3370.00  0.5482674E-05   0.3364169E-07   0.5516316E-05
     3390.00  0.6399352E-05   0.3406199E-07   0.6433414E-05
     3410.00  0.6607556E-05   0.3448635E-07   0.6642042E-05
     3430.00  0.7162681E-05   0.3263604E-07   0.7195317E-05
     3450.00  0.7367425E-05   0.3302677E-07   0.7400452E-05
     3470.00  0.7676826E-05   0.3342091E-07   0.7710247E-05
     3490.00  0.8551201E-05   0.3381828E-07   0.8585019E-05
     3510.00  0.9131004E-05   0.3421878E-07   0.9165223E-05
     3530.00  0.8275380E-05   0.3462268E-07   0.8310003E-05
     3550.00  0.9637031E-05   0.3502939E-07   0.9672060E-05
     3570.00  0.6880747E-05   0.3543875E-07   0.6916186E-05
     3590.00  0.6811615E-05   0.3585060E-07   0.6847466E-05
     3610.00  0.8390743E-05   0.3626479E-07   0.8427008E-05
     3630.00  0.8687991E-05   0.3668117E-07   0.8724672E-05
     3640.00  0.9125329E-05   0.3689013E-07   0.9162219E-05
     3650.00  0.1008806E-04   0.6576926E-08   0.1009464E-04
     3670.00  0.1060012E-04   0.6529826E-08   0.1060665E-04
     3690.00  0.9759236E-05   0.6010330E-08   0.9765246E-05
     3710.00  0.1037973E-04   0.5959013E-08   0.1038569E-04
     3730.00  0.7282524E-05   0.5909366E-08   0.7288433E-05
     3750.00  0.8253051E-05   0.5861340E-08   0.8258912E-05
     3770.00  0.1036394E-04   0.5814889E-08   0.1036975E-04
     3790.00  0.1067607E-04   0.5769966E-08   0.1068184E-04
     3810.00  0.1035077E-04   0.5726527E-08   0.1035650E-04
     3830.00  0.6233170E-05   0.5684530E-08   0.6238855E-05
     3850.00  0.8620907E-05   0.5643933E-08   0.8626551E-05
     3870.00  0.8416093E-05   0.5604695E-08   0.8421698E-05
     3890.00  0.9726312E-05   0.5566776E-08   0.9731879E-05
     3910.00  0.1153011E-04   0.5530140E-08   0.1153564E-04
     3930.00  0.5873999E-05   0.5494749E-08   0.5879494E-05
     3950.00  0.1031372E-04   0.5460566E-08   0.1031918E-04
     3970.00  0.7147080E-05   0.5427567E-08   0.7152508E-05
     3990.00  0.1438844E-04   0.5395740E-08   0.1439384E-04
     4010.00  0.1562855E-04   0.5365018E-08   0.1563392E-04
     4030.00  0.1544766E-04   0.5335369E-08   0.1545300E-04
     4050.00  0.1489433E-04   0.5306762E-08   0.1489964E-04
     4070.00  0.1423765E-04   0.5279166E-08   0.1424293E-04
     4090.00  0.1689491E-04   0.5252553E-08   0.1690016E-04
     4110.00  0.1591130E-04   0.5226893E-08   0.1591653E-04
     4130.00  0.1582045E-04   0.5202159E-08   0.1582565E-04
     4150.00  0.1549696E-04   0.5178325E-08   0.1550214E-04
     4170.00  0.1578263E-04   0.5155363E-08   0.1578779E-04
     4190.00  0.1525440E-04   0.5133248E-08   0.1525953E-04
     4210.00  0.1534963E-04   0.5111955E-08   0.1535474E-04
     4230.00  0.1476838E-04   0.5091461E-08   0.1477347E-04
     4250.00  0.1522648E-04   0.5071742E-08   0.1523155E-04
     4270.00  0.1435632E-04   0.5052775E-08   0.1436137E-04
     4290.00  0.1332379E-04   0.5034538E-08   0.1332882E-04
     4310.00  0.1132867E-04   0.5017010E-08   0.1133369E-04
     4330.00  0.1658277E-04   0.5000169E-08   0.1658777E-04
     4350.00  0.1626226E-04   0.4983998E-08   0.1626724E-04
     4370.00  0.1756398E-04   0.4968478E-08   0.1756895E-04
     4390.00  0.1587755E-04   0.4953586E-08   0.1588250E-04
     4410.00  0.1698974E-04   0.4939303E-08   0.1699468E-04
     4430.00  0.1851634E-04   0.4925611E-08   0.1852127E-04
     4450.00  0.1849683E-04   0.4912493E-08   0.1850174E-04
     4470.00  0.1962749E-04   0.4899931E-08   0.1963239E-04
     4490.00  0.2010892E-04   0.4887908E-08   0.2011381E-04
     4510.00  0.2237165E-04   0.4876408E-08   0.2237653E-04
     4530.00  0.1994914E-04   0.4865416E-08   0.1995401E-04
     4550.00  0.2083623E-04   0.4854915E-08   0.2084108E-04
     4570.00  0.2223632E-04   0.4844891E-08   0.2224116E-04
     4590.00  0.2115886E-04   0.4835330E-08   0.2116370E-04
     4610.00  0.2175177E-04   0.4826216E-08   0.2175660E-04
     4630.00  0.2149517E-04   0.4817537E-08   0.2149999E-04
     4650.00  0.2168874E-04   0.4809279E-08   0.2169355E-04
     4670.00  0.2247981E-04   0.4801428E-08   0.2248461E-04
     4690.00  0.2223367E-04   0.4793972E-08   0.2223846E-04
     4710.00  0.2166790E-04   0.4786899E-08   0.2167269E-04
     4730.00  0.2223471E-04   0.4780196E-08   0.2223949E-04
     4750.00  0.2283463E-04   0.4773852E-08   0.2283940E-04
     4770.00  0.2249344E-04   0.4767856E-08   0.2249821E-04
     4790.00  0.2252194E-04   0.4762196E-08   0.2252670E-04
     4810.00  0.2258145E-04   0.4756853E-08   0.2258621E-04
     4830.00  0.2306358E-04   0.4751814E-08   0.2306833E-04
     4850.00  0.2214748E-04   0.4747080E-08   0.2215223E-04
     4870.00  0.2043899E-04   0.4742639E-08   0.2044373E-04
     4890.00  0.2248210E-04   0.4738483E-08   0.2248684E-04
     4910.00  0.2248637E-04   0.4734602E-08   0.2249110E-04
     4930.00  0.2208854E-04   0.4730987E-08   0.2209327E-04
     4950.00  0.2287869E-04   0.4727629E-08   0.2288342E-04
     4970.00  0.2270686E-04   0.4724519E-08   0.2271158E-04
     4990.00  0.2130446E-04   0.4721648E-08   0.2130918E-04
     5010.00  0.2029867E-04   0.4719009E-08   0.2030339E-04
     5030.00  0.2146256E-04   0.4716594E-08   0.2146728E-04
     5050.00  0.2133240E-04   0.4714394E-08   0.2133711E-04
     5070.00  0.2217767E-04   0.4712416E-08   0.2218238E-04
     5090.00  0.2117312E-04   0.4710701E-08   0.2117783E-04
     5110.00  0.2163052E-04   0.4709177E-08   0.2163523E-04
     5130.00  0.2099852E-04   0.4707838E-08   0.2100323E-04
     5150.00  0.2017315E-04   0.4706676E-08   0.2017786E-04
     5170.00  0.1891534E-04   0.4705685E-08   0.1892005E-04
     5190.00  0.1955427E-04   0.4704859E-08   0.1955897E-04
     5210.00  0.2085907E-04   0.4704191E-08   0.2086377E-04
     5230.00  0.2222816E-04   0.4703675E-08   0.2223286E-04
     5250.00  0.2303854E-04   0.4703305E-08   0.2304324E-04
     5270.00  0.2071624E-04   0.4703076E-08   0.2072094E-04
     5290.00  0.2329758E-04   0.4702982E-08   0.2330228E-04
     5310.00  0.2450997E-04   0.4703018E-08   0.2451467E-04
     5330.00  0.2201781E-04   0.4703178E-08   0.2202251E-04
     5350.00  0.2374068E-04   0.4703456E-08   0.2374538E-04
     5370.00  0.2356943E-04   0.4703846E-08   0.2357413E-04
     5390.00  0.2321261E-04   0.4704333E-08   0.2321731E-04
     5410.00  0.2284240E-04   0.4704924E-08   0.2284710E-04
     5430.00  0.2309390E-04   0.4705614E-08   0.2309861E-04
     5450.00  0.2362541E-04   0.4706399E-08   0.2363012E-04
     5470.00  0.2331821E-04   0.4707274E-08   0.2332292E-04
     5490.00  0.2341294E-04   0.4708235E-08   0.2341765E-04
     5510.00  0.2323865E-04   0.4709278E-08   0.2324336E-04
     5530.00  0.2399733E-04   0.4710399E-08   0.2400204E-04
     5550.00  0.2424316E-04   0.4711594E-08   0.2424787E-04
     5570.00  0.2366558E-04   0.4712860E-08   0.2367029E-04
     5590.00  0.2317338E-04   0.4714192E-08   0.2317809E-04
     5610.00  0.2382789E-04   0.4715587E-08   0.2383261E-04
     5630.00  0.2388303E-04   0.4717042E-08   0.2388775E-04
     5650.00  0.2419277E-04   0.4718553E-08   0.2419749E-04
     5670.00  0.2361122E-04   0.4720117E-08   0.2361594E-04
     5690.00  0.2423604E-04   0.4721731E-08   0.2424076E-04
     5710.00  0.2343097E-04   0.3593361E-08   0.2343456E-04
     5730.00  0.2509547E-04   0.3590804E-08   0.2509906E-04
     5750.00  0.2445901E-04   0.3588331E-08   0.2446260E-04
     5770.00  0.2461270E-04   0.3585940E-08   0.2461629E-04
     5790.00  0.2385953E-04   0.3583628E-08   0.2386311E-04
     5810.00  0.2456726E-04   0.3581392E-08   0.2457084E-04
     5830.00  0.2506182E-04   0.3579229E-08   0.2506540E-04
     5850.00  0.2438902E-04   0.3577137E-08   0.2439260E-04
     5870.00  0.2433146E-04   0.3575113E-08   0.2433504E-04
     5890.00  0.2156331E-04   0.3573154E-08   0.2156688E-04
     5910.00  0.2388156E-04   0.3571258E-08   0.2388513E-04
     5930.00  0.2412038E-04   0.3569424E-08   0.2412395E-04
     5950.00  0.2415660E-04   0.3567647E-08   0.2416017E-04
     5970.00  0.2448670E-04   0.3565927E-08   0.2449027E-04
     5990.00  0.2421886E-04   0.3564260E-08   0.2422242E-04
     6010.00  0.2392413E-04   0.3562645E-08   0.2392769E-04
     6030.00  0.2437914E-04   0.3561080E-08   0.2438270E-04
     6050.00  0.2479310E-04   0.3559563E-08   0.2479666E-04
     6070.00  0.2465938E-04   0.3558091E-08   0.2466294E-04
     6090.00  0.2405950E-04   0.3556662E-08   0.2406306E-04
     6110.00  0.2412599E-04   0.3555274E-08   0.2412955E-04
     6130.00  0.2294372E-04   0.3553926E-08   0.2294727E-04
     6150.00  0.2347835E-04   0.3552615E-08   0.2348190E-04
     6170.00  0.2235898E-04   0.3551342E-08   0.2236253E-04
     6190.00  0.2351059E-04   0.3550103E-08   0.2351414E-04
     6210.00  0.2334388E-04   0.3548897E-08   0.2334743E-04
     6230.00  0.2273291E-04   0.3547723E-08   0.2273646E-04
     6250.00  0.2212188E-04   0.3546579E-08   0.2212543E-04
     6270.00  0.2302884E-04   0.3545464E-08   0.2303239E-04
     6290.00  0.2334017E-04   0.3544376E-08   0.2334371E-04
     6310.00  0.2288595E-04   0.3543313E-08   0.2288949E-04
     6330.00  0.2319750E-04   0.3542274E-08   0.2320104E-04
     6350.00  0.2341258E-04   0.3541259E-08   0.2341612E-04
     6370.00  0.2333684E-04   0.3540265E-08   0.2334038E-04
     6390.00  0.2346750E-04   0.3539292E-08   0.2347104E-04
     6410.00  0.2302816E-04   0.3538338E-08   0.2303170E-04
     6430.00  0.2320774E-04   0.3537402E-08   0.2321128E-04
     6450.00  0.2312654E-04   0.3536482E-08   0.2313008E-04
     6470.00  0.2301650E-04   0.3535579E-08   0.2302004E-04
     6490.00  0.2262897E-04   0.3534690E-08   0.2263250E-04
     6510.00  0.2334217E-04   0.3533814E-08   0.2334570E-04
     6530.00  0.2343330E-04   0.3532907E-08   0.2343683E-04
     6550.00  0.2278170E-04   0.3531996E-08   0.2278523E-04
     6570.00  0.2133365E-04   0.3531095E-08   0.2133718E-04
     6590.00  0.2290834E-04   0.3530201E-08   0.2291187E-04
     6610.00  0.2315205E-04   0.3529314E-08   0.2315558E-04
     6630.00  0.2300964E-04   0.3528434E-08   0.2301317E-04
     6650.00  0.2293473E-04   0.3505988E-08   0.2293824E-04
     6670.00  0.2249716E-04   0.3505142E-08   0.2250067E-04
     6690.00  0.2280294E-04   0.3504300E-08   0.2280644E-04
     6710.00  0.2203982E-04   0.3503461E-08   0.2204332E-04
     6730.00  0.2249683E-04   0.3502624E-08   0.2250033E-04
     6750.00  0.2216594E-04   0.3501790E-08   0.2216944E-04
     6770.00  0.2226263E-04   0.3500957E-08   0.2226613E-04
     6790.00  0.2211744E-04   0.3500125E-08   0.2212094E-04
     6810.00  0.2214376E-04   0.3499292E-08   0.2214726E-04
     6830.00  0.2236867E-04   0.3498459E-08   0.2237217E-04
     6850.00  0.2190852E-04   0.3497624E-08   0.2191202E-04
     6870.00  0.2216855E-04   0.3496787E-08   0.2217205E-04
     6890.00  0.2245345E-04   0.3495948E-08   0.2245695E-04
     6910.00  0.2241112E-04   0.3495105E-08   0.2241462E-04
     6930.00  0.2230907E-04   0.3494259E-08   0.2231256E-04
     6950.00  0.2227894E-04   0.3493409E-08   0.2228243E-04
     6970.00  0.2254139E-04   0.3492554E-08   0.2254488E-04
     6990.00  0.2244117E-04   0.3491693E-08   0.2244466E-04
     7010.00  0.2221615E-04   0.3490827E-08   0.2221964E-04
     7030.00  0.2255380E-04   0.3489958E-08   0.2255729E-04
     7050.00  0.2248013E-04   0.3489083E-08   0.2248362E-04
     7070.00  0.2193712E-04   0.3488201E-08   0.2194061E-04
     7090.00  0.2139603E-04   0.3487310E-08   0.2139952E-04
     7110.00  0.2098108E-04   0.3486411E-08   0.2098457E-04
     7130.00  0.2060066E-04   0.3485504E-08   0.2060415E-04
     7150.00  0.2052662E-04   0.3484588E-08   0.2053010E-04
     7170.00  0.2078992E-04   0.3483663E-08   0.2079340E-04
     7190.00  0.2031523E-04   0.3482728E-08   0.2031871E-04
     7210.00  0.2070429E-04   0.3481782E-08   0.2070777E-04
     7230.00  0.2113662E-04   0.3480827E-08   0.2114010E-04
     7250.00  0.2126409E-04   0.3479861E-08   0.2126757E-04
     7270.00  0.2141258E-04   0.3478884E-08   0.2141606E-04
     7290.00  0.2119828E-04   0.3477896E-08   0.2120176E-04
     7310.00  0.2171440E-04   0.3476896E-08   0.2171788E-04
     7330.00  0.2176253E-04   0.3475885E-08   0.2176601E-04
     7350.00  0.2197099E-04   0.3474862E-08   0.2197446E-04
     7370.00  0.2245850E-04   0.3473826E-08   0.2246197E-04
     7390.00  0.2210242E-04   0.3472779E-08   0.2210589E-04
     7410.00  0.2196115E-04   0.3471718E-08   0.2196462E-04
     7430.00  0.2246121E-04   0.3470645E-08   0.2246468E-04
     7450.00  0.2249777E-04   0.3461462E-08   0.2250123E-04
     7470.00  0.2272086E-04   0.3460370E-08   0.2272432E-04
     7490.00  0.2264398E-04   0.3459266E-08   0.2264744E-04
     7510.00  0.2279330E-04   0.3458148E-08   0.2279676E-04
     7530.00  0.2299356E-04   0.3457017E-08   0.2299702E-04
     7550.00  0.2309982E-04   0.3455873E-08   0.2310328E-04
     7570.00  0.2294405E-04   0.3454715E-08   0.2294750E-04
     7590.00  0.2256066E-04   0.3453543E-08   0.2256411E-04
     7610.00  0.2230212E-04   0.3452344E-08   0.2230557E-04
     7630.00  0.2192962E-04   0.3451116E-08   0.2193307E-04
     7650.00  0.2154180E-04   0.3449874E-08   0.2154525E-04
     7670.00  0.2066796E-04   0.3448617E-08   0.2067141E-04
     7690.00  0.2115158E-04   0.3447345E-08   0.2115503E-04
     7710.00  0.2077697E-04   0.3446058E-08   0.2078042E-04
     7730.00  0.2087680E-04   0.3444755E-08   0.2088024E-04
     7750.00  0.2071691E-04   0.3443437E-08   0.2072035E-04
     7770.00  0.2102544E-04   0.3442104E-08   0.2102888E-04
     7790.00  0.2106083E-04   0.3440755E-08   0.2106427E-04
     7810.00  0.2110789E-04   0.3439391E-08   0.2111133E-04
     7830.00  0.2095425E-04   0.3438012E-08   0.2095769E-04
     7850.00  0.2078882E-04   0.3436616E-08   0.2079226E-04
     7870.00  0.2111833E-04   0.3370189E-08   0.2112170E-04
     7890.00  0.2093690E-04   0.3368831E-08   0.2094027E-04
     7910.00  0.2054594E-04   0.3367458E-08   0.2054931E-04
     7930.00  0.2060566E-04   0.3366070E-08   0.2060903E-04
     7950.00  0.2053248E-04   0.3364666E-08   0.2053584E-04
     7970.00  0.2108004E-04   0.3363248E-08   0.2108340E-04
     7990.00  0.2108179E-04   0.3361814E-08   0.2108515E-04
     8010.00  0.2159107E-04   0.3360365E-08   0.2159443E-04
     8030.00  0.2164348E-04   0.3358901E-08   0.2164684E-04
     8050.00  0.2157914E-04   0.3357421E-08   0.2158250E-04
     8070.00  0.2177782E-04   0.3355927E-08   0.2178118E-04
     8090.00  0.2164934E-04   0.3354417E-08   0.2165269E-04
     8110.00  0.2178823E-04   0.3352892E-08   0.2179158E-04
     8130.00  0.2205713E-04   0.3351352E-08   0.2206048E-04
     8150.00  0.2214579E-04   0.3349797E-08   0.2214914E-04
     8170.00  0.2217026E-04   0.3348226E-08   0.2217361E-04
     8190.00  0.2152675E-04   0.3346640E-08   0.2153010E-04
     8210.00  0.2161261E-04   0.2954196E-08   0.2161556E-04
     8230.00  0.2167776E-04   0.1428737E-08   0.2167919E-04
     8250.00  0.2168649E-04   0.1426659E-08   0.2168792E-04
     8270.00  0.2180691E-04   0.1424592E-08   0.2180833E-04
     8290.00  0.2166686E-04   0.1401882E-08   0.2166826E-04
     8310.00  0.2126749E-04   0.1399858E-08   0.2126889E-04
     8330.00  0.2101707E-04   0.1397845E-08   0.2101847E-04
     8350.00  0.2114892E-04   0.1395842E-08   0.2115032E-04
     8370.00  0.2116440E-04   0.1393850E-08   0.2116579E-04
     8390.00  0.2052105E-04   0.1391868E-08   0.2052244E-04
     8410.00  0.2111783E-04   0.1389897E-08   0.2111922E-04
     8430.00  0.2042966E-04   0.1387935E-08   0.2043105E-04
     8450.00  0.2028590E-04   0.1385983E-08   0.2028729E-04
     8470.00  0.2019479E-04   0.1384040E-08   0.2019617E-04
     8490.00  0.2021023E-04   0.1382107E-08   0.2021161E-04
     8510.00  0.1943373E-04   0.1380183E-08   0.1943511E-04
     8530.00  0.2012999E-04   0.1378268E-08   0.2013137E-04
     8550.00  0.1811110E-04   0.1376362E-08   0.1811248E-04
     8570.00  0.2061108E-04   0.1374465E-08   0.2061245E-04
     8590.00  0.2045882E-04   0.1372577E-08   0.2046019E-04
     8610.00  0.2053665E-04   0.1370696E-08   0.2053802E-04
     8630.00  0.2076490E-04   0.1368824E-08   0.2076627E-04
     8650.00  0.2072005E-04   0.1366960E-08   0.2072142E-04
     8670.00  0.1852964E-04   0.1365104E-08   0.1853101E-04
     8690.00  0.2026129E-04   0.1363256E-08   0.2026265E-04
     8710.00  0.2083240E-04   0.1361416E-08   0.2083376E-04
     8730.00  0.2089117E-04   0.1359583E-08   0.2089253E-04
     8750.00  0.2069065E-04   0.1357758E-08   0.2069201E-04
     8770.00  0.2090615E-04   0.1355940E-08   0.2090751E-04
     8790.00  0.2094922E-04   0.1354128E-08   0.2095057E-04
     8810.00  0.2060610E-04   0.1352325E-08   0.2060745E-04
     8830.00  0.2066516E-04   0.1350528E-08   0.2066651E-04
     8850.00  0.2072302E-04   0.1348737E-08   0.2072437E-04
     8870.00  0.2027738E-04   0.1346954E-08   0.2027873E-04
     8890.00  0.2055132E-04   0.1345177E-08   0.2055267E-04
     8910.00  0.2063086E-04   0.1343406E-08   0.2063220E-04
     8930.00  0.2038317E-04   0.1341642E-08   0.2038451E-04
     8950.00  0.2032787E-04   0.1339884E-08   0.2032921E-04
     8970.00  0.2039554E-04   0.1338133E-08   0.2039688E-04
     8990.00  0.2041429E-04   0.1336387E-08   0.2041563E-04
     9010.00  0.1980438E-04   0.1334647E-08   0.1980571E-04
     9030.00  0.2032080E-04   0.1332913E-08   0.2032213E-04
     9050.00  0.2061027E-04   0.1331185E-08   0.2061160E-04
     9070.00  0.2049278E-04   0.1329462E-08   0.2049411E-04
     9090.00  0.2007034E-04   0.1327745E-08   0.2007167E-04
     9110.00  0.2027960E-04   0.1326034E-08   0.2028093E-04
     9130.00  0.2041818E-04   0.1324328E-08   0.2041950E-04
     9150.00  0.2034589E-04   0.1322628E-08   0.2034721E-04
     9170.00  0.2031422E-04   0.1320933E-08   0.2031554E-04
     9190.00  0.2040601E-04   0.1319244E-08   0.2040733E-04
     9210.00  0.2000011E-04   0.1317559E-08   0.2000143E-04
     9230.00  0.1979120E-04   0.1315879E-08   0.1979252E-04
     9250.00  0.1975447E-04   0.1314204E-08   0.1975578E-04
     9270.00  0.1979171E-04   0.1312534E-08   0.1979302E-04
     9290.00  0.1965336E-04   0.1310869E-08   0.1965467E-04
     9310.00  0.1974793E-04   0.1309208E-08   0.1974924E-04
     9330.00  0.1971456E-04   0.1307551E-08   0.1971587E-04
     9350.00  0.1961029E-04   0.1305900E-08   0.1961160E-04
     9370.00  0.1935147E-04   0.1304252E-08   0.1935277E-04
     9390.00  0.1957782E-04   0.1302609E-08   0.1957912E-04
     9410.00  0.1926028E-04   0.1300971E-08   0.1926158E-04
     9430.00  0.1954576E-04   0.1299336E-08   0.1954706E-04
     9450.00  0.1930268E-04   0.1297706E-08   0.1930398E-04
     9470.00  0.1952664E-04   0.1296080E-08   0.1952794E-04
     9490.00  0.1950140E-04   0.1294458E-08   0.1950269E-04
     9510.00  0.1937927E-04   0.1292839E-08   0.1938056E-04
     9530.00  0.1936966E-04   0.1291225E-08   0.1937095E-04
     9550.00  0.1899310E-04   0.1289614E-08   0.1899439E-04
     9570.00  0.1914357E-04   0.1288008E-08   0.1914486E-04
     9590.00  0.1933071E-04   0.1286405E-08   0.1933200E-04
     9610.00  0.1910343E-04   0.1284806E-08   0.1910471E-04
     9630.00  0.1913400E-04   0.1283210E-08   0.1913528E-04
     9650.00  0.1878796E-04   0.1281618E-08   0.1878924E-04
     9670.00  0.1879492E-04   0.1280029E-08   0.1879620E-04
     9690.00  0.1897628E-04   0.1278445E-08   0.1897756E-04
     9710.00  0.1880965E-04   0.1276863E-08   0.1881093E-04
     9730.00  0.1868019E-04   0.1275285E-08   0.1868147E-04
     9750.00  0.1863718E-04   0.1273710E-08   0.1863845E-04
     9770.00  0.1866529E-04   0.1272139E-08   0.1866656E-04
     9790.00  0.1840434E-04   0.1270571E-08   0.1840561E-04
     9810.00  0.1874237E-04   0.1269006E-08   0.1874364E-04
     9830.00  0.1862764E-04   0.1267444E-08   0.1862891E-04
     9850.00  0.1867463E-04   0.1265885E-08   0.1867590E-04
     9870.00  0.1854701E-04   0.1264330E-08   0.1854827E-04
     9890.00  0.1850441E-04   0.1262777E-08   0.1850567E-04
     9910.00  0.1833407E-04   0.1261228E-08   0.1833533E-04
     9930.00  0.1836931E-04   0.1259681E-08   0.1837057E-04
     9950.00  0.1836117E-04   0.1258138E-08   0.1836243E-04
     9970.00  0.1833996E-04   0.1256597E-08   0.1834122E-04
     9990.00  0.1827795E-04   0.1255060E-08   0.1827921E-04
    10025.00  0.1808950E-04   0.1252375E-08   0.1809075E-04
    10075.00  0.1785967E-04   0.1248556E-08   0.1786092E-04
    10125.00  0.1787146E-04   0.1244753E-08   0.1787270E-04
    10175.00  0.1764076E-04   0.1241000E-08   0.1764200E-04
    10225.00  0.1758329E-04   0.1237268E-08   0.1758453E-04
    10275.00  0.1753783E-04   0.1233551E-08   0.1753906E-04
    10325.00  0.1724254E-04   0.1229847E-08   0.1724377E-04
    10375.00  0.1710261E-04   0.1226157E-08   0.1710384E-04
    10425.00  0.1710727E-04   0.1222480E-08   0.1710849E-04
    10475.00  0.1690950E-04   0.1218816E-08   0.1691072E-04
    10525.00  0.1687012E-04   0.1215165E-08   0.1687134E-04
    10575.00  0.1664045E-04   0.1211526E-08   0.1664166E-04
    10625.00  0.1653355E-04   0.1207900E-08   0.1653476E-04
    10675.00  0.1625901E-04   0.1204285E-08   0.1626021E-04
    10725.00  0.1624171E-04   0.1200682E-08   0.1624291E-04
    10775.00  0.1606615E-04   0.1197090E-08   0.1606735E-04
    10825.00  0.1583754E-04   0.1193510E-08   0.1583873E-04
    10875.00  0.1578027E-04   0.1189940E-08   0.1578146E-04
    10925.00  0.1573654E-04   0.1186382E-08   0.1573773E-04
    10975.00  0.1555146E-04   0.1182834E-08   0.1555264E-04
    11025.00  0.1551946E-04   0.1179297E-08   0.1552064E-04
    11075.00  0.1542353E-04   0.1175771E-08   0.1542471E-04
    11125.00  0.1528018E-04   0.1172255E-08   0.1528135E-04
    11175.00  0.1511131E-04   0.1060370E-08   0.1511237E-04
    11225.00  0.1507271E-04   0.1057084E-08   0.1507377E-04
    11275.00  0.1484138E-04   0.1053811E-08   0.1484243E-04
    11325.00  0.1477619E-04   0.1050550E-08   0.1477724E-04
    11375.00  0.1459938E-04   0.1047300E-08   0.1460043E-04
    11425.00  0.1441623E-04   0.1044063E-08   0.1441727E-04
    11475.00  0.1452405E-04   0.1040836E-08   0.1452509E-04
    11525.00  0.1444950E-04   0.1037622E-08   0.1445054E-04
    11575.00  0.1425372E-04   0.1034418E-08   0.1425475E-04
    11625.00  0.1401522E-04   0.1031226E-08   0.1401625E-04
    11675.00  0.1398300E-04   0.1028045E-08   0.1398403E-04
    11725.00  0.1403396E-04   0.1024875E-08   0.1403498E-04
    11775.00  0.1375621E-04   0.1021716E-08   0.1375723E-04
    11825.00  0.1365875E-04   0.1018568E-08   0.1365977E-04
    11875.00  0.1345549E-04   0.1015431E-08   0.1345651E-04
    11925.00  0.1361015E-04   0.1012304E-08   0.1361116E-04
    11975.00  0.1316019E-04   0.1009189E-08   0.1316120E-04
    12025.00  0.1332871E-04   0.1006083E-08   0.1332972E-04
    12075.00  0.1318410E-04   0.1002988E-08   0.1318510E-04
    12125.00  0.1315527E-04   0.9999040E-09   0.1315627E-04
    12175.00  0.1313570E-04   0.9968299E-09   0.1313670E-04
    12225.00  0.1302820E-04   0.9937661E-09   0.1302919E-04
    12275.00  0.1290825E-04   0.9907125E-09   0.1290924E-04
    12325.00  0.1282758E-04   0.9876690E-09   0.1282857E-04
    12375.00  0.1275037E-04   0.9846357E-09   0.1275135E-04
    12425.00  0.1262132E-04   0.9816124E-09   0.1262230E-04
    12475.00  0.1258095E-04   0.9785991E-09   0.1258193E-04
    12525.00  0.1244975E-04   0.9741471E-09   0.1245072E-04
    12575.00  0.1240145E-04   0.9711617E-09   0.1240242E-04
    12625.00  0.1231029E-04   0.9681861E-09   0.1231126E-04
    12675.00  0.1219727E-04   0.9652203E-09   0.1219824E-04
    12725.00  0.1216896E-04   0.9622645E-09   0.1216992E-04
    12775.00  0.1212927E-04   0.9593183E-09   0.1213023E-04
    12825.00  0.1174399E-04   0.9563819E-09   0.1174495E-04
    12875.00  0.1189446E-04   0.9534552E-09   0.1189541E-04
    12925.00  0.1176077E-04   0.9505381E-09   0.1176172E-04
    12975.00  0.1181606E-04   0.9476307E-09   0.1181701E-04
    13025.00  0.1168637E-04   0.9447329E-09   0.1168731E-04
    13075.00  0.1167422E-04   0.9418384E-09   0.1167516E-04
    13125.00  0.1146529E-04   0.9389527E-09   0.1146623E-04
    13175.00  0.1141949E-04   0.9360763E-09   0.1142043E-04
    13225.00  0.1141427E-04   0.9332091E-09   0.1141520E-04
    13275.00  0.1123266E-04   0.9303512E-09   0.1123359E-04
    13325.00  0.1123744E-04   0.9275024E-09   0.1123837E-04
    13375.00  0.1114072E-04   0.9246629E-09   0.1114164E-04
    13425.00  0.1114135E-04   0.9218326E-09   0.1114227E-04
    13475.00  0.1105611E-04   0.9190114E-09   0.1105703E-04
    13525.00  0.1099021E-04   0.9161994E-09   0.1099113E-04
    13575.00  0.1083408E-04   0.9133966E-09   0.1083499E-04
    13625.00  0.1077017E-04   0.9100106E-09   0.1077108E-04
    13675.00  0.1079857E-04   0.9072284E-09   0.1079948E-04
    13725.00  0.1081067E-04   0.9044552E-09   0.1081157E-04
    13775.00  0.1075888E-04   0.9016911E-09   0.1075978E-04
    13825.00  0.1074279E-04   0.8989361E-09   0.1074369E-04
    13875.00  0.1062691E-04   0.8961903E-09   0.1062781E-04
    13925.00  0.1044736E-04   0.8934535E-09   0.1044825E-04
    13975.00  0.1039883E-04   0.8907258E-09   0.1039972E-04
    14025.00  0.1026858E-04   0.8880071E-09   0.1026947E-04
    14075.00  0.1032441E-04   0.8852975E-09   0.1032530E-04
    14125.00  0.1022052E-04   0.8774957E-09   0.1022140E-04
    14175.00  0.1026555E-04   0.8748312E-09   0.1026642E-04
    14225.00  0.1013009E-04   0.8721756E-09   0.1013096E-04
    14275.00  0.9997329E-05   0.8695288E-09   0.9998199E-05
    14325.00  0.1013408E-04   0.8668908E-09   0.1013495E-04
    14375.00  0.1014510E-04   0.8642617E-09   0.1014596E-04
    14425.00  0.9932049E-05   0.8616414E-09   0.9932911E-05
    14475.00  0.1007545E-04   0.8590299E-09   0.1007631E-04
    14525.00  0.9952729E-05   0.8564272E-09   0.9953585E-05
    14570.00  0.9979734E-05   0.8540922E-09   0.9980588E-05
    14620.00  0.9886722E-05   0.5883345E-09   0.9887310E-05
    14675.00  0.9843045E-05   0.5863161E-09   0.9843631E-05
    14725.00  0.9723872E-05   0.5823680E-09   0.9724454E-05
    14775.00  0.9765128E-05   0.5805602E-09   0.9765709E-05
    14825.00  0.9764954E-05   0.5787604E-09   0.9765533E-05
    14875.00  0.9659576E-05   0.5769686E-09   0.9660153E-05
    14925.00  0.9817416E-05   0.5751846E-09   0.9817991E-05
    14975.00  0.9722727E-05   0.5734085E-09   0.9723300E-05
    15025.00  0.9596524E-05   0.5716402E-09   0.9597096E-05
    15075.00  0.9573977E-05   0.5698797E-09   0.9574547E-05
    15125.00  0.9716998E-05   0.5681268E-09   0.9717566E-05
    15175.00  0.9707523E-05   0.5663816E-09   0.9708089E-05
    15225.00  0.9682592E-05   0.5646447E-09   0.9683157E-05
    15275.00  0.9717354E-05   0.5629160E-09   0.9717917E-05
    15325.00  0.9663096E-05   0.5611948E-09   0.9663657E-05
    15375.00  0.9669365E-05   0.5594809E-09   0.9669924E-05
    15425.00  0.9641499E-05   0.5577743E-09   0.9642057E-05
    15475.00  0.9637512E-05   0.5560751E-09   0.9638068E-05
    15525.00  0.9547791E-05   0.5543831E-09   0.9548345E-05
    15575.00  0.9345593E-05   0.5526984E-09   0.9346146E-05
    15625.00  0.9442831E-05   0.5510207E-09   0.9443382E-05
    15675.00  0.9383898E-05   0.5493503E-09   0.9384447E-05
    15725.00  0.9474078E-05   0.5476868E-09   0.9474626E-05
    15775.00  0.9049038E-05   0.5460305E-09   0.9049584E-05
    15825.00  0.9151815E-05   0.5443811E-09   0.9152359E-05
    15875.00  0.9066438E-05   0.5427387E-09   0.9066981E-05
    15925.00  0.9284903E-05   0.5411032E-09   0.9285444E-05
    15975.00  0.9123917E-05   0.5394747E-09   0.9124456E-05
    16050.00  0.9130965E-05   0.5370446E-09   0.9131502E-05
    16150.00  0.9110456E-05   0.5338282E-09   0.9110990E-05
    16250.00  0.8968757E-05   0.5306388E-09   0.8969288E-05
    16350.00  0.9080897E-05   0.5274759E-09   0.9081424E-05
    16450.00  0.8687464E-05   0.5243392E-09   0.8687988E-05
    16550.00  0.8842419E-05   0.5212286E-09   0.8842940E-05
    16650.00  0.8542399E-05   0.5181438E-09   0.8542917E-05
    16750.00  0.8489459E-05   0.5150844E-09   0.8489974E-05
    16850.00  0.8236475E-05   0.5120502E-09   0.8236987E-05
    16950.00  0.8277847E-05   0.5090410E-09   0.8278356E-05
    17050.00  0.8041001E-05   0.5060565E-09   0.8041507E-05
    17150.00  0.7932889E-05   0.5030964E-09   0.7933392E-05
    17250.00  0.7773587E-05   0.5001605E-09   0.7774087E-05
    17350.00  0.7526675E-05   0.4972487E-09   0.7527172E-05
    17450.00  0.7480168E-05   0.4943605E-09   0.7480662E-05
    17550.00  0.7333096E-05   0.4914959E-09   0.7333587E-05
    17650.00  0.7222625E-05   0.4886545E-09   0.7223114E-05
    17750.00  0.7061353E-05   0.4858361E-09   0.7061839E-05
    17850.00  0.6970351E-05   0.4830406E-09   0.6970834E-05
    17950.00  0.6838805E-05   0.4802677E-09   0.6839285E-05
    18050.00  0.6684402E-05   0.4775172E-09   0.6684880E-05
    18150.00  0.6558685E-05   0.4747889E-09   0.6559160E-05
    18250.00  0.6477375E-05   0.4720832E-09   0.6477847E-05
    18350.00  0.6383208E-05   0.4694053E-09   0.6383677E-05
    18450.00  0.6258631E-05   0.4667484E-09   0.6259098E-05
    18550.00  0.6205512E-05   0.4453604E-09   0.6205957E-05
    18650.00  0.6071057E-05   0.4428520E-09   0.6071500E-05
    18750.00  0.5922350E-05   0.4403634E-09   0.5922790E-05
    18850.00  0.5895980E-05   0.4378944E-09   0.5896418E-05
    18950.00  0.5692052E-05   0.4354450E-09   0.5692487E-05
    19050.00  0.5710054E-05   0.4330148E-09   0.5710487E-05
    19150.00  0.5590862E-05   0.4306039E-09   0.5591293E-05
    19250.00  0.5502162E-05   0.4282118E-09   0.5502590E-05
    19350.00  0.5349778E-05   0.4258386E-09   0.5350204E-05
    19450.00  0.5212159E-05   0.4234840E-09   0.5212582E-05
    19550.00  0.5197586E-05   0.4211479E-09   0.5198007E-05
    19650.00  0.5114290E-05   0.4188300E-09   0.5114709E-05
    19750.00  0.4985947E-05   0.4165303E-09   0.4986364E-05
    19850.00  0.4930448E-05   0.4142486E-09   0.4930862E-05
    19950.00  0.4864824E-05   0.4119846E-09   0.4865236E-05
    20050.00  0.4836309E-05   0.4097383E-09   0.4836719E-05
    20150.00  0.4768567E-05   0.4075095E-09   0.4768975E-05
    20250.00  0.4654935E-05   0.4051126E-09   0.4655340E-05
    20350.00  0.4588424E-05   0.4029199E-09   0.4588827E-05
    20450.00  0.4566049E-05   0.4007442E-09   0.4566450E-05
    20550.00  0.4491847E-05   0.3985854E-09   0.4492246E-05
    20650.00  0.4411067E-05   0.3964432E-09   0.4411463E-05
    20750.00  0.4357430E-05   0.3943177E-09   0.4357824E-05
    20850.00  0.4291413E-05   0.3922085E-09   0.4291805E-05
    20950.00  0.4211028E-05   0.3901156E-09   0.4211418E-05
    21050.00  0.4183503E-05   0.3880388E-09   0.4183891E-05
    21150.00  0.4111864E-05   0.3859779E-09   0.4112250E-05
    21250.00  0.4051986E-05   0.3839329E-09   0.4052370E-05
    21350.00  0.4013888E-05   0.3819035E-09   0.4014270E-05
    21450.00  0.3953496E-05   0.3798897E-09   0.3953876E-05
    21550.00  0.3893884E-05   0.3778109E-09   0.3894262E-05
    21650.00  0.3809065E-05   0.3758279E-09   0.3809441E-05
    21750.00  0.3764954E-05   0.3738601E-09   0.3765328E-05
    21850.00  0.3719910E-05   0.3719072E-09   0.3720282E-05
    21950.00  0.3675856E-05   0.3699692E-09   0.3676226E-05
    22050.00  0.3581941E-05   0.3680458E-09   0.3582309E-05
    22150.00  0.3578225E-05   0.3661371E-09   0.3578591E-05
    22250.00  0.3490613E-05   0.3635338E-09   0.3490977E-05
    22350.00  0.3452238E-05   0.3616604E-09   0.3452600E-05
    22450.00  0.3405738E-05   0.3598012E-09   0.3406098E-05
    22550.00  0.3365287E-05   0.3579559E-09   0.3365645E-05
    22650.00  0.3296310E-05   0.3561244E-09   0.3296666E-05
    22750.00  0.3273680E-05   0.3543067E-09   0.3274034E-05
    22850.00  0.3207936E-05   0.2961479E-09   0.3208232E-05
    22950.00  0.2779599E-05   0.2943181E-09   0.2779893E-05
    23050.00  0.2928155E-05   0.2928512E-09   0.2928448E-05
    23150.00  0.2904280E-05   0.2913954E-09   0.2904571E-05
    23250.00  0.2545872E-05   0.2899506E-09   0.2546162E-05
    23350.00  0.2700870E-05   0.2885167E-09   0.2701159E-05
    23450.00  0.2638167E-05   0.2870935E-09   0.2638454E-05
    23550.00  0.2358447E-05   0.2856811E-09   0.2358733E-05
    23650.00  0.2522356E-05   0.2842791E-09   0.2522640E-05
    23750.00  0.2454576E-05   0.2828877E-09   0.2454859E-05
    23850.00  0.2240047E-05   0.2815066E-09   0.2240329E-05
    23950.00  0.2359552E-05   0.2801358E-09   0.2359832E-05
    24050.00  0.2335768E-05   0.2787752E-09   0.2336047E-05
    24150.00  0.2150781E-05   0.2774247E-09   0.2151058E-05
    24250.00  0.2229435E-05   0.2760841E-09   0.2229711E-05
    24350.00  0.2204107E-05   0.2747535E-09   0.2204382E-05
    24450.00  0.2093551E-05   0.2734326E-09   0.2093824E-05
    24550.00  0.2074781E-05   0.2721214E-09   0.2075053E-05
    24650.00  0.2110709E-05   0.2708199E-09   0.2110980E-05
    24750.00  0.2037993E-05   0.2695279E-09   0.2038263E-05
    24850.00  0.1913629E-05   0.2682453E-09   0.1913897E-05
    24950.00  0.1929111E-05   0.2669720E-09   0.1929378E-05
    25050.00  0.1956569E-05   0.2657081E-09   0.1956835E-05
    25150.00  0.1828997E-05   0.2644532E-09   0.1829261E-05
    25250.00  0.1876977E-05   0.2632075E-09   0.1877240E-05
    25350.00  0.1872814E-05   0.2619708E-09   0.1873076E-05
    25450.00  0.1832619E-05   0.2607430E-09   0.1832880E-05
    25550.00  0.1809731E-05   0.2595241E-09   0.1809991E-05
    25650.00  0.1812385E-05   0.2583139E-09   0.1812643E-05
    25750.00  0.1815967E-05   0.2571124E-09   0.1816224E-05
    25850.00  0.1744752E-05   0.2559194E-09   0.1745008E-05
    25950.00  0.1758724E-05   0.2547350E-09   0.1758979E-05
    26050.00  0.1762536E-05   0.2535591E-09   0.1762790E-05
    26150.00  0.1728861E-05   0.2523915E-09   0.1729113E-05
    26250.00  0.1698286E-05   0.2512322E-09   0.1698537E-05
    26350.00  0.1705196E-05   0.2500811E-09   0.1705446E-05
    26450.00  0.1691171E-05   0.2489382E-09   0.1691420E-05
    26550.00  0.1664606E-05   0.2478033E-09   0.1664854E-05
    26650.00  0.1634760E-05   0.2466764E-09   0.1635007E-05
    26750.00  0.1654673E-05   0.2455574E-09   0.1654919E-05
    26850.00  0.1633469E-05   0.2444463E-09   0.1633713E-05
    26950.00  0.1597882E-05   0.2433429E-09   0.1598125E-05
    27050.00  0.1596939E-05   0.2422473E-09   0.1597181E-05
    27150.00  0.1579401E-05   0.2411592E-09   0.1579642E-05
    27250.00  0.1569910E-05   0.2400788E-09   0.1570150E-05
    27350.00  0.1537305E-05   0.2390059E-09   0.1537544E-05
    27450.00  0.1534773E-05   0.2379404E-09   0.1535011E-05
    27550.00  0.1523790E-05   0.2368822E-09   0.1524027E-05
    27650.00  0.1501399E-05   0.2312074E-09   0.1501630E-05
    27750.00  0.1479825E-05   0.2301865E-09   0.1480055E-05
    27850.00  0.1473280E-05   0.2291725E-09   0.1473509E-05
    27950.00  0.1465583E-05   0.2281655E-09   0.1465811E-05
    28050.00  0.1447519E-05   0.2271654E-09   0.1447746E-05
    28150.00  0.1425681E-05   0.2261722E-09   0.1425907E-05
    28250.00  0.1414498E-05   0.2251857E-09   0.1414723E-05
    28350.00  0.1404559E-05   0.2242059E-09   0.1404783E-05
    28450.00  0.1386791E-05   0.2232328E-09   0.1387014E-05
    28550.00  0.1370733E-05   0.2222662E-09   0.1370955E-05
    28650.00  0.1356288E-05   0.2213063E-09   0.1356509E-05
    28750.00  0.1340148E-05   0.2203528E-09   0.1340368E-05
    28850.00  0.1328410E-05   0.2194057E-09   0.1328629E-05
    28950.00  0.1314367E-05   0.2184650E-09   0.1314585E-05
    29050.00  0.1298856E-05   0.2175305E-09   0.1299074E-05
    29150.00  0.1286353E-05   0.2166024E-09   0.1286570E-05
    29250.00  0.1265075E-05   0.2156805E-09   0.1265291E-05
    29350.00  0.1259931E-05   0.2147647E-09   0.1260146E-05
    29450.00  0.1242669E-05   0.2138550E-09   0.1242883E-05
    29550.00  0.1230067E-05   0.2129513E-09   0.1230280E-05
    29650.00  0.1219437E-05   0.2120536E-09   0.1219649E-05
    29750.00  0.1206210E-05   0.2111275E-09   0.1206421E-05
    29850.00  0.1191747E-05   0.2102417E-09   0.1191957E-05
    29950.00  0.1178463E-05   0.2093617E-09   0.1178672E-05
    30050.00  0.1165823E-05   0.2084875E-09   0.1166031E-05
    30150.00  0.1156121E-05   0.2076191E-09   0.1156329E-05
    30250.00  0.1141871E-05   0.2067563E-09   0.1142078E-05
    30350.00  0.1126259E-05   0.2058992E-09   0.1126465E-05
    30450.00  0.1119898E-05   0.2050477E-09   0.1120103E-05
    30550.00  0.1107669E-05   0.2042017E-09   0.1107873E-05
    30650.00  0.1095985E-05   0.2033612E-09   0.1096188E-05
    30750.00  0.1086829E-05   0.2025261E-09   0.1087032E-05
    30850.00  0.1072770E-05   0.2016965E-09   0.1072972E-05
    30950.00  0.1062774E-05   0.2008722E-09   0.1062975E-05
    31050.00  0.1054416E-05   0.2000533E-09   0.1054616E-05
    31150.00  0.1037854E-05   0.1992396E-09   0.1038053E-05
    31250.00  0.1031653E-05   0.1984311E-09   0.1031851E-05
    31350.00  0.1021477E-05   0.1976126E-09   0.1021675E-05
    31450.00  0.1010635E-05   0.1968146E-09   0.1010832E-05
    31550.00  0.9985104E-06   0.1960217E-09   0.9987064E-06
    31650.00  0.9880228E-06   0.1952339E-09   0.9882180E-06
    31750.00  0.9797751E-06   0.1944510E-09   0.9799696E-06
    31850.00  0.9695905E-06   0.1936731E-09   0.9697842E-06
    31950.00  0.9602991E-06   0.1929002E-09   0.9604920E-06
    32100.00  0.9441889E-06   0.1916062E-09   0.9443805E-06
    32300.00  0.9242505E-06   0.1900912E-09   0.9244406E-06
    32500.00  0.9050270E-06   0.1885951E-09   0.9052156E-06
    32700.00  0.8855600E-06   0.1871177E-09   0.8857471E-06
    32900.00  0.8651650E-06   0.1697446E-09   0.8653347E-06
    33100.00  0.8481724E-06   0.1683685E-09   0.8483408E-06
    33300.00  0.8293338E-06   0.1670858E-09   0.8295009E-06
    33500.00  0.8139579E-06   0.1658187E-09   0.8141237E-06
    33700.00  0.7962302E-06   0.1645670E-09   0.7963948E-06
    33900.00  0.7784550E-06   0.1633305E-09   0.7786183E-06
    34100.00  0.7615435E-06   0.1621089E-09   0.7617056E-06
    34300.00  0.7476647E-06   0.1609020E-09   0.7478256E-06
    34500.00  0.7325418E-06   0.1597095E-09   0.7327015E-06
    34700.00  0.7169702E-06   0.1585313E-09   0.7171287E-06
    34900.00  0.7023404E-06   0.1573671E-09   0.7024978E-06
    35100.00  0.6882417E-06   0.1562166E-09   0.6883979E-06
    35300.00  0.6728824E-06   0.1550797E-09   0.6730375E-06
    35500.00  0.6601501E-06   0.1539561E-09   0.6603041E-06
    35700.00  0.6461562E-06   0.1528457E-09   0.6463090E-06
    35900.00  0.6331196E-06   0.1517482E-09   0.6332713E-06
    36100.00  0.6213130E-06   0.1506635E-09   0.6214637E-06
    36300.00  0.6088721E-06   0.1495913E-09   0.6090217E-06
    36500.00  0.5954646E-06   0.1485314E-09   0.5956131E-06
    36700.00  0.5831523E-06   0.1474837E-09   0.5832998E-06
    36900.00  0.5699860E-06   0.1464480E-09   0.5701324E-06
    37100.00  0.5581395E-06   0.1454240E-09   0.5582849E-06
    37300.00  0.5487982E-06   0.1444117E-09   0.5489426E-06
    37500.00  0.5354595E-06   0.1434107E-09   0.5356029E-06
    37700.00  0.5275568E-06   0.1424211E-09   0.5276992E-06
    37900.00  0.5170159E-06   0.1414425E-09   0.5171573E-06
    38100.00  0.5076090E-06   0.1404749E-09   0.5077495E-06
    38300.00  0.4983012E-06   0.1395180E-09   0.4984407E-06
    38500.00  0.4889260E-06   0.1385718E-09   0.4890646E-06
    38700.00  0.4780153E-06   0.1361969E-09   0.4781515E-06
    38900.00  0.4695838E-06   0.1352828E-09   0.4697191E-06
    39100.00  0.4611632E-06   0.1343787E-09   0.4612976E-06
    39300.00  0.4524726E-06   0.1334845E-09   0.4526061E-06
    39500.00  0.4426906E-06   0.1326000E-09   0.4428232E-06
    39700.00  0.4347379E-06   0.1317251E-09   0.4348696E-06
    39900.00  0.4245364E-06   0.1308596E-09   0.4246673E-06
    40100.00  0.4180957E-06   0.1300035E-09   0.4182257E-06
    40300.00  0.4112304E-06   0.1291565E-09   0.4113596E-06
    40500.00  0.4023797E-06   0.1283185E-09   0.4025080E-06
    40700.00  0.3957743E-06   0.1274894E-09   0.3959018E-06
    40900.00  0.3888663E-06   0.1266691E-09   0.3889930E-06
    41100.00  0.3819148E-06   0.1258489E-09   0.3820406E-06
    41300.00  0.3753669E-06   0.1250458E-09   0.3754919E-06
    41500.00  0.3683507E-06   0.1242512E-09   0.3684750E-06
    41700.00  0.3616748E-06   0.1234648E-09   0.3617983E-06
    41900.00  0.3547897E-06   0.1226866E-09   0.3549124E-06
    42100.00  0.3480231E-06   0.1219165E-09   0.3481450E-06
    42300.00  0.3434887E-06   0.1211543E-09   0.3436099E-06
    42500.00  0.3366855E-06   0.1204000E-09   0.3368059E-06
    42700.00  0.3314532E-06   0.1196534E-09   0.3315729E-06
    42900.00  0.3120021E-06   0.1189144E-09   0.3121210E-06
    43100.00  0.2920566E-06   0.1181794E-09   0.2921748E-06
    43300.00  0.2930959E-06   0.1174554E-09   0.2932134E-06
    43500.00  0.2763223E-06   0.1167387E-09   0.2764390E-06
    43700.00  0.2677351E-06   0.1160293E-09   0.2678511E-06
    43900.00  0.2613746E-06   0.1152894E-09   0.2614899E-06
    44100.00  0.2489030E-06   0.1145944E-09   0.2490176E-06
    44300.00  0.2443096E-06   0.1139064E-09   0.2444235E-06
    44500.00  0.2397104E-06   0.1132253E-09   0.2398236E-06
    44700.00  0.2303480E-06   0.1113168E-09   0.2304593E-06
    44900.00  0.2301836E-06   0.1064289E-09   0.2302900E-06
    45100.00  0.2244417E-06   0.1058065E-09   0.2245475E-06
    45300.00  0.2182829E-06   0.1051903E-09   0.2183881E-06
    45500.00  0.2175349E-06   0.1045800E-09   0.2176395E-06
    45700.00  0.2146527E-06   0.1039756E-09   0.2147567E-06
    45900.00  0.2065712E-06   0.1033771E-09   0.2066746E-06
    46100.00  0.2080546E-06   0.1027843E-09   0.2081574E-06
    46300.00  0.2037704E-06   0.1021972E-09   0.2038726E-06
    46500.00  0.2017635E-06   0.1016157E-09   0.2018651E-06
    46700.00  0.2013147E-06   0.1010397E-09   0.2014157E-06
    46900.00  0.1971462E-06   0.1004692E-09   0.1972467E-06
    47100.00  0.1934317E-06   0.9990402E-10   0.1935316E-06
    47300.00  0.1944741E-06   0.9934420E-10   0.1945734E-06
    47500.00  0.1893172E-06   0.9878963E-10   0.1894160E-06
    47700.00  0.1874269E-06   0.9824024E-10   0.1875251E-06
    47900.00  0.1857898E-06   0.9769596E-10   0.1858875E-06
    48100.00  0.1803774E-06   0.9715674E-10   0.1804746E-06
    48300.00  0.1821754E-06   0.9662251E-10   0.1822720E-06
    48500.00  0.1781524E-06   0.9609321E-10   0.1782485E-06
    48700.00  0.1743969E-06   0.9556877E-10   0.1744925E-06
    48900.00  0.1719771E-06   0.9504913E-10   0.1720721E-06
    49100.00  0.1697246E-06   0.9453424E-10   0.1698191E-06
    49300.00  0.1675681E-06   0.9402403E-10   0.1676621E-06
    49500.00  0.1642985E-06   0.9351845E-10   0.1643920E-06
    49700.00  0.1639354E-06   0.9301744E-10   0.1640284E-06
    49900.00  0.1612277E-06   0.9252094E-10   0.1613202E-06
    50100.00  0.1590933E-06   0.9202890E-10   0.1591853E-06
    50300.00  0.1569807E-06   0.9154126E-10   0.1570722E-06
    50500.00  0.1535013E-06   0.9105797E-10   0.1535924E-06
    50700.00  0.1524910E-06   0.9057898E-10   0.1525816E-06
    50900.00  0.1504854E-06   0.9010423E-10   0.1505755E-06
    51100.00  0.1477150E-06   0.8963368E-10   0.1478046E-06
    51300.00  0.1469107E-06   0.8916727E-10   0.1469999E-06
    51500.00  0.1441373E-06   0.8817525E-10   0.1442255E-06
    51700.00  0.1437286E-06   0.8772037E-10   0.1438163E-06
    51900.00  0.1410036E-06   0.8726945E-10   0.1410909E-06
    52100.00  0.1396413E-06   0.8682244E-10   0.1397281E-06
    52300.00  0.1371310E-06   0.8637931E-10   0.1372174E-06
    52500.00  0.1362750E-06   0.8594000E-10   0.1363609E-06
    52700.00  0.1359243E-06   0.8550447E-10   0.1360098E-06
    52900.00  0.1325216E-06   0.8507267E-10   0.1326067E-06
    53100.00  0.1308243E-06   0.8464457E-10   0.1309089E-06
    53300.00  0.1299724E-06   0.8422011E-10   0.1300566E-06
    53500.00  0.1284023E-06   0.8379926E-10   0.1284861E-06
    53700.00  0.1271489E-06   0.8338197E-10   0.1272323E-06
    53900.00  0.1257416E-06   0.8296820E-10   0.1258246E-06
    54100.00  0.1243171E-06   0.8255792E-10   0.1243997E-06
    54300.00  0.1219147E-06   0.8214822E-10   0.1219968E-06
    54500.00  0.1215702E-06   0.8174478E-10   0.1216519E-06
    54700.00  0.1193914E-06   0.8134470E-10   0.1194727E-06
    54900.00  0.1182702E-06   0.8094794E-10   0.1183511E-06
    55100.00  0.1165817E-06   0.8055447E-10   0.1166623E-06
    55300.00  0.1172772E-06   0.8016425E-10   0.1173574E-06
    55500.00  0.1137708E-06   0.7977724E-10   0.1138506E-06
    55700.00  0.1138283E-06   0.7939341E-10   0.1139077E-06
    55900.00  0.1118114E-06   0.7901272E-10   0.1118904E-06
    56100.00  0.1111273E-06   0.7863513E-10   0.1112059E-06
    56300.00  0.1089081E-06   0.7826062E-10   0.1089864E-06
    56500.00  0.1085576E-06   0.7788798E-10   0.1086355E-06
    56700.00  0.1072289E-06   0.7751954E-10   0.1073064E-06
    56900.00  0.1051936E-06   0.7715407E-10   0.1052708E-06
    57100.00  0.1049758E-06   0.7679153E-10   0.1050526E-06
    57300.00  0.1036623E-06   0.7643190E-10   0.1037387E-06
    57500.00  0.1024394E-06   0.7606340E-10   0.1025155E-06
    57700.00  0.1010735E-06   0.7570963E-10   0.1011492E-06
    57900.00  0.1004903E-06   0.7535867E-10   0.1005657E-06
    58100.00  0.9885883E-07   0.7501048E-10   0.9893384E-07
    58300.00  0.9784901E-07   0.7466504E-10   0.9792368E-07
    58500.00  0.9678216E-07   0.7217282E-10   0.9685433E-07
    58700.00  0.9523158E-07   0.7183809E-10   0.9530342E-07
    58900.00  0.9428785E-07   0.7151306E-10   0.9435936E-07
    59100.00  0.9327572E-07   0.7119055E-10   0.9334691E-07
    59300.00  0.9235410E-07   0.7087053E-10   0.9242497E-07
    59500.00  0.9103384E-07   0.7055299E-10   0.9110439E-07
    59700.00  0.9033433E-07   0.7023789E-10   0.9040457E-07
    59900.00  0.8928909E-07   0.6992521E-10   0.8935902E-07
    60100.00  0.8825843E-07   0.6961493E-10   0.8832804E-07
    60300.00  0.8722253E-07   0.6930701E-10   0.8729184E-07
    60500.00  0.8589189E-07   0.6900144E-10   0.8596089E-07
    60700.00  0.8497202E-07   0.6869818E-10   0.8504072E-07
    60900.00  0.8398374E-07   0.6839722E-10   0.8405214E-07
    61100.00  0.8286837E-07   0.6809853E-10   0.8293647E-07
    61300.00  0.8212694E-07   0.6780208E-10   0.8219474E-07
    61500.00  0.8128452E-07   0.6750786E-10   0.8135203E-07
    61700.00  0.8053808E-07   0.6721584E-10   0.8060530E-07
    61900.00  0.7955788E-07   0.6692599E-10   0.7962481E-07
    62100.00  0.7874960E-07   0.6663831E-10   0.7881624E-07
    62300.00  0.7766164E-07   0.6635275E-10   0.7772799E-07
    62500.00  0.7659344E-07   0.6606931E-10   0.7665951E-07
    62700.00  0.7574549E-07   0.6578795E-10   0.7581128E-07
    62900.00  0.7495223E-07   0.6550867E-10   0.7501774E-07
    63100.00  0.7406259E-07   0.6523143E-10   0.7412782E-07
    63300.00  0.7344671E-07   0.6495622E-10   0.7351167E-07
    63500.00  0.7246384E-07   0.6468301E-10   0.7252852E-07
    63700.00  0.7187728E-07   0.6441179E-10   0.7194169E-07
    63900.00  0.7075624E-07   0.6414254E-10   0.7082038E-07
    64200.00  0.6972034E-07   0.6374230E-10   0.6978408E-07
    64600.00  0.6807741E-07   0.6321535E-10   0.6814063E-07
    65000.00  0.6658858E-07   0.6269592E-10   0.6665128E-07
    65400.00  0.6507187E-07   0.6218386E-10   0.6513405E-07
    65800.00  0.6370590E-07   0.6167902E-10   0.6376758E-07
    66200.00  0.6223686E-07   0.6096068E-10   0.6229782E-07
    66600.00  0.6086834E-07   0.6047218E-10   0.6092881E-07
    67000.00  0.5956435E-07   0.5999046E-10   0.5962434E-07
    67400.00  0.5820632E-07   0.5951539E-10   0.5826584E-07
    67800.00  0.5693565E-07   0.5904684E-10   0.5699470E-07
    68200.00  0.5568198E-07   0.5858469E-10   0.5574056E-07
    68600.00  0.5450609E-07   0.5812881E-10   0.5456422E-07
    69000.00  0.5329756E-07   0.5767910E-10   0.5335524E-07
    69400.00  0.5215232E-07   0.5723446E-10   0.5220955E-07
    69800.00  0.5103315E-07   0.5679671E-10   0.5108995E-07
    70200.00  0.4991426E-07   0.5636478E-10   0.4997062E-07
    70600.00  0.4888095E-07   0.5593857E-10   0.4893689E-07
    71000.00  0.4783115E-07   0.5551796E-10   0.4788667E-07
    71400.00  0.4682388E-07   0.5510286E-10   0.4687898E-07
    71800.00  0.4582686E-07   0.5469278E-10   0.4588155E-07
    72200.00  0.4487559E-07   0.5428840E-10   0.4492988E-07
    72600.00  0.4392477E-07   0.5388923E-10   0.4397866E-07
    73000.00  0.4301771E-07   0.5349124E-10   0.4307120E-07
    73400.00  0.4211451E-07   0.5310225E-10   0.4216761E-07
    73800.00  0.4125563E-07   0.5271820E-10   0.4130835E-07
    74200.00  0.4038914E-07   0.5139216E-10   0.4044053E-07
    74600.00  0.3954418E-07   0.5102673E-10   0.3959521E-07
    75000.00  0.3875408E-07   0.5066586E-10   0.3880475E-07
    75400.00  0.3796672E-07   0.5030946E-10   0.3801703E-07
    75800.00  0.3722860E-07   0.4995747E-10   0.3727856E-07
    76200.00  0.3648496E-07   0.4960980E-10   0.3653457E-07
    76600.00  0.3575614E-07   0.4926639E-10   0.3580541E-07
    77000.00  0.3504108E-07   0.4892716E-10   0.3509001E-07
    77400.00  0.3435059E-07   0.4859204E-10   0.3439918E-07
    77800.00  0.3367808E-07   0.4826096E-10   0.3372634E-07
    78200.00  0.3301069E-07   0.4793385E-10   0.3305862E-07
    78600.00  0.3237239E-07   0.4761064E-10   0.3242000E-07
    79000.00  0.3174491E-07   0.4729128E-10   0.3179220E-07
    79400.00  0.3113359E-07   0.4697569E-10   0.3118057E-07
    79800.00  0.3053492E-07   0.4666382E-10   0.3058158E-07
    80200.00  0.2993770E-07   0.4635561E-10   0.2998406E-07
    80600.00  0.2936886E-07   0.4605099E-10   0.2941491E-07
    81000.00  0.2882420E-07   0.4574990E-10   0.2886995E-07
    81400.00  0.2827162E-07   0.4545230E-10   0.2831707E-07
    81800.00  0.2774827E-07   0.4515811E-10   0.2779343E-07
    82200.00  0.2723187E-07   0.4486730E-10   0.2727674E-07
    82600.00  0.2672368E-07   0.4447836E-10   0.2676816E-07
    83000.00  0.2622960E-07   0.4419500E-10   0.2627379E-07
    83400.00  0.2574067E-07   0.4391484E-10   0.2578458E-07
    83800.00  0.2526753E-07   0.4363783E-10   0.2531117E-07
    84200.00  0.2481348E-07   0.4336391E-10   0.2485684E-07
    84600.00  0.2435822E-07   0.4309305E-10   0.2440131E-07
    85000.00  0.2391787E-07   0.4282518E-10   0.2396070E-07
    85400.00  0.2348892E-07   0.4256028E-10   0.2353148E-07
    85800.00  0.2306603E-07   0.4229828E-10   0.2310833E-07
    86200.00  0.2265949E-07   0.4203872E-10   0.2270153E-07
    86600.00  0.2225669E-07   0.4178242E-10   0.2229847E-07
    87000.00  0.2186333E-07   0.4152889E-10   0.2190486E-07
    87400.00  0.2147652E-07   0.4127810E-10   0.2151780E-07
    87800.00  0.2109889E-07   0.4103000E-10   0.2113992E-07
    88200.00  0.2072727E-07   0.4078456E-10   0.2076805E-07
    88600.00  0.2036714E-07   0.4054174E-10   0.2040768E-07
    89000.00  0.2001388E-07   0.4030124E-10   0.2005418E-07
    89400.00  0.1967140E-07   0.4006350E-10   0.1971146E-07
    89800.00  0.1932779E-07   0.3982826E-10   0.1936762E-07
    90200.00  0.1900461E-07   0.3959394E-10   0.1904420E-07
    90600.00  0.1868276E-07   0.3936359E-10   0.1872212E-07
    91000.00  0.1835262E-07   0.3913564E-10   0.1839176E-07
    91400.00  0.1805267E-07   0.3845465E-10   0.1809112E-07
    91800.00  0.1775249E-07   0.3823398E-10   0.1779072E-07
    92200.00  0.1745800E-07   0.3801661E-10   0.1749602E-07
    92600.00  0.1716710E-07   0.3780145E-10   0.1720490E-07
    93000.00  0.1688294E-07   0.3758846E-10   0.1692053E-07
    93400.00  0.1660107E-07   0.3737764E-10   0.1663845E-07
    93800.00  0.1632790E-07   0.3716893E-10   0.1636507E-07
    94200.00  0.1606041E-07   0.3696231E-10   0.1609737E-07
    94600.00  0.1579669E-07   0.3675775E-10   0.1583345E-07
    95000.00  0.1554085E-07   0.3655523E-10   0.1557741E-07
    95400.00  0.1529034E-07   0.3635471E-10   0.1532669E-07
    95800.00  0.1504543E-07   0.3615616E-10   0.1508159E-07
    96200.00  0.1480249E-07   0.3595956E-10   0.1483845E-07
    96600.00  0.1456647E-07   0.3576489E-10   0.1460223E-07
    97000.00  0.1433442E-07   0.3557211E-10   0.1436999E-07
    97400.00  0.1409707E-07   0.3538120E-10   0.1413245E-07
    97800.00  0.1388048E-07   0.3519213E-10   0.1391567E-07
    98200.00  0.1366323E-07   0.3500488E-10   0.1369823E-07
    98600.00  0.1344851E-07   0.3481943E-10   0.1348333E-07
    99000.00  0.1324179E-07   0.3463575E-10   0.1327643E-07
    99400.00  0.1303288E-07   0.3445381E-10   0.1306733E-07
    99800.00  0.1283039E-07   0.3427359E-10   0.1286466E-07
   100200.00  0.1263269E-07   0.8982512E-11   0.1264167E-07
   200000.00  0.8382493E-09   0.2254620E-11   0.8405039E-09
   400000.00  0.5346029E-10   0.5636549E-12   0.5402394E-10
   600000.00  0.1058438E-10   0.2505133E-12   0.1083489E-10
   800000.00  0.3345073E-11   0.1409137E-12   0.3485987E-11
  1000000.00  0.1367208E-11   0.9018478E-13   0.1457393E-11
  1200000.00  0.6576452E-12   0.6262832E-13   0.7202735E-12
  1400000.00  0.3540398E-12   0.4601264E-13   0.4000524E-12
  1600000.00  0.2069382E-12   0.3522843E-13   0.2421666E-12
