       91.00  0.2044154E-11   0.0000000E+00   0.2044154E-11
       94.00  0.4226705E-10   0.0000000E+00   0.4226705E-10
       96.00  0.6055705E-10   0.0000000E+00   0.6055705E-10
       98.00  0.7880589E-10   0.0000000E+00   0.7880589E-10
      100.00  0.1036706E-09   0.0000000E+00   0.1036706E-09
      102.00  0.1373754E-09   0.0000000E+00   0.1373754E-09
      104.00  0.1715534E-09   0.0000000E+00   0.1715534E-09
      106.00  0.2175768E-09   0.0000000E+00   0.2175768E-09
      108.00  0.2692171E-09   0.0000000E+00   0.2692171E-09
      110.00  0.3492527E-09   0.0000000E+00   0.3492527E-09
      114.00  0.5118403E-09   0.0000000E+00   0.5118403E-09
      118.00  0.6998253E-09   0.0000000E+00   0.6998253E-09
      121.00  0.1135560E-08   0.0000000E+00   0.1135560E-08
      125.00  0.1552095E-08   0.0000000E+00   0.1552095E-08
      127.00  0.1716247E-08   0.0000000E+00   0.1716247E-08
      128.00  0.2043438E-08   0.0000000E+00   0.2043438E-08
      131.00  0.2229817E-08   0.0000000E+00   0.2229817E-08
      132.00  0.2792206E-08   0.0000000E+00   0.2792206E-08
      134.00  0.2959943E-08   0.0000000E+00   0.2959943E-08
      137.00  0.3195401E-08   0.0000000E+00   0.3195401E-08
      140.00  0.4122860E-08   0.0000000E+00   0.4122860E-08
      143.00  0.5669377E-08   0.0000000E+00   0.5669377E-08
      147.00  0.9942223E-08   0.0000000E+00   0.9942223E-08
      151.00  0.1163307E-07   0.0000000E+00   0.1163307E-07
      155.00  0.1298646E-07   0.0000000E+00   0.1298646E-07
      159.00  0.1758783E-07   0.0000000E+00   0.1758783E-07
      162.00  0.2246316E-07   0.0000000E+00   0.2246316E-07
      166.00  0.2399851E-07   0.0000000E+00   0.2399851E-07
      170.00  0.2681466E-07   0.0000000E+00   0.2681466E-07
      173.00  0.3188769E-07   0.0000000E+00   0.3188769E-07
      177.00  0.3022541E-07   0.0000000E+00   0.3022541E-07
      180.00  0.3594787E-07   0.0000000E+00   0.3594787E-07
      182.00  0.3298381E-07   0.0000000E+00   0.3298381E-07
      186.00  0.3655844E-07   0.0000000E+00   0.3655844E-07
      191.00  0.3993154E-07   0.0000000E+00   0.3993154E-07
      194.00  0.4459594E-07   0.0000000E+00   0.4459594E-07
      198.00  0.4778965E-07   0.0000000E+00   0.4778965E-07
      202.00  0.5305945E-07   0.0000000E+00   0.5305945E-07
      205.00  0.5401981E-07   0.0000000E+00   0.5401981E-07
      210.00  0.5863555E-07   0.0000000E+00   0.5863555E-07
      216.00  0.6071764E-07   0.0000000E+00   0.6071764E-07
      220.00  0.6671425E-07   0.0000000E+00   0.6671425E-07
      223.00  0.6984326E-07   0.0000000E+00   0.6984326E-07
      227.00  0.7408703E-07   0.0000000E+00   0.7408703E-07
      228.00  0.7516078E-07   0.0000000E+00   0.7516078E-07
      228.00  0.4461351E-06   0.0000000E+00   0.4461351E-06
      230.00  0.1840353E-06   0.0000000E+00   0.1840353E-06
      234.00  0.7082349E-06   0.0000000E+00   0.7082349E-06
      240.00  0.1373213E-05   0.0000000E+00   0.1373213E-05
      246.00  0.1576516E-05   0.0000000E+00   0.1576516E-05
      252.00  0.2212844E-05   0.0000000E+00   0.2212844E-05
      257.00  0.1882855E-05   0.0000000E+00   0.1882855E-05
      260.00  0.2178034E-05   0.0000000E+00   0.2178034E-05
      264.00  0.2397976E-05   0.0000000E+00   0.2397976E-05
      269.00  0.2288728E-05   0.0000000E+00   0.2288728E-05
      274.00  0.2586544E-05   0.0000000E+00   0.2586544E-05
      279.00  0.2131568E-05   0.0000000E+00   0.2131568E-05
      284.00  0.2255301E-05   0.0000000E+00   0.2255301E-05
      290.00  0.2020011E-05   0.0000000E+00   0.2020011E-05
      296.00  0.1952911E-05   0.0000000E+00   0.1952911E-05
      301.00  0.1720404E-05   0.0000000E+00   0.1720404E-05
      308.00  0.1992059E-05   0.0000000E+00   0.1992059E-05
      318.00  0.2393141E-05   0.0000000E+00   0.2393141E-05
      328.00  0.2440757E-05   0.0000000E+00   0.2440757E-05
      338.00  0.2086181E-05   0.0000000E+00   0.2086181E-05
      348.00  0.1902255E-05   0.0000000E+00   0.1902255E-05
      353.30  0.1873964E-05   0.0000000E+00   0.1873964E-05
      353.30  0.1765701E-05   0.0000000E+00   0.1765701E-05
      357.00  0.1839165E-05   0.0000000E+00   0.1839165E-05
      366.00  0.2017861E-05   0.0000000E+00   0.2017861E-05
      375.00  0.1961812E-05   0.0000000E+00   0.1961812E-05
      385.00  0.1803028E-05   0.0000000E+00   0.1803028E-05
      395.00  0.1645739E-05   0.0000000E+00   0.1645739E-05
      405.00  0.1835627E-05   0.0000000E+00   0.1835627E-05
      414.00  0.1776702E-05   0.0000000E+00   0.1776702E-05
      422.00  0.1617678E-05   0.0000000E+00   0.1617678E-05
      430.00  0.1526512E-05   0.0000000E+00   0.1526512E-05
      441.00  0.1470870E-05   0.0000000E+00   0.1470870E-05
      451.00  0.1491497E-05   0.0000000E+00   0.1491497E-05
      460.00  0.1392646E-05   0.0000000E+00   0.1392646E-05
      470.00  0.1532095E-05   0.0000000E+00   0.1532095E-05
      480.00  0.1335468E-05   0.0000000E+00   0.1335468E-05
      490.00  0.1281134E-05   0.0000000E+00   0.1281134E-05
      500.00  0.1338410E-05   0.0000000E+00   0.1338410E-05
      504.60  0.1392571E-05   0.0000000E+00   0.1392571E-05
      504.60  0.1327895E-05   0.0000000E+00   0.1327895E-05
      506.00  0.1307772E-05   0.0000000E+00   0.1307772E-05
      512.00  0.1247402E-05   0.0000000E+00   0.1247402E-05
      520.00  0.1314873E-05   0.0000000E+00   0.1314873E-05
      530.00  0.1181245E-05   0.0000000E+00   0.1181245E-05
      540.00  0.9239072E-06   0.0000000E+00   0.9239072E-06
      550.00  0.8573096E-06   0.0000000E+00   0.8573096E-06
      560.00  0.1114311E-05   0.0000000E+00   0.1114311E-05
      570.00  0.1087287E-05   0.0000000E+00   0.1087287E-05
      580.00  0.9984581E-06   0.0000000E+00   0.9984581E-06
      590.00  0.1055506E-05   0.0000000E+00   0.1055506E-05
      600.00  0.8724572E-06   0.0000000E+00   0.8724572E-06
      610.00  0.1119678E-05   0.0000000E+00   0.1119678E-05
      620.00  0.9155396E-06   0.0000000E+00   0.9155396E-06
      630.00  0.9598510E-06   0.0000000E+00   0.9598510E-06
      640.00  0.8098007E-06   0.0000000E+00   0.8098007E-06
      650.00  0.8543145E-06   0.0000000E+00   0.8543145E-06
      658.00  0.7911442E-06   0.0000000E+00   0.7911442E-06
      665.00  0.7383228E-06   0.0000000E+00   0.7383228E-06
      675.00  0.7875427E-06   0.0000000E+00   0.7875427E-06
      685.00  0.7714800E-06   0.0000000E+00   0.7714800E-06
      695.00  0.7386183E-06   0.0000000E+00   0.7386183E-06
      705.00  0.7166689E-06   0.0000000E+00   0.7166689E-06
      716.00  0.7032466E-06   0.0000000E+00   0.7032466E-06
      726.00  0.6856292E-06   0.0000000E+00   0.6856292E-06
      735.00  0.6507651E-06   0.0000000E+00   0.6507651E-06
      745.00  0.6246080E-06   0.0000000E+00   0.6246080E-06
      755.00  0.5297778E-06   0.0000000E+00   0.5297778E-06
      765.00  0.6312013E-06   0.0000000E+00   0.6312013E-06
      775.00  0.5646055E-06   0.0000000E+00   0.5646055E-06
      785.00  0.3643523E-06   0.0000000E+00   0.3643523E-06
      795.00  0.5759838E-06   0.0000000E+00   0.5759838E-06
      805.00  0.5538402E-06   0.0000000E+00   0.5538402E-06
      815.00  0.5347202E-06   0.0000000E+00   0.5347202E-06
      825.00  0.5237061E-06   0.0000000E+00   0.5237061E-06
      835.00  0.4349102E-06   0.0000000E+00   0.4349102E-06
      845.00  0.5016467E-06   0.0000000E+00   0.5016467E-06
      855.00  0.4727249E-06   0.0000000E+00   0.4727249E-06
      865.00  0.4325027E-06   0.0000000E+00   0.4325027E-06
      875.00  0.4642311E-06   0.0000000E+00   0.4642311E-06
      885.00  0.4547768E-06   0.0000000E+00   0.4547768E-06
      895.00  0.4472553E-06   0.0000000E+00   0.4472553E-06
      905.00  0.4320619E-06   0.0000000E+00   0.4320619E-06
      912.40  0.4158796E-06   0.6388691E-11   0.4158859E-06
      912.40  0.1266890E-05   0.6388815E-11   0.1266897E-05
      915.00  0.1196039E-05   0.7017137E-11   0.1196046E-05
      925.00  0.9235310E-06   0.8490116E-11   0.9235395E-06
      935.00  0.1255951E-05   0.1022809E-10   0.1255961E-05
      945.00  0.1095234E-05   0.1227054E-10   0.1095246E-05
      955.00  0.1193865E-05   0.1466152E-10   0.1193880E-05
      965.00  0.1199094E-05   0.1745000E-10   0.1199111E-05
      975.00  0.8661746E-06   0.2069030E-10   0.8661953E-06
      985.00  0.8478956E-06   0.2444242E-10   0.8479200E-06
      995.00  0.1133576E-05   0.2877243E-10   0.1133605E-05
     1005.00  0.1118711E-05   0.3375287E-10   0.1118745E-05
     1015.00  0.1094885E-05   0.3946318E-10   0.1094924E-05
     1025.00  0.9937886E-06   0.4599007E-10   0.9938346E-06
     1035.00  0.9687198E-06   0.5342792E-10   0.9687732E-06
     1045.00  0.1199713E-05   0.6187995E-10   0.1199775E-05
     1055.00  0.1195533E-05   0.7145669E-10   0.1195604E-05
     1065.00  0.1090978E-05   0.8227795E-10   0.1091060E-05
     1075.00  0.1060864E-05   0.9447290E-10   0.1060958E-05
     1085.00  0.9415706E-06   0.1081804E-09   0.9416788E-06
     1095.00  0.1104212E-05   0.1235495E-09   0.1104336E-05
     1105.00  0.1071092E-05   0.1407394E-09   0.1071233E-05
     1115.00  0.9825546E-06   0.1599204E-09   0.9827145E-06
     1125.00  0.7716159E-06   0.1812735E-09   0.7717972E-06
     1135.00  0.1036394E-05   0.2049917E-09   0.1036599E-05
     1145.00  0.1000874E-05   0.2312797E-09   0.1001105E-05
     1155.00  0.7467236E-06   0.2603541E-09   0.7469840E-06
     1165.00  0.7784353E-06   0.2924440E-09   0.7787277E-06
     1175.00  0.7758756E-06   0.3277911E-09   0.7762034E-06
     1185.00  0.9205833E-06   0.3666500E-09   0.9209500E-06
     1195.00  0.8038621E-06   0.4092886E-09   0.8042714E-06
     1205.00  0.7268231E-06   0.4559877E-09   0.7272791E-06
     1215.00  0.6326270E-06   0.5070420E-09   0.6331340E-06
     1225.00  0.7193925E-06   0.1525060E-07   0.7346431E-06
     1235.00  0.7485341E-06   0.2863652E-07   0.7771706E-06
     1245.00  0.8485710E-06   0.4002576E-07   0.8885968E-06
     1255.00  0.7764018E-06   0.4976527E-07   0.8261671E-06
     1265.00  0.7903861E-06   0.5811229E-07   0.8484984E-06
     1275.00  0.8220012E-06   0.6527034E-07   0.8872715E-06
     1285.00  0.7151719E-06   0.7140561E-07   0.7865775E-06
     1295.00  0.7008167E-06   0.7665654E-07   0.7774732E-06
     1305.00  0.7341366E-06   0.8113992E-07   0.8152765E-06
     1315.00  0.7194402E-06   0.8495524E-07   0.8043954E-06
     1325.00  0.7013028E-06   0.8818783E-07   0.7894906E-06
     1335.00  0.7042823E-06   0.9091134E-07   0.7951936E-06
     1345.00  0.6530756E-06   0.9318963E-07   0.7462652E-06
     1355.00  0.7105634E-06   0.9507829E-07   0.8056417E-06
     1365.00  0.6783329E-06   0.9662586E-07   0.7749588E-06
     1375.00  0.6595423E-06   0.9787489E-07   0.7574172E-06
     1385.00  0.6555018E-06   0.9886275E-07   0.7543646E-06
     1395.00  0.6954722E-06   0.9962238E-07   0.7950946E-06
     1405.00  0.7315850E-06   0.1001828E-06   0.8317678E-06
     1415.00  0.5883441E-06   0.1005698E-06   0.6889139E-06
     1425.00  0.5716179E-06   0.1008061E-06   0.6724240E-06
     1435.00  0.6047836E-06   0.1009120E-06   0.7056956E-06
     1442.00  0.6116216E-06   0.1009182E-06   0.7125398E-06
     1447.00  0.6087866E-06   0.1008921E-06   0.7096787E-06
     1455.00  0.5976411E-06   0.1008025E-06   0.6984436E-06
     1465.00  0.5583824E-06   0.1006175E-06   0.6589999E-06
     1475.00  0.5650106E-06   0.1003633E-06   0.6653739E-06
     1485.00  0.5283911E-06   0.1000513E-06   0.6284424E-06
     1495.00  0.5591876E-06   0.9969186E-07   0.6588795E-06
     1505.00  0.5371838E-06   0.9929417E-07   0.6364780E-06
     1512.00  0.4982000E-06   0.9899753E-07   0.5971975E-06
     1517.00  0.5076124E-06   0.9877813E-07   0.6063905E-06
     1525.00  0.4508196E-06   0.9841655E-07   0.5492361E-06
     1535.00  0.4646401E-06   0.9795088E-07   0.5625910E-06
     1545.00  0.3742054E-06   0.9747569E-07   0.4716811E-06
     1555.00  0.4727153E-06   0.9699590E-07   0.5697112E-06
     1565.00  0.3980694E-06   0.9651699E-07   0.4945864E-06
     1575.00  0.4625273E-06   0.9604356E-07   0.5585709E-06
     1585.00  0.4059289E-06   0.9557976E-07   0.5015087E-06
     1595.00  0.4700337E-06   0.9512934E-07   0.5651630E-06
     1605.00  0.4616449E-06   0.9469577E-07   0.5563407E-06
     1615.00  0.4557462E-06   0.9428218E-07   0.5500284E-06
     1625.00  0.4420115E-06   0.9389147E-07   0.5359030E-06
     1635.00  0.4402074E-06   0.9352621E-07   0.5337336E-06
     1645.00  0.4329132E-06   0.9318886E-07   0.5261021E-06
     1655.00  0.4215499E-06   0.9288167E-07   0.5144316E-06
     1665.00  0.4308908E-06   0.9260670E-07   0.5234975E-06
     1672.00  0.4099614E-06   0.9243443E-07   0.5023958E-06
     1677.00  0.4216410E-06   0.9232195E-07   0.5139630E-06
     1685.00  0.4242078E-06   0.9216092E-07   0.5163687E-06
     1695.00  0.4108344E-06   0.9199349E-07   0.5028279E-06
     1705.00  0.3981758E-06   0.9186511E-07   0.4900409E-06
     1715.00  0.3858253E-06   0.9177716E-07   0.4776025E-06
     1725.00  0.3811698E-06   0.9173097E-07   0.4729008E-06
     1735.00  0.3850944E-06   0.9172777E-07   0.4768222E-06
     1745.00  0.3770488E-06   0.9176869E-07   0.4688175E-06
     1755.00  0.3827501E-06   0.9185482E-07   0.4746049E-06
     1765.00  0.3650317E-06   0.9198716E-07   0.4570189E-06
     1775.00  0.3652424E-06   0.9216666E-07   0.4574091E-06
     1785.00  0.3636828E-06   0.9239419E-07   0.4560770E-06
     1795.00  0.3691475E-06   0.9267069E-07   0.4618182E-06
     1805.00  0.3646940E-06   0.9299692E-07   0.4576909E-06
     1815.00  0.3491071E-06   0.9337359E-07   0.4424807E-06
     1825.00  0.3496068E-06   0.9380140E-07   0.4434082E-06
     1835.00  0.3410748E-06   0.9428105E-07   0.4353558E-06
     1845.00  0.3239392E-06   0.9481314E-07   0.4187523E-06
     1855.00  0.3222741E-06   0.9539829E-07   0.4176724E-06
     1865.00  0.3252448E-06   0.9603704E-07   0.4212818E-06
     1875.00  0.3336892E-06   0.9672995E-07   0.4304191E-06
     1885.00  0.3203999E-06   0.9747752E-07   0.4178774E-06
     1895.00  0.3159734E-06   0.9828025E-07   0.4142536E-06
     1905.00  0.3195576E-06   0.9913858E-07   0.4186962E-06
     1915.00  0.3137052E-06   0.1000530E-06   0.4137582E-06
     1925.00  0.3050590E-06   0.1010238E-06   0.4060828E-06
     1935.00  0.2983275E-06   0.1020516E-06   0.4003791E-06
     1945.00  0.3155632E-06   0.1031348E-06   0.4186980E-06
     1955.00  0.3056172E-06   0.1042732E-06   0.4098904E-06
     1967.00  0.3226252E-06   0.1057147E-06   0.4283399E-06
     1976.00  0.3170549E-06   0.1068502E-06   0.4239051E-06
     1984.00  0.3179768E-06   0.1078988E-06   0.4258756E-06
     1995.00  0.3165272E-06   0.1094012E-06   0.4259284E-06
     2005.00  0.3138813E-06   0.1108282E-06   0.4247095E-06
     2015.00  0.3132018E-06   0.1123135E-06   0.4255153E-06
     2025.00  0.3007226E-06   0.1138574E-06   0.4145800E-06
     2035.00  0.3148264E-06   0.1154665E-06   0.4302929E-06
     2045.00  0.3287373E-06   0.1171377E-06   0.4458750E-06
     2055.00  0.3213867E-06   0.5079132E-07   0.3721780E-06
     2065.00  0.3186908E-06   0.5034335E-07   0.3690341E-06
     2074.00  0.3326064E-06   0.4995131E-07   0.3825577E-06
     2078.00  0.4735224E-06   0.4978043E-07   0.5233028E-06
     2085.00  0.5486815E-06   0.4948634E-07   0.5981678E-06
     2095.00  0.5119417E-06   0.4907705E-07   0.5610188E-06
     2105.00  0.5011227E-06   0.4868041E-07   0.5498031E-06
     2115.00  0.5636163E-06   0.4829627E-07   0.6119126E-06
     2125.00  0.5075059E-06   0.4792451E-07   0.5554304E-06
     2135.00  0.4956522E-06   0.4756501E-07   0.5432172E-06
     2145.00  0.5975739E-06   0.4721762E-07   0.6447915E-06
     2155.00  0.5829091E-06   0.4688223E-07   0.6297913E-06
     2165.00  0.5089635E-06   0.4655870E-07   0.5555222E-06
     2175.00  0.5113875E-06   0.4624693E-07   0.5576344E-06
     2185.00  0.6408809E-06   0.4594682E-07   0.6868277E-06
     2195.00  0.6301134E-06   0.4565820E-07   0.6757716E-06
     2205.00  0.6160513E-06   0.4538093E-07   0.6614322E-06
     2215.00  0.4918549E-06   0.4511488E-07   0.5369698E-06
     2225.00  0.5862660E-06   0.4485994E-07   0.6311259E-06
     2235.00  0.7557209E-06   0.4461596E-07   0.8003369E-06
     2245.00  0.7203200E-06   0.4438284E-07   0.7647028E-06
     2255.00  0.5475856E-06   0.4416044E-07   0.5917460E-06
     2265.00  0.4987975E-06   0.4394863E-07   0.5427461E-06
     2275.00  0.5225824E-06   0.4374730E-07   0.5663297E-06
     2285.00  0.7210085E-06   0.4355604E-07   0.7645645E-06
     2295.00  0.5947039E-06   0.4337469E-07   0.6380786E-06
     2305.00  0.7260535E-06   0.4320340E-07   0.7692569E-06
     2315.00  0.6159736E-06   0.4304207E-07   0.6590157E-06
     2325.00  0.5220817E-06   0.4289055E-07   0.5649723E-06
     2335.00  0.4634496E-06   0.4274875E-07   0.5061983E-06
     2345.00  0.3381516E-06   0.4261653E-07   0.3807681E-06
     2355.00  0.5897278E-06   0.4249379E-07   0.6322216E-06
     2365.00  0.3640970E-06   0.4238040E-07   0.4064774E-06
     2375.00  0.4533180E-06   0.4227625E-07   0.4955942E-06
     2385.00  0.2986889E-06   0.4218123E-07   0.3408701E-06
     2395.00  0.3542147E-06   0.4209522E-07   0.3963099E-06
     2405.00  0.3537982E-06   0.4201813E-07   0.3958163E-06
     2415.00  0.4131435E-06   0.4194984E-07   0.4550933E-06
     2425.00  0.7047073E-06   0.4189025E-07   0.7465975E-06
     2435.00  0.7009213E-06   0.4183922E-07   0.7427605E-06
     2445.00  0.8445298E-06   0.4179667E-07   0.8863265E-06
     2455.00  0.8941287E-06   0.4176247E-07   0.9358912E-06
     2465.00  0.7471357E-06   0.4173653E-07   0.7888722E-06
     2475.00  0.6371749E-06   0.4171873E-07   0.6788936E-06
     2485.00  0.3452585E-06   0.4170898E-07   0.3869675E-06
     2495.00  0.4657603E-06   0.4170717E-07   0.5074675E-06
     2505.00  0.7149667E-06   0.4171320E-07   0.7566799E-06
     2513.00  0.3192911E-06   0.4172360E-07   0.3610147E-06
     2518.00  0.2626910E-06   0.4173259E-07   0.3044236E-06
     2525.00  0.2864513E-06   0.4174837E-07   0.3281997E-06
     2535.00  0.5050241E-06   0.4177730E-07   0.5468014E-06
     2545.00  0.5224345E-06   0.4181367E-07   0.5642482E-06
     2555.00  0.1007668E-05   0.4185737E-07   0.1049525E-05
     2565.00  0.7278088E-06   0.4190831E-07   0.7697171E-06
     2575.00  0.9480936E-06   0.4196639E-07   0.9900600E-06
     2585.00  0.8163690E-06   0.4203153E-07   0.8584005E-06
     2595.00  0.7212665E-06   0.4210362E-07   0.7633701E-06
     2605.00  0.5995187E-06   0.4012143E-07   0.6396401E-06
     2615.00  0.5381923E-06   0.4018214E-07   0.5783744E-06
     2625.00  0.7393156E-06   0.4024959E-07   0.7795652E-06
     2635.00  0.1402367E-05   0.4032367E-07   0.1442691E-05
     2645.00  0.1918108E-05   0.4040431E-07   0.1958512E-05
     2655.00  0.2733853E-05   0.4049141E-07   0.2774344E-05
     2665.00  0.1751593E-05   0.4058491E-07   0.1792178E-05
     2675.00  0.1978683E-05   0.4068471E-07   0.2019368E-05
     2685.00  0.2331691E-05   0.4079072E-07   0.2372482E-05
     2695.00  0.1604516E-05   0.4090288E-07   0.1645419E-05
     2705.00  0.2006608E-05   0.4102110E-07   0.2047629E-05
     2715.00  0.1380771E-05   0.4114529E-07   0.1421916E-05
     2725.00  0.1008286E-05   0.4127539E-07   0.1049561E-05
     2735.00  0.1367790E-05   0.4141130E-07   0.1409201E-05
     2745.00  0.7462257E-06   0.4155296E-07   0.7877787E-06
     2755.00  0.1089086E-05   0.4170028E-07   0.1130786E-05
     2765.00  0.1486875E-05   0.4185319E-07   0.1528728E-05
     2775.00  0.1550471E-05   0.4201161E-07   0.1592483E-05
     2785.00  0.8400557E-06   0.4217547E-07   0.8822312E-06
     2795.00  0.3810226E-06   0.4234469E-07   0.4233673E-06
     2805.00  0.4544957E-06   0.4251920E-07   0.4970149E-06
     2815.00  0.1288095E-05   0.4269893E-07   0.1330794E-05
     2825.00  0.1960381E-05   0.4288380E-07   0.2003265E-05
     2835.00  0.1760622E-05   0.4307374E-07   0.1803696E-05
     2845.00  0.1086401E-05   0.4326868E-07   0.1129670E-05
     2855.00  0.5538308E-06   0.4346803E-07   0.5972988E-06
     2865.00  0.1639378E-05   0.4367168E-07   0.1683050E-05
     2875.00  0.2472650E-05   0.4388005E-07   0.2516530E-05
     2885.00  0.2233352E-05   0.4409308E-07   0.2277445E-05
     2895.00  0.2844147E-05   0.4431070E-07   0.2888458E-05
     2910.00  0.3924014E-05   0.4464559E-07   0.3968660E-05
     2930.00  0.3389797E-05   0.4510752E-07   0.3434905E-05
     2950.00  0.3077498E-05   0.4558658E-07   0.3123085E-05
     2970.00  0.3131426E-05   0.4608225E-07   0.3177508E-05
     2990.00  0.3201983E-05   0.4659401E-07   0.3248577E-05
     3010.00  0.3160674E-05   0.4712135E-07   0.3207795E-05
     3030.00  0.3432295E-05   0.4766377E-07   0.3479959E-05
     3050.00  0.3642154E-05   0.4822063E-07   0.3690375E-05
     3070.00  0.3934252E-05   0.4879138E-07   0.3983043E-05
     3090.00  0.3716613E-05   0.4937569E-07   0.3765989E-05
     3110.00  0.4398946E-05   0.4997310E-07   0.4448919E-05
     3130.00  0.3999702E-05   0.4995538E-07   0.4049657E-05
     3150.00  0.3925352E-05   0.5056611E-07   0.3975918E-05
     3170.00  0.4413747E-05   0.5118868E-07   0.4464936E-05
     3190.00  0.3871841E-05   0.5182266E-07   0.3923664E-05
     3210.00  0.4296800E-05   0.5246764E-07   0.4349268E-05
     3230.00  0.3659474E-05   0.5312320E-07   0.3712597E-05
     3250.00  0.5261138E-05   0.5378894E-07   0.5314927E-05
     3270.00  0.6206407E-05   0.5446387E-07   0.6260871E-05
     3290.00  0.6062554E-05   0.5514770E-07   0.6117702E-05
     3310.00  0.5563459E-05   0.5584035E-07   0.5619299E-05
     3330.00  0.5739399E-05   0.5654144E-07   0.5795940E-05
     3350.00  0.5488723E-05   0.5725059E-07   0.5545974E-05
     3370.00  0.3891546E-05   0.5796746E-07   0.3949513E-05
     3390.00  0.4611237E-05   0.5869167E-07   0.4669929E-05
     3410.00  0.4791087E-05   0.5942288E-07   0.4850510E-05
     3430.00  0.5259290E-05   0.5623464E-07   0.5315525E-05
     3450.00  0.5424628E-05   0.5690789E-07   0.5481536E-05
     3470.00  0.5690621E-05   0.5758703E-07   0.5748208E-05
     3490.00  0.6432080E-05   0.5827174E-07   0.6490352E-05
     3510.00  0.6920541E-05   0.5896184E-07   0.6979503E-05
     3530.00  0.6221823E-05   0.5965779E-07   0.6281481E-05
     3550.00  0.7318273E-05   0.6035858E-07   0.7378632E-05
     3570.00  0.5001158E-05   0.6106394E-07   0.5062222E-05
     3590.00  0.4973413E-05   0.6177360E-07   0.5035187E-05
     3610.00  0.6315809E-05   0.6248728E-07   0.6378296E-05
     3630.00  0.6556648E-05   0.6320473E-07   0.6619853E-05
     3640.00  0.6923850E-05   0.6356479E-07   0.6987415E-05
     3650.00  0.7684799E-05   0.1133260E-07   0.7696132E-05
     3670.00  0.8167366E-05   0.1125144E-07   0.8178617E-05
     3690.00  0.7486043E-05   0.1035630E-07   0.7496399E-05
     3710.00  0.7954547E-05   0.1026788E-07   0.7964815E-05
     3730.00  0.5309363E-05   0.1018233E-07   0.5319545E-05
     3750.00  0.6074799E-05   0.1009958E-07   0.6084899E-05
     3770.00  0.7846342E-05   0.1001954E-07   0.7856362E-05
     3790.00  0.8040591E-05   0.9942136E-08   0.8050533E-05
     3810.00  0.7644716E-05   0.9867287E-08   0.7654583E-05
     3830.00  0.4343236E-05   0.9794923E-08   0.4353031E-05
     3850.00  0.6077506E-05   0.9724970E-08   0.6087231E-05
     3870.00  0.5862204E-05   0.9657360E-08   0.5871861E-05
     3890.00  0.7187452E-05   0.9592023E-08   0.7197044E-05
     3910.00  0.8650239E-05   0.9528896E-08   0.8659768E-05
     3930.00  0.4282879E-05   0.9467913E-08   0.4292347E-05
     3950.00  0.7722751E-05   0.9409014E-08   0.7732160E-05
     3970.00  0.5311602E-05   0.9352154E-08   0.5320954E-05
     3990.00  0.1105248E-04   0.9297313E-08   0.1106178E-04
     4010.00  0.1205779E-04   0.9244376E-08   0.1206703E-04
     4030.00  0.1186731E-04   0.9193289E-08   0.1187650E-04
     4050.00  0.1142966E-04   0.9143996E-08   0.1143880E-04
     4070.00  0.1086995E-04   0.9096447E-08   0.1087905E-04
     4090.00  0.1314356E-04   0.9050590E-08   0.1315261E-04
     4110.00  0.1242735E-04   0.9006376E-08   0.1243636E-04
     4130.00  0.1220973E-04   0.8963758E-08   0.1221869E-04
     4150.00  0.1190461E-04   0.8922688E-08   0.1191353E-04
     4170.00  0.1217071E-04   0.8883123E-08   0.1217959E-04
     4190.00  0.1170659E-04   0.8845017E-08   0.1171544E-04
     4210.00  0.1177112E-04   0.8808328E-08   0.1177993E-04
     4230.00  0.1127323E-04   0.8773015E-08   0.1128200E-04
     4250.00  0.1163456E-04   0.8739038E-08   0.1164330E-04
     4270.00  0.1090578E-04   0.8706356E-08   0.1091449E-04
     4290.00  0.1008825E-04   0.8674933E-08   0.1009692E-04
     4310.00  0.8517135E-05   0.8644730E-08   0.8525780E-05
     4330.00  0.1285291E-04   0.8615711E-08   0.1286153E-04
     4350.00  0.1266028E-04   0.8587847E-08   0.1266887E-04
     4370.00  0.1358606E-04   0.8561105E-08   0.1359462E-04
     4390.00  0.1219009E-04   0.8535444E-08   0.1219863E-04
     4410.00  0.1313834E-04   0.8510834E-08   0.1314685E-04
     4430.00  0.1443670E-04   0.8487242E-08   0.1444519E-04
     4450.00  0.1442694E-04   0.8464638E-08   0.1443540E-04
     4470.00  0.1537627E-04   0.8442992E-08   0.1538471E-04
     4490.00  0.1578625E-04   0.8422276E-08   0.1579467E-04
     4510.00  0.1763156E-04   0.8402461E-08   0.1763996E-04
     4530.00  0.1564188E-04   0.8383520E-08   0.1565026E-04
     4550.00  0.1640307E-04   0.8365427E-08   0.1641144E-04
     4570.00  0.1752901E-04   0.8348155E-08   0.1753736E-04
     4590.00  0.1664915E-04   0.8331679E-08   0.1665748E-04
     4610.00  0.1712963E-04   0.8315976E-08   0.1713795E-04
     4630.00  0.1694706E-04   0.8301021E-08   0.1695536E-04
     4650.00  0.1708243E-04   0.8286791E-08   0.1709072E-04
     4670.00  0.1773490E-04   0.8273263E-08   0.1774317E-04
     4690.00  0.1754580E-04   0.8260417E-08   0.1755406E-04
     4710.00  0.1709769E-04   0.8248229E-08   0.1710594E-04
     4730.00  0.1752895E-04   0.8236680E-08   0.1753719E-04
     4750.00  0.1802965E-04   0.8225749E-08   0.1803788E-04
     4770.00  0.1770424E-04   0.8215417E-08   0.1771246E-04
     4790.00  0.1775706E-04   0.8205664E-08   0.1776527E-04
     4810.00  0.1782015E-04   0.8196457E-08   0.1782835E-04
     4830.00  0.1822469E-04   0.8187775E-08   0.1823288E-04
     4850.00  0.1754629E-04   0.8179617E-08   0.1755447E-04
     4870.00  0.1625538E-04   0.8171966E-08   0.1626355E-04
     4890.00  0.1778385E-04   0.8164805E-08   0.1779201E-04
     4910.00  0.1779664E-04   0.8158118E-08   0.1780480E-04
     4930.00  0.1747575E-04   0.8151888E-08   0.1748390E-04
     4950.00  0.1808500E-04   0.8146102E-08   0.1809315E-04
     4970.00  0.1793589E-04   0.8140742E-08   0.1794403E-04
     4990.00  0.1680370E-04   0.8135796E-08   0.1681184E-04
     5010.00  0.1597477E-04   0.8131250E-08   0.1598290E-04
     5030.00  0.1691493E-04   0.8127088E-08   0.1692306E-04
     5050.00  0.1681353E-04   0.8123297E-08   0.1682165E-04
     5070.00  0.1749688E-04   0.8119888E-08   0.1750500E-04
     5090.00  0.1670250E-04   0.8116933E-08   0.1671062E-04
     5110.00  0.1707662E-04   0.8114308E-08   0.1708473E-04
     5130.00  0.1657281E-04   0.8112000E-08   0.1658092E-04
     5150.00  0.1588039E-04   0.8109998E-08   0.1588850E-04
     5170.00  0.1482382E-04   0.8108291E-08   0.1483193E-04
     5190.00  0.1536503E-04   0.8106867E-08   0.1537314E-04
     5210.00  0.1648045E-04   0.8105716E-08   0.1648856E-04
     5230.00  0.1766456E-04   0.8104827E-08   0.1767266E-04
     5250.00  0.1834152E-04   0.8104190E-08   0.1834962E-04
     5270.00  0.1643254E-04   0.8103796E-08   0.1644064E-04
     5290.00  0.1857337E-04   0.8103633E-08   0.1858147E-04
     5310.00  0.1958236E-04   0.8103695E-08   0.1959046E-04
     5330.00  0.1752154E-04   0.8103970E-08   0.1752964E-04
     5350.00  0.1892784E-04   0.8104451E-08   0.1893594E-04
     5370.00  0.1878515E-04   0.8105121E-08   0.1879326E-04
     5390.00  0.1852400E-04   0.8105961E-08   0.1853211E-04
     5410.00  0.1822310E-04   0.8106979E-08   0.1823121E-04
     5430.00  0.1841478E-04   0.8108169E-08   0.1842289E-04
     5450.00  0.1881034E-04   0.8109521E-08   0.1881845E-04
     5470.00  0.1859637E-04   0.8111029E-08   0.1860448E-04
     5490.00  0.1869358E-04   0.8112685E-08   0.1870169E-04
     5510.00  0.1852945E-04   0.8114482E-08   0.1853756E-04
     5530.00  0.1919441E-04   0.8116414E-08   0.1920253E-04
     5550.00  0.1938973E-04   0.8118473E-08   0.1939785E-04
     5570.00  0.1891876E-04   0.8120653E-08   0.1892688E-04
     5590.00  0.1849963E-04   0.8122949E-08   0.1850775E-04
     5610.00  0.1902435E-04   0.8125353E-08   0.1903248E-04
     5630.00  0.1909600E-04   0.8127860E-08   0.1910413E-04
     5650.00  0.1938013E-04   0.8130464E-08   0.1938826E-04
     5670.00  0.1890390E-04   0.8133159E-08   0.1891203E-04
     5690.00  0.1942291E-04   0.8135940E-08   0.1943105E-04
     5710.00  0.1877183E-04   0.6191664E-08   0.1877802E-04
     5730.00  0.2014551E-04   0.6187257E-08   0.2015170E-04
     5750.00  0.1964230E-04   0.6182996E-08   0.1964848E-04
     5770.00  0.1974730E-04   0.6178876E-08   0.1975348E-04
     5790.00  0.1914445E-04   0.6174893E-08   0.1915062E-04
     5810.00  0.1971578E-04   0.6171039E-08   0.1972195E-04
     5830.00  0.2011551E-04   0.6167313E-08   0.2012168E-04
     5850.00  0.1956552E-04   0.6163707E-08   0.1957168E-04
     5870.00  0.1948750E-04   0.6160220E-08   0.1949366E-04
     5890.00  0.1712157E-04   0.6156845E-08   0.1712773E-04
     5910.00  0.1910505E-04   0.6153578E-08   0.1911120E-04
     5930.00  0.1933103E-04   0.6150417E-08   0.1933718E-04
     5950.00  0.1937091E-04   0.6147355E-08   0.1937706E-04
     5970.00  0.1964296E-04   0.6144391E-08   0.1964910E-04
     5990.00  0.1944665E-04   0.6141519E-08   0.1945279E-04
     6010.00  0.1921896E-04   0.6138737E-08   0.1922510E-04
     6030.00  0.1960517E-04   0.6136040E-08   0.1961131E-04
     6050.00  0.1995207E-04   0.6133426E-08   0.1995820E-04
     6070.00  0.1985288E-04   0.6130890E-08   0.1985901E-04
     6090.00  0.1937719E-04   0.6128427E-08   0.1938332E-04
     6110.00  0.1943064E-04   0.6126035E-08   0.1943677E-04
     6130.00  0.1846029E-04   0.6123712E-08   0.1846641E-04
     6150.00  0.1888951E-04   0.6121455E-08   0.1889563E-04
     6170.00  0.1791117E-04   0.6119260E-08   0.1791729E-04
     6190.00  0.1886887E-04   0.6117126E-08   0.1887499E-04
     6210.00  0.1873211E-04   0.6115048E-08   0.1873823E-04
     6230.00  0.1822875E-04   0.6113025E-08   0.1823486E-04
     6250.00  0.1775358E-04   0.6111054E-08   0.1775969E-04
     6270.00  0.1849558E-04   0.6109132E-08   0.1850169E-04
     6290.00  0.1875959E-04   0.6107257E-08   0.1876570E-04
     6310.00  0.1840769E-04   0.6105426E-08   0.1841380E-04
     6330.00  0.1867033E-04   0.6103636E-08   0.1867643E-04
     6350.00  0.1886222E-04   0.6101887E-08   0.1886832E-04
     6370.00  0.1880787E-04   0.6100174E-08   0.1881397E-04
     6390.00  0.1891274E-04   0.6098498E-08   0.1891884E-04
     6410.00  0.1856057E-04   0.6096854E-08   0.1856667E-04
     6430.00  0.1871040E-04   0.6095241E-08   0.1871650E-04
     6450.00  0.1863795E-04   0.6093656E-08   0.1864404E-04
     6470.00  0.1855118E-04   0.6092099E-08   0.1855727E-04
     6490.00  0.1825105E-04   0.6090567E-08   0.1825714E-04
     6510.00  0.1885493E-04   0.6089059E-08   0.1886102E-04
     6530.00  0.1894514E-04   0.6087495E-08   0.1895123E-04
     6550.00  0.1845066E-04   0.6085927E-08   0.1845675E-04
     6570.00  0.1733474E-04   0.6084373E-08   0.1734082E-04
     6590.00  0.1851578E-04   0.6082834E-08   0.1852186E-04
     6610.00  0.1870589E-04   0.6081305E-08   0.1871197E-04
     6630.00  0.1857451E-04   0.6079787E-08   0.1858059E-04
     6650.00  0.1850709E-04   0.6041112E-08   0.1851313E-04
     6670.00  0.1814001E-04   0.6039654E-08   0.1814605E-04
     6690.00  0.1836001E-04   0.6038202E-08   0.1836605E-04
     6710.00  0.1772852E-04   0.6036757E-08   0.1773456E-04
     6730.00  0.1809464E-04   0.6035316E-08   0.1810068E-04
     6750.00  0.1782711E-04   0.6033879E-08   0.1783314E-04
     6770.00  0.1790938E-04   0.6032443E-08   0.1791541E-04
     6790.00  0.1779517E-04   0.6031009E-08   0.1780120E-04
     6810.00  0.1782688E-04   0.6029574E-08   0.1783291E-04
     6830.00  0.1802015E-04   0.6028138E-08   0.1802618E-04
     6850.00  0.1765803E-04   0.6026700E-08   0.1766406E-04
     6870.00  0.1787719E-04   0.6025258E-08   0.1788322E-04
     6890.00  0.1811685E-04   0.6023812E-08   0.1812287E-04
     6910.00  0.1810499E-04   0.6022360E-08   0.1811101E-04
     6930.00  0.1803595E-04   0.6020902E-08   0.1804197E-04
     6950.00  0.1803572E-04   0.6019437E-08   0.1804174E-04
     6970.00  0.1826759E-04   0.6017963E-08   0.1827361E-04
     6990.00  0.1819996E-04   0.6016481E-08   0.1820598E-04
     7010.00  0.1803861E-04   0.6014989E-08   0.1804462E-04
     7030.00  0.1832104E-04   0.6013491E-08   0.1832705E-04
     7050.00  0.1823436E-04   0.6011983E-08   0.1824037E-04
     7070.00  0.1777270E-04   0.6010463E-08   0.1777871E-04
     7090.00  0.1728302E-04   0.6008928E-08   0.1728903E-04
     7110.00  0.1691831E-04   0.6007380E-08   0.1692432E-04
     7130.00  0.1660369E-04   0.6005817E-08   0.1660970E-04
     7150.00  0.1653672E-04   0.6004238E-08   0.1654272E-04
     7170.00  0.1676322E-04   0.6002643E-08   0.1676922E-04
     7190.00  0.1638737E-04   0.6001032E-08   0.1639337E-04
     7210.00  0.1670990E-04   0.5999403E-08   0.1671590E-04
     7230.00  0.1708306E-04   0.5997757E-08   0.1708906E-04
     7250.00  0.1721642E-04   0.5996093E-08   0.1722242E-04
     7270.00  0.1736704E-04   0.5994409E-08   0.1737303E-04
     7290.00  0.1721949E-04   0.5992707E-08   0.1722548E-04
     7310.00  0.1767992E-04   0.5990984E-08   0.1768591E-04
     7330.00  0.1772907E-04   0.5989241E-08   0.1773506E-04
     7350.00  0.1791650E-04   0.5987479E-08   0.1792249E-04
     7370.00  0.1833338E-04   0.5985695E-08   0.1833937E-04
     7390.00  0.1805658E-04   0.5983889E-08   0.1806256E-04
     7410.00  0.1794561E-04   0.5982062E-08   0.1795159E-04
     7430.00  0.1835926E-04   0.5980213E-08   0.1836524E-04
     7450.00  0.1839434E-04   0.5964390E-08   0.1840030E-04
     7470.00  0.1858181E-04   0.5962509E-08   0.1858777E-04
     7490.00  0.1852462E-04   0.5960606E-08   0.1853058E-04
     7510.00  0.1864691E-04   0.5958680E-08   0.1865287E-04
     7530.00  0.1881128E-04   0.5956731E-08   0.1881724E-04
     7550.00  0.1889567E-04   0.5954759E-08   0.1890162E-04
     7570.00  0.1876671E-04   0.5952764E-08   0.1877266E-04
     7590.00  0.1844821E-04   0.5950745E-08   0.1845416E-04
     7610.00  0.1824003E-04   0.5948679E-08   0.1824598E-04
     7630.00  0.1791485E-04   0.5946563E-08   0.1792080E-04
     7650.00  0.1757473E-04   0.5944423E-08   0.1758067E-04
     7670.00  0.1683607E-04   0.5942257E-08   0.1684201E-04
     7690.00  0.1723057E-04   0.5940065E-08   0.1723651E-04
     7710.00  0.1692840E-04   0.5937847E-08   0.1693434E-04
     7730.00  0.1701594E-04   0.5935602E-08   0.1702188E-04
     7750.00  0.1689178E-04   0.5933332E-08   0.1689771E-04
     7770.00  0.1714268E-04   0.5931034E-08   0.1714861E-04
     7790.00  0.1718371E-04   0.5928710E-08   0.1718964E-04
     7810.00  0.1723055E-04   0.5926360E-08   0.1723648E-04
     7830.00  0.1711480E-04   0.5923983E-08   0.1712072E-04
     7850.00  0.1697776E-04   0.5921579E-08   0.1698368E-04
     7870.00  0.1727375E-04   0.5807119E-08   0.1727956E-04
     7890.00  0.1714874E-04   0.5804779E-08   0.1715454E-04
     7910.00  0.1683941E-04   0.5802413E-08   0.1684521E-04
     7930.00  0.1689881E-04   0.5800021E-08   0.1690461E-04
     7950.00  0.1686405E-04   0.5797602E-08   0.1686985E-04
     7970.00  0.1730850E-04   0.5795158E-08   0.1731430E-04
     7990.00  0.1732609E-04   0.5792687E-08   0.1733188E-04
     8010.00  0.1777993E-04   0.5790191E-08   0.1778572E-04
     8030.00  0.1782204E-04   0.5787668E-08   0.1782783E-04
     8050.00  0.1777620E-04   0.5785119E-08   0.1778199E-04
     8070.00  0.1794160E-04   0.5782544E-08   0.1794738E-04
     8090.00  0.1784241E-04   0.5779943E-08   0.1784819E-04
     8110.00  0.1796244E-04   0.5777315E-08   0.1796822E-04
     8130.00  0.1817455E-04   0.5774661E-08   0.1818032E-04
     8150.00  0.1824268E-04   0.5771981E-08   0.1824845E-04
     8170.00  0.1826086E-04   0.5769275E-08   0.1826663E-04
     8190.00  0.1769001E-04   0.5766543E-08   0.1769578E-04
     8210.00  0.1784405E-04   0.5090328E-08   0.1784914E-04
     8230.00  0.1790978E-04   0.2461835E-08   0.1791224E-04
     8250.00  0.1791964E-04   0.2458253E-08   0.1792210E-04
     8270.00  0.1802115E-04   0.2454691E-08   0.1802360E-04
     8290.00  0.1791038E-04   0.2415561E-08   0.1791280E-04
     8310.00  0.1758997E-04   0.2412073E-08   0.1759238E-04
     8330.00  0.1736991E-04   0.2408604E-08   0.1737232E-04
     8350.00  0.1749405E-04   0.2405153E-08   0.1749646E-04
     8370.00  0.1750095E-04   0.2401721E-08   0.1750335E-04
     8390.00  0.1695363E-04   0.2398306E-08   0.1695603E-04
     8410.00  0.1745703E-04   0.2394909E-08   0.1745942E-04
     8430.00  0.1686653E-04   0.2391528E-08   0.1686892E-04
     8450.00  0.1673830E-04   0.2388165E-08   0.1674069E-04
     8470.00  0.1666625E-04   0.2384818E-08   0.1666863E-04
     8490.00  0.1668115E-04   0.2381487E-08   0.1668353E-04
     8510.00  0.1605175E-04   0.2378172E-08   0.1605413E-04
     8530.00  0.1662507E-04   0.2374872E-08   0.1662744E-04
     8550.00  0.1498992E-04   0.2371588E-08   0.1499229E-04
     8570.00  0.1702919E-04   0.2368319E-08   0.1703156E-04
     8590.00  0.1691848E-04   0.2365065E-08   0.1692085E-04
     8610.00  0.1698385E-04   0.2361825E-08   0.1698621E-04
     8630.00  0.1716863E-04   0.2358599E-08   0.1717099E-04
     8650.00  0.1713877E-04   0.2355388E-08   0.1714113E-04
     8670.00  0.1534309E-04   0.2352190E-08   0.1534544E-04
     8690.00  0.1674059E-04   0.2349005E-08   0.1674294E-04
     8710.00  0.1722654E-04   0.2345834E-08   0.1722889E-04
     8730.00  0.1727492E-04   0.2342676E-08   0.1727726E-04
     8750.00  0.1712990E-04   0.2339530E-08   0.1713224E-04
     8770.00  0.1728713E-04   0.2336398E-08   0.1728947E-04
     8790.00  0.1731493E-04   0.2333277E-08   0.1731726E-04
     8810.00  0.1702878E-04   0.2330169E-08   0.1703111E-04
     8830.00  0.1707454E-04   0.2327073E-08   0.1707687E-04
     8850.00  0.1715882E-04   0.2323988E-08   0.1716114E-04
     8870.00  0.1683393E-04   0.2320914E-08   0.1683625E-04
     8890.00  0.1705278E-04   0.2317853E-08   0.1705510E-04
     8910.00  0.1711366E-04   0.2314802E-08   0.1711597E-04
     8930.00  0.1690949E-04   0.2311762E-08   0.1691180E-04
     8950.00  0.1686098E-04   0.2308733E-08   0.1686329E-04
     8970.00  0.1691860E-04   0.2305715E-08   0.1692091E-04
     8990.00  0.1693303E-04   0.2302707E-08   0.1693533E-04
     9010.00  0.1644319E-04   0.2299709E-08   0.1644549E-04
     9030.00  0.1684844E-04   0.2296721E-08   0.1685074E-04
     9050.00  0.1706781E-04   0.2293743E-08   0.1707010E-04
     9070.00  0.1696193E-04   0.2290775E-08   0.1696422E-04
     9090.00  0.1660632E-04   0.2287817E-08   0.1660861E-04
     9110.00  0.1677442E-04   0.2284868E-08   0.1677670E-04
     9130.00  0.1688762E-04   0.2281929E-08   0.1688990E-04
     9150.00  0.1683161E-04   0.2278999E-08   0.1683389E-04
     9170.00  0.1680582E-04   0.2276079E-08   0.1680810E-04
     9190.00  0.1687949E-04   0.2273168E-08   0.1688176E-04
     9210.00  0.1654918E-04   0.2270265E-08   0.1655145E-04
     9230.00  0.1641221E-04   0.2267370E-08   0.1641448E-04
     9250.00  0.1635922E-04   0.2264484E-08   0.1636148E-04
     9270.00  0.1638008E-04   0.2261606E-08   0.1638234E-04
     9290.00  0.1626528E-04   0.2258737E-08   0.1626754E-04
     9310.00  0.1634944E-04   0.2255875E-08   0.1635170E-04
     9330.00  0.1631907E-04   0.2253021E-08   0.1632132E-04
     9350.00  0.1623097E-04   0.2250175E-08   0.1623322E-04
     9370.00  0.1602216E-04   0.2247336E-08   0.1602441E-04
     9390.00  0.1620776E-04   0.2244505E-08   0.1621000E-04
     9410.00  0.1594772E-04   0.2241682E-08   0.1594996E-04
     9430.00  0.1617526E-04   0.2238865E-08   0.1617750E-04
     9450.00  0.1597461E-04   0.2236056E-08   0.1597685E-04
     9470.00  0.1616056E-04   0.2233254E-08   0.1616279E-04
     9490.00  0.1614178E-04   0.2230459E-08   0.1614401E-04
     9510.00  0.1605147E-04   0.2227670E-08   0.1605370E-04
     9530.00  0.1604485E-04   0.2224888E-08   0.1604707E-04
     9550.00  0.1575390E-04   0.2222114E-08   0.1575612E-04
     9570.00  0.1585465E-04   0.2219345E-08   0.1585687E-04
     9590.00  0.1600798E-04   0.2216584E-08   0.1601020E-04
     9610.00  0.1581711E-04   0.2213828E-08   0.1581932E-04
     9630.00  0.1584525E-04   0.2211078E-08   0.1584746E-04
     9650.00  0.1554601E-04   0.2208335E-08   0.1554822E-04
     9670.00  0.1555608E-04   0.2205598E-08   0.1555829E-04
     9690.00  0.1571306E-04   0.2202868E-08   0.1571526E-04
     9710.00  0.1557665E-04   0.2200142E-08   0.1557885E-04
     9730.00  0.1547452E-04   0.2197423E-08   0.1547672E-04
     9750.00  0.1544406E-04   0.2194709E-08   0.1544625E-04
     9770.00  0.1546945E-04   0.2192002E-08   0.1547164E-04
     9790.00  0.1524464E-04   0.2189300E-08   0.1524683E-04
     9810.00  0.1553617E-04   0.2186603E-08   0.1553836E-04
     9830.00  0.1544096E-04   0.2183912E-08   0.1544314E-04
     9850.00  0.1548351E-04   0.2181227E-08   0.1548569E-04
     9870.00  0.1538060E-04   0.2178546E-08   0.1538278E-04
     9890.00  0.1534384E-04   0.2175871E-08   0.1534602E-04
     9910.00  0.1518029E-04   0.2173202E-08   0.1518246E-04
     9930.00  0.1521412E-04   0.2170536E-08   0.1521629E-04
     9950.00  0.1520930E-04   0.2167877E-08   0.1521147E-04
     9970.00  0.1519372E-04   0.2165223E-08   0.1519589E-04
     9990.00  0.1514331E-04   0.2162573E-08   0.1514547E-04
    10025.00  0.1498655E-04   0.2157947E-08   0.1498871E-04
    10075.00  0.1480328E-04   0.2151366E-08   0.1480543E-04
    10125.00  0.1480185E-04   0.2144814E-08   0.1480399E-04
    10175.00  0.1460890E-04   0.2138347E-08   0.1461104E-04
    10225.00  0.1455655E-04   0.2131917E-08   0.1455868E-04
    10275.00  0.1451682E-04   0.2125511E-08   0.1451895E-04
    10325.00  0.1427283E-04   0.2119130E-08   0.1427495E-04
    10375.00  0.1415544E-04   0.2112771E-08   0.1415755E-04
    10425.00  0.1416158E-04   0.2106436E-08   0.1416369E-04
    10475.00  0.1399957E-04   0.2100123E-08   0.1400167E-04
    10525.00  0.1396901E-04   0.2093832E-08   0.1397110E-04
    10575.00  0.1378135E-04   0.2087562E-08   0.1378344E-04
    10625.00  0.1369717E-04   0.2081312E-08   0.1369925E-04
    10675.00  0.1347034E-04   0.2075084E-08   0.1347242E-04
    10725.00  0.1345089E-04   0.2068875E-08   0.1345296E-04
    10775.00  0.1330690E-04   0.2062687E-08   0.1330896E-04
    10825.00  0.1311549E-04   0.2056517E-08   0.1311755E-04
    10875.00  0.1307279E-04   0.2050367E-08   0.1307484E-04
    10925.00  0.1304813E-04   0.2044236E-08   0.1305017E-04
    10975.00  0.1288635E-04   0.2038123E-08   0.1288839E-04
    11025.00  0.1285686E-04   0.2032029E-08   0.1285889E-04
    11075.00  0.1277807E-04   0.2025952E-08   0.1278010E-04
    11125.00  0.1265836E-04   0.2019894E-08   0.1266038E-04
    11175.00  0.1251659E-04   0.1827107E-08   0.1251842E-04
    11225.00  0.1248484E-04   0.1821445E-08   0.1248666E-04
    11275.00  0.1229010E-04   0.1815805E-08   0.1229192E-04
    11325.00  0.1223818E-04   0.1810186E-08   0.1223999E-04
    11375.00  0.1208247E-04   0.1804587E-08   0.1208427E-04
    11425.00  0.1192937E-04   0.1799008E-08   0.1193117E-04
    11475.00  0.1202348E-04   0.1793448E-08   0.1202527E-04
    11525.00  0.1196281E-04   0.1787909E-08   0.1196460E-04
    11575.00  0.1179846E-04   0.1782389E-08   0.1180024E-04
    11625.00  0.1159644E-04   0.1776889E-08   0.1159822E-04
    11675.00  0.1157129E-04   0.1771408E-08   0.1157306E-04
    11725.00  0.1161474E-04   0.1765946E-08   0.1161651E-04
    11775.00  0.1138332E-04   0.1760503E-08   0.1138508E-04
    11825.00  0.1130548E-04   0.1755079E-08   0.1130724E-04
    11875.00  0.1113612E-04   0.1749673E-08   0.1113787E-04
    11925.00  0.1126530E-04   0.1744286E-08   0.1126704E-04
    11975.00  0.1088654E-04   0.1738917E-08   0.1088828E-04
    12025.00  0.1102803E-04   0.1733566E-08   0.1102976E-04
    12075.00  0.1090901E-04   0.1728233E-08   0.1091074E-04
    12125.00  0.1088480E-04   0.1722919E-08   0.1088652E-04
    12175.00  0.1086669E-04   0.1717622E-08   0.1086841E-04
    12225.00  0.1077898E-04   0.1712343E-08   0.1078069E-04
    12275.00  0.1067854E-04   0.1707081E-08   0.1068025E-04
    12325.00  0.1061240E-04   0.1701837E-08   0.1061410E-04
    12375.00  0.1054881E-04   0.1696610E-08   0.1055051E-04
    12425.00  0.1043928E-04   0.1691401E-08   0.1044097E-04
    12475.00  0.1040819E-04   0.1686209E-08   0.1040988E-04
    12525.00  0.1029874E-04   0.1678537E-08   0.1030042E-04
    12575.00  0.1026095E-04   0.1673393E-08   0.1026262E-04
    12625.00  0.1018561E-04   0.1668266E-08   0.1018728E-04
    12675.00  0.1009110E-04   0.1663156E-08   0.1009276E-04
    12725.00  0.1006783E-04   0.1658062E-08   0.1006949E-04
    12775.00  0.1003671E-04   0.1652986E-08   0.1003836E-04
    12825.00  0.9728387E-05   0.1647926E-08   0.9730035E-05
    12875.00  0.9842366E-05   0.1642883E-08   0.9844009E-05
    12925.00  0.9730167E-05   0.1637857E-08   0.9731805E-05
    12975.00  0.9775931E-05   0.1632847E-08   0.9777564E-05
    13025.00  0.9669647E-05   0.1627854E-08   0.9671275E-05
    13075.00  0.9660962E-05   0.1622867E-08   0.9662585E-05
    13125.00  0.9484744E-05   0.1617894E-08   0.9486362E-05
    13175.00  0.9452247E-05   0.1612938E-08   0.9453860E-05
    13225.00  0.9451008E-05   0.1607998E-08   0.9452616E-05
    13275.00  0.9301935E-05   0.1603073E-08   0.9303538E-05
    13325.00  0.9304388E-05   0.1598165E-08   0.9305986E-05
    13375.00  0.9227641E-05   0.1593272E-08   0.9229234E-05
    13425.00  0.9228010E-05   0.1588395E-08   0.9229598E-05
    13475.00  0.9158390E-05   0.1583534E-08   0.9159974E-05
    13525.00  0.9105208E-05   0.1578688E-08   0.9106787E-05
    13575.00  0.8979452E-05   0.1573859E-08   0.8981026E-05
    13625.00  0.8924301E-05   0.1568025E-08   0.8925869E-05
    13675.00  0.8949077E-05   0.1563231E-08   0.8950640E-05
    13725.00  0.8958997E-05   0.1558452E-08   0.8960555E-05
    13775.00  0.8915445E-05   0.1553690E-08   0.8916999E-05
    13825.00  0.8901797E-05   0.1548942E-08   0.8903346E-05
    13875.00  0.8805679E-05   0.1544211E-08   0.8807223E-05
    13925.00  0.8669995E-05   0.1539495E-08   0.8671534E-05
    13975.00  0.8631606E-05   0.1534795E-08   0.8633141E-05
    14025.00  0.8524062E-05   0.1530111E-08   0.8525592E-05
    14075.00  0.8569272E-05   0.1525442E-08   0.8570797E-05
    14125.00  0.8484404E-05   0.1511999E-08   0.8485916E-05
    14175.00  0.8519424E-05   0.1507408E-08   0.8520931E-05
    14225.00  0.8409276E-05   0.1502832E-08   0.8410779E-05
    14275.00  0.8296820E-05   0.1498271E-08   0.8298318E-05
    14325.00  0.8411442E-05   0.1493726E-08   0.8412936E-05
    14375.00  0.8419834E-05   0.1489195E-08   0.8421323E-05
    14425.00  0.8246989E-05   0.1484680E-08   0.8248474E-05
    14475.00  0.8363411E-05   0.1480181E-08   0.8364891E-05
    14525.00  0.8262397E-05   0.1475696E-08   0.8263873E-05
    14570.00  0.8282943E-05   0.1471673E-08   0.8284415E-05
    14620.00  0.8212236E-05   0.1013750E-08   0.8213250E-05
    14675.00  0.8176720E-05   0.1010272E-08   0.8177730E-05
    14725.00  0.8078789E-05   0.1003469E-08   0.8079792E-05
    14775.00  0.8112596E-05   0.1000354E-08   0.8113596E-05
    14825.00  0.8112637E-05   0.9972528E-09   0.8113634E-05
    14875.00  0.8023764E-05   0.9941653E-09   0.8024758E-05
    14925.00  0.8155050E-05   0.9910914E-09   0.8156041E-05
    14975.00  0.8077860E-05   0.9880311E-09   0.8078848E-05
    15025.00  0.7966608E-05   0.9849842E-09   0.7967593E-05
    15075.00  0.7954252E-05   0.9819506E-09   0.7955234E-05
    15125.00  0.8073516E-05   0.9789302E-09   0.8074495E-05
    15175.00  0.8064357E-05   0.9759231E-09   0.8065333E-05
    15225.00  0.8045480E-05   0.9729302E-09   0.8046453E-05
    15275.00  0.8074905E-05   0.9699515E-09   0.8075875E-05
    15325.00  0.8030915E-05   0.9669857E-09   0.8031882E-05
    15375.00  0.8038319E-05   0.9640326E-09   0.8039283E-05
    15425.00  0.8018380E-05   0.9610920E-09   0.8019341E-05
    15475.00  0.8014839E-05   0.9581641E-09   0.8015797E-05
    15525.00  0.7940544E-05   0.9552487E-09   0.7941499E-05
    15575.00  0.7777830E-05   0.9523457E-09   0.7778782E-05
    15625.00  0.7857206E-05   0.9494550E-09   0.7858155E-05
    15675.00  0.7811366E-05   0.9465766E-09   0.7812313E-05
    15725.00  0.7884026E-05   0.9437104E-09   0.7884970E-05
    15775.00  0.7533676E-05   0.9408564E-09   0.7534617E-05
    15825.00  0.7624120E-05   0.9380144E-09   0.7625058E-05
    15875.00  0.7556189E-05   0.9351844E-09   0.7557124E-05
    15925.00  0.7732931E-05   0.9323663E-09   0.7733863E-05
    15975.00  0.7600288E-05   0.9295601E-09   0.7601218E-05
    16050.00  0.7610788E-05   0.9253729E-09   0.7611713E-05
    16150.00  0.7591450E-05   0.9198309E-09   0.7592370E-05
    16250.00  0.7477444E-05   0.9143352E-09   0.7478358E-05
    16350.00  0.7567393E-05   0.9088852E-09   0.7568302E-05
    16450.00  0.7245220E-05   0.9034806E-09   0.7246123E-05
    16550.00  0.7366205E-05   0.8981207E-09   0.7367103E-05
    16650.00  0.7116014E-05   0.8928052E-09   0.7116907E-05
    16750.00  0.7069222E-05   0.8875336E-09   0.7070110E-05
    16850.00  0.6862304E-05   0.8823055E-09   0.6863186E-05
    16950.00  0.6891351E-05   0.8771204E-09   0.6892228E-05
    17050.00  0.6693772E-05   0.8719778E-09   0.6694644E-05
    17150.00  0.6602717E-05   0.8668773E-09   0.6603584E-05
    17250.00  0.6472566E-05   0.8618186E-09   0.6473428E-05
    17350.00  0.6273393E-05   0.8568012E-09   0.6274250E-05
    17450.00  0.6232361E-05   0.8518247E-09   0.6233213E-05
    17550.00  0.6110837E-05   0.8468886E-09   0.6111684E-05
    17650.00  0.6021478E-05   0.8419927E-09   0.6022320E-05
    17750.00  0.5889784E-05   0.8371365E-09   0.5890621E-05
    17850.00  0.5817273E-05   0.8323196E-09   0.5818105E-05
    17950.00  0.5710590E-05   0.8275416E-09   0.5711418E-05
    18050.00  0.5583772E-05   0.8228023E-09   0.5584595E-05
    18150.00  0.5483868E-05   0.8181011E-09   0.5484686E-05
    18250.00  0.5413622E-05   0.8134389E-09   0.5414435E-05
    18350.00  0.5333689E-05   0.8088247E-09   0.5334498E-05
    18450.00  0.5229605E-05   0.8042467E-09   0.5230409E-05
    18550.00  0.5186559E-05   0.7673935E-09   0.5187326E-05
    18650.00  0.5075978E-05   0.7630712E-09   0.5076741E-05
    18750.00  0.4955823E-05   0.7587831E-09   0.4956582E-05
    18850.00  0.4929406E-05   0.7545289E-09   0.4930161E-05
    18950.00  0.4759029E-05   0.7503083E-09   0.4759779E-05
    19050.00  0.4772693E-05   0.7461210E-09   0.4773439E-05
    19150.00  0.4672987E-05   0.7419666E-09   0.4673729E-05
    19250.00  0.4598660E-05   0.7378450E-09   0.4599398E-05
    19350.00  0.4469824E-05   0.7337557E-09   0.4470558E-05
    19450.00  0.4356862E-05   0.7296986E-09   0.4357592E-05
    19550.00  0.4343430E-05   0.7256732E-09   0.4344156E-05
    19650.00  0.4275709E-05   0.7216794E-09   0.4276431E-05
    19750.00  0.4165435E-05   0.7177167E-09   0.4166153E-05
    19850.00  0.4120505E-05   0.7137851E-09   0.4121219E-05
    19950.00  0.4066513E-05   0.7098841E-09   0.4067223E-05
    20050.00  0.4043138E-05   0.7060135E-09   0.4043844E-05
    20150.00  0.3985498E-05   0.7021731E-09   0.3986200E-05
    20250.00  0.3890486E-05   0.6980431E-09   0.3891184E-05
    20350.00  0.3834682E-05   0.6942648E-09   0.3835376E-05
    20450.00  0.3814015E-05   0.6905159E-09   0.3814706E-05
    20550.00  0.3751045E-05   0.6867961E-09   0.3751732E-05
    20650.00  0.3683115E-05   0.6831050E-09   0.3683798E-05
    20750.00  0.3637675E-05   0.6794425E-09   0.3638354E-05
    20850.00  0.3581395E-05   0.6758082E-09   0.3582071E-05
    20950.00  0.3513674E-05   0.6722019E-09   0.3514346E-05
    21050.00  0.3489914E-05   0.6686234E-09   0.3490583E-05
    21150.00  0.3429969E-05   0.6650724E-09   0.3430634E-05
    21250.00  0.3379701E-05   0.6615486E-09   0.3380363E-05
    21350.00  0.3347421E-05   0.6580519E-09   0.3348079E-05
    21450.00  0.3296596E-05   0.6545819E-09   0.3297251E-05
    21550.00  0.3246479E-05   0.6509999E-09   0.3247130E-05
    21650.00  0.3178246E-05   0.6475831E-09   0.3178894E-05
    21750.00  0.3139322E-05   0.6441923E-09   0.3139966E-05
    21850.00  0.3101539E-05   0.6408273E-09   0.3102180E-05
    21950.00  0.3064678E-05   0.6374879E-09   0.3065315E-05
    22050.00  0.2984869E-05   0.6341739E-09   0.2985503E-05
    22150.00  0.2983432E-05   0.6308850E-09   0.2984063E-05
    22250.00  0.2909768E-05   0.6263993E-09   0.2910394E-05
    22350.00  0.2878207E-05   0.6231713E-09   0.2878830E-05
    22450.00  0.2839308E-05   0.6199676E-09   0.2839928E-05
    22550.00  0.2806004E-05   0.6167880E-09   0.2806621E-05
    22650.00  0.2747785E-05   0.6136323E-09   0.2748399E-05
    22750.00  0.2729580E-05   0.6105003E-09   0.2730191E-05
    22850.00  0.2674828E-05   0.5102877E-09   0.2675338E-05
    22950.00  0.2318771E-05   0.5071348E-09   0.2319278E-05
    23050.00  0.2441358E-05   0.5046072E-09   0.2441863E-05
    23150.00  0.2421935E-05   0.5020988E-09   0.2422437E-05
    23250.00  0.2123160E-05   0.4996092E-09   0.2123660E-05
    23350.00  0.2251847E-05   0.4971385E-09   0.2252344E-05
    23450.00  0.2200582E-05   0.4946863E-09   0.2201077E-05
    23550.00  0.1967557E-05   0.4922524E-09   0.1968049E-05
    23650.00  0.2104176E-05   0.4898368E-09   0.2104666E-05
    23750.00  0.2048007E-05   0.4874393E-09   0.2048494E-05
    23850.00  0.1870051E-05   0.4850596E-09   0.1870536E-05
    23950.00  0.1969878E-05   0.4826976E-09   0.1970361E-05
    24050.00  0.1950063E-05   0.4803531E-09   0.1950543E-05
    24150.00  0.1797214E-05   0.4780260E-09   0.1797692E-05
    24250.00  0.1863676E-05   0.4757162E-09   0.1864152E-05
    24350.00  0.1842618E-05   0.4734233E-09   0.1843091E-05
    24450.00  0.1752809E-05   0.4711473E-09   0.1753280E-05
    24550.00  0.1738449E-05   0.4688881E-09   0.1738918E-05
    24650.00  0.1769132E-05   0.4666454E-09   0.1769599E-05
    24750.00  0.1710073E-05   0.4644192E-09   0.1710537E-05
    24850.00  0.1605510E-05   0.4622091E-09   0.1605972E-05
    24950.00  0.1617587E-05   0.4600152E-09   0.1618047E-05
    25050.00  0.1640571E-05   0.4578373E-09   0.1641029E-05
    25150.00  0.1536303E-05   0.4556752E-09   0.1536759E-05
    25250.00  0.1576369E-05   0.4535287E-09   0.1576823E-05
    25350.00  0.1573434E-05   0.4513977E-09   0.1573885E-05
    25450.00  0.1540967E-05   0.4492821E-09   0.1541416E-05
    25550.00  0.1522555E-05   0.4471818E-09   0.1523002E-05
    25650.00  0.1524922E-05   0.4450965E-09   0.1525367E-05
    25750.00  0.1527816E-05   0.4430262E-09   0.1528259E-05
    25850.00  0.1469456E-05   0.4409707E-09   0.1469897E-05
    25950.00  0.1480535E-05   0.4389299E-09   0.1480974E-05
    26050.00  0.1483808E-05   0.4369036E-09   0.1484245E-05
    26150.00  0.1456147E-05   0.4348918E-09   0.1456582E-05
    26250.00  0.1431095E-05   0.4328942E-09   0.1431528E-05
    26350.00  0.1435895E-05   0.4309108E-09   0.1436326E-05
    26450.00  0.1424021E-05   0.4289413E-09   0.1424450E-05
    26550.00  0.1402201E-05   0.4269858E-09   0.1402628E-05
    26650.00  0.1377281E-05   0.4250441E-09   0.1377706E-05
    26750.00  0.1393641E-05   0.4231160E-09   0.1394064E-05
    26850.00  0.1375589E-05   0.4212014E-09   0.1376010E-05
    26950.00  0.1346038E-05   0.4193003E-09   0.1346457E-05
    27050.00  0.1344749E-05   0.4174124E-09   0.1345166E-05
    27150.00  0.1329863E-05   0.4155376E-09   0.1330279E-05
    27250.00  0.1321799E-05   0.4136759E-09   0.1322213E-05
    27350.00  0.1294783E-05   0.4118272E-09   0.1295195E-05
    27450.00  0.1292358E-05   0.4099912E-09   0.1292768E-05
    27550.00  0.1283377E-05   0.4081680E-09   0.1283785E-05
    27650.00  0.1264493E-05   0.3983899E-09   0.1264891E-05
    27750.00  0.1246455E-05   0.3966306E-09   0.1246852E-05
    27850.00  0.1240810E-05   0.3948835E-09   0.1241205E-05
    27950.00  0.1234230E-05   0.3931484E-09   0.1234623E-05
    28050.00  0.1218986E-05   0.3914251E-09   0.1219377E-05
    28150.00  0.1200553E-05   0.3897136E-09   0.1200943E-05
    28250.00  0.1191026E-05   0.3880138E-09   0.1191414E-05
    28350.00  0.1182437E-05   0.3863256E-09   0.1182823E-05
    28450.00  0.1167484E-05   0.3846488E-09   0.1167869E-05
    28550.00  0.1153881E-05   0.3829834E-09   0.1154264E-05
    28650.00  0.1141719E-05   0.3813293E-09   0.1142100E-05
    28750.00  0.1128354E-05   0.3796863E-09   0.1128734E-05
    28850.00  0.1118040E-05   0.3780544E-09   0.1118418E-05
    28950.00  0.1106038E-05   0.3764335E-09   0.1106414E-05
    29050.00  0.1092895E-05   0.3748234E-09   0.1093270E-05
    29150.00  0.1082290E-05   0.3732241E-09   0.1082663E-05
    29250.00  0.1064212E-05   0.3716355E-09   0.1064584E-05
    29350.00  0.1059756E-05   0.3700575E-09   0.1060126E-05
    29450.00  0.1045321E-05   0.3684901E-09   0.1045689E-05
    29550.00  0.1034632E-05   0.3669330E-09   0.1034999E-05
    29650.00  0.1025491E-05   0.3653862E-09   0.1025856E-05
    29750.00  0.1014375E-05   0.3637905E-09   0.1014739E-05
    29850.00  0.1002095E-05   0.3622641E-09   0.1002457E-05
    29950.00  0.9909174E-06   0.3607478E-09   0.9912781E-06
    30050.00  0.9800992E-06   0.3592415E-09   0.9804584E-06
    30150.00  0.9717293E-06   0.3577451E-09   0.9720870E-06
    30250.00  0.9595945E-06   0.3562585E-09   0.9599508E-06
    30350.00  0.9466967E-06   0.3547816E-09   0.9470515E-06
    30450.00  0.9408900E-06   0.3533143E-09   0.9412433E-06
    30550.00  0.9302255E-06   0.3518566E-09   0.9305774E-06
    30650.00  0.9202874E-06   0.3504084E-09   0.9206378E-06
    30750.00  0.9123480E-06   0.3489695E-09   0.9126970E-06
    30850.00  0.9003227E-06   0.3475400E-09   0.9006702E-06
    30950.00  0.8917560E-06   0.3461197E-09   0.8921021E-06
    31050.00  0.8844298E-06   0.3447086E-09   0.8847745E-06
    31150.00  0.8704845E-06   0.3433065E-09   0.8708278E-06
    31250.00  0.8650543E-06   0.3419135E-09   0.8653962E-06
    31350.00  0.8563307E-06   0.3405032E-09   0.8566712E-06
    31450.00  0.8470967E-06   0.3391281E-09   0.8474358E-06
    31550.00  0.8368802E-06   0.3377619E-09   0.8372180E-06
    31650.00  0.8278868E-06   0.3364043E-09   0.8282232E-06
    31750.00  0.8208309E-06   0.3350554E-09   0.8211660E-06
    31850.00  0.8121712E-06   0.3337151E-09   0.8125049E-06
    31950.00  0.8041370E-06   0.3323832E-09   0.8044694E-06
    32100.00  0.7904425E-06   0.3301535E-09   0.7907727E-06
    32300.00  0.7734529E-06   0.3275430E-09   0.7737804E-06
    32500.00  0.7570759E-06   0.3249652E-09   0.7574009E-06
    32700.00  0.7406212E-06   0.3224195E-09   0.7409436E-06
    32900.00  0.7235518E-06   0.2924842E-09   0.7238443E-06
    33100.00  0.7089877E-06   0.2901131E-09   0.7092778E-06
    33300.00  0.6930219E-06   0.2879028E-09   0.6933098E-06
    33500.00  0.6799807E-06   0.2857195E-09   0.6802664E-06
    33700.00  0.6650844E-06   0.2835628E-09   0.6653680E-06
    33900.00  0.6501370E-06   0.2814322E-09   0.6504184E-06
    34100.00  0.6359435E-06   0.2793273E-09   0.6362228E-06
    34300.00  0.6242706E-06   0.2772477E-09   0.6245478E-06
    34500.00  0.6116301E-06   0.2751930E-09   0.6119053E-06
    34700.00  0.5985885E-06   0.2731628E-09   0.5988617E-06
    34900.00  0.5862964E-06   0.2711567E-09   0.5865676E-06
    35100.00  0.5745143E-06   0.2691743E-09   0.5747835E-06
    35300.00  0.5616619E-06   0.2672154E-09   0.5619291E-06
    35500.00  0.5509801E-06   0.2652794E-09   0.5512454E-06
    35700.00  0.5393278E-06   0.2633660E-09   0.5395912E-06
    35900.00  0.5284290E-06   0.2614750E-09   0.5286905E-06
    36100.00  0.5185433E-06   0.2596058E-09   0.5188029E-06
    36300.00  0.5081831E-06   0.2577583E-09   0.5084409E-06
    36500.00  0.4970055E-06   0.2559321E-09   0.4972614E-06
    36700.00  0.4867045E-06   0.2541268E-09   0.4869586E-06
    36900.00  0.4757453E-06   0.2523421E-09   0.4759976E-06
    37100.00  0.4658517E-06   0.2505778E-09   0.4661023E-06
    37300.00  0.4580920E-06   0.2488334E-09   0.4583408E-06
    37500.00  0.4470494E-06   0.2471088E-09   0.4472965E-06
    37700.00  0.4403339E-06   0.2454035E-09   0.4405793E-06
    37900.00  0.4315624E-06   0.2437174E-09   0.4318061E-06
    38100.00  0.4237013E-06   0.2420501E-09   0.4239434E-06
    38300.00  0.4159329E-06   0.2404013E-09   0.4161733E-06
    38500.00  0.4080923E-06   0.2387708E-09   0.4083311E-06
    38700.00  0.3989838E-06   0.2346786E-09   0.3992185E-06
    38900.00  0.3920069E-06   0.2331036E-09   0.3922400E-06
    39100.00  0.3850010E-06   0.2315458E-09   0.3852325E-06
    39300.00  0.3777419E-06   0.2300050E-09   0.3779719E-06
    39500.00  0.3695711E-06   0.2284810E-09   0.3697996E-06
    39700.00  0.3629451E-06   0.2269734E-09   0.3631721E-06
    39900.00  0.3544361E-06   0.2254821E-09   0.3546616E-06
    40100.00  0.3490833E-06   0.2240069E-09   0.3493073E-06
    40300.00  0.3433530E-06   0.2225474E-09   0.3435755E-06
    40500.00  0.3360460E-06   0.2211035E-09   0.3362671E-06
    40700.00  0.3304955E-06   0.2196750E-09   0.3307152E-06
    40900.00  0.3247256E-06   0.2182616E-09   0.3249439E-06
    41100.00  0.3189074E-06   0.2168482E-09   0.3191242E-06
    41300.00  0.3134724E-06   0.2154645E-09   0.3136879E-06
    41500.00  0.3076183E-06   0.2140952E-09   0.3078324E-06
    41700.00  0.3020606E-06   0.2127402E-09   0.3022733E-06
    41900.00  0.2962795E-06   0.2113994E-09   0.2964909E-06
    42100.00  0.2906490E-06   0.2100724E-09   0.2908591E-06
    42300.00  0.2868635E-06   0.2087591E-09   0.2870723E-06
    42500.00  0.2812098E-06   0.2074593E-09   0.2814173E-06
    42700.00  0.2768163E-06   0.2061728E-09   0.2770225E-06
    42900.00  0.2604454E-06   0.2048995E-09   0.2606503E-06
    43100.00  0.2435105E-06   0.2036330E-09   0.2437141E-06
    43300.00  0.2443639E-06   0.2023855E-09   0.2445663E-06
    43500.00  0.2301918E-06   0.2011506E-09   0.2303930E-06
    43700.00  0.2229903E-06   0.1999282E-09   0.2231902E-06
    43900.00  0.2176696E-06   0.1986532E-09   0.2178683E-06
    44100.00  0.2073818E-06   0.1974558E-09   0.2075793E-06
    44300.00  0.2033105E-06   0.1962704E-09   0.2035068E-06
    44500.00  0.1995297E-06   0.1950966E-09   0.1997248E-06
    44700.00  0.1919034E-06   0.1918081E-09   0.1920952E-06
    44900.00  0.1915620E-06   0.1833859E-09   0.1917454E-06
    45100.00  0.1869174E-06   0.1823136E-09   0.1870997E-06
    45300.00  0.1819453E-06   0.1812517E-09   0.1821266E-06
    45500.00  0.1812076E-06   0.1802001E-09   0.1813878E-06
    45700.00  0.1788082E-06   0.1791588E-09   0.1789874E-06
    45900.00  0.1720764E-06   0.1781274E-09   0.1722545E-06
    46100.00  0.1732960E-06   0.1771060E-09   0.1734731E-06
    46300.00  0.1697906E-06   0.1760943E-09   0.1699667E-06
    46500.00  0.1682021E-06   0.1750923E-09   0.1683772E-06
    46700.00  0.1678877E-06   0.1740999E-09   0.1680618E-06
    46900.00  0.1643254E-06   0.1731168E-09   0.1644985E-06
    47100.00  0.1613153E-06   0.1721430E-09   0.1614874E-06
    47300.00  0.1622023E-06   0.1711784E-09   0.1623735E-06
    47500.00  0.1577787E-06   0.1702228E-09   0.1579489E-06
    47700.00  0.1563192E-06   0.1692762E-09   0.1564885E-06
    47900.00  0.1550110E-06   0.1683384E-09   0.1551793E-06
    48100.00  0.1503837E-06   0.1674092E-09   0.1505511E-06
    48300.00  0.1519838E-06   0.1664887E-09   0.1521503E-06
    48500.00  0.1485690E-06   0.1655767E-09   0.1487346E-06
    48700.00  0.1454221E-06   0.1646730E-09   0.1455868E-06
    48900.00  0.1433558E-06   0.1637776E-09   0.1435196E-06
    49100.00  0.1414897E-06   0.1628904E-09   0.1416526E-06
    49300.00  0.1397621E-06   0.1620113E-09   0.1399241E-06
    49500.00  0.1369954E-06   0.1611401E-09   0.1371565E-06
    49700.00  0.1367561E-06   0.1602769E-09   0.1369164E-06
    49900.00  0.1344667E-06   0.1594213E-09   0.1346261E-06
    50100.00  0.1326525E-06   0.1585735E-09   0.1328111E-06
    50300.00  0.1308922E-06   0.1577333E-09   0.1310499E-06
    50500.00  0.1280019E-06   0.1569005E-09   0.1281588E-06
    50700.00  0.1271868E-06   0.1560752E-09   0.1273429E-06
    50900.00  0.1254995E-06   0.1552572E-09   0.1256548E-06
    51100.00  0.1231933E-06   0.1544464E-09   0.1233477E-06
    51300.00  0.1225697E-06   0.1536427E-09   0.1227233E-06
    51500.00  0.1202221E-06   0.1519334E-09   0.1203740E-06
    51700.00  0.1198638E-06   0.1511496E-09   0.1200149E-06
    51900.00  0.1175969E-06   0.1503726E-09   0.1177473E-06
    52100.00  0.1164984E-06   0.1496024E-09   0.1166480E-06
    52300.00  0.1143919E-06   0.1488388E-09   0.1145407E-06
    52500.00  0.1136885E-06   0.1480818E-09   0.1138366E-06
    52700.00  0.1133859E-06   0.1473314E-09   0.1135332E-06
    52900.00  0.1105830E-06   0.1465874E-09   0.1107296E-06
    53100.00  0.1091897E-06   0.1458497E-09   0.1093355E-06
    53300.00  0.1084783E-06   0.1451183E-09   0.1086234E-06
    53500.00  0.1071863E-06   0.1443932E-09   0.1073307E-06
    53700.00  0.1061582E-06   0.1436741E-09   0.1063019E-06
    53900.00  0.1049854E-06   0.1429612E-09   0.1051284E-06
    54100.00  0.1038022E-06   0.1422542E-09   0.1039445E-06
    54300.00  0.1017850E-06   0.1415483E-09   0.1019265E-06
    54500.00  0.1015064E-06   0.1408531E-09   0.1016473E-06
    54700.00  0.9970062E-07   0.1401637E-09   0.9984078E-07
    54900.00  0.9875858E-07   0.1394801E-09   0.9889806E-07
    55100.00  0.9736336E-07   0.1388021E-09   0.9750216E-07
    55300.00  0.9793935E-07   0.1381297E-09   0.9807748E-07
    55500.00  0.9501263E-07   0.1374629E-09   0.9515009E-07
    55700.00  0.9506446E-07   0.1368015E-09   0.9520126E-07
    55900.00  0.9338810E-07   0.1361456E-09   0.9352425E-07
    56100.00  0.9280753E-07   0.1354949E-09   0.9294302E-07
    56300.00  0.9096505E-07   0.1348496E-09   0.9109990E-07
    56500.00  0.9067485E-07   0.1342075E-09   0.9080906E-07
    56700.00  0.8957870E-07   0.1335727E-09   0.8971227E-07
    56900.00  0.8788008E-07   0.1329429E-09   0.8801302E-07
    57100.00  0.8769995E-07   0.1323183E-09   0.8783227E-07
    57300.00  0.8660010E-07   0.1316986E-09   0.8673180E-07
    57500.00  0.8558198E-07   0.1310636E-09   0.8571304E-07
    57700.00  0.8444747E-07   0.1304541E-09   0.8457792E-07
    57900.00  0.8395897E-07   0.1298493E-09   0.8408882E-07
    58100.00  0.8259567E-07   0.1292494E-09   0.8272492E-07
    58300.00  0.8175874E-07   0.1286541E-09   0.8188739E-07
    58500.00  0.8086974E-07   0.1243598E-09   0.8099410E-07
    58700.00  0.7958022E-07   0.1237831E-09   0.7970400E-07
    58900.00  0.7879020E-07   0.1232230E-09   0.7891342E-07
    59100.00  0.7795945E-07   0.1226673E-09   0.7808212E-07
    59300.00  0.7717244E-07   0.1221159E-09   0.7729456E-07
    59500.00  0.7607673E-07   0.1215687E-09   0.7619830E-07
    59700.00  0.7548816E-07   0.1210258E-09   0.7560919E-07
    59900.00  0.7461388E-07   0.1204870E-09   0.7473437E-07
    60100.00  0.7375641E-07   0.1199524E-09   0.7387636E-07
    60300.00  0.7289145E-07   0.1194218E-09   0.7301087E-07
    60500.00  0.7178535E-07   0.1188953E-09   0.7190425E-07
    60700.00  0.7101611E-07   0.1183727E-09   0.7113448E-07
    60900.00  0.7019584E-07   0.1178542E-09   0.7031369E-07
    61100.00  0.6926289E-07   0.1173395E-09   0.6938023E-07
    61300.00  0.6864500E-07   0.1168287E-09   0.6876183E-07
    61500.00  0.6793949E-07   0.1163217E-09   0.6805581E-07
    61700.00  0.6731170E-07   0.1158185E-09   0.6742752E-07
    61900.00  0.6649393E-07   0.1153191E-09   0.6660925E-07
    62100.00  0.6581908E-07   0.1148234E-09   0.6593390E-07
    62300.00  0.6491554E-07   0.1143314E-09   0.6502987E-07
    62500.00  0.6402464E-07   0.1138430E-09   0.6413848E-07
    62700.00  0.6331458E-07   0.1133582E-09   0.6342794E-07
    62900.00  0.6265380E-07   0.1128769E-09   0.6276668E-07
    63100.00  0.6190997E-07   0.1123992E-09   0.6202237E-07
    63300.00  0.6139346E-07   0.1119250E-09   0.6150539E-07
    63500.00  0.6057105E-07   0.1114543E-09   0.6068250E-07
    63700.00  0.6007870E-07   0.1109869E-09   0.6018969E-07
    63900.00  0.5914527E-07   0.1105230E-09   0.5925579E-07
    64200.00  0.5828135E-07   0.1098333E-09   0.5839118E-07
    64600.00  0.5690878E-07   0.1089254E-09   0.5701771E-07
    65000.00  0.5566362E-07   0.1080303E-09   0.5577165E-07
    65400.00  0.5439859E-07   0.1071480E-09   0.5450574E-07
    65800.00  0.5325659E-07   0.1062781E-09   0.5336287E-07
    66200.00  0.5202911E-07   0.1050404E-09   0.5213415E-07
    66600.00  0.5088687E-07   0.1041986E-09   0.5099107E-07
    67000.00  0.4979565E-07   0.1033686E-09   0.4989902E-07
    67400.00  0.4866259E-07   0.1025500E-09   0.4876514E-07
    67800.00  0.4759782E-07   0.1017427E-09   0.4769956E-07
    68200.00  0.4654994E-07   0.1009463E-09   0.4665089E-07
    68600.00  0.4556608E-07   0.1001608E-09   0.4566624E-07
    69000.00  0.4456064E-07   0.9938593E-10   0.4466003E-07
    69400.00  0.4360212E-07   0.9861979E-10   0.4370074E-07
    69800.00  0.4266478E-07   0.9786550E-10   0.4276265E-07
    70200.00  0.4173093E-07   0.9712125E-10   0.4182805E-07
    70600.00  0.4086727E-07   0.9638685E-10   0.4096366E-07
    71000.00  0.3999145E-07   0.9566211E-10   0.4008711E-07
    71400.00  0.3914882E-07   0.9494686E-10   0.3924377E-07
    71800.00  0.3831772E-07   0.9424026E-10   0.3841196E-07
    72200.00  0.3752331E-07   0.9354347E-10   0.3761685E-07
    72600.00  0.3672625E-07   0.9285567E-10   0.3681911E-07
    73000.00  0.3596806E-07   0.9216990E-10   0.3606023E-07
    73400.00  0.3521311E-07   0.9149963E-10   0.3530461E-07
    73800.00  0.3449481E-07   0.9083788E-10   0.3458565E-07
    74200.00  0.3377109E-07   0.8855301E-10   0.3385964E-07
    74600.00  0.3307013E-07   0.8792334E-10   0.3315805E-07
    75000.00  0.3240867E-07   0.8730152E-10   0.3249597E-07
    75400.00  0.3174795E-07   0.8668743E-10   0.3183464E-07
    75800.00  0.3113113E-07   0.8608092E-10   0.3121721E-07
    76200.00  0.3050950E-07   0.8548186E-10   0.3059498E-07
    76600.00  0.2990056E-07   0.8489013E-10   0.2998545E-07
    77000.00  0.2930249E-07   0.8430561E-10   0.2938680E-07
    77400.00  0.2872652E-07   0.8372816E-10   0.2881025E-07
    77800.00  0.2816384E-07   0.8315768E-10   0.2824700E-07
    78200.00  0.2760700E-07   0.8259404E-10   0.2768959E-07
    78600.00  0.2707354E-07   0.8203714E-10   0.2715558E-07
    79000.00  0.2654887E-07   0.8148685E-10   0.2663036E-07
    79400.00  0.2603831E-07   0.8094307E-10   0.2611925E-07
    79800.00  0.2553664E-07   0.8040569E-10   0.2561705E-07
    80200.00  0.2503734E-07   0.7987461E-10   0.2511721E-07
    80600.00  0.2456264E-07   0.7934972E-10   0.2464199E-07
    81000.00  0.2410850E-07   0.7883092E-10   0.2418733E-07
    81400.00  0.2364661E-07   0.7831812E-10   0.2372493E-07
    81800.00  0.2320927E-07   0.7781122E-10   0.2328708E-07
    82200.00  0.2277714E-07   0.7731012E-10   0.2285445E-07
    82600.00  0.2235232E-07   0.7663995E-10   0.2242896E-07
    83000.00  0.2193892E-07   0.7615170E-10   0.2201507E-07
    83400.00  0.2153042E-07   0.7566896E-10   0.2160609E-07
    83800.00  0.2113434E-07   0.7519164E-10   0.2120953E-07
    84200.00  0.2075466E-07   0.7471966E-10   0.2082938E-07
    84600.00  0.2037486E-07   0.7425294E-10   0.2044911E-07
    85000.00  0.2000649E-07   0.7379139E-10   0.2008028E-07
    85400.00  0.1964779E-07   0.7333493E-10   0.1972112E-07
    85800.00  0.1929410E-07   0.7288349E-10   0.1936698E-07
    86200.00  0.1895460E-07   0.7243625E-10   0.1902704E-07
    86600.00  0.1861816E-07   0.7199462E-10   0.1869015E-07
    87000.00  0.1829008E-07   0.7155777E-10   0.1836164E-07
    87400.00  0.1796601E-07   0.7112563E-10   0.1803714E-07
    87800.00  0.1765003E-07   0.7069814E-10   0.1772073E-07
    88200.00  0.1733923E-07   0.7027523E-10   0.1740951E-07
    88600.00  0.1703789E-07   0.6985682E-10   0.1710775E-07
    89000.00  0.1674330E-07   0.6944243E-10   0.1681274E-07
    89400.00  0.1645671E-07   0.6903278E-10   0.1652574E-07
    89800.00  0.1616920E-07   0.6862744E-10   0.1623783E-07
    90200.00  0.1589919E-07   0.6822368E-10   0.1596741E-07
    90600.00  0.1562977E-07   0.6782678E-10   0.1569760E-07
    91000.00  0.1535386E-07   0.6743400E-10   0.1542129E-07
    91400.00  0.1510306E-07   0.6626058E-10   0.1516932E-07
    91800.00  0.1485236E-07   0.6588037E-10   0.1491824E-07
    92200.00  0.1460663E-07   0.6550581E-10   0.1467214E-07
    92600.00  0.1436262E-07   0.6513507E-10   0.1442776E-07
    93000.00  0.1412521E-07   0.6476808E-10   0.1418998E-07
    93400.00  0.1388975E-07   0.6440481E-10   0.1395415E-07
    93800.00  0.1366095E-07   0.6404518E-10   0.1372500E-07
    94200.00  0.1343696E-07   0.6368916E-10   0.1350065E-07
    94600.00  0.1321648E-07   0.6333669E-10   0.1327982E-07
    95000.00  0.1300222E-07   0.6298773E-10   0.1306521E-07
    95400.00  0.1279316E-07   0.6264221E-10   0.1285580E-07
    95800.00  0.1258834E-07   0.6230010E-10   0.1265064E-07
    96200.00  0.1238528E-07   0.6196135E-10   0.1244724E-07
    96600.00  0.1218738E-07   0.6162591E-10   0.1224901E-07
    97000.00  0.1199378E-07   0.6129373E-10   0.1205507E-07
    97400.00  0.1179563E-07   0.6096478E-10   0.1185659E-07
    97800.00  0.1161470E-07   0.6063900E-10   0.1167534E-07
    98200.00  0.1143264E-07   0.6031636E-10   0.1149296E-07
    98600.00  0.1125382E-07   0.5999680E-10   0.1131382E-07
    99000.00  0.1108075E-07   0.5968030E-10   0.1114043E-07
    99400.00  0.1090573E-07   0.5936680E-10   0.1096510E-07
    99800.00  0.1073654E-07   0.5905628E-10   0.1079560E-07
   100200.00  0.1057099E-07   0.1547762E-10   0.1058647E-07
   200000.00  0.7020501E-09   0.3884899E-11   0.7059350E-09
   400000.00  0.4479335E-10   0.9712247E-12   0.4576457E-10
   600000.00  0.8869970E-11   0.4316554E-12   0.9301625E-11
   800000.00  0.2803689E-11   0.2428062E-12   0.3046495E-11
  1000000.00  0.1146073E-11   0.1553960E-12   0.1301469E-11
  1200000.00  0.5513342E-12   0.1079139E-12   0.6592481E-12
  1400000.00  0.2968262E-12   0.7928365E-13   0.3761098E-12
  1600000.00  0.1735285E-12   0.6070154E-13   0.2342300E-12
