       91.00  0.3588852E-23   0.0000000E+00   0.3588852E-23
       94.00  0.3588852E-23   0.0000000E+00   0.3588852E-23
       96.00  0.3625860E-23   0.0000000E+00   0.3625860E-23
       98.00  0.3664791E-23   0.0000000E+00   0.3664791E-23
      100.00  0.4519771E-23   0.0000000E+00   0.4519771E-23
      102.00  0.1262784E-22   0.0000000E+00   0.1262784E-22
      104.00  0.6427162E-22   0.0000000E+00   0.6427162E-22
      106.00  0.3673273E-21   0.0000000E+00   0.3673273E-21
      108.00  0.2028840E-20   0.0000000E+00   0.2028840E-20
      110.00  0.1057061E-19   0.0000000E+00   0.1057061E-19
      114.00  0.2387049E-18   0.0000000E+00   0.2387049E-18
      118.00  0.4307525E-17   0.0000000E+00   0.4307525E-17
      121.00  0.3302826E-16   0.0000000E+00   0.3302826E-16
      125.00  0.9504979E-16   0.0000000E+00   0.9504979E-16
      127.00  0.2045377E-15   0.0000000E+00   0.2045377E-15
      128.00  0.1445896E-15   0.0000000E+00   0.1445896E-15
      131.00  0.1554106E-15   0.0000000E+00   0.1554106E-15
      132.00  0.2061978E-15   0.0000000E+00   0.2061978E-15
      134.00  0.5349397E-15   0.0000000E+00   0.5349397E-15
      137.00  0.2437714E-14   0.0000000E+00   0.2437714E-14
      140.00  0.1066480E-13   0.0000000E+00   0.1066480E-13
      143.00  0.4375894E-13   0.0000000E+00   0.4375894E-13
      147.00  0.2613877E-12   0.0000000E+00   0.2613877E-12
      151.00  0.1410833E-11   0.0000000E+00   0.1410833E-11
      155.00  0.6969726E-11   0.0000000E+00   0.6969726E-11
      159.00  0.3190604E-10   0.0000000E+00   0.3190604E-10
      162.00  0.9462346E-10   0.0000000E+00   0.9462346E-10
      166.00  0.6103749E-10   0.0000000E+00   0.6103749E-10
      170.00  0.2059645E-09   0.0000000E+00   0.2059645E-09
      173.00  0.1639202E-09   0.0000000E+00   0.1639202E-09
      177.00  0.4093740E-10   0.0000000E+00   0.4093740E-10
      180.00  0.5691021E-10   0.0000000E+00   0.5691021E-10
      182.00  0.9374072E-10   0.0000000E+00   0.9374072E-10
      186.00  0.1134794E-10   0.0000000E+00   0.1134794E-10
      191.00  0.6530369E-11   0.0000000E+00   0.6530369E-11
      194.00  0.7711440E-11   0.0000000E+00   0.7711440E-11
      198.00  0.4950646E-11   0.0000000E+00   0.4950646E-11
      202.00  0.1195836E-10   0.0000000E+00   0.1195836E-10
      205.00  0.2316113E-10   0.0000000E+00   0.2316113E-10
      210.00  0.6921623E-10   0.0000000E+00   0.6921623E-10
      216.00  0.2417074E-09   0.0000000E+00   0.2417074E-09
      220.00  0.5361489E-09   0.0000000E+00   0.5361489E-09
      223.00  0.9496241E-09   0.0000000E+00   0.9496241E-09
      227.00  0.9605389E-09   0.0000000E+00   0.9605389E-09
      228.00  0.8667702E-09   0.0000000E+00   0.8667702E-09
      228.00  0.9151178E-04   0.0000000E+00   0.9151178E-04
      230.00  0.1747618E-06   0.0000000E+00   0.1747618E-06
      234.00  0.1828488E-03   0.0000000E+00   0.1828488E-03
      240.00  0.1398392E-05   0.0000000E+00   0.1398392E-05
      246.00  0.2756750E-04   0.0000000E+00   0.2756750E-04
      252.00  0.2338704E-02   0.0000000E+00   0.2338704E-02
      257.00  0.5681760E-02   0.0000000E+00   0.5681760E-02
      260.00  0.1652012E-01   0.0000000E+00   0.1652012E-01
      264.00  0.4818528E-02   0.0000000E+00   0.4818528E-02
      269.00  0.1482169E-01   0.0000000E+00   0.1482169E-01
      274.00  0.1635539E-01   0.0000000E+00   0.1635539E-01
      279.00  0.2924138E-01   0.0000000E+00   0.2924138E-01
      284.00  0.3261504E-02   0.0000000E+00   0.3261504E-02
      290.00  0.1438317E-03   0.0000000E+00   0.1438317E-03
      296.00  0.2751803E-02   0.0000000E+00   0.2751803E-02
      301.00  0.2238344E-03   0.0000000E+00   0.2238344E-03
      308.00  0.1989060E-02   0.0000000E+00   0.1989060E-02
      318.00  0.3311039E-01   0.0000000E+00   0.3311039E-01
      328.00  0.2314752E-01   0.0000000E+00   0.2314752E-01
      338.00  0.1063160E+00   0.0000000E+00   0.1063160E+00
      348.00  0.6883784E-01   0.0000000E+00   0.6883784E-01
      353.30  0.5842779E-04   0.0000000E+00   0.5842779E-04
      353.30  0.1019498E-01   0.0000000E+00   0.1019498E-01
      357.00  0.2157637E-01   0.0000000E+00   0.2157637E-01
      366.00  0.4926074E-01   0.0000000E+00   0.4926074E-01
      375.00  0.2778596E-02   0.0000000E+00   0.2778596E-02
      385.00  0.2512742E-02   0.0000000E+00   0.2512742E-02
      395.00  0.1586779E-01   0.0000000E+00   0.1586779E-01
      405.00  0.2309405E-01   0.0000000E+00   0.2309405E-01
      414.00  0.3810036E-02   0.0000000E+00   0.3810036E-02
      422.00  0.9022625E-02   0.0000000E+00   0.9022625E-02
      430.00  0.2187856E-01   0.0000000E+00   0.2187856E-01
      441.00  0.6043346E-01   0.0000000E+00   0.6043346E-01
      451.00  0.8350061E-01   0.0000000E+00   0.8350061E-01
      460.00  0.7606355E-01   0.0000000E+00   0.7606355E-01
      470.00  0.9005815E-01   0.0000000E+00   0.9005815E-01
      480.00  0.5124512E-01   0.0000000E+00   0.5124512E-01
      490.00  0.9729670E-01   0.0000000E+00   0.9729670E-01
      500.00  0.5059665E-01   0.0000000E+00   0.5059665E-01
      504.60  0.5946171E-02   0.0000000E+00   0.5946171E-02
      504.60  0.2411566E-01   0.0000000E+00   0.2411566E-01
      506.00  0.3573474E-01   0.0000000E+00   0.3573474E-01
      512.00  0.7059199E-01   0.0000000E+00   0.7059199E-01
      520.00  0.3537128E-01   0.0000000E+00   0.3537128E-01
      530.00  0.5557752E-01   0.0000000E+00   0.5557752E-01
      540.00  0.7246292E-02   0.0000000E+00   0.7246292E-02
      550.00  0.3867798E-02   0.0000000E+00   0.3867798E-02
      560.00  0.4697750E-01   0.0000000E+00   0.4697750E-01
      570.00  0.4175057E-01   0.0000000E+00   0.4175057E-01
      580.00  0.2425744E-01   0.0000000E+00   0.2425744E-01
      590.00  0.4798934E-01   0.0000000E+00   0.4798934E-01
      600.00  0.6537518E-01   0.0000000E+00   0.6537518E-01
      610.00  0.6101445E-01   0.0000000E+00   0.6101445E-01
      620.00  0.6392131E-01   0.0000000E+00   0.6392131E-01
      630.00  0.3920039E-01   0.0000000E+00   0.3920039E-01
      640.00  0.5410456E-01   0.0000000E+00   0.5410456E-01
      650.00  0.7353646E-01   0.0000000E+00   0.7353646E-01
      658.00  0.9151747E-02   0.0000000E+00   0.9151747E-02
      665.00  0.6097545E-01   0.0000000E+00   0.6097545E-01
      675.00  0.4303956E-01   0.0000000E+00   0.4303956E-01
      685.00  0.4924432E-01   0.0000000E+00   0.4924432E-01
      695.00  0.5948352E-01   0.0000000E+00   0.5948352E-01
      705.00  0.6572531E-01   0.0000000E+00   0.6572531E-01
      716.00  0.5592884E-01   0.0000000E+00   0.5592884E-01
      726.00  0.3962262E-01   0.0000000E+00   0.3962262E-01
      735.00  0.3947847E-01   0.0000000E+00   0.3947847E-01
      745.00  0.1027870E-01   0.0000000E+00   0.1027870E-01
      755.00  0.4347456E-01   0.0000000E+00   0.4347456E-01
      765.00  0.5115690E-01   0.0000000E+00   0.5115690E-01
      775.00  0.3960918E-01   0.0000000E+00   0.3960918E-01
      785.00  0.7151250E-02   0.0000000E+00   0.7151250E-02
      795.00  0.4267168E-01   0.0000000E+00   0.4267168E-01
      805.00  0.1901866E-01   0.0000000E+00   0.1901866E-01
      815.00  0.4128483E-01   0.0000000E+00   0.4128483E-01
      825.00  0.3855696E-01   0.0000000E+00   0.3855696E-01
      835.00  0.6175678E-01   0.0000000E+00   0.6175678E-01
      845.00  0.1745492E-01   0.0000000E+00   0.1745492E-01
      855.00  0.1498733E-01   0.0000000E+00   0.1498733E-01
      865.00  0.4215916E-01   0.0000000E+00   0.4215916E-01
      875.00  0.4198894E-01   0.0000000E+00   0.4198894E-01
      885.00  0.3560027E-01   0.0000000E+00   0.3560027E-01
      895.00  0.3261398E-01   0.0000000E+00   0.3261398E-01
      905.00  0.3359681E-01   0.0000000E+00   0.3359681E-01
      912.40  0.3687944E-01   0.1708854E-13   0.3687944E-01
      912.40  0.3242369E+00   0.1708944E-13   0.3242369E+00
      915.00  0.3090537E+00   0.1957595E-13   0.3090537E+00
      925.00  0.2506561E+00   0.3275985E-13   0.2506561E+00
      935.00  0.2571230E+00   0.5420956E-13   0.2571230E+00
      945.00  0.1355200E+00   0.8873215E-13   0.1355200E+00
      955.00  0.1923248E+00   0.1437166E-12   0.1923248E+00
      965.00  0.2066574E+00   0.2304077E-12   0.2066574E+00
      975.00  0.6401433E-01   0.3657537E-12   0.6401433E-01
      985.00  0.4659143E-01   0.5750610E-12   0.4659143E-01
      995.00  0.2309046E+00   0.8957756E-12   0.2309046E+00
     1005.00  0.2303798E+00   0.1382822E-11   0.2303798E+00
     1015.00  0.1788122E+00   0.2116076E-11   0.1788122E+00
     1025.00  0.2268987E+00   0.3210753E-11   0.2268987E+00
     1035.00  0.1323586E+00   0.4831709E-11   0.1323586E+00
     1045.00  0.2663135E+00   0.7213007E-11   0.2663135E+00
     1055.00  0.2788404E+00   0.1068448E-10   0.2788404E+00
     1065.00  0.2229264E+00   0.1570754E-10   0.2229264E+00
     1075.00  0.2386212E+00   0.2292305E-10   0.2386212E+00
     1085.00  0.2043487E+00   0.3321510E-10   0.2043487E+00
     1095.00  0.2638563E+00   0.4779506E-10   0.2638563E+00
     1105.00  0.2301695E+00   0.6831205E-10   0.2301695E+00
     1115.00  0.1748032E+00   0.9699698E-10   0.1748032E+00
     1125.00  0.9700299E-01   0.1368492E-09   0.9700299E-01
     1135.00  0.2481303E+00   0.1918773E-09   0.2481303E+00
     1145.00  0.2455299E+00   0.2674076E-09   0.2455299E+00
     1155.00  0.9930988E-01   0.3704771E-09   0.9930988E-01
     1165.00  0.1075174E+00   0.5103325E-09   0.1075174E+00
     1175.00  0.1489692E+00   0.6990585E-09   0.1489692E+00
     1185.00  0.2080375E+00   0.9523672E-09   0.2080375E+00
     1195.00  0.1977473E+00   0.1290583E-08   0.1977473E+00
     1205.00  0.1360415E+00   0.1739867E-08   0.1360415E+00
     1215.00  0.1594934E+00   0.2333731E-08   0.1594934E+00
     1225.00  0.1432491E+00   0.5690131E-03   0.1438181E+00
     1235.00  0.1928315E+00   0.1085235E-02   0.1939167E+00
     1245.00  0.1287509E+00   0.1523899E-02   0.1302748E+00
     1255.00  0.1547181E+00   0.1898431E-02   0.1566165E+00
     1265.00  0.1928064E+00   0.2218785E-02   0.1950252E+00
     1275.00  0.2000984E+00   0.2492830E-02   0.2025912E+00
     1285.00  0.1207800E+00   0.2726989E-02   0.1235070E+00
     1295.00  0.1147462E+00   0.2926610E-02   0.1176728E+00
     1305.00  0.1735194E+00   0.3096201E-02   0.1766156E+00
     1315.00  0.1322856E+00   0.3239600E-02   0.1355252E+00
     1325.00  0.1273281E+00   0.3360096E-02   0.1306882E+00
     1335.00  0.1839686E+00   0.3460525E-02   0.1874291E+00
     1345.00  0.1182792E+00   0.3543344E-02   0.1218225E+00
     1355.00  0.1619250E+00   0.3610686E-02   0.1655357E+00
     1365.00  0.1549426E+00   0.3664416E-02   0.1586070E+00
     1375.00  0.1384070E+00   0.3706161E-02   0.1421132E+00
     1385.00  0.1371435E+00   0.3737352E-02   0.1408809E+00
     1395.00  0.1326244E+00   0.3759244E-02   0.1363836E+00
     1405.00  0.1649198E+00   0.3772943E-02   0.1686927E+00
     1415.00  0.9712190E-01   0.3779426E-02   0.1009013E+00
     1425.00  0.9204359E-01   0.3779557E-02   0.9582315E-01
     1435.00  0.1280670E+00   0.3774100E-02   0.1318411E+00
     1442.00  0.1331434E+00   0.3767321E-02   0.1369107E+00
     1447.00  0.1256382E+00   0.3761124E-02   0.1293993E+00
     1455.00  0.1311337E+00   0.3749058E-02   0.1348828E+00
     1465.00  0.1042411E+00   0.3730611E-02   0.1079717E+00
     1475.00  0.1326461E+00   0.3708871E-02   0.1363550E+00
     1485.00  0.1028304E+00   0.3684264E-02   0.1065147E+00
     1495.00  0.1281648E+00   0.3657170E-02   0.1318220E+00
     1505.00  0.1161303E+00   0.3627932E-02   0.1197582E+00
     1512.00  0.9449866E-01   0.3606356E-02   0.9810502E-01
     1517.00  0.9800374E-01   0.3590447E-02   0.1015942E+00
     1525.00  0.6288518E-01   0.3564222E-02   0.6644940E-01
     1535.00  0.7397942E-01   0.3530275E-02   0.7750970E-01
     1545.00  0.4433740E-01   0.3495243E-02   0.4783264E-01
     1555.00  0.1102220E+00   0.3459331E-02   0.1136813E+00
     1565.00  0.5829169E-01   0.3422728E-02   0.6171442E-01
     1575.00  0.8902092E-01   0.3385606E-02   0.9240653E-01
     1585.00  0.6287090E-01   0.3348126E-02   0.6621903E-01
     1595.00  0.1011056E+00   0.3310436E-02   0.1044160E+00
     1605.00  0.1070596E+00   0.3272676E-02   0.1103323E+00
     1615.00  0.1078746E+00   0.3234980E-02   0.1111096E+00
     1625.00  0.1054111E+00   0.3197474E-02   0.1086086E+00
     1635.00  0.1140775E+00   0.3160283E-02   0.1172378E+00
     1645.00  0.1118261E+00   0.3123529E-02   0.1149496E+00
     1655.00  0.1067565E+00   0.3087330E-02   0.1098438E+00
     1665.00  0.1043469E+00   0.3051810E-02   0.1073987E+00
     1672.00  0.1016548E+00   0.3027416E-02   0.1046822E+00
     1677.00  0.1048511E+00   0.3010255E-02   0.1078614E+00
     1685.00  0.1024780E+00   0.2983301E-02   0.1054613E+00
     1695.00  0.9836646E-01   0.2950572E-02   0.1013170E+00
     1705.00  0.9356514E-01   0.2919041E-02   0.9648418E-01
     1715.00  0.9498513E-01   0.2888856E-02   0.9787399E-01
     1725.00  0.9969899E-01   0.2860173E-02   0.1025592E+00
     1735.00  0.9561511E-01   0.2833159E-02   0.9844827E-01
     1745.00  0.9103317E-01   0.2807993E-02   0.9384116E-01
     1755.00  0.9315304E-01   0.2784871E-02   0.9593791E-01
     1765.00  0.8924734E-01   0.2764004E-02   0.9201134E-01
     1775.00  0.8580388E-01   0.2745618E-02   0.8854950E-01
     1785.00  0.8598186E-01   0.2729965E-02   0.8871182E-01
     1795.00  0.8734814E-01   0.2717306E-02   0.9006545E-01
     1805.00  0.8756138E-01   0.2707936E-02   0.9026932E-01
     1815.00  0.8238217E-01   0.2702182E-02   0.8508435E-01
     1825.00  0.8386690E-01   0.2700391E-02   0.8656729E-01
     1835.00  0.7910686E-01   0.2702945E-02   0.8180981E-01
     1845.00  0.7644210E-01   0.2710259E-02   0.7915236E-01
     1855.00  0.7486562E-01   0.2722783E-02   0.7758840E-01
     1865.00  0.7331721E-01   0.2741010E-02   0.7605822E-01
     1875.00  0.7733318E-01   0.2765472E-02   0.8009865E-01
     1885.00  0.7245838E-01   0.2796748E-02   0.7525513E-01
     1895.00  0.6930510E-01   0.2835468E-02   0.7214057E-01
     1905.00  0.7260250E-01   0.2882313E-02   0.7548481E-01
     1915.00  0.6803827E-01   0.2938020E-02   0.7097629E-01
     1925.00  0.6667754E-01   0.3003389E-02   0.6968093E-01
     1935.00  0.6772023E-01   0.3079280E-02   0.7079951E-01
     1945.00  0.6730932E-01   0.3166654E-02   0.7047597E-01
     1955.00  0.6434427E-01   0.3266534E-02   0.6761080E-01
     1967.00  0.6685403E-01   0.3404400E-02   0.7025843E-01
     1976.00  0.6748398E-01   0.3521841E-02   0.7100582E-01
     1984.00  0.6490341E-01   0.3637169E-02   0.6854058E-01
     1995.00  0.6348894E-01   0.3813874E-02   0.6730281E-01
     2005.00  0.6499038E-01   0.3994204E-02   0.6898458E-01
     2015.00  0.6276874E-01   0.4194895E-02   0.6696364E-01
     2025.00  0.6339388E-01   0.4417617E-02   0.6781150E-01
     2035.00  0.5994468E-01   0.4664131E-02   0.6460881E-01
     2045.00  0.6055089E-01   0.4936358E-02   0.6548725E-01
     2055.00  0.5916858E-01   0.1765898E-02   0.6093448E-01
     2065.00  0.5857117E-01   0.1742299E-02   0.6031347E-01
     2074.00  0.6049423E-01   0.1721398E-02   0.6221563E-01
     2078.00  0.5683008E-01   0.1712211E-02   0.5854229E-01
     2085.00  0.5819091E-01   0.1696285E-02   0.5988719E-01
     2095.00  0.5624999E-01   0.1673863E-02   0.5792385E-01
     2105.00  0.5697220E-01   0.1651825E-02   0.5862403E-01
     2115.00  0.5652872E-01   0.1630170E-02   0.5815889E-01
     2125.00  0.5608846E-01   0.1608891E-02   0.5769735E-01
     2135.00  0.5470311E-01   0.1587988E-02   0.5629110E-01
     2145.00  0.5345468E-01   0.1567455E-02   0.5502214E-01
     2155.00  0.5407532E-01   0.1547291E-02   0.5562261E-01
     2165.00  0.5348680E-01   0.1527492E-02   0.5501429E-01
     2175.00  0.5273882E-01   0.1508056E-02   0.5424688E-01
     2185.00  0.5129483E-01   0.1488980E-02   0.5278381E-01
     2195.00  0.5179984E-01   0.1470261E-02   0.5327010E-01
     2205.00  0.5108514E-01   0.1451898E-02   0.5253704E-01
     2215.00  0.5035997E-01   0.1433888E-02   0.5179386E-01
     2225.00  0.4914278E-01   0.1416229E-02   0.5055901E-01
     2235.00  0.4875611E-01   0.1398921E-02   0.5015503E-01
     2245.00  0.4824700E-01   0.1381960E-02   0.4962896E-01
     2255.00  0.4716941E-01   0.1365347E-02   0.4853476E-01
     2265.00  0.4717091E-01   0.1349080E-02   0.4851999E-01
     2275.00  0.4680876E-01   0.1333158E-02   0.4814192E-01
     2285.00  0.4657846E-01   0.1317581E-02   0.4789604E-01
     2295.00  0.4467364E-01   0.1302348E-02   0.4597599E-01
     2305.00  0.4533786E-01   0.1287460E-02   0.4662532E-01
     2315.00  0.4374906E-01   0.1272915E-02   0.4502198E-01
     2325.00  0.3819243E-01   0.1258716E-02   0.3945115E-01
     2335.00  0.4137834E-01   0.1244862E-02   0.4262320E-01
     2345.00  0.4126792E-01   0.1231354E-02   0.4249927E-01
     2355.00  0.4129027E-01   0.1218194E-02   0.4250846E-01
     2365.00  0.4046540E-01   0.1205382E-02   0.4167078E-01
     2375.00  0.4013017E-01   0.1192921E-02   0.4132309E-01
     2385.00  0.3993974E-01   0.1180812E-02   0.4112055E-01
     2395.00  0.3993696E-01   0.1169058E-02   0.4110602E-01
     2405.00  0.3862068E-01   0.1157661E-02   0.3977834E-01
     2415.00  0.3842872E-01   0.1146625E-02   0.3957535E-01
     2425.00  0.3824724E-01   0.1135952E-02   0.3938319E-01
     2435.00  0.3717026E-01   0.1125645E-02   0.3829591E-01
     2445.00  0.3747912E-01   0.1115709E-02   0.3859483E-01
     2455.00  0.3709830E-01   0.1106146E-02   0.3820445E-01
     2465.00  0.3652756E-01   0.1096961E-02   0.3762452E-01
     2475.00  0.3580075E-01   0.1088158E-02   0.3688891E-01
     2485.00  0.3574958E-01   0.1079743E-02   0.3682932E-01
     2495.00  0.3367509E-01   0.1071720E-02   0.3474681E-01
     2505.00  0.3539394E-01   0.1064095E-02   0.3645803E-01
     2513.00  0.3464108E-01   0.1058285E-02   0.3569936E-01
     2518.00  0.3524207E-01   0.1054786E-02   0.3629686E-01
     2525.00  0.3417211E-01   0.1050061E-02   0.3522217E-01
     2535.00  0.3354152E-01   0.1043664E-02   0.3458518E-01
     2545.00  0.3261702E-01   0.1037691E-02   0.3365471E-01
     2555.00  0.3304132E-01   0.1032148E-02   0.3407347E-01
     2565.00  0.3259230E-01   0.1027041E-02   0.3361934E-01
     2575.00  0.3267498E-01   0.1022379E-02   0.3369736E-01
     2585.00  0.3230187E-01   0.1018169E-02   0.3332004E-01
     2595.00  0.3206302E-01   0.1014420E-02   0.3307744E-01
     2605.00  0.3145341E-01   0.9215425E-03   0.3237495E-01
     2615.00  0.3109873E-01   0.9140296E-03   0.3201276E-01
     2625.00  0.3096594E-01   0.9068030E-03   0.3187274E-01
     2635.00  0.3076321E-01   0.8998661E-03   0.3166308E-01
     2645.00  0.3082720E-01   0.8932223E-03   0.3172042E-01
     2655.00  0.3062074E-01   0.8868754E-03   0.3150762E-01
     2665.00  0.2961709E-01   0.8808292E-03   0.3049792E-01
     2675.00  0.2981257E-01   0.8750879E-03   0.3068766E-01
     2685.00  0.2946369E-01   0.8696559E-03   0.3033335E-01
     2695.00  0.2891742E-01   0.8645379E-03   0.2978196E-01
     2705.00  0.2882867E-01   0.8597387E-03   0.2968841E-01
     2715.00  0.2869084E-01   0.8552635E-03   0.2954610E-01
     2725.00  0.2863764E-01   0.8511175E-03   0.2948876E-01
     2735.00  0.2899460E-01   0.8473065E-03   0.2984191E-01
     2745.00  0.2763136E-01   0.8438362E-03   0.2847520E-01
     2755.00  0.2703512E-01   0.8407128E-03   0.2787583E-01
     2765.00  0.2675706E-01   0.8379425E-03   0.2759500E-01
     2775.00  0.2676572E-01   0.8355320E-03   0.2760125E-01
     2785.00  0.2643206E-01   0.8334882E-03   0.2726555E-01
     2795.00  0.2545372E-01   0.8318181E-03   0.2628554E-01
     2805.00  0.2558933E-01   0.8305292E-03   0.2641986E-01
     2815.00  0.2570214E-01   0.8296290E-03   0.2653177E-01
     2825.00  0.2544285E-01   0.8291254E-03   0.2627198E-01
     2835.00  0.2460380E-01   0.8290267E-03   0.2543283E-01
     2845.00  0.2448644E-01   0.8293411E-03   0.2531578E-01
     2855.00  0.2431689E-01   0.8300747E-03   0.2514696E-01
     2865.00  0.2441157E-01   0.8312358E-03   0.2524281E-01
     2875.00  0.2405916E-01   0.8328362E-03   0.2489200E-01
     2885.00  0.2383972E-01   0.8348853E-03   0.2467461E-01
     2895.00  0.2350720E-01   0.8373927E-03   0.2434459E-01
     2910.00  0.2330362E-01   0.8420352E-03   0.2414566E-01
     2930.00  0.2285179E-01   0.8499250E-03   0.2370171E-01
     2950.00  0.2226110E-01   0.8598367E-03   0.2312094E-01
     2970.00  0.2204192E-01   0.8718613E-03   0.2291378E-01
     2990.00  0.2168875E-01   0.8860940E-03   0.2257484E-01
     3010.00  0.2105892E-01   0.9026347E-03   0.2196155E-01
     3030.00  0.2079024E-01   0.9215875E-03   0.2171183E-01
     3050.00  0.2039978E-01   0.9430618E-03   0.2134284E-01
     3070.00  0.2011737E-01   0.9671712E-03   0.2108454E-01
     3090.00  0.1955306E-01   0.9940333E-03   0.2054709E-01
     3110.00  0.1920166E-01   0.1023771E-02   0.2022543E-01
     3130.00  0.1882203E-01   0.1032019E-02   0.1985405E-01
     3150.00  0.1854224E-01   0.1066060E-02   0.1960830E-01
     3170.00  0.1804623E-01   0.1103264E-02   0.1914949E-01
     3190.00  0.1813481E-01   0.1143767E-02   0.1927858E-01
     3210.00  0.1849095E-01   0.1187712E-02   0.1967866E-01
     3230.00  0.1737771E-01   0.1235244E-02   0.1861295E-01
     3250.00  0.1686326E-01   0.1286512E-02   0.1814977E-01
     3270.00  0.1649906E-01   0.1341652E-02   0.1784071E-01
     3290.00  0.1619338E-01   0.1400826E-02   0.1759421E-01
     3310.00  0.1593233E-01   0.1464203E-02   0.1739653E-01
     3330.00  0.1566608E-01   0.1531950E-02   0.1719803E-01
     3350.00  0.1534011E-01   0.1604238E-02   0.1694435E-01
     3370.00  0.1504374E-01   0.1681239E-02   0.1672498E-01
     3390.00  0.1480368E-01   0.1763133E-02   0.1656681E-01
     3410.00  0.1457664E-01   0.1850102E-02   0.1642674E-01
     3430.00  0.1420591E-01   0.1744558E-02   0.1595047E-01
     3450.00  0.1403711E-01   0.1829103E-02   0.1586621E-01
     3470.00  0.1395566E-01   0.1918603E-02   0.1587426E-01
     3490.00  0.1401020E-01   0.2013232E-02   0.1602343E-01
     3510.00  0.1350072E-01   0.2113168E-02   0.1561389E-01
     3530.00  0.1317969E-01   0.2218617E-02   0.1539831E-01
     3550.00  0.1293112E-01   0.2329738E-02   0.1526086E-01
     3570.00  0.1270673E-01   0.2446716E-02   0.1515345E-01
     3590.00  0.1242312E-01   0.2569740E-02   0.1499286E-01
     3610.00  0.1220650E-01   0.2698999E-02   0.1490550E-01
     3630.00  0.1204318E-01   0.2834687E-02   0.1487787E-01
     3640.00  0.1197846E-01   0.2905004E-02   0.1488346E-01
     3650.00  0.1311172E-01   0.3415016E-03   0.1345322E-01
     3670.00  0.1277262E-01   0.3384806E-03   0.1311110E-01
     3690.00  0.1236037E-01   0.2969801E-03   0.1265735E-01
     3710.00  0.1269341E-01   0.2921580E-03   0.1298557E-01
     3730.00  0.1260614E-01   0.2874576E-03   0.1289360E-01
     3750.00  0.1314967E-01   0.2828765E-03   0.1343255E-01
     3770.00  0.1298423E-01   0.2784120E-03   0.1326264E-01
     3790.00  0.1309509E-01   0.2740617E-03   0.1336915E-01
     3810.00  0.1334420E-01   0.2698233E-03   0.1361402E-01
     3830.00  0.1237777E-01   0.2656944E-03   0.1264346E-01
     3850.00  0.1308170E-01   0.2616729E-03   0.1334337E-01
     3870.00  0.1291633E-01   0.2577566E-03   0.1317409E-01
     3890.00  0.1181642E-01   0.2539436E-03   0.1207036E-01
     3910.00  0.1276439E-01   0.2502317E-03   0.1301462E-01
     3930.00  0.1233070E-01   0.2466193E-03   0.1257732E-01
     3950.00  0.1225542E-01   0.2431043E-03   0.1249852E-01
     3970.00  0.1087759E-01   0.2396852E-03   0.1111728E-01
     3990.00  0.1187879E-01   0.2363605E-03   0.1211515E-01
     4010.00  0.1179127E-01   0.2331282E-03   0.1202440E-01
     4030.00  0.1160605E-01   0.2299867E-03   0.1183604E-01
     4050.00  0.1180511E-01   0.2269346E-03   0.1203204E-01
     4070.00  0.1122928E-01   0.2239702E-03   0.1145325E-01
     4090.00  0.1073955E-01   0.2210923E-03   0.1096064E-01
     4110.00  0.1013398E-01   0.2182995E-03   0.1035228E-01
     4130.00  0.1057657E-01   0.2155904E-03   0.1079216E-01
     4150.00  0.1043905E-01   0.2129638E-03   0.1065201E-01
     4170.00  0.1033094E-01   0.2104184E-03   0.1054136E-01
     4190.00  0.1026699E-01   0.2079531E-03   0.1047494E-01
     4210.00  0.1014924E-01   0.2055667E-03   0.1035481E-01
     4230.00  0.9895174E-02   0.2032581E-03   0.1009843E-01
     4250.00  0.9687562E-02   0.2010263E-03   0.9888588E-02
     4270.00  0.9428601E-02   0.1988703E-03   0.9627471E-02
     4290.00  0.9363811E-02   0.1967890E-03   0.9560600E-02
     4310.00  0.9140316E-02   0.1947815E-03   0.9335098E-02
     4330.00  0.8737421E-02   0.1928469E-03   0.8930268E-02
     4350.00  0.8279166E-02   0.1909844E-03   0.8470150E-02
     4370.00  0.8755798E-02   0.1891930E-03   0.8944991E-02
     4390.00  0.8646200E-02   0.1874719E-03   0.8833672E-02
     4410.00  0.8570946E-02   0.1858205E-03   0.8756766E-02
     4430.00  0.8416624E-02   0.1842378E-03   0.8600862E-02
     4450.00  0.8310500E-02   0.1827231E-03   0.8493223E-02
     4470.00  0.8159181E-02   0.1812758E-03   0.8340457E-02
     4490.00  0.8100398E-02   0.1798951E-03   0.8280293E-02
     4510.00  0.8032498E-02   0.1785804E-03   0.8211078E-02
     4530.00  0.7910734E-02   0.1773311E-03   0.8088065E-02
     4550.00  0.7824834E-02   0.1761465E-03   0.8000980E-02
     4570.00  0.7673328E-02   0.1750260E-03   0.7848354E-02
     4590.00  0.7525078E-02   0.1739691E-03   0.7699047E-02
     4610.00  0.7633914E-02   0.1729752E-03   0.7806889E-02
     4630.00  0.7853720E-02   0.1720437E-03   0.8025764E-02
     4650.00  0.7646454E-02   0.1711742E-03   0.7817628E-02
     4670.00  0.7643436E-02   0.1703661E-03   0.7813802E-02
     4690.00  0.7792863E-02   0.1696190E-03   0.7962482E-02
     4710.00  0.7258256E-02   0.1689323E-03   0.7427188E-02
     4730.00  0.6927612E-02   0.1683057E-03   0.7095918E-02
     4750.00  0.6723032E-02   0.1677386E-03   0.6890771E-02
     4770.00  0.6650392E-02   0.1672307E-03   0.6817623E-02
     4790.00  0.6530064E-02   0.1667815E-03   0.6696846E-02
     4810.00  0.6401814E-02   0.1663905E-03   0.6568205E-02
     4830.00  0.6317556E-02   0.1660573E-03   0.6483613E-02
     4850.00  0.6113480E-02   0.1657816E-03   0.6279262E-02
     4870.00  0.5724603E-02   0.1655630E-03   0.5890166E-02
     4890.00  0.6088770E-02   0.1654013E-03   0.6254171E-02
     4910.00  0.6006010E-02   0.1652960E-03   0.6171306E-02
     4930.00  0.5868320E-02   0.1652468E-03   0.6033567E-02
     4950.00  0.5842104E-02   0.1652535E-03   0.6007357E-02
     4970.00  0.5767184E-02   0.1653156E-03   0.5932500E-02
     4990.00  0.5657954E-02   0.1654328E-03   0.5823387E-02
     5010.00  0.5484809E-02   0.1656049E-03   0.5650414E-02
     5030.00  0.5494916E-02   0.1658316E-03   0.5660748E-02
     5050.00  0.5374658E-02   0.1661125E-03   0.5540771E-02
     5070.00  0.5357480E-02   0.1664476E-03   0.5523928E-02
     5090.00  0.5280230E-02   0.1668370E-03   0.5447067E-02
     5110.00  0.5198139E-02   0.1672798E-03   0.5365419E-02
     5130.00  0.5101398E-02   0.1677758E-03   0.5269174E-02
     5150.00  0.5036238E-02   0.1683248E-03   0.5204563E-02
     5170.00  0.4990080E-02   0.1689263E-03   0.5159006E-02
     5190.00  0.4927692E-02   0.1695803E-03   0.5097272E-02
     5210.00  0.4851763E-02   0.1702864E-03   0.5022049E-02
     5230.00  0.4804848E-02   0.1710444E-03   0.4975892E-02
     5250.00  0.4751680E-02   0.1718540E-03   0.4923534E-02
     5270.00  0.4667188E-02   0.1727151E-03   0.4839903E-02
     5290.00  0.4634644E-02   0.1736273E-03   0.4808271E-02
     5310.00  0.4570332E-02   0.1745905E-03   0.4744922E-02
     5330.00  0.4508896E-02   0.1756044E-03   0.4684500E-02
     5350.00  0.4447602E-02   0.1766688E-03   0.4624271E-02
     5370.00  0.4409948E-02   0.1777832E-03   0.4587731E-02
     5390.00  0.4385094E-02   0.1789466E-03   0.4564041E-02
     5410.00  0.4382748E-02   0.1801597E-03   0.4562908E-02
     5430.00  0.4305966E-02   0.1814222E-03   0.4487388E-02
     5450.00  0.4212638E-02   0.1827340E-03   0.4395372E-02
     5470.00  0.4133765E-02   0.1840949E-03   0.4317860E-02
     5490.00  0.4077666E-02   0.1855045E-03   0.4263171E-02
     5510.00  0.4026669E-02   0.1869628E-03   0.4213632E-02
     5530.00  0.3974357E-02   0.1884694E-03   0.4162826E-02
     5550.00  0.3932817E-02   0.1900242E-03   0.4122841E-02
     5570.00  0.3878268E-02   0.1916269E-03   0.4069895E-02
     5590.00  0.3833278E-02   0.1932773E-03   0.4026555E-02
     5610.00  0.3785940E-02   0.1949753E-03   0.3980915E-02
     5630.00  0.3744916E-02   0.1967205E-03   0.3941637E-02
     5650.00  0.3675891E-02   0.1985128E-03   0.3874404E-02
     5670.00  0.3628137E-02   0.2003520E-03   0.3828489E-02
     5690.00  0.3590748E-02   0.2022379E-03   0.3792986E-02
     5710.00  0.3559419E-02   0.1057696E-03   0.3665189E-02
     5730.00  0.3531603E-02   0.1057103E-03   0.3637313E-02
     5750.00  0.3498807E-02   0.1056722E-03   0.3604479E-02
     5770.00  0.3477044E-02   0.1056550E-03   0.3582699E-02
     5790.00  0.3444771E-02   0.1056584E-03   0.3550429E-02
     5810.00  0.3409635E-02   0.1056824E-03   0.3515317E-02
     5830.00  0.3337446E-02   0.1057266E-03   0.3443173E-02
     5850.00  0.3295153E-02   0.1057909E-03   0.3400944E-02
     5870.00  0.3283503E-02   0.1058750E-03   0.3389378E-02
     5890.00  0.3261304E-02   0.1059788E-03   0.3367283E-02
     5910.00  0.3199154E-02   0.1061022E-03   0.3305256E-02
     5930.00  0.3134598E-02   0.1062447E-03   0.3240843E-02
     5950.00  0.3080982E-02   0.1064064E-03   0.3187388E-02
     5970.00  0.3057516E-02   0.1065870E-03   0.3164103E-02
     5990.00  0.3011108E-02   0.1067863E-03   0.3117894E-02
     6010.00  0.2984086E-02   0.1070041E-03   0.3091090E-02
     6030.00  0.2947357E-02   0.1072402E-03   0.3054597E-02
     6050.00  0.2914770E-02   0.1074946E-03   0.3022265E-02
     6070.00  0.2884930E-02   0.1077669E-03   0.2992697E-02
     6090.00  0.2849098E-02   0.1080570E-03   0.2957155E-02
     6110.00  0.2817831E-02   0.1083647E-03   0.2926196E-02
     6130.00  0.2784912E-02   0.1086900E-03   0.2893602E-02
     6150.00  0.2737964E-02   0.1090325E-03   0.2846996E-02
     6170.00  0.2717711E-02   0.1093921E-03   0.2827103E-02
     6190.00  0.2693370E-02   0.1097687E-03   0.2803139E-02
     6210.00  0.2664372E-02   0.1101621E-03   0.2774534E-02
     6230.00  0.2637801E-02   0.1105722E-03   0.2748373E-02
     6250.00  0.2600275E-02   0.1109987E-03   0.2711274E-02
     6270.00  0.2577093E-02   0.1114415E-03   0.2688534E-02
     6290.00  0.2548479E-02   0.1119005E-03   0.2660379E-02
     6310.00  0.2517642E-02   0.1123754E-03   0.2630017E-02
     6330.00  0.2489405E-02   0.1128662E-03   0.2602271E-02
     6350.00  0.2443306E-02   0.1133727E-03   0.2556679E-02
     6370.00  0.2431439E-02   0.1138948E-03   0.2545334E-02
     6390.00  0.2419763E-02   0.1144322E-03   0.2534195E-02
     6410.00  0.2389396E-02   0.1149848E-03   0.2504381E-02
     6430.00  0.2362878E-02   0.1155526E-03   0.2478431E-02
     6450.00  0.2329889E-02   0.1161352E-03   0.2446024E-02
     6470.00  0.2304236E-02   0.1167327E-03   0.2420969E-02
     6490.00  0.2277563E-02   0.1173448E-03   0.2394908E-02
     6510.00  0.2264808E-02   0.1179714E-03   0.2382779E-02
     6530.00  0.2265513E-02   0.1186111E-03   0.2384124E-02
     6550.00  0.2247548E-02   0.1192645E-03   0.2366812E-02
     6570.00  0.2090053E-02   0.1199319E-03   0.2209985E-02
     6590.00  0.2199592E-02   0.1206131E-03   0.2320205E-02
     6610.00  0.2164592E-02   0.1213080E-03   0.2285900E-02
     6630.00  0.2129616E-02   0.1220164E-03   0.2251632E-02
     6650.00  0.2109081E-02   0.1213231E-03   0.2230404E-02
     6670.00  0.2088047E-02   0.1220441E-03   0.2210091E-02
     6690.00  0.2068211E-02   0.1227782E-03   0.2190989E-02
     6710.00  0.2043547E-02   0.1235253E-03   0.2167072E-02
     6730.00  0.2012258E-02   0.1242852E-03   0.2136543E-02
     6750.00  0.1988867E-02   0.1250580E-03   0.2113925E-02
     6770.00  0.1968616E-02   0.1258433E-03   0.2094459E-02
     6790.00  0.1937452E-02   0.1266411E-03   0.2064093E-02
     6810.00  0.1924328E-02   0.1274513E-03   0.2051779E-02
     6830.00  0.1905120E-02   0.1282737E-03   0.2033394E-02
     6850.00  0.1887332E-02   0.1291083E-03   0.2016440E-02
     6870.00  0.1873290E-02   0.1299547E-03   0.2003245E-02
     6890.00  0.1859530E-02   0.1308131E-03   0.1990343E-02
     6910.00  0.1838794E-02   0.1316831E-03   0.1970477E-02
     6930.00  0.1814726E-02   0.1325648E-03   0.1947291E-02
     6950.00  0.1795804E-02   0.1334579E-03   0.1929262E-02
     6970.00  0.1777320E-02   0.1343624E-03   0.1911682E-02
     6990.00  0.1759115E-02   0.1352781E-03   0.1894393E-02
     7010.00  0.1738112E-02   0.1362050E-03   0.1874317E-02
     7030.00  0.1722507E-02   0.1371429E-03   0.1859650E-02
     7050.00  0.1731491E-02   0.1380918E-03   0.1869583E-02
     7070.00  0.1735996E-02   0.1390514E-03   0.1875047E-02
     7090.00  0.1758509E-02   0.1400216E-03   0.1898531E-02
     7110.00  0.1745066E-02   0.1410023E-03   0.1886068E-02
     7130.00  0.1713777E-02   0.1419934E-03   0.1855770E-02
     7150.00  0.1674474E-02   0.1429947E-03   0.1817469E-02
     7170.00  0.1643992E-02   0.1440062E-03   0.1787998E-02
     7190.00  0.1616722E-02   0.1450277E-03   0.1761750E-02
     7210.00  0.1590482E-02   0.1460591E-03   0.1736541E-02
     7230.00  0.1554288E-02   0.1471003E-03   0.1701388E-02
     7250.00  0.1548010E-02   0.1481512E-03   0.1696161E-02
     7270.00  0.1533665E-02   0.1492116E-03   0.1682877E-02
     7290.00  0.1510522E-02   0.1502816E-03   0.1660804E-02
     7310.00  0.1501323E-02   0.1513608E-03   0.1652684E-02
     7330.00  0.1486036E-02   0.1524493E-03   0.1638485E-02
     7350.00  0.1472431E-02   0.1535469E-03   0.1625978E-02
     7370.00  0.1458562E-02   0.1546535E-03   0.1613216E-02
     7390.00  0.1443593E-02   0.1557690E-03   0.1599362E-02
     7410.00  0.1429027E-02   0.1568933E-03   0.1585920E-02
     7430.00  0.1414453E-02   0.1580263E-03   0.1572479E-02
     7450.00  0.1402085E-02   0.1586138E-03   0.1560699E-02
     7470.00  0.1386414E-02   0.1597592E-03   0.1546173E-02
     7490.00  0.1375429E-02   0.1609129E-03   0.1536342E-02
     7510.00  0.1362813E-02   0.1620750E-03   0.1524888E-02
     7530.00  0.1351195E-02   0.1632452E-03   0.1514440E-02
     7550.00  0.1342395E-02   0.1644234E-03   0.1506818E-02
     7570.00  0.1335941E-02   0.1656097E-03   0.1501551E-02
     7590.00  0.1331253E-02   0.1668037E-03   0.1498057E-02
     7610.00  0.1319385E-02   0.1680049E-03   0.1487390E-02
     7630.00  0.1301267E-02   0.1692130E-03   0.1470480E-02
     7650.00  0.1283472E-02   0.1704286E-03   0.1453901E-02
     7670.00  0.1267696E-02   0.1716516E-03   0.1439348E-02
     7690.00  0.1255406E-02   0.1728819E-03   0.1428288E-02
     7710.00  0.1242720E-02   0.1741194E-03   0.1416839E-02
     7730.00  0.1231313E-02   0.1753639E-03   0.1406677E-02
     7750.00  0.1219603E-02   0.1766155E-03   0.1396218E-02
     7770.00  0.1199926E-02   0.1778739E-03   0.1377800E-02
     7790.00  0.1198272E-02   0.1791392E-03   0.1377411E-02
     7810.00  0.1186772E-02   0.1804111E-03   0.1367183E-02
     7830.00  0.1175826E-02   0.1816897E-03   0.1357516E-02
     7850.00  0.1162439E-02   0.1829747E-03   0.1345414E-02
     7870.00  0.1151201E-02   0.1786936E-03   0.1329895E-02
     7890.00  0.1139321E-02   0.1799480E-03   0.1319269E-02
     7910.00  0.1131698E-02   0.1812087E-03   0.1312907E-02
     7930.00  0.1121691E-02   0.1824754E-03   0.1304166E-02
     7950.00  0.1109657E-02   0.1837482E-03   0.1293405E-02
     7970.00  0.1103182E-02   0.1850269E-03   0.1288209E-02
     7990.00  0.1090103E-02   0.1863114E-03   0.1276414E-02
     8010.00  0.1083668E-02   0.1876016E-03   0.1271270E-02
     8030.00  0.1074386E-02   0.1888975E-03   0.1263284E-02
     8050.00  0.1065022E-02   0.1901990E-03   0.1255221E-02
     8070.00  0.1056625E-02   0.1915060E-03   0.1248131E-02
     8090.00  0.1046020E-02   0.1928183E-03   0.1238838E-02
     8110.00  0.1036672E-02   0.1941360E-03   0.1230808E-02
     8130.00  0.1029643E-02   0.1954588E-03   0.1225102E-02
     8150.00  0.1020245E-02   0.1967868E-03   0.1217032E-02
     8170.00  0.1013871E-02   0.1981198E-03   0.1211991E-02
     8190.00  0.1004113E-02   0.1994578E-03   0.1203571E-02
     8210.00  0.1013661E-02   0.1670335E-03   0.1180695E-02
     8230.00  0.1010681E-02   0.3545308E-04   0.1046134E-02
     8250.00  0.1006863E-02   0.3541746E-04   0.1042280E-02
     8270.00  0.9916398E-03   0.3538386E-04   0.1027024E-02
     8290.00  0.9795888E-03   0.3394571E-04   0.1013535E-02
     8310.00  0.9671934E-03   0.3390580E-04   0.1001099E-02
     8330.00  0.9551415E-03   0.3386783E-04   0.9890093E-03
     8350.00  0.9449886E-03   0.3383175E-04   0.9788204E-03
     8370.00  0.9327452E-03   0.3379755E-04   0.9665428E-03
     8390.00  0.9247791E-03   0.3376521E-04   0.9585443E-03
     8410.00  0.9162169E-03   0.3373469E-04   0.9499516E-03
     8430.00  0.9106002E-03   0.3370597E-04   0.9443062E-03
     8450.00  0.8988409E-03   0.3367903E-04   0.9325199E-03
     8470.00  0.8835976E-03   0.3365384E-04   0.9172514E-03
     8490.00  0.8979257E-03   0.3363038E-04   0.9315561E-03
     8510.00  0.8646241E-03   0.3360863E-04   0.8982327E-03
     8530.00  0.8897986E-03   0.3358856E-04   0.9233872E-03
     8550.00  0.8364408E-03   0.3357014E-04   0.8700109E-03
     8570.00  0.8878412E-03   0.3355337E-04   0.9213946E-03
     8590.00  0.8489014E-03   0.3353820E-04   0.8824396E-03
     8610.00  0.8384858E-03   0.3352463E-04   0.8720104E-03
     8630.00  0.8717951E-03   0.3351263E-04   0.9053077E-03
     8650.00  0.8494029E-03   0.3350217E-04   0.8829051E-03
     8670.00  0.7886774E-03   0.3349324E-04   0.8221706E-03
     8690.00  0.8451525E-03   0.3348581E-04   0.8786383E-03
     8710.00  0.8485052E-03   0.3347987E-04   0.8819851E-03
     8730.00  0.8299831E-03   0.3347539E-04   0.8634585E-03
     8750.00  0.7668742E-03   0.3347236E-04   0.8003466E-03
     8770.00  0.8109251E-03   0.3347075E-04   0.8443958E-03
     8790.00  0.8227536E-03   0.3347054E-04   0.8562241E-03
     8810.00  0.8170408E-03   0.3347171E-04   0.8505125E-03
     8830.00  0.8065760E-03   0.3347425E-04   0.8400503E-03
     8850.00  0.7774312E-03   0.3347814E-04   0.8109093E-03
     8870.00  0.7323588E-03   0.3348335E-04   0.7658421E-03
     8890.00  0.7856134E-03   0.3348987E-04   0.8191033E-03
     8910.00  0.7857549E-03   0.3349767E-04   0.8192526E-03
     8930.00  0.7793346E-03   0.3350675E-04   0.8128413E-03
     8950.00  0.7755664E-03   0.3351708E-04   0.8090835E-03
     8970.00  0.7684204E-03   0.3352865E-04   0.8019490E-03
     8990.00  0.7544249E-03   0.3354143E-04   0.7879663E-03
     9010.00  0.6972466E-03   0.3355541E-04   0.7308020E-03
     9030.00  0.7205328E-03   0.3357057E-04   0.7541034E-03
     9050.00  0.7408756E-03   0.3358691E-04   0.7744625E-03
     9070.00  0.7326226E-03   0.3360439E-04   0.7662270E-03
     9090.00  0.7282058E-03   0.3362300E-04   0.7618288E-03
     9110.00  0.7263268E-03   0.3364273E-04   0.7599695E-03
     9130.00  0.7216901E-03   0.3366357E-04   0.7553537E-03
     9150.00  0.7166072E-03   0.3368551E-04   0.7502927E-03
     9170.00  0.7091842E-03   0.3370851E-04   0.7428927E-03
     9190.00  0.7025246E-03   0.3373257E-04   0.7362572E-03
     9210.00  0.6840074E-03   0.3375766E-04   0.7177651E-03
     9230.00  0.6284717E-03   0.3378378E-04   0.6622555E-03
     9250.00  0.6717241E-03   0.3381090E-04   0.7055350E-03
     9270.00  0.6756264E-03   0.3383901E-04   0.7094654E-03
     9290.00  0.6808446E-03   0.3386810E-04   0.7147127E-03
     9310.00  0.6799641E-03   0.3389815E-04   0.7138623E-03
     9330.00  0.6804096E-03   0.3392915E-04   0.7143388E-03
     9350.00  0.6787818E-03   0.3396109E-04   0.7127429E-03
     9370.00  0.6726982E-03   0.3399394E-04   0.7066921E-03
     9390.00  0.6634982E-03   0.3402771E-04   0.6975259E-03
     9410.00  0.6506324E-03   0.3406235E-04   0.6846948E-03
     9430.00  0.6463768E-03   0.3409789E-04   0.6804747E-03
     9450.00  0.6389862E-03   0.3413429E-04   0.6731205E-03
     9470.00  0.6318703E-03   0.3417153E-04   0.6660418E-03
     9490.00  0.6281184E-03   0.3420963E-04   0.6623280E-03
     9510.00  0.6193321E-03   0.3424853E-04   0.6535806E-03
     9530.00  0.6034094E-03   0.3428826E-04   0.6376977E-03
     9550.00  0.5589467E-03   0.3432879E-04   0.5932755E-03
     9570.00  0.5998869E-03   0.3437011E-04   0.6342570E-03
     9590.00  0.6030309E-03   0.3441220E-04   0.6374431E-03
     9610.00  0.5977097E-03   0.3445505E-04   0.6321648E-03
     9630.00  0.5904897E-03   0.3449865E-04   0.6249884E-03
     9650.00  0.5900547E-03   0.3454300E-04   0.6245977E-03
     9670.00  0.5848600E-03   0.3458808E-04   0.6194481E-03
     9690.00  0.5812312E-03   0.3463388E-04   0.6158651E-03
     9710.00  0.5771810E-03   0.3468037E-04   0.6118614E-03
     9730.00  0.5742589E-03   0.3472756E-04   0.6089865E-03
     9750.00  0.5701551E-03   0.3477542E-04   0.6049305E-03
     9770.00  0.5669444E-03   0.3482397E-04   0.6017684E-03
     9790.00  0.5620060E-03   0.3487316E-04   0.5968792E-03
     9810.00  0.5573109E-03   0.3492301E-04   0.5922339E-03
     9830.00  0.5524831E-03   0.3497350E-04   0.5874566E-03
     9850.00  0.5480601E-03   0.3502463E-04   0.5830847E-03
     9870.00  0.5436196E-03   0.3507636E-04   0.5786960E-03
     9890.00  0.5388436E-03   0.3512870E-04   0.5739723E-03
     9910.00  0.5339366E-03   0.3518164E-04   0.5691182E-03
     9930.00  0.5318524E-03   0.3523516E-04   0.5670876E-03
     9950.00  0.5280398E-03   0.3528926E-04   0.5633291E-03
     9970.00  0.5244450E-03   0.3534393E-04   0.5597889E-03
     9990.00  0.5212010E-03   0.3539917E-04   0.5566002E-03
    10025.00  0.5065583E-03   0.3549711E-04   0.5420554E-03
    10075.00  0.5074598E-03   0.3563986E-04   0.5430997E-03
    10125.00  0.5331338E-03   0.3578578E-04   0.5689196E-03
    10175.00  0.5110119E-03   0.3593505E-04   0.5469470E-03
    10225.00  0.4858588E-03   0.3608724E-04   0.5219460E-03
    10275.00  0.4727367E-03   0.3624214E-04   0.5089788E-03
    10325.00  0.4624733E-03   0.3639960E-04   0.4988729E-03
    10375.00  0.4553531E-03   0.3655951E-04   0.4919126E-03
    10425.00  0.4491148E-03   0.3672175E-04   0.4858366E-03
    10475.00  0.4391878E-03   0.3688620E-04   0.4760740E-03
    10525.00  0.4306119E-03   0.3705273E-04   0.4676646E-03
    10575.00  0.4232452E-03   0.3722124E-04   0.4604664E-03
    10625.00  0.4159736E-03   0.3739162E-04   0.4533652E-03
    10675.00  0.4073592E-03   0.3756376E-04   0.4449230E-03
    10725.00  0.3988307E-03   0.3773756E-04   0.4365683E-03
    10775.00  0.3970496E-03   0.3791292E-04   0.4349625E-03
    10825.00  0.4345584E-03   0.3808974E-04   0.4726481E-03
    10875.00  0.4169979E-03   0.3826792E-04   0.4552658E-03
    10925.00  0.3692503E-03   0.3844738E-04   0.4076977E-03
    10975.00  0.3685489E-03   0.3862803E-04   0.4071769E-03
    11025.00  0.3640536E-03   0.3880977E-04   0.4028634E-03
    11075.00  0.3589302E-03   0.3899253E-04   0.3979227E-03
    11125.00  0.3524953E-03   0.3917623E-04   0.3916715E-03
    11175.00  0.3464345E-03   0.3000024E-04   0.3764347E-03
    11225.00  0.3408277E-03   0.3010163E-04   0.3709293E-03
    11275.00  0.3339211E-03   0.3020413E-04   0.3641252E-03
    11325.00  0.3288917E-03   0.3030767E-04   0.3591994E-03
    11375.00  0.3243599E-03   0.3041218E-04   0.3547721E-03
    11425.00  0.3187519E-03   0.3051760E-04   0.3492695E-03
    11475.00  0.3145555E-03   0.3062388E-04   0.3451794E-03
    11525.00  0.3113165E-03   0.3073094E-04   0.3420474E-03
    11575.00  0.3124510E-03   0.3083874E-04   0.3432897E-03
    11625.00  0.3139529E-03   0.3094722E-04   0.3449001E-03
    11675.00  0.3062555E-03   0.3105634E-04   0.3373118E-03
    11725.00  0.2959507E-03   0.3116603E-04   0.3271167E-03
    11775.00  0.2867790E-03   0.3127624E-04   0.3180552E-03
    11825.00  0.2819262E-03   0.3138693E-04   0.3133131E-03
    11875.00  0.2770548E-03   0.3149805E-04   0.3085529E-03
    11925.00  0.2743268E-03   0.3160956E-04   0.3059364E-03
    11975.00  0.2690729E-03   0.3172141E-04   0.3007943E-03
    12025.00  0.2655818E-03   0.3183355E-04   0.2974153E-03
    12075.00  0.2609677E-03   0.3194595E-04   0.2929136E-03
    12125.00  0.2569937E-03   0.3205856E-04   0.2890523E-03
    12175.00  0.2533277E-03   0.3217134E-04   0.2854990E-03
    12225.00  0.2494863E-03   0.3228427E-04   0.2817706E-03
    12275.00  0.2457472E-03   0.3239729E-04   0.2781445E-03
    12325.00  0.2421300E-03   0.3251037E-04   0.2746404E-03
    12375.00  0.2385599E-03   0.3262349E-04   0.2711834E-03
    12425.00  0.2352646E-03   0.3273659E-04   0.2680012E-03
    12475.00  0.2317494E-03   0.3284967E-04   0.2645991E-03
    12525.00  0.2284787E-03   0.3286847E-04   0.2613472E-03
    12575.00  0.2250819E-03   0.3298115E-04   0.2580631E-03
    12625.00  0.2217002E-03   0.3309372E-04   0.2547939E-03
    12675.00  0.2187993E-03   0.3320614E-04   0.2520054E-03
    12725.00  0.2177132E-03   0.3331838E-04   0.2510316E-03
    12775.00  0.2156096E-03   0.3343041E-04   0.2490400E-03
    12825.00  0.2044565E-03   0.3354221E-04   0.2379987E-03
    12875.00  0.2084087E-03   0.3365376E-04   0.2420625E-03
    12925.00  0.2047568E-03   0.3376503E-04   0.2385218E-03
    12975.00  0.2008119E-03   0.3387600E-04   0.2346879E-03
    13025.00  0.1979795E-03   0.3398664E-04   0.2319661E-03
    13075.00  0.1951426E-03   0.3409643E-04   0.2292390E-03
    13125.00  0.1924455E-03   0.3420578E-04   0.2266513E-03
    13175.00  0.1897418E-03   0.3431471E-04   0.2240565E-03
    13225.00  0.1871686E-03   0.3442320E-04   0.2215918E-03
    13275.00  0.1843331E-03   0.3453123E-04   0.2188643E-03
    13325.00  0.1818215E-03   0.3463878E-04   0.2164603E-03
    13375.00  0.1794658E-03   0.3474584E-04   0.2142116E-03
    13425.00  0.1773321E-03   0.3485238E-04   0.2121845E-03
    13475.00  0.1749508E-03   0.3495840E-04   0.2099092E-03
    13525.00  0.1722411E-03   0.3506387E-04   0.2073050E-03
    13575.00  0.1696923E-03   0.3516878E-04   0.2048611E-03
    13625.00  0.1674093E-03   0.3523266E-04   0.2026420E-03
    13675.00  0.1651977E-03   0.3533631E-04   0.2005340E-03
    13725.00  0.1630465E-03   0.3543936E-04   0.1984859E-03
    13775.00  0.1614101E-03   0.3554179E-04   0.1969519E-03
    13825.00  0.1594645E-03   0.3564361E-04   0.1951081E-03
    13875.00  0.1570615E-03   0.3574478E-04   0.1928063E-03
    13925.00  0.1546616E-03   0.3584532E-04   0.1905069E-03
    13975.00  0.1526424E-03   0.3594519E-04   0.1885876E-03
    14025.00  0.1506009E-03   0.3604440E-04   0.1866453E-03
    14075.00  0.1487206E-03   0.3614293E-04   0.1848635E-03
    14125.00  0.1466575E-03   0.3580729E-04   0.1824648E-03
    14175.00  0.1450205E-03   0.3590383E-04   0.1809243E-03
    14225.00  0.1433438E-03   0.3599967E-04   0.1793435E-03
    14275.00  0.1417136E-03   0.3609483E-04   0.1778084E-03
    14325.00  0.1398248E-03   0.3618928E-04   0.1760141E-03
    14375.00  0.1378307E-03   0.3628302E-04   0.1741137E-03
    14425.00  0.1353925E-03   0.3637605E-04   0.1717685E-03
    14475.00  0.1341087E-03   0.3646835E-04   0.1705771E-03
    14525.00  0.1321498E-03   0.3655992E-04   0.1687097E-03
    14570.00  0.1308993E-03   0.3664171E-04   0.1675410E-03
    14620.00  0.1301555E-03   0.1391187E-04   0.1440674E-03
    14675.00  0.1295638E-03   0.1392215E-04   0.1434859E-03
    14725.00  0.1294288E-03   0.1379287E-04   0.1432217E-03
    14775.00  0.1284003E-03   0.1380228E-04   0.1422026E-03
    14825.00  0.1258516E-03   0.1381176E-04   0.1396634E-03
    14875.00  0.1232559E-03   0.1382131E-04   0.1370772E-03
    14925.00  0.1212484E-03   0.1383093E-04   0.1350793E-03
    14975.00  0.1190217E-03   0.1384061E-04   0.1328623E-03
    15025.00  0.1169675E-03   0.1385033E-04   0.1308178E-03
    15075.00  0.1153503E-03   0.1386009E-04   0.1292104E-03
    15125.00  0.1141090E-03   0.1386990E-04   0.1279789E-03
    15175.00  0.1127976E-03   0.1387973E-04   0.1266773E-03
    15225.00  0.1117046E-03   0.1388963E-04   0.1255942E-03
    15275.00  0.1098226E-03   0.1389960E-04   0.1237222E-03
    15325.00  0.1085301E-03   0.1390957E-04   0.1224397E-03
    15375.00  0.1078387E-03   0.1391955E-04   0.1217582E-03
    15425.00  0.1056534E-03   0.1392953E-04   0.1195829E-03
    15475.00  0.1055185E-03   0.1393950E-04   0.1194580E-03
    15525.00  0.1042930E-03   0.1394946E-04   0.1182425E-03
    15575.00  0.1015109E-03   0.1395941E-04   0.1154703E-03
    15625.00  0.1028002E-03   0.1396933E-04   0.1167695E-03
    15675.00  0.1007510E-03   0.1397923E-04   0.1147302E-03
    15725.00  0.9890254E-04   0.1398911E-04   0.1128916E-03
    15775.00  0.9953378E-04   0.1399895E-04   0.1135327E-03
    15825.00  0.9813470E-04   0.1400875E-04   0.1121434E-03
    15875.00  0.9366100E-04   0.1401851E-04   0.1076795E-03
    15925.00  0.9513654E-04   0.1402823E-04   0.1091648E-03
    15975.00  0.9490169E-04   0.1403789E-04   0.1089396E-03
    16050.00  0.9275062E-04   0.1405230E-04   0.1068029E-03
    16150.00  0.8927805E-04   0.1407130E-04   0.1033494E-03
    16250.00  0.8915478E-04   0.1409005E-04   0.1032448E-03
    16350.00  0.8660450E-04   0.1410852E-04   0.1007130E-03
    16450.00  0.8328551E-04   0.1412670E-04   0.9741221E-04
    16550.00  0.8336802E-04   0.1414455E-04   0.9751257E-04
    16650.00  0.8151381E-04   0.1416207E-04   0.9567588E-04
    16750.00  0.7909578E-04   0.1417922E-04   0.9327500E-04
    16850.00  0.7648582E-04   0.1419601E-04   0.9068183E-04
    16950.00  0.7704752E-04   0.1421241E-04   0.9125993E-04
    17050.00  0.7526958E-04   0.1422840E-04   0.8949798E-04
    17150.00  0.7304645E-04   0.1424399E-04   0.8729044E-04
    17250.00  0.7122798E-04   0.1425914E-04   0.8548712E-04
    17350.00  0.6786646E-04   0.1427386E-04   0.8214032E-04
    17450.00  0.6800276E-04   0.1428814E-04   0.8229090E-04
    17550.00  0.6672417E-04   0.1430196E-04   0.8102613E-04
    17650.00  0.6537659E-04   0.1431531E-04   0.7969190E-04
    17750.00  0.6403049E-04   0.1432820E-04   0.7835869E-04
    17850.00  0.6255053E-04   0.1434062E-04   0.7689115E-04
    17950.00  0.6128527E-04   0.1435255E-04   0.7563782E-04
    18050.00  0.5996437E-04   0.1436400E-04   0.7432837E-04
    18150.00  0.5743618E-04   0.1437496E-04   0.7181114E-04
    18250.00  0.5728841E-04   0.1438546E-04   0.7167387E-04
    18350.00  0.5636588E-04   0.1439582E-04   0.7076170E-04
    18450.00  0.5559728E-04   0.1440565E-04   0.7000293E-04
    18550.00  0.5773487E-04   0.1278484E-04   0.7051971E-04
    18650.00  0.6136279E-04   0.1279011E-04   0.7415290E-04
    18750.00  0.5787735E-04   0.1279499E-04   0.7067234E-04
    18850.00  0.5353689E-04   0.1279947E-04   0.6633636E-04
    18950.00  0.5036004E-04   0.1280355E-04   0.6316359E-04
    19050.00  0.4915629E-04   0.1280723E-04   0.6196352E-04
    19150.00  0.4810937E-04   0.1281052E-04   0.6091989E-04
    19250.00  0.4707412E-04   0.1281340E-04   0.5988752E-04
    19350.00  0.4622480E-04   0.1281589E-04   0.5904069E-04
    19450.00  0.4423082E-04   0.1281797E-04   0.5704879E-04
    19550.00  0.4446374E-04   0.1281966E-04   0.5728340E-04
    19650.00  0.4356720E-04   0.1282095E-04   0.5638815E-04
    19750.00  0.4259902E-04   0.1282184E-04   0.5542086E-04
    19850.00  0.4179931E-04   0.1282234E-04   0.5462165E-04
    19950.00  0.4102042E-04   0.1282245E-04   0.5384287E-04
    20050.00  0.4028650E-04   0.1282216E-04   0.5310866E-04
    20150.00  0.3956076E-04   0.1282149E-04   0.5238225E-04
    20250.00  0.3887533E-04   0.1280820E-04   0.5168353E-04
    20350.00  0.3830032E-04   0.1280679E-04   0.5110711E-04
    20450.00  0.3722647E-04   0.1280500E-04   0.5003147E-04
    20550.00  0.3668034E-04   0.1280283E-04   0.4948317E-04
    20650.00  0.3612492E-04   0.1280029E-04   0.4892521E-04
    20750.00  0.3549141E-04   0.1279738E-04   0.4828879E-04
    20850.00  0.3483427E-04   0.1279409E-04   0.4762836E-04
    20950.00  0.3419160E-04   0.1279045E-04   0.4698205E-04
    21050.00  0.3373907E-04   0.1278645E-04   0.4652552E-04
    21150.00  0.3315720E-04   0.1278208E-04   0.4593928E-04
    21250.00  0.3245697E-04   0.1277737E-04   0.4523434E-04
    21350.00  0.3180099E-04   0.1277230E-04   0.4457329E-04
    21450.00  0.3132665E-04   0.1276689E-04   0.4409354E-04
    21550.00  0.3101719E-04   0.1275540E-04   0.4377259E-04
    21650.00  0.2979059E-04   0.1274934E-04   0.4253993E-04
    21750.00  0.3010402E-04   0.1274295E-04   0.4284697E-04
    21850.00  0.2996848E-04   0.1273622E-04   0.4270470E-04
    21950.00  0.2930904E-04   0.1272917E-04   0.4203821E-04
    22050.00  0.2836121E-04   0.1272179E-04   0.4108300E-04
    22150.00  0.2776644E-04   0.1271410E-04   0.4048054E-04
    22250.00  0.2721384E-04   0.1264538E-04   0.3985922E-04
    22350.00  0.2673820E-04   0.1263727E-04   0.3937547E-04
    22450.00  0.2632116E-04   0.1262886E-04   0.3895002E-04
    22550.00  0.2588307E-04   0.1262014E-04   0.3850321E-04
    22650.00  0.2543970E-04   0.1261113E-04   0.3805083E-04
    22750.00  0.2500528E-04   0.1260182E-04   0.3760710E-04
    22850.00  0.2461245E-04   0.7718271E-05   0.3233072E-04
    22950.00  0.2414640E-04   0.7686446E-05   0.3183285E-04
    23050.00  0.2381423E-04   0.7678146E-05   0.3149238E-04
    23150.00  0.2345338E-04   0.7669746E-05   0.3112313E-04
    23250.00  0.2300023E-04   0.7661248E-05   0.3066148E-04
    23350.00  0.2274446E-04   0.7652651E-05   0.3039711E-04
    23450.00  0.2253373E-04   0.7643957E-05   0.3017769E-04
    23550.00  0.2201760E-04   0.7635166E-05   0.2965277E-04
    23650.00  0.2159463E-04   0.7626281E-05   0.2922091E-04
    23750.00  0.2124350E-04   0.7617300E-05   0.2886080E-04
    23850.00  0.2083471E-04   0.7608227E-05   0.2844294E-04
    23950.00  0.2050545E-04   0.7599061E-05   0.2810451E-04
    24050.00  0.2016344E-04   0.7589804E-05   0.2775324E-04
    24150.00  0.1978975E-04   0.7580457E-05   0.2737021E-04
    24250.00  0.1954096E-04   0.7571020E-05   0.2711198E-04
    24350.00  0.1920934E-04   0.7561496E-05   0.2677084E-04
    24450.00  0.1889826E-04   0.7551885E-05   0.2645015E-04
    24550.00  0.1869029E-04   0.7542189E-05   0.2623248E-04
    24650.00  0.1843833E-04   0.7532408E-05   0.2597074E-04
    24750.00  0.1809564E-04   0.7522543E-05   0.2561818E-04
    24850.00  0.1784378E-04   0.7512597E-05   0.2535638E-04
    24950.00  0.1739372E-04   0.7502570E-05   0.2489629E-04
    25050.00  0.1735720E-04   0.7492463E-05   0.2484966E-04
    25150.00  0.1704630E-04   0.7482278E-05   0.2452858E-04
    25250.00  0.1658634E-04   0.7472016E-05   0.2405836E-04
    25350.00  0.1653140E-04   0.7461678E-05   0.2399308E-04
    25450.00  0.1633180E-04   0.7451265E-05   0.2378307E-04
    25550.00  0.1610111E-04   0.7440779E-05   0.2354189E-04
    25650.00  0.1566846E-04   0.7430221E-05   0.2309868E-04
    25750.00  0.1564417E-04   0.7419592E-05   0.2306376E-04
    25850.00  0.1539801E-04   0.7408893E-05   0.2280690E-04
    25950.00  0.1521067E-04   0.7398126E-05   0.2260880E-04
    26050.00  0.1514163E-04   0.7387291E-05   0.2252892E-04
    26150.00  0.1499447E-04   0.7376391E-05   0.2237086E-04
    26250.00  0.1464797E-04   0.7365426E-05   0.2201340E-04
    26350.00  0.1457892E-04   0.7354398E-05   0.2193332E-04
    26450.00  0.1423181E-04   0.7343307E-05   0.2157512E-04
    26550.00  0.1395458E-04   0.7332156E-05   0.2128674E-04
    26650.00  0.1370850E-04   0.7320945E-05   0.2102944E-04
    26750.00  0.1326658E-04   0.7309675E-05   0.2057626E-04
    26850.00  0.1335095E-04   0.7298348E-05   0.2064930E-04
    26950.00  0.1323316E-04   0.7286965E-05   0.2052013E-04
    27050.00  0.1304472E-04   0.7275527E-05   0.2032025E-04
    27150.00  0.1282711E-04   0.7264036E-05   0.2009115E-04
    27250.00  0.1261791E-04   0.7252492E-05   0.1987040E-04
    27350.00  0.1243613E-04   0.7240897E-05   0.1967703E-04
    27450.00  0.1227417E-04   0.7229252E-05   0.1950342E-04
    27550.00  0.1187203E-04   0.7217557E-05   0.1908959E-04
    27650.00  0.1185932E-04   0.6804948E-05   0.1866427E-04
    27750.00  0.1176203E-04   0.6793715E-05   0.1855575E-04
    27850.00  0.1160530E-04   0.6782442E-05   0.1838774E-04
    27950.00  0.1148330E-04   0.6771131E-05   0.1825443E-04
    28050.00  0.1150049E-04   0.6759781E-05   0.1826027E-04
    28150.00  0.1162556E-04   0.6748395E-05   0.1837395E-04
    28250.00  0.1159093E-04   0.6736973E-05   0.1832790E-04
    28350.00  0.1127243E-04   0.6725515E-05   0.1799795E-04
    28450.00  0.1089771E-04   0.6714024E-05   0.1761173E-04
    28550.00  0.1064682E-04   0.6702499E-05   0.1734932E-04
    28650.00  0.1046083E-04   0.6690942E-05   0.1715177E-04
    28750.00  0.1013326E-04   0.6679354E-05   0.1681261E-04
    28850.00  0.1023294E-04   0.6667736E-05   0.1690068E-04
    28950.00  0.1006141E-04   0.6656088E-05   0.1671750E-04
    29050.00  0.9898161E-05   0.6644412E-05   0.1654257E-04
    29150.00  0.9749852E-05   0.6632708E-05   0.1638256E-04
    29250.00  0.9618578E-05   0.6620978E-05   0.1623956E-04
    29350.00  0.9506813E-05   0.6609221E-05   0.1611603E-04
    29450.00  0.9390861E-05   0.6597440E-05   0.1598830E-04
    29550.00  0.9264850E-05   0.6585635E-05   0.1585048E-04
    29650.00  0.9137097E-05   0.6573806E-05   0.1571090E-04
    29750.00  0.9014453E-05   0.6559583E-05   0.1557404E-04
    29850.00  0.8898328E-05   0.6547714E-05   0.1544604E-04
    29950.00  0.8783622E-05   0.6535825E-05   0.1531945E-04
    30050.00  0.8673416E-05   0.6523915E-05   0.1519733E-04
    30150.00  0.8571417E-05   0.6511986E-05   0.1508340E-04
    30250.00  0.8488462E-05   0.6500039E-05   0.1498850E-04
    30350.00  0.8236083E-05   0.6488074E-05   0.1472416E-04
    30450.00  0.8212430E-05   0.6476092E-05   0.1468852E-04
    30550.00  0.8199271E-05   0.6464094E-05   0.1466336E-04
    30650.00  0.8567539E-05   0.6452080E-05   0.1501962E-04
    30750.00  0.9119078E-05   0.6440052E-05   0.1555913E-04
    30850.00  0.9385470E-05   0.6428011E-05   0.1581348E-04
    30950.00  0.9140161E-05   0.6415956E-05   0.1555612E-04
    31050.00  0.8574283E-05   0.6403888E-05   0.1497817E-04
    31150.00  0.8028008E-05   0.6391809E-05   0.1441982E-04
    31250.00  0.7696713E-05   0.6379719E-05   0.1407643E-04
    31350.00  0.7536084E-05   0.6366390E-05   0.1390247E-04
    31450.00  0.7432893E-05   0.6354284E-05   0.1378718E-04
    31550.00  0.7302768E-05   0.6342169E-05   0.1364494E-04
    31650.00  0.7169647E-05   0.6330046E-05   0.1349969E-04
    31750.00  0.7056932E-05   0.6317915E-05   0.1337485E-04
    31850.00  0.6963630E-05   0.6305777E-05   0.1326941E-04
    31950.00  0.6875558E-05   0.6293632E-05   0.1316919E-04
    32100.00  0.6751063E-05   0.6263188E-05   0.1301425E-04
    32300.00  0.6593456E-05   0.6238966E-05   0.1283242E-04
    32500.00  0.6441143E-05   0.6214728E-05   0.1265587E-04
    32700.00  0.6354152E-05   0.6190479E-05   0.1254463E-04
    32900.00  0.6308203E-05   0.4790797E-05   0.1109900E-04
    33100.00  0.6131608E-05   0.4766530E-05   0.1089814E-04
    33300.00  0.5886747E-05   0.4747713E-05   0.1063446E-04
    33500.00  0.5737045E-05   0.4728914E-05   0.1046596E-04
    33700.00  0.5601009E-05   0.4710133E-05   0.1031114E-04
    33900.00  0.5472313E-05   0.4691375E-05   0.1016369E-04
    34100.00  0.5353965E-05   0.4672640E-05   0.1002661E-04
    34300.00  0.5235591E-05   0.4653932E-05   0.9889523E-05
    34500.00  0.5117952E-05   0.4635253E-05   0.9753205E-05
    34700.00  0.5025962E-05   0.4616604E-05   0.9642566E-05
    34900.00  0.4926756E-05   0.4597988E-05   0.9524744E-05
    35100.00  0.4807585E-05   0.4579406E-05   0.9386991E-05
    35300.00  0.4751369E-05   0.4560861E-05   0.9312230E-05
    35500.00  0.4658597E-05   0.4542353E-05   0.9200950E-05
    35700.00  0.4514245E-05   0.4523886E-05   0.9038131E-05
    35900.00  0.4407654E-05   0.4505461E-05   0.8913115E-05
    36100.00  0.4298116E-05   0.4487079E-05   0.8785195E-05
    36300.00  0.4218056E-05   0.4468741E-05   0.8686797E-05
    36500.00  0.4114021E-05   0.4450450E-05   0.8564471E-05
    36700.00  0.4029374E-05   0.4432207E-05   0.8461581E-05
    36900.00  0.3980149E-05   0.4414013E-05   0.8394162E-05
    37100.00  0.3910202E-05   0.4395870E-05   0.8306072E-05
    37300.00  0.3863502E-05   0.4377779E-05   0.8241281E-05
    37500.00  0.3727424E-05   0.4359741E-05   0.8087165E-05
    37700.00  0.3664773E-05   0.4341757E-05   0.8006530E-05
    37900.00  0.3587319E-05   0.4323829E-05   0.7911148E-05
    38100.00  0.3498563E-05   0.4305957E-05   0.7804520E-05
    38300.00  0.3427521E-05   0.4288143E-05   0.7715664E-05
    38500.00  0.3368350E-05   0.4270388E-05   0.7638738E-05
    38700.00  0.3301251E-05   0.4128158E-05   0.7429409E-05
    38900.00  0.3237352E-05   0.4111066E-05   0.7348418E-05
    39100.00  0.3150889E-05   0.4094034E-05   0.7244923E-05
    39300.00  0.3118796E-05   0.4077063E-05   0.7195859E-05
    39500.00  0.3063679E-05   0.4060154E-05   0.7123833E-05
    39700.00  0.3000427E-05   0.4043306E-05   0.7043733E-05
    39900.00  0.2943595E-05   0.4026522E-05   0.6970117E-05
    40100.00  0.2990137E-05   0.4009802E-05   0.6999939E-05
    40300.00  0.3197984E-05   0.3993146E-05   0.7191130E-05
    40500.00  0.3148076E-05   0.3976554E-05   0.7124630E-05
    40700.00  0.2889203E-05   0.3960029E-05   0.6849232E-05
    40900.00  0.2745172E-05   0.3943569E-05   0.6688741E-05
    41100.00  0.2665892E-05   0.3926592E-05   0.6592484E-05
    41300.00  0.2595386E-05   0.3910267E-05   0.6505653E-05
    41500.00  0.2543445E-05   0.3894010E-05   0.6437455E-05
    41700.00  0.2464626E-05   0.3877821E-05   0.6342447E-05
    41900.00  0.2470251E-05   0.3861699E-05   0.6331950E-05
    42100.00  0.2461965E-05   0.3845647E-05   0.6307612E-05
    42300.00  0.2400494E-05   0.3829663E-05   0.6230157E-05
    42500.00  0.2328656E-05   0.3813748E-05   0.6142404E-05
    42700.00  0.2331856E-05   0.3797903E-05   0.6129759E-05
    42900.00  0.2326143E-05   0.3782127E-05   0.6108270E-05
    43100.00  0.2243842E-05   0.3766117E-05   0.6009959E-05
    43300.00  0.2158420E-05   0.3750479E-05   0.5908899E-05
    43500.00  0.2103270E-05   0.3734913E-05   0.5838183E-05
    43700.00  0.2048150E-05   0.3719416E-05   0.5767566E-05
    43900.00  0.2034247E-05   0.3700836E-05   0.5735083E-05
    44100.00  0.1995499E-05   0.3685507E-05   0.5681006E-05
    44300.00  0.1951664E-05   0.3670249E-05   0.5621913E-05
    44500.00  0.1915217E-05   0.3655061E-05   0.5570278E-05
    44700.00  0.1884476E-05   0.3533518E-05   0.5417994E-05
    44900.00  0.1854228E-05   0.3153920E-05   0.5008148E-05
    45100.00  0.1824899E-05   0.3141062E-05   0.4965961E-05
    45300.00  0.1791579E-05   0.3128265E-05   0.4919844E-05
    45500.00  0.1760199E-05   0.3115529E-05   0.4875728E-05
    45700.00  0.1730806E-05   0.3102854E-05   0.4833660E-05
    45900.00  0.1700046E-05   0.3090241E-05   0.4790287E-05
    46100.00  0.1682708E-05   0.3077689E-05   0.4760397E-05
    46300.00  0.1711460E-05   0.3065198E-05   0.4776658E-05
    46500.00  0.1694664E-05   0.3052768E-05   0.4747432E-05
    46700.00  0.1637438E-05   0.3040400E-05   0.4677838E-05
    46900.00  0.1590786E-05   0.3028092E-05   0.4618878E-05
    47100.00  0.1567137E-05   0.3015845E-05   0.4582982E-05
    47300.00  0.1628306E-05   0.3003659E-05   0.4631965E-05
    47500.00  0.1704970E-05   0.2991533E-05   0.4696503E-05
    47700.00  0.1660801E-05   0.2979468E-05   0.4640269E-05
    47900.00  0.1544363E-05   0.2967464E-05   0.4511827E-05
    48100.00  0.1457127E-05   0.2955520E-05   0.4412647E-05
    48300.00  0.1413942E-05   0.2943636E-05   0.4357578E-05
    48500.00  0.1385650E-05   0.2931812E-05   0.4317462E-05
    48700.00  0.1364080E-05   0.2920048E-05   0.4284128E-05
    48900.00  0.1341068E-05   0.2908344E-05   0.4249412E-05
    49100.00  0.1318453E-05   0.2896700E-05   0.4215153E-05
    49300.00  0.1297747E-05   0.2885115E-05   0.4182862E-05
    49500.00  0.1276425E-05   0.2873589E-05   0.4150014E-05
    49700.00  0.1257663E-05   0.2862122E-05   0.4119785E-05
    49900.00  0.1238047E-05   0.2850714E-05   0.4088761E-05
    50100.00  0.1221581E-05   0.2839365E-05   0.4060946E-05
    50300.00  0.1206234E-05   0.2828075E-05   0.4034309E-05
    50500.00  0.1190685E-05   0.2816843E-05   0.4007528E-05
    50700.00  0.1177388E-05   0.2805669E-05   0.3983057E-05
    50900.00  0.1167544E-05   0.2794553E-05   0.3962097E-05
    51100.00  0.1163222E-05   0.2783495E-05   0.3946717E-05
    51300.00  0.1134260E-05   0.2772494E-05   0.3906754E-05
    51500.00  0.1131293E-05   0.2715712E-05   0.3847005E-05
    51700.00  0.1113593E-05   0.2705026E-05   0.3818619E-05
    51900.00  0.1101012E-05   0.2694397E-05   0.3795409E-05
    52100.00  0.1093544E-05   0.2683822E-05   0.3777366E-05
    52300.00  0.1082659E-05   0.2673304E-05   0.3755963E-05
    52500.00  0.1067205E-05   0.2662840E-05   0.3730045E-05
    52700.00  0.1052571E-05   0.2652431E-05   0.3705002E-05
    52900.00  0.1037840E-05   0.2642077E-05   0.3679917E-05
    53100.00  0.1024908E-05   0.2631778E-05   0.3656686E-05
    53300.00  0.1013127E-05   0.2621533E-05   0.3634660E-05
    53500.00  0.1002619E-05   0.2611342E-05   0.3613961E-05
    53700.00  0.9922656E-06   0.2601204E-05   0.3593470E-05
    53900.00  0.9814138E-06   0.2591121E-05   0.3572534E-05
    54100.00  0.9714974E-06   0.2581090E-05   0.3552588E-05
    54300.00  0.9632432E-06   0.2570926E-05   0.3534169E-05
    54500.00  0.9559429E-06   0.2560999E-05   0.3516942E-05
    54700.00  0.9439246E-06   0.2551125E-05   0.3495049E-05
    54900.00  0.9318439E-06   0.2541303E-05   0.3473147E-05
    55100.00  0.9218369E-06   0.2531533E-05   0.3453370E-05
    55300.00  0.9263647E-06   0.2521815E-05   0.3448180E-05
    55500.00  0.9497921E-06   0.2512149E-05   0.3461941E-05
    55700.00  0.9609492E-06   0.2502534E-05   0.3463483E-05
    55900.00  0.9385209E-06   0.2492970E-05   0.3431491E-05
    56100.00  0.9030498E-06   0.2483457E-05   0.3386507E-05
    56300.00  0.8762610E-06   0.2473995E-05   0.3350256E-05
    56500.00  0.8606617E-06   0.2464505E-05   0.3325167E-05
    56700.00  0.8495848E-06   0.2455139E-05   0.3304724E-05
    56900.00  0.8407256E-06   0.2445822E-05   0.3286548E-05
    57100.00  0.8322477E-06   0.2436555E-05   0.3268803E-05
    57300.00  0.8226052E-06   0.2427338E-05   0.3249943E-05
    57500.00  0.8132849E-06   0.2417192E-05   0.3230477E-05
    57700.00  0.8047363E-06   0.2408083E-05   0.3212819E-05
    57900.00  0.7970394E-06   0.2399022E-05   0.3196061E-05
    58100.00  0.7894634E-06   0.2390009E-05   0.3179473E-05
    58300.00  0.7817627E-06   0.2381044E-05   0.3162807E-05
    58500.00  0.7759014E-06   0.2186222E-05   0.2962124E-05
    58700.00  0.7748290E-06   0.2177640E-05   0.2952469E-05
    58900.00  0.7773356E-06   0.2169606E-05   0.2946942E-05
    59100.00  0.7624617E-06   0.2161615E-05   0.2924076E-05
    59300.00  0.7649020E-06   0.2153666E-05   0.2918568E-05
    59500.00  0.7557479E-06   0.2145759E-05   0.2901507E-05
    59700.00  0.7440154E-06   0.2137894E-05   0.2881909E-05
    59900.00  0.7306443E-06   0.2130070E-05   0.2860714E-05
    60100.00  0.7197418E-06   0.2122288E-05   0.2842030E-05
    60300.00  0.7112679E-06   0.2114547E-05   0.2825815E-05
    60500.00  0.7040330E-06   0.2106847E-05   0.2810880E-05
    60700.00  0.6975704E-06   0.2099187E-05   0.2796757E-05
    60900.00  0.6914518E-06   0.2091568E-05   0.2783020E-05
    61100.00  0.6850554E-06   0.2083989E-05   0.2769045E-05
    61300.00  0.6786757E-06   0.2076450E-05   0.2755126E-05
    61500.00  0.6722651E-06   0.2068951E-05   0.2741216E-05
    61700.00  0.6660884E-06   0.2061492E-05   0.2727580E-05
    61900.00  0.6604421E-06   0.2054071E-05   0.2714513E-05
    62100.00  0.6553276E-06   0.2046690E-05   0.2702018E-05
    62300.00  0.6504597E-06   0.2039348E-05   0.2689807E-05
    62500.00  0.6457519E-06   0.2032044E-05   0.2677796E-05
    62700.00  0.6413546E-06   0.2024778E-05   0.2666133E-05
    62900.00  0.6356791E-06   0.2017551E-05   0.2653230E-05
    63100.00  0.6284824E-06   0.2010362E-05   0.2638844E-05
    63300.00  0.6216174E-06   0.2003211E-05   0.2624828E-05
    63500.00  0.6153706E-06   0.1996097E-05   0.2611467E-05
    63700.00  0.6098383E-06   0.1989020E-05   0.2598858E-05
    63900.00  0.6044504E-06   0.1981980E-05   0.2586431E-05
    64200.00  0.5967290E-06   0.1971490E-05   0.2568219E-05
    64600.00  0.5869518E-06   0.1957630E-05   0.2544582E-05
    65000.00  0.5801957E-06   0.1943915E-05   0.2524111E-05
    65400.00  0.5720004E-06   0.1930342E-05   0.2502343E-05
    65800.00  0.5593834E-06   0.1916911E-05   0.2476294E-05
    66200.00  0.5495774E-06   0.1884545E-05   0.2434123E-05
    66600.00  0.5418928E-06   0.1871543E-05   0.2413436E-05
    67000.00  0.5321714E-06   0.1858675E-05   0.2390847E-05
    67400.00  0.5258588E-06   0.1845940E-05   0.2371799E-05
    67800.00  0.5181187E-06   0.1833336E-05   0.2351454E-05
    68200.00  0.5073369E-06   0.1820861E-05   0.2328198E-05
    68600.00  0.4992046E-06   0.1808514E-05   0.2307719E-05
    69000.00  0.5339507E-06   0.1796294E-05   0.2330245E-05
    69400.00  0.5544485E-06   0.1784125E-05   0.2338573E-05
    69800.00  0.5080668E-06   0.1772151E-05   0.2280218E-05
    70200.00  0.4751451E-06   0.1760299E-05   0.2235444E-05
    70600.00  0.4630677E-06   0.1748567E-05   0.2211635E-05
    71000.00  0.4555416E-06   0.1736954E-05   0.2192496E-05
    71400.00  0.4498673E-06   0.1725459E-05   0.2175326E-05
    71800.00  0.4495652E-06   0.1714066E-05   0.2163632E-05
    72200.00  0.4421599E-06   0.1702801E-05   0.2144961E-05
    72600.00  0.4310302E-06   0.1691649E-05   0.2122679E-05
    73000.00  0.4220178E-06   0.1680259E-05   0.2102276E-05
    73400.00  0.4151187E-06   0.1669330E-05   0.2084449E-05
    73800.00  0.4123995E-06   0.1658512E-05   0.2070911E-05
    74200.00  0.4513233E-06   0.1566090E-05   0.2017414E-05
    74600.00  0.4679204E-06   0.1556107E-05   0.2024027E-05
    75000.00  0.4330187E-06   0.1546222E-05   0.1979241E-05
    75400.00  0.3987120E-06   0.1536434E-05   0.1935146E-05
    75800.00  0.3822603E-06   0.1526743E-05   0.1909003E-05
    76200.00  0.3750743E-06   0.1517146E-05   0.1892221E-05
    76600.00  0.3697993E-06   0.1507644E-05   0.1877443E-05
    77000.00  0.3644519E-06   0.1498234E-05   0.1862686E-05
    77400.00  0.3594871E-06   0.1488915E-05   0.1848402E-05
    77800.00  0.3545534E-06   0.1479687E-05   0.1834241E-05
    78200.00  0.3491964E-06   0.1470549E-05   0.1819745E-05
    78600.00  0.3440479E-06   0.1461498E-05   0.1805546E-05
    79000.00  0.3391552E-06   0.1452535E-05   0.1791690E-05
    79400.00  0.3345327E-06   0.1443658E-05   0.1778191E-05
    79800.00  0.3309168E-06   0.1434866E-05   0.1765783E-05
    80200.00  0.3280718E-06   0.1426158E-05   0.1754230E-05
    80600.00  0.3229867E-06   0.1417533E-05   0.1740520E-05
    81000.00  0.3174216E-06   0.1408990E-05   0.1726412E-05
    81400.00  0.3130745E-06   0.1400528E-05   0.1713603E-05
    81800.00  0.3082365E-06   0.1392146E-05   0.1700383E-05
    82200.00  0.3034514E-06   0.1383844E-05   0.1687295E-05
    82600.00  0.2991120E-06   0.1366838E-05   0.1665950E-05
    83000.00  0.2949815E-06   0.1358753E-05   0.1653735E-05
    83400.00  0.2911122E-06   0.1350744E-05   0.1641856E-05
    83800.00  0.2874541E-06   0.1342809E-05   0.1630263E-05
    84200.00  0.2834399E-06   0.1334948E-05   0.1618388E-05
    84600.00  0.2792027E-06   0.1327160E-05   0.1606363E-05
    85000.00  0.2752290E-06   0.1319444E-05   0.1594673E-05
    85400.00  0.2714438E-06   0.1311800E-05   0.1583244E-05
    85800.00  0.2677661E-06   0.1304226E-05   0.1571992E-05
    86200.00  0.2648233E-06   0.1296698E-05   0.1561521E-05
    86600.00  0.2616728E-06   0.1289262E-05   0.1550934E-05
    87000.00  0.2590912E-06   0.1281894E-05   0.1540985E-05
    87400.00  0.2581104E-06   0.1274593E-05   0.1532704E-05
    87800.00  0.2531163E-06   0.1267359E-05   0.1520475E-05
    88200.00  0.2472011E-06   0.1260190E-05   0.1507391E-05
    88600.00  0.2430063E-06   0.1253086E-05   0.1496093E-05
    89000.00  0.2397114E-06   0.1246034E-05   0.1485745E-05
    89400.00  0.2363426E-06   0.1239058E-05   0.1475400E-05
    89800.00  0.2328697E-06   0.1232144E-05   0.1465014E-05
    90200.00  0.2298454E-06   0.1225149E-05   0.1454994E-05
    90600.00  0.2282791E-06   0.1218360E-05   0.1446639E-05
    91000.00  0.2260014E-06   0.1211631E-05   0.1437633E-05
    91400.00  0.2215714E-06   0.1165674E-05   0.1387245E-05
    91800.00  0.2173410E-06   0.1159244E-05   0.1376585E-05
    92200.00  0.2145921E-06   0.1152950E-05   0.1367542E-05
    92600.00  0.2119983E-06   0.1146711E-05   0.1358709E-05
    93000.00  0.2083898E-06   0.1140526E-05   0.1348916E-05
    93400.00  0.2053845E-06   0.1134396E-05   0.1339781E-05
    93800.00  0.2026393E-06   0.1128319E-05   0.1330958E-05
    94200.00  0.1990675E-06   0.1122295E-05   0.1321362E-05
    94600.00  0.1955583E-06   0.1116322E-05   0.1311881E-05
    95000.00  0.1926457E-06   0.1110402E-05   0.1303048E-05
    95400.00  0.1899472E-06   0.1104532E-05   0.1294479E-05
    95800.00  0.1871444E-06   0.1098713E-05   0.1285857E-05
    96200.00  0.1913028E-06   0.1092943E-05   0.1284246E-05
    96600.00  0.2062942E-06   0.1087223E-05   0.1293517E-05
    97000.00  0.2044100E-06   0.1081552E-05   0.1285962E-05
    97400.00  0.1911815E-06   0.1075928E-05   0.1267110E-05
    97800.00  0.1791773E-06   0.1070353E-05   0.1249530E-05
    98200.00  0.1722496E-06   0.1064824E-05   0.1237074E-05
    98600.00  0.1681581E-06   0.1059342E-05   0.1227500E-05
    99000.00  0.1648971E-06   0.1053906E-05   0.1218803E-05
    99400.00  0.1619743E-06   0.1048515E-05   0.1210490E-05
    99800.00  0.1592885E-06   0.1043170E-05   0.1202458E-05
   100200.00  0.1566693E-06   0.3082996E-06   0.4649689E-06
   200000.00  0.9667720E-08   0.7738350E-07   0.8705122E-07
   400000.00  0.8709258E-09   0.1934588E-07   0.2021680E-07
   600000.00  0.1660292E-09   0.8598167E-08   0.8764196E-08
   800000.00  0.7402564E-10   0.4836469E-08   0.4910495E-08
  1000000.00  0.4227869E-10   0.3095340E-08   0.3137619E-08
  1200000.00  0.3779306E-10   0.2149542E-08   0.2187335E-08
  1400000.00  0.3478065E-10   0.1579255E-08   0.1614036E-08
  1600000.00  0.3233406E-10   0.1209117E-08   0.1241451E-08
