       91.00  0.8030443E-17   0.0000000E+00   0.8030443E-17
       94.00  0.2810651E-16   0.0000000E+00   0.2810651E-16
       96.00  0.9235005E-16   0.0000000E+00   0.9235005E-16
       98.00  0.1686391E-15   0.0000000E+00   0.1686391E-15
      100.00  0.4296275E-15   0.0000000E+00   0.4296275E-15
      102.00  0.1023880E-14   0.0000000E+00   0.1023880E-14
      104.00  0.2304738E-14   0.0000000E+00   0.2304738E-14
      106.00  0.4926684E-14   0.0000000E+00   0.4926684E-14
      108.00  0.1042775E-13   0.0000000E+00   0.1042775E-13
      110.00  0.2290954E-13   0.0000000E+00   0.2290954E-13
      114.00  0.8863209E-13   0.0000000E+00   0.8863209E-13
      118.00  0.3087379E-12   0.0000000E+00   0.3087379E-12
      121.00  0.7668896E-12   0.0000000E+00   0.7668896E-12
      125.00  0.2176723E-11   0.0000000E+00   0.2176723E-11
      127.00  0.3099963E-11   0.0000000E+00   0.3099963E-11
      128.00  0.3554662E-11   0.0000000E+00   0.3554662E-11
      131.00  0.7669489E-11   0.0000000E+00   0.7669489E-11
      132.00  0.9688871E-11   0.0000000E+00   0.9688871E-11
      134.00  0.1555866E-10   0.0000000E+00   0.1555866E-10
      137.00  0.3174087E-10   0.0000000E+00   0.3174087E-10
      140.00  0.6107500E-10   0.0000000E+00   0.6107500E-10
      143.00  0.1101119E-09   0.0000000E+00   0.1101119E-09
      147.00  0.2467535E-09   0.0000000E+00   0.2467535E-09
      151.00  0.5134426E-09   0.0000000E+00   0.5134426E-09
      155.00  0.1048377E-08   0.0000000E+00   0.1048377E-08
      159.00  0.1921857E-08   0.0000000E+00   0.1921857E-08
      162.00  0.1453475E-08   0.0000000E+00   0.1453475E-08
      166.00  0.2648111E-08   0.0000000E+00   0.2648111E-08
      170.00  0.4590151E-08   0.0000000E+00   0.4590151E-08
      173.00  0.6650710E-08   0.0000000E+00   0.6650710E-08
      177.00  0.1104340E-07   0.0000000E+00   0.1104340E-07
      180.00  0.1572147E-07   0.0000000E+00   0.1572147E-07
      182.00  0.1978648E-07   0.0000000E+00   0.1978648E-07
      186.00  0.3113091E-07   0.0000000E+00   0.3113091E-07
      191.00  0.5326435E-07   0.0000000E+00   0.5326435E-07
      194.00  0.7127721E-07   0.0000000E+00   0.7127721E-07
      198.00  0.1056739E-06   0.0000000E+00   0.1056739E-06
      202.00  0.1498428E-06   0.0000000E+00   0.1498428E-06
      205.00  0.2026569E-06   0.0000000E+00   0.2026569E-06
      210.00  0.3178649E-06   0.0000000E+00   0.3178649E-06
      216.00  0.5226900E-06   0.0000000E+00   0.5226900E-06
      220.00  0.7141516E-06   0.0000000E+00   0.7141516E-06
      223.00  0.8799780E-06   0.0000000E+00   0.8799780E-06
      227.00  0.1203793E-05   0.0000000E+00   0.1203793E-05
      228.00  0.1303088E-05   0.0000000E+00   0.1303088E-05
      228.00  0.3680622E-05   0.0000000E+00   0.3680622E-05
      230.00  0.7901678E-05   0.0000000E+00   0.7901678E-05
      234.00  0.1634379E-04   0.0000000E+00   0.1634379E-04
      240.00  0.2904046E-04   0.0000000E+00   0.2904046E-04
      246.00  0.1473333E-04   0.0000000E+00   0.1473333E-04
      252.00  0.2177911E-03   0.0000000E+00   0.2177911E-03
      257.00  0.4440271E-03   0.0000000E+00   0.4440271E-03
      260.00  0.6576401E-04   0.0000000E+00   0.6576401E-04
      264.00  0.3853030E-02   0.0000000E+00   0.3853030E-02
      269.00  0.2142833E-02   0.0000000E+00   0.2142833E-02
      274.00  0.2437848E-02   0.0000000E+00   0.2437848E-02
      279.00  0.4075726E-04   0.0000000E+00   0.4075726E-04
      284.00  0.5681795E-03   0.0000000E+00   0.5681795E-03
      290.00  0.3752672E-02   0.0000000E+00   0.3752672E-02
      296.00  0.4369264E-02   0.0000000E+00   0.4369264E-02
      301.00  0.5442948E-03   0.0000000E+00   0.5442948E-03
      308.00  0.3933018E-02   0.0000000E+00   0.3933018E-02
      318.00  0.9575371E-02   0.0000000E+00   0.9575371E-02
      328.00  0.2232708E-02   0.0000000E+00   0.2232708E-02
      338.00  0.4041176E-02   0.0000000E+00   0.4041176E-02
      348.00  0.1428609E-02   0.0000000E+00   0.1428609E-02
      353.30  0.1428609E-02   0.0000000E+00   0.1428609E-02
      353.30  0.5575805E-02   0.0000000E+00   0.5575805E-02
      357.00  0.1731758E-02   0.0000000E+00   0.1731758E-02
      366.00  0.9419852E-02   0.0000000E+00   0.9419852E-02
      375.00  0.8168866E-02   0.0000000E+00   0.8168866E-02
      385.00  0.6308446E-02   0.0000000E+00   0.6308446E-02
      395.00  0.3300688E-02   0.0000000E+00   0.3300688E-02
      405.00  0.1094105E-01   0.0000000E+00   0.1094105E-01
      414.00  0.1153069E-01   0.0000000E+00   0.1153069E-01
      422.00  0.8199584E-02   0.0000000E+00   0.8199584E-02
      430.00  0.1147961E-01   0.0000000E+00   0.1147961E-01
      441.00  0.1172163E-01   0.0000000E+00   0.1172163E-01
      451.00  0.8489914E-02   0.0000000E+00   0.8489914E-02
      460.00  0.1230345E-01   0.0000000E+00   0.1230345E-01
      470.00  0.1360459E-01   0.0000000E+00   0.1360459E-01
      480.00  0.1342640E-01   0.0000000E+00   0.1342640E-01
      490.00  0.1091849E-01   0.0000000E+00   0.1091849E-01
      500.00  0.1528508E-01   0.0000000E+00   0.1528508E-01
      504.60  0.1895658E-01   0.0000000E+00   0.1895658E-01
      504.60  0.2964115E-01   0.0000000E+00   0.2964115E-01
      506.00  0.2815524E-01   0.0000000E+00   0.2815524E-01
      512.00  0.2369752E-01   0.0000000E+00   0.2369752E-01
      520.00  0.2997727E-01   0.0000000E+00   0.2997727E-01
      530.00  0.1982395E-01   0.0000000E+00   0.1982395E-01
      540.00  0.1540918E-01   0.0000000E+00   0.1540918E-01
      550.00  0.2936877E-01   0.0000000E+00   0.2936877E-01
      560.00  0.3045221E-01   0.0000000E+00   0.3045221E-01
      570.00  0.3168351E-01   0.0000000E+00   0.3168351E-01
      580.00  0.2116163E-01   0.0000000E+00   0.2116163E-01
      590.00  0.3143312E-01   0.0000000E+00   0.3143312E-01
      600.00  0.2090403E-01   0.0000000E+00   0.2090403E-01
      610.00  0.2786151E-01   0.0000000E+00   0.2786151E-01
      620.00  0.3073946E-01   0.0000000E+00   0.3073946E-01
      630.00  0.2880139E-01   0.0000000E+00   0.2880139E-01
      640.00  0.2624159E-01   0.0000000E+00   0.2624159E-01
      650.00  0.2791751E-01   0.0000000E+00   0.2791751E-01
      658.00  0.2415583E-01   0.0000000E+00   0.2415583E-01
      665.00  0.2085438E-01   0.0000000E+00   0.2085438E-01
      675.00  0.3028487E-01   0.0000000E+00   0.3028487E-01
      685.00  0.2763990E-01   0.0000000E+00   0.2763990E-01
      695.00  0.2528942E-01   0.0000000E+00   0.2528942E-01
      705.00  0.3211471E-01   0.0000000E+00   0.3211471E-01
      716.00  0.3016687E-01   0.0000000E+00   0.3016687E-01
      726.00  0.3006611E-01   0.0000000E+00   0.3006611E-01
      735.00  0.2996952E-01   0.0000000E+00   0.2996952E-01
      745.00  0.2992528E-01   0.0000000E+00   0.2992528E-01
      755.00  0.2978900E-01   0.0000000E+00   0.2978900E-01
      765.00  0.3112543E-01   0.0000000E+00   0.3112543E-01
      775.00  0.2941155E-01   0.0000000E+00   0.2941155E-01
      785.00  0.1302149E-01   0.0000000E+00   0.1302149E-01
      795.00  0.2955443E-01   0.0000000E+00   0.2955443E-01
      805.00  0.2944599E-01   0.0000000E+00   0.2944599E-01
      815.00  0.2913903E-01   0.0000000E+00   0.2913903E-01
      825.00  0.2923668E-01   0.0000000E+00   0.2923668E-01
      835.00  0.2098128E-01   0.0000000E+00   0.2098128E-01
      845.00  0.2906903E-01   0.0000000E+00   0.2906903E-01
      855.00  0.2776112E-01   0.0000000E+00   0.2776112E-01
      865.00  0.2890417E-01   0.0000000E+00   0.2890417E-01
      875.00  0.2880072E-01   0.0000000E+00   0.2880072E-01
      885.00  0.2863278E-01   0.0000000E+00   0.2863278E-01
      895.00  0.2858549E-01   0.0000000E+00   0.2858549E-01
      905.00  0.2844564E-01   0.0000000E+00   0.2844564E-01
      912.40  0.2828256E-01   0.3603986E-04   0.2831860E-01
      912.40  0.1489241E+00   0.3604017E-04   0.1489602E+00
      915.00  0.1388047E+00   0.4741293E-04   0.1388521E+00
      925.00  0.9988341E-01   0.5154445E-04   0.9993495E-01
      935.00  0.1477208E+00   0.5592265E-04   0.1477767E+00
      945.00  0.1410143E+00   0.6055404E-04   0.1410749E+00
      955.00  0.1500200E+00   0.6544498E-04   0.1500854E+00
      965.00  0.1525663E+00   0.7060150E-04   0.1526369E+00
      975.00  0.1142528E+00   0.7602936E-04   0.1143288E+00
      985.00  0.1490547E+00   0.8173407E-04   0.1491364E+00
      995.00  0.1450261E+00   0.8772081E-04   0.1451138E+00
     1005.00  0.1342676E+00   0.9399450E-04   0.1343616E+00
     1015.00  0.1384952E+00   0.1005597E-03   0.1385958E+00
     1025.00  0.1180889E+00   0.1074208E-03   0.1181963E+00
     1035.00  0.1320089E+00   0.1145816E-03   0.1321235E+00
     1045.00  0.1366378E+00   0.1220529E-03   0.1367599E+00
     1055.00  0.1337494E+00   0.1298325E-03   0.1338792E+00
     1065.00  0.1286928E+00   0.1379223E-03   0.1288307E+00
     1075.00  0.1129041E+00   0.1463249E-03   0.1130504E+00
     1085.00  0.1193131E+00   0.1550428E-03   0.1194681E+00
     1095.00  0.1229957E+00   0.1640779E-03   0.1231598E+00
     1105.00  0.1198618E+00   0.1734319E-03   0.1200352E+00
     1115.00  0.1164283E+00   0.1831059E-03   0.1166114E+00
     1125.00  0.8567403E-01   0.1931007E-03   0.8586713E-01
     1135.00  0.1127167E+00   0.2034173E-03   0.1129201E+00
     1145.00  0.1094656E+00   0.2140562E-03   0.1096797E+00
     1155.00  0.9095425E-01   0.2250176E-03   0.9117927E-01
     1165.00  0.9652202E-01   0.2363012E-03   0.9675832E-01
     1175.00  0.8143124E-01   0.2479065E-03   0.8167915E-01
     1185.00  0.1010284E+00   0.2598329E-03   0.1012882E+00
     1195.00  0.9580417E-01   0.2720792E-03   0.9607625E-01
     1205.00  0.8682193E-01   0.2846441E-03   0.8710657E-01
     1215.00  0.8011998E-01   0.2975261E-03   0.8041751E-01
     1225.00  0.8732550E-01   0.6591474E-03   0.8798465E-01
     1235.00  0.8766192E-01   0.9887615E-03   0.8865068E-01
     1245.00  0.8853773E-01   0.1271198E-02   0.8980893E-01
     1255.00  0.8559216E-01   0.1514675E-02   0.8710683E-01
     1265.00  0.8559025E-01   0.1725283E-02   0.8731553E-01
     1275.00  0.8425306E-01   0.1907837E-02   0.8616090E-01
     1285.00  0.8025806E-01   0.2066268E-02   0.8232433E-01
     1295.00  0.7732312E-01   0.2203846E-02   0.7952697E-01
     1305.00  0.7869265E-01   0.2323327E-02   0.8101598E-01
     1315.00  0.7673604E-01   0.2427057E-02   0.7916310E-01
     1325.00  0.7497214E-01   0.2517046E-02   0.7748919E-01
     1335.00  0.7406465E-01   0.2595025E-02   0.7665968E-01
     1345.00  0.6870934E-01   0.2662495E-02   0.7137183E-01
     1355.00  0.7171053E-01   0.2720756E-02   0.7443129E-01
     1365.00  0.7010007E-01   0.2770945E-02   0.7287102E-01
     1375.00  0.6862829E-01   0.2814054E-02   0.7144234E-01
     1385.00  0.6633263E-01   0.2850952E-02   0.6918358E-01
     1395.00  0.6189202E-01   0.2882403E-02   0.6477442E-01
     1405.00  0.6551080E-01   0.2909077E-02   0.6841988E-01
     1415.00  0.6305476E-01   0.2931567E-02   0.6598633E-01
     1425.00  0.6061990E-01   0.2950393E-02   0.6357029E-01
     1435.00  0.6062297E-01   0.2966017E-02   0.6358899E-01
     1442.00  0.6028325E-01   0.2975269E-02   0.6325852E-01
     1447.00  0.5969366E-01   0.2981110E-02   0.6267477E-01
     1455.00  0.5884263E-01   0.2989243E-02   0.6183187E-01
     1465.00  0.5745201E-01   0.2997526E-02   0.6044954E-01
     1475.00  0.5628357E-01   0.3003979E-02   0.5928755E-01
     1485.00  0.5495507E-01   0.3008854E-02   0.5796392E-01
     1495.00  0.5450260E-01   0.3012373E-02   0.5751497E-01
     1505.00  0.5313000E-01   0.3014736E-02   0.5614474E-01
     1512.00  0.5207639E-01   0.3015798E-02   0.5509219E-01
     1517.00  0.5181408E-01   0.3016292E-02   0.5483037E-01
     1525.00  0.4998152E-01   0.3016678E-02   0.5299820E-01
     1535.00  0.4950956E-01   0.3016552E-02   0.5252611E-01
     1545.00  0.3228418E-01   0.3015865E-02   0.3530005E-01
     1555.00  0.4874527E-01   0.3014672E-02   0.5175994E-01
     1565.00  0.4064080E-01   0.3013116E-02   0.4365392E-01
     1575.00  0.4657591E-01   0.3011286E-02   0.4958720E-01
     1585.00  0.4074625E-01   0.3009260E-02   0.4375551E-01
     1595.00  0.4515858E-01   0.3007105E-02   0.4816569E-01
     1605.00  0.4425026E-01   0.3004881E-02   0.4725514E-01
     1615.00  0.4348094E-01   0.3002641E-02   0.4648358E-01
     1625.00  0.4280194E-01   0.3000431E-02   0.4580237E-01
     1635.00  0.4213532E-01   0.2998269E-02   0.4513359E-01
     1645.00  0.4124185E-01   0.2996200E-02   0.4423805E-01
     1655.00  0.4066354E-01   0.2994268E-02   0.4365781E-01
     1665.00  0.4004073E-01   0.2992498E-02   0.4303323E-01
     1672.00  0.3943539E-01   0.2991370E-02   0.4242676E-01
     1677.00  0.3930723E-01   0.2990624E-02   0.4229785E-01
     1685.00  0.3874730E-01   0.2989541E-02   0.4173684E-01
     1695.00  0.3802557E-01   0.2988390E-02   0.4101396E-01
     1705.00  0.3733810E-01   0.2987479E-02   0.4032558E-01
     1715.00  0.3661825E-01   0.2986819E-02   0.3960507E-01
     1725.00  0.3600285E-01   0.2986421E-02   0.3898927E-01
     1735.00  0.3549096E-01   0.2986294E-02   0.3847725E-01
     1745.00  0.3487360E-01   0.2986443E-02   0.3786004E-01
     1755.00  0.3436159E-01   0.2986874E-02   0.3734846E-01
     1765.00  0.3363371E-01   0.2987591E-02   0.3662130E-01
     1775.00  0.3312789E-01   0.2988596E-02   0.3611649E-01
     1785.00  0.3264946E-01   0.2989890E-02   0.3563935E-01
     1795.00  0.3215644E-01   0.2991468E-02   0.3514791E-01
     1805.00  0.3167454E-01   0.2993332E-02   0.3466787E-01
     1815.00  0.3106640E-01   0.2995483E-02   0.3406188E-01
     1825.00  0.3060670E-01   0.2997920E-02   0.3360462E-01
     1835.00  0.3011357E-01   0.3000640E-02   0.3311421E-01
     1845.00  0.2942347E-01   0.3003641E-02   0.3242711E-01
     1855.00  0.2889871E-01   0.3006917E-02   0.3190563E-01
     1865.00  0.2853540E-01   0.3010467E-02   0.3154587E-01
     1875.00  0.2820914E-01   0.3014284E-02   0.3122342E-01
     1885.00  0.2753950E-01   0.3018364E-02   0.3055786E-01
     1895.00  0.2697268E-01   0.3022703E-02   0.2999538E-01
     1905.00  0.2677050E-01   0.3027296E-02   0.2979780E-01
     1915.00  0.2623360E-01   0.3032135E-02   0.2926574E-01
     1925.00  0.2578457E-01   0.3037217E-02   0.2882179E-01
     1935.00  0.2552415E-01   0.3042536E-02   0.2856669E-01
     1945.00  0.2522390E-01   0.3048066E-02   0.2827197E-01
     1955.00  0.2462601E-01   0.3053795E-02   0.2767981E-01
     1967.00  0.2436977E-01   0.3060950E-02   0.2743072E-01
     1976.00  0.2413546E-01   0.3066512E-02   0.2720197E-01
     1984.00  0.2372177E-01   0.3071591E-02   0.2679336E-01
     1995.00  0.2323944E-01   0.3078779E-02   0.2631822E-01
     2005.00  0.2301244E-01   0.3085511E-02   0.2609795E-01
     2015.00  0.2272515E-01   0.3092426E-02   0.2581758E-01
     2025.00  0.2244048E-01   0.3099517E-02   0.2554000E-01
     2035.00  0.2201971E-01   0.3106890E-02   0.2512660E-01
     2045.00  0.2169761E-01   0.3114477E-02   0.2481209E-01
     2055.00  0.2162217E-01   0.1798471E-02   0.2342064E-01
     2065.00  0.2137733E-01   0.1791634E-02   0.2316896E-01
     2074.00  0.2127202E-01   0.1785653E-02   0.2305767E-01
     2078.00  0.2103085E-01   0.1783047E-02   0.2281390E-01
     2085.00  0.2084418E-01   0.1778560E-02   0.2262274E-01
     2095.00  0.2047609E-01   0.1772314E-02   0.2224840E-01
     2105.00  0.2026293E-01   0.1766256E-02   0.2202919E-01
     2115.00  0.1999831E-01   0.1760382E-02   0.2175869E-01
     2125.00  0.1973881E-01   0.1754689E-02   0.2149350E-01
     2135.00  0.1943646E-01   0.1749172E-02   0.2118563E-01
     2145.00  0.1913554E-01   0.1743827E-02   0.2087937E-01
     2155.00  0.1889687E-01   0.1738650E-02   0.2063552E-01
     2165.00  0.1862080E-01   0.1733637E-02   0.2035444E-01
     2175.00  0.1834761E-01   0.1728786E-02   0.2007640E-01
     2185.00  0.1810474E-01   0.1724092E-02   0.1982883E-01
     2195.00  0.1787065E-01   0.1719552E-02   0.1959020E-01
     2205.00  0.1760981E-01   0.1715161E-02   0.1932497E-01
     2215.00  0.1735432E-01   0.1710915E-02   0.1906524E-01
     2225.00  0.1709657E-01   0.1706812E-02   0.1880338E-01
     2235.00  0.1687043E-01   0.1702847E-02   0.1857328E-01
     2245.00  0.1664529E-01   0.1699017E-02   0.1834431E-01
     2255.00  0.1640408E-01   0.1695318E-02   0.1809940E-01
     2265.00  0.1618777E-01   0.1691748E-02   0.1787952E-01
     2275.00  0.1596509E-01   0.1688303E-02   0.1765339E-01
     2285.00  0.1575967E-01   0.1684954E-02   0.1744462E-01
     2295.00  0.1549483E-01   0.1681695E-02   0.1717652E-01
     2305.00  0.1532764E-01   0.1678549E-02   0.1700619E-01
     2315.00  0.1511258E-01   0.1675513E-02   0.1678809E-01
     2325.00  0.1464434E-01   0.1672585E-02   0.1631692E-01
     2335.00  0.1469234E-01   0.1669761E-02   0.1636210E-01
     2345.00  0.1448802E-01   0.1667038E-02   0.1615506E-01
     2355.00  0.1431747E-01   0.1664414E-02   0.1598188E-01
     2365.00  0.1411269E-01   0.1661885E-02   0.1577458E-01
     2375.00  0.1393053E-01   0.1659450E-02   0.1558998E-01
     2385.00  0.1373058E-01   0.1657105E-02   0.1538769E-01
     2395.00  0.1356374E-01   0.1654848E-02   0.1521859E-01
     2405.00  0.1338354E-01   0.1652677E-02   0.1503622E-01
     2415.00  0.1320908E-01   0.1650588E-02   0.1485967E-01
     2425.00  0.1304930E-01   0.1648581E-02   0.1469788E-01
     2435.00  0.1287225E-01   0.1646651E-02   0.1451890E-01
     2445.00  0.1271244E-01   0.1644797E-02   0.1435724E-01
     2455.00  0.1255192E-01   0.1643016E-02   0.1419494E-01
     2465.00  0.1238276E-01   0.1641307E-02   0.1402407E-01
     2475.00  0.1222421E-01   0.1639667E-02   0.1386388E-01
     2485.00  0.1207165E-01   0.1638093E-02   0.1370974E-01
     2495.00  0.1184121E-01   0.1636584E-02   0.1347779E-01
     2505.00  0.1177039E-01   0.1635138E-02   0.1340553E-01
     2513.00  0.1161846E-01   0.1634025E-02   0.1325249E-01
     2518.00  0.1157365E-01   0.1633349E-02   0.1320700E-01
     2525.00  0.1146521E-01   0.1632427E-02   0.1309764E-01
     2535.00  0.1131570E-01   0.1631157E-02   0.1294686E-01
     2545.00  0.1116759E-01   0.1629946E-02   0.1279754E-01
     2555.00  0.1104722E-01   0.1628788E-02   0.1267601E-01
     2565.00  0.1090736E-01   0.1627682E-02   0.1253504E-01
     2575.00  0.1077791E-01   0.1626627E-02   0.1240454E-01
     2585.00  0.1064618E-01   0.1625619E-02   0.1227180E-01
     2595.00  0.1051374E-01   0.1624659E-02   0.1213840E-01
     2605.00  0.1038161E-01   0.1589812E-02   0.1197142E-01
     2615.00  0.1027420E-01   0.1589003E-02   0.1186320E-01
     2625.00  0.1015347E-01   0.1588239E-02   0.1174171E-01
     2635.00  0.1003185E-01   0.1587516E-02   0.1161937E-01
     2645.00  0.9932424E-02   0.1586835E-02   0.1151926E-01
     2655.00  0.9811373E-02   0.1586193E-02   0.1139757E-01
     2665.00  0.9682829E-02   0.1585589E-02   0.1126842E-01
     2675.00  0.9566477E-02   0.1585022E-02   0.1115150E-01
     2685.00  0.9468313E-02   0.1584490E-02   0.1105280E-01
     2695.00  0.9334343E-02   0.1583992E-02   0.1091833E-01
     2705.00  0.9240466E-02   0.1583527E-02   0.1082399E-01
     2715.00  0.9126094E-02   0.1583093E-02   0.1070919E-01
     2725.00  0.8998870E-02   0.1582689E-02   0.1058156E-01
     2735.00  0.8913180E-02   0.1582314E-02   0.1049549E-01
     2745.00  0.8794530E-02   0.1581966E-02   0.1037650E-01
     2755.00  0.8694513E-02   0.1581646E-02   0.1027616E-01
     2765.00  0.8582118E-02   0.1581351E-02   0.1016347E-01
     2775.00  0.8503913E-02   0.1581080E-02   0.1008499E-01
     2785.00  0.8404183E-02   0.1580833E-02   0.9985016E-02
     2795.00  0.8269502E-02   0.1580608E-02   0.9850110E-02
     2805.00  0.8193044E-02   0.1580404E-02   0.9773448E-02
     2815.00  0.8120680E-02   0.1580221E-02   0.9700901E-02
     2825.00  0.8008008E-02   0.1580057E-02   0.9588065E-02
     2835.00  0.7915728E-02   0.1579911E-02   0.9495639E-02
     2845.00  0.7838470E-02   0.1579783E-02   0.9418253E-02
     2855.00  0.7748059E-02   0.1579656E-02   0.9327715E-02
     2865.00  0.7664657E-02   0.1579529E-02   0.9244186E-02
     2875.00  0.7576381E-02   0.1579415E-02   0.9155796E-02
     2885.00  0.7494880E-02   0.1579314E-02   0.9074194E-02
     2895.00  0.7412936E-02   0.1579224E-02   0.8992160E-02
     2910.00  0.7292162E-02   0.1579111E-02   0.8871273E-02
     2930.00  0.7126884E-02   0.1578996E-02   0.8705880E-02
     2950.00  0.6952394E-02   0.1578915E-02   0.8531309E-02
     2970.00  0.6814355E-02   0.1578864E-02   0.8393219E-02
     2990.00  0.6665934E-02   0.1578838E-02   0.8244772E-02
     3010.00  0.6524258E-02   0.1578832E-02   0.8103090E-02
     3030.00  0.6384864E-02   0.1578842E-02   0.7963706E-02
     3050.00  0.6245141E-02   0.1578866E-02   0.7824007E-02
     3070.00  0.6114742E-02   0.1578900E-02   0.7693642E-02
     3090.00  0.5985945E-02   0.1578940E-02   0.7564885E-02
     3110.00  0.5860765E-02   0.1578981E-02   0.7439746E-02
     3130.00  0.5733406E-02   0.1571352E-02   0.7304758E-02
     3150.00  0.5616887E-02   0.1571404E-02   0.7188291E-02
     3170.00  0.5503261E-02   0.1571448E-02   0.7074709E-02
     3190.00  0.5376640E-02   0.1571484E-02   0.6948124E-02
     3210.00  0.5278359E-02   0.1571507E-02   0.6849866E-02
     3230.00  0.5171253E-02   0.1571516E-02   0.6742769E-02
     3250.00  0.5066091E-02   0.1571509E-02   0.6637600E-02
     3270.00  0.4967020E-02   0.1571455E-02   0.6538475E-02
     3290.00  0.4867072E-02   0.1571363E-02   0.6438435E-02
     3310.00  0.4773795E-02   0.1571244E-02   0.6345039E-02
     3330.00  0.4678295E-02   0.1571097E-02   0.6249392E-02
     3350.00  0.4580852E-02   0.1570921E-02   0.6151773E-02
     3370.00  0.4493825E-02   0.1570714E-02   0.6064539E-02
     3390.00  0.4406506E-02   0.1570475E-02   0.5976981E-02
     3410.00  0.4322082E-02   0.1570203E-02   0.5892285E-02
     3430.00  0.4223620E-02   0.1494114E-02   0.5717734E-02
     3450.00  0.4162721E-02   0.1493567E-02   0.5656288E-02
     3470.00  0.4094339E-02   0.1492991E-02   0.5587330E-02
     3490.00  0.4017710E-02   0.1492386E-02   0.5510096E-02
     3510.00  0.3946320E-02   0.1491748E-02   0.5438068E-02
     3530.00  0.3871389E-02   0.1491053E-02   0.5362442E-02
     3550.00  0.3799661E-02   0.1490322E-02   0.5289983E-02
     3570.00  0.3732426E-02   0.1489556E-02   0.5221982E-02
     3590.00  0.3657485E-02   0.1488753E-02   0.5146238E-02
     3610.00  0.3591795E-02   0.1487914E-02   0.5079709E-02
     3630.00  0.3525128E-02   0.1487037E-02   0.5012165E-02
     3640.00  0.3498972E-02   0.1486586E-02   0.4985558E-02
     3650.00  0.3897844E-02   0.4589705E-03   0.4356814E-02
     3670.00  0.3824480E-02   0.4563410E-03   0.4280821E-02
     3690.00  0.3728738E-02   0.4389655E-03   0.4167703E-02
     3710.00  0.3696443E-02   0.4363876E-03   0.4132831E-02
     3730.00  0.3632820E-02   0.4338583E-03   0.4066678E-02
     3750.00  0.3679101E-02   0.4313762E-03   0.4110477E-02
     3770.00  0.3633820E-02   0.4289397E-03   0.4062760E-02
     3790.00  0.3656414E-02   0.4265474E-03   0.4082961E-02
     3810.00  0.3683729E-02   0.4241981E-03   0.4107927E-02
     3830.00  0.3474161E-02   0.4218903E-03   0.3896051E-02
     3850.00  0.3623298E-02   0.4196228E-03   0.4042921E-02
     3870.00  0.3607235E-02   0.4173944E-03   0.4024629E-02
     3890.00  0.3271631E-02   0.4152040E-03   0.3686835E-02
     3910.00  0.3503943E-02   0.4130503E-03   0.3916993E-02
     3930.00  0.3448470E-02   0.4109323E-03   0.3859402E-02
     3950.00  0.3385792E-02   0.4088490E-03   0.3794641E-02
     3970.00  0.3042013E-02   0.4068001E-03   0.3448813E-02
     3990.00  0.3265122E-02   0.4047863E-03   0.3669908E-02
     4010.00  0.3243164E-02   0.4028039E-03   0.3645968E-02
     4030.00  0.3167234E-02   0.4008521E-03   0.3568086E-02
     4050.00  0.3144528E-02   0.3989300E-03   0.3543458E-02
     4070.00  0.3079524E-02   0.3970366E-03   0.3476561E-02
     4090.00  0.2937650E-02   0.3951712E-03   0.3332821E-02
     4110.00  0.2758234E-02   0.3933330E-03   0.3151567E-02
     4130.00  0.2914778E-02   0.3915212E-03   0.3306299E-02
     4150.00  0.2881708E-02   0.3897350E-03   0.3271443E-02
     4170.00  0.2844278E-02   0.3879738E-03   0.3232252E-02
     4190.00  0.2801325E-02   0.3862368E-03   0.3187562E-02
     4210.00  0.2756056E-02   0.3845234E-03   0.3140579E-02
     4230.00  0.2709826E-02   0.3828330E-03   0.3092659E-02
     4250.00  0.2664587E-02   0.3811648E-03   0.3045752E-02
     4270.00  0.2619004E-02   0.3795183E-03   0.2998522E-02
     4290.00  0.2576810E-02   0.3778930E-03   0.2954703E-02
     4310.00  0.2522454E-02   0.3762882E-03   0.2898742E-02
     4330.00  0.2390302E-02   0.3747033E-03   0.2765005E-02
     4350.00  0.2281000E-02   0.3731381E-03   0.2654138E-02
     4370.00  0.2404297E-02   0.3715921E-03   0.2775889E-02
     4390.00  0.2366878E-02   0.3700645E-03   0.2736943E-02
     4410.00  0.2344418E-02   0.3685549E-03   0.2712973E-02
     4430.00  0.2307859E-02   0.3670628E-03   0.2674922E-02
     4450.00  0.2274528E-02   0.3655877E-03   0.2640116E-02
     4470.00  0.2212090E-02   0.3641292E-03   0.2576219E-02
     4490.00  0.2201986E-02   0.3626870E-03   0.2564673E-02
     4510.00  0.2170025E-02   0.3612605E-03   0.2531285E-02
     4530.00  0.2135486E-02   0.3598494E-03   0.2495335E-02
     4550.00  0.2101043E-02   0.3584533E-03   0.2459496E-02
     4570.00  0.2071456E-02   0.3570719E-03   0.2428528E-02
     4590.00  0.2039907E-02   0.3557047E-03   0.2395612E-02
     4610.00  0.2009980E-02   0.3543515E-03   0.2364332E-02
     4630.00  0.1978700E-02   0.3530120E-03   0.2331712E-02
     4650.00  0.1947271E-02   0.3516857E-03   0.2298957E-02
     4670.00  0.1920011E-02   0.3503724E-03   0.2270383E-02
     4690.00  0.1891137E-02   0.3490717E-03   0.2240209E-02
     4710.00  0.1854952E-02   0.3477834E-03   0.2202735E-02
     4730.00  0.1835499E-02   0.3465073E-03   0.2182006E-02
     4750.00  0.1807657E-02   0.3452429E-03   0.2152900E-02
     4770.00  0.1782016E-02   0.3439901E-03   0.2126006E-02
     4790.00  0.1755272E-02   0.3427486E-03   0.2098021E-02
     4810.00  0.1727551E-02   0.3415175E-03   0.2069068E-02
     4830.00  0.1694768E-02   0.3402965E-03   0.2035065E-02
     4850.00  0.1615649E-02   0.3390861E-03   0.1954735E-02
     4870.00  0.1528591E-02   0.3378860E-03   0.1866477E-02
     4890.00  0.1618342E-02   0.3366959E-03   0.1955038E-02
     4910.00  0.1605166E-02   0.3355158E-03   0.1940682E-02
     4930.00  0.1574105E-02   0.3343452E-03   0.1908450E-02
     4950.00  0.1562406E-02   0.3331842E-03   0.1895590E-02
     4970.00  0.1541538E-02   0.3320324E-03   0.1873570E-02
     4990.00  0.1519366E-02   0.3308896E-03   0.1850256E-02
     5010.00  0.1491256E-02   0.3297558E-03   0.1821012E-02
     5030.00  0.1477059E-02   0.3286307E-03   0.1805690E-02
     5050.00  0.1453232E-02   0.3275141E-03   0.1780746E-02
     5070.00  0.1436689E-02   0.3264069E-03   0.1763096E-02
     5090.00  0.1416847E-02   0.3253130E-03   0.1742160E-02
     5110.00  0.1397252E-02   0.3242268E-03   0.1721479E-02
     5130.00  0.1377568E-02   0.3231482E-03   0.1700716E-02
     5150.00  0.1357976E-02   0.3220772E-03   0.1680053E-02
     5170.00  0.1338693E-02   0.3210135E-03   0.1659706E-02
     5190.00  0.1321055E-02   0.3199570E-03   0.1641012E-02
     5210.00  0.1303675E-02   0.3189076E-03   0.1622583E-02
     5230.00  0.1285939E-02   0.3178652E-03   0.1603804E-02
     5250.00  0.1269046E-02   0.3168296E-03   0.1585876E-02
     5270.00  0.1251208E-02   0.3158007E-03   0.1567009E-02
     5290.00  0.1235616E-02   0.3147784E-03   0.1550394E-02
     5310.00  0.1218884E-02   0.3137627E-03   0.1532647E-02
     5330.00  0.1202144E-02   0.3127533E-03   0.1514897E-02
     5350.00  0.1186753E-02   0.3117501E-03   0.1498503E-02
     5370.00  0.1171164E-02   0.3107530E-03   0.1481917E-02
     5390.00  0.1156011E-02   0.3097613E-03   0.1465772E-02
     5410.00  0.1140604E-02   0.3087756E-03   0.1449380E-02
     5430.00  0.1125668E-02   0.3077956E-03   0.1433464E-02
     5450.00  0.1110911E-02   0.3068215E-03   0.1417733E-02
     5470.00  0.1096978E-02   0.3058530E-03   0.1402831E-02
     5490.00  0.1083064E-02   0.3048902E-03   0.1387954E-02
     5510.00  0.1069052E-02   0.3039328E-03   0.1372985E-02
     5530.00  0.1055240E-02   0.3029808E-03   0.1358221E-02
     5550.00  0.1041742E-02   0.3020342E-03   0.1343776E-02
     5570.00  0.1028521E-02   0.3010929E-03   0.1329614E-02
     5590.00  0.1015622E-02   0.3001567E-03   0.1315779E-02
     5610.00  0.1002849E-02   0.2992257E-03   0.1302075E-02
     5630.00  0.9902726E-03   0.2982997E-03   0.1288572E-02
     5650.00  0.9775815E-03   0.2973787E-03   0.1274960E-02
     5670.00  0.9653037E-03   0.2964626E-03   0.1261766E-02
     5690.00  0.9543044E-03   0.2955514E-03   0.1249856E-02
     5710.00  0.9426159E-03   0.2566973E-03   0.1199313E-02
     5730.00  0.9310944E-03   0.2558616E-03   0.1186956E-02
     5750.00  0.9194261E-03   0.2550310E-03   0.1174457E-02
     5770.00  0.9084602E-03   0.2542054E-03   0.1162666E-02
     5790.00  0.8974480E-03   0.2533848E-03   0.1150833E-02
     5810.00  0.8865304E-03   0.2525691E-03   0.1139099E-02
     5830.00  0.8756519E-03   0.2517582E-03   0.1127410E-02
     5850.00  0.8648163E-03   0.2509521E-03   0.1115768E-02
     5870.00  0.8466705E-03   0.2501506E-03   0.1096821E-02
     5890.00  0.8433452E-03   0.2493538E-03   0.1092699E-02
     5910.00  0.8342726E-03   0.2485616E-03   0.1082834E-02
     5930.00  0.8242020E-03   0.2477738E-03   0.1071976E-02
     5950.00  0.8141971E-03   0.2469906E-03   0.1061188E-02
     5970.00  0.8047455E-03   0.2462117E-03   0.1050957E-02
     5990.00  0.7952798E-03   0.2454372E-03   0.1040717E-02
     6010.00  0.7859053E-03   0.2446670E-03   0.1030572E-02
     6030.00  0.7766008E-03   0.2439010E-03   0.1020502E-02
     6050.00  0.7673641E-03   0.2431392E-03   0.1010503E-02
     6070.00  0.7585766E-03   0.2423815E-03   0.1000958E-02
     6090.00  0.7498356E-03   0.2416280E-03   0.9914636E-03
     6110.00  0.7411047E-03   0.2408785E-03   0.9819832E-03
     6130.00  0.7323046E-03   0.2401329E-03   0.9724375E-03
     6150.00  0.7236855E-03   0.2393914E-03   0.9630769E-03
     6170.00  0.7155102E-03   0.2386537E-03   0.9541639E-03
     6190.00  0.7075369E-03   0.2379199E-03   0.9454568E-03
     6210.00  0.6994688E-03   0.2371899E-03   0.9366587E-03
     6230.00  0.6914018E-03   0.2364637E-03   0.9278655E-03
     6250.00  0.6832140E-03   0.2357413E-03   0.9189553E-03
     6270.00  0.6759126E-03   0.2350225E-03   0.9109351E-03
     6290.00  0.6683743E-03   0.2343074E-03   0.9026817E-03
     6310.00  0.6607542E-03   0.2335959E-03   0.8943501E-03
     6330.00  0.6533506E-03   0.2328881E-03   0.8862387E-03
     6350.00  0.6457584E-03   0.2321837E-03   0.8779421E-03
     6370.00  0.6387633E-03   0.2314829E-03   0.8702462E-03
     6390.00  0.6318022E-03   0.2307855E-03   0.8625877E-03
     6410.00  0.6246701E-03   0.2300916E-03   0.8547617E-03
     6430.00  0.6177493E-03   0.2294010E-03   0.8471503E-03
     6450.00  0.6107224E-03   0.2287139E-03   0.8394363E-03
     6470.00  0.6041225E-03   0.2280301E-03   0.8321526E-03
     6490.00  0.5972018E-03   0.2273496E-03   0.8245514E-03
     6510.00  0.5902080E-03   0.2266724E-03   0.8168804E-03
     6530.00  0.5818082E-03   0.2259959E-03   0.8078041E-03
     6550.00  0.5632936E-03   0.2253219E-03   0.7886155E-03
     6570.00  0.5295279E-03   0.2246510E-03   0.7541789E-03
     6590.00  0.5606426E-03   0.2239831E-03   0.7846257E-03
     6610.00  0.5585348E-03   0.2233183E-03   0.7818531E-03
     6630.00  0.5534706E-03   0.2226566E-03   0.7761272E-03
     6650.00  0.5478524E-03   0.2215347E-03   0.7693871E-03
     6670.00  0.5406197E-03   0.2208823E-03   0.7615020E-03
     6690.00  0.5349732E-03   0.2202329E-03   0.7552061E-03
     6710.00  0.5308502E-03   0.2195863E-03   0.7504365E-03
     6730.00  0.5252321E-03   0.2189427E-03   0.7441748E-03
     6750.00  0.5197099E-03   0.2183019E-03   0.7380118E-03
     6770.00  0.5143716E-03   0.2176640E-03   0.7320356E-03
     6790.00  0.5089937E-03   0.2170288E-03   0.7260225E-03
     6810.00  0.5037085E-03   0.2163965E-03   0.7201050E-03
     6830.00  0.4984243E-03   0.2157670E-03   0.7141913E-03
     6850.00  0.4931551E-03   0.2151402E-03   0.7082953E-03
     6870.00  0.4881398E-03   0.2145162E-03   0.7026560E-03
     6890.00  0.4831324E-03   0.2138948E-03   0.6970272E-03
     6910.00  0.4781689E-03   0.2132762E-03   0.6914451E-03
     6930.00  0.4732039E-03   0.2126603E-03   0.6858642E-03
     6950.00  0.4682792E-03   0.2120470E-03   0.6803262E-03
     6970.00  0.4635925E-03   0.2114363E-03   0.6750288E-03
     6990.00  0.4588943E-03   0.2108283E-03   0.6697226E-03
     7010.00  0.4542406E-03   0.2102228E-03   0.6644634E-03
     7030.00  0.4496175E-03   0.2096200E-03   0.6592375E-03
     7050.00  0.4450121E-03   0.2090196E-03   0.6540317E-03
     7070.00  0.4385654E-03   0.2084219E-03   0.6469873E-03
     7090.00  0.4362108E-03   0.2078266E-03   0.6440374E-03
     7110.00  0.4317738E-03   0.2072339E-03   0.6390077E-03
     7130.00  0.4274577E-03   0.2066437E-03   0.6341014E-03
     7150.00  0.4231482E-03   0.2060559E-03   0.6292041E-03
     7170.00  0.4189911E-03   0.2054706E-03   0.6244617E-03
     7190.00  0.4148572E-03   0.2048878E-03   0.6197450E-03
     7210.00  0.4107792E-03   0.2043074E-03   0.6150866E-03
     7230.00  0.4065315E-03   0.2037294E-03   0.6102609E-03
     7250.00  0.4026710E-03   0.2031538E-03   0.6058248E-03
     7270.00  0.3987937E-03   0.2025806E-03   0.6013743E-03
     7290.00  0.3939126E-03   0.2020098E-03   0.5959224E-03
     7310.00  0.3910229E-03   0.2014413E-03   0.5924642E-03
     7330.00  0.3872260E-03   0.2008752E-03   0.5881012E-03
     7350.00  0.3834246E-03   0.2003113E-03   0.5837359E-03
     7370.00  0.3797437E-03   0.1997498E-03   0.5794935E-03
     7390.00  0.3760447E-03   0.1991906E-03   0.5752353E-03
     7410.00  0.3723697E-03   0.1986337E-03   0.5710034E-03
     7430.00  0.3688688E-03   0.1980790E-03   0.5669478E-03
     7450.00  0.3653318E-03   0.1973684E-03   0.5627002E-03
     7470.00  0.3618820E-03   0.1968185E-03   0.5587005E-03
     7490.00  0.3584723E-03   0.1962709E-03   0.5547432E-03
     7510.00  0.3550194E-03   0.1957255E-03   0.5507449E-03
     7530.00  0.3517054E-03   0.1951823E-03   0.5468877E-03
     7550.00  0.3483364E-03   0.1946413E-03   0.5429777E-03
     7570.00  0.3450891E-03   0.1941024E-03   0.5391915E-03
     7590.00  0.3418668E-03   0.1935657E-03   0.5354325E-03
     7610.00  0.3386710E-03   0.1930315E-03   0.5317025E-03
     7630.00  0.3354780E-03   0.1924996E-03   0.5279776E-03
     7650.00  0.3322916E-03   0.1919699E-03   0.5242615E-03
     7670.00  0.3292090E-03   0.1914423E-03   0.5206513E-03
     7690.00  0.3262130E-03   0.1909168E-03   0.5171298E-03
     7710.00  0.3231326E-03   0.1903934E-03   0.5135260E-03
     7730.00  0.3202156E-03   0.1898721E-03   0.5100877E-03
     7750.00  0.3171842E-03   0.1893529E-03   0.5065371E-03
     7770.00  0.3140176E-03   0.1888357E-03   0.5028533E-03
     7790.00  0.3114482E-03   0.1883206E-03   0.4997688E-03
     7810.00  0.3085448E-03   0.1878075E-03   0.4963523E-03
     7830.00  0.3057773E-03   0.1872965E-03   0.4930738E-03
     7850.00  0.3029927E-03   0.1867874E-03   0.4897801E-03
     7870.00  0.3000826E-03   0.1841534E-03   0.4842360E-03
     7890.00  0.2973603E-03   0.1836569E-03   0.4810172E-03
     7910.00  0.2947767E-03   0.1831624E-03   0.4779391E-03
     7930.00  0.2920615E-03   0.1826699E-03   0.4747314E-03
     7950.00  0.2894595E-03   0.1821792E-03   0.4716387E-03
     7970.00  0.2868944E-03   0.1816905E-03   0.4685849E-03
     7990.00  0.2844366E-03   0.1812036E-03   0.4656402E-03
     8010.00  0.2818087E-03   0.1807186E-03   0.4625273E-03
     8030.00  0.2793649E-03   0.1802355E-03   0.4596004E-03
     8050.00  0.2768709E-03   0.1797543E-03   0.4566252E-03
     8070.00  0.2745264E-03   0.1792749E-03   0.4538013E-03
     8090.00  0.2719575E-03   0.1787974E-03   0.4507549E-03
     8110.00  0.2696110E-03   0.1783217E-03   0.4479327E-03
     8130.00  0.2673594E-03   0.1778478E-03   0.4452072E-03
     8150.00  0.2648356E-03   0.1773758E-03   0.4422114E-03
     8170.00  0.2626718E-03   0.1769055E-03   0.4395773E-03
     8190.00  0.2602616E-03   0.1764371E-03   0.4366987E-03
     8210.00  0.2619862E-03   0.1628065E-03   0.4247927E-03
     8230.00  0.2599058E-03   0.1112182E-03   0.3711240E-03
     8250.00  0.2576611E-03   0.1109089E-03   0.3685700E-03
     8270.00  0.2550412E-03   0.1106010E-03   0.3656422E-03
     8290.00  0.2529285E-03   0.1097807E-03   0.3627092E-03
     8310.00  0.2505258E-03   0.1094779E-03   0.3600037E-03
     8330.00  0.2480732E-03   0.1091765E-03   0.3572497E-03
     8350.00  0.2459891E-03   0.1088765E-03   0.3548656E-03
     8370.00  0.2432430E-03   0.1085778E-03   0.3518208E-03
     8390.00  0.2415723E-03   0.1082805E-03   0.3498528E-03
     8410.00  0.2395331E-03   0.1079846E-03   0.3475177E-03
     8430.00  0.2380511E-03   0.1076900E-03   0.3457411E-03
     8450.00  0.2359639E-03   0.1073967E-03   0.3433606E-03
     8470.00  0.2322460E-03   0.1071047E-03   0.3393507E-03
     8490.00  0.2338566E-03   0.1068140E-03   0.3406706E-03
     8510.00  0.2278517E-03   0.1065247E-03   0.3343764E-03
     8530.00  0.2310466E-03   0.1062366E-03   0.3372832E-03
     8550.00  0.2218930E-03   0.1059498E-03   0.3278428E-03
     8570.00  0.2290694E-03   0.1056643E-03   0.3347337E-03
     8590.00  0.2217839E-03   0.1053801E-03   0.3271640E-03
     8610.00  0.2192458E-03   0.1050971E-03   0.3243429E-03
     8630.00  0.2247231E-03   0.1048153E-03   0.3295384E-03
     8650.00  0.2200229E-03   0.1045348E-03   0.3245577E-03
     8670.00  0.2089136E-03   0.1042555E-03   0.3131691E-03
     8690.00  0.2185359E-03   0.1039775E-03   0.3225134E-03
     8710.00  0.2186690E-03   0.1037006E-03   0.3223696E-03
     8730.00  0.2144430E-03   0.1034250E-03   0.3178680E-03
     8750.00  0.2017105E-03   0.1031505E-03   0.3048610E-03
     8770.00  0.2092281E-03   0.1028772E-03   0.3121053E-03
     8790.00  0.2118313E-03   0.1026052E-03   0.3144365E-03
     8810.00  0.2104740E-03   0.1023342E-03   0.3128082E-03
     8830.00  0.2080803E-03   0.1020645E-03   0.3101448E-03
     8850.00  0.2010293E-03   0.1017959E-03   0.3028252E-03
     8870.00  0.1919005E-03   0.1015284E-03   0.2934289E-03
     8890.00  0.2018234E-03   0.1012621E-03   0.3030855E-03
     8910.00  0.2021259E-03   0.1009970E-03   0.3031229E-03
     8930.00  0.2009138E-03   0.1007329E-03   0.3016467E-03
     8950.00  0.1994937E-03   0.1004700E-03   0.2999637E-03
     8970.00  0.1975106E-03   0.1002082E-03   0.2977188E-03
     8990.00  0.1939015E-03   0.9994747E-04   0.2938490E-03
     9010.00  0.1820144E-03   0.9968786E-04   0.2817023E-03
     9030.00  0.1856906E-03   0.9942933E-04   0.2851199E-03
     9050.00  0.1903332E-03   0.9917188E-04   0.2895051E-03
     9070.00  0.1893859E-03   0.9891552E-04   0.2883014E-03
     9090.00  0.1883916E-03   0.9866023E-04   0.2870518E-03
     9110.00  0.1874040E-03   0.9840600E-04   0.2858100E-03
     9130.00  0.1860548E-03   0.9815283E-04   0.2842076E-03
     9150.00  0.1845087E-03   0.9790075E-04   0.2824094E-03
     9170.00  0.1826768E-03   0.9764971E-04   0.2803265E-03
     9190.00  0.1806948E-03   0.9739969E-04   0.2780945E-03
     9210.00  0.1761387E-03   0.9715072E-04   0.2732894E-03
     9230.00  0.1646996E-03   0.9690277E-04   0.2616024E-03
     9250.00  0.1729742E-03   0.9665583E-04   0.2696300E-03
     9270.00  0.1748507E-03   0.9640989E-04   0.2712606E-03
     9290.00  0.1744234E-03   0.9616496E-04   0.2705884E-03
     9310.00  0.1731548E-03   0.9592103E-04   0.2690758E-03
     9330.00  0.1721214E-03   0.9567809E-04   0.2677995E-03
     9350.00  0.1707884E-03   0.9543613E-04   0.2662245E-03
     9370.00  0.1695574E-03   0.9519515E-04   0.2647526E-03
     9390.00  0.1682523E-03   0.9495514E-04   0.2632074E-03
     9410.00  0.1667846E-03   0.9471612E-04   0.2615007E-03
     9430.00  0.1656488E-03   0.9447803E-04   0.2601268E-03
     9450.00  0.1643195E-03   0.9424092E-04   0.2585604E-03
     9470.00  0.1627031E-03   0.9400475E-04   0.2567078E-03
     9490.00  0.1614608E-03   0.9376953E-04   0.2552303E-03
     9510.00  0.1591582E-03   0.9353523E-04   0.2526934E-03
     9530.00  0.1549244E-03   0.9330190E-04   0.2482263E-03
     9550.00  0.1456884E-03   0.9306946E-04   0.2387579E-03
     9570.00  0.1538382E-03   0.9283796E-04   0.2466762E-03
     9590.00  0.1549350E-03   0.9260737E-04   0.2475424E-03
     9610.00  0.1542181E-03   0.9237770E-04   0.2465958E-03
     9630.00  0.1531381E-03   0.9214893E-04   0.2452870E-03
     9650.00  0.1523621E-03   0.9192108E-04   0.2442832E-03
     9670.00  0.1512044E-03   0.9169411E-04   0.2428985E-03
     9690.00  0.1501508E-03   0.9146802E-04   0.2416188E-03
     9710.00  0.1489632E-03   0.9124283E-04   0.2402060E-03
     9730.00  0.1479942E-03   0.9101852E-04   0.2390127E-03
     9750.00  0.1468900E-03   0.9079508E-04   0.2376851E-03
     9770.00  0.1458253E-03   0.9057251E-04   0.2363978E-03
     9790.00  0.1447516E-03   0.9035082E-04   0.2351024E-03
     9810.00  0.1436896E-03   0.9012999E-04   0.2338196E-03
     9830.00  0.1426296E-03   0.8990999E-04   0.2325396E-03
     9850.00  0.1415675E-03   0.8969087E-04   0.2312584E-03
     9870.00  0.1405373E-03   0.8947258E-04   0.2300099E-03
     9890.00  0.1394842E-03   0.8925514E-04   0.2287393E-03
     9910.00  0.1384638E-03   0.8903853E-04   0.2275023E-03
     9930.00  0.1374429E-03   0.8882275E-04   0.2262657E-03
     9950.00  0.1364050E-03   0.8860781E-04   0.2250128E-03
     9970.00  0.1353445E-03   0.8839370E-04   0.2237382E-03
     9990.00  0.1341734E-03   0.8818038E-04   0.2223538E-03
    10025.00  0.1296755E-03   0.8780906E-04   0.2174846E-03
    10075.00  0.1262341E-03   0.8728286E-04   0.2135170E-03
    10125.00  0.1277980E-03   0.8676165E-04   0.2145597E-03
    10175.00  0.1259153E-03   0.8624698E-04   0.2121623E-03
    10225.00  0.1237521E-03   0.8573739E-04   0.2094895E-03
    10275.00  0.1216268E-03   0.8523250E-04   0.2068593E-03
    10325.00  0.1193495E-03   0.8473224E-04   0.2040817E-03
    10375.00  0.1173707E-03   0.8423656E-04   0.2016073E-03
    10425.00  0.1153665E-03   0.8374540E-04   0.1991119E-03
    10475.00  0.1133628E-03   0.8325869E-04   0.1966215E-03
    10525.00  0.1114439E-03   0.8277638E-04   0.1942203E-03
    10575.00  0.1095591E-03   0.8229842E-04   0.1918575E-03
    10625.00  0.1076822E-03   0.8182476E-04   0.1895070E-03
    10675.00  0.1057611E-03   0.8135533E-04   0.1871164E-03
    10725.00  0.1041144E-03   0.8089009E-04   0.1850045E-03
    10775.00  0.1023913E-03   0.8042898E-04   0.1828203E-03
    10825.00  0.1002834E-03   0.7997196E-04   0.1802554E-03
    10875.00  0.9864426E-04   0.7951897E-04   0.1781632E-03
    10925.00  0.9316453E-04   0.7906997E-04   0.1722345E-03
    10975.00  0.9440286E-04   0.7862491E-04   0.1730278E-03
    11025.00  0.9399634E-04   0.7818374E-04   0.1721801E-03
    11075.00  0.9269974E-04   0.7774641E-04   0.1704461E-03
    11125.00  0.9119599E-04   0.7731287E-04   0.1685089E-03
    11175.00  0.8976791E-04   0.7323779E-04   0.1630057E-03
    11225.00  0.8834315E-04   0.7283186E-04   0.1611750E-03
    11275.00  0.8692057E-04   0.7242945E-04   0.1593500E-03
    11325.00  0.8552438E-04   0.7203054E-04   0.1575549E-03
    11375.00  0.8416658E-04   0.7163508E-04   0.1558017E-03
    11425.00  0.8285684E-04   0.7124301E-04   0.1540998E-03
    11475.00  0.8159529E-04   0.7085429E-04   0.1524496E-03
    11525.00  0.8032294E-04   0.7046890E-04   0.1507918E-03
    11575.00  0.7906028E-04   0.7008679E-04   0.1491471E-03
    11625.00  0.7778064E-04   0.6970794E-04   0.1474886E-03
    11675.00  0.7659911E-04   0.6933230E-04   0.1459314E-03
    11725.00  0.7547760E-04   0.6895983E-04   0.1444374E-03
    11775.00  0.7426464E-04   0.6859050E-04   0.1428551E-03
    11825.00  0.7314614E-04   0.6822427E-04   0.1413704E-03
    11875.00  0.7200404E-04   0.6786110E-04   0.1398651E-03
    11925.00  0.7098595E-04   0.6750097E-04   0.1384869E-03
    11975.00  0.6976144E-04   0.6714383E-04   0.1369053E-03
    12025.00  0.6887457E-04   0.6678965E-04   0.1356642E-03
    12075.00  0.6782596E-04   0.6643841E-04   0.1342644E-03
    12125.00  0.6681527E-04   0.6609005E-04   0.1329053E-03
    12175.00  0.6583384E-04   0.6574456E-04   0.1315784E-03
    12225.00  0.6486373E-04   0.6540190E-04   0.1302656E-03
    12275.00  0.6391709E-04   0.6506204E-04   0.1289791E-03
    12325.00  0.6298363E-04   0.6472495E-04   0.1277086E-03
    12375.00  0.6205892E-04   0.6439060E-04   0.1264495E-03
    12425.00  0.6117657E-04   0.6405895E-04   0.1252355E-03
    12475.00  0.6030040E-04   0.6372999E-04   0.1240304E-03
    12525.00  0.5939688E-04   0.6337776E-04   0.1227746E-03
    12575.00  0.5856042E-04   0.6305434E-04   0.1216148E-03
    12625.00  0.5770465E-04   0.6273351E-04   0.1204382E-03
    12675.00  0.5688640E-04   0.6241524E-04   0.1193016E-03
    12725.00  0.5603191E-04   0.6209950E-04   0.1181314E-03
    12775.00  0.5477334E-04   0.6178627E-04   0.1165596E-03
    12825.00  0.5208545E-04   0.6147552E-04   0.1135610E-03
    12875.00  0.5344252E-04   0.6116722E-04   0.1146097E-03
    12925.00  0.5295941E-04   0.6086135E-04   0.1138208E-03
    12975.00  0.5220424E-04   0.6055788E-04   0.1127621E-03
    13025.00  0.5155959E-04   0.6025678E-04   0.1118164E-03
    13075.00  0.5084768E-04   0.5995779E-04   0.1108055E-03
    13125.00  0.5013482E-04   0.5966110E-04   0.1097959E-03
    13175.00  0.4945281E-04   0.5936669E-04   0.1088195E-03
    13225.00  0.4878632E-04   0.5907456E-04   0.1078609E-03
    13275.00  0.4811439E-04   0.5878466E-04   0.1068991E-03
    13325.00  0.4746013E-04   0.5849699E-04   0.1059571E-03
    13375.00  0.4681886E-04   0.5821151E-04   0.1050304E-03
    13425.00  0.4619157E-04   0.5792821E-04   0.1041198E-03
    13475.00  0.4558830E-04   0.5764706E-04   0.1032354E-03
    13525.00  0.4497597E-04   0.5736804E-04   0.1023440E-03
    13575.00  0.4437055E-04   0.5709113E-04   0.1014617E-03
    13625.00  0.4377236E-04   0.5680525E-04   0.1005776E-03
    13675.00  0.4320434E-04   0.5653258E-04   0.9973692E-04
    13725.00  0.4262914E-04   0.5626196E-04   0.9889110E-04
    13775.00  0.4207826E-04   0.5599336E-04   0.9807162E-04
    13825.00  0.4152269E-04   0.5572677E-04   0.9724946E-04
    13875.00  0.4097352E-04   0.5546216E-04   0.9643568E-04
    13925.00  0.4044900E-04   0.5519951E-04   0.9564851E-04
    13975.00  0.3993213E-04   0.5493881E-04   0.9487094E-04
    14025.00  0.3941520E-04   0.5468004E-04   0.9409524E-04
    14075.00  0.3890721E-04   0.5442318E-04   0.9333039E-04
    14125.00  0.3839771E-04   0.5400263E-04   0.9240034E-04
    14175.00  0.3791857E-04   0.5375079E-04   0.9166936E-04
    14225.00  0.3743810E-04   0.5350078E-04   0.9093888E-04
    14275.00  0.3696250E-04   0.5325260E-04   0.9021510E-04
    14325.00  0.3649742E-04   0.5300622E-04   0.8950364E-04
    14375.00  0.3603379E-04   0.5276162E-04   0.8879541E-04
    14425.00  0.3554655E-04   0.5251880E-04   0.8806535E-04
    14475.00  0.3513097E-04   0.5227772E-04   0.8740869E-04
    14525.00  0.3467490E-04   0.5203838E-04   0.8671328E-04
    14570.00  0.3429782E-04   0.5182445E-04   0.8612227E-04
    14620.00  0.3400379E-04   0.4273514E-04   0.7673893E-04
    14675.00  0.3354779E-04   0.4252509E-04   0.7607288E-04
    14725.00  0.3313203E-04   0.4229063E-04   0.7542266E-04
    14775.00  0.3271140E-04   0.4210282E-04   0.7481422E-04
    14825.00  0.3229356E-04   0.4191636E-04   0.7420992E-04
    14875.00  0.3185956E-04   0.4173124E-04   0.7359080E-04
    14925.00  0.3148217E-04   0.4154746E-04   0.7302963E-04
    14975.00  0.3111612E-04   0.4136498E-04   0.7248110E-04
    15025.00  0.3065685E-04   0.4118381E-04   0.7184066E-04
    15075.00  0.3031226E-04   0.4100393E-04   0.7131619E-04
    15125.00  0.2995732E-04   0.4082533E-04   0.7078265E-04
    15175.00  0.2961703E-04   0.4064799E-04   0.7026502E-04
    15225.00  0.2936542E-04   0.4047196E-04   0.6983738E-04
    15275.00  0.2885740E-04   0.4029721E-04   0.6915461E-04
    15325.00  0.2854205E-04   0.4012369E-04   0.6866574E-04
    15375.00  0.2834797E-04   0.3995138E-04   0.6829935E-04
    15425.00  0.2780553E-04   0.3978026E-04   0.6758579E-04
    15475.00  0.2771904E-04   0.3961034E-04   0.6732938E-04
    15525.00  0.2740712E-04   0.3944159E-04   0.6684871E-04
    15575.00  0.2675599E-04   0.3927401E-04   0.6603000E-04
    15625.00  0.2690871E-04   0.3910758E-04   0.6601629E-04
    15675.00  0.2636469E-04   0.3894230E-04   0.6530699E-04
    15725.00  0.2584418E-04   0.3877815E-04   0.6462233E-04
    15775.00  0.2601045E-04   0.3861513E-04   0.6462558E-04
    15825.00  0.2568589E-04   0.3845321E-04   0.6413910E-04
    15875.00  0.2475558E-04   0.3829240E-04   0.6304798E-04
    15925.00  0.2499823E-04   0.3813268E-04   0.6313091E-04
    15975.00  0.2490792E-04   0.3797404E-04   0.6288196E-04
    16050.00  0.2435601E-04   0.3773809E-04   0.6209410E-04
    16150.00  0.2351613E-04   0.3742717E-04   0.6094330E-04
    16250.00  0.2340229E-04   0.3712041E-04   0.6052270E-04
    16350.00  0.2272019E-04   0.3681772E-04   0.5953791E-04
    16450.00  0.2194037E-04   0.3651903E-04   0.5845940E-04
    16550.00  0.2186189E-04   0.3622427E-04   0.5808616E-04
    16650.00  0.2137529E-04   0.3593336E-04   0.5730865E-04
    16750.00  0.2072635E-04   0.3564624E-04   0.5637259E-04
    16850.00  0.2001309E-04   0.3536285E-04   0.5537594E-04
    16950.00  0.1997830E-04   0.3508311E-04   0.5506141E-04
    17050.00  0.1952892E-04   0.3480696E-04   0.5433588E-04
    17150.00  0.1912997E-04   0.3453435E-04   0.5366432E-04
    17250.00  0.1868166E-04   0.3426520E-04   0.5294686E-04
    17350.00  0.1780798E-04   0.3399945E-04   0.5180743E-04
    17450.00  0.1783264E-04   0.3373706E-04   0.5156970E-04
    17550.00  0.1752728E-04   0.3347795E-04   0.5100523E-04
    17650.00  0.1715924E-04   0.3322209E-04   0.5038133E-04
    17750.00  0.1679312E-04   0.3296940E-04   0.4976252E-04
    17850.00  0.1643886E-04   0.3271984E-04   0.4915870E-04
    17950.00  0.1609728E-04   0.3247335E-04   0.4857063E-04
    18050.00  0.1574078E-04   0.3222989E-04   0.4797067E-04
    18150.00  0.1503457E-04   0.3198939E-04   0.4702396E-04
    18250.00  0.1501283E-04   0.3175185E-04   0.4676468E-04
    18350.00  0.1479943E-04   0.3151744E-04   0.4631687E-04
    18450.00  0.1450182E-04   0.3128582E-04   0.4578764E-04
    18550.00  0.1420088E-04   0.3042588E-04   0.4462676E-04
    18650.00  0.1386913E-04   0.3020503E-04   0.4407416E-04
    18750.00  0.1324234E-04   0.2998679E-04   0.4322913E-04
    18850.00  0.1333375E-04   0.2977112E-04   0.4310487E-04
    18950.00  0.1309296E-04   0.2955798E-04   0.4265094E-04
    19050.00  0.1282925E-04   0.2934733E-04   0.4217658E-04
    19150.00  0.1258884E-04   0.2913913E-04   0.4172797E-04
    19250.00  0.1233983E-04   0.2893334E-04   0.4127317E-04
    19350.00  0.1206477E-04   0.2872992E-04   0.4079469E-04
    19450.00  0.1152495E-04   0.2852884E-04   0.4005379E-04
    19550.00  0.1160063E-04   0.2833005E-04   0.3993068E-04
    19650.00  0.1141035E-04   0.2813353E-04   0.3954388E-04
    19750.00  0.1119136E-04   0.2793923E-04   0.3913059E-04
    19850.00  0.1097911E-04   0.2774714E-04   0.3872625E-04
    19950.00  0.1077092E-04   0.2755720E-04   0.3832812E-04
    20050.00  0.1056889E-04   0.2736939E-04   0.3793828E-04
    20150.00  0.1037104E-04   0.2718367E-04   0.3755471E-04
    20250.00  0.1017471E-04   0.2699705E-04   0.3717176E-04
    20350.00  0.9988904E-05   0.2681545E-04   0.3680436E-04
    20450.00  0.9805585E-05   0.2663586E-04   0.3644144E-04
    20550.00  0.9620811E-05   0.2645823E-04   0.3607904E-04
    20650.00  0.9446777E-05   0.2628255E-04   0.3572933E-04
    20750.00  0.9270717E-05   0.2610879E-04   0.3537950E-04
    20850.00  0.9105777E-05   0.2593690E-04   0.3504268E-04
    20950.00  0.8941662E-05   0.2576688E-04   0.3470854E-04
    21050.00  0.8781700E-05   0.2559869E-04   0.3438039E-04
    21150.00  0.8614177E-05   0.2543230E-04   0.3404648E-04
    21250.00  0.8464299E-05   0.2526769E-04   0.3373199E-04
    21350.00  0.8314686E-05   0.2510483E-04   0.3341952E-04
    21450.00  0.8167058E-05   0.2494370E-04   0.3311075E-04
    21550.00  0.8007557E-05   0.2478285E-04   0.3279041E-04
    21650.00  0.7666268E-05   0.2462512E-04   0.3229139E-04
    21750.00  0.7713072E-05   0.2446904E-04   0.3218211E-04
    21850.00  0.7607800E-05   0.2431459E-04   0.3192239E-04
    21950.00  0.7481583E-05   0.2416175E-04   0.3164333E-04
    22050.00  0.7352865E-05   0.2401049E-04   0.3136335E-04
    22150.00  0.7225598E-05   0.2386079E-04   0.3108638E-04
    22250.00  0.7099829E-05   0.2368968E-04   0.3078951E-04
    22350.00  0.6981016E-05   0.2354328E-04   0.3052429E-04
    22450.00  0.6863212E-05   0.2339837E-04   0.3026158E-04
    22550.00  0.6746758E-05   0.2325493E-04   0.3000169E-04
    22650.00  0.6632008E-05   0.2311295E-04   0.2974496E-04
    22750.00  0.6521066E-05   0.2297240E-04   0.2949347E-04
    22850.00  0.6426108E-05   0.2093425E-04   0.2736036E-04
    22950.00  0.6319543E-05   0.2080339E-04   0.2712294E-04
    23050.00  0.6216255E-05   0.2068063E-04   0.2689689E-04
    23150.00  0.6113366E-05   0.2055909E-04   0.2667245E-04
    23250.00  0.6009038E-05   0.2043874E-04   0.2644778E-04
    23350.00  0.5912169E-05   0.2031958E-04   0.2623175E-04
    23450.00  0.5815672E-05   0.2020158E-04   0.2601725E-04
    23550.00  0.5720100E-05   0.2008474E-04   0.2580484E-04
    23650.00  0.5625872E-05   0.1996903E-04   0.2559490E-04
    23750.00  0.5536237E-05   0.1985444E-04   0.2539068E-04
    23850.00  0.5446979E-05   0.1974096E-04   0.2518793E-04
    23950.00  0.5360528E-05   0.1962856E-04   0.2498909E-04
    24050.00  0.5273482E-05   0.1951725E-04   0.2479073E-04
    24150.00  0.5185960E-05   0.1940699E-04   0.2459295E-04
    24250.00  0.5117520E-05   0.1929779E-04   0.2441531E-04
    24350.00  0.5025583E-05   0.1918962E-04   0.2421520E-04
    24450.00  0.4945300E-05   0.1908247E-04   0.2402777E-04
    24550.00  0.4883548E-05   0.1897633E-04   0.2385988E-04
    24650.00  0.4797184E-05   0.1887118E-04   0.2366837E-04
    24750.00  0.4720954E-05   0.1876702E-04   0.2348797E-04
    24850.00  0.4667643E-05   0.1866382E-04   0.2333147E-04
    24950.00  0.4559868E-05   0.1856159E-04   0.2312145E-04
    25050.00  0.4539623E-05   0.1846029E-04   0.2299992E-04
    25150.00  0.4462359E-05   0.1835993E-04   0.2282229E-04
    25250.00  0.4347561E-05   0.1826050E-04   0.2260806E-04
    25350.00  0.4323675E-05   0.1816197E-04   0.2248564E-04
    25450.00  0.4266902E-05   0.1806433E-04   0.2233124E-04
    25550.00  0.4194571E-05   0.1796759E-04   0.2216216E-04
    25650.00  0.4085292E-05   0.1787172E-04   0.2195701E-04
    25750.00  0.4072152E-05   0.1777672E-04   0.2184887E-04
    25850.00  0.4018807E-05   0.1768257E-04   0.2170137E-04
    25950.00  0.3958888E-05   0.1758926E-04   0.2154815E-04
    26050.00  0.3884820E-05   0.1749678E-04   0.2138160E-04
    26150.00  0.3779990E-05   0.1740513E-04   0.2118512E-04
    26250.00  0.3680887E-05   0.1731429E-04   0.2099518E-04
    26350.00  0.3718130E-05   0.1722426E-04   0.2094239E-04
    26450.00  0.3678819E-05   0.1713502E-04   0.2081383E-04
    26550.00  0.3625340E-05   0.1704656E-04   0.2067190E-04
    26650.00  0.3564346E-05   0.1695887E-04   0.2052322E-04
    26750.00  0.3460578E-05   0.1687195E-04   0.2033253E-04
    26850.00  0.3463639E-05   0.1678578E-04   0.2024942E-04
    26950.00  0.3424607E-05   0.1670036E-04   0.2012497E-04
    27050.00  0.3377467E-05   0.1661568E-04   0.1999315E-04
    27150.00  0.3329651E-05   0.1653173E-04   0.1986138E-04
    27250.00  0.3282096E-05   0.1644849E-04   0.1973059E-04
    27350.00  0.3235680E-05   0.1636597E-04   0.1960165E-04
    27450.00  0.3186098E-05   0.1628415E-04   0.1947025E-04
    27550.00  0.3091002E-05   0.1620303E-04   0.1929403E-04
    27650.00  0.3080980E-05   0.1596671E-04   0.1904769E-04
    27750.00  0.3056887E-05   0.1588789E-04   0.1894478E-04
    27850.00  0.3017904E-05   0.1580974E-04   0.1882764E-04
    27950.00  0.2977300E-05   0.1573224E-04   0.1870954E-04
    28050.00  0.2936611E-05   0.1565538E-04   0.1859199E-04
    28150.00  0.2896404E-05   0.1557917E-04   0.1847557E-04
    28250.00  0.2856280E-05   0.1550359E-04   0.1835987E-04
    28350.00  0.2817952E-05   0.1542863E-04   0.1824658E-04
    28450.00  0.2779650E-05   0.1535429E-04   0.1813394E-04
    28550.00  0.2740105E-05   0.1528056E-04   0.1802067E-04
    28650.00  0.2690200E-05   0.1520744E-04   0.1789764E-04
    28750.00  0.2612400E-05   0.1513491E-04   0.1774731E-04
    28850.00  0.2627332E-05   0.1506298E-04   0.1769031E-04
    28950.00  0.2598121E-05   0.1499162E-04   0.1758975E-04
    29050.00  0.2564792E-05   0.1492085E-04   0.1748564E-04
    29150.00  0.2530911E-05   0.1485065E-04   0.1738156E-04
    29250.00  0.2497160E-05   0.1478101E-04   0.1727817E-04
    29350.00  0.2465024E-05   0.1471192E-04   0.1717695E-04
    29450.00  0.2433040E-05   0.1464339E-04   0.1707643E-04
    29550.00  0.2401416E-05   0.1457541E-04   0.1697683E-04
    29650.00  0.2369877E-05   0.1450797E-04   0.1687784E-04
    29750.00  0.2338856E-05   0.1444050E-04   0.1677935E-04
    29850.00  0.2309058E-05   0.1437411E-04   0.1668317E-04
    29950.00  0.2279498E-05   0.1430825E-04   0.1658775E-04
    30050.00  0.2250041E-05   0.1424291E-04   0.1649295E-04
    30150.00  0.2220422E-05   0.1417808E-04   0.1639850E-04
    30250.00  0.2188606E-05   0.1411375E-04   0.1630236E-04
    30350.00  0.2125450E-05   0.1404993E-04   0.1617538E-04
    30450.00  0.2114875E-05   0.1398659E-04   0.1610147E-04
    30550.00  0.2108080E-05   0.1392375E-04   0.1603183E-04
    30650.00  0.2083700E-05   0.1386139E-04   0.1594509E-04
    30750.00  0.2057599E-05   0.1379951E-04   0.1585711E-04
    30850.00  0.2032387E-05   0.1373811E-04   0.1577050E-04
    30950.00  0.2007234E-05   0.1367717E-04   0.1568441E-04
    31050.00  0.1982308E-05   0.1361670E-04   0.1559901E-04
    31150.00  0.1957448E-05   0.1355669E-04   0.1551414E-04
    31250.00  0.1933172E-05   0.1349713E-04   0.1543030E-04
    31350.00  0.1909656E-05   0.1343775E-04   0.1534740E-04
    31450.00  0.1886282E-05   0.1337909E-04   0.1526537E-04
    31550.00  0.1863167E-05   0.1332087E-04   0.1518403E-04
    31650.00  0.1840444E-05   0.1326308E-04   0.1510352E-04
    31750.00  0.1817683E-05   0.1320573E-04   0.1502341E-04
    31850.00  0.1796071E-05   0.1314880E-04   0.1494487E-04
    31950.00  0.1774602E-05   0.1309229E-04   0.1486690E-04
    32100.00  0.1742722E-05   0.1300366E-04   0.1474638E-04
    32300.00  0.1700833E-05   0.1289320E-04   0.1459403E-04
    32500.00  0.1660601E-05   0.1278435E-04   0.1444495E-04
    32700.00  0.1621442E-05   0.1267708E-04   0.1429852E-04
    32900.00  0.1560755E-05   0.1203486E-04   0.1359562E-04
    33100.00  0.1540624E-05   0.1193484E-04   0.1347547E-04
    33300.00  0.1509298E-05   0.1183767E-04   0.1334697E-04
    33500.00  0.1474985E-05   0.1174187E-04   0.1321686E-04
    33700.00  0.1441939E-05   0.1164742E-04   0.1308936E-04
    33900.00  0.1409371E-05   0.1155428E-04   0.1296365E-04
    34100.00  0.1377291E-05   0.1146243E-04   0.1283972E-04
    34300.00  0.1345986E-05   0.1137186E-04   0.1271784E-04
    34500.00  0.1314832E-05   0.1128252E-04   0.1259735E-04
    34700.00  0.1285952E-05   0.1119441E-04   0.1248036E-04
    34900.00  0.1257133E-05   0.1110749E-04   0.1236462E-04
    35100.00  0.1229583E-05   0.1102174E-04   0.1225132E-04
    35300.00  0.1202652E-05   0.1093715E-04   0.1213980E-04
    35500.00  0.1175740E-05   0.1085369E-04   0.1202943E-04
    35700.00  0.1150409E-05   0.1077133E-04   0.1192174E-04
    35900.00  0.1127987E-05   0.1069007E-04   0.1181806E-04
    36100.00  0.1101218E-05   0.1060987E-04   0.1171109E-04
    36300.00  0.1080047E-05   0.1053073E-04   0.1161077E-04
    36500.00  0.1053584E-05   0.1045261E-04   0.1150619E-04
    36700.00  0.1035108E-05   0.1037551E-04   0.1141061E-04
    36900.00  0.1009408E-05   0.1029939E-04   0.1130880E-04
    37100.00  0.9916074E-06   0.1022426E-04   0.1121587E-04
    37300.00  0.9646130E-06   0.1015008E-04   0.1111469E-04
    37500.00  0.9376104E-06   0.1007685E-04   0.1101446E-04
    37700.00  0.9314406E-06   0.1000453E-04   0.1093597E-04
    37900.00  0.9132073E-06   0.9933130E-05   0.1084634E-04
    38100.00  0.8910218E-06   0.9862619E-05   0.1075364E-04
    38300.00  0.8737556E-06   0.9792984E-05   0.1066674E-04
    38500.00  0.8583198E-06   0.9724211E-05   0.1058253E-04
    38700.00  0.8414562E-06   0.9607809E-05   0.1044926E-04
    38900.00  0.8238727E-06   0.9541157E-05   0.1036503E-04
    39100.00  0.8026398E-06   0.9475318E-05   0.1027796E-04
    39300.00  0.7918717E-06   0.9410277E-05   0.1020215E-04
    39500.00  0.7764174E-06   0.9346021E-05   0.1012244E-04
    39700.00  0.7615040E-06   0.9282537E-05   0.1004404E-04
    39900.00  0.7467742E-06   0.9219810E-05   0.9966585E-05
    40100.00  0.7291541E-06   0.9157830E-05   0.9886984E-05
    40300.00  0.7129562E-06   0.9096584E-05   0.9809540E-05
    40500.00  0.6940659E-06   0.9036059E-05   0.9730124E-05
    40700.00  0.6898575E-06   0.8976243E-05   0.9666100E-05
    40900.00  0.6775012E-06   0.8917125E-05   0.9594627E-05
    41100.00  0.6646612E-06   0.8858560E-05   0.9523221E-05
    41300.00  0.6518212E-06   0.8800805E-05   0.9452626E-05
    41500.00  0.6388288E-06   0.8743714E-05   0.9382543E-05
    41700.00  0.6215490E-06   0.8687277E-05   0.9308826E-05
    41900.00  0.6154033E-06   0.8631483E-05   0.9246886E-05
    42100.00  0.6046428E-06   0.8576323E-05   0.9180965E-05
    42300.00  0.5935043E-06   0.8521785E-05   0.9115290E-05
    42500.00  0.5822790E-06   0.8467861E-05   0.9050140E-05
    42700.00  0.5718935E-06   0.8414541E-05   0.8986434E-05
    42900.00  0.5611879E-06   0.8361814E-05   0.8923002E-05
    43100.00  0.5510522E-06   0.8309597E-05   0.8860649E-05
    43300.00  0.5409960E-06   0.8258033E-05   0.8799029E-05
    43500.00  0.5305462E-06   0.8207035E-05   0.8737582E-05
    43700.00  0.5162238E-06   0.8156596E-05   0.8672820E-05
    43900.00  0.5106134E-06   0.8105501E-05   0.8616115E-05
    44100.00  0.5028857E-06   0.8056167E-05   0.8559053E-05
    44300.00  0.4940231E-06   0.8007366E-05   0.8501389E-05
    44500.00  0.4851910E-06   0.7959090E-05   0.8444281E-05
    44700.00  0.4772395E-06   0.7869732E-05   0.8346972E-05
    44900.00  0.4690963E-06   0.7680778E-05   0.8149874E-05
    45100.00  0.4608979E-06   0.7635498E-05   0.8096396E-05
    45300.00  0.4527754E-06   0.7590695E-05   0.8043470E-05
    45500.00  0.4448811E-06   0.7546361E-05   0.7991242E-05
    45700.00  0.4374653E-06   0.7502489E-05   0.7939954E-05
    45900.00  0.4299148E-06   0.7459073E-05   0.7888988E-05
    46100.00  0.4225818E-06   0.7416106E-05   0.7838688E-05
    46300.00  0.4149631E-06   0.7373582E-05   0.7788545E-05
    46500.00  0.4019520E-06   0.7331494E-05   0.7733446E-05
    46700.00  0.3960994E-06   0.7289835E-05   0.7685935E-05
    46900.00  0.3940034E-06   0.7248601E-05   0.7642604E-05
    47100.00  0.3883563E-06   0.7207784E-05   0.7596140E-05
    47300.00  0.3820686E-06   0.7167378E-05   0.7549447E-05
    47500.00  0.3756141E-06   0.7127378E-05   0.7502993E-05
    47700.00  0.3695726E-06   0.7087779E-05   0.7457352E-05
    47900.00  0.3635904E-06   0.7048574E-05   0.7412164E-05
    48100.00  0.3576020E-06   0.7009758E-05   0.7367360E-05
    48300.00  0.3518008E-06   0.6971325E-05   0.7323126E-05
    48500.00  0.3460053E-06   0.6933270E-05   0.7279276E-05
    48700.00  0.3405594E-06   0.6895589E-05   0.7236148E-05
    48900.00  0.3351819E-06   0.6858275E-05   0.7193457E-05
    49100.00  0.3299141E-06   0.6821324E-05   0.7151238E-05
    49300.00  0.3246448E-06   0.6784730E-05   0.7109375E-05
    49500.00  0.3194783E-06   0.6748490E-05   0.7067968E-05
    49700.00  0.3143318E-06   0.6712597E-05   0.7026929E-05
    49900.00  0.3093123E-06   0.6677048E-05   0.6986360E-05
    50100.00  0.3052076E-06   0.6641838E-05   0.6947045E-05
    50300.00  0.3020697E-06   0.6606961E-05   0.6909031E-05
    50500.00  0.2989242E-06   0.6572415E-05   0.6871339E-05
    50700.00  0.2959059E-06   0.6538194E-05   0.6834100E-05
    50900.00  0.2928990E-06   0.6504294E-05   0.6797193E-05
    51100.00  0.2894079E-06   0.6470710E-05   0.6760118E-05
    51300.00  0.2832302E-06   0.6437439E-05   0.6720670E-05
    51500.00  0.2838713E-06   0.6386615E-05   0.6670487E-05
    51700.00  0.2815176E-06   0.6354084E-05   0.6635602E-05
    51900.00  0.2787562E-06   0.6321852E-05   0.6600608E-05
    52100.00  0.2760777E-06   0.6289914E-05   0.6565992E-05
    52300.00  0.2734251E-06   0.6258269E-05   0.6531694E-05
    52500.00  0.2708250E-06   0.6226911E-05   0.6497736E-05
    52700.00  0.2682616E-06   0.6195837E-05   0.6464098E-05
    52900.00  0.2657015E-06   0.6165043E-05   0.6430745E-05
    53100.00  0.2632342E-06   0.6134526E-05   0.6397761E-05
    53300.00  0.2607795E-06   0.6104283E-05   0.6365062E-05
    53500.00  0.2583741E-06   0.6074309E-05   0.6332683E-05
    53700.00  0.2560110E-06   0.6044602E-05   0.6300613E-05
    53900.00  0.2536814E-06   0.6015157E-05   0.6268839E-05
    54100.00  0.2513733E-06   0.5985973E-05   0.6237346E-05
    54300.00  0.2490803E-06   0.5957002E-05   0.6206082E-05
    54500.00  0.2468784E-06   0.5928327E-05   0.6175206E-05
    54700.00  0.2446778E-06   0.5899903E-05   0.6144580E-05
    54900.00  0.2425105E-06   0.5871725E-05   0.6114236E-05
    55100.00  0.2403823E-06   0.5843792E-05   0.6084174E-05
    55300.00  0.2383038E-06   0.5816099E-05   0.6054403E-05
    55500.00  0.2361997E-06   0.5788645E-05   0.6024845E-05
    55700.00  0.2341867E-06   0.5761426E-05   0.5995613E-05
    55900.00  0.2321614E-06   0.5734440E-05   0.5966601E-05
    56100.00  0.2301847E-06   0.5707683E-05   0.5937867E-05
    56300.00  0.2282309E-06   0.5681152E-05   0.5909383E-05
    56500.00  0.2263205E-06   0.5654828E-05   0.5881149E-05
    56700.00  0.2244173E-06   0.5628742E-05   0.5853159E-05
    56900.00  0.2225364E-06   0.5602874E-05   0.5825410E-05
    57100.00  0.2206990E-06   0.5577223E-05   0.5797922E-05
    57300.00  0.2188732E-06   0.5551785E-05   0.5770658E-05
    57500.00  0.2170776E-06   0.5526191E-05   0.5743268E-05
    57700.00  0.2153128E-06   0.5501178E-05   0.5716490E-05
    57900.00  0.2135664E-06   0.5476370E-05   0.5689937E-05
    58100.00  0.2118352E-06   0.5451767E-05   0.5663602E-05
    58300.00  0.2101310E-06   0.5427365E-05   0.5637496E-05
    58500.00  0.2085478E-06   0.5330704E-05   0.5539251E-05
    58700.00  0.2068356E-06   0.5307024E-05   0.5513859E-05
    58900.00  0.2048559E-06   0.5283666E-05   0.5488522E-05
    59100.00  0.2012757E-06   0.5260496E-05   0.5461772E-05
    59300.00  0.2017998E-06   0.5237512E-05   0.5439312E-05
    59500.00  0.2004417E-06   0.5214712E-05   0.5415153E-05
    59700.00  0.1989289E-06   0.5192093E-05   0.5391022E-05
    59900.00  0.1973904E-06   0.5169654E-05   0.5367044E-05
    60100.00  0.1958804E-06   0.5147392E-05   0.5343273E-05
    60300.00  0.1943815E-06   0.5125306E-05   0.5319688E-05
    60500.00  0.1928995E-06   0.5103394E-05   0.5296293E-05
    60700.00  0.1914455E-06   0.5081653E-05   0.5273098E-05
    60900.00  0.1900042E-06   0.5060082E-05   0.5250086E-05
    61100.00  0.1885688E-06   0.5038678E-05   0.5227247E-05
    61300.00  0.1871691E-06   0.5017441E-05   0.5204610E-05
    61500.00  0.1857804E-06   0.4996368E-05   0.5182148E-05
    61700.00  0.1844049E-06   0.4975457E-05   0.5159862E-05
    61900.00  0.1830450E-06   0.4954706E-05   0.5137751E-05
    62100.00  0.1817046E-06   0.4934115E-05   0.5115819E-05
    62300.00  0.1803772E-06   0.4913680E-05   0.5094057E-05
    62500.00  0.1790693E-06   0.4893401E-05   0.5072470E-05
    62700.00  0.1777778E-06   0.4873276E-05   0.5051054E-05
    62900.00  0.1764950E-06   0.4853302E-05   0.5029797E-05
    63100.00  0.1752304E-06   0.4833479E-05   0.5008710E-05
    63300.00  0.1739836E-06   0.4813805E-05   0.4987789E-05
    63500.00  0.1727434E-06   0.4794278E-05   0.4967022E-05
    63700.00  0.1715199E-06   0.4774897E-05   0.4946417E-05
    63900.00  0.1703119E-06   0.4755660E-05   0.4925971E-05
    64200.00  0.1685216E-06   0.4727070E-05   0.4895592E-05
    64600.00  0.1661755E-06   0.4689442E-05   0.4855617E-05
    65000.00  0.1638826E-06   0.4652363E-05   0.4816245E-05
    65400.00  0.1616387E-06   0.4615822E-05   0.4777461E-05
    65800.00  0.1594390E-06   0.4579808E-05   0.4739247E-05
    66200.00  0.1572816E-06   0.4536876E-05   0.4694158E-05
    66600.00  0.1551678E-06   0.4501967E-05   0.4657135E-05
    67000.00  0.1530952E-06   0.4467552E-05   0.4620648E-05
    67400.00  0.1510649E-06   0.4433622E-05   0.4584687E-05
    67800.00  0.1490717E-06   0.4400166E-05   0.4549237E-05
    68200.00  0.1471137E-06   0.4367175E-05   0.4514288E-05
    68600.00  0.1451970E-06   0.4334639E-05   0.4479836E-05
    69000.00  0.1433146E-06   0.4302551E-05   0.4445866E-05
    69400.00  0.1414599E-06   0.4270886E-05   0.4412346E-05
    69800.00  0.1396403E-06   0.4239665E-05   0.4379305E-05
    70200.00  0.1378544E-06   0.4208865E-05   0.4346720E-05
    70600.00  0.1360973E-06   0.4178478E-05   0.4314576E-05
    71000.00  0.1343691E-06   0.4148497E-05   0.4282866E-05
    71400.00  0.1326706E-06   0.4118913E-05   0.4251584E-05
    71800.00  0.1310024E-06   0.4089712E-05   0.4220714E-05
    72200.00  0.1293562E-06   0.4060900E-05   0.4190257E-05
    72600.00  0.1277333E-06   0.4032465E-05   0.4160198E-05
    73000.00  0.1261392E-06   0.4004260E-05   0.4130400E-05
    73400.00  0.1245688E-06   0.3976559E-05   0.4101128E-05
    73800.00  0.1230229E-06   0.3949214E-05   0.4072237E-05
    74200.00  0.1214512E-06   0.3890362E-05   0.4011813E-05
    74600.00  0.1194077E-06   0.3864028E-05   0.3983436E-05
    75000.00  0.1179358E-06   0.3838026E-05   0.3955961E-05
    75400.00  0.1170197E-06   0.3812348E-05   0.3929368E-05
    75800.00  0.1156184E-06   0.3786990E-05   0.3902608E-05
    76200.00  0.1141967E-06   0.3761946E-05   0.3876142E-05
    76600.00  0.1127954E-06   0.3737210E-05   0.3850005E-05
    77000.00  0.1114107E-06   0.3712776E-05   0.3824187E-05
    77400.00  0.1100442E-06   0.3688640E-05   0.3798684E-05
    77800.00  0.1086961E-06   0.3664796E-05   0.3773492E-05
    78200.00  0.1073624E-06   0.3641240E-05   0.3748602E-05
    78600.00  0.1060450E-06   0.3617965E-05   0.3724010E-05
    79000.00  0.1047455E-06   0.3594968E-05   0.3699714E-05
    79400.00  0.1034597E-06   0.3572244E-05   0.3675704E-05
    79800.00  0.1021863E-06   0.3549788E-05   0.3651974E-05
    80200.00  0.1009289E-06   0.3527595E-05   0.3628524E-05
    80600.00  0.9968563E-07   0.3505661E-05   0.3605347E-05
    81000.00  0.9845531E-07   0.3483982E-05   0.3582438E-05
    81400.00  0.9723809E-07   0.3462554E-05   0.3559792E-05
    81800.00  0.9603447E-07   0.3441372E-05   0.3537406E-05
    82200.00  0.9484104E-07   0.3420432E-05   0.3515273E-05
    82600.00  0.9366122E-07   0.3396305E-05   0.3489966E-05
    83000.00  0.9249352E-07   0.3375869E-05   0.3468363E-05
    83400.00  0.9133415E-07   0.3355664E-05   0.3446998E-05
    83800.00  0.9018723E-07   0.3335685E-05   0.3425872E-05
    84200.00  0.8905177E-07   0.3315929E-05   0.3404980E-05
    84600.00  0.8792633E-07   0.3296392E-05   0.3384318E-05
    85000.00  0.8681042E-07   0.3277070E-05   0.3363881E-05
    85400.00  0.8570486E-07   0.3257962E-05   0.3343666E-05
    85800.00  0.8460844E-07   0.3239062E-05   0.3323670E-05
    86200.00  0.8352341E-07   0.3220363E-05   0.3303886E-05
    86600.00  0.8244356E-07   0.3201871E-05   0.3284315E-05
    87000.00  0.8137527E-07   0.3183579E-05   0.3264954E-05
    87400.00  0.8031469E-07   0.3165483E-05   0.3245798E-05
    87800.00  0.7926283E-07   0.3147580E-05   0.3226843E-05
    88200.00  0.7821896E-07   0.3129868E-05   0.3208087E-05
    88600.00  0.7718211E-07   0.3112342E-05   0.3189524E-05
    89000.00  0.7615315E-07   0.3094998E-05   0.3171151E-05
    89400.00  0.7513289E-07   0.3077840E-05   0.3152973E-05
    89800.00  0.7411809E-07   0.3060861E-05   0.3134979E-05
    90200.00  0.7311107E-07   0.3044001E-05   0.3117112E-05
    90600.00  0.7211121E-07   0.3027370E-05   0.3099481E-05
    91000.00  0.7111884E-07   0.3010910E-05   0.3082029E-05
    91400.00  0.7013206E-07   0.2979281E-05   0.3049413E-05
    91800.00  0.6915215E-07   0.2963265E-05   0.3032418E-05
    92200.00  0.6817788E-07   0.2947431E-05   0.3015609E-05
    92600.00  0.6720973E-07   0.2931756E-05   0.2998965E-05
    93000.00  0.6624780E-07   0.2916238E-05   0.2982486E-05
    93400.00  0.6529006E-07   0.2900875E-05   0.2966165E-05
    93800.00  0.6433823E-07   0.2885665E-05   0.2950003E-05
    94200.00  0.6339279E-07   0.2870606E-05   0.2933999E-05
    94600.00  0.6245282E-07   0.2855695E-05   0.2918148E-05
    95000.00  0.6151851E-07   0.2840931E-05   0.2902449E-05
    95400.00  0.6058872E-07   0.2826310E-05   0.2886899E-05
    95800.00  0.5966323E-07   0.2811832E-05   0.2871496E-05
    96200.00  0.5874299E-07   0.2797495E-05   0.2856238E-05
    96600.00  0.5782716E-07   0.2783295E-05   0.2841122E-05
    97000.00  0.5691637E-07   0.2769232E-05   0.2826148E-05
    97400.00  0.5600944E-07   0.2755303E-05   0.2811313E-05
    97800.00  0.5510734E-07   0.2741507E-05   0.2796615E-05
    98200.00  0.5421029E-07   0.2727842E-05   0.2782053E-05
    98600.00  0.5331617E-07   0.2714306E-05   0.2767622E-05
    99000.00  0.5242593E-07   0.2700897E-05   0.2753323E-05
    99400.00  0.5153973E-07   0.2687614E-05   0.2739153E-05
    99800.00  0.5065771E-07   0.2674454E-05   0.2725112E-05
   100200.00  0.4977956E-07   0.6047499E-06   0.6545295E-06
   200000.00  0.2366792E-08   0.1517928E-06   0.1541596E-06
   400000.00  0.1695260E-09   0.3794821E-07   0.3811773E-07
   600000.00  0.1585913E-10   0.1686587E-07   0.1688173E-07
   800000.00  0.6669204E-11   0.9487052E-08   0.9493721E-08
  1000000.00  0.2087382E-11   0.6071713E-08   0.6073801E-08
  1200000.00  0.1454334E-11   0.4216468E-08   0.4217922E-08
  1400000.00  0.1174568E-11   0.3097813E-08   0.3098988E-08
  1600000.00  0.1030774E-11   0.2371763E-08   0.2372794E-08
