       91.00  0.5029326E-14   0.0000000E+00   0.5029326E-14
       94.00  0.6664360E-14   0.0000000E+00   0.6664360E-14
       96.00  0.8908451E-14   0.0000000E+00   0.8908451E-14
       98.00  0.1156986E-13   0.0000000E+00   0.1156986E-13
      100.00  0.1861480E-13   0.0000000E+00   0.1861480E-13
      102.00  0.3814949E-13   0.0000000E+00   0.3814949E-13
      104.00  0.4851492E-13   0.0000000E+00   0.4851492E-13
      106.00  0.9875964E-13   0.0000000E+00   0.9875964E-13
      108.00  0.1520297E-12   0.0000000E+00   0.1520297E-12
      110.00  0.6285022E-12   0.0000000E+00   0.6285022E-12
      114.00  0.2841118E-11   0.0000000E+00   0.2841118E-11
      118.00  0.9583229E-11   0.0000000E+00   0.9583229E-11
      121.00  0.2949894E-10   0.0000000E+00   0.2949894E-10
      125.00  0.7557544E-10   0.0000000E+00   0.7557544E-10
      127.00  0.1309136E-09   0.0000000E+00   0.1309136E-09
      128.00  0.3202973E-09   0.0000000E+00   0.3202973E-09
      131.00  0.4288065E-09   0.0000000E+00   0.4288065E-09
      132.00  0.5024095E-09   0.0000000E+00   0.5024095E-09
      134.00  0.6498988E-09   0.0000000E+00   0.6498988E-09
      137.00  0.1051333E-08   0.0000000E+00   0.1051333E-08
      140.00  0.1344639E-08   0.0000000E+00   0.1344639E-08
      143.00  0.1537500E-08   0.0000000E+00   0.1537500E-08
      147.00  0.2351700E-08   0.0000000E+00   0.2351700E-08
      151.00  0.4038045E-08   0.0000000E+00   0.4038045E-08
      155.00  0.9738916E-08   0.0000000E+00   0.9738916E-08
      159.00  0.2331211E-07   0.0000000E+00   0.2331211E-07
      162.00  0.1594269E-05   0.0000000E+00   0.1594269E-05
      166.00  0.2951458E-05   0.0000000E+00   0.2951458E-05
      170.00  0.4317602E-05   0.0000000E+00   0.4317602E-05
      173.00  0.5157675E-05   0.0000000E+00   0.5157675E-05
      177.00  0.8080103E-05   0.0000000E+00   0.8080103E-05
      180.00  0.1045291E-04   0.0000000E+00   0.1045291E-04
      182.00  0.1263240E-04   0.0000000E+00   0.1263240E-04
      186.00  0.1829196E-04   0.0000000E+00   0.1829196E-04
      191.00  0.2873330E-04   0.0000000E+00   0.2873330E-04
      194.00  0.1967758E-04   0.0000000E+00   0.1967758E-04
      198.00  0.3801957E-04   0.0000000E+00   0.3801957E-04
      202.00  0.5537006E-05   0.0000000E+00   0.5537006E-05
      205.00  0.1358272E-04   0.0000000E+00   0.1358272E-04
      210.00  0.1592354E-03   0.0000000E+00   0.1592354E-03
      216.00  0.2110874E-03   0.0000000E+00   0.2110874E-03
      220.00  0.2102214E-03   0.0000000E+00   0.2102214E-03
      223.00  0.3828066E-03   0.0000000E+00   0.3828066E-03
      227.00  0.3373477E-03   0.0000000E+00   0.3373477E-03
      228.00  0.2767736E-03   0.0000000E+00   0.2767736E-03
      228.00  0.1235607E-02   0.0000000E+00   0.1235607E-02
      230.00  0.1422771E-03   0.0000000E+00   0.1422771E-03
      234.00  0.2328937E-02   0.0000000E+00   0.2328937E-02
      240.00  0.1891604E-02   0.0000000E+00   0.1891604E-02
      246.00  0.5203937E-03   0.0000000E+00   0.5203937E-03
      252.00  0.5776735E-02   0.0000000E+00   0.5776735E-02
      257.00  0.3313202E-01   0.0000000E+00   0.3313202E-01
      260.00  0.1270426E-01   0.0000000E+00   0.1270426E-01
      264.00  0.4091506E-01   0.0000000E+00   0.4091506E-01
      269.00  0.6571266E-01   0.0000000E+00   0.6571266E-01
      274.00  0.7767790E-01   0.0000000E+00   0.7767790E-01
      279.00  0.1274056E-01   0.0000000E+00   0.1274056E-01
      284.00  0.4188482E-01   0.0000000E+00   0.4188482E-01
      290.00  0.2091160E-01   0.0000000E+00   0.2091160E-01
      296.00  0.5669015E-01   0.0000000E+00   0.5669015E-01
      301.00  0.3890183E-01   0.0000000E+00   0.3890183E-01
      308.00  0.5925210E-01   0.0000000E+00   0.5925210E-01
      318.00  0.4818898E+00   0.0000000E+00   0.4818898E+00
      328.00  0.1190234E+00   0.0000000E+00   0.1190234E+00
      338.00  0.8339918E-01   0.0000000E+00   0.8339918E-01
      348.00  0.9601778E-01   0.0000000E+00   0.9601778E-01
      353.30  0.1222656E+00   0.0000000E+00   0.1222656E+00
      353.30  0.2825455E+00   0.0000000E+00   0.2825455E+00
      357.00  0.4948085E-01   0.0000000E+00   0.4948085E-01
      366.00  0.5156101E+00   0.0000000E+00   0.5156101E+00
      375.00  0.4669878E+00   0.0000000E+00   0.4669878E+00
      385.00  0.2098512E+00   0.0000000E+00   0.2098512E+00
      395.00  0.4134588E+00   0.0000000E+00   0.4134588E+00
      405.00  0.8146383E+00   0.0000000E+00   0.8146383E+00
      414.00  0.8011969E+00   0.0000000E+00   0.8011969E+00
      422.00  0.4297850E+00   0.0000000E+00   0.4297850E+00
      430.00  0.2239042E+00   0.0000000E+00   0.2239042E+00
      441.00  0.1082892E+00   0.0000000E+00   0.1082892E+00
      451.00  0.5252482E+00   0.0000000E+00   0.5252482E+00
      460.00  0.5258800E+00   0.0000000E+00   0.5258800E+00
      470.00  0.8830061E+00   0.0000000E+00   0.8830061E+00
      480.00  0.5287167E+00   0.0000000E+00   0.5287167E+00
      490.00  0.9527062E+00   0.0000000E+00   0.9527062E+00
      500.00  0.8247330E+00   0.0000000E+00   0.8247330E+00
      504.60  0.6189942E+00   0.0000000E+00   0.6189942E+00
      504.60  0.5694738E+00   0.0000000E+00   0.5694738E+00
      506.00  0.6743940E+00   0.0000000E+00   0.6743940E+00
      512.00  0.9891545E+00   0.0000000E+00   0.9891545E+00
      520.00  0.1128076E+01   0.0000000E+00   0.1128076E+01
      530.00  0.7450107E+00   0.0000000E+00   0.7450107E+00
      540.00  0.6518980E-01   0.0000000E+00   0.6518980E-01
      550.00  0.3480668E-01   0.0000000E+00   0.3480668E-01
      560.00  0.1300596E+01   0.0000000E+00   0.1300596E+01
      570.00  0.1377462E+01   0.0000000E+00   0.1377462E+01
      580.00  0.8576480E+00   0.0000000E+00   0.8576480E+00
      590.00  0.1722442E+01   0.0000000E+00   0.1722442E+01
      600.00  0.1152217E+01   0.0000000E+00   0.1152217E+01
      610.00  0.9461232E+00   0.0000000E+00   0.9461232E+00
      620.00  0.9011727E+00   0.0000000E+00   0.9011727E+00
      630.00  0.7091600E+00   0.0000000E+00   0.7091600E+00
      640.00  0.8679599E+00   0.0000000E+00   0.8679599E+00
      650.00  0.1166495E+01   0.0000000E+00   0.1166495E+01
      658.00  0.5800691E+00   0.0000000E+00   0.5800691E+00
      665.00  0.5090669E+00   0.0000000E+00   0.5090669E+00
      675.00  0.1129634E+01   0.0000000E+00   0.1129634E+01
      685.00  0.9951536E+00   0.0000000E+00   0.9951536E+00
      695.00  0.9126689E+00   0.0000000E+00   0.9126689E+00
      705.00  0.8400389E+00   0.0000000E+00   0.8400389E+00
      716.00  0.1290299E+01   0.0000000E+00   0.1290299E+01
      726.00  0.1120633E+01   0.0000000E+00   0.1120633E+01
      735.00  0.1116909E+01   0.0000000E+00   0.1116909E+01
      745.00  0.9951837E+00   0.0000000E+00   0.9951837E+00
      755.00  0.1121162E+01   0.0000000E+00   0.1121162E+01
      765.00  0.8377409E+00   0.0000000E+00   0.8377409E+00
      775.00  0.9410657E+00   0.0000000E+00   0.9410657E+00
      785.00  0.4315232E-01   0.0000000E+00   0.4315232E-01
      795.00  0.8345267E+00   0.0000000E+00   0.8345267E+00
      805.00  0.1079076E+01   0.0000000E+00   0.1079076E+01
      815.00  0.1025675E+01   0.0000000E+00   0.1025675E+01
      825.00  0.1053307E+01   0.0000000E+00   0.1053307E+01
      835.00  0.6476628E+00   0.0000000E+00   0.6476628E+00
      845.00  0.7723644E+00   0.0000000E+00   0.7723644E+00
      855.00  0.8383043E+00   0.0000000E+00   0.8383043E+00
      865.00  0.7712468E+00   0.0000000E+00   0.7712468E+00
      875.00  0.9531208E+00   0.0000000E+00   0.9531208E+00
      885.00  0.8978125E+00   0.0000000E+00   0.8978125E+00
      895.00  0.9088161E+00   0.0000000E+00   0.9088161E+00
      905.00  0.9198952E+00   0.0000000E+00   0.9198952E+00
      912.40  0.9281424E+00   0.2996590E-06   0.9281427E+00
      912.40  0.2348579E+01   0.2996665E-06   0.2348579E+01
      915.00  0.2250910E+01   0.3250348E-06   0.2250910E+01
      925.00  0.1875257E+01   0.4156786E-06   0.1875257E+01
      935.00  0.3102550E+01   0.5286864E-06   0.3102551E+01
      945.00  0.2762828E+01   0.6688489E-06   0.2762829E+01
      955.00  0.1958553E+01   0.8418237E-06   0.1958554E+01
      965.00  0.1893535E+01   0.1054261E-05   0.1893536E+01
      975.00  0.1929482E+01   0.1313944E-05   0.1929483E+01
      985.00  0.9838888E+00   0.1629940E-05   0.9838904E+00
      995.00  0.1859000E+01   0.2012775E-05   0.1859002E+01
     1005.00  0.1414521E+01   0.2474613E-05   0.1414523E+01
     1015.00  0.1927231E+01   0.3029459E-05   0.1927234E+01
     1025.00  0.1738216E+01   0.3693379E-05   0.1738220E+01
     1035.00  0.1613428E+01   0.4484733E-05   0.1613432E+01
     1045.00  0.1813794E+01   0.5424453E-05   0.1813799E+01
     1055.00  0.1806298E+01   0.6536261E-05   0.1806305E+01
     1065.00  0.1741226E+01   0.7847000E-05   0.1741234E+01
     1075.00  0.1511778E+01   0.9386944E-05   0.1511787E+01
     1085.00  0.1388864E+01   0.1119012E-04   0.1388875E+01
     1095.00  0.1696353E+01   0.1329466E-04   0.1696366E+01
     1105.00  0.1648589E+01   0.1574317E-04   0.1648605E+01
     1115.00  0.1218158E+01   0.1858313E-04   0.1218177E+01
     1125.00  0.1131604E+01   0.2186727E-04   0.1131626E+01
     1135.00  0.1552091E+01   0.2565404E-04   0.1552117E+01
     1145.00  0.1532724E+01   0.3000805E-04   0.1532754E+01
     1155.00  0.1132392E+01   0.3500050E-04   0.1132427E+01
     1165.00  0.1080479E+01   0.4070970E-04   0.1080520E+01
     1175.00  0.1180265E+01   0.4722155E-04   0.1180312E+01
     1185.00  0.1390125E+01   0.5463006E-04   0.1390180E+01
     1195.00  0.1148295E+01   0.6303790E-04   0.1148358E+01
     1205.00  0.1191790E+01   0.7255692E-04   0.1191863E+01
     1215.00  0.1181205E+01   0.8330873E-04   0.1181288E+01
     1225.00  0.1179053E+01   0.1154616E-01   0.1190599E+01
     1235.00  0.5843791E+00   0.2194819E-01   0.6063273E+00
     1245.00  0.1345588E+01   0.3079111E-01   0.1376379E+01
     1255.00  0.9280115E+00   0.3834528E-01   0.9663568E+00
     1265.00  0.1181831E+01   0.4481116E-01   0.1226642E+01
     1275.00  0.1155913E+01   0.5034731E-01   0.1206260E+01
     1285.00  0.1040716E+01   0.5508319E-01   0.1095799E+01
     1295.00  0.1061006E+01   0.5912664E-01   0.1120133E+01
     1305.00  0.1082554E+01   0.6256861E-01   0.1145123E+01
     1315.00  0.9627011E+00   0.6548658E-01   0.1028188E+01
     1325.00  0.9374108E+00   0.6794700E-01   0.1005358E+01
     1335.00  0.1010256E+01   0.7000722E-01   0.1080263E+01
     1345.00  0.8559394E+00   0.7171696E-01   0.9276564E+00
     1355.00  0.9708945E+00   0.7311948E-01   0.1044014E+01
     1365.00  0.9467259E+00   0.7425260E-01   0.1020978E+01
     1375.00  0.9125572E+00   0.7514944E-01   0.9877066E+00
     1385.00  0.7690178E+00   0.7583911E-01   0.8448569E+00
     1395.00  0.7563002E+00   0.7634726E-01   0.8326475E+00
     1405.00  0.9271295E+00   0.7669654E-01   0.1003826E+01
     1415.00  0.8289821E+00   0.7690701E-01   0.9058891E+00
     1425.00  0.7331964E+00   0.7699645E-01   0.8101928E+00
     1435.00  0.7702350E+00   0.7698067E-01   0.8472157E+00
     1442.00  0.7849560E+00   0.7691464E-01   0.8618706E+00
     1447.00  0.7599320E+00   0.7684259E-01   0.8367746E+00
     1455.00  0.7735432E+00   0.7668833E-01   0.8502315E+00
     1465.00  0.7415379E+00   0.7643559E-01   0.8179735E+00
     1475.00  0.7541731E+00   0.7612563E-01   0.8302987E+00
     1485.00  0.7204483E+00   0.7576753E-01   0.7962158E+00
     1495.00  0.7273638E+00   0.7536944E-01   0.8027332E+00
     1505.00  0.6898510E+00   0.7493872E-01   0.7647897E+00
     1512.00  0.6495836E+00   0.7462139E-01   0.7242050E+00
     1517.00  0.6727342E+00   0.7438812E-01   0.7471223E+00
     1525.00  0.6392292E+00   0.7400541E-01   0.7132346E+00
     1535.00  0.6385621E+00   0.7351436E-01   0.7120765E+00
     1545.00  0.4935412E+00   0.7301388E-01   0.5665551E+00
     1555.00  0.6792811E+00   0.7250833E-01   0.7517894E+00
     1565.00  0.4939832E+00   0.7200205E-01   0.5659853E+00
     1575.00  0.5896808E+00   0.7149894E-01   0.6611797E+00
     1585.00  0.5022786E+00   0.7100254E-01   0.5732811E+00
     1595.00  0.5910724E+00   0.7051616E-01   0.6615886E+00
     1605.00  0.5962040E+00   0.7004286E-01   0.6662469E+00
     1615.00  0.5856398E+00   0.6958551E-01   0.6552253E+00
     1625.00  0.5742790E+00   0.6914677E-01   0.6434258E+00
     1635.00  0.5649213E+00   0.6872916E-01   0.6336505E+00
     1645.00  0.5544453E+00   0.6833506E-01   0.6227804E+00
     1655.00  0.5433341E+00   0.6796672E-01   0.6113008E+00
     1665.00  0.5349444E+00   0.6762628E-01   0.6025707E+00
     1672.00  0.5271469E+00   0.6740567E-01   0.5945526E+00
     1677.00  0.5235887E+00   0.6725745E-01   0.5908462E+00
     1685.00  0.5164468E+00   0.6703720E-01   0.5834840E+00
     1695.00  0.5063241E+00   0.6679240E-01   0.5731165E+00
     1705.00  0.4968751E+00   0.6658323E-01   0.5634583E+00
     1715.00  0.4871732E+00   0.6641144E-01   0.5535846E+00
     1725.00  0.4783297E+00   0.6627876E-01   0.5446085E+00
     1735.00  0.4709806E+00   0.6618685E-01   0.5371675E+00
     1745.00  0.4624938E+00   0.6613737E-01   0.5286312E+00
     1755.00  0.4553244E+00   0.6613193E-01   0.5214563E+00
     1765.00  0.4463312E+00   0.6617210E-01   0.5125033E+00
     1775.00  0.4383675E+00   0.6625946E-01   0.5046270E+00
     1785.00  0.4313516E+00   0.6639555E-01   0.4977471E+00
     1795.00  0.4247642E+00   0.6658195E-01   0.4913462E+00
     1805.00  0.4177247E+00   0.6682018E-01   0.4845449E+00
     1815.00  0.4090459E+00   0.6711171E-01   0.4761576E+00
     1825.00  0.4028404E+00   0.6745806E-01   0.4702985E+00
     1835.00  0.3956184E+00   0.6786073E-01   0.4634791E+00
     1845.00  0.3878159E+00   0.6832122E-01   0.4561371E+00
     1855.00  0.3811832E+00   0.6884102E-01   0.4500242E+00
     1865.00  0.3752215E+00   0.6942162E-01   0.4446431E+00
     1875.00  0.3703470E+00   0.7006451E-01   0.4404115E+00
     1885.00  0.3628580E+00   0.7077120E-01   0.4336292E+00
     1895.00  0.3560453E+00   0.7154317E-01   0.4275885E+00
     1905.00  0.3511647E+00   0.7238193E-01   0.4235466E+00
     1915.00  0.3448711E+00   0.7328898E-01   0.4181601E+00
     1925.00  0.3390088E+00   0.7426582E-01   0.4132746E+00
     1935.00  0.3341498E+00   0.7531396E-01   0.4094638E+00
     1945.00  0.3290356E+00   0.7643367E-01   0.4054693E+00
     1955.00  0.3227960E+00   0.7762581E-01   0.4004218E+00
     1967.00  0.3178031E+00   0.7915580E-01   0.3969589E+00
     1976.00  0.3137342E+00   0.8037589E-01   0.3941101E+00
     1984.00  0.3089424E+00   0.8151363E-01   0.3904560E+00
     1995.00  0.3033252E+00   0.8316123E-01   0.3864864E+00
     2005.00  0.2990106E+00   0.8474412E-01   0.3837547E+00
     2015.00  0.2940768E+00   0.8640957E-01   0.3804864E+00
     2025.00  0.2901696E+00   0.8815902E-01   0.3783286E+00
     2035.00  0.2847339E+00   0.8999924E-01   0.3747331E+00
     2045.00  0.2806386E+00   0.9192914E-01   0.3725677E+00
     2055.00  0.2845579E+00   0.3719473E-01   0.3217526E+00
     2065.00  0.2804155E+00   0.3678751E-01   0.3172030E+00
     2074.00  0.2771677E+00   0.3642939E-01   0.3135971E+00
     2078.00  0.2745147E+00   0.3627276E-01   0.3107875E+00
     2085.00  0.2720458E+00   0.3600238E-01   0.3080482E+00
     2095.00  0.2674055E+00   0.3562433E-01   0.3030298E+00
     2105.00  0.2637506E+00   0.3525586E-01   0.2990065E+00
     2115.00  0.2598017E+00   0.3489690E-01   0.2946986E+00
     2125.00  0.2560009E+00   0.3454738E-01   0.2905483E+00
     2135.00  0.2517958E+00   0.3420722E-01   0.2860030E+00
     2145.00  0.2478916E+00   0.3387637E-01   0.2817680E+00
     2155.00  0.2447138E+00   0.3355473E-01   0.2782685E+00
     2165.00  0.2409267E+00   0.3324225E-01   0.2741690E+00
     2175.00  0.2372156E+00   0.3293888E-01   0.2701545E+00
     2185.00  0.2336032E+00   0.3264457E-01   0.2662478E+00
     2195.00  0.2305865E+00   0.3235922E-01   0.2629457E+00
     2205.00  0.2270481E+00   0.3208275E-01   0.2591308E+00
     2215.00  0.2234607E+00   0.3181511E-01   0.2552758E+00
     2225.00  0.2197977E+00   0.3155622E-01   0.2513539E+00
     2235.00  0.2169476E+00   0.3130603E-01   0.2482536E+00
     2245.00  0.2137506E+00   0.3106447E-01   0.2448151E+00
     2255.00  0.2104495E+00   0.3083147E-01   0.2412810E+00
     2265.00  0.2076348E+00   0.3060697E-01   0.2382418E+00
     2275.00  0.2046831E+00   0.3039092E-01   0.2350740E+00
     2285.00  0.2019962E+00   0.3018314E-01   0.2321793E+00
     2295.00  0.1987575E+00   0.2998355E-01   0.2287411E+00
     2305.00  0.1960233E+00   0.2979221E-01   0.2258155E+00
     2315.00  0.1929337E+00   0.2960904E-01   0.2225427E+00
     2325.00  0.1886947E+00   0.2943400E-01   0.2181287E+00
     2335.00  0.1871457E+00   0.2926703E-01   0.2164127E+00
     2345.00  0.1844749E+00   0.2910806E-01   0.2135830E+00
     2355.00  0.1821714E+00   0.2895704E-01   0.2111284E+00
     2365.00  0.1793912E+00   0.2881392E-01   0.2082051E+00
     2375.00  0.1769288E+00   0.2867864E-01   0.2056074E+00
     2385.00  0.1743167E+00   0.2855114E-01   0.2028678E+00
     2395.00  0.1721952E+00   0.2843138E-01   0.2006266E+00
     2405.00  0.1695743E+00   0.2831932E-01   0.1978936E+00
     2415.00  0.1673630E+00   0.2821490E-01   0.1955779E+00
     2425.00  0.1652150E+00   0.2811806E-01   0.1933331E+00
     2435.00  0.1627475E+00   0.2802875E-01   0.1907763E+00
     2445.00  0.1608200E+00   0.2794692E-01   0.1887669E+00
     2455.00  0.1585951E+00   0.2787253E-01   0.1864676E+00
     2465.00  0.1563805E+00   0.2780551E-01   0.1841860E+00
     2475.00  0.1541624E+00   0.2774584E-01   0.1819082E+00
     2485.00  0.1522911E+00   0.2769344E-01   0.1799845E+00
     2495.00  0.1498747E+00   0.2764829E-01   0.1775230E+00
     2505.00  0.1483514E+00   0.2761033E-01   0.1759617E+00
     2513.00  0.1463963E+00   0.2758510E-01   0.1739814E+00
     2518.00  0.1456994E+00   0.2757165E-01   0.1732711E+00
     2525.00  0.1441072E+00   0.2755579E-01   0.1716630E+00
     2535.00  0.1421870E+00   0.2753914E-01   0.1697261E+00
     2545.00  0.1402461E+00   0.2752954E-01   0.1677756E+00
     2555.00  0.1386501E+00   0.2752691E-01   0.1661770E+00
     2565.00  0.1367822E+00   0.2753121E-01   0.1643134E+00
     2575.00  0.1351736E+00   0.2754240E-01   0.1627160E+00
     2585.00  0.1334382E+00   0.2756043E-01   0.1609986E+00
     2595.00  0.1317150E+00   0.2758526E-01   0.1593003E+00
     2605.00  0.1298911E+00   0.2616211E-01   0.1560532E+00
     2615.00  0.1283624E+00   0.2617422E-01   0.1545366E+00
     2625.00  0.1267596E+00   0.2619286E-01   0.1529525E+00
     2635.00  0.1252222E+00   0.2621799E-01   0.1514402E+00
     2645.00  0.1238522E+00   0.2624960E-01   0.1501018E+00
     2655.00  0.1222868E+00   0.2628762E-01   0.1485744E+00
     2665.00  0.1204912E+00   0.2633204E-01   0.1468232E+00
     2675.00  0.1190689E+00   0.2638282E-01   0.1454517E+00
     2685.00  0.1176019E+00   0.2643991E-01   0.1440418E+00
     2695.00  0.1160167E+00   0.2650329E-01   0.1425200E+00
     2705.00  0.1145903E+00   0.2657293E-01   0.1411632E+00
     2715.00  0.1130678E+00   0.2664879E-01   0.1397166E+00
     2725.00  0.1116402E+00   0.2673083E-01   0.1383710E+00
     2735.00  0.1104369E+00   0.2681902E-01   0.1372559E+00
     2745.00  0.1087819E+00   0.2691333E-01   0.1356952E+00
     2755.00  0.1074670E+00   0.2701372E-01   0.1344807E+00
     2765.00  0.1062002E+00   0.2712017E-01   0.1333204E+00
     2775.00  0.1049965E+00   0.2723263E-01   0.1322291E+00
     2785.00  0.1037069E+00   0.2735109E-01   0.1310580E+00
     2795.00  0.1019695E+00   0.2747549E-01   0.1294450E+00
     2805.00  0.1009593E+00   0.2760581E-01   0.1285651E+00
     2815.00  0.1000334E+00   0.2774202E-01   0.1277754E+00
     2825.00  0.9877485E-01   0.2788409E-01   0.1266589E+00
     2835.00  0.9740295E-01   0.2803198E-01   0.1254349E+00
     2845.00  0.9625630E-01   0.2818566E-01   0.1244420E+00
     2855.00  0.9512935E-01   0.2834485E-01   0.1234742E+00
     2865.00  0.9411678E-01   0.2850950E-01   0.1226263E+00
     2875.00  0.9293202E-01   0.2867980E-01   0.1216118E+00
     2885.00  0.9189437E-01   0.2885573E-01   0.1207501E+00
     2895.00  0.9082488E-01   0.2903724E-01   0.1198621E+00
     2910.00  0.8931628E-01   0.2931991E-01   0.1186362E+00
     2930.00  0.8716501E-01   0.2971605E-01   0.1168811E+00
     2950.00  0.8502272E-01   0.3013394E-01   0.1151567E+00
     2970.00  0.8311033E-01   0.3057331E-01   0.1136836E+00
     2990.00  0.8119867E-01   0.3103390E-01   0.1122326E+00
     3010.00  0.7939286E-01   0.3151544E-01   0.1109083E+00
     3030.00  0.7761375E-01   0.3201767E-01   0.1096314E+00
     3050.00  0.7579022E-01   0.3254041E-01   0.1083306E+00
     3070.00  0.7412555E-01   0.3308342E-01   0.1072090E+00
     3090.00  0.7248919E-01   0.3364636E-01   0.1061355E+00
     3110.00  0.7086056E-01   0.3422896E-01   0.1050895E+00
     3130.00  0.6923406E-01   0.3450260E-01   0.1037367E+00
     3150.00  0.6772260E-01   0.3511499E-01   0.1028376E+00
     3170.00  0.6625438E-01   0.3574615E-01   0.1020005E+00
     3190.00  0.6475091E-01   0.3639583E-01   0.1011467E+00
     3210.00  0.6338547E-01   0.3706374E-01   0.1004492E+00
     3230.00  0.6202106E-01   0.3774962E-01   0.9977068E-01
     3250.00  0.6067801E-01   0.3845320E-01   0.9913121E-01
     3270.00  0.5939738E-01   0.3917352E-01   0.9857090E-01
     3290.00  0.5815668E-01   0.3991043E-01   0.9806711E-01
     3310.00  0.5696097E-01   0.4066400E-01   0.9762497E-01
     3330.00  0.5574527E-01   0.4143397E-01   0.9717924E-01
     3350.00  0.5453052E-01   0.4222003E-01   0.9675055E-01
     3370.00  0.5340898E-01   0.4302192E-01   0.9643090E-01
     3390.00  0.5229838E-01   0.4383935E-01   0.9613773E-01
     3410.00  0.5123607E-01   0.4467204E-01   0.9590811E-01
     3430.00  0.5014666E-01   0.4228254E-01   0.9242920E-01
     3450.00  0.4927064E-01   0.4306026E-01   0.9233090E-01
     3470.00  0.4829852E-01   0.4385148E-01   0.9215000E-01
     3490.00  0.4732494E-01   0.4465593E-01   0.9198087E-01
     3510.00  0.4639960E-01   0.4547331E-01   0.9187291E-01
     3530.00  0.4546520E-01   0.4630306E-01   0.9176826E-01
     3550.00  0.4455940E-01   0.4714519E-01   0.9170459E-01
     3570.00  0.4368574E-01   0.4799942E-01   0.9168516E-01
     3590.00  0.4279618E-01   0.4886551E-01   0.9166169E-01
     3610.00  0.4196578E-01   0.4974318E-01   0.9170896E-01
     3630.00  0.4115192E-01   0.5063217E-01   0.9178409E-01
     3640.00  0.4076462E-01   0.5108083E-01   0.9184545E-01
     3650.00  0.4547629E-01   0.7822757E-02   0.5329905E-01
     3670.00  0.4460212E-01   0.7756073E-02   0.5235819E-01
     3690.00  0.4362337E-01   0.7058217E-02   0.5068159E-01
     3710.00  0.4283217E-01   0.6982030E-02   0.4981420E-01
     3730.00  0.4201094E-01   0.6908292E-02   0.4891923E-01
     3750.00  0.4154731E-01   0.6836937E-02   0.4838425E-01
     3770.00  0.4087508E-01   0.6767906E-02   0.4764299E-01
     3790.00  0.4047560E-01   0.6701136E-02   0.4717674E-01
     3810.00  0.4006442E-01   0.6636569E-02   0.4670099E-01
     3830.00  0.3881326E-01   0.6574149E-02   0.4538741E-01
     3850.00  0.3880874E-01   0.6513821E-02   0.4532256E-01
     3870.00  0.3836905E-01   0.6455530E-02   0.4482458E-01
     3890.00  0.3660142E-01   0.6399223E-02   0.4300064E-01
     3910.00  0.3709020E-01   0.6344852E-02   0.4343505E-01
     3930.00  0.3637966E-01   0.6292364E-02   0.4267202E-01
     3950.00  0.3572569E-01   0.6241713E-02   0.4196740E-01
     3970.00  0.3398271E-01   0.6192860E-02   0.4017557E-01
     3990.00  0.3446072E-01   0.6145776E-02   0.4060650E-01
     4010.00  0.3404996E-01   0.6100391E-02   0.4015035E-01
     4030.00  0.3337437E-01   0.6056660E-02   0.3943103E-01
     4050.00  0.3285915E-01   0.6014542E-02   0.3887369E-01
     4070.00  0.3221435E-01   0.5973996E-02   0.3818835E-01
     4090.00  0.3123634E-01   0.5934982E-02   0.3717132E-01
     4110.00  0.3024127E-01   0.5897461E-02   0.3613873E-01
     4130.00  0.3049325E-01   0.5861395E-02   0.3635464E-01
     4150.00  0.3005751E-01   0.5826746E-02   0.3588426E-01
     4170.00  0.2959449E-01   0.5793480E-02   0.3538797E-01
     4190.00  0.2911260E-01   0.5761560E-02   0.3487416E-01
     4210.00  0.2862725E-01   0.5730953E-02   0.3435820E-01
     4230.00  0.2811707E-01   0.5701625E-02   0.3381870E-01
     4250.00  0.2761589E-01   0.5673544E-02   0.3328943E-01
     4270.00  0.2711641E-01   0.5646678E-02   0.3276309E-01
     4290.00  0.2669916E-01   0.5620996E-02   0.3232016E-01
     4310.00  0.2617789E-01   0.5596468E-02   0.3177436E-01
     4330.00  0.2531984E-01   0.5573064E-02   0.3089290E-01
     4350.00  0.2464799E-01   0.5550759E-02   0.3019875E-01
     4370.00  0.2489280E-01   0.5529524E-02   0.3042232E-01
     4390.00  0.2453330E-01   0.5509329E-02   0.3004263E-01
     4410.00  0.2418152E-01   0.5490149E-02   0.2967167E-01
     4430.00  0.2378240E-01   0.5471956E-02   0.2925436E-01
     4450.00  0.2341056E-01   0.5454727E-02   0.2886529E-01
     4470.00  0.2293766E-01   0.5438435E-02   0.2837610E-01
     4490.00  0.2261500E-01   0.5423057E-02   0.2803806E-01
     4510.00  0.2228676E-01   0.5408570E-02   0.2769533E-01
     4530.00  0.2191441E-01   0.5394950E-02   0.2730936E-01
     4550.00  0.2155123E-01   0.5382174E-02   0.2693340E-01
     4570.00  0.2123698E-01   0.5370222E-02   0.2660720E-01
     4590.00  0.2089639E-01   0.5359071E-02   0.2625546E-01
     4610.00  0.2056995E-01   0.5348701E-02   0.2591865E-01
     4630.00  0.2022961E-01   0.5339092E-02   0.2556870E-01
     4650.00  0.1990364E-01   0.5330222E-02   0.2523386E-01
     4670.00  0.1961307E-01   0.5322074E-02   0.2493514E-01
     4690.00  0.1931202E-01   0.5314628E-02   0.2462665E-01
     4710.00  0.1896772E-01   0.5307865E-02   0.2427558E-01
     4730.00  0.1870872E-01   0.5301768E-02   0.2401049E-01
     4750.00  0.1841111E-01   0.5296318E-02   0.2370743E-01
     4770.00  0.1815313E-01   0.5291498E-02   0.2344463E-01
     4790.00  0.1787339E-01   0.5287292E-02   0.2316068E-01
     4810.00  0.1758385E-01   0.5283667E-02   0.2286752E-01
     4830.00  0.1727881E-01   0.5280604E-02   0.2255941E-01
     4850.00  0.1675647E-01   0.5278104E-02   0.2203457E-01
     4870.00  0.1629235E-01   0.5276153E-02   0.2156850E-01
     4890.00  0.1649248E-01   0.5274734E-02   0.2176721E-01
     4910.00  0.1629867E-01   0.5273833E-02   0.2157250E-01
     4930.00  0.1602971E-01   0.5273437E-02   0.2130315E-01
     4950.00  0.1582448E-01   0.5273530E-02   0.2109801E-01
     4970.00  0.1560386E-01   0.5274100E-02   0.2087796E-01
     4990.00  0.1536742E-01   0.5275132E-02   0.2064255E-01
     5010.00  0.1509932E-01   0.5276614E-02   0.2037593E-01
     5030.00  0.1491458E-01   0.5278533E-02   0.2019311E-01
     5050.00  0.1467232E-01   0.5280876E-02   0.1995320E-01
     5070.00  0.1449709E-01   0.5283646E-02   0.1978074E-01
     5090.00  0.1428929E-01   0.5286882E-02   0.1957617E-01
     5110.00  0.1408148E-01   0.5290505E-02   0.1937198E-01
     5130.00  0.1387174E-01   0.5294503E-02   0.1916624E-01
     5150.00  0.1366235E-01   0.5298865E-02   0.1896121E-01
     5170.00  0.1347506E-01   0.5303580E-02   0.1877864E-01
     5190.00  0.1328908E-01   0.5308637E-02   0.1859772E-01
     5210.00  0.1309885E-01   0.5314027E-02   0.1841288E-01
     5230.00  0.1291661E-01   0.5319739E-02   0.1823635E-01
     5250.00  0.1273723E-01   0.5325762E-02   0.1806299E-01
     5270.00  0.1255064E-01   0.5332087E-02   0.1788273E-01
     5290.00  0.1239180E-01   0.5338704E-02   0.1773050E-01
     5310.00  0.1221534E-01   0.5345606E-02   0.1756095E-01
     5330.00  0.1203949E-01   0.5352780E-02   0.1739227E-01
     5350.00  0.1187715E-01   0.5360221E-02   0.1723737E-01
     5370.00  0.1172090E-01   0.5367912E-02   0.1708881E-01
     5390.00  0.1156249E-01   0.5375838E-02   0.1693833E-01
     5410.00  0.1140171E-01   0.5384001E-02   0.1678571E-01
     5430.00  0.1124549E-01   0.5392395E-02   0.1663789E-01
     5450.00  0.1109187E-01   0.5401012E-02   0.1649288E-01
     5470.00  0.1094507E-01   0.5409842E-02   0.1635491E-01
     5490.00  0.1080257E-01   0.5418880E-02   0.1622145E-01
     5510.00  0.1065804E-01   0.5428118E-02   0.1608616E-01
     5530.00  0.1051395E-01   0.5437548E-02   0.1595150E-01
     5550.00  0.1037234E-01   0.5447163E-02   0.1581950E-01
     5570.00  0.1023670E-01   0.5456957E-02   0.1569366E-01
     5590.00  0.1010391E-01   0.5466922E-02   0.1557083E-01
     5610.00  0.9972092E-02   0.5477053E-02   0.1544914E-01
     5630.00  0.9841419E-02   0.5487342E-02   0.1532876E-01
     5650.00  0.9703340E-02   0.5497783E-02   0.1520112E-01
     5670.00  0.9576160E-02   0.5508370E-02   0.1508453E-01
     5690.00  0.9487786E-02   0.5519098E-02   0.1500688E-01
     5710.00  0.9369071E-02   0.3908446E-02   0.1327752E-01
     5730.00  0.9251376E-02   0.3908677E-02   0.1316005E-01
     5750.00  0.9128778E-02   0.3909079E-02   0.1303786E-01
     5770.00  0.9017129E-02   0.3909646E-02   0.1292677E-01
     5790.00  0.8902478E-02   0.3910373E-02   0.1281285E-01
     5810.00  0.8789934E-02   0.3911256E-02   0.1270119E-01
     5830.00  0.8677208E-02   0.3912290E-02   0.1258950E-01
     5850.00  0.8564218E-02   0.3913470E-02   0.1247769E-01
     5870.00  0.8436082E-02   0.3914793E-02   0.1235087E-01
     5890.00  0.8346885E-02   0.3916252E-02   0.1226314E-01
     5910.00  0.8249170E-02   0.3917844E-02   0.1216701E-01
     5930.00  0.8144874E-02   0.3919566E-02   0.1206444E-01
     5950.00  0.8037922E-02   0.3921412E-02   0.1195933E-01
     5970.00  0.7944894E-02   0.3923379E-02   0.1186827E-01
     5990.00  0.7844934E-02   0.3925462E-02   0.1177040E-01
     6010.00  0.7750809E-02   0.3927659E-02   0.1167847E-01
     6030.00  0.7654450E-02   0.3929965E-02   0.1158442E-01
     6050.00  0.7559046E-02   0.3932377E-02   0.1149142E-01
     6070.00  0.7469716E-02   0.3934891E-02   0.1140461E-01
     6090.00  0.7379355E-02   0.3937502E-02   0.1131686E-01
     6110.00  0.7290156E-02   0.3940207E-02   0.1123036E-01
     6130.00  0.7199596E-02   0.3943004E-02   0.1114260E-01
     6150.00  0.7105630E-02   0.3945890E-02   0.1105152E-01
     6170.00  0.7025032E-02   0.3948861E-02   0.1097389E-01
     6190.00  0.6945226E-02   0.3951914E-02   0.1089714E-01
     6210.00  0.6862916E-02   0.3955046E-02   0.1081796E-01
     6230.00  0.6779496E-02   0.3958254E-02   0.1073775E-01
     6250.00  0.6693152E-02   0.3961535E-02   0.1065469E-01
     6270.00  0.6620924E-02   0.3964886E-02   0.1058581E-01
     6290.00  0.6544238E-02   0.3968305E-02   0.1051254E-01
     6310.00  0.6465585E-02   0.3971788E-02   0.1043737E-01
     6330.00  0.6390030E-02   0.3975334E-02   0.1036536E-01
     6350.00  0.6306274E-02   0.3978939E-02   0.1028521E-01
     6370.00  0.6237374E-02   0.3982601E-02   0.1021997E-01
     6390.00  0.6170264E-02   0.3986317E-02   0.1015658E-01
     6410.00  0.6097169E-02   0.3990085E-02   0.1008725E-01
     6430.00  0.6027714E-02   0.3993903E-02   0.1002162E-01
     6450.00  0.5954574E-02   0.3997769E-02   0.9952343E-02
     6470.00  0.5888092E-02   0.4001679E-02   0.9889771E-02
     6490.00  0.5819468E-02   0.4005632E-02   0.9825100E-02
     6510.00  0.5751398E-02   0.4009626E-02   0.9761024E-02
     6530.00  0.5675578E-02   0.4013613E-02   0.9689191E-02
     6550.00  0.5553110E-02   0.4017622E-02   0.9570732E-02
     6570.00  0.5396850E-02   0.4021663E-02   0.9418513E-02
     6590.00  0.5470637E-02   0.4025735E-02   0.9496372E-02
     6610.00  0.5432204E-02   0.4029835E-02   0.9462039E-02
     6630.00  0.5375265E-02   0.4033961E-02   0.9409226E-02
     6650.00  0.5315832E-02   0.4018627E-02   0.9334459E-02
     6670.00  0.5253556E-02   0.4022817E-02   0.9276373E-02
     6690.00  0.5196359E-02   0.4027029E-02   0.9223388E-02
     6710.00  0.5142462E-02   0.4031262E-02   0.9173724E-02
     6730.00  0.5085334E-02   0.4035514E-02   0.9120848E-02
     6750.00  0.5029462E-02   0.4039783E-02   0.9069245E-02
     6770.00  0.4976194E-02   0.4044068E-02   0.9020262E-02
     6790.00  0.4920342E-02   0.4048368E-02   0.8968710E-02
     6810.00  0.4868169E-02   0.4052680E-02   0.8920849E-02
     6830.00  0.4814572E-02   0.4057003E-02   0.8871575E-02
     6850.00  0.4761004E-02   0.4061336E-02   0.8822340E-02
     6870.00  0.4711349E-02   0.4065678E-02   0.8777027E-02
     6890.00  0.4661110E-02   0.4070026E-02   0.8731136E-02
     6910.00  0.4610831E-02   0.4074381E-02   0.8685212E-02
     6930.00  0.4560394E-02   0.4078740E-02   0.8639134E-02
     6950.00  0.4511054E-02   0.4083102E-02   0.8594156E-02
     6970.00  0.4464188E-02   0.4087466E-02   0.8551654E-02
     6990.00  0.4417341E-02   0.4091831E-02   0.8509172E-02
     7010.00  0.4369396E-02   0.4096196E-02   0.8465592E-02
     7030.00  0.4323264E-02   0.4100562E-02   0.8423826E-02
     7050.00  0.4276316E-02   0.4104927E-02   0.8381243E-02
     7070.00  0.4227499E-02   0.4109287E-02   0.8336786E-02
     7090.00  0.4189213E-02   0.4113642E-02   0.8302855E-02
     7110.00  0.4142962E-02   0.4117991E-02   0.8260953E-02
     7130.00  0.4100154E-02   0.4122333E-02   0.8222487E-02
     7150.00  0.4057302E-02   0.4126666E-02   0.8183968E-02
     7170.00  0.4016313E-02   0.4130991E-02   0.8147304E-02
     7190.00  0.3974977E-02   0.4135306E-02   0.8110283E-02
     7210.00  0.3934440E-02   0.4139610E-02   0.8074050E-02
     7230.00  0.3889950E-02   0.4143902E-02   0.8033852E-02
     7250.00  0.3852358E-02   0.4148182E-02   0.8000540E-02
     7270.00  0.3814384E-02   0.4152448E-02   0.7966832E-02
     7290.00  0.3772754E-02   0.4156700E-02   0.7929454E-02
     7310.00  0.3737093E-02   0.4160938E-02   0.7898031E-02
     7330.00  0.3698792E-02   0.4165160E-02   0.7863952E-02
     7350.00  0.3660865E-02   0.4169365E-02   0.7830230E-02
     7370.00  0.3624110E-02   0.4173553E-02   0.7797663E-02
     7390.00  0.3586855E-02   0.4177723E-02   0.7764578E-02
     7410.00  0.3550232E-02   0.4181875E-02   0.7732107E-02
     7430.00  0.3514790E-02   0.4186007E-02   0.7700797E-02
     7450.00  0.3479848E-02   0.4183437E-02   0.7663285E-02
     7470.00  0.3445224E-02   0.4187531E-02   0.7632755E-02
     7490.00  0.3411872E-02   0.4191605E-02   0.7603477E-02
     7510.00  0.3378250E-02   0.4195657E-02   0.7573907E-02
     7530.00  0.3344838E-02   0.4199688E-02   0.7544526E-02
     7550.00  0.3311397E-02   0.4203696E-02   0.7515093E-02
     7570.00  0.3279333E-02   0.4207682E-02   0.7487015E-02
     7590.00  0.3247377E-02   0.4211645E-02   0.7459022E-02
     7610.00  0.3215621E-02   0.4215559E-02   0.7431180E-02
     7630.00  0.3184008E-02   0.4219425E-02   0.7403433E-02
     7650.00  0.3152152E-02   0.4223264E-02   0.7375416E-02
     7670.00  0.3121568E-02   0.4227077E-02   0.7348645E-02
     7690.00  0.3092163E-02   0.4230863E-02   0.7323026E-02
     7710.00  0.3061984E-02   0.4234621E-02   0.7296605E-02
     7730.00  0.3032457E-02   0.4238351E-02   0.7270808E-02
     7750.00  0.3002375E-02   0.4242053E-02   0.7244428E-02
     7770.00  0.2968952E-02   0.4245727E-02   0.7214679E-02
     7790.00  0.2945873E-02   0.4249371E-02   0.7195244E-02
     7810.00  0.2917738E-02   0.4252987E-02   0.7170725E-02
     7830.00  0.2889658E-02   0.4256573E-02   0.7146231E-02
     7850.00  0.2861014E-02   0.4260128E-02   0.7121142E-02
     7870.00  0.2834148E-02   0.4173062E-02   0.7007210E-02
     7890.00  0.2806971E-02   0.4176522E-02   0.6983493E-02
     7910.00  0.2781750E-02   0.4179953E-02   0.6961703E-02
     7930.00  0.2755109E-02   0.4183355E-02   0.6938464E-02
     7950.00  0.2727760E-02   0.4186727E-02   0.6914487E-02
     7970.00  0.2704230E-02   0.4190068E-02   0.6894298E-02
     7990.00  0.2677374E-02   0.4193380E-02   0.6870754E-02
     8010.00  0.2653994E-02   0.4196661E-02   0.6850655E-02
     8030.00  0.2629213E-02   0.4199911E-02   0.6829124E-02
     8050.00  0.2604235E-02   0.4203131E-02   0.6807366E-02
     8070.00  0.2580966E-02   0.4206320E-02   0.6787286E-02
     8090.00  0.2556770E-02   0.4209477E-02   0.6766247E-02
     8110.00  0.2533343E-02   0.4212602E-02   0.6745945E-02
     8130.00  0.2510402E-02   0.4215696E-02   0.6726098E-02
     8150.00  0.2486563E-02   0.4218758E-02   0.6705321E-02
     8170.00  0.2464352E-02   0.4221788E-02   0.6686140E-02
     8190.00  0.2440434E-02   0.4224785E-02   0.6665219E-02
     8210.00  0.2462364E-02   0.3668242E-02   0.6130606E-02
     8230.00  0.2439970E-02   0.1484593E-02   0.3924563E-02
     8250.00  0.2419321E-02   0.1483089E-02   0.3902410E-02
     8270.00  0.2398007E-02   0.1481602E-02   0.3879609E-02
     8290.00  0.2377008E-02   0.1458157E-02   0.3835165E-02
     8310.00  0.2355599E-02   0.1456700E-02   0.3812299E-02
     8330.00  0.2333530E-02   0.1455259E-02   0.3788789E-02
     8350.00  0.2312050E-02   0.1453834E-02   0.3765884E-02
     8370.00  0.2291171E-02   0.1452424E-02   0.3743595E-02
     8390.00  0.2269896E-02   0.1451030E-02   0.3720926E-02
     8410.00  0.2249076E-02   0.1449650E-02   0.3698726E-02
     8430.00  0.2226140E-02   0.1448284E-02   0.3674424E-02
     8450.00  0.2203525E-02   0.1446932E-02   0.3650457E-02
     8470.00  0.2184047E-02   0.1445595E-02   0.3629642E-02
     8490.00  0.2166964E-02   0.1444270E-02   0.3611234E-02
     8510.00  0.2142083E-02   0.1442959E-02   0.3585042E-02
     8530.00  0.2131874E-02   0.1441660E-02   0.3573534E-02
     8550.00  0.2096733E-02   0.1440374E-02   0.3537107E-02
     8570.00  0.2101464E-02   0.1439101E-02   0.3540565E-02
     8590.00  0.2066782E-02   0.1437839E-02   0.3504621E-02
     8610.00  0.2047868E-02   0.1436589E-02   0.3484457E-02
     8630.00  0.2053242E-02   0.1435350E-02   0.3488592E-02
     8650.00  0.2023627E-02   0.1434123E-02   0.3457750E-02
     8670.00  0.1978628E-02   0.1432907E-02   0.3411535E-02
     8690.00  0.1996932E-02   0.1431701E-02   0.3428633E-02
     8710.00  0.1990077E-02   0.1430505E-02   0.3420582E-02
     8730.00  0.1961843E-02   0.1429320E-02   0.3391163E-02
     8750.00  0.1907782E-02   0.1428145E-02   0.3335927E-02
     8770.00  0.1921146E-02   0.1426979E-02   0.3348125E-02
     8790.00  0.1924503E-02   0.1425823E-02   0.3350326E-02
     8810.00  0.1910790E-02   0.1424676E-02   0.3335466E-02
     8830.00  0.1889756E-02   0.1423538E-02   0.3313294E-02
     8850.00  0.1850725E-02   0.1422409E-02   0.3273134E-02
     8870.00  0.1811100E-02   0.1421289E-02   0.3232389E-02
     8890.00  0.1836291E-02   0.1420176E-02   0.3256467E-02
     8910.00  0.1831526E-02   0.1419073E-02   0.3250599E-02
     8930.00  0.1818149E-02   0.1417976E-02   0.3236125E-02
     8950.00  0.1803996E-02   0.1416888E-02   0.3220884E-02
     8970.00  0.1786803E-02   0.1415808E-02   0.3202611E-02
     8990.00  0.1761422E-02   0.1414735E-02   0.3176157E-02
     9010.00  0.1709328E-02   0.1413669E-02   0.3122997E-02
     9030.00  0.1710806E-02   0.1412610E-02   0.3123416E-02
     9050.00  0.1722788E-02   0.1411558E-02   0.3134346E-02
     9070.00  0.1712371E-02   0.1410512E-02   0.3122883E-02
     9090.00  0.1699998E-02   0.1409473E-02   0.3109471E-02
     9110.00  0.1688807E-02   0.1408441E-02   0.3097248E-02
     9130.00  0.1675540E-02   0.1407415E-02   0.3082955E-02
     9150.00  0.1661552E-02   0.1406396E-02   0.3067948E-02
     9170.00  0.1646164E-02   0.1405382E-02   0.3051546E-02
     9190.00  0.1629066E-02   0.1404375E-02   0.3033441E-02
     9210.00  0.1601328E-02   0.1403372E-02   0.3004700E-02
     9230.00  0.1552600E-02   0.1402376E-02   0.2954976E-02
     9250.00  0.1571923E-02   0.1401384E-02   0.2973307E-02
     9270.00  0.1573020E-02   0.1400398E-02   0.2973418E-02
     9290.00  0.1567779E-02   0.1399416E-02   0.2967195E-02
     9310.00  0.1556429E-02   0.1398440E-02   0.2954869E-02
     9330.00  0.1544500E-02   0.1397467E-02   0.2941967E-02
     9350.00  0.1532398E-02   0.1396500E-02   0.2928898E-02
     9370.00  0.1520580E-02   0.1395537E-02   0.2916117E-02
     9390.00  0.1508084E-02   0.1394578E-02   0.2902662E-02
     9410.00  0.1493650E-02   0.1393624E-02   0.2887274E-02
     9430.00  0.1483932E-02   0.1392673E-02   0.2876605E-02
     9450.00  0.1471598E-02   0.1391727E-02   0.2863325E-02
     9470.00  0.1459075E-02   0.1390784E-02   0.2849859E-02
     9490.00  0.1446816E-02   0.1389845E-02   0.2836661E-02
     9510.00  0.1430540E-02   0.1388909E-02   0.2819449E-02
     9530.00  0.1404911E-02   0.1387977E-02   0.2792888E-02
     9550.00  0.1365812E-02   0.1387049E-02   0.2752861E-02
     9570.00  0.1387220E-02   0.1386124E-02   0.2773344E-02
     9590.00  0.1387918E-02   0.1385201E-02   0.2773119E-02
     9610.00  0.1379525E-02   0.1384282E-02   0.2763807E-02
     9630.00  0.1368243E-02   0.1383366E-02   0.2751609E-02
     9650.00  0.1359918E-02   0.1382453E-02   0.2742371E-02
     9670.00  0.1349217E-02   0.1381542E-02   0.2730759E-02
     9690.00  0.1339374E-02   0.1380635E-02   0.2720009E-02
     9710.00  0.1329166E-02   0.1379730E-02   0.2708896E-02
     9730.00  0.1319114E-02   0.1378827E-02   0.2697941E-02
     9750.00  0.1308505E-02   0.1377927E-02   0.2686432E-02
     9770.00  0.1298833E-02   0.1377029E-02   0.2675862E-02
     9790.00  0.1288869E-02   0.1376133E-02   0.2665002E-02
     9810.00  0.1278957E-02   0.1375239E-02   0.2654196E-02
     9830.00  0.1268916E-02   0.1374348E-02   0.2643264E-02
     9850.00  0.1259026E-02   0.1373459E-02   0.2632485E-02
     9870.00  0.1249414E-02   0.1372572E-02   0.2621986E-02
     9890.00  0.1239540E-02   0.1371686E-02   0.2611226E-02
     9910.00  0.1229994E-02   0.1370802E-02   0.2600796E-02
     9930.00  0.1220971E-02   0.1369920E-02   0.2590891E-02
     9950.00  0.1211332E-02   0.1369040E-02   0.2580372E-02
     9970.00  0.1201988E-02   0.1368161E-02   0.2570149E-02
     9990.00  0.1192073E-02   0.1367284E-02   0.2559357E-02
    10025.00  0.1164073E-02   0.1365753E-02   0.2529826E-02
    10075.00  0.1137862E-02   0.1363571E-02   0.2501433E-02
    10125.00  0.1132217E-02   0.1361397E-02   0.2493614E-02
    10175.00  0.1113924E-02   0.1359265E-02   0.2473189E-02
    10225.00  0.1094266E-02   0.1357144E-02   0.2451410E-02
    10275.00  0.1074404E-02   0.1355026E-02   0.2429430E-02
    10325.00  0.1053963E-02   0.1352911E-02   0.2406874E-02
    10375.00  0.1034460E-02   0.1350798E-02   0.2385258E-02
    10425.00  0.1016107E-02   0.1348687E-02   0.2364794E-02
    10475.00  0.9974221E-03   0.1346576E-02   0.2343998E-02
    10525.00  0.9796006E-03   0.1344465E-02   0.2324066E-02
    10575.00  0.9623248E-03   0.1342355E-02   0.2304679E-02
    10625.00  0.9450229E-03   0.1340243E-02   0.2285266E-02
    10675.00  0.9278669E-03   0.1338130E-02   0.2265997E-02
    10725.00  0.9125608E-03   0.1336016E-02   0.2248577E-02
    10775.00  0.8965898E-03   0.1333899E-02   0.2230489E-02
    10825.00  0.8793690E-03   0.1331781E-02   0.2211150E-02
    10875.00  0.8630289E-03   0.1329659E-02   0.2192688E-02
    10925.00  0.8332395E-03   0.1327534E-02   0.2160774E-02
    10975.00  0.8289429E-03   0.1325406E-02   0.2154349E-02
    11025.00  0.8207506E-03   0.1323274E-02   0.2144025E-02
    11075.00  0.8075672E-03   0.1321138E-02   0.2128706E-02
    11125.00  0.7934521E-03   0.1318999E-02   0.2112451E-02
    11175.00  0.7804944E-03   0.1161560E-02   0.1942054E-02
    11225.00  0.7676260E-03   0.1159425E-02   0.1927051E-02
    11275.00  0.7538850E-03   0.1157292E-02   0.1911177E-02
    11325.00  0.7412194E-03   0.1155161E-02   0.1896380E-02
    11375.00  0.7289969E-03   0.1153030E-02   0.1882027E-02
    11425.00  0.7171508E-03   0.1150901E-02   0.1868051E-02
    11475.00  0.7058438E-03   0.1148771E-02   0.1854615E-02
    11525.00  0.6942471E-03   0.1146642E-02   0.1840889E-02
    11575.00  0.6826006E-03   0.1144513E-02   0.1827114E-02
    11625.00  0.6707396E-03   0.1142385E-02   0.1813124E-02
    11675.00  0.6601024E-03   0.1140256E-02   0.1800358E-02
    11725.00  0.6500866E-03   0.1138127E-02   0.1788214E-02
    11775.00  0.6389454E-03   0.1135998E-02   0.1774943E-02
    11825.00  0.6288823E-03   0.1133868E-02   0.1762750E-02
    11875.00  0.6183288E-03   0.1131737E-02   0.1750066E-02
    11925.00  0.6092742E-03   0.1129606E-02   0.1738880E-02
    11975.00  0.5990910E-03   0.1127474E-02   0.1726565E-02
    12025.00  0.5901589E-03   0.1125341E-02   0.1715500E-02
    12075.00  0.5806166E-03   0.1123207E-02   0.1703824E-02
    12125.00  0.5712781E-03   0.1121073E-02   0.1692351E-02
    12175.00  0.5625200E-03   0.1118937E-02   0.1681457E-02
    12225.00  0.5537383E-03   0.1116799E-02   0.1670538E-02
    12275.00  0.5452066E-03   0.1114661E-02   0.1659868E-02
    12325.00  0.5367940E-03   0.1112522E-02   0.1649316E-02
    12375.00  0.5284170E-03   0.1110381E-02   0.1638798E-02
    12425.00  0.5206034E-03   0.1108239E-02   0.1628842E-02
    12475.00  0.5126594E-03   0.1106095E-02   0.1618755E-02
    12525.00  0.5048628E-03   0.1102848E-02   0.1607711E-02
    12575.00  0.4969976E-03   0.1100709E-02   0.1597707E-02
    12625.00  0.4893236E-03   0.1098569E-02   0.1587893E-02
    12675.00  0.4821366E-03   0.1096428E-02   0.1578564E-02
    12725.00  0.4747349E-03   0.1094285E-02   0.1569020E-02
    12775.00  0.4655415E-03   0.1092141E-02   0.1557683E-02
    12825.00  0.4509965E-03   0.1089996E-02   0.1540993E-02
    12875.00  0.4522660E-03   0.1087850E-02   0.1540116E-02
    12925.00  0.4470947E-03   0.1085702E-02   0.1532797E-02
    12975.00  0.4407513E-03   0.1083553E-02   0.1524305E-02
    13025.00  0.4344962E-03   0.1081403E-02   0.1515899E-02
    13075.00  0.4281279E-03   0.1079240E-02   0.1507368E-02
    13125.00  0.4216303E-03   0.1077075E-02   0.1498706E-02
    13175.00  0.4155350E-03   0.1074909E-02   0.1490444E-02
    13225.00  0.4097091E-03   0.1072741E-02   0.1482450E-02
    13275.00  0.4036916E-03   0.1070571E-02   0.1474263E-02
    13325.00  0.3978984E-03   0.1068401E-02   0.1466299E-02
    13375.00  0.3921742E-03   0.1066229E-02   0.1458403E-02
    13425.00  0.3867527E-03   0.1064055E-02   0.1450808E-02
    13475.00  0.3813558E-03   0.1061881E-02   0.1443237E-02
    13525.00  0.3759295E-03   0.1059706E-02   0.1435635E-02
    13575.00  0.3705036E-03   0.1057530E-02   0.1428033E-02
    13625.00  0.3651977E-03   0.1054882E-02   0.1420080E-02
    13675.00  0.3602068E-03   0.1052706E-02   0.1412912E-02
    13725.00  0.3551720E-03   0.1050528E-02   0.1405700E-02
    13775.00  0.3503334E-03   0.1048351E-02   0.1398684E-02
    13825.00  0.3454243E-03   0.1046172E-02   0.1391596E-02
    13875.00  0.3405566E-03   0.1043993E-02   0.1384549E-02
    13925.00  0.3359429E-03   0.1041813E-02   0.1377756E-02
    13975.00  0.3314431E-03   0.1039633E-02   0.1371076E-02
    14025.00  0.3268922E-03   0.1037453E-02   0.1364345E-02
    14075.00  0.3224200E-03   0.1035272E-02   0.1357692E-02
    14125.00  0.3178586E-03   0.1026055E-02   0.1343914E-02
    14175.00  0.3137693E-03   0.1023904E-02   0.1337674E-02
    14225.00  0.3095480E-03   0.1021753E-02   0.1331301E-02
    14275.00  0.3053808E-03   0.1019602E-02   0.1324983E-02
    14325.00  0.3013473E-03   0.1017450E-02   0.1318798E-02
    14375.00  0.2972796E-03   0.1015299E-02   0.1312579E-02
    14425.00  0.2928616E-03   0.1013148E-02   0.1306010E-02
    14475.00  0.2893495E-03   0.1010997E-02   0.1300346E-02
    14525.00  0.2853600E-03   0.1008846E-02   0.1294206E-02
    14570.00  0.2820817E-03   0.1006911E-02   0.1288992E-02
    14620.00  0.2803107E-03   0.6275401E-03   0.9078508E-03
    14675.00  0.2763259E-03   0.6259029E-03   0.9022288E-03
    14725.00  0.2727377E-03   0.6224948E-03   0.8952325E-03
    14775.00  0.2691797E-03   0.6210212E-03   0.8902009E-03
    14825.00  0.2657380E-03   0.6195517E-03   0.8852897E-03
    14875.00  0.2621304E-03   0.6180863E-03   0.8802167E-03
    14925.00  0.2590327E-03   0.6166250E-03   0.8756577E-03
    14975.00  0.2556703E-03   0.6151678E-03   0.8708381E-03
    15025.00  0.2522756E-03   0.6137147E-03   0.8659903E-03
    15075.00  0.2489675E-03   0.6122655E-03   0.8612330E-03
    15125.00  0.2458172E-03   0.6108203E-03   0.8566375E-03
    15175.00  0.2427235E-03   0.6093791E-03   0.8521026E-03
    15225.00  0.2396048E-03   0.6079422E-03   0.8475470E-03
    15275.00  0.2365874E-03   0.6065097E-03   0.8430971E-03
    15325.00  0.2334616E-03   0.6050809E-03   0.8385425E-03
    15375.00  0.2305392E-03   0.6036560E-03   0.8341952E-03
    15425.00  0.2274956E-03   0.6022349E-03   0.8297305E-03
    15475.00  0.2249293E-03   0.6008175E-03   0.8257468E-03
    15525.00  0.2220415E-03   0.5994039E-03   0.8214454E-03
    15575.00  0.2188870E-03   0.5979940E-03   0.8168810E-03
    15625.00  0.2169661E-03   0.5965878E-03   0.8135539E-03
    15675.00  0.2136271E-03   0.5951852E-03   0.8088123E-03
    15725.00  0.2108080E-03   0.5937864E-03   0.8045944E-03
    15775.00  0.2092048E-03   0.5923912E-03   0.8015960E-03
    15825.00  0.2065614E-03   0.5909996E-03   0.7975610E-03
    15875.00  0.2023331E-03   0.5896117E-03   0.7919448E-03
    15925.00  0.2011847E-03   0.5882273E-03   0.7894120E-03
    15975.00  0.1996707E-03   0.5868465E-03   0.7865172E-03
    16050.00  0.1954743E-03   0.5847821E-03   0.7802564E-03
    16150.00  0.1900238E-03   0.5820419E-03   0.7720657E-03
    16250.00  0.1870610E-03   0.5793158E-03   0.7663768E-03
    16350.00  0.1819845E-03   0.5766038E-03   0.7585883E-03
    16450.00  0.1769245E-03   0.5739057E-03   0.7508302E-03
    16550.00  0.1743151E-03   0.5712215E-03   0.7455366E-03
    16650.00  0.1703179E-03   0.5685510E-03   0.7388689E-03
    16750.00  0.1655991E-03   0.5658942E-03   0.7314933E-03
    16850.00  0.1609825E-03   0.5632511E-03   0.7242336E-03
    16950.00  0.1588846E-03   0.5606216E-03   0.7195062E-03
    17050.00  0.1552818E-03   0.5580056E-03   0.7132874E-03
    17150.00  0.1519451E-03   0.5554030E-03   0.7073481E-03
    17250.00  0.1483313E-03   0.5528139E-03   0.7011452E-03
    17350.00  0.1431072E-03   0.5502381E-03   0.6933453E-03
    17450.00  0.1414930E-03   0.5476757E-03   0.6891687E-03
    17550.00  0.1388578E-03   0.5451266E-03   0.6839844E-03
    17650.00  0.1358563E-03   0.5425907E-03   0.6784470E-03
    17750.00  0.1328498E-03   0.5400680E-03   0.6729178E-03
    17850.00  0.1299838E-03   0.5375584E-03   0.6675422E-03
    17950.00  0.1272603E-03   0.5350620E-03   0.6623223E-03
    18050.00  0.1243721E-03   0.5325786E-03   0.6569507E-03
    18150.00  0.1201927E-03   0.5301083E-03   0.6503010E-03
    18250.00  0.1186879E-03   0.5276520E-03   0.6463399E-03
    18350.00  0.1167431E-03   0.5252166E-03   0.6419597E-03
    18450.00  0.1143224E-03   0.5227935E-03   0.6371159E-03
    18550.00  0.1118744E-03   0.4934748E-03   0.6053492E-03
    18650.00  0.1093638E-03   0.4911927E-03   0.6005565E-03
    18750.00  0.1058179E-03   0.4889227E-03   0.5947406E-03
    18850.00  0.1049804E-03   0.4866646E-03   0.5916450E-03
    18950.00  0.1029126E-03   0.4844185E-03   0.5873311E-03
    19050.00  0.1008877E-03   0.4821844E-03   0.5830721E-03
    19150.00  0.9891303E-04   0.4799622E-03   0.5788752E-03
    19250.00  0.9690745E-04   0.4777519E-03   0.5746593E-03
    19350.00  0.9474965E-04   0.4755534E-03   0.5703031E-03
    19450.00  0.9164812E-04   0.4733668E-03   0.5650149E-03
    19550.00  0.9106923E-04   0.4711920E-03   0.5622612E-03
    19650.00  0.8944986E-04   0.4690289E-03   0.5584787E-03
    19750.00  0.8767604E-04   0.4668775E-03   0.5545536E-03
    19850.00  0.8596618E-04   0.4647379E-03   0.5507041E-03
    19950.00  0.8430119E-04   0.4626100E-03   0.5469112E-03
    20050.00  0.8269863E-04   0.4604937E-03   0.5431923E-03
    20150.00  0.8112483E-04   0.4583889E-03   0.5395138E-03
    20250.00  0.7953498E-04   0.4561690E-03   0.5357040E-03
    20350.00  0.7806858E-04   0.4540883E-03   0.5321568E-03
    20450.00  0.7664462E-04   0.4520190E-03   0.5286636E-03
    20550.00  0.7518881E-04   0.4499613E-03   0.5251501E-03
    20650.00  0.7375415E-04   0.4479149E-03   0.5216691E-03
    20750.00  0.7233394E-04   0.4458799E-03   0.5182139E-03
    20850.00  0.7104299E-04   0.4438564E-03   0.5148993E-03
    20950.00  0.6974604E-04   0.4418441E-03   0.5115901E-03
    21050.00  0.6847581E-04   0.4398431E-03   0.5083189E-03
    21150.00  0.6717247E-04   0.4378533E-03   0.5050257E-03
    21250.00  0.6592191E-04   0.4358747E-03   0.5017966E-03
    21350.00  0.6475011E-04   0.4339072E-03   0.4986574E-03
    21450.00  0.6359931E-04   0.4319509E-03   0.4955502E-03
    21550.00  0.6236983E-04   0.4299471E-03   0.4923169E-03
    21650.00  0.6043655E-04   0.4280134E-03   0.4884500E-03
    21750.00  0.6004114E-04   0.4260907E-03   0.4861319E-03
    21850.00  0.5916027E-04   0.4241789E-03   0.4833392E-03
    21950.00  0.5816812E-04   0.4222780E-03   0.4804461E-03
    22050.00  0.5713888E-04   0.4203879E-03   0.4775268E-03
    22150.00  0.5612882E-04   0.4185086E-03   0.4746374E-03
    22250.00  0.5512045E-04   0.4156617E-03   0.4707822E-03
    22350.00  0.5419045E-04   0.4138123E-03   0.4680027E-03
    22450.00  0.5326512E-04   0.4119733E-03   0.4652385E-03
    22550.00  0.5233661E-04   0.4101449E-03   0.4624815E-03
    22650.00  0.5142159E-04   0.4083269E-03   0.4597485E-03
    22750.00  0.5055242E-04   0.4065194E-03   0.4570718E-03
    22850.00  0.4983581E-04   0.3240173E-03   0.3738531E-03
    22950.00  0.4907020E-04   0.3223136E-03   0.3713838E-03
    23050.00  0.4826584E-04   0.3209105E-03   0.3691763E-03
    23150.00  0.4744744E-04   0.3195159E-03   0.3669633E-03
    23250.00  0.4661760E-04   0.3181297E-03   0.3647473E-03
    23350.00  0.4585789E-04   0.3167518E-03   0.3626096E-03
    23450.00  0.4510849E-04   0.3153821E-03   0.3604906E-03
    23550.00  0.4434148E-04   0.3140207E-03   0.3583622E-03
    23650.00  0.4360749E-04   0.3126675E-03   0.3562750E-03
    23750.00  0.4286171E-04   0.3113224E-03   0.3541841E-03
    23850.00  0.4216865E-04   0.3099854E-03   0.3521540E-03
    23950.00  0.4150330E-04   0.3086564E-03   0.3501597E-03
    24050.00  0.4082596E-04   0.3073353E-03   0.3481613E-03
    24150.00  0.4014423E-04   0.3060222E-03   0.3461664E-03
    24250.00  0.3948312E-04   0.3047169E-03   0.3442000E-03
    24350.00  0.3887562E-04   0.3034194E-03   0.3422950E-03
    24450.00  0.3825466E-04   0.3021296E-03   0.3403843E-03
    24550.00  0.3765646E-04   0.3008476E-03   0.3385041E-03
    24650.00  0.3704980E-04   0.2995732E-03   0.3366230E-03
    24750.00  0.3645240E-04   0.2983065E-03   0.3347589E-03
    24850.00  0.3591012E-04   0.2970472E-03   0.3329574E-03
    24950.00  0.3532584E-04   0.2957955E-03   0.3311214E-03
    25050.00  0.3488524E-04   0.2945513E-03   0.3294365E-03
    25150.00  0.3429502E-04   0.2933144E-03   0.3276094E-03
    25250.00  0.3366939E-04   0.2920849E-03   0.3257543E-03
    25350.00  0.3323461E-04   0.2908627E-03   0.3240974E-03
    25450.00  0.3276680E-04   0.2896478E-03   0.3224146E-03
    25550.00  0.3222789E-04   0.2884401E-03   0.3206680E-03
    25650.00  0.3164117E-04   0.2872396E-03   0.3188807E-03
    25750.00  0.3125938E-04   0.2860461E-03   0.3173055E-03
    25850.00  0.3082809E-04   0.2848598E-03   0.3156878E-03
    25950.00  0.3037317E-04   0.2836804E-03   0.3140536E-03
    26050.00  0.2985041E-04   0.2825081E-03   0.3123585E-03
    26150.00  0.2927997E-04   0.2813426E-03   0.3106226E-03
    26250.00  0.2860506E-04   0.2801841E-03   0.3087891E-03
    26350.00  0.2853488E-04   0.2790324E-03   0.3075672E-03
    26450.00  0.2819400E-04   0.2778874E-03   0.3060814E-03
    26550.00  0.2778478E-04   0.2767493E-03   0.3045340E-03
    26650.00  0.2732546E-04   0.2756178E-03   0.3029432E-03
    26750.00  0.2677206E-04   0.2744930E-03   0.3012650E-03
    26850.00  0.2654764E-04   0.2733748E-03   0.2999224E-03
    26950.00  0.2622147E-04   0.2722631E-03   0.2984846E-03
    27050.00  0.2585637E-04   0.2711580E-03   0.2970144E-03
    27150.00  0.2548291E-04   0.2700594E-03   0.2955423E-03
    27250.00  0.2510858E-04   0.2689672E-03   0.2940758E-03
    27350.00  0.2475493E-04   0.2678814E-03   0.2926363E-03
    27450.00  0.2438191E-04   0.2668019E-03   0.2911838E-03
    27550.00  0.2386657E-04   0.2657288E-03   0.2895954E-03
    27650.00  0.2361705E-04   0.2580200E-03   0.2816371E-03
    27750.00  0.2336865E-04   0.2569880E-03   0.2803566E-03
    27850.00  0.2306851E-04   0.2559620E-03   0.2790305E-03
    27950.00  0.2275714E-04   0.2549420E-03   0.2776991E-03
    28050.00  0.2244259E-04   0.2539279E-03   0.2763705E-03
    28150.00  0.2212883E-04   0.2529197E-03   0.2750486E-03
    28250.00  0.2181529E-04   0.2519174E-03   0.2737327E-03
    28350.00  0.2152403E-04   0.2509209E-03   0.2724450E-03
    28450.00  0.2122812E-04   0.2499302E-03   0.2711583E-03
    28550.00  0.2092693E-04   0.2489452E-03   0.2698722E-03
    28650.00  0.2057210E-04   0.2479660E-03   0.2685381E-03
    28750.00  0.2014871E-04   0.2469924E-03   0.2671411E-03
    28850.00  0.2006190E-04   0.2460244E-03   0.2660863E-03
    28950.00  0.1982643E-04   0.2450620E-03   0.2648884E-03
    29050.00  0.1956959E-04   0.2441052E-03   0.2636748E-03
    29150.00  0.1930485E-04   0.2431538E-03   0.2624587E-03
    29250.00  0.1904162E-04   0.2422080E-03   0.2612496E-03
    29350.00  0.1879705E-04   0.2412676E-03   0.2600646E-03
    29450.00  0.1855140E-04   0.2403325E-03   0.2588839E-03
    29550.00  0.1830813E-04   0.2394029E-03   0.2577110E-03
    29650.00  0.1806497E-04   0.2384785E-03   0.2565435E-03
    29750.00  0.1782256E-04   0.2375354E-03   0.2553580E-03
    29850.00  0.1759618E-04   0.2366218E-03   0.2542179E-03
    29950.00  0.1736972E-04   0.2357133E-03   0.2530830E-03
    30050.00  0.1714339E-04   0.2348100E-03   0.2519534E-03
    30150.00  0.1691494E-04   0.2339118E-03   0.2508268E-03
    30250.00  0.1667255E-04   0.2330188E-03   0.2496913E-03
    30350.00  0.1632623E-04   0.2321308E-03   0.2484571E-03
    30450.00  0.1617119E-04   0.2312479E-03   0.2474191E-03
    30550.00  0.1605482E-04   0.2303700E-03   0.2464248E-03
    30650.00  0.1586270E-04   0.2294970E-03   0.2453597E-03
    30750.00  0.1566051E-04   0.2286290E-03   0.2442895E-03
    30850.00  0.1546596E-04   0.2277659E-03   0.2432319E-03
    30950.00  0.1527566E-04   0.2269077E-03   0.2421833E-03
    31050.00  0.1508488E-04   0.2260543E-03   0.2411391E-03
    31150.00  0.1489072E-04   0.2252056E-03   0.2400964E-03
    31250.00  0.1470293E-04   0.2243618E-03   0.2390647E-03
    31350.00  0.1452551E-04   0.2235109E-03   0.2380364E-03
    31450.00  0.1434774E-04   0.2226764E-03   0.2370241E-03
    31550.00  0.1417006E-04   0.2218466E-03   0.2360167E-03
    31650.00  0.1399481E-04   0.2210215E-03   0.2350163E-03
    31750.00  0.1381835E-04   0.2202009E-03   0.2340193E-03
    31850.00  0.1365582E-04   0.2193850E-03   0.2330408E-03
    31950.00  0.1349334E-04   0.2185736E-03   0.2320669E-03
    32100.00  0.1324918E-04   0.2171665E-03   0.2304157E-03
    32300.00  0.1292703E-04   0.2155736E-03   0.2285007E-03
    32500.00  0.1262097E-04   0.2139983E-03   0.2266193E-03
    32700.00  0.1232676E-04   0.2124403E-03   0.2247671E-03
    32900.00  0.1194448E-04   0.1881044E-03   0.2000489E-03
    33100.00  0.1173429E-04   0.1867022E-03   0.1984365E-03
    33300.00  0.1148225E-04   0.1853760E-03   0.1968582E-03
    33500.00  0.1121930E-04   0.1840642E-03   0.1952835E-03
    33700.00  0.1096919E-04   0.1827667E-03   0.1937359E-03
    33900.00  0.1072161E-04   0.1814832E-03   0.1922048E-03
    34100.00  0.1047533E-04   0.1802136E-03   0.1906890E-03
    34300.00  0.1023178E-04   0.1789577E-03   0.1891895E-03
    34500.00  0.9989152E-05   0.1777152E-03   0.1877044E-03
    34700.00  0.9768094E-05   0.1764861E-03   0.1862542E-03
    34900.00  0.9548994E-05   0.1752701E-03   0.1848191E-03
    35100.00  0.9337556E-05   0.1740670E-03   0.1834046E-03
    35300.00  0.9132746E-05   0.1728767E-03   0.1820095E-03
    35500.00  0.8929537E-05   0.1716991E-03   0.1806286E-03
    35700.00  0.8742288E-05   0.1705338E-03   0.1792761E-03
    35900.00  0.8557955E-05   0.1693808E-03   0.1779388E-03
    36100.00  0.8373710E-05   0.1682399E-03   0.1766136E-03
    36300.00  0.8192004E-05   0.1671110E-03   0.1753030E-03
    36500.00  0.8007894E-05   0.1659938E-03   0.1740017E-03
    36700.00  0.7848474E-05   0.1648883E-03   0.1727367E-03
    36900.00  0.7680132E-05   0.1637942E-03   0.1714743E-03
    37100.00  0.7522804E-05   0.1627114E-03   0.1702343E-03
    37300.00  0.7335476E-05   0.1616399E-03   0.1689753E-03
    37500.00  0.7161588E-05   0.1605793E-03   0.1677409E-03
    37700.00  0.7064664E-05   0.1595296E-03   0.1665943E-03
    37900.00  0.6926494E-05   0.1584907E-03   0.1654172E-03
    38100.00  0.6777457E-05   0.1574623E-03   0.1642398E-03
    38300.00  0.6639484E-05   0.1564444E-03   0.1630839E-03
    38500.00  0.6509008E-05   0.1554368E-03   0.1619458E-03
    38700.00  0.6383668E-05   0.1523773E-03   0.1587610E-03
    38900.00  0.6253862E-05   0.1514051E-03   0.1576590E-03
    39100.00  0.6119345E-05   0.1504427E-03   0.1565620E-03
    39300.00  0.6010326E-05   0.1494899E-03   0.1555002E-03
    39500.00  0.5890508E-05   0.1485466E-03   0.1544371E-03
    39700.00  0.5780717E-05   0.1476127E-03   0.1533934E-03
    39900.00  0.5669697E-05   0.1466881E-03   0.1523578E-03
    40100.00  0.5547448E-05   0.1457726E-03   0.1513200E-03
    40300.00  0.5434990E-05   0.1448661E-03   0.1503011E-03
    40500.00  0.5302201E-05   0.1439686E-03   0.1492708E-03
    40700.00  0.5241544E-05   0.1430798E-03   0.1483214E-03
    40900.00  0.5148410E-05   0.1421998E-03   0.1473482E-03
    41100.00  0.5052325E-05   0.1413229E-03   0.1463753E-03
    41300.00  0.4955267E-05   0.1404600E-03   0.1454153E-03
    41500.00  0.4855215E-05   0.1396055E-03   0.1444607E-03
    41700.00  0.4750168E-05   0.1387591E-03   0.1435093E-03
    41900.00  0.4681346E-05   0.1379210E-03   0.1426023E-03
    42100.00  0.4599399E-05   0.1370909E-03   0.1416903E-03
    42300.00  0.4515268E-05   0.1362687E-03   0.1407840E-03
    42500.00  0.4429583E-05   0.1354544E-03   0.1398840E-03
    42700.00  0.4352606E-05   0.1346478E-03   0.1390004E-03
    42900.00  0.4273931E-05   0.1338489E-03   0.1381228E-03
    43100.00  0.4196965E-05   0.1330542E-03   0.1372512E-03
    43300.00  0.4120976E-05   0.1322703E-03   0.1363913E-03
    43500.00  0.4041683E-05   0.1314938E-03   0.1355355E-03
    43700.00  0.3954161E-05   0.1307245E-03   0.1346787E-03
    43900.00  0.3897264E-05   0.1299109E-03   0.1338081E-03
    44100.00  0.3835579E-05   0.1291564E-03   0.1329920E-03
    44300.00  0.3768969E-05   0.1284090E-03   0.1321780E-03
    44500.00  0.3701396E-05   0.1276685E-03   0.1313699E-03
    44700.00  0.3640139E-05   0.1251680E-03   0.1288081E-03
    44900.00  0.3579299E-05   0.1184207E-03   0.1220000E-03
    45100.00  0.3517921E-05   0.1177526E-03   0.1212705E-03
    45300.00  0.3456179E-05   0.1170905E-03   0.1205466E-03
    45500.00  0.3396068E-05   0.1164344E-03   0.1198305E-03
    45700.00  0.3340727E-05   0.1157843E-03   0.1191250E-03
    45900.00  0.3284737E-05   0.1151400E-03   0.1184247E-03
    46100.00  0.3229778E-05   0.1145016E-03   0.1177313E-03
    46300.00  0.3172453E-05   0.1138689E-03   0.1170413E-03
    46500.00  0.3093007E-05   0.1132418E-03   0.1163348E-03
    46700.00  0.3047674E-05   0.1126204E-03   0.1156680E-03
    46900.00  0.3015970E-05   0.1120045E-03   0.1150204E-03
    47100.00  0.2971388E-05   0.1113940E-03   0.1143654E-03
    47300.00  0.2923302E-05   0.1107890E-03   0.1137123E-03
    47500.00  0.2874096E-05   0.1101893E-03   0.1130634E-03
    47700.00  0.2829085E-05   0.1095949E-03   0.1124240E-03
    47900.00  0.2784364E-05   0.1090057E-03   0.1117900E-03
    48100.00  0.2739521E-05   0.1084216E-03   0.1111612E-03
    48300.00  0.2695445E-05   0.1078427E-03   0.1105381E-03
    48500.00  0.2651073E-05   0.1072688E-03   0.1099199E-03
    48700.00  0.2611059E-05   0.1066998E-03   0.1093109E-03
    48900.00  0.2571340E-05   0.1061358E-03   0.1087072E-03
    49100.00  0.2531713E-05   0.1055767E-03   0.1081084E-03
    49300.00  0.2492267E-05   0.1050223E-03   0.1075146E-03
    49500.00  0.2452981E-05   0.1044728E-03   0.1069257E-03
    49700.00  0.2413933E-05   0.1039279E-03   0.1063418E-03
    49900.00  0.2374990E-05   0.1033876E-03   0.1057626E-03
    50100.00  0.2349255E-05   0.1028520E-03   0.1052012E-03
    50300.00  0.2336476E-05   0.1023209E-03   0.1046573E-03
    50500.00  0.2323718E-05   0.1017942E-03   0.1041180E-03
    50700.00  0.2311355E-05   0.1012721E-03   0.1035834E-03
    50900.00  0.2298651E-05   0.1007543E-03   0.1030529E-03
    51100.00  0.2283186E-05   0.1002408E-03   0.1025240E-03
    51300.00  0.2257744E-05   0.9973164E-04   0.1019894E-03
    51500.00  0.2260338E-05   0.9846805E-04   0.1007284E-03
    51700.00  0.2250938E-05   0.9797194E-04   0.1002229E-03
    51900.00  0.2239426E-05   0.9747993E-04   0.9971936E-04
    52100.00  0.2227862E-05   0.9699199E-04   0.9921985E-04
    52300.00  0.2216400E-05   0.9650806E-04   0.9872446E-04
    52500.00  0.2205180E-05   0.9602810E-04   0.9823328E-04
    52700.00  0.2194067E-05   0.9555208E-04   0.9774614E-04
    52900.00  0.2182775E-05   0.9507993E-04   0.9726271E-04
    53100.00  0.2171887E-05   0.9461164E-04   0.9678352E-04
    53300.00  0.2161005E-05   0.9414714E-04   0.9630814E-04
    53500.00  0.2150264E-05   0.9368640E-04   0.9583666E-04
    53700.00  0.2139588E-05   0.9322938E-04   0.9536897E-04
    53900.00  0.2129054E-05   0.9277604E-04   0.9490509E-04
    54100.00  0.2118576E-05   0.9232634E-04   0.9444491E-04
    54300.00  0.2108050E-05   0.9187817E-04   0.9398622E-04
    54500.00  0.2097892E-05   0.9143567E-04   0.9353356E-04
    54700.00  0.2087639E-05   0.9099669E-04   0.9308433E-04
    54900.00  0.2077573E-05   0.9056120E-04   0.9263877E-04
    55100.00  0.2067609E-05   0.9012915E-04   0.9219676E-04
    55300.00  0.2057744E-05   0.8970052E-04   0.9175826E-04
    55500.00  0.2047765E-05   0.8927526E-04   0.9132302E-04
    55700.00  0.2038113E-05   0.8885333E-04   0.9089145E-04
    55900.00  0.2028268E-05   0.8843471E-04   0.9046298E-04
    56100.00  0.2018739E-05   0.8801936E-04   0.9003810E-04
    56300.00  0.2009185E-05   0.8760724E-04   0.8961642E-04
    56500.00  0.1999834E-05   0.8719723E-04   0.8919706E-04
    56700.00  0.1990465E-05   0.8679134E-04   0.8878181E-04
    56900.00  0.1981034E-05   0.8638859E-04   0.8836963E-04
    57100.00  0.1971923E-05   0.8598894E-04   0.8796087E-04
    57300.00  0.1962716E-05   0.8559237E-04   0.8755508E-04
    57500.00  0.1953625E-05   0.8518292E-04   0.8713654E-04
    57700.00  0.1944556E-05   0.8479270E-04   0.8673726E-04
    57900.00  0.1935605E-05   0.8440546E-04   0.8634107E-04
    58100.00  0.1926683E-05   0.8402116E-04   0.8594785E-04
    58300.00  0.1917861E-05   0.8363977E-04   0.8555763E-04
    58500.00  0.1909364E-05   0.8017664E-04   0.8208601E-04
    58700.00  0.1900234E-05   0.7981310E-04   0.8171333E-04
    58900.00  0.1889528E-05   0.7945722E-04   0.8134675E-04
    59100.00  0.1872717E-05   0.7910400E-04   0.8097672E-04
    59300.00  0.1873263E-05   0.7875341E-04   0.8062667E-04
    59500.00  0.1865993E-05   0.7840542E-04   0.8027141E-04
    59700.00  0.1857879E-05   0.7806000E-04   0.7991788E-04
    59900.00  0.1849478E-05   0.7771714E-04   0.7956661E-04
    60100.00  0.1841125E-05   0.7737680E-04   0.7921792E-04
    60300.00  0.1832875E-05   0.7703896E-04   0.7887183E-04
    60500.00  0.1824633E-05   0.7670359E-04   0.7852823E-04
    60700.00  0.1816448E-05   0.7637068E-04   0.7818713E-04
    60900.00  0.1808298E-05   0.7604019E-04   0.7784849E-04
    61100.00  0.1800140E-05   0.7571210E-04   0.7751224E-04
    61300.00  0.1792181E-05   0.7538640E-04   0.7717858E-04
    61500.00  0.1784193E-05   0.7506304E-04   0.7684723E-04
    61700.00  0.1776258E-05   0.7474202E-04   0.7651828E-04
    61900.00  0.1768349E-05   0.7442331E-04   0.7619165E-04
    62100.00  0.1760486E-05   0.7410688E-04   0.7586736E-04
    62300.00  0.1752599E-05   0.7379271E-04   0.7554531E-04
    62500.00  0.1744859E-05   0.7348079E-04   0.7522565E-04
    62700.00  0.1737113E-05   0.7317109E-04   0.7490820E-04
    62900.00  0.1729432E-05   0.7286359E-04   0.7459302E-04
    63100.00  0.1721747E-05   0.7255826E-04   0.7428001E-04
    63300.00  0.1714176E-05   0.7225509E-04   0.7396927E-04
    63500.00  0.1706590E-05   0.7195406E-04   0.7366065E-04
    63700.00  0.1699062E-05   0.7165514E-04   0.7335420E-04
    63900.00  0.1691546E-05   0.7135832E-04   0.7304986E-04
    64200.00  0.1680362E-05   0.7091696E-04   0.7259733E-04
    64600.00  0.1665557E-05   0.7033564E-04   0.7200120E-04
    65000.00  0.1650881E-05   0.6976235E-04   0.7141323E-04
    65400.00  0.1636371E-05   0.6919693E-04   0.7083330E-04
    65800.00  0.1621979E-05   0.6863924E-04   0.7026122E-04
    66200.00  0.1607682E-05   0.6777318E-04   0.6938086E-04
    66600.00  0.1593509E-05   0.6723367E-04   0.6882718E-04
    67000.00  0.1579463E-05   0.6670142E-04   0.6828089E-04
    67400.00  0.1565510E-05   0.6617630E-04   0.6774181E-04
    67800.00  0.1551681E-05   0.6565818E-04   0.6720986E-04
    68200.00  0.1537947E-05   0.6514693E-04   0.6668488E-04
    68600.00  0.1524309E-05   0.6464243E-04   0.6616674E-04
    69000.00  0.1510763E-05   0.6414455E-04   0.6565531E-04
    69400.00  0.1497305E-05   0.6365287E-04   0.6515017E-04
    69800.00  0.1483959E-05   0.6316787E-04   0.6465183E-04
    70200.00  0.1470670E-05   0.6268915E-04   0.6415982E-04
    70600.00  0.1457495E-05   0.6221660E-04   0.6367409E-04
    71000.00  0.1444394E-05   0.6175010E-04   0.6319449E-04
    71400.00  0.1431364E-05   0.6128955E-04   0.6272092E-04
    71800.00  0.1418412E-05   0.6083464E-04   0.6225305E-04
    72200.00  0.1405519E-05   0.6038567E-04   0.6179119E-04
    72600.00  0.1392715E-05   0.5994235E-04   0.6133507E-04
    73000.00  0.1379984E-05   0.5949894E-04   0.6087893E-04
    73400.00  0.1367298E-05   0.5906666E-04   0.6043396E-04
    73800.00  0.1354698E-05   0.5863974E-04   0.5999443E-04
    74200.00  0.1341891E-05   0.5686333E-04   0.5820522E-04
    74600.00  0.1326959E-05   0.5645923E-04   0.5778619E-04
    75000.00  0.1314408E-05   0.5606006E-04   0.5737446E-04
    75400.00  0.1304611E-05   0.5566572E-04   0.5697033E-04
    75800.00  0.1292556E-05   0.5527615E-04   0.5656871E-04
    76200.00  0.1280301E-05   0.5489127E-04   0.5617157E-04
    76600.00  0.1268104E-05   0.5451099E-04   0.5577909E-04
    77000.00  0.1255932E-05   0.5413524E-04   0.5539117E-04
    77400.00  0.1243833E-05   0.5376395E-04   0.5500778E-04
    77800.00  0.1231771E-05   0.5339704E-04   0.5462881E-04
    78200.00  0.1219752E-05   0.5303444E-04   0.5425419E-04
    78600.00  0.1207785E-05   0.5267608E-04   0.5388387E-04
    79000.00  0.1195859E-05   0.5232190E-04   0.5351776E-04
    79400.00  0.1183976E-05   0.5197183E-04   0.5315580E-04
    79800.00  0.1172129E-05   0.5162579E-04   0.5279792E-04
    80200.00  0.1160319E-05   0.5128374E-04   0.5244406E-04
    80600.00  0.1148553E-05   0.5094559E-04   0.5209415E-04
    81000.00  0.1136826E-05   0.5061130E-04   0.5174813E-04
    81400.00  0.1125132E-05   0.5028080E-04   0.5140594E-04
    81800.00  0.1113471E-05   0.4995404E-04   0.5106751E-04
    82200.00  0.1101856E-05   0.4963095E-04   0.5073280E-04
    82600.00  0.1090264E-05   0.4916569E-04   0.5025596E-04
    83000.00  0.1078707E-05   0.4885100E-04   0.4992970E-04
    83400.00  0.1067176E-05   0.4853979E-04   0.4960697E-04
    83800.00  0.1055677E-05   0.4823202E-04   0.4928770E-04
    84200.00  0.1044224E-05   0.4792764E-04   0.4897187E-04
    84600.00  0.1032786E-05   0.4762659E-04   0.4865938E-04
    85000.00  0.1021375E-05   0.4732883E-04   0.4835020E-04
    85400.00  0.1009998E-05   0.4703430E-04   0.4804429E-04
    85800.00  0.9986437E-06   0.4674295E-04   0.4774159E-04
    86200.00  0.9873176E-06   0.4645453E-04   0.4744185E-04
    86600.00  0.9760163E-06   0.4616942E-04   0.4714543E-04
    87000.00  0.9647440E-06   0.4588734E-04   0.4685209E-04
    87400.00  0.9534891E-06   0.4560827E-04   0.4656176E-04
    87800.00  0.9422614E-06   0.4533216E-04   0.4627442E-04
    88200.00  0.9310490E-06   0.4505895E-04   0.4599000E-04
    88600.00  0.9198671E-06   0.4478862E-04   0.4570849E-04
    89000.00  0.9087029E-06   0.4452092E-04   0.4542962E-04
    89400.00  0.8975605E-06   0.4425623E-04   0.4515379E-04
    89800.00  0.8864390E-06   0.4399430E-04   0.4488074E-04
    90200.00  0.8753353E-06   0.4373266E-04   0.4460799E-04
    90600.00  0.8642567E-06   0.4347603E-04   0.4434029E-04
    91000.00  0.8531906E-06   0.4322204E-04   0.4407523E-04
    91400.00  0.8421463E-06   0.4231947E-04   0.4316161E-04
    91800.00  0.8311226E-06   0.4207489E-04   0.4290601E-04
    92200.00  0.8201137E-06   0.4183357E-04   0.4265368E-04
    92600.00  0.8091224E-06   0.4159468E-04   0.4240380E-04
    93000.00  0.7981468E-06   0.4135818E-04   0.4215632E-04
    93400.00  0.7871874E-06   0.4112404E-04   0.4191123E-04
    93800.00  0.7762440E-06   0.4089223E-04   0.4166847E-04
    94200.00  0.7653165E-06   0.4066272E-04   0.4142803E-04
    94600.00  0.7544019E-06   0.4043547E-04   0.4118987E-04
    95000.00  0.7435041E-06   0.4021045E-04   0.4095395E-04
    95400.00  0.7326205E-06   0.3998763E-04   0.4072025E-04
    95800.00  0.7217507E-06   0.3976699E-04   0.4048874E-04
    96200.00  0.7108933E-06   0.3954849E-04   0.4025939E-04
    96600.00  0.7000528E-06   0.3933211E-04   0.4003216E-04
    97000.00  0.6892227E-06   0.3911781E-04   0.3980703E-04
    97400.00  0.6784034E-06   0.3890557E-04   0.3958397E-04
    97800.00  0.6676013E-06   0.3869536E-04   0.3936296E-04
    98200.00  0.6568101E-06   0.3848715E-04   0.3914396E-04
    98600.00  0.6460305E-06   0.3828091E-04   0.3892694E-04
    99000.00  0.6352614E-06   0.3807663E-04   0.3871189E-04
    99400.00  0.6245013E-06   0.3787427E-04   0.3849877E-04
    99800.00  0.6137545E-06   0.3767381E-04   0.3828757E-04
   100200.00  0.6030198E-06   0.1022191E-04   0.1082493E-04
   200000.00  0.2982093E-07   0.2565710E-05   0.2595531E-05
   400000.00  0.2699595E-08   0.6414274E-06   0.6441270E-06
   600000.00  0.2337184E-09   0.2850789E-06   0.2853126E-06
   800000.00  0.1314071E-09   0.1603569E-06   0.1604883E-06
  1000000.00  0.4341669E-10   0.1026284E-06   0.1026718E-06
  1200000.00  0.4088726E-10   0.7126971E-07   0.7131060E-07
  1400000.00  0.3929015E-10   0.5236142E-07   0.5240071E-07
  1600000.00  0.3806673E-10   0.4008921E-07   0.4012728E-07
