       91.00  0.4139324E-10   0.0000000E+00   0.4139324E-10
       94.00  0.1305789E-09   0.0000000E+00   0.1305789E-09
       96.00  0.2711420E-09   0.0000000E+00   0.2711420E-09
       98.00  0.5580960E-09   0.0000000E+00   0.5580960E-09
      100.00  0.8368593E-09   0.0000000E+00   0.8368593E-09
      102.00  0.1429819E-08   0.0000000E+00   0.1429819E-08
      104.00  0.2576040E-08   0.0000000E+00   0.2576040E-08
      106.00  0.4693710E-08   0.0000000E+00   0.4693710E-08
      108.00  0.8462654E-08   0.0000000E+00   0.8462654E-08
      110.00  0.4802458E-07   0.0000000E+00   0.4802458E-07
      114.00  0.1892296E-06   0.0000000E+00   0.1892296E-06
      118.00  0.5356694E-06   0.0000000E+00   0.5356694E-06
      121.00  0.1549741E-05   0.0000000E+00   0.1549741E-05
      125.00  0.3542537E-05   0.0000000E+00   0.3542537E-05
      127.00  0.5663982E-05   0.0000000E+00   0.5663982E-05
      128.00  0.6355503E-05   0.0000000E+00   0.6355503E-05
      131.00  0.9187889E-05   0.0000000E+00   0.9187889E-05
      132.00  0.1156962E-04   0.0000000E+00   0.1156962E-04
      134.00  0.1566247E-04   0.0000000E+00   0.1566247E-04
      137.00  0.2089014E-04   0.0000000E+00   0.2089014E-04
      140.00  0.3198998E-04   0.0000000E+00   0.3198998E-04
      143.00  0.3274888E-04   0.0000000E+00   0.3274888E-04
      147.00  0.5480278E-04   0.0000000E+00   0.5480278E-04
      151.00  0.8863766E-04   0.0000000E+00   0.8863766E-04
      155.00  0.1404645E-03   0.0000000E+00   0.1404645E-03
      159.00  0.2041527E-03   0.0000000E+00   0.2041527E-03
      162.00  0.4553824E-04   0.0000000E+00   0.4553824E-04
      166.00  0.8483000E-04   0.0000000E+00   0.8483000E-04
      170.00  0.1556482E-03   0.0000000E+00   0.1556482E-03
      173.00  0.1613793E-03   0.0000000E+00   0.1613793E-03
      177.00  0.3762038E-03   0.0000000E+00   0.3762038E-03
      180.00  0.2834954E-03   0.0000000E+00   0.2834954E-03
      182.00  0.4095210E-03   0.0000000E+00   0.4095210E-03
      186.00  0.2275712E-02   0.0000000E+00   0.2275712E-02
      191.00  0.1069753E-02   0.0000000E+00   0.1069753E-02
      194.00  0.1561470E-02   0.0000000E+00   0.1561470E-02
      198.00  0.2510808E-02   0.0000000E+00   0.2510808E-02
      202.00  0.1405018E-02   0.0000000E+00   0.1405018E-02
      205.00  0.3969888E-02   0.0000000E+00   0.3969888E-02
      210.00  0.8561190E-02   0.0000000E+00   0.8561190E-02
      216.00  0.9803429E-02   0.0000000E+00   0.9803429E-02
      220.00  0.9345902E-02   0.0000000E+00   0.9345902E-02
      223.00  0.1897258E-01   0.0000000E+00   0.1897258E-01
      227.00  0.1747736E-01   0.0000000E+00   0.1747736E-01
      228.00  0.1454449E-01   0.0000000E+00   0.1454449E-01
      228.00  0.1338528E+00   0.0000000E+00   0.1338528E+00
      230.00  0.1096061E+00   0.0000000E+00   0.1096061E+00
      234.00  0.6111267E-01   0.0000000E+00   0.6111267E-01
      240.00  0.1201985E+00   0.0000000E+00   0.1201985E+00
      246.00  0.7264389E+00   0.0000000E+00   0.7264389E+00
      252.00  0.8938659E+00   0.0000000E+00   0.8938659E+00
      257.00  0.1576391E+01   0.0000000E+00   0.1576391E+01
      260.00  0.3233857E+00   0.0000000E+00   0.3233857E+00
      264.00  0.6587187E+00   0.0000000E+00   0.6587187E+00
      269.00  0.2945067E+00   0.0000000E+00   0.2945067E+00
      274.00  0.1628853E+01   0.0000000E+00   0.1628853E+01
      279.00  0.5278844E+00   0.0000000E+00   0.5278844E+00
      284.00  0.5941756E+00   0.0000000E+00   0.5941756E+00
      290.00  0.4059272E+00   0.0000000E+00   0.4059272E+00
      296.00  0.4966219E+00   0.0000000E+00   0.4966219E+00
      301.00  0.1340460E+01   0.0000000E+00   0.1340460E+01
      308.00  0.1137859E+01   0.0000000E+00   0.1137859E+01
      318.00  0.8884745E+00   0.0000000E+00   0.8884745E+00
      328.00  0.1669957E+01   0.0000000E+00   0.1669957E+01
      338.00  0.1085863E+01   0.0000000E+00   0.1085863E+01
      348.00  0.1385122E+01   0.0000000E+00   0.1385122E+01
      353.30  0.1901883E+01   0.0000000E+00   0.1901883E+01
      353.30  0.8096732E+00   0.0000000E+00   0.8096732E+00
      357.00  0.2666033E+00   0.0000000E+00   0.2666033E+00
      366.00  0.1352743E+01   0.0000000E+00   0.1352743E+01
      375.00  0.5654757E+00   0.0000000E+00   0.5654757E+00
      385.00  0.1559861E+01   0.0000000E+00   0.1559861E+01
      395.00  0.6211866E+00   0.0000000E+00   0.6211866E+00
      405.00  0.9478123E+00   0.0000000E+00   0.9478123E+00
      414.00  0.7973305E+00   0.0000000E+00   0.7973305E+00
      422.00  0.1147194E+01   0.0000000E+00   0.1147194E+01
      430.00  0.1186947E+01   0.0000000E+00   0.1186947E+01
      441.00  0.7654393E+00   0.0000000E+00   0.7654393E+00
      451.00  0.1544802E+01   0.0000000E+00   0.1544802E+01
      460.00  0.8582212E+00   0.0000000E+00   0.8582212E+00
      470.00  0.1652843E+01   0.0000000E+00   0.1652843E+01
      480.00  0.7143424E+00   0.0000000E+00   0.7143424E+00
      490.00  0.1156112E+01   0.0000000E+00   0.1156112E+01
      500.00  0.1435596E+01   0.0000000E+00   0.1435596E+01
      504.60  0.1501950E+01   0.0000000E+00   0.1501950E+01
      504.60  0.1380534E+01   0.0000000E+00   0.1380534E+01
      506.00  0.1353950E+01   0.0000000E+00   0.1353950E+01
      512.00  0.1274198E+01   0.0000000E+00   0.1274198E+01
      520.00  0.1600058E+01   0.0000000E+00   0.1600058E+01
      530.00  0.1479386E+01   0.0000000E+00   0.1479386E+01
      540.00  0.4337635E+00   0.0000000E+00   0.4337635E+00
      550.00  0.1460140E+00   0.0000000E+00   0.1460140E+00
      560.00  0.1389303E+01   0.0000000E+00   0.1389303E+01
      570.00  0.1076610E+01   0.0000000E+00   0.1076610E+01
      580.00  0.1305941E+01   0.0000000E+00   0.1305941E+01
      590.00  0.1402091E+01   0.0000000E+00   0.1402091E+01
      600.00  0.8958731E+00   0.0000000E+00   0.8958731E+00
      610.00  0.2101509E+01   0.0000000E+00   0.2101509E+01
      620.00  0.1286477E+01   0.0000000E+00   0.1286477E+01
      630.00  0.1326030E+01   0.0000000E+00   0.1326030E+01
      640.00  0.1018721E+01   0.0000000E+00   0.1018721E+01
      650.00  0.1212161E+01   0.0000000E+00   0.1212161E+01
      658.00  0.1179017E+01   0.0000000E+00   0.1179017E+01
      665.00  0.1136519E+01   0.0000000E+00   0.1136519E+01
      675.00  0.1126327E+01   0.0000000E+00   0.1126327E+01
      685.00  0.1147244E+01   0.0000000E+00   0.1147244E+01
      695.00  0.1109576E+01   0.0000000E+00   0.1109576E+01
      705.00  0.1030652E+01   0.0000000E+00   0.1030652E+01
      716.00  0.1101877E+01   0.0000000E+00   0.1101877E+01
      726.00  0.1081958E+01   0.0000000E+00   0.1081958E+01
      735.00  0.1012544E+01   0.0000000E+00   0.1012544E+01
      745.00  0.9267987E+00   0.0000000E+00   0.9267987E+00
      755.00  0.2683700E+00   0.0000000E+00   0.2683700E+00
      765.00  0.1141601E+01   0.0000000E+00   0.1141601E+01
      775.00  0.1066068E+01   0.0000000E+00   0.1066068E+01
      785.00  0.1516973E+00   0.0000000E+00   0.1516973E+00
      795.00  0.9750786E+00   0.0000000E+00   0.9750786E+00
      805.00  0.8921356E+00   0.0000000E+00   0.8921356E+00
      815.00  0.8820997E+00   0.0000000E+00   0.8820997E+00
      825.00  0.8592547E+00   0.0000000E+00   0.8592547E+00
      835.00  0.7490363E+00   0.0000000E+00   0.7490363E+00
      845.00  0.8291964E+00   0.0000000E+00   0.8291964E+00
      855.00  0.8046039E+00   0.0000000E+00   0.8046039E+00
      865.00  0.7576740E+00   0.0000000E+00   0.7576740E+00
      875.00  0.7495612E+00   0.0000000E+00   0.7495612E+00
      885.00  0.7697813E+00   0.0000000E+00   0.7697813E+00
      895.00  0.7593733E+00   0.0000000E+00   0.7593733E+00
      905.00  0.7184579E+00   0.0000000E+00   0.7184579E+00
      912.40  0.6685397E+00   0.6179765E-04   0.6686015E+00
      912.40  0.1443310E+01   0.6179857E-04   0.1443372E+01
      915.00  0.1371612E+01   0.7048282E-04   0.1371682E+01
      925.00  0.1095846E+01   0.8158740E-04   0.1095928E+01
      935.00  0.1579720E+01   0.9412410E-04   0.1579814E+01
      945.00  0.1304820E+01   0.1082341E-03   0.1304928E+01
      955.00  0.1238780E+01   0.1240675E-03   0.1238904E+01
      965.00  0.1192492E+01   0.1417839E-03   0.1192634E+01
      975.00  0.1070200E+01   0.1615520E-03   0.1070362E+01
      985.00  0.9584635E+00   0.1835500E-03   0.9586471E+00
      995.00  0.1100281E+01   0.2079656E-03   0.1100489E+01
     1005.00  0.1036186E+01   0.2349960E-03   0.1036421E+01
     1015.00  0.1077681E+01   0.2648481E-03   0.1077946E+01
     1025.00  0.1024680E+01   0.2977383E-03   0.1024978E+01
     1035.00  0.1013488E+01   0.3338924E-03   0.1013822E+01
     1045.00  0.1028696E+01   0.3735552E-03   0.1029070E+01
     1055.00  0.1011156E+01   0.4169649E-03   0.1011573E+01
     1065.00  0.9792860E+00   0.4643743E-03   0.9797504E+00
     1075.00  0.9169960E+00   0.5160467E-03   0.9175120E+00
     1085.00  0.9082907E+00   0.5722537E-03   0.9088630E+00
     1095.00  0.9237207E+00   0.6332763E-03   0.9243540E+00
     1105.00  0.9002385E+00   0.6994035E-03   0.9009379E+00
     1115.00  0.8608049E+00   0.7709321E-03   0.8615758E+00
     1125.00  0.7574412E+00   0.8481662E-03   0.7582894E+00
     1135.00  0.8427775E+00   0.9314197E-03   0.8437089E+00
     1145.00  0.8221769E+00   0.1021012E-02   0.8231979E+00
     1155.00  0.7273027E+00   0.1117271E-02   0.7284200E+00
     1165.00  0.7171217E+00   0.1220530E-02   0.7183422E+00
     1175.00  0.6957500E+00   0.1331128E-02   0.6970811E+00
     1185.00  0.7503323E+00   0.1449410E-02   0.7517817E+00
     1195.00  0.7033603E+00   0.1575729E-02   0.7049360E+00
     1205.00  0.6844241E+00   0.1710439E-02   0.6861345E+00
     1215.00  0.6659429E+00   0.1853901E-02   0.6677968E+00
     1225.00  0.6585924E+00   0.1704764E-01   0.6756400E+00
     1235.00  0.5616356E+00   0.3085549E-01   0.5924911E+00
     1245.00  0.6792965E+00   0.4262308E-01   0.7219196E+00
     1255.00  0.6222829E+00   0.5270568E-01   0.6749886E+00
     1265.00  0.6283830E+00   0.6136676E-01   0.6897498E+00
     1275.00  0.6182355E+00   0.6881468E-01   0.6870502E+00
     1285.00  0.5853091E+00   0.7521964E-01   0.6605287E+00
     1295.00  0.5757235E+00   0.8072336E-01   0.6564469E+00
     1305.00  0.5770246E+00   0.8544538E-01   0.6624700E+00
     1315.00  0.5575508E+00   0.8948751E-01   0.6470383E+00
     1325.00  0.5447700E+00   0.9293708E-01   0.6377071E+00
     1335.00  0.5426683E+00   0.9586941E-01   0.6385377E+00
     1345.00  0.5037192E+00   0.9834978E-01   0.6020690E+00
     1355.00  0.5213390E+00   0.1004350E+00   0.6217740E+00
     1365.00  0.5096459E+00   0.1021746E+00   0.6118205E+00
     1375.00  0.4970876E+00   0.1036120E+00   0.6006996E+00
     1385.00  0.4825755E+00   0.1047854E+00   0.5873609E+00
     1395.00  0.4813361E+00   0.1057282E+00   0.5870643E+00
     1405.00  0.4798641E+00   0.1064701E+00   0.5863342E+00
     1415.00  0.4539606E+00   0.1070371E+00   0.5609977E+00
     1425.00  0.4349645E+00   0.1074523E+00   0.5424168E+00
     1435.00  0.4375412E+00   0.1077362E+00   0.5452774E+00
     1442.00  0.4342919E+00   0.1078666E+00   0.5421585E+00
     1447.00  0.4302960E+00   0.1079290E+00   0.5382250E+00
     1455.00  0.4239553E+00   0.1079808E+00   0.5319361E+00
     1465.00  0.4119997E+00   0.1079720E+00   0.5199717E+00
     1475.00  0.4058170E+00   0.1078934E+00   0.5137104E+00
     1485.00  0.3934116E+00   0.1077565E+00   0.5011681E+00
     1495.00  0.3915933E+00   0.1075713E+00   0.4991646E+00
     1505.00  0.3812836E+00   0.1073471E+00   0.4886307E+00
     1512.00  0.3726194E+00   0.1071713E+00   0.4797907E+00
     1517.00  0.3709828E+00   0.1070378E+00   0.4780206E+00
     1525.00  0.3560026E+00   0.1068131E+00   0.4628157E+00
     1535.00  0.3548099E+00   0.1065172E+00   0.4613271E+00
     1545.00  0.3070130E+00   0.1062100E+00   0.4132230E+00
     1555.00  0.3573965E+00   0.1058960E+00   0.4632925E+00
     1565.00  0.3097772E+00   0.1055804E+00   0.4153576E+00
     1575.00  0.3316040E+00   0.1052676E+00   0.4368716E+00
     1585.00  0.3020526E+00   0.1049614E+00   0.4070140E+00
     1595.00  0.3215274E+00   0.1046650E+00   0.4261924E+00
     1605.00  0.3164939E+00   0.1043816E+00   0.4208755E+00
     1615.00  0.3107967E+00   0.1041139E+00   0.4149106E+00
     1625.00  0.3048897E+00   0.1038643E+00   0.4087540E+00
     1635.00  0.2996188E+00   0.1036348E+00   0.4032536E+00
     1645.00  0.2939483E+00   0.1034275E+00   0.3973758E+00
     1655.00  0.2881138E+00   0.1032442E+00   0.3913580E+00
     1665.00  0.2836203E+00   0.1030864E+00   0.3867067E+00
     1672.00  0.2795143E+00   0.1029919E+00   0.3825062E+00
     1677.00  0.2773919E+00   0.1029327E+00   0.3803246E+00
     1685.00  0.2734857E+00   0.1028528E+00   0.3763385E+00
     1695.00  0.2682608E+00   0.1027794E+00   0.3710402E+00
     1705.00  0.2632550E+00   0.1027362E+00   0.3659912E+00
     1715.00  0.2582724E+00   0.1027242E+00   0.3609966E+00
     1725.00  0.2535444E+00   0.1027440E+00   0.3562884E+00
     1735.00  0.2494456E+00   0.1027963E+00   0.3522419E+00
     1745.00  0.2449358E+00   0.1028818E+00   0.3478176E+00
     1755.00  0.2410210E+00   0.1030008E+00   0.3440218E+00
     1765.00  0.2361222E+00   0.1031539E+00   0.3392761E+00
     1775.00  0.2321986E+00   0.1033414E+00   0.3355400E+00
     1785.00  0.2283569E+00   0.1035636E+00   0.3319205E+00
     1795.00  0.2247034E+00   0.1038207E+00   0.3285241E+00
     1805.00  0.2208691E+00   0.1041129E+00   0.3249820E+00
     1815.00  0.2165930E+00   0.1044405E+00   0.3210335E+00
     1825.00  0.2131007E+00   0.1048034E+00   0.3179041E+00
     1835.00  0.2093599E+00   0.1052019E+00   0.3145618E+00
     1845.00  0.2052931E+00   0.1056359E+00   0.3109290E+00
     1855.00  0.2017303E+00   0.1061054E+00   0.3078357E+00
     1865.00  0.1985236E+00   0.1066104E+00   0.3051340E+00
     1875.00  0.1956905E+00   0.1071509E+00   0.3028414E+00
     1885.00  0.1918562E+00   0.1077266E+00   0.2995828E+00
     1895.00  0.1883034E+00   0.1083377E+00   0.2966411E+00
     1905.00  0.1856093E+00   0.1089838E+00   0.2945931E+00
     1915.00  0.1823489E+00   0.1096650E+00   0.2920139E+00
     1925.00  0.1792793E+00   0.1103809E+00   0.2896602E+00
     1935.00  0.1765919E+00   0.1111315E+00   0.2877234E+00
     1945.00  0.1739049E+00   0.1119147E+00   0.2858196E+00
     1955.00  0.1706393E+00   0.1127295E+00   0.2833688E+00
     1967.00  0.1678428E+00   0.1137513E+00   0.2815941E+00
     1976.00  0.1656575E+00   0.1145488E+00   0.2802063E+00
     1984.00  0.1631691E+00   0.1152800E+00   0.2784491E+00
     1995.00  0.1601198E+00   0.1163194E+00   0.2764392E+00
     2005.00  0.1577518E+00   0.1172981E+00   0.2750499E+00
     2015.00  0.1552664E+00   0.1183087E+00   0.2735751E+00
     2025.00  0.1530665E+00   0.1193509E+00   0.2724174E+00
     2035.00  0.1503464E+00   0.1204307E+00   0.2707771E+00
     2045.00  0.1480180E+00   0.1215444E+00   0.2695624E+00
     2055.00  0.1492796E+00   0.5746546E-01   0.2067451E+00
     2065.00  0.1471355E+00   0.5708602E-01   0.2042215E+00
     2074.00  0.1453117E+00   0.5675533E-01   0.2020670E+00
     2078.00  0.1441294E+00   0.5661160E-01   0.2007410E+00
     2085.00  0.1426795E+00   0.5636486E-01   0.1990444E+00
     2095.00  0.1403271E+00   0.5602280E-01   0.1963499E+00
     2105.00  0.1383852E+00   0.5569285E-01   0.1940780E+00
     2115.00  0.1362795E+00   0.5537484E-01   0.1916543E+00
     2125.00  0.1342869E+00   0.5506860E-01   0.1893555E+00
     2135.00  0.1321522E+00   0.5477396E-01   0.1869262E+00
     2145.00  0.1301284E+00   0.5449073E-01   0.1846191E+00
     2155.00  0.1283195E+00   0.5421876E-01   0.1825383E+00
     2165.00  0.1262951E+00   0.5395787E-01   0.1802530E+00
     2175.00  0.1243722E+00   0.5370790E-01   0.1780801E+00
     2185.00  0.1225665E+00   0.5346872E-01   0.1760352E+00
     2195.00  0.1209040E+00   0.5324012E-01   0.1741441E+00
     2205.00  0.1190276E+00   0.5302192E-01   0.1720495E+00
     2215.00  0.1171887E+00   0.5281395E-01   0.1700027E+00
     2225.00  0.1153133E+00   0.5261607E-01   0.1679294E+00
     2235.00  0.1138135E+00   0.5242809E-01   0.1662416E+00
     2245.00  0.1121374E+00   0.5224985E-01   0.1643873E+00
     2255.00  0.1104403E+00   0.5208120E-01   0.1625215E+00
     2265.00  0.1088921E+00   0.5192198E-01   0.1608141E+00
     2275.00  0.1073209E+00   0.5177202E-01   0.1590929E+00
     2285.00  0.1058680E+00   0.5163066E-01   0.1574987E+00
     2295.00  0.1042141E+00   0.5149768E-01   0.1557118E+00
     2305.00  0.1027838E+00   0.5137345E-01   0.1541572E+00
     2315.00  0.1012454E+00   0.5125779E-01   0.1525032E+00
     2325.00  0.9915720E-01   0.5115057E-01   0.1503078E+00
     2335.00  0.9830713E-01   0.5105162E-01   0.1493588E+00
     2345.00  0.9684118E-01   0.5096081E-01   0.1478020E+00
     2355.00  0.9562414E-01   0.5087799E-01   0.1465021E+00
     2365.00  0.9416323E-01   0.5080301E-01   0.1449662E+00
     2375.00  0.9288300E-01   0.5073573E-01   0.1436187E+00
     2385.00  0.9151366E-01   0.5067601E-01   0.1421897E+00
     2395.00  0.9037930E-01   0.5062370E-01   0.1410030E+00
     2405.00  0.8905682E-01   0.5057871E-01   0.1396355E+00
     2415.00  0.8784812E-01   0.5054090E-01   0.1383890E+00
     2425.00  0.8669889E-01   0.5051011E-01   0.1372090E+00
     2435.00  0.8542500E-01   0.5048620E-01   0.1359112E+00
     2445.00  0.8435337E-01   0.5046905E-01   0.1348224E+00
     2455.00  0.8322055E-01   0.5045853E-01   0.1336791E+00
     2465.00  0.8204911E-01   0.5045449E-01   0.1325036E+00
     2475.00  0.8091403E-01   0.5045684E-01   0.1313709E+00
     2485.00  0.7990635E-01   0.5046542E-01   0.1303718E+00
     2495.00  0.7873028E-01   0.5048014E-01   0.1292104E+00
     2505.00  0.7782914E-01   0.5050085E-01   0.1283300E+00
     2513.00  0.7686146E-01   0.5052167E-01   0.1273831E+00
     2518.00  0.7644057E-01   0.5053657E-01   0.1269771E+00
     2525.00  0.7562886E-01   0.5055983E-01   0.1261887E+00
     2535.00  0.7461244E-01   0.5059784E-01   0.1252103E+00
     2545.00  0.7363773E-01   0.5064137E-01   0.1242791E+00
     2555.00  0.7277733E-01   0.5069032E-01   0.1234677E+00
     2565.00  0.7179576E-01   0.5074458E-01   0.1225403E+00
     2575.00  0.7091466E-01   0.5080404E-01   0.1217187E+00
     2585.00  0.7002055E-01   0.5086858E-01   0.1208891E+00
     2595.00  0.6911061E-01   0.5093812E-01   0.1200487E+00
     2605.00  0.6816288E-01   0.4912163E-01   0.1172845E+00
     2615.00  0.6734384E-01   0.4918862E-01   0.1165325E+00
     2625.00  0.6649124E-01   0.4926046E-01   0.1157517E+00
     2635.00  0.6567170E-01   0.4933703E-01   0.1150087E+00
     2645.00  0.6495911E-01   0.4941824E-01   0.1143774E+00
     2655.00  0.6413197E-01   0.4950400E-01   0.1136360E+00
     2665.00  0.6324516E-01   0.4959421E-01   0.1128394E+00
     2675.00  0.6246952E-01   0.4968878E-01   0.1121583E+00
     2685.00  0.6171433E-01   0.4978761E-01   0.1115019E+00
     2695.00  0.6089634E-01   0.4989061E-01   0.1107869E+00
     2705.00  0.6015742E-01   0.4999769E-01   0.1101551E+00
     2715.00  0.5936260E-01   0.5010877E-01   0.1094714E+00
     2725.00  0.5859166E-01   0.5022375E-01   0.1088154E+00
     2735.00  0.5794702E-01   0.5034256E-01   0.1082896E+00
     2745.00  0.5711305E-01   0.5046511E-01   0.1075782E+00
     2755.00  0.5642089E-01   0.5059130E-01   0.1070122E+00
     2765.00  0.5575442E-01   0.5072107E-01   0.1064755E+00
     2775.00  0.5511758E-01   0.5085433E-01   0.1059719E+00
     2785.00  0.5444428E-01   0.5099100E-01   0.1054353E+00
     2795.00  0.5357530E-01   0.5113100E-01   0.1047063E+00
     2805.00  0.5303583E-01   0.5127426E-01   0.1043101E+00
     2815.00  0.5251674E-01   0.5142069E-01   0.1039374E+00
     2825.00  0.5184281E-01   0.5157022E-01   0.1034130E+00
     2835.00  0.5116813E-01   0.5172279E-01   0.1028909E+00
     2845.00  0.5056780E-01   0.5187831E-01   0.1024461E+00
     2855.00  0.4997471E-01   0.5203615E-01   0.1020109E+00
     2865.00  0.4941975E-01   0.5219621E-01   0.1016160E+00
     2875.00  0.4880842E-01   0.5235893E-01   0.1011673E+00
     2885.00  0.4826242E-01   0.5252426E-01   0.1007867E+00
     2895.00  0.4770954E-01   0.5269213E-01   0.1004017E+00
     2910.00  0.4690336E-01   0.5294854E-01   0.9985190E-01
     2930.00  0.4577580E-01   0.5329869E-01   0.9907449E-01
     2950.00  0.4466213E-01   0.5365782E-01   0.9831995E-01
     2970.00  0.4366350E-01   0.5402542E-01   0.9768892E-01
     2990.00  0.4266189E-01   0.5440103E-01   0.9706292E-01
     3010.00  0.4172118E-01   0.5478418E-01   0.9650536E-01
     3030.00  0.4077831E-01   0.5517441E-01   0.9595272E-01
     3050.00  0.3982976E-01   0.5557148E-01   0.9540124E-01
     3070.00  0.3895702E-01   0.5597505E-01   0.9493207E-01
     3090.00  0.3810482E-01   0.5638452E-01   0.9448934E-01
     3110.00  0.3725262E-01   0.5679949E-01   0.9405211E-01
     3130.00  0.3640470E-01   0.5670400E-01   0.9310870E-01
     3150.00  0.3560789E-01   0.5712324E-01   0.9273113E-01
     3170.00  0.3484571E-01   0.5754693E-01   0.9239264E-01
     3190.00  0.3405824E-01   0.5797474E-01   0.9203298E-01
     3210.00  0.3334309E-01   0.5840632E-01   0.9174941E-01
     3230.00  0.3263062E-01   0.5884135E-01   0.9147197E-01
     3250.00  0.3192627E-01   0.5927952E-01   0.9120579E-01
     3270.00  0.3125732E-01   0.5971977E-01   0.9097709E-01
     3290.00  0.3060566E-01   0.6016201E-01   0.9076767E-01
     3310.00  0.2997729E-01   0.6060636E-01   0.9058365E-01
     3330.00  0.2934409E-01   0.6105254E-01   0.9039663E-01
     3350.00  0.2870988E-01   0.6150030E-01   0.9021018E-01
     3370.00  0.2812346E-01   0.6194938E-01   0.9007284E-01
     3390.00  0.2754210E-01   0.6239953E-01   0.8994163E-01
     3410.00  0.2698329E-01   0.6285053E-01   0.8983382E-01
     3430.00  0.2641203E-01   0.5955062E-01   0.8596265E-01
     3450.00  0.2592457E-01   0.5995855E-01   0.8588312E-01
     3470.00  0.2541967E-01   0.6036695E-01   0.8578662E-01
     3490.00  0.2491027E-01   0.6077562E-01   0.8568589E-01
     3510.00  0.2442451E-01   0.6118428E-01   0.8560879E-01
     3530.00  0.2393358E-01   0.6159205E-01   0.8552563E-01
     3550.00  0.2345909E-01   0.6199940E-01   0.8545849E-01
     3570.00  0.2300356E-01   0.6240616E-01   0.8540972E-01
     3590.00  0.2254046E-01   0.6281218E-01   0.8535264E-01
     3610.00  0.2210455E-01   0.6321729E-01   0.8532184E-01
     3630.00  0.2167508E-01   0.6362134E-01   0.8529642E-01
     3640.00  0.2147238E-01   0.6382293E-01   0.8529531E-01
     3650.00  0.2353824E-01   0.1354886E-01   0.3708710E-01
     3670.00  0.2308896E-01   0.1346503E-01   0.3655399E-01
     3690.00  0.2257406E-01   0.1260744E-01   0.3518150E-01
     3710.00  0.2214641E-01   0.1252054E-01   0.3466695E-01
     3730.00  0.2171987E-01   0.1243624E-01   0.3415611E-01
     3750.00  0.2152541E-01   0.1235445E-01   0.3387986E-01
     3770.00  0.2119085E-01   0.1227509E-01   0.3346594E-01
     3790.00  0.2104500E-01   0.1219809E-01   0.3324309E-01
     3810.00  0.2089529E-01   0.1212336E-01   0.3301865E-01
     3830.00  0.2017001E-01   0.1205085E-01   0.3222086E-01
     3850.00  0.2030805E-01   0.1198048E-01   0.3228853E-01
     3870.00  0.2013638E-01   0.1191218E-01   0.3204856E-01
     3890.00  0.1899719E-01   0.1184589E-01   0.3084308E-01
     3910.00  0.1947512E-01   0.1178154E-01   0.3125666E-01
     3930.00  0.1916842E-01   0.1171907E-01   0.3088749E-01
     3950.00  0.1877860E-01   0.1165843E-01   0.3043703E-01
     3970.00  0.1765516E-01   0.1159958E-01   0.2925474E-01
     3990.00  0.1809891E-01   0.1154252E-01   0.2964143E-01
     4010.00  0.1792593E-01   0.1148710E-01   0.2941303E-01
     4030.00  0.1756984E-01   0.1143329E-01   0.2900313E-01
     4050.00  0.1731693E-01   0.1138102E-01   0.2869795E-01
     4070.00  0.1697866E-01   0.1133026E-01   0.2830892E-01
     4090.00  0.1636673E-01   0.1128094E-01   0.2764767E-01
     4110.00  0.1576648E-01   0.1123304E-01   0.2699952E-01
     4130.00  0.1606704E-01   0.1118649E-01   0.2725353E-01
     4150.00  0.1585077E-01   0.1114126E-01   0.2699203E-01
     4170.00  0.1561363E-01   0.1109731E-01   0.2671094E-01
     4190.00  0.1536130E-01   0.1105460E-01   0.2641590E-01
     4210.00  0.1510461E-01   0.1101308E-01   0.2611769E-01
     4230.00  0.1484172E-01   0.1097272E-01   0.2581444E-01
     4250.00  0.1458296E-01   0.1093348E-01   0.2551644E-01
     4270.00  0.1432948E-01   0.1089533E-01   0.2522481E-01
     4290.00  0.1409863E-01   0.1085823E-01   0.2495686E-01
     4310.00  0.1382101E-01   0.1082215E-01   0.2464316E-01
     4330.00  0.1328081E-01   0.1078705E-01   0.2406786E-01
     4350.00  0.1289462E-01   0.1075291E-01   0.2364753E-01
     4370.00  0.1314286E-01   0.1071970E-01   0.2386256E-01
     4390.00  0.1295780E-01   0.1068739E-01   0.2364519E-01
     4410.00  0.1278310E-01   0.1065593E-01   0.2343903E-01
     4430.00  0.1257547E-01   0.1062532E-01   0.2320079E-01
     4450.00  0.1237896E-01   0.1059551E-01   0.2297447E-01
     4470.00  0.1211493E-01   0.1056649E-01   0.2268142E-01
     4490.00  0.1196357E-01   0.1053822E-01   0.2250179E-01
     4510.00  0.1178799E-01   0.1051068E-01   0.2229867E-01
     4530.00  0.1159636E-01   0.1048386E-01   0.2208022E-01
     4550.00  0.1140641E-01   0.1045771E-01   0.2186412E-01
     4570.00  0.1123746E-01   0.1043223E-01   0.2166969E-01
     4590.00  0.1106216E-01   0.1040739E-01   0.2146955E-01
     4610.00  0.1089076E-01   0.1038318E-01   0.2127394E-01
     4630.00  0.1071595E-01   0.1035956E-01   0.2107551E-01
     4650.00  0.1054475E-01   0.1033652E-01   0.2088127E-01
     4670.00  0.1038895E-01   0.1031404E-01   0.2070299E-01
     4690.00  0.1023100E-01   0.1029210E-01   0.2052310E-01
     4710.00  0.1005256E-01   0.1027068E-01   0.2032324E-01
     4730.00  0.9915285E-02   0.1024977E-01   0.2016506E-01
     4750.00  0.9759093E-02   0.1022935E-01   0.1998845E-01
     4770.00  0.9619337E-02   0.1020940E-01   0.1982874E-01
     4790.00  0.9472251E-02   0.1018991E-01   0.1966216E-01
     4810.00  0.9320816E-02   0.1017084E-01   0.1949166E-01
     4830.00  0.9152594E-02   0.1015218E-01   0.1930478E-01
     4850.00  0.8829172E-02   0.1013393E-01   0.1896310E-01
     4870.00  0.8553223E-02   0.1011607E-01   0.1866930E-01
     4890.00  0.8734933E-02   0.1009860E-01   0.1883353E-01
     4910.00  0.8644242E-02   0.1008149E-01   0.1872573E-01
     4930.00  0.8502225E-02   0.1006474E-01   0.1856697E-01
     4950.00  0.8399570E-02   0.1004834E-01   0.1844791E-01
     4970.00  0.8282066E-02   0.1003226E-01   0.1831433E-01
     4990.00  0.8160292E-02   0.1001650E-01   0.1817679E-01
     5010.00  0.8023691E-02   0.1000105E-01   0.1802475E-01
     5030.00  0.7924212E-02   0.9985902E-02   0.1791011E-01
     5050.00  0.7798533E-02   0.9971037E-02   0.1776957E-01
     5070.00  0.7701886E-02   0.9956476E-02   0.1765836E-01
     5090.00  0.7593029E-02   0.9942323E-02   0.1753535E-01
     5110.00  0.7484684E-02   0.9928420E-02   0.1741310E-01
     5130.00  0.7376328E-02   0.9914758E-02   0.1729109E-01
     5150.00  0.7267528E-02   0.9901326E-02   0.1716885E-01
     5170.00  0.7166287E-02   0.9888116E-02   0.1705440E-01
     5190.00  0.7067926E-02   0.9875121E-02   0.1694305E-01
     5210.00  0.6969041E-02   0.9862331E-02   0.1683137E-01
     5230.00  0.6871572E-02   0.9849739E-02   0.1672131E-01
     5250.00  0.6775590E-02   0.9837336E-02   0.1661293E-01
     5270.00  0.6680400E-02   0.9825116E-02   0.1650552E-01
     5290.00  0.6592305E-02   0.9813070E-02   0.1640537E-01
     5310.00  0.6500582E-02   0.9801192E-02   0.1630177E-01
     5330.00  0.6408512E-02   0.9789476E-02   0.1619799E-01
     5350.00  0.6321902E-02   0.9777913E-02   0.1609982E-01
     5370.00  0.6238220E-02   0.9766493E-02   0.1600471E-01
     5390.00  0.6154779E-02   0.9755198E-02   0.1590998E-01
     5410.00  0.6070628E-02   0.9744036E-02   0.1581466E-01
     5430.00  0.5988057E-02   0.9733004E-02   0.1572106E-01
     5450.00  0.5906224E-02   0.9722095E-02   0.1562832E-01
     5470.00  0.5828960E-02   0.9711303E-02   0.1554026E-01
     5490.00  0.5752682E-02   0.9700625E-02   0.1545331E-01
     5510.00  0.5676247E-02   0.9690053E-02   0.1536630E-01
     5530.00  0.5600346E-02   0.9679584E-02   0.1527993E-01
     5550.00  0.5525075E-02   0.9669213E-02   0.1519429E-01
     5570.00  0.5453477E-02   0.9658935E-02   0.1511241E-01
     5590.00  0.5382730E-02   0.9648746E-02   0.1503148E-01
     5610.00  0.5312620E-02   0.9638641E-02   0.1495126E-01
     5630.00  0.5243270E-02   0.9628617E-02   0.1487189E-01
     5650.00  0.5172426E-02   0.9618668E-02   0.1479109E-01
     5670.00  0.5105578E-02   0.9608792E-02   0.1471437E-01
     5690.00  0.5056710E-02   0.9598983E-02   0.1465569E-01
     5710.00  0.4992960E-02   0.7721499E-02   0.1271446E-01
     5730.00  0.4929644E-02   0.7709030E-02   0.1263867E-01
     5750.00  0.4865587E-02   0.7696683E-02   0.1256227E-01
     5770.00  0.4805583E-02   0.7684455E-02   0.1249004E-01
     5790.00  0.4745224E-02   0.7672342E-02   0.1241757E-01
     5810.00  0.4685308E-02   0.7660340E-02   0.1234565E-01
     5830.00  0.4625698E-02   0.7648445E-02   0.1227414E-01
     5850.00  0.4565918E-02   0.7636655E-02   0.1220257E-01
     5870.00  0.4493456E-02   0.7624965E-02   0.1211842E-01
     5890.00  0.4451816E-02   0.7613373E-02   0.1206519E-01
     5910.00  0.4399082E-02   0.7601874E-02   0.1200096E-01
     5930.00  0.4343857E-02   0.7590468E-02   0.1193432E-01
     5950.00  0.4288470E-02   0.7579149E-02   0.1186762E-01
     5970.00  0.4237388E-02   0.7567916E-02   0.1180530E-01
     5990.00  0.4185413E-02   0.7556765E-02   0.1174218E-01
     6010.00  0.4134611E-02   0.7545694E-02   0.1168031E-01
     6030.00  0.4083544E-02   0.7534701E-02   0.1161824E-01
     6050.00  0.4032948E-02   0.7523781E-02   0.1155673E-01
     6070.00  0.3985166E-02   0.7512934E-02   0.1149810E-01
     6090.00  0.3937425E-02   0.7502156E-02   0.1143958E-01
     6110.00  0.3889970E-02   0.7491444E-02   0.1138141E-01
     6130.00  0.3842248E-02   0.7480797E-02   0.1132305E-01
     6150.00  0.3794275E-02   0.7470213E-02   0.1126449E-01
     6170.00  0.3750060E-02   0.7459690E-02   0.1120975E-01
     6190.00  0.3706656E-02   0.7449225E-02   0.1115588E-01
     6210.00  0.3662771E-02   0.7438817E-02   0.1110159E-01
     6230.00  0.3618776E-02   0.7428463E-02   0.1104724E-01
     6250.00  0.3574469E-02   0.7418162E-02   0.1099263E-01
     6270.00  0.3534348E-02   0.7407911E-02   0.1094226E-01
     6290.00  0.3493394E-02   0.7397711E-02   0.1089110E-01
     6310.00  0.3452191E-02   0.7387556E-02   0.1083975E-01
     6330.00  0.3411698E-02   0.7377449E-02   0.1078915E-01
     6350.00  0.3368594E-02   0.7367385E-02   0.1073598E-01
     6370.00  0.3331372E-02   0.7357363E-02   0.1068874E-01
     6390.00  0.3294717E-02   0.7347383E-02   0.1064210E-01
     6410.00  0.3256228E-02   0.7337442E-02   0.1059367E-01
     6430.00  0.3218720E-02   0.7327540E-02   0.1054626E-01
     6450.00  0.3180385E-02   0.7317673E-02   0.1049806E-01
     6470.00  0.3144639E-02   0.7307843E-02   0.1045248E-01
     6490.00  0.3108019E-02   0.7298047E-02   0.1040607E-01
     6510.00  0.3070770E-02   0.7288283E-02   0.1035905E-01
     6530.00  0.3028736E-02   0.7278463E-02   0.1030720E-01
     6550.00  0.2953614E-02   0.7268646E-02   0.1022226E-01
     6570.00  0.2857570E-02   0.7258855E-02   0.1011643E-01
     6590.00  0.2918080E-02   0.7249090E-02   0.1016717E-01
     6610.00  0.2900051E-02   0.7239350E-02   0.1013940E-01
     6630.00  0.2870622E-02   0.7229632E-02   0.1010025E-01
     6650.00  0.2839405E-02   0.7189267E-02   0.1002867E-01
     6670.00  0.2805452E-02   0.7179693E-02   0.9985145E-02
     6690.00  0.2774784E-02   0.7170139E-02   0.9944923E-02
     6710.00  0.2747172E-02   0.7160606E-02   0.9907778E-02
     6730.00  0.2716847E-02   0.7151092E-02   0.9867939E-02
     6750.00  0.2686990E-02   0.7141597E-02   0.9828587E-02
     6770.00  0.2658279E-02   0.7132119E-02   0.9790398E-02
     6790.00  0.2629257E-02   0.7122658E-02   0.9751915E-02
     6810.00  0.2600812E-02   0.7113215E-02   0.9714027E-02
     6830.00  0.2572216E-02   0.7103786E-02   0.9676002E-02
     6850.00  0.2543774E-02   0.7094372E-02   0.9638146E-02
     6870.00  0.2516983E-02   0.7084973E-02   0.9601956E-02
     6890.00  0.2490153E-02   0.7075587E-02   0.9565740E-02
     6910.00  0.2463413E-02   0.7066215E-02   0.9529628E-02
     6930.00  0.2436660E-02   0.7056855E-02   0.9493515E-02
     6950.00  0.2410159E-02   0.7047507E-02   0.9457666E-02
     6970.00  0.2385048E-02   0.7038171E-02   0.9423219E-02
     6990.00  0.2359972E-02   0.7028845E-02   0.9388817E-02
     7010.00  0.2334792E-02   0.7019530E-02   0.9354322E-02
     7030.00  0.2309979E-02   0.7010229E-02   0.9320208E-02
     7050.00  0.2285002E-02   0.7000937E-02   0.9285939E-02
     7070.00  0.2258086E-02   0.6991655E-02   0.9249741E-02
     7090.00  0.2238175E-02   0.6982381E-02   0.9220556E-02
     7110.00  0.2214368E-02   0.6973114E-02   0.9187482E-02
     7130.00  0.2191216E-02   0.6963855E-02   0.9155071E-02
     7150.00  0.2168078E-02   0.6954603E-02   0.9122681E-02
     7170.00  0.2146036E-02   0.6945358E-02   0.9091394E-02
     7190.00  0.2123999E-02   0.6936119E-02   0.9060118E-02
     7210.00  0.2102180E-02   0.6926887E-02   0.9029067E-02
     7230.00  0.2079360E-02   0.6917661E-02   0.8997021E-02
     7250.00  0.2058568E-02   0.6908439E-02   0.8967007E-02
     7270.00  0.2037964E-02   0.6899223E-02   0.8937187E-02
     7290.00  0.2015614E-02   0.6890012E-02   0.8905626E-02
     7310.00  0.1996738E-02   0.6880806E-02   0.8877544E-02
     7330.00  0.1976274E-02   0.6871604E-02   0.8847878E-02
     7350.00  0.1955918E-02   0.6862407E-02   0.8818325E-02
     7370.00  0.1936261E-02   0.6853214E-02   0.8789475E-02
     7390.00  0.1916567E-02   0.6844024E-02   0.8760591E-02
     7410.00  0.1897172E-02   0.6834838E-02   0.8732010E-02
     7430.00  0.1878317E-02   0.6825656E-02   0.8703973E-02
     7450.00  0.1859476E-02   0.6805425E-02   0.8664901E-02
     7470.00  0.1841192E-02   0.6796273E-02   0.8637465E-02
     7490.00  0.1823073E-02   0.6787124E-02   0.8610197E-02
     7510.00  0.1804941E-02   0.6777979E-02   0.8582920E-02
     7530.00  0.1787055E-02   0.6768837E-02   0.8555892E-02
     7550.00  0.1769125E-02   0.6759698E-02   0.8528823E-02
     7570.00  0.1751999E-02   0.6750561E-02   0.8502560E-02
     7590.00  0.1734932E-02   0.6741427E-02   0.8476359E-02
     7610.00  0.1717939E-02   0.6732257E-02   0.8450196E-02
     7630.00  0.1700982E-02   0.6723046E-02   0.8424028E-02
     7650.00  0.1684074E-02   0.6713837E-02   0.8397911E-02
     7670.00  0.1667841E-02   0.6704627E-02   0.8372468E-02
     7690.00  0.1651944E-02   0.6695419E-02   0.8347363E-02
     7710.00  0.1635836E-02   0.6686210E-02   0.8322046E-02
     7730.00  0.1620062E-02   0.6677002E-02   0.8297064E-02
     7750.00  0.1604029E-02   0.6667794E-02   0.8271823E-02
     7770.00  0.1586843E-02   0.6658587E-02   0.8245430E-02
     7790.00  0.1573670E-02   0.6649379E-02   0.8223049E-02
     7810.00  0.1558605E-02   0.6640172E-02   0.8198777E-02
     7830.00  0.1543722E-02   0.6630965E-02   0.8174687E-02
     7850.00  0.1528739E-02   0.6621759E-02   0.8150498E-02
     7870.00  0.1514108E-02   0.6506298E-02   0.8020406E-02
     7890.00  0.1499706E-02   0.6497336E-02   0.7997042E-02
     7910.00  0.1486074E-02   0.6488374E-02   0.7974448E-02
     7930.00  0.1471840E-02   0.6479412E-02   0.7951252E-02
     7950.00  0.1457623E-02   0.6470450E-02   0.7928073E-02
     7970.00  0.1444459E-02   0.6461488E-02   0.7905947E-02
     7990.00  0.1430794E-02   0.6452528E-02   0.7883322E-02
     8010.00  0.1417723E-02   0.6443567E-02   0.7861290E-02
     8030.00  0.1404540E-02   0.6434606E-02   0.7839146E-02
     8050.00  0.1391279E-02   0.6425647E-02   0.7816926E-02
     8070.00  0.1378714E-02   0.6416687E-02   0.7795401E-02
     8090.00  0.1365835E-02   0.6407728E-02   0.7773563E-02
     8110.00  0.1353322E-02   0.6398770E-02   0.7752092E-02
     8130.00  0.1340959E-02   0.6389812E-02   0.7730771E-02
     8150.00  0.1328211E-02   0.6380856E-02   0.7709067E-02
     8170.00  0.1316332E-02   0.6371899E-02   0.7688231E-02
     8190.00  0.1304054E-02   0.6362943E-02   0.7666997E-02
     8210.00  0.1314402E-02   0.5707298E-02   0.7021700E-02
     8230.00  0.1302767E-02   0.3182727E-02   0.4485494E-02
     8250.00  0.1291200E-02   0.3176532E-02   0.4467732E-02
     8270.00  0.1279529E-02   0.3170365E-02   0.4449894E-02
     8290.00  0.1268445E-02   0.3133074E-02   0.4401519E-02
     8310.00  0.1257069E-02   0.3127033E-02   0.4384102E-02
     8330.00  0.1245345E-02   0.3121017E-02   0.4366362E-02
     8350.00  0.1233712E-02   0.3115027E-02   0.4348739E-02
     8370.00  0.1222401E-02   0.3109060E-02   0.4331461E-02
     8390.00  0.1210897E-02   0.3103118E-02   0.4314015E-02
     8410.00  0.1199613E-02   0.3097200E-02   0.4296813E-02
     8430.00  0.1187108E-02   0.3091305E-02   0.4278413E-02
     8450.00  0.1175539E-02   0.3085434E-02   0.4260973E-02
     8470.00  0.1164295E-02   0.3079585E-02   0.4243880E-02
     8490.00  0.1155115E-02   0.3073759E-02   0.4228874E-02
     8510.00  0.1141834E-02   0.3067956E-02   0.4209790E-02
     8530.00  0.1136392E-02   0.3062175E-02   0.4198567E-02
     8550.00  0.1116517E-02   0.3056416E-02   0.4172933E-02
     8570.00  0.1121004E-02   0.3050678E-02   0.4171682E-02
     8590.00  0.1100725E-02   0.3044962E-02   0.4145687E-02
     8610.00  0.1090507E-02   0.3039268E-02   0.4129775E-02
     8630.00  0.1096423E-02   0.3033594E-02   0.4130017E-02
     8650.00  0.1078821E-02   0.3027941E-02   0.4106762E-02
     8670.00  0.1051868E-02   0.3022309E-02   0.4074177E-02
     8690.00  0.1066296E-02   0.3016697E-02   0.4082993E-02
     8710.00  0.1063886E-02   0.3011106E-02   0.4074992E-02
     8730.00  0.1047045E-02   0.3005534E-02   0.4052579E-02
     8750.00  0.1013198E-02   0.2999982E-02   0.4013180E-02
     8770.00  0.1023909E-02   0.2994449E-02   0.4018358E-02
     8790.00  0.1028969E-02   0.2988936E-02   0.4017905E-02
     8810.00  0.1022280E-02   0.2983442E-02   0.4005722E-02
     8830.00  0.1010536E-02   0.2977967E-02   0.3988503E-02
     8850.00  0.9857304E-03   0.2972511E-02   0.3958241E-02
     8870.00  0.9614092E-03   0.2967073E-02   0.3928482E-02
     8890.00  0.9802308E-03   0.2961654E-02   0.3941884E-02
     8910.00  0.9798008E-03   0.2956252E-02   0.3936053E-02
     8930.00  0.9733651E-03   0.2950870E-02   0.3924235E-02
     8950.00  0.9655078E-03   0.2945504E-02   0.3911012E-02
     8970.00  0.9558445E-03   0.2940157E-02   0.3896002E-02
     8990.00  0.9407895E-03   0.2934827E-02   0.3875617E-02
     9010.00  0.9075269E-03   0.2929515E-02   0.3837041E-02
     9030.00  0.9100010E-03   0.2924219E-02   0.3834220E-02
     9050.00  0.9205505E-03   0.2918941E-02   0.3839491E-02
     9070.00  0.9166241E-03   0.2913680E-02   0.3830304E-02
     9090.00  0.9106546E-03   0.2908435E-02   0.3819090E-02
     9110.00  0.9042881E-03   0.2903207E-02   0.3807495E-02
     9130.00  0.8970421E-03   0.2897997E-02   0.3795039E-02
     9150.00  0.8893099E-03   0.2892803E-02   0.3782113E-02
     9170.00  0.8809428E-03   0.2887626E-02   0.3768569E-02
     9190.00  0.8712548E-03   0.2882465E-02   0.3753720E-02
     9210.00  0.8540306E-03   0.2877320E-02   0.3731350E-02
     9230.00  0.8232521E-03   0.2872191E-02   0.3695443E-02
     9250.00  0.8378854E-03   0.2867076E-02   0.3704962E-02
     9270.00  0.8420145E-03   0.2861978E-02   0.3703993E-02
     9290.00  0.8389610E-03   0.2856895E-02   0.3695856E-02
     9310.00  0.8329216E-03   0.2851827E-02   0.3684749E-02
     9330.00  0.8268689E-03   0.2846774E-02   0.3673643E-02
     9350.00  0.8202993E-03   0.2841736E-02   0.3662036E-02
     9370.00  0.8139952E-03   0.2836714E-02   0.3650709E-02
     9390.00  0.8074745E-03   0.2831705E-02   0.3639180E-02
     9410.00  0.8004353E-03   0.2826712E-02   0.3627147E-02
     9430.00  0.7944240E-03   0.2821733E-02   0.3616157E-02
     9450.00  0.7877348E-03   0.2816768E-02   0.3604503E-02
     9470.00  0.7807072E-03   0.2811818E-02   0.3592525E-02
     9490.00  0.7739698E-03   0.2806882E-02   0.3580852E-02
     9510.00  0.7644692E-03   0.2801960E-02   0.3566429E-02
     9530.00  0.7483437E-03   0.2797052E-02   0.3545396E-02
     9550.00  0.7239014E-03   0.2792158E-02   0.3516059E-02
     9570.00  0.7395406E-03   0.2787277E-02   0.3526818E-02
     9590.00  0.7418687E-03   0.2782411E-02   0.3524280E-02
     9610.00  0.7381118E-03   0.2777558E-02   0.3515670E-02
     9630.00  0.7327216E-03   0.2772719E-02   0.3505440E-02
     9650.00  0.7279198E-03   0.2767893E-02   0.3495813E-02
     9670.00  0.7223761E-03   0.2763080E-02   0.3485456E-02
     9690.00  0.7169815E-03   0.2758280E-02   0.3475261E-02
     9710.00  0.7113563E-03   0.2753493E-02   0.3464850E-02
     9730.00  0.7060314E-03   0.2748721E-02   0.3454752E-02
     9750.00  0.7004643E-03   0.2743960E-02   0.3444424E-02
     9770.00  0.6951721E-03   0.2739213E-02   0.3434385E-02
     9790.00  0.6898549E-03   0.2734478E-02   0.3424333E-02
     9810.00  0.6845410E-03   0.2729756E-02   0.3414297E-02
     9830.00  0.6792344E-03   0.2725047E-02   0.3404281E-02
     9850.00  0.6739444E-03   0.2720349E-02   0.3394294E-02
     9870.00  0.6688374E-03   0.2715665E-02   0.3384503E-02
     9890.00  0.6636711E-03   0.2710993E-02   0.3374664E-02
     9910.00  0.6585578E-03   0.2706334E-02   0.3364891E-02
     9930.00  0.6534834E-03   0.2701686E-02   0.3355170E-02
     9950.00  0.6482373E-03   0.2697051E-02   0.3345289E-02
     9970.00  0.6430955E-03   0.2692428E-02   0.3335524E-02
     9990.00  0.6375891E-03   0.2687818E-02   0.3325407E-02
    10025.00  0.6206178E-03   0.2679777E-02   0.3300395E-02
    10075.00  0.6062202E-03   0.2668353E-02   0.3274573E-02
    10125.00  0.6058955E-03   0.2657003E-02   0.3262898E-02
    10175.00  0.5961638E-03   0.2645783E-02   0.3241947E-02
    10225.00  0.5855695E-03   0.2634644E-02   0.3220214E-02
    10275.00  0.5749195E-03   0.2623572E-02   0.3198492E-02
    10325.00  0.5640166E-03   0.2612567E-02   0.3176584E-02
    10375.00  0.5536641E-03   0.2601628E-02   0.3155292E-02
    10425.00  0.5438104E-03   0.2590753E-02   0.3134564E-02
    10475.00  0.5339100E-03   0.2579943E-02   0.3113853E-02
    10525.00  0.5243814E-03   0.2569196E-02   0.3093578E-02
    10575.00  0.5150959E-03   0.2558513E-02   0.3073608E-02
    10625.00  0.5058384E-03   0.2547891E-02   0.3053729E-02
    10675.00  0.4967948E-03   0.2537331E-02   0.3034125E-02
    10725.00  0.4884863E-03   0.2526831E-02   0.3015318E-02
    10775.00  0.4799380E-03   0.2516392E-02   0.2996330E-02
    10825.00  0.4705739E-03   0.2506013E-02   0.2976586E-02
    10875.00  0.4617135E-03   0.2495692E-02   0.2957405E-02
    10925.00  0.4435146E-03   0.2485430E-02   0.2928945E-02
    10975.00  0.4425689E-03   0.2475226E-02   0.2917795E-02
    11025.00  0.4391625E-03   0.2465079E-02   0.2904242E-02
    11075.00  0.4322882E-03   0.2454990E-02   0.2887278E-02
    11125.00  0.4248323E-03   0.2444956E-02   0.2869789E-02
    11175.00  0.4178895E-03   0.2255568E-02   0.2673458E-02
    11225.00  0.4109772E-03   0.2246264E-02   0.2657241E-02
    11275.00  0.4038933E-03   0.2237015E-02   0.2640908E-02
    11325.00  0.3970907E-03   0.2227821E-02   0.2624911E-02
    11375.00  0.3904427E-03   0.2218680E-02   0.2609123E-02
    11425.00  0.3841426E-03   0.2209592E-02   0.2593735E-02
    11475.00  0.3779822E-03   0.2200557E-02   0.2578540E-02
    11525.00  0.3717884E-03   0.2191575E-02   0.2563363E-02
    11575.00  0.3656159E-03   0.2182644E-02   0.2548260E-02
    11625.00  0.3594019E-03   0.2173764E-02   0.2533166E-02
    11675.00  0.3537108E-03   0.2164936E-02   0.2518647E-02
    11725.00  0.3482258E-03   0.2156158E-02   0.2504384E-02
    11775.00  0.3424228E-03   0.2147431E-02   0.2489854E-02
    11825.00  0.3369766E-03   0.2138753E-02   0.2475730E-02
    11875.00  0.3314179E-03   0.2130124E-02   0.2461542E-02
    11925.00  0.3264339E-03   0.2121544E-02   0.2447978E-02
    11975.00  0.3210502E-03   0.2113013E-02   0.2434063E-02
    12025.00  0.3162535E-03   0.2104530E-02   0.2420783E-02
    12075.00  0.3111923E-03   0.2096094E-02   0.2407287E-02
    12125.00  0.3062270E-03   0.2087706E-02   0.2393933E-02
    12175.00  0.3015129E-03   0.2079365E-02   0.2380878E-02
    12225.00  0.2968366E-03   0.2071070E-02   0.2367907E-02
    12275.00  0.2922943E-03   0.2062822E-02   0.2355116E-02
    12325.00  0.2877980E-03   0.2054619E-02   0.2342417E-02
    12375.00  0.2833272E-03   0.2046462E-02   0.2329789E-02
    12425.00  0.2791301E-03   0.2038350E-02   0.2317480E-02
    12475.00  0.2749231E-03   0.2030283E-02   0.2305206E-02
    12525.00  0.2707266E-03   0.2020328E-02   0.2291055E-02
    12575.00  0.2665932E-03   0.2012364E-02   0.2278957E-02
    12625.00  0.2624697E-03   0.2004444E-02   0.2266913E-02
    12675.00  0.2585960E-03   0.1996567E-02   0.2255163E-02
    12725.00  0.2545447E-03   0.1988733E-02   0.2243277E-02
    12775.00  0.2493046E-03   0.1980942E-02   0.2230246E-02
    12825.00  0.2405393E-03   0.1973193E-02   0.2213733E-02
    12875.00  0.2423862E-03   0.1965487E-02   0.2207873E-02
    12925.00  0.2398407E-03   0.1957823E-02   0.2197663E-02
    12975.00  0.2364691E-03   0.1950200E-02   0.2186669E-02
    13025.00  0.2331695E-03   0.1942619E-02   0.2175789E-02
    13075.00  0.2297603E-03   0.1935060E-02   0.2164821E-02
    13125.00  0.2263244E-03   0.1927541E-02   0.2153865E-02
    13175.00  0.2230935E-03   0.1920061E-02   0.2143154E-02
    13225.00  0.2199311E-03   0.1912621E-02   0.2132552E-02
    13275.00  0.2167423E-03   0.1905221E-02   0.2121964E-02
    13325.00  0.2136388E-03   0.1897861E-02   0.2111500E-02
    13375.00  0.2105888E-03   0.1890539E-02   0.2101128E-02
    13425.00  0.2076724E-03   0.1883257E-02   0.2090929E-02
    13475.00  0.2047898E-03   0.1876013E-02   0.2080803E-02
    13525.00  0.2019039E-03   0.1868808E-02   0.2070712E-02
    13575.00  0.1990317E-03   0.1861641E-02   0.2060673E-02
    13625.00  0.1961890E-03   0.1853721E-02   0.2049910E-02
    13675.00  0.1935221E-03   0.1846633E-02   0.2040156E-02
    13725.00  0.1908394E-03   0.1839583E-02   0.2030423E-02
    13775.00  0.1882330E-03   0.1832570E-02   0.2020803E-02
    13825.00  0.1856089E-03   0.1825595E-02   0.2011203E-02
    13875.00  0.1830049E-03   0.1818656E-02   0.2001660E-02
    13925.00  0.1805508E-03   0.1811753E-02   0.1992304E-02
    13975.00  0.1781245E-03   0.1804887E-02   0.1983011E-02
    14025.00  0.1757050E-03   0.1798057E-02   0.1973762E-02
    14075.00  0.1733013E-03   0.1791263E-02   0.1964564E-02
    14125.00  0.1708925E-03   0.1776193E-02   0.1947086E-02
    14175.00  0.1686749E-03   0.1769524E-02   0.1938199E-02
    14225.00  0.1664380E-03   0.1762889E-02   0.1929327E-02
    14275.00  0.1642211E-03   0.1756288E-02   0.1920509E-02
    14325.00  0.1620416E-03   0.1749722E-02   0.1911764E-02
    14375.00  0.1598568E-03   0.1743190E-02   0.1903047E-02
    14425.00  0.1575897E-03   0.1736692E-02   0.1894282E-02
    14475.00  0.1556305E-03   0.1730228E-02   0.1885859E-02
    14525.00  0.1535368E-03   0.1723798E-02   0.1877334E-02
    14570.00  0.1517490E-03   0.1718039E-02   0.1869788E-02
    14620.00  0.1505390E-03   0.1276551E-02   0.1427090E-02
    14675.00  0.1484020E-03   0.1271353E-02   0.1419755E-02
    14725.00  0.1465026E-03   0.1263650E-02   0.1410152E-02
    14775.00  0.1446139E-03   0.1258989E-02   0.1403603E-02
    14825.00  0.1427579E-03   0.1254355E-02   0.1397113E-02
    14875.00  0.1408598E-03   0.1249747E-02   0.1390607E-02
    14925.00  0.1391510E-03   0.1245165E-02   0.1384316E-02
    14975.00  0.1373732E-03   0.1240608E-02   0.1377981E-02
    15025.00  0.1355792E-03   0.1236077E-02   0.1371656E-02
    15075.00  0.1338116E-03   0.1231571E-02   0.1365383E-02
    15125.00  0.1320935E-03   0.1227091E-02   0.1359184E-02
    15175.00  0.1304189E-03   0.1222635E-02   0.1353054E-02
    15225.00  0.1287543E-03   0.1218205E-02   0.1346960E-02
    15275.00  0.1271212E-03   0.1213802E-02   0.1340923E-02
    15325.00  0.1254417E-03   0.1209422E-02   0.1334864E-02
    15375.00  0.1238840E-03   0.1205067E-02   0.1328951E-02
    15425.00  0.1222298E-03   0.1200735E-02   0.1322965E-02
    15475.00  0.1208753E-03   0.1196427E-02   0.1317302E-02
    15525.00  0.1193224E-03   0.1192142E-02   0.1311465E-02
    15575.00  0.1176126E-03   0.1187881E-02   0.1305493E-02
    15625.00  0.1166552E-03   0.1183643E-02   0.1300298E-02
    15675.00  0.1148031E-03   0.1179428E-02   0.1294231E-02
    15725.00  0.1132504E-03   0.1175235E-02   0.1288485E-02
    15775.00  0.1125766E-03   0.1171065E-02   0.1283642E-02
    15825.00  0.1111092E-03   0.1166918E-02   0.1278027E-02
    15875.00  0.1086852E-03   0.1162793E-02   0.1271478E-02
    15925.00  0.1081861E-03   0.1158690E-02   0.1266876E-02
    15975.00  0.1074992E-03   0.1154609E-02   0.1262108E-02
    16050.00  0.1051739E-03   0.1148529E-02   0.1253702E-02
    16150.00  0.1021411E-03   0.1140497E-02   0.1242638E-02
    16250.00  0.1007422E-03   0.1132550E-02   0.1233292E-02
    16350.00  0.9790194E-04   0.1124687E-02   0.1222589E-02
    16450.00  0.9509180E-04   0.1116907E-02   0.1211999E-02
    16550.00  0.9391927E-04   0.1109208E-02   0.1203127E-02
    16650.00  0.9177748E-04   0.1101590E-02   0.1193367E-02
    16750.00  0.8911241E-04   0.1094051E-02   0.1183164E-02
    16850.00  0.8654012E-04   0.1086591E-02   0.1173131E-02
    16950.00  0.8563519E-04   0.1079207E-02   0.1164842E-02
    17050.00  0.8373212E-04   0.1071900E-02   0.1155632E-02
    17150.00  0.8192930E-04   0.1064668E-02   0.1146597E-02
    17250.00  0.7996973E-04   0.1057509E-02   0.1137479E-02
    17350.00  0.7690925E-04   0.1050424E-02   0.1127334E-02
    17450.00  0.7626855E-04   0.1043411E-02   0.1119680E-02
    17550.00  0.7490812E-04   0.1036469E-02   0.1111378E-02
    17650.00  0.7330098E-04   0.1029598E-02   0.1102899E-02
    17750.00  0.7168980E-04   0.1022795E-02   0.1094485E-02
    17850.00  0.7014752E-04   0.1016061E-02   0.1086209E-02
    17950.00  0.6866880E-04   0.1009395E-02   0.1078064E-02
    18050.00  0.6710773E-04   0.1002795E-02   0.1069902E-02
    18150.00  0.6464795E-04   0.9962604E-03   0.1060908E-02
    18250.00  0.6399295E-04   0.9897922E-03   0.1053785E-02
    18350.00  0.6301215E-04   0.9833993E-03   0.1046411E-02
    18450.00  0.6172344E-04   0.9770686E-03   0.1038792E-02
    18550.00  0.6040836E-04   0.9397465E-03   0.1000155E-02
    18650.00  0.5903136E-04   0.9337474E-03   0.9927788E-03
    18750.00  0.5693245E-04   0.9278065E-03   0.9847390E-03
    18850.00  0.5666620E-04   0.9219230E-03   0.9785892E-03
    18950.00  0.5560266E-04   0.9160962E-03   0.9716988E-03
    19050.00  0.5449016E-04   0.9103254E-03   0.9648156E-03
    19150.00  0.5342723E-04   0.9046099E-03   0.9580371E-03
    19250.00  0.5234333E-04   0.8989491E-03   0.9512924E-03
    19350.00  0.5115882E-04   0.8933422E-03   0.9445010E-03
    19450.00  0.4932985E-04   0.8877886E-03   0.9371185E-03
    19550.00  0.4917021E-04   0.8822877E-03   0.9314579E-03
    19650.00  0.4833023E-04   0.8768388E-03   0.9251690E-03
    19750.00  0.4738186E-04   0.8714413E-03   0.9188231E-03
    19850.00  0.4645864E-04   0.8660945E-03   0.9125531E-03
    19950.00  0.4555993E-04   0.8607978E-03   0.9063578E-03
    20050.00  0.4469147E-04   0.8555508E-03   0.9002422E-03
    20150.00  0.4384091E-04   0.8503526E-03   0.8941935E-03
    20250.00  0.4299201E-04   0.8449698E-03   0.8879618E-03
    20350.00  0.4220123E-04   0.8398701E-03   0.8820713E-03
    20450.00  0.4142205E-04   0.8348175E-03   0.8762395E-03
    20550.00  0.4063771E-04   0.8298116E-03   0.8704493E-03
    20650.00  0.3987086E-04   0.8248517E-03   0.8647226E-03
    20750.00  0.3910634E-04   0.8199375E-03   0.8590438E-03
    20850.00  0.3840702E-04   0.8150682E-03   0.8534752E-03
    20950.00  0.3770819E-04   0.8102434E-03   0.8479516E-03
    21050.00  0.3701957E-04   0.8054626E-03   0.8424822E-03
    21150.00  0.3632078E-04   0.8007252E-03   0.8370460E-03
    21250.00  0.3564955E-04   0.7960308E-03   0.8316803E-03
    21350.00  0.3501477E-04   0.7913787E-03   0.8263934E-03
    21450.00  0.3438743E-04   0.7867686E-03   0.8211560E-03
    21550.00  0.3370727E-04   0.7820978E-03   0.8158050E-03
    21650.00  0.3257046E-04   0.7775709E-03   0.8101413E-03
    21750.00  0.3244762E-04   0.7730845E-03   0.8055321E-03
    21850.00  0.3199344E-04   0.7686381E-03   0.8006315E-03
    21950.00  0.3145683E-04   0.7642312E-03   0.7956881E-03
    22050.00  0.3090455E-04   0.7598635E-03   0.7907680E-03
    22150.00  0.3035843E-04   0.7555344E-03   0.7858929E-03
    22250.00  0.2981693E-04   0.7500901E-03   0.7799071E-03
    22350.00  0.2931300E-04   0.7458486E-03   0.7751616E-03
    22450.00  0.2881227E-04   0.7416442E-03   0.7704565E-03
    22550.00  0.2831308E-04   0.7374766E-03   0.7657897E-03
    22650.00  0.2782000E-04   0.7333453E-03   0.7611653E-03
    22750.00  0.2734834E-04   0.7292499E-03   0.7565983E-03
    22850.00  0.2693613E-04   0.6319584E-03   0.6588945E-03
    22950.00  0.2648796E-04   0.6280345E-03   0.6545224E-03
    23050.00  0.2604926E-04   0.6246214E-03   0.6506707E-03
    23150.00  0.2561332E-04   0.6212379E-03   0.6468512E-03
    23250.00  0.2517940E-04   0.6178834E-03   0.6430628E-03
    23350.00  0.2477446E-04   0.6145578E-03   0.6393323E-03
    23450.00  0.2437292E-04   0.6112606E-03   0.6356336E-03
    23550.00  0.2397193E-04   0.6079916E-03   0.6319636E-03
    23650.00  0.2357483E-04   0.6047505E-03   0.6283253E-03
    23750.00  0.2317850E-04   0.6015368E-03   0.6247153E-03
    23850.00  0.2281030E-04   0.5983504E-03   0.6211607E-03
    23950.00  0.2244619E-04   0.5951908E-03   0.6176370E-03
    24050.00  0.2208213E-04   0.5920579E-03   0.6141400E-03
    24150.00  0.2172000E-04   0.5889512E-03   0.6106712E-03
    24250.00  0.2136012E-04   0.5858705E-03   0.6072307E-03
    24350.00  0.2102893E-04   0.5828156E-03   0.6038445E-03
    24450.00  0.2069516E-04   0.5797861E-03   0.6004812E-03
    24550.00  0.2037042E-04   0.5767817E-03   0.5971521E-03
    24650.00  0.2003905E-04   0.5738022E-03   0.5938412E-03
    24750.00  0.1971644E-04   0.5708473E-03   0.5905637E-03
    24850.00  0.1942592E-04   0.5679167E-03   0.5873426E-03
    24950.00  0.1910299E-04   0.5650101E-03   0.5841131E-03
    25050.00  0.1887578E-04   0.5621274E-03   0.5810032E-03
    25150.00  0.1855443E-04   0.5592682E-03   0.5778226E-03
    25250.00  0.1820537E-04   0.5564322E-03   0.5746376E-03
    25350.00  0.1797486E-04   0.5536193E-03   0.5715942E-03
    25450.00  0.1772583E-04   0.5508291E-03   0.5685550E-03
    25550.00  0.1743093E-04   0.5480615E-03   0.5654925E-03
    25650.00  0.1710386E-04   0.5453162E-03   0.5624200E-03
    25750.00  0.1690799E-04   0.5425929E-03   0.5595009E-03
    25850.00  0.1668070E-04   0.5398914E-03   0.5565721E-03
    25950.00  0.1643008E-04   0.5372115E-03   0.5536416E-03
    26050.00  0.1613704E-04   0.5345529E-03   0.5506900E-03
    26150.00  0.1581668E-04   0.5319155E-03   0.5477322E-03
    26250.00  0.1542663E-04   0.5292990E-03   0.5447256E-03
    26350.00  0.1542528E-04   0.5267031E-03   0.5421284E-03
    26450.00  0.1525175E-04   0.5241277E-03   0.5393794E-03
    26550.00  0.1502977E-04   0.5215725E-03   0.5366023E-03
    26650.00  0.1477701E-04   0.5190373E-03   0.5338143E-03
    26750.00  0.1446000E-04   0.5165220E-03   0.5309820E-03
    26850.00  0.1435378E-04   0.5140263E-03   0.5283801E-03
    26950.00  0.1418379E-04   0.5115500E-03   0.5257338E-03
    27050.00  0.1398800E-04   0.5090929E-03   0.5230809E-03
    27150.00  0.1378666E-04   0.5066547E-03   0.5204414E-03
    27250.00  0.1358409E-04   0.5042355E-03   0.5178195E-03
    27350.00  0.1339069E-04   0.5018348E-03   0.5152255E-03
    27450.00  0.1318270E-04   0.4994525E-03   0.5126352E-03
    27550.00  0.1288645E-04   0.4970885E-03   0.5099749E-03
    27650.00  0.1276146E-04   0.4870973E-03   0.4998587E-03
    27750.00  0.1263839E-04   0.4848102E-03   0.4974486E-03
    27850.00  0.1247777E-04   0.4825405E-03   0.4950182E-03
    27950.00  0.1230888E-04   0.4802879E-03   0.4925968E-03
    28050.00  0.1213857E-04   0.4780524E-03   0.4901910E-03
    28150.00  0.1196883E-04   0.4758337E-03   0.4878025E-03
    28250.00  0.1179977E-04   0.4736317E-03   0.4854314E-03
    28350.00  0.1164117E-04   0.4714462E-03   0.4830873E-03
    28450.00  0.1148119E-04   0.4692770E-03   0.4807582E-03
    28550.00  0.1131485E-04   0.4671240E-03   0.4784388E-03
    28650.00  0.1111380E-04   0.4649870E-03   0.4761008E-03
    28750.00  0.1087175E-04   0.4628658E-03   0.4737376E-03
    28850.00  0.1084323E-04   0.4607604E-03   0.4716036E-03
    28950.00  0.1072020E-04   0.4586705E-03   0.4693907E-03
    29050.00  0.1058168E-04   0.4565959E-03   0.4671776E-03
    29150.00  0.1043916E-04   0.4545367E-03   0.4649758E-03
    29250.00  0.1029692E-04   0.4524924E-03   0.4627894E-03
    29350.00  0.1016324E-04   0.4504632E-03   0.4606264E-03
    29450.00  0.1003022E-04   0.4484487E-03   0.4584789E-03
    29550.00  0.9898011E-05   0.4464488E-03   0.4563468E-03
    29650.00  0.9766451E-05   0.4444634E-03   0.4542299E-03
    29750.00  0.9635655E-05   0.4424482E-03   0.4520838E-03
    29850.00  0.9512362E-05   0.4404916E-03   0.4500039E-03
    29950.00  0.9389815E-05   0.4385490E-03   0.4479389E-03
    30050.00  0.9267199E-05   0.4366205E-03   0.4458877E-03
    30150.00  0.9142598E-05   0.4347057E-03   0.4438483E-03
    30250.00  0.9008419E-05   0.4328046E-03   0.4418130E-03
    30350.00  0.8806134E-05   0.4309170E-03   0.4397232E-03
    30450.00  0.8726130E-05   0.4290429E-03   0.4377690E-03
    30550.00  0.8674208E-05   0.4271820E-03   0.4358562E-03
    30650.00  0.8572534E-05   0.4253343E-03   0.4339069E-03
    30750.00  0.8463584E-05   0.4234997E-03   0.4319632E-03
    30850.00  0.8358647E-05   0.4216779E-03   0.4300366E-03
    30950.00  0.8254538E-05   0.4198689E-03   0.4281235E-03
    31050.00  0.8150927E-05   0.4180726E-03   0.4262236E-03
    31150.00  0.8046827E-05   0.4162889E-03   0.4243357E-03
    31250.00  0.7944741E-05   0.4145176E-03   0.4224623E-03
    31350.00  0.7848007E-05   0.4127382E-03   0.4205862E-03
    31450.00  0.7751515E-05   0.4109911E-03   0.4187427E-03
    31550.00  0.7655265E-05   0.4092562E-03   0.4169115E-03
    31650.00  0.7560154E-05   0.4075332E-03   0.4150934E-03
    31750.00  0.7465001E-05   0.4058221E-03   0.4132871E-03
    31850.00  0.7376160E-05   0.4041228E-03   0.4114989E-03
    31950.00  0.7287654E-05   0.4024351E-03   0.4097227E-03
    32100.00  0.7155444E-05   0.3996918E-03   0.4068472E-03
    32300.00  0.6981005E-05   0.3963887E-03   0.4033697E-03
    32500.00  0.6814948E-05   0.3931302E-03   0.3999452E-03
    32700.00  0.6654104E-05   0.3899155E-03   0.3965696E-03
    32900.00  0.6436375E-05   0.3604301E-03   0.3668665E-03
    33100.00  0.6325006E-05   0.3574487E-03   0.3637737E-03
    33300.00  0.6190745E-05   0.3546094E-03   0.3608001E-03
    33500.00  0.6048471E-05   0.3518074E-03   0.3578558E-03
    33700.00  0.5913574E-05   0.3490420E-03   0.3549555E-03
    33900.00  0.5779928E-05   0.3463125E-03   0.3520925E-03
    34100.00  0.5647490E-05   0.3436184E-03   0.3492659E-03
    34300.00  0.5516504E-05   0.3409591E-03   0.3464756E-03
    34500.00  0.5386342E-05   0.3383338E-03   0.3437201E-03
    34700.00  0.5267182E-05   0.3357420E-03   0.3410092E-03
    34900.00  0.5149099E-05   0.3331832E-03   0.3383323E-03
    35100.00  0.5034584E-05   0.3306567E-03   0.3356913E-03
    35300.00  0.4923851E-05   0.3281620E-03   0.3330859E-03
    35500.00  0.4814293E-05   0.3256987E-03   0.3305129E-03
    35700.00  0.4712551E-05   0.3232660E-03   0.3279786E-03
    35900.00  0.4612167E-05   0.3208636E-03   0.3254757E-03
    36100.00  0.4512215E-05   0.3184908E-03   0.3230030E-03
    36300.00  0.4413960E-05   0.3161473E-03   0.3205613E-03
    36500.00  0.4314929E-05   0.3138325E-03   0.3181474E-03
    36700.00  0.4228135E-05   0.3115459E-03   0.3157740E-03
    36900.00  0.4136882E-05   0.3092871E-03   0.3134240E-03
    37100.00  0.4051523E-05   0.3070556E-03   0.3111071E-03
    37300.00  0.3946785E-05   0.3048510E-03   0.3087978E-03
    37500.00  0.3852252E-05   0.3026728E-03   0.3065250E-03
    37700.00  0.3803483E-05   0.3005206E-03   0.3043241E-03
    37900.00  0.3728966E-05   0.2983939E-03   0.3021229E-03
    38100.00  0.3647396E-05   0.2962924E-03   0.2999398E-03
    38300.00  0.3572725E-05   0.2942157E-03   0.2977884E-03
    38500.00  0.3503454E-05   0.2921633E-03   0.2956668E-03
    38700.00  0.3435622E-05   0.2877563E-03   0.2911920E-03
    38900.00  0.3364377E-05   0.2857716E-03   0.2891360E-03
    39100.00  0.3290394E-05   0.2838099E-03   0.2871003E-03
    39300.00  0.3232870E-05   0.2818707E-03   0.2851036E-03
    39500.00  0.3169096E-05   0.2799538E-03   0.2831229E-03
    39700.00  0.3109146E-05   0.2780587E-03   0.2811679E-03
    39900.00  0.3049283E-05   0.2761853E-03   0.2792346E-03
    40100.00  0.2981516E-05   0.2743330E-03   0.2773145E-03
    40300.00  0.2920273E-05   0.2725017E-03   0.2754219E-03
    40500.00  0.2846155E-05   0.2706909E-03   0.2735370E-03
    40700.00  0.2816861E-05   0.2689003E-03   0.2717172E-03
    40900.00  0.2767021E-05   0.2671297E-03   0.2698968E-03
    41100.00  0.2714986E-05   0.2653683E-03   0.2680833E-03
    41300.00  0.2662477E-05   0.2636368E-03   0.2662992E-03
    41500.00  0.2608209E-05   0.2619242E-03   0.2645324E-03
    41700.00  0.2549551E-05   0.2602304E-03   0.2627800E-03
    41900.00  0.2513843E-05   0.2585551E-03   0.2610690E-03
    42100.00  0.2470408E-05   0.2568981E-03   0.2593685E-03
    42300.00  0.2424682E-05   0.2552589E-03   0.2576836E-03
    42500.00  0.2378748E-05   0.2536374E-03   0.2560162E-03
    42700.00  0.2336862E-05   0.2520334E-03   0.2543702E-03
    42900.00  0.2294797E-05   0.2504465E-03   0.2527413E-03
    43100.00  0.2253660E-05   0.2488712E-03   0.2511249E-03
    43300.00  0.2212467E-05   0.2473179E-03   0.2495304E-03
    43500.00  0.2170119E-05   0.2457811E-03   0.2479512E-03
    43700.00  0.2121079E-05   0.2442604E-03   0.2463815E-03
    43900.00  0.2090983E-05   0.2426947E-03   0.2447857E-03
    44100.00  0.2059313E-05   0.2412064E-03   0.2432657E-03
    44300.00  0.2023265E-05   0.2397336E-03   0.2417568E-03
    44500.00  0.1986876E-05   0.2382760E-03   0.2402628E-03
    44700.00  0.1954258E-05   0.2347920E-03   0.2367463E-03
    44900.00  0.1920974E-05   0.2263998E-03   0.2283208E-03
    45100.00  0.1887851E-05   0.2250544E-03   0.2269422E-03
    45300.00  0.1854947E-05   0.2237227E-03   0.2255776E-03
    45500.00  0.1822370E-05   0.2224044E-03   0.2242268E-03
    45700.00  0.1792284E-05   0.2210994E-03   0.2228917E-03
    45900.00  0.1762309E-05   0.2198075E-03   0.2215699E-03
    46100.00  0.1732353E-05   0.2185286E-03   0.2202609E-03
    46300.00  0.1701070E-05   0.2172624E-03   0.2189634E-03
    46500.00  0.1655712E-05   0.2160087E-03   0.2176644E-03
    46700.00  0.1631776E-05   0.2147674E-03   0.2163992E-03
    46900.00  0.1616156E-05   0.2135384E-03   0.2151545E-03
    47100.00  0.1592771E-05   0.2123214E-03   0.2139142E-03
    47300.00  0.1566788E-05   0.2111163E-03   0.2126831E-03
    47500.00  0.1540452E-05   0.2099229E-03   0.2114634E-03
    47700.00  0.1516044E-05   0.2087412E-03   0.2102572E-03
    47900.00  0.1491840E-05   0.2075708E-03   0.2090626E-03
    48100.00  0.1467758E-05   0.2064117E-03   0.2078795E-03
    48300.00  0.1443850E-05   0.2052637E-03   0.2067076E-03
    48500.00  0.1420094E-05   0.2041268E-03   0.2055468E-03
    48700.00  0.1398414E-05   0.2030006E-03   0.2043990E-03
    48900.00  0.1376845E-05   0.2018851E-03   0.2032620E-03
    49100.00  0.1355461E-05   0.2007802E-03   0.2021356E-03
    49300.00  0.1334213E-05   0.1996856E-03   0.2010199E-03
    49500.00  0.1313082E-05   0.1986014E-03   0.1999145E-03
    49700.00  0.1292093E-05   0.1975273E-03   0.1988194E-03
    49900.00  0.1271275E-05   0.1964632E-03   0.1977345E-03
    50100.00  0.1256655E-05   0.1954090E-03   0.1966656E-03
    50300.00  0.1248267E-05   0.1943645E-03   0.1956128E-03
    50500.00  0.1239981E-05   0.1933297E-03   0.1945696E-03
    50700.00  0.1231792E-05   0.1923043E-03   0.1935361E-03
    50900.00  0.1223482E-05   0.1912884E-03   0.1925119E-03
    51100.00  0.1213417E-05   0.1902817E-03   0.1914951E-03
    51300.00  0.1197157E-05   0.1892842E-03   0.1904813E-03
    51500.00  0.1198454E-05   0.1874189E-03   0.1886174E-03
    51700.00  0.1192327E-05   0.1864452E-03   0.1876376E-03
    51900.00  0.1184893E-05   0.1854803E-03   0.1866652E-03
    52100.00  0.1177376E-05   0.1845240E-03   0.1857013E-03
    52300.00  0.1169991E-05   0.1835762E-03   0.1847462E-03
    52500.00  0.1162665E-05   0.1826369E-03   0.1837995E-03
    52700.00  0.1155441E-05   0.1817058E-03   0.1828613E-03
    52900.00  0.1148267E-05   0.1807831E-03   0.1819313E-03
    53100.00  0.1141205E-05   0.1798684E-03   0.1810096E-03
    53300.00  0.1134209E-05   0.1789618E-03   0.1800960E-03
    53500.00  0.1127300E-05   0.1780630E-03   0.1791903E-03
    53700.00  0.1120449E-05   0.1771722E-03   0.1782926E-03
    53900.00  0.1113705E-05   0.1762890E-03   0.1774027E-03
    54100.00  0.1107030E-05   0.1754135E-03   0.1765206E-03
    54300.00  0.1100391E-05   0.1745426E-03   0.1756430E-03
    54500.00  0.1093867E-05   0.1736821E-03   0.1747759E-03
    54700.00  0.1087346E-05   0.1728290E-03   0.1739163E-03
    54900.00  0.1080953E-05   0.1719831E-03   0.1730641E-03
    55100.00  0.1074618E-05   0.1711445E-03   0.1722191E-03
    55300.00  0.1068342E-05   0.1703130E-03   0.1713813E-03
    55500.00  0.1062118E-05   0.1694885E-03   0.1705506E-03
    55700.00  0.1055956E-05   0.1686710E-03   0.1697269E-03
    55900.00  0.1049863E-05   0.1678603E-03   0.1689102E-03
    56100.00  0.1043835E-05   0.1670564E-03   0.1681003E-03
    56300.00  0.1037854E-05   0.1662592E-03   0.1672971E-03
    56500.00  0.1031952E-05   0.1654674E-03   0.1664993E-03
    56700.00  0.1026092E-05   0.1646834E-03   0.1657095E-03
    56900.00  0.1020275E-05   0.1639060E-03   0.1649263E-03
    57100.00  0.1014525E-05   0.1631349E-03   0.1641494E-03
    57300.00  0.1008832E-05   0.1623702E-03   0.1633790E-03
    57500.00  0.1003184E-05   0.1615926E-03   0.1625958E-03
    57700.00  0.9975994E-06   0.1608404E-03   0.1618380E-03
    57900.00  0.9920505E-06   0.1600944E-03   0.1610864E-03
    58100.00  0.9865645E-06   0.1593543E-03   0.1603409E-03
    58300.00  0.9811130E-06   0.1586203E-03   0.1596014E-03
    58500.00  0.9758959E-06   0.1543319E-03   0.1553078E-03
    58700.00  0.9703163E-06   0.1536222E-03   0.1545925E-03
    58900.00  0.9636752E-06   0.1529269E-03   0.1538905E-03
    59100.00  0.9533265E-06   0.1522371E-03   0.1531904E-03
    59300.00  0.9537237E-06   0.1515527E-03   0.1525064E-03
    59500.00  0.9494402E-06   0.1508738E-03   0.1518232E-03
    59700.00  0.9444427E-06   0.1502002E-03   0.1511446E-03
    59900.00  0.9393656E-06   0.1495319E-03   0.1504713E-03
    60100.00  0.9343065E-06   0.1488688E-03   0.1498031E-03
    60300.00  0.9292964E-06   0.1482109E-03   0.1491402E-03
    60500.00  0.9243363E-06   0.1475582E-03   0.1484825E-03
    60700.00  0.9194059E-06   0.1469104E-03   0.1478298E-03
    60900.00  0.9145078E-06   0.1462677E-03   0.1471822E-03
    61100.00  0.9096546E-06   0.1456300E-03   0.1465396E-03
    61300.00  0.9048484E-06   0.1449971E-03   0.1459019E-03
    61500.00  0.9000765E-06   0.1443691E-03   0.1452692E-03
    61700.00  0.8953345E-06   0.1437459E-03   0.1446412E-03
    61900.00  0.8906279E-06   0.1431274E-03   0.1440180E-03
    62100.00  0.8859381E-06   0.1425136E-03   0.1433995E-03
    62300.00  0.8812885E-06   0.1419045E-03   0.1427857E-03
    62500.00  0.8766962E-06   0.1412999E-03   0.1421766E-03
    62700.00  0.8721179E-06   0.1406999E-03   0.1415720E-03
    62900.00  0.8675797E-06   0.1401044E-03   0.1409720E-03
    63100.00  0.8630767E-06   0.1395133E-03   0.1403764E-03
    63300.00  0.8585997E-06   0.1389267E-03   0.1397853E-03
    63500.00  0.8541538E-06   0.1383444E-03   0.1391986E-03
    63700.00  0.8497281E-06   0.1377664E-03   0.1386162E-03
    63900.00  0.8453383E-06   0.1371927E-03   0.1380381E-03
    64200.00  0.8388167E-06   0.1363401E-03   0.1371789E-03
    64600.00  0.8302108E-06   0.1352177E-03   0.1360479E-03
    65000.00  0.8217042E-06   0.1341117E-03   0.1349334E-03
    65400.00  0.8133259E-06   0.1330216E-03   0.1338350E-03
    65800.00  0.8050460E-06   0.1319472E-03   0.1327523E-03
    66200.00  0.7968437E-06   0.1305232E-03   0.1313200E-03
    66600.00  0.7887693E-06   0.1294831E-03   0.1302718E-03
    67000.00  0.7807669E-06   0.1284576E-03   0.1292384E-03
    67400.00  0.7728588E-06   0.1274466E-03   0.1282194E-03
    67800.00  0.7650294E-06   0.1264496E-03   0.1272146E-03
    68200.00  0.7572875E-06   0.1254665E-03   0.1262238E-03
    68600.00  0.7496339E-06   0.1244969E-03   0.1252465E-03
    69000.00  0.7420595E-06   0.1235406E-03   0.1242827E-03
    69400.00  0.7345637E-06   0.1225964E-03   0.1233310E-03
    69800.00  0.7271431E-06   0.1216659E-03   0.1223931E-03
    70200.00  0.7197879E-06   0.1207480E-03   0.1214678E-03
    70600.00  0.7125154E-06   0.1198424E-03   0.1205549E-03
    71000.00  0.7053055E-06   0.1189489E-03   0.1196542E-03
    71400.00  0.6981625E-06   0.1180672E-03   0.1187654E-03
    71800.00  0.6910837E-06   0.1171966E-03   0.1178877E-03
    72200.00  0.6840679E-06   0.1163379E-03   0.1170220E-03
    72600.00  0.6771068E-06   0.1154905E-03   0.1161676E-03
    73000.00  0.6702031E-06   0.1146472E-03   0.1153174E-03
    73400.00  0.6633683E-06   0.1138218E-03   0.1144852E-03
    73800.00  0.6565845E-06   0.1130070E-03   0.1136636E-03
    74200.00  0.6497078E-06   0.1106378E-03   0.1112875E-03
    74600.00  0.6414174E-06   0.1098589E-03   0.1105003E-03
    75000.00  0.6348020E-06   0.1090898E-03   0.1097246E-03
    75400.00  0.6298196E-06   0.1083303E-03   0.1089601E-03
    75800.00  0.6234588E-06   0.1075803E-03   0.1082038E-03
    76200.00  0.6169767E-06   0.1068397E-03   0.1074566E-03
    76600.00  0.6105471E-06   0.1061081E-03   0.1067187E-03
    77000.00  0.6041571E-06   0.1053856E-03   0.1059898E-03
    77400.00  0.5978106E-06   0.1046719E-03   0.1052697E-03
    77800.00  0.5915083E-06   0.1039669E-03   0.1045584E-03
    78200.00  0.5852421E-06   0.1032705E-03   0.1038557E-03
    78600.00  0.5790211E-06   0.1025824E-03   0.1031614E-03
    79000.00  0.5728380E-06   0.1019025E-03   0.1024754E-03
    79400.00  0.5666896E-06   0.1012308E-03   0.1017975E-03
    79800.00  0.5605817E-06   0.1005671E-03   0.1011277E-03
    80200.00  0.5545064E-06   0.9991117E-04   0.1004657E-03
    80600.00  0.5484708E-06   0.9926297E-04   0.9981144E-04
    81000.00  0.5424662E-06   0.9862236E-04   0.9916482E-04
    81400.00  0.5364962E-06   0.9798920E-04   0.9852569E-04
    81800.00  0.5305552E-06   0.9736337E-04   0.9789393E-04
    82200.00  0.5246512E-06   0.9674476E-04   0.9726942E-04
    82600.00  0.5187732E-06   0.9596521E-04   0.9648398E-04
    83000.00  0.5129239E-06   0.9536215E-04   0.9587507E-04
    83400.00  0.5071039E-06   0.9476594E-04   0.9527304E-04
    83800.00  0.5013163E-06   0.9417647E-04   0.9467778E-04
    84200.00  0.4955550E-06   0.9359363E-04   0.9408919E-04
    84600.00  0.4898229E-06   0.9301733E-04   0.9350715E-04
    85000.00  0.4841158E-06   0.9244744E-04   0.9293156E-04
    85400.00  0.4784342E-06   0.9188389E-04   0.9236232E-04
    85800.00  0.4727788E-06   0.9132655E-04   0.9179933E-04
    86200.00  0.4671439E-06   0.9077510E-04   0.9124224E-04
    86600.00  0.4615382E-06   0.9022994E-04   0.9069148E-04
    87000.00  0.4559560E-06   0.8969072E-04   0.9014667E-04
    87400.00  0.4503914E-06   0.8915734E-04   0.8960773E-04
    87800.00  0.4448524E-06   0.8862973E-04   0.8907458E-04
    88200.00  0.4393357E-06   0.8810778E-04   0.8854712E-04
    88600.00  0.4338400E-06   0.8759142E-04   0.8802526E-04
    89000.00  0.4283632E-06   0.8708035E-04   0.8750871E-04
    89400.00  0.4229076E-06   0.8657486E-04   0.8699776E-04
    89800.00  0.4174719E-06   0.8607470E-04   0.8649217E-04
    90200.00  0.4120570E-06   0.8557711E-04   0.8598917E-04
    90600.00  0.4066589E-06   0.8508740E-04   0.8549406E-04
    91000.00  0.4012791E-06   0.8460280E-04   0.8500408E-04
    91400.00  0.3959178E-06   0.8337122E-04   0.8376713E-04
    91800.00  0.3905750E-06   0.8290138E-04   0.8329196E-04
    92200.00  0.3852495E-06   0.8243771E-04   0.8282296E-04
    92600.00  0.3799411E-06   0.8197878E-04   0.8235872E-04
    93000.00  0.3746470E-06   0.8152451E-04   0.8189916E-04
    93400.00  0.3693696E-06   0.8107484E-04   0.8144421E-04
    93800.00  0.3641076E-06   0.8062971E-04   0.8099381E-04
    94200.00  0.3588628E-06   0.8018904E-04   0.8054790E-04
    94600.00  0.3536319E-06   0.7975278E-04   0.8010641E-04
    95000.00  0.3484167E-06   0.7932086E-04   0.7966928E-04
    95400.00  0.3432148E-06   0.7889323E-04   0.7923644E-04
    95800.00  0.3380267E-06   0.7846981E-04   0.7880784E-04
    96200.00  0.3328536E-06   0.7805056E-04   0.7838342E-04
    96600.00  0.3276926E-06   0.7763541E-04   0.7796311E-04
    97000.00  0.3225451E-06   0.7722431E-04   0.7754686E-04
    97400.00  0.3174106E-06   0.7681720E-04   0.7713461E-04
    97800.00  0.3122882E-06   0.7641403E-04   0.7672632E-04
    98200.00  0.3071787E-06   0.7601474E-04   0.7632191E-04
    98600.00  0.3020797E-06   0.7561927E-04   0.7592135E-04
    99000.00  0.2969940E-06   0.7522758E-04   0.7552458E-04
    99400.00  0.2919192E-06   0.7483962E-04   0.7513154E-04
    99800.00  0.2868567E-06   0.7445534E-04   0.7474219E-04
   100200.00  0.2818050E-06   0.1872200E-04   0.1900381E-04
   200000.00  0.1340152E-07   0.4699241E-05   0.4712643E-05
   400000.00  0.1091578E-08   0.1174810E-05   0.1175902E-05
   600000.00  0.9986959E-10   0.5221379E-06   0.5222378E-06
   800000.00  0.5034373E-10   0.2937026E-06   0.2937529E-06
  1000000.00  0.1760800E-10   0.1879697E-06   0.1879873E-06
  1200000.00  0.1546848E-10   0.1305345E-06   0.1305500E-06
  1400000.00  0.1405478E-10   0.9590289E-07   0.9591694E-07
  1600000.00  0.1297301E-10   0.7342565E-07   0.7343862E-07
