       91.00  0.2476339E-07   0.0000000E+00   0.2476339E-07
       94.00  0.1162955E-06   0.0000000E+00   0.1162955E-06
       96.00  0.1313420E-06   0.0000000E+00   0.1313420E-06
       98.00  0.2215109E-06   0.0000000E+00   0.2215109E-06
      100.00  0.3165613E-06   0.0000000E+00   0.3165613E-06
      102.00  0.2479135E-06   0.0000000E+00   0.2479135E-06
      104.00  0.2979092E-06   0.0000000E+00   0.2979092E-06
      106.00  0.2919271E-06   0.0000000E+00   0.2919271E-06
      108.00  0.3121444E-06   0.0000000E+00   0.3121444E-06
      110.00  0.3340649E-06   0.0000000E+00   0.3340649E-06
      114.00  0.2898922E-06   0.0000000E+00   0.2898922E-06
      118.00  0.2556453E-06   0.0000000E+00   0.2556453E-06
      121.00  0.3285391E-06   0.0000000E+00   0.3285391E-06
      125.00  0.3431114E-06   0.0000000E+00   0.3431114E-06
      127.00  0.3319832E-06   0.0000000E+00   0.3319832E-06
      128.00  0.3238045E-06   0.0000000E+00   0.3238045E-06
      131.00  0.3006575E-06   0.0000000E+00   0.3006575E-06
      132.00  0.3087155E-06   0.0000000E+00   0.3087155E-06
      134.00  0.3073623E-06   0.0000000E+00   0.3073623E-06
      137.00  0.2991512E-06   0.0000000E+00   0.2991512E-06
      140.00  0.2972628E-06   0.0000000E+00   0.2972628E-06
      143.00  0.3057892E-06   0.0000000E+00   0.3057892E-06
      147.00  0.2926705E-06   0.0000000E+00   0.2926705E-06
      151.00  0.2815153E-06   0.0000000E+00   0.2815153E-06
      155.00  0.2736238E-06   0.0000000E+00   0.2736238E-06
      159.00  0.2804587E-06   0.0000000E+00   0.2804587E-06
      162.00  0.2756732E-06   0.0000000E+00   0.2756732E-06
      166.00  0.2680909E-06   0.0000000E+00   0.2680909E-06
      170.00  0.2508571E-06   0.0000000E+00   0.2508571E-06
      173.00  0.2480938E-06   0.0000000E+00   0.2480938E-06
      177.00  0.2433746E-06   0.0000000E+00   0.2433746E-06
      180.00  0.2506284E-06   0.0000000E+00   0.2506284E-06
      182.00  0.2478390E-06   0.0000000E+00   0.2478390E-06
      186.00  0.2440073E-06   0.0000000E+00   0.2440073E-06
      191.00  0.2437913E-06   0.0000000E+00   0.2437913E-06
      194.00  0.2461486E-06   0.0000000E+00   0.2461486E-06
      198.00  0.2422122E-06   0.0000000E+00   0.2422122E-06
      202.00  0.2427889E-06   0.0000000E+00   0.2427889E-06
      205.00  0.2389605E-06   0.0000000E+00   0.2389605E-06
      210.00  0.2339330E-06   0.0000000E+00   0.2339330E-06
      216.00  0.2329678E-06   0.0000000E+00   0.2329678E-06
      220.00  0.2285355E-06   0.0000000E+00   0.2285355E-06
      223.00  0.2275740E-06   0.0000000E+00   0.2275740E-06
      227.00  0.2286678E-06   0.0000000E+00   0.2286678E-06
      228.00  0.2293655E-06   0.0000000E+00   0.2293655E-06
      228.00  0.1133391E-06   0.0000000E+00   0.1133391E-06
      230.00  0.2533302E-06   0.0000000E+00   0.2533302E-06
      234.00  0.5333123E-06   0.0000000E+00   0.5333123E-06
      240.00  0.9714515E-06   0.0000000E+00   0.9714515E-06
      246.00  0.1262229E-05   0.0000000E+00   0.1262229E-05
      252.00  0.1587446E-05   0.0000000E+00   0.1587446E-05
      257.00  0.9624719E-06   0.0000000E+00   0.9624719E-06
      260.00  0.1524349E-05   0.0000000E+00   0.1524349E-05
      264.00  0.1552851E-05   0.0000000E+00   0.1552851E-05
      269.00  0.1542397E-05   0.0000000E+00   0.1542397E-05
      274.00  0.1509716E-05   0.0000000E+00   0.1509716E-05
      279.00  0.1395932E-05   0.0000000E+00   0.1395932E-05
      284.00  0.1362023E-05   0.0000000E+00   0.1362023E-05
      290.00  0.1244854E-05   0.0000000E+00   0.1244854E-05
      296.00  0.1169236E-05   0.0000000E+00   0.1169236E-05
      301.00  0.7903146E-06   0.0000000E+00   0.7903146E-06
      308.00  0.9153920E-06   0.0000000E+00   0.9153920E-06
      318.00  0.1026048E-05   0.0000000E+00   0.1026048E-05
      328.00  0.9536161E-06   0.0000000E+00   0.9536161E-06
      338.00  0.8691600E-06   0.0000000E+00   0.8691600E-06
      348.00  0.8060328E-06   0.0000000E+00   0.8060328E-06
      353.30  0.7812233E-06   0.0000000E+00   0.7812233E-06
      353.30  0.7673919E-06   0.0000000E+00   0.7673919E-06
      357.00  0.7490275E-06   0.0000000E+00   0.7490275E-06
      366.00  0.7043574E-06   0.0000000E+00   0.7043574E-06
      375.00  0.6649779E-06   0.0000000E+00   0.6649779E-06
      385.00  0.6103008E-06   0.0000000E+00   0.6103008E-06
      395.00  0.5754419E-06   0.0000000E+00   0.5754419E-06
      405.00  0.5440776E-06   0.0000000E+00   0.5440776E-06
      414.00  0.5118512E-06   0.0000000E+00   0.5118512E-06
      422.00  0.4821772E-06   0.0000000E+00   0.4821772E-06
      430.00  0.4551538E-06   0.0000000E+00   0.4551538E-06
      441.00  0.4314077E-06   0.0000000E+00   0.4314077E-06
      451.00  0.4073278E-06   0.0000000E+00   0.4073278E-06
      460.00  0.3843273E-06   0.0000000E+00   0.3843273E-06
      470.00  0.3641097E-06   0.0000000E+00   0.3641097E-06
      480.00  0.3439498E-06   0.0000000E+00   0.3439498E-06
      490.00  0.3248505E-06   0.0000000E+00   0.3248505E-06
      500.00  0.3094200E-06   0.0000000E+00   0.3094200E-06
      504.60  0.3042751E-06   0.0000000E+00   0.3042751E-06
      504.60  0.3124867E-06   0.0000000E+00   0.3124867E-06
      506.00  0.3103862E-06   0.0000000E+00   0.3103862E-06
      512.00  0.3040847E-06   0.0000000E+00   0.3040847E-06
      520.00  0.2916148E-06   0.0000000E+00   0.2916148E-06
      530.00  0.2770923E-06   0.0000000E+00   0.2770923E-06
      540.00  0.2622744E-06   0.0000000E+00   0.2622744E-06
      550.00  0.2484782E-06   0.0000000E+00   0.2484782E-06
      560.00  0.2381488E-06   0.0000000E+00   0.2381488E-06
      570.00  0.2272663E-06   0.0000000E+00   0.2272663E-06
      580.00  0.2152122E-06   0.0000000E+00   0.2152122E-06
      590.00  0.2067273E-06   0.0000000E+00   0.2067273E-06
      600.00  0.1974389E-06   0.0000000E+00   0.1974389E-06
      610.00  0.1867843E-06   0.0000000E+00   0.1867843E-06
      620.00  0.1807082E-06   0.0000000E+00   0.1807082E-06
      630.00  0.1725731E-06   0.0000000E+00   0.1725731E-06
      640.00  0.1657661E-06   0.0000000E+00   0.1657661E-06
      650.00  0.1592189E-06   0.0000000E+00   0.1592189E-06
      658.00  0.1537464E-06   0.0000000E+00   0.1537464E-06
      665.00  0.1487246E-06   0.0000000E+00   0.1487246E-06
      675.00  0.1432395E-06   0.0000000E+00   0.1432395E-06
      685.00  0.1374419E-06   0.0000000E+00   0.1374419E-06
      695.00  0.1321329E-06   0.0000000E+00   0.1321329E-06
      705.00  0.1269012E-06   0.0000000E+00   0.1269012E-06
      716.00  0.1217820E-06   0.0000000E+00   0.1217820E-06
      726.00  0.1173649E-06   0.0000000E+00   0.1173649E-06
      735.00  0.1132446E-06   0.0000000E+00   0.1132446E-06
      745.00  0.1091061E-06   0.0000000E+00   0.1091061E-06
      755.00  0.1052906E-06   0.0000000E+00   0.1052906E-06
      765.00  0.1007459E-06   0.0000000E+00   0.1007459E-06
      775.00  0.9783374E-07   0.0000000E+00   0.9783374E-07
      785.00  0.9352592E-07   0.0000000E+00   0.9352592E-07
      795.00  0.9115331E-07   0.0000000E+00   0.9115331E-07
      805.00  0.8822266E-07   0.0000000E+00   0.8822266E-07
      815.00  0.8526107E-07   0.0000000E+00   0.8526107E-07
      825.00  0.8234467E-07   0.0000000E+00   0.8234467E-07
      835.00  0.7940875E-07   0.0000000E+00   0.7940875E-07
      845.00  0.7712419E-07   0.0000000E+00   0.7712419E-07
      855.00  0.7462530E-07   0.0000000E+00   0.7462530E-07
      865.00  0.7219454E-07   0.0000000E+00   0.7219454E-07
      875.00  0.6999449E-07   0.0000000E+00   0.6999449E-07
      885.00  0.6781418E-07   0.0000000E+00   0.6781418E-07
      895.00  0.6570613E-07   0.0000000E+00   0.6570613E-07
      905.00  0.6369935E-07   0.0000000E+00   0.6369935E-07
      912.40  0.6227953E-07   0.4718438E-09   0.6275137E-07
      912.40  0.6217875E-07   0.4718478E-09   0.6265060E-07
      915.00  0.6172379E-07   0.6207432E-09   0.6234453E-07
      925.00  0.5997393E-07   0.6748342E-09   0.6064876E-07
      935.00  0.5851793E-07   0.7321548E-09   0.5925008E-07
      945.00  0.6353835E-07   0.7927903E-09   0.6433114E-07
      955.00  0.6736275E-07   0.8568239E-09   0.6821957E-07
      965.00  0.7582791E-07   0.9243344E-09   0.7675224E-07
      975.00  0.6107938E-07   0.9953975E-09   0.6207478E-07
      985.00  0.8017531E-07   0.1070085E-08   0.8124540E-07
      995.00  0.6843310E-07   0.1148465E-08   0.6958157E-07
     1005.00  0.8234264E-07   0.1230602E-08   0.8357324E-07
     1015.00  0.7681043E-07   0.1316556E-08   0.7812699E-07
     1025.00  0.5188348E-07   0.1406383E-08   0.5328986E-07
     1035.00  0.7127763E-07   0.1500134E-08   0.7277776E-07
     1045.00  0.7491266E-07   0.1597951E-08   0.7651061E-07
     1055.00  0.7340016E-07   0.1699803E-08   0.7509996E-07
     1065.00  0.7126502E-07   0.1805717E-08   0.7307074E-07
     1075.00  0.6712624E-07   0.1915727E-08   0.6904197E-07
     1085.00  0.4966023E-07   0.2029864E-08   0.5169009E-07
     1095.00  0.6332677E-07   0.2148153E-08   0.6547492E-07
     1105.00  0.6438803E-07   0.2270619E-08   0.6665865E-07
     1115.00  0.6300546E-07   0.2397274E-08   0.6540273E-07
     1125.00  0.6082246E-07   0.2528128E-08   0.6335059E-07
     1135.00  0.5871753E-07   0.2663196E-08   0.6138073E-07
     1145.00  0.5688298E-07   0.2802483E-08   0.5968546E-07
     1155.00  0.5507169E-07   0.2945992E-08   0.5801768E-07
     1165.00  0.5318336E-07   0.3093720E-08   0.5627708E-07
     1175.00  0.5195134E-07   0.3245661E-08   0.5519700E-07
     1185.00  0.5019030E-07   0.3401804E-08   0.5359210E-07
     1195.00  0.4799592E-07   0.3562136E-08   0.5155806E-07
     1205.00  0.4344758E-07   0.3726640E-08   0.4717422E-07
     1215.00  0.2979609E-07   0.3895294E-08   0.3369138E-07
     1225.00  0.4037812E-07   0.8629740E-08   0.4900786E-07
     1235.00  0.4312475E-07   0.1294514E-07   0.5606989E-07
     1245.00  0.4296422E-07   0.1664288E-07   0.5960710E-07
     1255.00  0.4287907E-07   0.1983054E-07   0.6270961E-07
     1265.00  0.4252177E-07   0.2258788E-07   0.6510965E-07
     1275.00  0.4233880E-07   0.2497793E-07   0.6731673E-07
     1285.00  0.4279684E-07   0.2705215E-07   0.6984899E-07
     1295.00  0.4418559E-07   0.2885336E-07   0.7303895E-07
     1305.00  0.4609702E-07   0.3041764E-07   0.7651466E-07
     1315.00  0.5733785E-07   0.3177570E-07   0.8911355E-07
     1325.00  0.7530449E-07   0.3295386E-07   0.1082584E-06
     1335.00  0.9763829E-07   0.3397479E-07   0.1316131E-06
     1345.00  0.1485272E-06   0.3485812E-07   0.1833853E-06
     1355.00  0.1899702E-06   0.3562090E-07   0.2255911E-06
     1365.00  0.2325602E-06   0.3627799E-07   0.2688382E-06
     1375.00  0.3128114E-06   0.3684238E-07   0.3496538E-06
     1385.00  0.4000558E-06   0.3732546E-07   0.4373813E-06
     1395.00  0.5049603E-06   0.3773722E-07   0.5426975E-06
     1405.00  0.6009244E-06   0.3808645E-07   0.6390108E-06
     1415.00  0.6548666E-06   0.3838088E-07   0.6932475E-06
     1425.00  0.7842863E-06   0.3862736E-07   0.8229137E-06
     1435.00  0.8275990E-06   0.3883192E-07   0.8664309E-06
     1442.00  0.9804152E-06   0.3895305E-07   0.1019368E-05
     1447.00  0.1104110E-05   0.3902952E-07   0.1143140E-05
     1455.00  0.1216135E-05   0.3913600E-07   0.1255271E-05
     1465.00  0.1239144E-05   0.3924444E-07   0.1278388E-05
     1475.00  0.1338776E-05   0.3932893E-07   0.1378105E-05
     1485.00  0.1519636E-05   0.3939275E-07   0.1559029E-05
     1495.00  0.1711048E-05   0.3943883E-07   0.1750487E-05
     1505.00  0.1888764E-05   0.3946976E-07   0.1928234E-05
     1512.00  0.1893202E-05   0.3948366E-07   0.1932686E-05
     1517.00  0.2030514E-05   0.3949013E-07   0.2070004E-05
     1525.00  0.2060148E-05   0.3949519E-07   0.2099643E-05
     1535.00  0.2081287E-05   0.3949354E-07   0.2120781E-05
     1545.00  0.2368639E-05   0.3948454E-07   0.2408124E-05
     1555.00  0.2377958E-05   0.3946892E-07   0.2417427E-05
     1565.00  0.2327638E-05   0.3944855E-07   0.2367087E-05
     1575.00  0.2666683E-05   0.3942459E-07   0.2706108E-05
     1585.00  0.3030488E-05   0.3939807E-07   0.3069886E-05
     1595.00  0.3420576E-05   0.3936986E-07   0.3459946E-05
     1605.00  0.3283736E-05   0.3934074E-07   0.3323077E-05
     1615.00  0.3453477E-05   0.3931141E-07   0.3492788E-05
     1625.00  0.3386126E-05   0.3928247E-07   0.3425408E-05
     1635.00  0.3614300E-05   0.3925417E-07   0.3653554E-05
     1645.00  0.4068723E-05   0.3922708E-07   0.4107950E-05
     1655.00  0.3351420E-05   0.3920178E-07   0.3390622E-05
     1665.00  0.4527149E-05   0.3917862E-07   0.4566328E-05
     1672.00  0.3420514E-05   0.3916385E-07   0.3459678E-05
     1677.00  0.4582108E-05   0.3915408E-07   0.4621262E-05
     1685.00  0.5116559E-05   0.3913990E-07   0.5155699E-05
     1695.00  0.4981012E-05   0.3912484E-07   0.5020137E-05
     1705.00  0.5080158E-05   0.3911290E-07   0.5119271E-05
     1715.00  0.5551307E-05   0.3910427E-07   0.5590411E-05
     1725.00  0.5669451E-05   0.3909906E-07   0.5708550E-05
     1735.00  0.6148077E-05   0.3909738E-07   0.6187174E-05
     1745.00  0.6106428E-05   0.3909934E-07   0.6145527E-05
     1755.00  0.6703812E-05   0.3910498E-07   0.6742917E-05
     1765.00  0.6062437E-05   0.3911436E-07   0.6101551E-05
     1775.00  0.6685178E-05   0.3912752E-07   0.6724306E-05
     1785.00  0.6825496E-05   0.3914447E-07   0.6864640E-05
     1795.00  0.7567204E-05   0.3916513E-07   0.7606369E-05
     1805.00  0.9768740E-05   0.3918953E-07   0.9807930E-05
     1815.00  0.1001688E-04   0.3921770E-07   0.1005610E-04
     1825.00  0.9523361E-05   0.3924960E-07   0.9562611E-05
     1835.00  0.9809404E-05   0.3928522E-07   0.9848689E-05
     1845.00  0.8943509E-05   0.3932450E-07   0.8982833E-05
     1855.00  0.9586938E-05   0.3936740E-07   0.9626305E-05
     1865.00  0.1008194E-04   0.3941387E-07   0.1012135E-04
     1875.00  0.1031711E-04   0.3946384E-07   0.1035657E-04
     1885.00  0.1054953E-04   0.3951726E-07   0.1058905E-04
     1895.00  0.1086469E-04   0.3957407E-07   0.1090426E-04
     1905.00  0.1047912E-04   0.3963419E-07   0.1051875E-04
     1915.00  0.1114043E-04   0.3969756E-07   0.1118013E-04
     1925.00  0.1138405E-04   0.3976409E-07   0.1142381E-04
     1935.00  0.1048134E-04   0.3983373E-07   0.1052117E-04
     1945.00  0.1209853E-04   0.3990613E-07   0.1213844E-04
     1955.00  0.1227621E-04   0.3998113E-07   0.1231619E-04
     1967.00  0.1297994E-04   0.4007481E-07   0.1302001E-04
     1976.00  0.1275550E-04   0.4014762E-07   0.1279565E-04
     1984.00  0.1276575E-04   0.4021412E-07   0.1280596E-04
     1995.00  0.1268385E-04   0.4030823E-07   0.1272416E-04
     2005.00  0.1233614E-04   0.4039637E-07   0.1237654E-04
     2015.00  0.1248562E-04   0.4048690E-07   0.1252611E-04
     2025.00  0.1186158E-04   0.4057973E-07   0.1190216E-04
     2035.00  0.1314658E-04   0.4067627E-07   0.1318726E-04
     2045.00  0.1391674E-04   0.4077560E-07   0.1395752E-04
     2055.00  0.1369572E-04   0.2354608E-07   0.1371927E-04
     2065.00  0.1348011E-04   0.2345657E-07   0.1350357E-04
     2074.00  0.1491046E-04   0.2337827E-07   0.1493384E-04
     2078.00  0.1533364E-04   0.2334414E-07   0.1535698E-04
     2085.00  0.1528216E-04   0.2328540E-07   0.1530545E-04
     2095.00  0.1487277E-04   0.2320362E-07   0.1489597E-04
     2105.00  0.1457413E-04   0.2312431E-07   0.1459725E-04
     2115.00  0.1511594E-04   0.2304741E-07   0.1513899E-04
     2125.00  0.1507754E-04   0.2297288E-07   0.1510051E-04
     2135.00  0.1357664E-04   0.2290064E-07   0.1359954E-04
     2145.00  0.1526693E-04   0.2283066E-07   0.1528976E-04
     2155.00  0.1533690E-04   0.2276288E-07   0.1535966E-04
     2165.00  0.1468412E-04   0.2269726E-07   0.1470682E-04
     2175.00  0.1477713E-04   0.2263374E-07   0.1479976E-04
     2185.00  0.1554649E-04   0.2257229E-07   0.1556906E-04
     2195.00  0.1703427E-04   0.2251285E-07   0.1705678E-04
     2205.00  0.1639161E-04   0.2245536E-07   0.1641407E-04
     2215.00  0.1523140E-04   0.2239978E-07   0.1525380E-04
     2225.00  0.1564166E-04   0.2234605E-07   0.1566401E-04
     2235.00  0.1783804E-04   0.2229414E-07   0.1786033E-04
     2245.00  0.1659430E-04   0.2224400E-07   0.1661654E-04
     2255.00  0.1568982E-04   0.2219558E-07   0.1571202E-04
     2265.00  0.1539413E-04   0.2214884E-07   0.1541628E-04
     2275.00  0.1687398E-04   0.2210374E-07   0.1689608E-04
     2285.00  0.1769422E-04   0.2205988E-07   0.1771628E-04
     2295.00  0.1662082E-04   0.2201721E-07   0.1664284E-04
     2305.00  0.1771401E-04   0.2197603E-07   0.1773599E-04
     2315.00  0.1769639E-04   0.2193628E-07   0.1771833E-04
     2325.00  0.1498726E-04   0.2189795E-07   0.1500916E-04
     2335.00  0.1594847E-04   0.2186097E-07   0.1597033E-04
     2345.00  0.1366160E-04   0.2182532E-07   0.1368343E-04
     2355.00  0.1775773E-04   0.2179097E-07   0.1777952E-04
     2365.00  0.1450872E-04   0.2175786E-07   0.1453048E-04
     2375.00  0.1674641E-04   0.2172598E-07   0.1676814E-04
     2385.00  0.1276949E-04   0.2169528E-07   0.1279119E-04
     2395.00  0.1494194E-04   0.2166573E-07   0.1496361E-04
     2405.00  0.1464969E-04   0.2163730E-07   0.1467133E-04
     2415.00  0.1548604E-04   0.2160996E-07   0.1550765E-04
     2425.00  0.1901343E-04   0.2158368E-07   0.1903501E-04
     2435.00  0.1871144E-04   0.2155841E-07   0.1873300E-04
     2445.00  0.2009482E-04   0.2153414E-07   0.2011635E-04
     2455.00  0.1990279E-04   0.2151083E-07   0.1992430E-04
     2465.00  0.2015652E-04   0.2148845E-07   0.2017801E-04
     2475.00  0.1879170E-04   0.2146697E-07   0.1881317E-04
     2485.00  0.1823919E-04   0.2144637E-07   0.1826064E-04
     2495.00  0.1822239E-04   0.2142662E-07   0.1824382E-04
     2505.00  0.2178444E-04   0.2140769E-07   0.2180585E-04
     2513.00  0.1829566E-04   0.2139311E-07   0.1831705E-04
     2518.00  0.1689497E-04   0.2138426E-07   0.1691635E-04
     2525.00  0.1625091E-04   0.2137218E-07   0.1627228E-04
     2535.00  0.1727816E-04   0.2135557E-07   0.1729952E-04
     2545.00  0.1800582E-04   0.2133971E-07   0.1802716E-04
     2555.00  0.2015930E-04   0.2132455E-07   0.2018062E-04
     2565.00  0.1960756E-04   0.2131007E-07   0.1962887E-04
     2575.00  0.2157645E-04   0.2129625E-07   0.2159775E-04
     2585.00  0.2117589E-04   0.2128306E-07   0.2119717E-04
     2595.00  0.2057579E-04   0.2127048E-07   0.2059706E-04
     2605.00  0.1932871E-04   0.2081426E-07   0.1934952E-04
     2615.00  0.1837549E-04   0.2080367E-07   0.1839629E-04
     2625.00  0.2141110E-04   0.2079366E-07   0.2143189E-04
     2635.00  0.2354348E-04   0.2078421E-07   0.2356426E-04
     2645.00  0.2808959E-04   0.2077528E-07   0.2811037E-04
     2655.00  0.2934277E-04   0.2076688E-07   0.2936354E-04
     2665.00  0.2651548E-04   0.2075898E-07   0.2653624E-04
     2675.00  0.2824214E-04   0.2075155E-07   0.2826289E-04
     2685.00  0.2913969E-04   0.2074458E-07   0.2916043E-04
     2695.00  0.2645612E-04   0.2073806E-07   0.2647686E-04
     2705.00  0.2776100E-04   0.2073197E-07   0.2778173E-04
     2715.00  0.2526582E-04   0.2072629E-07   0.2528655E-04
     2725.00  0.2573061E-04   0.2072100E-07   0.2575133E-04
     2735.00  0.2757432E-04   0.2071609E-07   0.2759504E-04
     2745.00  0.2156546E-04   0.2071154E-07   0.2158617E-04
     2755.00  0.2407232E-04   0.2070734E-07   0.2409303E-04
     2765.00  0.2677634E-04   0.2070348E-07   0.2679704E-04
     2775.00  0.2887943E-04   0.2069994E-07   0.2890013E-04
     2785.00  0.2647245E-04   0.2069670E-07   0.2649315E-04
     2795.00  0.1445219E-04   0.2069375E-07   0.1447288E-04
     2805.00  0.1725696E-04   0.2069109E-07   0.1727765E-04
     2815.00  0.3036609E-04   0.2068869E-07   0.3038678E-04
     2825.00  0.3209892E-04   0.2068654E-07   0.3211961E-04
     2835.00  0.3164880E-04   0.2068464E-07   0.3166948E-04
     2845.00  0.3061056E-04   0.2068296E-07   0.3063124E-04
     2855.00  0.2679366E-04   0.2068130E-07   0.2681434E-04
     2865.00  0.3199578E-04   0.2067963E-07   0.3201646E-04
     2875.00  0.3229747E-04   0.2067814E-07   0.3231815E-04
     2885.00  0.3285452E-04   0.2067681E-07   0.3287520E-04
     2895.00  0.3261065E-04   0.2067564E-07   0.3263133E-04
     2910.00  0.3625483E-04   0.2067416E-07   0.3627550E-04
     2930.00  0.3559308E-04   0.2067265E-07   0.3561375E-04
     2950.00  0.3542376E-04   0.2067159E-07   0.3544443E-04
     2970.00  0.3645750E-04   0.2067093E-07   0.3647817E-04
     2990.00  0.3721271E-04   0.2067059E-07   0.3723338E-04
     3010.00  0.3814845E-04   0.2067051E-07   0.3816912E-04
     3030.00  0.3871171E-04   0.2067064E-07   0.3873238E-04
     3050.00  0.3973134E-04   0.2067095E-07   0.3975201E-04
     3070.00  0.3963521E-04   0.2067140E-07   0.3965588E-04
     3090.00  0.4042125E-04   0.2067192E-07   0.4044192E-04
     3110.00  0.4045176E-04   0.2067246E-07   0.4047243E-04
     3130.00  0.4061036E-04   0.2057258E-07   0.4063093E-04
     3150.00  0.4125096E-04   0.2057325E-07   0.4127153E-04
     3170.00  0.4240729E-04   0.2057384E-07   0.4242786E-04
     3190.00  0.4056915E-04   0.2057430E-07   0.4058972E-04
     3210.00  0.4258903E-04   0.2057461E-07   0.4260960E-04
     3230.00  0.4104846E-04   0.2057473E-07   0.4106903E-04
     3250.00  0.4403721E-04   0.2057463E-07   0.4405778E-04
     3270.00  0.4633844E-04   0.2057393E-07   0.4635901E-04
     3290.00  0.4691142E-04   0.2057272E-07   0.4693199E-04
     3310.00  0.4778939E-04   0.2057116E-07   0.4780996E-04
     3330.00  0.4734071E-04   0.2056923E-07   0.4736128E-04
     3350.00  0.4721563E-04   0.2056693E-07   0.4723620E-04
     3370.00  0.4551310E-04   0.2056422E-07   0.4553366E-04
     3390.00  0.4728036E-04   0.2056110E-07   0.4730092E-04
     3410.00  0.4798241E-04   0.2055754E-07   0.4800297E-04
     3430.00  0.4988860E-04   0.1956136E-07   0.4990816E-04
     3450.00  0.4995375E-04   0.1955419E-07   0.4997330E-04
     3470.00  0.5008818E-04   0.1954666E-07   0.5010773E-04
     3490.00  0.5071085E-04   0.1953874E-07   0.5073039E-04
     3510.00  0.5210270E-04   0.1953038E-07   0.5212223E-04
     3530.00  0.5155104E-04   0.1952128E-07   0.5157056E-04
     3550.00  0.5431754E-04   0.1951171E-07   0.5433705E-04
     3570.00  0.5173115E-04   0.1950168E-07   0.5175065E-04
     3590.00  0.5146030E-04   0.1949117E-07   0.5147979E-04
     3610.00  0.5299766E-04   0.1948018E-07   0.5301714E-04
     3630.00  0.5398271E-04   0.1946871E-07   0.5400218E-04
     3640.00  0.5395485E-04   0.1946279E-07   0.5397431E-04
     3650.00  0.5562291E-04   0.6008969E-08   0.5562892E-04
     3670.00  0.5592207E-04   0.5974543E-08   0.5592804E-04
     3690.00  0.6394332E-04   0.5747058E-08   0.6394907E-04
     3710.00  0.8016006E-04   0.5713307E-08   0.8016577E-04
     3730.00  0.8044462E-04   0.5680194E-08   0.8045030E-04
     3750.00  0.9191823E-04   0.5647697E-08   0.9192388E-04
     3770.00  0.9435691E-04   0.5615797E-08   0.9436253E-04
     3790.00  0.1003769E-03   0.5584477E-08   0.1003825E-03
     3810.00  0.1073439E-03   0.5553719E-08   0.1073495E-03
     3830.00  0.9398570E-04   0.5523505E-08   0.9399122E-04
     3850.00  0.1097208E-03   0.5493818E-08   0.1097263E-03
     3870.00  0.1109088E-03   0.5464644E-08   0.1109143E-03
     3890.00  0.9555571E-04   0.5435966E-08   0.9556115E-04
     3910.00  0.1105353E-03   0.5407769E-08   0.1105407E-03
     3930.00  0.9310181E-04   0.5380040E-08   0.9310719E-04
     3950.00  0.1097237E-03   0.5352764E-08   0.1097291E-03
     3970.00  0.8511305E-04   0.5325939E-08   0.8511838E-04
     3990.00  0.1144903E-03   0.5299574E-08   0.1144956E-03
     4010.00  0.1169765E-03   0.5273621E-08   0.1169818E-03
     4030.00  0.1166750E-03   0.5248067E-08   0.1166802E-03
     4050.00  0.1167033E-03   0.5222902E-08   0.1167085E-03
     4070.00  0.1151079E-03   0.5198113E-08   0.1151131E-03
     4090.00  0.1152844E-03   0.5173691E-08   0.1152896E-03
     4110.00  0.1037115E-03   0.5149625E-08   0.1037166E-03
     4130.00  0.1167005E-03   0.5125904E-08   0.1167056E-03
     4150.00  0.1175196E-03   0.5102519E-08   0.1175247E-03
     4170.00  0.1172016E-03   0.5079460E-08   0.1172067E-03
     4190.00  0.1163010E-03   0.5056720E-08   0.1163061E-03
     4210.00  0.1159116E-03   0.5034287E-08   0.1159166E-03
     4230.00  0.1146641E-03   0.5012155E-08   0.1146691E-03
     4250.00  0.1149928E-03   0.4990315E-08   0.1149978E-03
     4270.00  0.1146433E-03   0.4968759E-08   0.1146483E-03
     4290.00  0.1120708E-03   0.4947480E-08   0.1120757E-03
     4310.00  0.1062077E-03   0.4926469E-08   0.1062126E-03
     4330.00  0.1104833E-03   0.4905720E-08   0.1104882E-03
     4350.00  0.1028247E-03   0.4885228E-08   0.1028296E-03
     4370.00  0.1155547E-03   0.4864987E-08   0.1155596E-03
     4390.00  0.1140484E-03   0.4844988E-08   0.1140532E-03
     4410.00  0.1146700E-03   0.4825223E-08   0.1146748E-03
     4430.00  0.1169427E-03   0.4805688E-08   0.1169475E-03
     4450.00  0.1161103E-03   0.4786376E-08   0.1161151E-03
     4470.00  0.1162908E-03   0.4767281E-08   0.1162956E-03
     4490.00  0.1168692E-03   0.4748398E-08   0.1168739E-03
     4510.00  0.1181853E-03   0.4729722E-08   0.1181900E-03
     4530.00  0.1155911E-03   0.4711248E-08   0.1155958E-03
     4550.00  0.1152108E-03   0.4692970E-08   0.1152155E-03
     4570.00  0.1175782E-03   0.4674884E-08   0.1175829E-03
     4590.00  0.1162689E-03   0.4656985E-08   0.1162736E-03
     4610.00  0.1174227E-03   0.4639269E-08   0.1174273E-03
     4630.00  0.1165326E-03   0.4621731E-08   0.1165372E-03
     4650.00  0.1167065E-03   0.4604366E-08   0.1167111E-03
     4670.00  0.1170644E-03   0.4587172E-08   0.1170690E-03
     4690.00  0.1168612E-03   0.4570143E-08   0.1168658E-03
     4710.00  0.1155804E-03   0.4553277E-08   0.1155850E-03
     4730.00  0.1162814E-03   0.4536569E-08   0.1162859E-03
     4750.00  0.1164222E-03   0.4520016E-08   0.1164267E-03
     4770.00  0.1159436E-03   0.4503614E-08   0.1159481E-03
     4790.00  0.1154038E-03   0.4487359E-08   0.1154083E-03
     4810.00  0.1152292E-03   0.4471241E-08   0.1152337E-03
     4830.00  0.1146014E-03   0.4455256E-08   0.1146059E-03
     4850.00  0.1103776E-03   0.4439409E-08   0.1103820E-03
     4870.00  0.9955252E-04   0.4423697E-08   0.9955694E-04
     4890.00  0.1126512E-03   0.4408117E-08   0.1126556E-03
     4910.00  0.1131139E-03   0.4392665E-08   0.1131183E-03
     4930.00  0.1115228E-03   0.4377340E-08   0.1115272E-03
     4950.00  0.1124187E-03   0.4362139E-08   0.1124231E-03
     4970.00  0.1131908E-03   0.4347060E-08   0.1131951E-03
     4990.00  0.1108593E-03   0.4332099E-08   0.1108636E-03
     5010.00  0.1091783E-03   0.4317254E-08   0.1091826E-03
     5030.00  0.1113134E-03   0.4302524E-08   0.1113177E-03
     5050.00  0.1104356E-03   0.4287905E-08   0.1104399E-03
     5070.00  0.1111979E-03   0.4273410E-08   0.1112022E-03
     5090.00  0.1100553E-03   0.4259088E-08   0.1100596E-03
     5110.00  0.1098297E-03   0.4244867E-08   0.1098339E-03
     5130.00  0.1089255E-03   0.4230746E-08   0.1089297E-03
     5150.00  0.1078171E-03   0.4216724E-08   0.1078213E-03
     5170.00  0.1060806E-03   0.4202798E-08   0.1060848E-03
     5190.00  0.1063842E-03   0.4188966E-08   0.1063884E-03
     5210.00  0.1061748E-03   0.4175227E-08   0.1061790E-03
     5230.00  0.1065397E-03   0.4161579E-08   0.1065439E-03
     5250.00  0.1077123E-03   0.4148021E-08   0.1077164E-03
     5270.00  0.1048911E-03   0.4134551E-08   0.1048952E-03
     5290.00  0.1071282E-03   0.4121167E-08   0.1071323E-03
     5310.00  0.1069383E-03   0.4107868E-08   0.1069424E-03
     5330.00  0.1050123E-03   0.4094653E-08   0.1050164E-03
     5350.00  0.1064311E-03   0.4081519E-08   0.1064352E-03
     5370.00  0.1057273E-03   0.4068465E-08   0.1057314E-03
     5390.00  0.1053119E-03   0.4055481E-08   0.1053160E-03
     5410.00  0.1043710E-03   0.4042575E-08   0.1043750E-03
     5430.00  0.1042458E-03   0.4029746E-08   0.1042498E-03
     5450.00  0.1044899E-03   0.4016992E-08   0.1044939E-03
     5470.00  0.1044099E-03   0.4004313E-08   0.1044139E-03
     5490.00  0.1043259E-03   0.3991707E-08   0.1043299E-03
     5510.00  0.1037633E-03   0.3979172E-08   0.1037673E-03
     5530.00  0.1036881E-03   0.3966709E-08   0.1036921E-03
     5550.00  0.1039085E-03   0.3954316E-08   0.1039125E-03
     5570.00  0.1027533E-03   0.3941992E-08   0.1027572E-03
     5590.00  0.1024361E-03   0.3929735E-08   0.1024400E-03
     5610.00  0.1022225E-03   0.3917546E-08   0.1022264E-03
     5630.00  0.1024987E-03   0.3905423E-08   0.1025026E-03
     5650.00  0.1020404E-03   0.3893364E-08   0.1020443E-03
     5670.00  0.1012517E-03   0.3881371E-08   0.1012556E-03
     5690.00  0.1015149E-03   0.3869440E-08   0.1015188E-03
     5710.00  0.1005784E-03   0.3360752E-08   0.1005818E-03
     5730.00  0.1011680E-03   0.3349811E-08   0.1011713E-03
     5750.00  0.1005775E-03   0.3338937E-08   0.1005808E-03
     5770.00  0.1003808E-03   0.3328128E-08   0.1003841E-03
     5790.00  0.9984655E-04   0.3317384E-08   0.9984987E-04
     5810.00  0.9964630E-04   0.3306705E-08   0.9964961E-04
     5830.00  0.9946102E-04   0.3296088E-08   0.9946432E-04
     5850.00  0.9875483E-04   0.3285534E-08   0.9875812E-04
     5870.00  0.9856954E-04   0.3275041E-08   0.9857282E-04
     5890.00  0.9704402E-04   0.3264609E-08   0.9704728E-04
     5910.00  0.9782077E-04   0.3254237E-08   0.9782402E-04
     5930.00  0.9752682E-04   0.3243924E-08   0.9753006E-04
     5950.00  0.9724698E-04   0.3233669E-08   0.9725021E-04
     5970.00  0.9693175E-04   0.3223472E-08   0.9693497E-04
     5990.00  0.9652588E-04   0.3213332E-08   0.9652909E-04
     6010.00  0.9601266E-04   0.3203248E-08   0.9601586E-04
     6030.00  0.9571140E-04   0.3193219E-08   0.9571459E-04
     6050.00  0.9567753E-04   0.3183246E-08   0.9568071E-04
     6070.00  0.9523471E-04   0.3173326E-08   0.9523788E-04
     6090.00  0.9476103E-04   0.3163460E-08   0.9476419E-04
     6110.00  0.9430850E-04   0.3153648E-08   0.9431165E-04
     6130.00  0.9309862E-04   0.3143887E-08   0.9310176E-04
     6150.00  0.9319298E-04   0.3134178E-08   0.9319611E-04
     6170.00  0.9278295E-04   0.3124521E-08   0.9278607E-04
     6190.00  0.9288214E-04   0.3114914E-08   0.9288525E-04
     6210.00  0.9261766E-04   0.3105357E-08   0.9262077E-04
     6230.00  0.9190034E-04   0.3095849E-08   0.9190344E-04
     6250.00  0.9082752E-04   0.3086390E-08   0.9083061E-04
     6270.00  0.9162270E-04   0.3076980E-08   0.9162578E-04
     6290.00  0.9123441E-04   0.3067618E-08   0.9123748E-04
     6310.00  0.9044591E-04   0.3058303E-08   0.9044897E-04
     6330.00  0.9034337E-04   0.3049035E-08   0.9034642E-04
     6350.00  0.9027688E-04   0.3039813E-08   0.9027992E-04
     6370.00  0.8993376E-04   0.3030638E-08   0.8993679E-04
     6390.00  0.8960018E-04   0.3021508E-08   0.8960320E-04
     6410.00  0.8869100E-04   0.3012422E-08   0.8869401E-04
     6430.00  0.8850345E-04   0.3003382E-08   0.8850645E-04
     6450.00  0.8823931E-04   0.2994386E-08   0.8824230E-04
     6470.00  0.8803293E-04   0.2985433E-08   0.8803592E-04
     6490.00  0.8696149E-04   0.2976524E-08   0.8696447E-04
     6510.00  0.8737093E-04   0.2967657E-08   0.8737390E-04
     6530.00  0.8706273E-04   0.2958801E-08   0.8706569E-04
     6550.00  0.8454295E-04   0.2949976E-08   0.8454590E-04
     6570.00  0.7538124E-04   0.2941193E-08   0.7538418E-04
     6590.00  0.8539965E-04   0.2932449E-08   0.8540258E-04
     6610.00  0.8576900E-04   0.2923746E-08   0.8577192E-04
     6630.00  0.8570465E-04   0.2915082E-08   0.8570757E-04
     6650.00  0.8533886E-04   0.2900394E-08   0.8534176E-04
     6670.00  0.8481618E-04   0.2891853E-08   0.8481907E-04
     6690.00  0.8484575E-04   0.2883350E-08   0.8484863E-04
     6710.00  0.8436045E-04   0.2874885E-08   0.8436332E-04
     6730.00  0.8417367E-04   0.2866458E-08   0.8417654E-04
     6750.00  0.8373084E-04   0.2858069E-08   0.8373370E-04
     6770.00  0.8345402E-04   0.2849717E-08   0.8345687E-04
     6790.00  0.8312201E-04   0.2841402E-08   0.8312485E-04
     6810.00  0.8280795E-04   0.2833123E-08   0.8281078E-04
     6830.00  0.8254202E-04   0.2824881E-08   0.8254484E-04
     6850.00  0.8207033E-04   0.2816675E-08   0.8207315E-04
     6870.00  0.8182989E-04   0.2808505E-08   0.8183270E-04
     6890.00  0.8162421E-04   0.2800371E-08   0.8162701E-04
     6910.00  0.8123574E-04   0.2792271E-08   0.8123853E-04
     6930.00  0.8094873E-04   0.2784207E-08   0.8095151E-04
     6950.00  0.8054565E-04   0.2776178E-08   0.8054843E-04
     6970.00  0.8031996E-04   0.2768183E-08   0.8032273E-04
     6990.00  0.7996990E-04   0.2760222E-08   0.7997266E-04
     7010.00  0.7950623E-04   0.2752296E-08   0.7950898E-04
     7030.00  0.7933690E-04   0.2744403E-08   0.7933964E-04
     7050.00  0.7905366E-04   0.2736543E-08   0.7905640E-04
     7070.00  0.7868495E-04   0.2728717E-08   0.7868768E-04
     7090.00  0.7839445E-04   0.2720924E-08   0.7839717E-04
     7110.00  0.7810116E-04   0.2713164E-08   0.7810387E-04
     7130.00  0.7763381E-04   0.2705436E-08   0.7763652E-04
     7150.00  0.7735060E-04   0.2697741E-08   0.7735330E-04
     7170.00  0.7716822E-04   0.2690079E-08   0.7717091E-04
     7190.00  0.7653830E-04   0.2682448E-08   0.7654098E-04
     7210.00  0.7634038E-04   0.2674849E-08   0.7634305E-04
     7230.00  0.7620003E-04   0.2667282E-08   0.7620270E-04
     7250.00  0.7601183E-04   0.2659746E-08   0.7601449E-04
     7270.00  0.7570680E-04   0.2652242E-08   0.7570945E-04
     7290.00  0.7518975E-04   0.2644768E-08   0.7519239E-04
     7310.00  0.7497745E-04   0.2637325E-08   0.7498009E-04
     7330.00  0.7469772E-04   0.2629913E-08   0.7470035E-04
     7350.00  0.7449733E-04   0.2622532E-08   0.7449995E-04
     7370.00  0.7427831E-04   0.2615180E-08   0.7428093E-04
     7390.00  0.7381457E-04   0.2607858E-08   0.7381718E-04
     7410.00  0.7310188E-04   0.2600567E-08   0.7310448E-04
     7430.00  0.7319374E-04   0.2593305E-08   0.7319633E-04
     7450.00  0.7298632E-04   0.2584002E-08   0.7298890E-04
     7470.00  0.7274910E-04   0.2576803E-08   0.7275168E-04
     7490.00  0.7240332E-04   0.2569633E-08   0.7240589E-04
     7510.00  0.7209968E-04   0.2562493E-08   0.7210224E-04
     7530.00  0.7190455E-04   0.2555381E-08   0.7190711E-04
     7550.00  0.7170935E-04   0.2548298E-08   0.7171190E-04
     7570.00  0.7135564E-04   0.2541243E-08   0.7135818E-04
     7590.00  0.7103182E-04   0.2534216E-08   0.7103435E-04
     7610.00  0.7078816E-04   0.2527222E-08   0.7079069E-04
     7630.00  0.7055235E-04   0.2520258E-08   0.7055487E-04
     7650.00  0.7029016E-04   0.2513323E-08   0.7029267E-04
     7670.00  0.6966173E-04   0.2506416E-08   0.6966424E-04
     7690.00  0.6976937E-04   0.2499536E-08   0.6977187E-04
     7710.00  0.6914802E-04   0.2492684E-08   0.6915051E-04
     7730.00  0.6907187E-04   0.2485859E-08   0.6907436E-04
     7750.00  0.6874008E-04   0.2479061E-08   0.6874256E-04
     7770.00  0.6853886E-04   0.2472290E-08   0.6854133E-04
     7790.00  0.6834620E-04   0.2465546E-08   0.6834867E-04
     7810.00  0.6816426E-04   0.2458828E-08   0.6816672E-04
     7830.00  0.6775118E-04   0.2452137E-08   0.6775363E-04
     7850.00  0.6749980E-04   0.2445473E-08   0.6750225E-04
     7870.00  0.6735827E-04   0.2410987E-08   0.6736068E-04
     7890.00  0.6703830E-04   0.2404488E-08   0.6704070E-04
     7910.00  0.6670086E-04   0.2398014E-08   0.6670326E-04
     7930.00  0.6627320E-04   0.2391565E-08   0.6627559E-04
     7950.00  0.6601584E-04   0.2385141E-08   0.6601823E-04
     7970.00  0.6602633E-04   0.2378742E-08   0.6602871E-04
     7990.00  0.6575216E-04   0.2372368E-08   0.6575453E-04
     8010.00  0.6534896E-04   0.2366019E-08   0.6535133E-04
     8030.00  0.6521087E-04   0.2359694E-08   0.6521323E-04
     8050.00  0.6481841E-04   0.2353393E-08   0.6482076E-04
     8070.00  0.6470991E-04   0.2347117E-08   0.6471226E-04
     8090.00  0.6433954E-04   0.2340865E-08   0.6434188E-04
     8110.00  0.6420307E-04   0.2334637E-08   0.6420540E-04
     8130.00  0.6396538E-04   0.2328433E-08   0.6396771E-04
     8150.00  0.6371705E-04   0.2322253E-08   0.6371937E-04
     8170.00  0.6346389E-04   0.2316096E-08   0.6346621E-04
     8190.00  0.6289186E-04   0.2309963E-08   0.6289417E-04
     8210.00  0.6286880E-04   0.2131508E-08   0.6287093E-04
     8230.00  0.6252878E-04   0.1456100E-08   0.6253024E-04
     8250.00  0.6237517E-04   0.1452050E-08   0.6237662E-04
     8270.00  0.6208364E-04   0.1448020E-08   0.6208509E-04
     8290.00  0.6170221E-04   0.1437280E-08   0.6170365E-04
     8310.00  0.6123076E-04   0.1433315E-08   0.6123219E-04
     8330.00  0.6063897E-04   0.1429369E-08   0.6064040E-04
     8350.00  0.6113025E-04   0.1425441E-08   0.6113168E-04
     8370.00  0.6058028E-04   0.1421531E-08   0.6058170E-04
     8390.00  0.6033616E-04   0.1417639E-08   0.6033758E-04
     8410.00  0.6063137E-04   0.1413764E-08   0.6063278E-04
     8430.00  0.6085277E-04   0.1409907E-08   0.6085418E-04
     8450.00  0.6069960E-04   0.1406067E-08   0.6070101E-04
     8470.00  0.5958657E-04   0.1402244E-08   0.5958797E-04
     8490.00  0.6072322E-04   0.1398439E-08   0.6072462E-04
     8510.00  0.5778316E-04   0.1394651E-08   0.5778455E-04
     8530.00  0.6046116E-04   0.1390879E-08   0.6046255E-04
     8550.00  0.5451096E-04   0.1387125E-08   0.5451235E-04
     8570.00  0.6043589E-04   0.1383387E-08   0.6043727E-04
     8590.00  0.5936193E-04   0.1379665E-08   0.5936331E-04
     8610.00  0.5855668E-04   0.1375960E-08   0.5855806E-04
     8630.00  0.5974815E-04   0.1372271E-08   0.5974952E-04
     8650.00  0.5923905E-04   0.1368599E-08   0.5924042E-04
     8670.00  0.5382574E-04   0.1364942E-08   0.5382710E-04
     8690.00  0.5854324E-04   0.1361302E-08   0.5854460E-04
     8710.00  0.5884116E-04   0.1357677E-08   0.5884252E-04
     8730.00  0.5853957E-04   0.1354068E-08   0.5854092E-04
     8750.00  0.5616859E-04   0.1350475E-08   0.5616994E-04
     8770.00  0.5799087E-04   0.1346897E-08   0.5799222E-04
     8790.00  0.5792496E-04   0.1343335E-08   0.5792630E-04
     8810.00  0.5739317E-04   0.1339788E-08   0.5739451E-04
     8830.00  0.5715138E-04   0.1336257E-08   0.5715272E-04
     8850.00  0.5684092E-04   0.1332740E-08   0.5684225E-04
     8870.00  0.5483764E-04   0.1329239E-08   0.5483897E-04
     8890.00  0.5677605E-04   0.1325752E-08   0.5677738E-04
     8910.00  0.5657687E-04   0.1322280E-08   0.5657819E-04
     8930.00  0.5628400E-04   0.1318823E-08   0.5628532E-04
     8950.00  0.5608267E-04   0.1315381E-08   0.5608399E-04
     8970.00  0.5592038E-04   0.1311953E-08   0.5592169E-04
     8990.00  0.5566673E-04   0.1308540E-08   0.5566804E-04
     9010.00  0.5330414E-04   0.1305141E-08   0.5330545E-04
     9030.00  0.5471122E-04   0.1301756E-08   0.5471252E-04
     9050.00  0.5508220E-04   0.1298386E-08   0.5508350E-04
     9070.00  0.5464361E-04   0.1295029E-08   0.5464491E-04
     9090.00  0.5401167E-04   0.1291687E-08   0.5401296E-04
     9110.00  0.5425148E-04   0.1288359E-08   0.5425277E-04
     9130.00  0.5417105E-04   0.1285044E-08   0.5417234E-04
     9150.00  0.5399936E-04   0.1281744E-08   0.5400064E-04
     9170.00  0.5378948E-04   0.1278457E-08   0.5379076E-04
     9190.00  0.5359876E-04   0.1275184E-08   0.5360004E-04
     9210.00  0.5305097E-04   0.1271924E-08   0.5305224E-04
     9230.00  0.5090794E-04   0.1268678E-08   0.5090921E-04
     9250.00  0.5254860E-04   0.1265445E-08   0.5254987E-04
     9270.00  0.5262762E-04   0.1262225E-08   0.5262888E-04
     9290.00  0.5252505E-04   0.1259018E-08   0.5252631E-04
     9310.00  0.5235648E-04   0.1255825E-08   0.5235774E-04
     9330.00  0.5214324E-04   0.1252644E-08   0.5214449E-04
     9350.00  0.5191194E-04   0.1249476E-08   0.5191319E-04
     9370.00  0.5163520E-04   0.1246321E-08   0.5163645E-04
     9390.00  0.5151456E-04   0.1243179E-08   0.5151580E-04
     9410.00  0.5091603E-04   0.1240050E-08   0.5091727E-04
     9430.00  0.5110060E-04   0.1236933E-08   0.5110184E-04
     9450.00  0.5086624E-04   0.1233828E-08   0.5086747E-04
     9470.00  0.5073261E-04   0.1230736E-08   0.5073384E-04
     9490.00  0.5053601E-04   0.1227657E-08   0.5053724E-04
     9510.00  0.5032113E-04   0.1224589E-08   0.5032235E-04
     9530.00  0.4994746E-04   0.1221534E-08   0.4994868E-04
     9550.00  0.4787527E-04   0.1218491E-08   0.4787649E-04
     9570.00  0.4957234E-04   0.1215460E-08   0.4957356E-04
     9590.00  0.4954266E-04   0.1212441E-08   0.4954387E-04
     9610.00  0.4930099E-04   0.1209434E-08   0.4930220E-04
     9630.00  0.4903975E-04   0.1206439E-08   0.4904096E-04
     9650.00  0.4885531E-04   0.1203456E-08   0.4885651E-04
     9670.00  0.4859295E-04   0.1200485E-08   0.4859415E-04
     9690.00  0.4858461E-04   0.1197525E-08   0.4858581E-04
     9710.00  0.4838232E-04   0.1194576E-08   0.4838351E-04
     9730.00  0.4820826E-04   0.1191640E-08   0.4820945E-04
     9750.00  0.4795607E-04   0.1188714E-08   0.4795726E-04
     9770.00  0.4782426E-04   0.1185800E-08   0.4782545E-04
     9790.00  0.4760771E-04   0.1182898E-08   0.4760889E-04
     9810.00  0.4747514E-04   0.1180007E-08   0.4747632E-04
     9830.00  0.4731411E-04   0.1177127E-08   0.4731529E-04
     9850.00  0.4712025E-04   0.1174258E-08   0.4712142E-04
     9870.00  0.4690860E-04   0.1171400E-08   0.4690977E-04
     9890.00  0.4670915E-04   0.1168553E-08   0.4671032E-04
     9910.00  0.4655886E-04   0.1165717E-08   0.4656003E-04
     9930.00  0.4639270E-04   0.1162892E-08   0.4639386E-04
     9950.00  0.4623161E-04   0.1160078E-08   0.4623277E-04
     9970.00  0.4605705E-04   0.1157275E-08   0.4605821E-04
     9990.00  0.4588094E-04   0.1154482E-08   0.4588209E-04
    10025.00  0.4532130E-04   0.1149621E-08   0.4532245E-04
    10075.00  0.4446329E-04   0.1142731E-08   0.4446443E-04
    10125.00  0.4465103E-04   0.1135908E-08   0.4465217E-04
    10175.00  0.4423099E-04   0.1129169E-08   0.4423212E-04
    10225.00  0.4381792E-04   0.1122498E-08   0.4381904E-04
    10275.00  0.4345597E-04   0.1115888E-08   0.4345709E-04
    10325.00  0.4290676E-04   0.1109338E-08   0.4290787E-04
    10375.00  0.4257646E-04   0.1102848E-08   0.4257756E-04
    10425.00  0.4222847E-04   0.1096418E-08   0.4222957E-04
    10475.00  0.4174839E-04   0.1090046E-08   0.4174948E-04
    10525.00  0.4144229E-04   0.1083731E-08   0.4144337E-04
    10575.00  0.4103812E-04   0.1077474E-08   0.4103920E-04
    10625.00  0.4056738E-04   0.1071272E-08   0.4056845E-04
    10675.00  0.4001442E-04   0.1065127E-08   0.4001549E-04
    10725.00  0.3981780E-04   0.1059035E-08   0.3981886E-04
    10775.00  0.3939932E-04   0.1052999E-08   0.3940037E-04
    10825.00  0.3892967E-04   0.1047015E-08   0.3893072E-04
    10875.00  0.3871028E-04   0.1041084E-08   0.3871132E-04
    10925.00  0.3764617E-04   0.1035206E-08   0.3764721E-04
    10975.00  0.3794395E-04   0.1029379E-08   0.3794498E-04
    11025.00  0.3775448E-04   0.1023603E-08   0.3775550E-04
    11075.00  0.3742111E-04   0.1017878E-08   0.3742213E-04
    11125.00  0.3705635E-04   0.1012202E-08   0.3705736E-04
    11175.00  0.3670095E-04   0.9588495E-09   0.3670191E-04
    11225.00  0.3640889E-04   0.9535349E-09   0.3640984E-04
    11275.00  0.3600174E-04   0.9482665E-09   0.3600269E-04
    11325.00  0.3569840E-04   0.9430439E-09   0.3569934E-04
    11375.00  0.3539261E-04   0.9378663E-09   0.3539355E-04
    11425.00  0.3497916E-04   0.9327332E-09   0.3498009E-04
    11475.00  0.3479727E-04   0.9276440E-09   0.3479820E-04
    11525.00  0.3448139E-04   0.9225984E-09   0.3448231E-04
    11575.00  0.3416454E-04   0.9175958E-09   0.3416546E-04
    11625.00  0.3368764E-04   0.9126357E-09   0.3368855E-04
    11675.00  0.3349163E-04   0.9077177E-09   0.3349254E-04
    11725.00  0.3327672E-04   0.9028412E-09   0.3327762E-04
    11775.00  0.3285652E-04   0.8980058E-09   0.3285742E-04
    11825.00  0.3254879E-04   0.8932110E-09   0.3254968E-04
    11875.00  0.3218624E-04   0.8884564E-09   0.3218713E-04
    11925.00  0.3211703E-04   0.8837414E-09   0.3211791E-04
    11975.00  0.3160473E-04   0.8790656E-09   0.3160561E-04
    12025.00  0.3150952E-04   0.8744287E-09   0.3151039E-04
    12075.00  0.3117726E-04   0.8698300E-09   0.3117813E-04
    12125.00  0.3099549E-04   0.8652693E-09   0.3099636E-04
    12175.00  0.3074877E-04   0.8607461E-09   0.3074963E-04
    12225.00  0.3048104E-04   0.8562599E-09   0.3048190E-04
    12275.00  0.3019565E-04   0.8518103E-09   0.3019650E-04
    12325.00  0.2995500E-04   0.8473970E-09   0.2995585E-04
    12375.00  0.2969345E-04   0.8430196E-09   0.2969429E-04
    12425.00  0.2944659E-04   0.8386776E-09   0.2944743E-04
    12475.00  0.2920110E-04   0.8343706E-09   0.2920193E-04
    12525.00  0.2894708E-04   0.8297592E-09   0.2894791E-04
    12575.00  0.2869584E-04   0.8255249E-09   0.2869667E-04
    12625.00  0.2844793E-04   0.8213245E-09   0.2844875E-04
    12675.00  0.2821492E-04   0.8171576E-09   0.2821574E-04
    12725.00  0.2798194E-04   0.8130239E-09   0.2798275E-04
    12775.00  0.2771634E-04   0.8089230E-09   0.2771715E-04
    12825.00  0.2671503E-04   0.8048546E-09   0.2671583E-04
    12875.00  0.2726181E-04   0.8008182E-09   0.2726261E-04
    12925.00  0.2705178E-04   0.7968137E-09   0.2705258E-04
    12975.00  0.2684608E-04   0.7928405E-09   0.2684687E-04
    13025.00  0.2661701E-04   0.7888985E-09   0.2661780E-04
    13075.00  0.2640375E-04   0.7849840E-09   0.2640453E-04
    13125.00  0.2616974E-04   0.7810996E-09   0.2617052E-04
    13175.00  0.2594014E-04   0.7772452E-09   0.2594092E-04
    13225.00  0.2577212E-04   0.7734205E-09   0.2577289E-04
    13275.00  0.2552326E-04   0.7696251E-09   0.2552403E-04
    13325.00  0.2534490E-04   0.7658588E-09   0.2534567E-04
    13375.00  0.2513873E-04   0.7621212E-09   0.2513949E-04
    13425.00  0.2496655E-04   0.7584122E-09   0.2496731E-04
    13475.00  0.2476465E-04   0.7547313E-09   0.2476540E-04
    13525.00  0.2456761E-04   0.7510783E-09   0.2456836E-04
    13575.00  0.2435173E-04   0.7474529E-09   0.2435248E-04
    13625.00  0.2415957E-04   0.7437102E-09   0.2416031E-04
    13675.00  0.2399078E-04   0.7401403E-09   0.2399152E-04
    13725.00  0.2378548E-04   0.7365972E-09   0.2378622E-04
    13775.00  0.2362176E-04   0.7330806E-09   0.2362249E-04
    13825.00  0.2344124E-04   0.7295903E-09   0.2344197E-04
    13875.00  0.2326002E-04   0.7261259E-09   0.2326075E-04
    13925.00  0.2309618E-04   0.7226873E-09   0.2309690E-04
    13975.00  0.2292625E-04   0.7192742E-09   0.2292697E-04
    14025.00  0.2272908E-04   0.7158863E-09   0.2272980E-04
    14075.00  0.2258414E-04   0.7125234E-09   0.2258485E-04
    14125.00  0.2239171E-04   0.7070174E-09   0.2239242E-04
    14175.00  0.2224601E-04   0.7037202E-09   0.2224671E-04
    14225.00  0.2204128E-04   0.7004471E-09   0.2204198E-04
    14275.00  0.2187381E-04   0.6971978E-09   0.2187451E-04
    14325.00  0.2175444E-04   0.6939721E-09   0.2175513E-04
    14375.00  0.2160642E-04   0.6907698E-09   0.2160711E-04
    14425.00  0.2133496E-04   0.6875907E-09   0.2133565E-04
    14475.00  0.2129445E-04   0.6844344E-09   0.2129513E-04
    14525.00  0.2104678E-04   0.6813010E-09   0.2104746E-04
    14570.00  0.2096473E-04   0.6785001E-09   0.2096541E-04
    14620.00  0.2084550E-04   0.5595004E-09   0.2084606E-04
    14675.00  0.2069504E-04   0.5567503E-09   0.2069560E-04
    14725.00  0.2050404E-04   0.5536807E-09   0.2050459E-04
    14775.00  0.2035146E-04   0.5512218E-09   0.2035201E-04
    14825.00  0.2020097E-04   0.5487806E-09   0.2020152E-04
    14875.00  0.1993985E-04   0.5463570E-09   0.1994040E-04
    14925.00  0.1989642E-04   0.5439508E-09   0.1989696E-04
    14975.00  0.1976411E-04   0.5415618E-09   0.1976465E-04
    15025.00  0.1944159E-04   0.5391899E-09   0.1944213E-04
    15075.00  0.1938215E-04   0.5368349E-09   0.1938269E-04
    15125.00  0.1933506E-04   0.5344966E-09   0.1933559E-04
    15175.00  0.1922099E-04   0.5321748E-09   0.1922152E-04
    15225.00  0.1920302E-04   0.5298701E-09   0.1920355E-04
    15275.00  0.1888357E-04   0.5275823E-09   0.1888410E-04
    15325.00  0.1878309E-04   0.5253105E-09   0.1878362E-04
    15375.00  0.1883771E-04   0.5230545E-09   0.1883823E-04
    15425.00  0.1846082E-04   0.5208142E-09   0.1846134E-04
    15475.00  0.1862003E-04   0.5185895E-09   0.1862055E-04
    15525.00  0.1850822E-04   0.5163803E-09   0.1850874E-04
    15575.00  0.1798849E-04   0.5141862E-09   0.1798900E-04
    15625.00  0.1832700E-04   0.5120073E-09   0.1832751E-04
    15675.00  0.1804496E-04   0.5098434E-09   0.1804547E-04
    15725.00  0.1761413E-04   0.5076943E-09   0.1761464E-04
    15775.00  0.1784680E-04   0.5055600E-09   0.1784731E-04
    15825.00  0.1777648E-04   0.5034401E-09   0.1777698E-04
    15875.00  0.1702498E-04   0.5013347E-09   0.1702548E-04
    15925.00  0.1749522E-04   0.4992436E-09   0.1749572E-04
    15975.00  0.1742768E-04   0.4971667E-09   0.1742818E-04
    16050.00  0.1718225E-04   0.4940775E-09   0.1718274E-04
    16150.00  0.1664416E-04   0.4900069E-09   0.1664465E-04
    16250.00  0.1669760E-04   0.4859907E-09   0.1669809E-04
    16350.00  0.1634245E-04   0.4820278E-09   0.1634293E-04
    16450.00  0.1574799E-04   0.4781172E-09   0.1574847E-04
    16550.00  0.1577176E-04   0.4742581E-09   0.1577223E-04
    16650.00  0.1544774E-04   0.4704495E-09   0.1544821E-04
    16750.00  0.1507530E-04   0.4666905E-09   0.1507577E-04
    16850.00  0.1452078E-04   0.4629802E-09   0.1452124E-04
    16950.00  0.1455306E-04   0.4593178E-09   0.1455352E-04
    17050.00  0.1424738E-04   0.4557024E-09   0.1424784E-04
    17150.00  0.1397808E-04   0.4521332E-09   0.1397853E-04
    17250.00  0.1368785E-04   0.4486094E-09   0.1368830E-04
    17350.00  0.1310499E-04   0.4451303E-09   0.1310544E-04
    17450.00  0.1314858E-04   0.4416949E-09   0.1314902E-04
    17550.00  0.1292100E-04   0.4383027E-09   0.1292144E-04
    17650.00  0.1267242E-04   0.4349528E-09   0.1267285E-04
    17750.00  0.1243579E-04   0.4316445E-09   0.1243622E-04
    17850.00  0.1220455E-04   0.4283772E-09   0.1220498E-04
    17950.00  0.1197736E-04   0.4251501E-09   0.1197779E-04
    18050.00  0.1174860E-04   0.4219626E-09   0.1174902E-04
    18150.00  0.1127912E-04   0.4188140E-09   0.1127954E-04
    18250.00  0.1128851E-04   0.4157041E-09   0.1128893E-04
    18350.00  0.1111078E-04   0.4126350E-09   0.1111119E-04
    18450.00  0.1089609E-04   0.4096026E-09   0.1089650E-04
    18550.00  0.1070990E-04   0.3983440E-09   0.1071030E-04
    18650.00  0.1050400E-04   0.3954526E-09   0.1050440E-04
    18750.00  0.1000084E-04   0.3925954E-09   0.1000123E-04
    18850.00  0.1012828E-04   0.3897718E-09   0.1012867E-04
    18950.00  0.9931888E-05   0.3869813E-09   0.9932275E-05
    19050.00  0.9785743E-05   0.3842234E-09   0.9786127E-05
    19150.00  0.9611200E-05   0.3814976E-09   0.9611581E-05
    19250.00  0.9445527E-05   0.3788033E-09   0.9445906E-05
    19350.00  0.9268208E-05   0.3761401E-09   0.9268584E-05
    19450.00  0.8899858E-05   0.3735074E-09   0.8900232E-05
    19550.00  0.8949915E-05   0.3709049E-09   0.8950286E-05
    19650.00  0.8803444E-05   0.3683320E-09   0.8803812E-05
    19750.00  0.8641119E-05   0.3657882E-09   0.8641485E-05
    19850.00  0.8506951E-05   0.3632732E-09   0.8507314E-05
    19950.00  0.8361583E-05   0.3607865E-09   0.8361944E-05
    20050.00  0.8226843E-05   0.3583276E-09   0.8227201E-05
    20150.00  0.8090199E-05   0.3558962E-09   0.8090555E-05
    20250.00  0.7950103E-05   0.3534529E-09   0.7950456E-05
    20350.00  0.7812725E-05   0.3510754E-09   0.7813076E-05
    20450.00  0.7694648E-05   0.3487240E-09   0.7694997E-05
    20550.00  0.7566726E-05   0.3463985E-09   0.7567072E-05
    20650.00  0.7434980E-05   0.3440985E-09   0.7435324E-05
    20750.00  0.7317894E-05   0.3418235E-09   0.7318236E-05
    20850.00  0.7201309E-05   0.3395731E-09   0.7201649E-05
    20950.00  0.7078531E-05   0.3373472E-09   0.7078868E-05
    21050.00  0.6970713E-05   0.3351451E-09   0.6971048E-05
    21150.00  0.6858112E-05   0.3329667E-09   0.6858445E-05
    21250.00  0.6747464E-05   0.3308116E-09   0.6747795E-05
    21350.00  0.6642436E-05   0.3286794E-09   0.6642765E-05
    21450.00  0.6538086E-05   0.3265698E-09   0.6538413E-05
    21550.00  0.6433403E-05   0.3244640E-09   0.6433727E-05
    21650.00  0.6200342E-05   0.3223989E-09   0.6200664E-05
    21750.00  0.6227272E-05   0.3203555E-09   0.6227592E-05
    21850.00  0.6132385E-05   0.3183334E-09   0.6132703E-05
    21950.00  0.6041537E-05   0.3163323E-09   0.6041853E-05
    22050.00  0.5942063E-05   0.3143519E-09   0.5942377E-05
    22150.00  0.5854628E-05   0.3123920E-09   0.5854940E-05
    22250.00  0.5764755E-05   0.3101518E-09   0.5765065E-05
    22350.00  0.5677175E-05   0.3082351E-09   0.5677483E-05
    22450.00  0.5592057E-05   0.3063379E-09   0.5592363E-05
    22550.00  0.5503243E-05   0.3044600E-09   0.5503547E-05
    22650.00  0.5422332E-05   0.3026012E-09   0.5422635E-05
    22750.00  0.5340353E-05   0.3007610E-09   0.5340654E-05
    22850.00  0.5261133E-05   0.2740770E-09   0.5261407E-05
    22950.00  0.5107220E-05   0.2723638E-09   0.5107492E-05
    23050.00  0.5070384E-05   0.2707566E-09   0.5070655E-05
    23150.00  0.5000411E-05   0.2691653E-09   0.5000680E-05
    23250.00  0.4851096E-05   0.2675897E-09   0.4851364E-05
    23350.00  0.4828004E-05   0.2660296E-09   0.4828270E-05
    23450.00  0.4770381E-05   0.2644847E-09   0.4770645E-05
    23550.00  0.4631248E-05   0.2629549E-09   0.4631511E-05
    23650.00  0.4609196E-05   0.2614400E-09   0.4609457E-05
    23750.00  0.4561140E-05   0.2599398E-09   0.4561400E-05
    23850.00  0.4434131E-05   0.2584541E-09   0.4434389E-05
    23950.00  0.4407462E-05   0.2569826E-09   0.4407719E-05
    24050.00  0.4357018E-05   0.2555252E-09   0.4357274E-05
    24150.00  0.4251152E-05   0.2540817E-09   0.4251406E-05
    24250.00  0.4233222E-05   0.2526520E-09   0.4233475E-05
    24350.00  0.4166952E-05   0.2512358E-09   0.4167203E-05
    24450.00  0.4086533E-05   0.2498330E-09   0.4086783E-05
    24550.00  0.4048630E-05   0.2484434E-09   0.4048878E-05
    24650.00  0.4002640E-05   0.2470668E-09   0.4002887E-05
    24750.00  0.3934379E-05   0.2457030E-09   0.3934625E-05
    24850.00  0.3884776E-05   0.2443520E-09   0.3885020E-05
    24950.00  0.3816924E-05   0.2430134E-09   0.3817167E-05
    25050.00  0.3805480E-05   0.2416873E-09   0.3805722E-05
    25150.00  0.3731771E-05   0.2403733E-09   0.3732011E-05
    25250.00  0.3660444E-05   0.2390715E-09   0.3660683E-05
    25350.00  0.3646683E-05   0.2377815E-09   0.3646921E-05
    25450.00  0.3592330E-05   0.2365033E-09   0.3592567E-05
    25550.00  0.3545063E-05   0.2352367E-09   0.3545298E-05
    25650.00  0.3463174E-05   0.2339815E-09   0.3463408E-05
    25750.00  0.3455751E-05   0.2327377E-09   0.3455984E-05
    25850.00  0.3399782E-05   0.2315051E-09   0.3400014E-05
    25950.00  0.3362173E-05   0.2302835E-09   0.3362403E-05
    26050.00  0.3315655E-05   0.2290728E-09   0.3315884E-05
    26150.00  0.3237535E-05   0.2278728E-09   0.3237763E-05
    26250.00  0.3165080E-05   0.2266835E-09   0.3165307E-05
    26350.00  0.3187109E-05   0.2255048E-09   0.3187335E-05
    26450.00  0.3147296E-05   0.2243364E-09   0.3147520E-05
    26550.00  0.3104262E-05   0.2231782E-09   0.3104485E-05
    26650.00  0.3055059E-05   0.2220302E-09   0.3055281E-05
    26750.00  0.2991143E-05   0.2208922E-09   0.2991364E-05
    26850.00  0.2986814E-05   0.2197641E-09   0.2987034E-05
    26950.00  0.2947821E-05   0.2186458E-09   0.2948040E-05
    27050.00  0.2909532E-05   0.2175371E-09   0.2909750E-05
    27150.00  0.2873059E-05   0.2164380E-09   0.2873275E-05
    27250.00  0.2836423E-05   0.2153482E-09   0.2836638E-05
    27350.00  0.2798319E-05   0.2142678E-09   0.2798533E-05
    27450.00  0.2763022E-05   0.2131966E-09   0.2763235E-05
    27550.00  0.2696354E-05   0.2121345E-09   0.2696566E-05
    27650.00  0.2688207E-05   0.2090406E-09   0.2688416E-05
    27750.00  0.2657690E-05   0.2080087E-09   0.2657898E-05
    27850.00  0.2624015E-05   0.2069854E-09   0.2624222E-05
    27950.00  0.2592350E-05   0.2059708E-09   0.2592556E-05
    28050.00  0.2558753E-05   0.2049646E-09   0.2558958E-05
    28150.00  0.2525954E-05   0.2039668E-09   0.2526158E-05
    28250.00  0.2493364E-05   0.2029772E-09   0.2493567E-05
    28350.00  0.2462808E-05   0.2019959E-09   0.2463010E-05
    28450.00  0.2431251E-05   0.2010226E-09   0.2431452E-05
    28550.00  0.2401009E-05   0.2000574E-09   0.2401209E-05
    28650.00  0.2368716E-05   0.1991000E-09   0.2368915E-05
    28750.00  0.2310005E-05   0.1981505E-09   0.2310203E-05
    28850.00  0.2311061E-05   0.1972087E-09   0.2311258E-05
    28950.00  0.2283287E-05   0.1962745E-09   0.2283483E-05
    29050.00  0.2254790E-05   0.1953479E-09   0.2254985E-05
    29150.00  0.2226642E-05   0.1944288E-09   0.2226836E-05
    29250.00  0.2198749E-05   0.1935170E-09   0.2198943E-05
    29350.00  0.2172589E-05   0.1926126E-09   0.2172782E-05
    29450.00  0.2145031E-05   0.1917154E-09   0.2145223E-05
    29550.00  0.2118697E-05   0.1908253E-09   0.2118888E-05
    29650.00  0.2092754E-05   0.1899423E-09   0.2092944E-05
    29750.00  0.2067470E-05   0.1890590E-09   0.2067659E-05
    29850.00  0.2042596E-05   0.1881899E-09   0.2042784E-05
    29950.00  0.2017806E-05   0.1873276E-09   0.2017993E-05
    30050.00  0.1993081E-05   0.1864721E-09   0.1993267E-05
    30150.00  0.1969222E-05   0.1856233E-09   0.1969408E-05
    30250.00  0.1945330E-05   0.1847812E-09   0.1945515E-05
    30350.00  0.1899440E-05   0.1839455E-09   0.1899624E-05
    30450.00  0.1893460E-05   0.1831164E-09   0.1893643E-05
    30550.00  0.1875676E-05   0.1822936E-09   0.1875858E-05
    30650.00  0.1853602E-05   0.1814772E-09   0.1853783E-05
    30750.00  0.1831698E-05   0.1806671E-09   0.1831879E-05
    30850.00  0.1809520E-05   0.1798631E-09   0.1809700E-05
    30950.00  0.1788062E-05   0.1790653E-09   0.1788241E-05
    31050.00  0.1767185E-05   0.1782736E-09   0.1767363E-05
    31150.00  0.1744151E-05   0.1774879E-09   0.1744328E-05
    31250.00  0.1725805E-05   0.1767082E-09   0.1725982E-05
    31350.00  0.1705384E-05   0.1759307E-09   0.1705560E-05
    31450.00  0.1685281E-05   0.1751627E-09   0.1685456E-05
    31550.00  0.1664833E-05   0.1744005E-09   0.1665007E-05
    31650.00  0.1646399E-05   0.1736439E-09   0.1646573E-05
    31750.00  0.1627610E-05   0.1728930E-09   0.1627783E-05
    31850.00  0.1608969E-05   0.1721477E-09   0.1609141E-05
    31950.00  0.1590250E-05   0.1714079E-09   0.1590421E-05
    32100.00  0.1562900E-05   0.1702476E-09   0.1563070E-05
    32300.00  0.1527390E-05   0.1688014E-09   0.1527559E-05
    32500.00  0.1492578E-05   0.1673763E-09   0.1492745E-05
    32700.00  0.1458721E-05   0.1659718E-09   0.1458887E-05
    32900.00  0.1415085E-05   0.1575638E-09   0.1415243E-05
    33100.00  0.1393338E-05   0.1562543E-09   0.1393494E-05
    33300.00  0.1363057E-05   0.1549821E-09   0.1363212E-05
    33500.00  0.1333064E-05   0.1537279E-09   0.1333218E-05
    33700.00  0.1303391E-05   0.1524912E-09   0.1303543E-05
    33900.00  0.1274573E-05   0.1512718E-09   0.1274724E-05
    34100.00  0.1246424E-05   0.1500694E-09   0.1246574E-05
    34300.00  0.1219994E-05   0.1488835E-09   0.1220143E-05
    34500.00  0.1193156E-05   0.1477139E-09   0.1193304E-05
    34700.00  0.1167431E-05   0.1465603E-09   0.1167578E-05
    34900.00  0.1142555E-05   0.1454223E-09   0.1142700E-05
    35100.00  0.1118218E-05   0.1442997E-09   0.1118362E-05
    35300.00  0.1094125E-05   0.1431922E-09   0.1094268E-05
    35500.00  0.1071077E-05   0.1420995E-09   0.1071219E-05
    35700.00  0.1048037E-05   0.1410213E-09   0.1048178E-05
    35900.00  0.1027450E-05   0.1399573E-09   0.1027590E-05
    36100.00  0.1004627E-05   0.1389074E-09   0.1004766E-05
    36300.00  0.9855994E-06   0.1378712E-09   0.9857373E-06
    36500.00  0.9632606E-06   0.1368485E-09   0.9633974E-06
    36700.00  0.9455892E-06   0.1358390E-09   0.9457250E-06
    36900.00  0.9235170E-06   0.1348425E-09   0.9236518E-06
    37100.00  0.9070817E-06   0.1338588E-09   0.9072156E-06
    37300.00  0.8875831E-06   0.1328877E-09   0.8877160E-06
    37500.00  0.8636438E-06   0.1319289E-09   0.8637757E-06
    37700.00  0.8537818E-06   0.1309821E-09   0.8539128E-06
    37900.00  0.8369329E-06   0.1300473E-09   0.8370629E-06
    38100.00  0.8187757E-06   0.1291241E-09   0.8189048E-06
    38300.00  0.8033087E-06   0.1282125E-09   0.8034369E-06
    38500.00  0.7884868E-06   0.1273121E-09   0.7886141E-06
    38700.00  0.7731235E-06   0.1257881E-09   0.7732493E-06
    38900.00  0.7581752E-06   0.1249155E-09   0.7583001E-06
    39100.00  0.7410780E-06   0.1240535E-09   0.7412021E-06
    39300.00  0.7291281E-06   0.1232020E-09   0.7292513E-06
    39500.00  0.7152557E-06   0.1223607E-09   0.7153781E-06
    39700.00  0.7015463E-06   0.1215295E-09   0.7016678E-06
    39900.00  0.6879648E-06   0.1207083E-09   0.6880855E-06
    40100.00  0.6745619E-06   0.1198969E-09   0.6746818E-06
    40300.00  0.6607921E-06   0.1190950E-09   0.6609112E-06
    40500.00  0.6451511E-06   0.1183026E-09   0.6452694E-06
    40700.00  0.6379774E-06   0.1175195E-09   0.6380949E-06
    40900.00  0.6263318E-06   0.1167455E-09   0.6264485E-06
    41100.00  0.6148069E-06   0.1159787E-09   0.6149229E-06
    41300.00  0.6033887E-06   0.1152226E-09   0.6035039E-06
    41500.00  0.5923401E-06   0.1144751E-09   0.5924546E-06
    41700.00  0.5793085E-06   0.1137362E-09   0.5794222E-06
    41900.00  0.5711142E-06   0.1130058E-09   0.5712272E-06
    42100.00  0.5606338E-06   0.1122836E-09   0.5607461E-06
    42300.00  0.5507726E-06   0.1115696E-09   0.5508842E-06
    42500.00  0.5407641E-06   0.1108636E-09   0.5408750E-06
    42700.00  0.5312927E-06   0.1101655E-09   0.5314029E-06
    42900.00  0.5167747E-06   0.1094752E-09   0.5168842E-06
    43100.00  0.5042420E-06   0.1087915E-09   0.5043508E-06
    43300.00  0.4980156E-06   0.1081165E-09   0.4981237E-06
    43500.00  0.4834614E-06   0.1074488E-09   0.4835688E-06
    43700.00  0.4732744E-06   0.1067884E-09   0.4733812E-06
    43900.00  0.4673983E-06   0.1061195E-09   0.4675044E-06
    44100.00  0.4541015E-06   0.1054736E-09   0.4542070E-06
    44300.00  0.4480991E-06   0.1048347E-09   0.4482039E-06
    44500.00  0.4398166E-06   0.1042026E-09   0.4399208E-06
    44700.00  0.4279522E-06   0.1030327E-09   0.4280552E-06
    44900.00  0.4241041E-06   0.1005589E-09   0.4242047E-06
    45100.00  0.4159789E-06   0.9996606E-10   0.4160789E-06
    45300.00  0.4059620E-06   0.9937948E-10   0.4060614E-06
    45500.00  0.4009185E-06   0.9879905E-10   0.4010173E-06
    45700.00  0.3951073E-06   0.9822467E-10   0.3952055E-06
    45900.00  0.3851784E-06   0.9765626E-10   0.3852761E-06
    46100.00  0.3813933E-06   0.9709372E-10   0.3814904E-06
    46300.00  0.3744484E-06   0.9653698E-10   0.3745449E-06
    46500.00  0.3673379E-06   0.9598595E-10   0.3674339E-06
    46700.00  0.3622274E-06   0.9544055E-10   0.3623228E-06
    46900.00  0.3575827E-06   0.9490069E-10   0.3576776E-06
    47100.00  0.3519694E-06   0.9436630E-10   0.3520638E-06
    47300.00  0.3481967E-06   0.9383730E-10   0.3482905E-06
    47500.00  0.3416783E-06   0.9331362E-10   0.3417716E-06
    47700.00  0.3365984E-06   0.9279517E-10   0.3366912E-06
    47900.00  0.3319946E-06   0.9228188E-10   0.3320869E-06
    48100.00  0.3253957E-06   0.9177369E-10   0.3254875E-06
    48300.00  0.3222584E-06   0.9127052E-10   0.3223497E-06
    48500.00  0.3169339E-06   0.9077230E-10   0.3170247E-06
    48700.00  0.3113964E-06   0.9027896E-10   0.3114867E-06
    48900.00  0.3070117E-06   0.8979044E-10   0.3071015E-06
    49100.00  0.3023168E-06   0.8930666E-10   0.3024061E-06
    49300.00  0.2976055E-06   0.8882757E-10   0.2976943E-06
    49500.00  0.2930561E-06   0.8835310E-10   0.2931445E-06
    49700.00  0.2886886E-06   0.8788318E-10   0.2887765E-06
    49900.00  0.2847364E-06   0.8741776E-10   0.2848238E-06
    50100.00  0.2806858E-06   0.8695678E-10   0.2807728E-06
    50300.00  0.2764739E-06   0.8650017E-10   0.2765604E-06
    50500.00  0.2713860E-06   0.8604788E-10   0.2714720E-06
    50700.00  0.2676736E-06   0.8559985E-10   0.2677592E-06
    50900.00  0.2642981E-06   0.8515602E-10   0.2643833E-06
    51100.00  0.2598309E-06   0.8471633E-10   0.2599156E-06
    51300.00  0.2551868E-06   0.8428074E-10   0.2552711E-06
    51500.00  0.2524392E-06   0.8361534E-10   0.2525228E-06
    51700.00  0.2498171E-06   0.8318943E-10   0.2499003E-06
    51900.00  0.2452608E-06   0.8276743E-10   0.2453436E-06
    52100.00  0.2417430E-06   0.8234931E-10   0.2418253E-06
    52300.00  0.2382495E-06   0.8193499E-10   0.2383314E-06
    52500.00  0.2352717E-06   0.8152444E-10   0.2353532E-06
    52700.00  0.2324161E-06   0.8111762E-10   0.2324972E-06
    52900.00  0.2281455E-06   0.8071446E-10   0.2282262E-06
    53100.00  0.2252218E-06   0.8031492E-10   0.2253021E-06
    53300.00  0.2220622E-06   0.7991896E-10   0.2221421E-06
    53500.00  0.2190676E-06   0.7952654E-10   0.2191471E-06
    53700.00  0.2161610E-06   0.7913760E-10   0.2162401E-06
    53900.00  0.2132413E-06   0.7875211E-10   0.2133201E-06
    54100.00  0.2102040E-06   0.7837002E-10   0.2102824E-06
    54300.00  0.2068185E-06   0.7799072E-10   0.2068965E-06
    54500.00  0.2045363E-06   0.7761531E-10   0.2046139E-06
    54700.00  0.2016777E-06   0.7724316E-10   0.2017549E-06
    54900.00  0.1987310E-06   0.7687425E-10   0.1988079E-06
    55100.00  0.1962068E-06   0.7650854E-10   0.1962833E-06
    55300.00  0.1941187E-06   0.7614599E-10   0.1941948E-06
    55500.00  0.1906329E-06   0.7578655E-10   0.1907087E-06
    55700.00  0.1888229E-06   0.7543019E-10   0.1888983E-06
    55900.00  0.1859217E-06   0.7507687E-10   0.1859968E-06
    56100.00  0.1835046E-06   0.7472656E-10   0.1835793E-06
    56300.00  0.1809082E-06   0.7437922E-10   0.1809826E-06
    56500.00  0.1788598E-06   0.7403458E-10   0.1789338E-06
    56700.00  0.1764558E-06   0.7369305E-10   0.1765295E-06
    56900.00  0.1737872E-06   0.7335438E-10   0.1738606E-06
    57100.00  0.1718824E-06   0.7301855E-10   0.1719554E-06
    57300.00  0.1695459E-06   0.7268551E-10   0.1696186E-06
    57500.00  0.1673452E-06   0.7235042E-10   0.1674176E-06
    57700.00  0.1651095E-06   0.7202294E-10   0.1651815E-06
    57900.00  0.1631533E-06   0.7169816E-10   0.1632250E-06
    58100.00  0.1608789E-06   0.7137604E-10   0.1609503E-06
    58300.00  0.1588304E-06   0.7105657E-10   0.1589015E-06
    58500.00  0.1568980E-06   0.6979105E-10   0.1569678E-06
    58700.00  0.1547542E-06   0.6948103E-10   0.1548237E-06
    58900.00  0.1527828E-06   0.6917522E-10   0.1528520E-06
    59100.00  0.1502129E-06   0.6887187E-10   0.1502818E-06
    59300.00  0.1489396E-06   0.6857096E-10   0.1490082E-06
    59500.00  0.1470099E-06   0.6827245E-10   0.1470782E-06
    59700.00  0.1452492E-06   0.6797632E-10   0.1453172E-06
    59900.00  0.1433909E-06   0.6768254E-10   0.1434586E-06
    60100.00  0.1416048E-06   0.6739109E-10   0.1416722E-06
    60300.00  0.1397939E-06   0.6710193E-10   0.1398610E-06
    60500.00  0.1379320E-06   0.6681505E-10   0.1379988E-06
    60700.00  0.1362102E-06   0.6653041E-10   0.1362767E-06
    60900.00  0.1345621E-06   0.6624799E-10   0.1346283E-06
    61100.00  0.1327948E-06   0.6596777E-10   0.1328608E-06
    61300.00  0.1312129E-06   0.6568973E-10   0.1312786E-06
    61500.00  0.1295928E-06   0.6541383E-10   0.1296582E-06
    61700.00  0.1280358E-06   0.6514006E-10   0.1281009E-06
    61900.00  0.1264628E-06   0.6486839E-10   0.1265277E-06
    62100.00  0.1249122E-06   0.6459880E-10   0.1249768E-06
    62300.00  0.1233470E-06   0.6433127E-10   0.1234113E-06
    62500.00  0.1217842E-06   0.6406577E-10   0.1218483E-06
    62700.00  0.1203161E-06   0.6380228E-10   0.1203799E-06
    62900.00  0.1188638E-06   0.6354078E-10   0.1189273E-06
    63100.00  0.1174143E-06   0.6328125E-10   0.1174776E-06
    63300.00  0.1160599E-06   0.6302367E-10   0.1161229E-06
    63500.00  0.1145772E-06   0.6276802E-10   0.1146400E-06
    63700.00  0.1132701E-06   0.6251427E-10   0.1133326E-06
    63900.00  0.1118242E-06   0.6226241E-10   0.1118865E-06
    64200.00  0.1098605E-06   0.6188812E-10   0.1099224E-06
    64600.00  0.1072284E-06   0.6139547E-10   0.1072898E-06
    65000.00  0.1047173E-06   0.6091003E-10   0.1047782E-06
    65400.00  0.1022446E-06   0.6043162E-10   0.1023050E-06
    65800.00  0.9987830E-07   0.5996012E-10   0.9993826E-07
    66200.00  0.9753719E-07   0.5939804E-10   0.9759659E-07
    66600.00  0.9527436E-07   0.5894100E-10   0.9533330E-07
    67000.00  0.9309241E-07   0.5849044E-10   0.9315090E-07
    67400.00  0.9095285E-07   0.5804621E-10   0.9101090E-07
    67800.00  0.8887016E-07   0.5760819E-10   0.8892777E-07
    68200.00  0.8686268E-07   0.5717626E-10   0.8691986E-07
    68600.00  0.8491821E-07   0.5675030E-10   0.8497496E-07
    69000.00  0.8300615E-07   0.5633019E-10   0.8306248E-07
    69400.00  0.8114442E-07   0.5591563E-10   0.8120034E-07
    69800.00  0.7935106E-07   0.5550687E-10   0.7940657E-07
    70200.00  0.7760162E-07   0.5510363E-10   0.7765672E-07
    70600.00  0.7589639E-07   0.5470580E-10   0.7595110E-07
    71000.00  0.7423671E-07   0.5431327E-10   0.7429102E-07
    71400.00  0.7263089E-07   0.5392595E-10   0.7268482E-07
    71800.00  0.7105379E-07   0.5354364E-10   0.7110733E-07
    72200.00  0.6953010E-07   0.5316644E-10   0.6958327E-07
    72600.00  0.6802824E-07   0.5279415E-10   0.6808103E-07
    73000.00  0.6658613E-07   0.5242489E-10   0.6663855E-07
    73400.00  0.6518116E-07   0.5206222E-10   0.6523322E-07
    73800.00  0.6381736E-07   0.5170420E-10   0.6386906E-07
    74200.00  0.6247438E-07   0.5093370E-10   0.6252531E-07
    74600.00  0.6098158E-07   0.5058893E-10   0.6103217E-07
    75000.00  0.5976175E-07   0.5024850E-10   0.5981200E-07
    75400.00  0.5867294E-07   0.4991232E-10   0.5872285E-07
    75800.00  0.5747421E-07   0.4958032E-10   0.5752379E-07
    76200.00  0.5629184E-07   0.4925244E-10   0.5634109E-07
    76600.00  0.5515660E-07   0.4892858E-10   0.5520553E-07
    77000.00  0.5404122E-07   0.4860869E-10   0.5408983E-07
    77400.00  0.5295045E-07   0.4829270E-10   0.5299874E-07
    77800.00  0.5189703E-07   0.4798053E-10   0.5194501E-07
    78200.00  0.5085334E-07   0.4767212E-10   0.5090101E-07
    78600.00  0.4984191E-07   0.4736741E-10   0.4988928E-07
    79000.00  0.4886258E-07   0.4706632E-10   0.4890965E-07
    79400.00  0.4790652E-07   0.4676881E-10   0.4795329E-07
    79800.00  0.4697129E-07   0.4647481E-10   0.4701776E-07
    80200.00  0.4605577E-07   0.4618425E-10   0.4610195E-07
    80600.00  0.4516541E-07   0.4589709E-10   0.4521131E-07
    81000.00  0.4429635E-07   0.4561326E-10   0.4434196E-07
    81400.00  0.4344612E-07   0.4533272E-10   0.4349145E-07
    81800.00  0.4261974E-07   0.4505539E-10   0.4266480E-07
    82200.00  0.4181562E-07   0.4478124E-10   0.4186040E-07
    82600.00  0.4101989E-07   0.4446537E-10   0.4106436E-07
    83000.00  0.4025156E-07   0.4419782E-10   0.4029576E-07
    83400.00  0.3950217E-07   0.4393328E-10   0.3954610E-07
    83800.00  0.3876451E-07   0.4367171E-10   0.3880818E-07
    84200.00  0.3804708E-07   0.4341306E-10   0.3809049E-07
    84600.00  0.3734703E-07   0.4315727E-10   0.3739019E-07
    85000.00  0.3665667E-07   0.4290432E-10   0.3669957E-07
    85400.00  0.3598308E-07   0.4265414E-10   0.3602573E-07
    85800.00  0.3533052E-07   0.4240669E-10   0.3537293E-07
    86200.00  0.3468991E-07   0.4216188E-10   0.3473207E-07
    86600.00  0.3406207E-07   0.4191979E-10   0.3410399E-07
    87000.00  0.3345214E-07   0.4168030E-10   0.3349382E-07
    87400.00  0.3285027E-07   0.4144338E-10   0.3289171E-07
    87800.00  0.3226850E-07   0.4120899E-10   0.3230971E-07
    88200.00  0.3169587E-07   0.4097709E-10   0.3173685E-07
    88600.00  0.3113576E-07   0.4074765E-10   0.3117651E-07
    89000.00  0.3058974E-07   0.4052058E-10   0.3063026E-07
    89400.00  0.3005336E-07   0.4029594E-10   0.3009366E-07
    89800.00  0.2952800E-07   0.4007364E-10   0.2956807E-07
    90200.00  0.2901941E-07   0.3985290E-10   0.2905926E-07
    90600.00  0.2851866E-07   0.3963516E-10   0.2855830E-07
    91000.00  0.2802917E-07   0.3941967E-10   0.2806859E-07
    91400.00  0.2754969E-07   0.3900557E-10   0.2758870E-07
    91800.00  0.2708165E-07   0.3879589E-10   0.2712045E-07
    92200.00  0.2662224E-07   0.3858858E-10   0.2666083E-07
    92600.00  0.2617360E-07   0.3838336E-10   0.2621198E-07
    93000.00  0.2573152E-07   0.3818020E-10   0.2576970E-07
    93400.00  0.2529810E-07   0.3797906E-10   0.2533608E-07
    93800.00  0.2487191E-07   0.3777993E-10   0.2490969E-07
    94200.00  0.2446005E-07   0.3758277E-10   0.2449763E-07
    94600.00  0.2405523E-07   0.3738755E-10   0.2409262E-07
    95000.00  0.2366169E-07   0.3719425E-10   0.2369888E-07
    95400.00  0.2327404E-07   0.3700284E-10   0.2331104E-07
    95800.00  0.2289121E-07   0.3681329E-10   0.2292802E-07
    96200.00  0.2251927E-07   0.3662558E-10   0.2255590E-07
    96600.00  0.2215434E-07   0.3643967E-10   0.2219078E-07
    97000.00  0.2179682E-07   0.3625555E-10   0.2183308E-07
    97400.00  0.2144323E-07   0.3607320E-10   0.2147930E-07
    97800.00  0.2110237E-07   0.3589258E-10   0.2113826E-07
    98200.00  0.2076332E-07   0.3571367E-10   0.2079903E-07
    98600.00  0.2043377E-07   0.3553645E-10   0.2046931E-07
    99000.00  0.2011099E-07   0.3536089E-10   0.2014635E-07
    99400.00  0.1979149E-07   0.3518698E-10   0.1982668E-07
    99800.00  0.1948172E-07   0.3501469E-10   0.1951673E-07
   100200.00  0.1917604E-07   0.7917554E-11   0.1918396E-07
   200000.00  0.1241508E-08   0.1987314E-11   0.1243495E-08
   400000.00  0.7849320E-10   0.4968285E-12   0.7899003E-10
   600000.00  0.1550000E-10   0.2208127E-12   0.1572081E-10
   800000.00  0.4892529E-11   0.1242071E-12   0.5016736E-11
  1000000.00  0.1997365E-11   0.7949256E-13   0.2076858E-11
  1200000.00  0.9599641E-12   0.5520316E-13   0.1015167E-11
  1400000.00  0.5165209E-12   0.4055743E-13   0.5570783E-12
  1600000.00  0.3017456E-12   0.3105178E-13   0.3327974E-12
