       91.00  0.1793912E-11   0.0000000E+00   0.1793912E-11
       94.00  0.3738524E-10   0.0000000E+00   0.3738524E-10
       96.00  0.5357991E-10   0.0000000E+00   0.5357991E-10
       98.00  0.7007653E-10   0.0000000E+00   0.7007653E-10
      100.00  0.9250930E-10   0.0000000E+00   0.9250930E-10
      102.00  0.1224449E-09   0.0000000E+00   0.1224449E-09
      104.00  0.1535049E-09   0.0000000E+00   0.1535049E-09
      106.00  0.1949573E-09   0.0000000E+00   0.1949573E-09
      108.00  0.2424355E-09   0.0000000E+00   0.2424355E-09
      110.00  0.3153359E-09   0.0000000E+00   0.3153359E-09
      114.00  0.4630030E-09   0.0000000E+00   0.4630030E-09
      118.00  0.6381751E-09   0.0000000E+00   0.6381751E-09
      121.00  0.1035630E-08   0.0000000E+00   0.1035630E-08
      125.00  0.1406870E-08   0.0000000E+00   0.1406870E-08
      127.00  0.1564945E-08   0.0000000E+00   0.1564945E-08
      128.00  0.1861747E-08   0.0000000E+00   0.1861747E-08
      131.00  0.2038904E-08   0.0000000E+00   0.2038904E-08
      132.00  0.2543917E-08   0.0000000E+00   0.2543917E-08
      134.00  0.2718237E-08   0.0000000E+00   0.2718237E-08
      137.00  0.2955084E-08   0.0000000E+00   0.2955084E-08
      140.00  0.3806333E-08   0.0000000E+00   0.3806333E-08
      143.00  0.5210560E-08   0.0000000E+00   0.5210560E-08
      147.00  0.8760023E-08   0.0000000E+00   0.8760023E-08
      151.00  0.1025764E-07   0.0000000E+00   0.1025764E-07
      155.00  0.1148574E-07   0.0000000E+00   0.1148574E-07
      159.00  0.1561819E-07   0.0000000E+00   0.1561819E-07
      162.00  0.2008268E-07   0.0000000E+00   0.2008268E-07
      166.00  0.2165440E-07   0.0000000E+00   0.2165440E-07
      170.00  0.2435379E-07   0.0000000E+00   0.2435379E-07
      173.00  0.2894846E-07   0.0000000E+00   0.2894846E-07
      177.00  0.2766761E-07   0.0000000E+00   0.2766761E-07
      180.00  0.3282012E-07   0.0000000E+00   0.3282012E-07
      182.00  0.3014569E-07   0.0000000E+00   0.3014569E-07
      186.00  0.3345831E-07   0.0000000E+00   0.3345831E-07
      191.00  0.3663116E-07   0.0000000E+00   0.3663116E-07
      194.00  0.4095926E-07   0.0000000E+00   0.4095926E-07
      198.00  0.4399288E-07   0.0000000E+00   0.4399288E-07
      202.00  0.4872669E-07   0.0000000E+00   0.4872669E-07
      205.00  0.4974364E-07   0.0000000E+00   0.4974364E-07
      210.00  0.5439260E-07   0.0000000E+00   0.5439260E-07
      216.00  0.5647597E-07   0.0000000E+00   0.5647597E-07
      220.00  0.6233720E-07   0.0000000E+00   0.6233720E-07
      223.00  0.6517918E-07   0.0000000E+00   0.6517918E-07
      227.00  0.6890463E-07   0.0000000E+00   0.6890463E-07
      228.00  0.6982459E-07   0.0000000E+00   0.6982459E-07
      228.00  0.4205178E-06   0.0000000E+00   0.4205178E-06
      230.00  0.1681794E-06   0.0000000E+00   0.1681794E-06
      234.00  0.6728562E-06   0.0000000E+00   0.6728562E-06
      240.00  0.1311315E-05   0.0000000E+00   0.1311315E-05
      246.00  0.1453109E-05   0.0000000E+00   0.1453109E-05
      252.00  0.2054794E-05   0.0000000E+00   0.2054794E-05
      257.00  0.1781124E-05   0.0000000E+00   0.1781124E-05
      260.00  0.2063747E-05   0.0000000E+00   0.2063747E-05
      264.00  0.2247571E-05   0.0000000E+00   0.2247571E-05
      269.00  0.2167314E-05   0.0000000E+00   0.2167314E-05
      274.00  0.2401279E-05   0.0000000E+00   0.2401279E-05
      279.00  0.2013640E-05   0.0000000E+00   0.2013640E-05
      284.00  0.2141303E-05   0.0000000E+00   0.2141303E-05
      290.00  0.1887496E-05   0.0000000E+00   0.1887496E-05
      296.00  0.1834015E-05   0.0000000E+00   0.1834015E-05
      301.00  0.1528360E-05   0.0000000E+00   0.1528360E-05
      308.00  0.1850626E-05   0.0000000E+00   0.1850626E-05
      318.00  0.2138949E-05   0.0000000E+00   0.2138949E-05
      328.00  0.2268672E-05   0.0000000E+00   0.2268672E-05
      338.00  0.1949657E-05   0.0000000E+00   0.1949657E-05
      348.00  0.1798494E-05   0.0000000E+00   0.1798494E-05
      353.30  0.1786433E-05   0.0000000E+00   0.1786433E-05
      353.30  0.1686833E-05   0.0000000E+00   0.1686833E-05
      357.00  0.1733948E-05   0.0000000E+00   0.1733948E-05
      366.00  0.1848551E-05   0.0000000E+00   0.1848551E-05
      375.00  0.1835150E-05   0.0000000E+00   0.1835150E-05
      385.00  0.1620709E-05   0.0000000E+00   0.1620709E-05
      395.00  0.1551756E-05   0.0000000E+00   0.1551756E-05
      405.00  0.1696924E-05   0.0000000E+00   0.1696924E-05
      414.00  0.1725391E-05   0.0000000E+00   0.1725391E-05
      422.00  0.1480137E-05   0.0000000E+00   0.1480137E-05
      430.00  0.1356905E-05   0.0000000E+00   0.1356905E-05
      441.00  0.1312376E-05   0.0000000E+00   0.1312376E-05
      451.00  0.1417802E-05   0.0000000E+00   0.1417802E-05
      460.00  0.1352664E-05   0.0000000E+00   0.1352664E-05
      470.00  0.1410716E-05   0.0000000E+00   0.1410716E-05
      480.00  0.1179637E-05   0.0000000E+00   0.1179637E-05
      490.00  0.1251435E-05   0.0000000E+00   0.1251435E-05
      500.00  0.1228556E-05   0.0000000E+00   0.1228556E-05
      504.60  0.1192895E-05   0.0000000E+00   0.1192895E-05
      504.60  0.1182087E-05   0.0000000E+00   0.1182087E-05
      506.00  0.1188104E-05   0.0000000E+00   0.1188104E-05
      512.00  0.1206156E-05   0.0000000E+00   0.1206156E-05
      520.00  0.1222798E-05   0.0000000E+00   0.1222798E-05
      530.00  0.1097525E-05   0.0000000E+00   0.1097525E-05
      540.00  0.8807220E-06   0.0000000E+00   0.8807220E-06
      550.00  0.7904367E-06   0.0000000E+00   0.7904367E-06
      560.00  0.1010678E-05   0.0000000E+00   0.1010678E-05
      570.00  0.1020300E-05   0.0000000E+00   0.1020300E-05
      580.00  0.8399008E-06   0.0000000E+00   0.8399008E-06
      590.00  0.1008709E-05   0.0000000E+00   0.1008709E-05
      600.00  0.8748276E-06   0.0000000E+00   0.8748276E-06
      610.00  0.9221807E-06   0.0000000E+00   0.9221807E-06
      620.00  0.7756600E-06   0.0000000E+00   0.7756600E-06
      630.00  0.7329686E-06   0.0000000E+00   0.7329686E-06
      640.00  0.7859072E-06   0.0000000E+00   0.7859072E-06
      650.00  0.7997547E-06   0.0000000E+00   0.7997547E-06
      658.00  0.7149955E-06   0.0000000E+00   0.7149955E-06
      665.00  0.6184899E-06   0.0000000E+00   0.6184899E-06
      675.00  0.7370574E-06   0.0000000E+00   0.7370574E-06
      685.00  0.6974045E-06   0.0000000E+00   0.6974045E-06
      695.00  0.6795345E-06   0.0000000E+00   0.6795345E-06
      705.00  0.6352091E-06   0.0000000E+00   0.6352091E-06
      716.00  0.6732450E-06   0.0000000E+00   0.6732450E-06
      726.00  0.6503844E-06   0.0000000E+00   0.6503844E-06
      735.00  0.6044890E-06   0.0000000E+00   0.6044890E-06
      745.00  0.5743016E-06   0.0000000E+00   0.5743016E-06
      755.00  0.5013728E-06   0.0000000E+00   0.5013728E-06
      765.00  0.5230618E-06   0.0000000E+00   0.5230618E-06
      775.00  0.5243118E-06   0.0000000E+00   0.5243118E-06
      785.00  0.3274927E-06   0.0000000E+00   0.3274927E-06
      795.00  0.5215041E-06   0.0000000E+00   0.5215041E-06
      805.00  0.5181154E-06   0.0000000E+00   0.5181154E-06
      815.00  0.4995962E-06   0.0000000E+00   0.4995962E-06
      825.00  0.4880372E-06   0.0000000E+00   0.4880372E-06
      835.00  0.4297151E-06   0.0000000E+00   0.4297151E-06
      845.00  0.4579504E-06   0.0000000E+00   0.4579504E-06
      855.00  0.4328476E-06   0.0000000E+00   0.4328476E-06
      865.00  0.4044619E-06   0.0000000E+00   0.4044619E-06
      875.00  0.4300171E-06   0.0000000E+00   0.4300171E-06
      885.00  0.4220804E-06   0.0000000E+00   0.4220804E-06
      895.00  0.4162164E-06   0.0000000E+00   0.4162164E-06
      905.00  0.3971399E-06   0.0000000E+00   0.3971399E-06
      912.40  0.3745170E-06   0.3501102E-12   0.3745173E-06
      912.40  0.1015979E-05   0.3501189E-12   0.1015979E-05
      915.00  0.9715502E-06   0.3797583E-12   0.9715506E-06
      925.00  0.8006703E-06   0.4856631E-12   0.8006708E-06
      935.00  0.1064069E-05   0.6176970E-12   0.1064070E-05
      945.00  0.9549949E-06   0.7814575E-12   0.9549957E-06
      955.00  0.9980842E-06   0.9835548E-12   0.9980852E-06
      965.00  0.1011895E-05   0.1231758E-11   0.1011896E-05
      975.00  0.6820100E-06   0.1535162E-11   0.6820115E-06
      985.00  0.6778489E-06   0.1904360E-11   0.6778508E-06
      995.00  0.9133260E-06   0.2351649E-11   0.9133284E-06
     1005.00  0.9510674E-06   0.2891243E-11   0.9510703E-06
     1015.00  0.9620083E-06   0.3539504E-11   0.9620118E-06
     1025.00  0.8760143E-06   0.4315203E-11   0.8760186E-06
     1035.00  0.8175738E-06   0.5239791E-11   0.8175790E-06
     1045.00  0.1062126E-05   0.6337724E-11   0.1062132E-05
     1055.00  0.1063493E-05   0.7636718E-11   0.1063501E-05
     1065.00  0.9487557E-06   0.9168136E-11   0.9487649E-06
     1075.00  0.9466203E-06   0.1096735E-10   0.9466313E-06
     1085.00  0.7906111E-06   0.1307411E-10   0.7906242E-06
     1095.00  0.9871739E-06   0.1553297E-10   0.9871894E-06
     1105.00  0.9487671E-06   0.1839372E-10   0.9487855E-06
     1115.00  0.8119674E-06   0.2171182E-10   0.8119891E-06
     1125.00  0.6863461E-06   0.2554888E-10   0.6863716E-06
     1135.00  0.9279797E-06   0.2997320E-10   0.9280097E-06
     1145.00  0.8995557E-06   0.3506026E-10   0.8995908E-06
     1155.00  0.6603710E-06   0.4089325E-10   0.6604119E-06
     1165.00  0.6768148E-06   0.4756366E-10   0.6768624E-06
     1175.00  0.6207686E-06   0.5517186E-10   0.6208238E-06
     1185.00  0.8208017E-06   0.6382768E-10   0.8208655E-06
     1195.00  0.7028777E-06   0.7365108E-10   0.7029514E-06
     1205.00  0.6139614E-06   0.8477274E-10   0.6140462E-06
     1215.00  0.5648033E-06   0.9733474E-10   0.5649006E-06
     1225.00  0.6430074E-06   0.1349009E-07   0.6564975E-06
     1235.00  0.6578655E-06   0.2564342E-07   0.6835089E-06
     1245.00  0.7481390E-06   0.3597516E-07   0.7841142E-06
     1255.00  0.6718173E-06   0.4480116E-07   0.7166185E-06
     1265.00  0.7154426E-06   0.5235565E-07   0.7677983E-06
     1275.00  0.7569458E-06   0.5882387E-07   0.8157697E-06
     1285.00  0.6510754E-06   0.6435710E-07   0.7154325E-06
     1295.00  0.6242994E-06   0.6908131E-07   0.6933807E-06
     1305.00  0.6572750E-06   0.7310278E-07   0.7303778E-06
     1315.00  0.6411630E-06   0.7651202E-07   0.7176750E-06
     1325.00  0.6175418E-06   0.7938669E-07   0.6969285E-06
     1335.00  0.6465351E-06   0.8179377E-07   0.7283289E-06
     1345.00  0.5927241E-06   0.8379136E-07   0.6765155E-06
     1355.00  0.6523204E-06   0.8543002E-07   0.7377504E-06
     1365.00  0.6139337E-06   0.8675391E-07   0.7006876E-06
     1375.00  0.5931229E-06   0.8780174E-07   0.6809246E-06
     1385.00  0.5934883E-06   0.8860752E-07   0.6820958E-06
     1395.00  0.5402940E-06   0.8920122E-07   0.6294952E-06
     1405.00  0.6000990E-06   0.8960931E-07   0.6897083E-06
     1415.00  0.5155924E-06   0.8985522E-07   0.6054476E-06
     1425.00  0.5000987E-06   0.8995971E-07   0.5900584E-06
     1435.00  0.5436786E-06   0.8994128E-07   0.6336199E-06
     1442.00  0.5536789E-06   0.8986413E-07   0.6435430E-06
     1447.00  0.5474963E-06   0.8977996E-07   0.6372763E-06
     1455.00  0.5416712E-06   0.8959972E-07   0.6312709E-06
     1465.00  0.4911783E-06   0.8930443E-07   0.5804827E-06
     1475.00  0.5114333E-06   0.8894229E-07   0.6003756E-06
     1485.00  0.4729366E-06   0.8852389E-07   0.5614605E-06
     1495.00  0.5090685E-06   0.8805878E-07   0.5971273E-06
     1505.00  0.4799890E-06   0.8755554E-07   0.5675445E-06
     1512.00  0.4313622E-06   0.8718479E-07   0.5185470E-06
     1517.00  0.4485668E-06   0.8691224E-07   0.5354790E-06
     1525.00  0.3940504E-06   0.8646510E-07   0.4805155E-06
     1535.00  0.3979108E-06   0.8589138E-07   0.4838022E-06
     1545.00  0.3320860E-06   0.8530664E-07   0.4173926E-06
     1555.00  0.4198333E-06   0.8471596E-07   0.5045493E-06
     1565.00  0.3465863E-06   0.8412445E-07   0.4307108E-06
     1575.00  0.4036098E-06   0.8353663E-07   0.4871464E-06
     1585.00  0.3602612E-06   0.8295666E-07   0.4432179E-06
     1595.00  0.4195520E-06   0.8238839E-07   0.5019404E-06
     1605.00  0.4179433E-06   0.8183541E-07   0.4997787E-06
     1615.00  0.4135845E-06   0.8130106E-07   0.4948856E-06
     1625.00  0.3989390E-06   0.8078845E-07   0.4797275E-06
     1635.00  0.4008029E-06   0.8030054E-07   0.4811034E-06
     1645.00  0.3946865E-06   0.7984008E-07   0.4745266E-06
     1655.00  0.3833483E-06   0.7940972E-07   0.4627580E-06
     1665.00  0.3933620E-06   0.7901196E-07   0.4723740E-06
     1672.00  0.3688706E-06   0.7875421E-07   0.4476248E-06
     1677.00  0.3855578E-06   0.7858104E-07   0.4641388E-06
     1685.00  0.3906496E-06   0.7832370E-07   0.4689733E-06
     1695.00  0.3758043E-06   0.7803770E-07   0.4538420E-06
     1705.00  0.3627028E-06   0.7779331E-07   0.4404961E-06
     1715.00  0.3482864E-06   0.7759260E-07   0.4258790E-06
     1725.00  0.3441775E-06   0.7743757E-07   0.4216151E-06
     1735.00  0.3504141E-06   0.7733020E-07   0.4277443E-06
     1745.00  0.3421190E-06   0.7727239E-07   0.4193914E-06
     1755.00  0.3490514E-06   0.7726602E-07   0.4263174E-06
     1765.00  0.3317262E-06   0.7731296E-07   0.4090392E-06
     1775.00  0.3297623E-06   0.7741503E-07   0.4071773E-06
     1785.00  0.3287007E-06   0.7757403E-07   0.4062747E-06
     1795.00  0.3363211E-06   0.7779181E-07   0.4141129E-06
     1805.00  0.3321427E-06   0.7807015E-07   0.4102128E-06
     1815.00  0.3137971E-06   0.7841076E-07   0.3922079E-06
     1825.00  0.3149809E-06   0.7881542E-07   0.3937963E-06
     1835.00  0.3052873E-06   0.7928589E-07   0.3845732E-06
     1845.00  0.2899004E-06   0.7982391E-07   0.3697243E-06
     1855.00  0.2831037E-06   0.8043122E-07   0.3635349E-06
     1865.00  0.2845691E-06   0.8110957E-07   0.3656787E-06
     1875.00  0.2970104E-06   0.8186070E-07   0.3788711E-06
     1885.00  0.2804820E-06   0.8268637E-07   0.3631684E-06
     1895.00  0.2708722E-06   0.8358831E-07   0.3544605E-06
     1905.00  0.2780298E-06   0.8456829E-07   0.3625981E-06
     1915.00  0.2684528E-06   0.8562805E-07   0.3540808E-06
     1925.00  0.2635263E-06   0.8676935E-07   0.3502957E-06
     1935.00  0.2659034E-06   0.8799396E-07   0.3538974E-06
     1945.00  0.2687379E-06   0.8930218E-07   0.3580401E-06
     1955.00  0.2571178E-06   0.9069504E-07   0.3478128E-06
     1967.00  0.2682106E-06   0.9248262E-07   0.3606932E-06
     1976.00  0.2698555E-06   0.9390813E-07   0.3637636E-06
     1984.00  0.2604235E-06   0.9523742E-07   0.3556609E-06
     1995.00  0.2539109E-06   0.9716241E-07   0.3510733E-06
     2005.00  0.2564430E-06   0.9901180E-07   0.3554548E-06
     2015.00  0.2494322E-06   0.1009576E-06   0.3503898E-06
     2025.00  0.2531689E-06   0.1030016E-06   0.3561705E-06
     2035.00  0.2441329E-06   0.1051517E-06   0.3492846E-06
     2045.00  0.2486351E-06   0.1074065E-06   0.3560416E-06
     2055.00  0.2433772E-06   0.4345690E-07   0.2868341E-06
     2065.00  0.2417259E-06   0.4298112E-07   0.2847070E-06
     2074.00  0.2499733E-06   0.4256271E-07   0.2925360E-06
     2078.00  0.2647108E-06   0.4237971E-07   0.3070905E-06
     2085.00  0.2834722E-06   0.4206381E-07   0.3255360E-06
     2095.00  0.2705019E-06   0.4162211E-07   0.3121240E-06
     2105.00  0.2707599E-06   0.4119161E-07   0.3119515E-06
     2115.00  0.2796748E-06   0.4077221E-07   0.3204470E-06
     2125.00  0.2725028E-06   0.4036384E-07   0.3128666E-06
     2135.00  0.2638002E-06   0.3996642E-07   0.3037666E-06
     2145.00  0.2812865E-06   0.3957985E-07   0.3208664E-06
     2155.00  0.2798598E-06   0.3920407E-07   0.3190639E-06
     2165.00  0.2658358E-06   0.3883898E-07   0.3046748E-06
     2175.00  0.2619413E-06   0.3848454E-07   0.3004258E-06
     2185.00  0.2832452E-06   0.3814067E-07   0.3213859E-06
     2195.00  0.2824079E-06   0.3780727E-07   0.3202152E-06
     2205.00  0.2794143E-06   0.3748426E-07   0.3168986E-06
     2215.00  0.2498005E-06   0.3717156E-07   0.2869721E-06
     2225.00  0.2644456E-06   0.3686909E-07   0.3013147E-06
     2235.00  0.3069560E-06   0.3657677E-07   0.3435328E-06
     2245.00  0.2962200E-06   0.3629454E-07   0.3325145E-06
     2255.00  0.2594680E-06   0.3602231E-07   0.2954903E-06
     2265.00  0.2474498E-06   0.3576002E-07   0.2832098E-06
     2275.00  0.2559990E-06   0.3550759E-07   0.2915066E-06
     2285.00  0.3059980E-06   0.3526483E-07   0.3412628E-06
     2295.00  0.2698688E-06   0.3503164E-07   0.3049004E-06
     2305.00  0.2939485E-06   0.3480808E-07   0.3287566E-06
     2315.00  0.2680011E-06   0.3459408E-07   0.3025952E-06
     2325.00  0.2317913E-06   0.3438957E-07   0.2661809E-06
     2335.00  0.2391676E-06   0.3419448E-07   0.2733621E-06
     2345.00  0.2062854E-06   0.3400874E-07   0.2402941E-06
     2355.00  0.2622357E-06   0.3383230E-07   0.2960680E-06
     2365.00  0.2126572E-06   0.3366508E-07   0.2463223E-06
     2375.00  0.2320760E-06   0.3350702E-07   0.2655830E-06
     2385.00  0.1944558E-06   0.3335807E-07   0.2278139E-06
     2395.00  0.2124961E-06   0.3321814E-07   0.2457142E-06
     2405.00  0.2120821E-06   0.3308721E-07   0.2451693E-06
     2415.00  0.2176746E-06   0.3296521E-07   0.2506398E-06
     2425.00  0.2844420E-06   0.3285207E-07   0.3172941E-06
     2435.00  0.2877430E-06   0.3274772E-07   0.3204907E-06
     2445.00  0.3281951E-06   0.3265212E-07   0.3608472E-06
     2455.00  0.3442279E-06   0.3256520E-07   0.3767931E-06
     2465.00  0.2925230E-06   0.3248690E-07   0.3250099E-06
     2475.00  0.2688274E-06   0.3241718E-07   0.3012446E-06
     2485.00  0.1940074E-06   0.3235596E-07   0.2263634E-06
     2495.00  0.2202222E-06   0.3230321E-07   0.2525254E-06
     2505.00  0.2887648E-06   0.3225885E-07   0.3210237E-06
     2513.00  0.1920833E-06   0.3222938E-07   0.2243127E-06
     2518.00  0.1781119E-06   0.3221367E-07   0.2103256E-06
     2525.00  0.1801770E-06   0.3219514E-07   0.2123721E-06
     2535.00  0.2451927E-06   0.3217568E-07   0.2773684E-06
     2545.00  0.2481503E-06   0.3216446E-07   0.2803148E-06
     2555.00  0.4435413E-06   0.3216139E-07   0.4757027E-06
     2565.00  0.3328735E-06   0.3216642E-07   0.3650399E-06
     2575.00  0.4292346E-06   0.3217949E-07   0.4614141E-06
     2585.00  0.3847951E-06   0.3220056E-07   0.4169957E-06
     2595.00  0.3556375E-06   0.3222957E-07   0.3878671E-06
     2605.00  0.3189961E-06   0.3056681E-07   0.3495629E-06
     2615.00  0.2947860E-06   0.3058096E-07   0.3253670E-06
     2625.00  0.3741860E-06   0.3060274E-07   0.4047887E-06
     2635.00  0.6701970E-06   0.3063211E-07   0.7008291E-06
     2645.00  0.8624783E-06   0.3066903E-07   0.8931473E-06
     2655.00  0.1337430E-05   0.3071346E-07   0.1368143E-05
     2665.00  0.7800970E-06   0.3076535E-07   0.8108624E-06
     2675.00  0.8741864E-06   0.3082468E-07   0.9050111E-06
     2685.00  0.1072224E-05   0.3089138E-07   0.1103115E-05
     2695.00  0.7124659E-06   0.3096544E-07   0.7434313E-06
     2705.00  0.9326961E-06   0.3104680E-07   0.9637429E-06
     2715.00  0.6452375E-06   0.3113543E-07   0.6763729E-06
     2725.00  0.4400736E-06   0.3123128E-07   0.4713049E-06
     2735.00  0.6010276E-06   0.3133432E-07   0.6323619E-06
     2745.00  0.3828888E-06   0.3144451E-07   0.4143333E-06
     2755.00  0.5169054E-06   0.3156181E-07   0.5484672E-06
     2765.00  0.6853793E-06   0.3168617E-07   0.7170655E-06
     2775.00  0.7147936E-06   0.3181757E-07   0.7466112E-06
     2785.00  0.4377694E-06   0.3195597E-07   0.4697254E-06
     2795.00  0.2407528E-06   0.3210131E-07   0.2728541E-06
     2805.00  0.2781024E-06   0.3225358E-07   0.3103560E-06
     2815.00  0.6185580E-06   0.3241272E-07   0.6509707E-06
     2825.00  0.8720393E-06   0.3257871E-07   0.9046180E-06
     2835.00  0.7624318E-06   0.3275149E-07   0.7951833E-06
     2845.00  0.4720296E-06   0.3293105E-07   0.5049606E-06
     2855.00  0.2774920E-06   0.3311704E-07   0.3106090E-06
     2865.00  0.6851035E-06   0.3330941E-07   0.7184129E-06
     2875.00  0.1128002E-05   0.3350839E-07   0.1161510E-05
     2885.00  0.1062686E-05   0.3371393E-07   0.1096400E-05
     2895.00  0.1474289E-05   0.3392600E-07   0.1508215E-05
     2910.00  0.2133265E-05   0.3425626E-07   0.2167521E-05
     2930.00  0.1797425E-05   0.3471910E-07   0.1832144E-05
     2950.00  0.1576070E-05   0.3520734E-07   0.1611277E-05
     2970.00  0.1605421E-05   0.3572069E-07   0.1641142E-05
     2990.00  0.1635424E-05   0.3625883E-07   0.1671683E-05
     3010.00  0.1558196E-05   0.3682144E-07   0.1595017E-05
     3030.00  0.1775171E-05   0.3740823E-07   0.1812579E-05
     3050.00  0.1858077E-05   0.3801897E-07   0.1896096E-05
     3070.00  0.2202315E-05   0.3865340E-07   0.2240968E-05
     3090.00  0.2073305E-05   0.3931112E-07   0.2112616E-05
     3110.00  0.2661970E-05   0.3999181E-07   0.2701962E-05
     3130.00  0.2357527E-05   0.4031153E-07   0.2397839E-05
     3150.00  0.2428508E-05   0.4102702E-07   0.2469535E-05
     3170.00  0.2760096E-05   0.4176444E-07   0.2801860E-05
     3190.00  0.2306428E-05   0.4252350E-07   0.2348951E-05
     3210.00  0.2542216E-05   0.4330386E-07   0.2585520E-05
     3230.00  0.2103210E-05   0.4410521E-07   0.2147315E-05
     3250.00  0.3251427E-05   0.4492726E-07   0.3296354E-05
     3270.00  0.3911938E-05   0.4576884E-07   0.3957707E-05
     3290.00  0.3868535E-05   0.4662982E-07   0.3915165E-05
     3310.00  0.3454816E-05   0.4751027E-07   0.3502326E-05
     3330.00  0.3634478E-05   0.4840987E-07   0.3682888E-05
     3350.00  0.3457308E-05   0.4932828E-07   0.3506636E-05
     3370.00  0.2353674E-05   0.5026517E-07   0.2403939E-05
     3390.00  0.2750869E-05   0.5122023E-07   0.2802089E-05
     3410.00  0.2843709E-05   0.5219311E-07   0.2895902E-05
     3430.00  0.3068511E-05   0.4940131E-07   0.3117912E-05
     3450.00  0.3221731E-05   0.5030997E-07   0.3272041E-05
     3470.00  0.3382883E-05   0.5123439E-07   0.3434117E-05
     3490.00  0.3990229E-05   0.5217428E-07   0.4042403E-05
     3510.00  0.4360736E-05   0.5312928E-07   0.4413865E-05
     3530.00  0.3793419E-05   0.5409873E-07   0.3847518E-05
     3550.00  0.4509023E-05   0.5508264E-07   0.4564106E-05
     3570.00  0.2696589E-05   0.5608070E-07   0.2752670E-05
     3590.00  0.2821906E-05   0.5709260E-07   0.2878999E-05
     3610.00  0.3864927E-05   0.5811804E-07   0.3923045E-05
     3630.00  0.4173901E-05   0.5915670E-07   0.4233058E-05
     3640.00  0.4441920E-05   0.5968090E-07   0.4501601E-05
     3650.00  0.5125248E-05   0.9139811E-08   0.5134388E-05
     3670.00  0.5617826E-05   0.9061900E-08   0.5626888E-05
     3690.00  0.4878405E-05   0.8246552E-08   0.4886652E-05
     3710.00  0.5059441E-05   0.8157538E-08   0.5067599E-05
     3730.00  0.2944628E-05   0.8071385E-08   0.2952699E-05
     3750.00  0.3456759E-05   0.7988017E-08   0.3464747E-05
     3770.00  0.4874330E-05   0.7907363E-08   0.4882237E-05
     3790.00  0.5009491E-05   0.7829351E-08   0.5017320E-05
     3810.00  0.4496528E-05   0.7753915E-08   0.4504282E-05
     3830.00  0.2266134E-05   0.7680986E-08   0.2273815E-05
     3850.00  0.3226768E-05   0.7610500E-08   0.3234378E-05
     3870.00  0.3171875E-05   0.7542395E-08   0.3179417E-05
     3890.00  0.4450982E-05   0.7476609E-08   0.4458459E-05
     3910.00  0.5656813E-05   0.7413083E-08   0.5664226E-05
     3930.00  0.2561801E-05   0.7351758E-08   0.2569153E-05
     3950.00  0.4798765E-05   0.7292580E-08   0.4806058E-05
     3970.00  0.3258350E-05   0.7235502E-08   0.3265586E-05
     3990.00  0.7704840E-05   0.7180491E-08   0.7712020E-05
     4010.00  0.8586548E-05   0.7127464E-08   0.8593675E-05
     4030.00  0.8369478E-05   0.7076371E-08   0.8376554E-05
     4050.00  0.7961027E-05   0.7027162E-08   0.7968054E-05
     4070.00  0.7379853E-05   0.6979790E-08   0.7386833E-05
     4090.00  0.9609613E-05   0.6934207E-08   0.9616547E-05
     4110.00  0.8971860E-05   0.6890369E-08   0.8978750E-05
     4130.00  0.8550241E-05   0.6848230E-08   0.8557089E-05
     4150.00  0.8228003E-05   0.6807748E-08   0.8234811E-05
     4170.00  0.8419378E-05   0.6768881E-08   0.8426147E-05
     4190.00  0.8182835E-05   0.6731587E-08   0.8189567E-05
     4210.00  0.8299776E-05   0.6695827E-08   0.8306472E-05
     4230.00  0.7774476E-05   0.6661561E-08   0.7781138E-05
     4250.00  0.8433442E-05   0.6628752E-08   0.8440071E-05
     4270.00  0.7853533E-05   0.6597363E-08   0.7860130E-05
     4290.00  0.7319584E-05   0.6567357E-08   0.7326151E-05
     4310.00  0.6307644E-05   0.6538700E-08   0.6314183E-05
     4330.00  0.9732172E-05   0.6511356E-08   0.9738683E-05
     4350.00  0.9817797E-05   0.6485295E-08   0.9824282E-05
     4370.00  0.1064213E-04   0.6460484E-08   0.1064859E-04
     4390.00  0.9192105E-05   0.6436890E-08   0.9198542E-05
     4410.00  0.9846071E-05   0.6414481E-08   0.9852485E-05
     4430.00  0.1084600E-04   0.6393225E-08   0.1085239E-04
     4450.00  0.1098204E-04   0.6373095E-08   0.1098841E-04
     4470.00  0.1188492E-04   0.6354060E-08   0.1189127E-04
     4490.00  0.1225612E-04   0.6336093E-08   0.1226246E-04
     4510.00  0.1421033E-04   0.6319167E-08   0.1421665E-04
     4530.00  0.1215003E-04   0.6303253E-08   0.1215633E-04
     4550.00  0.1288968E-04   0.6288327E-08   0.1289597E-04
     4570.00  0.1402499E-04   0.6274363E-08   0.1403126E-04
     4590.00  0.1322535E-04   0.6261335E-08   0.1323161E-04
     4610.00  0.1360654E-04   0.6249219E-08   0.1361279E-04
     4630.00  0.1329461E-04   0.6237991E-08   0.1330085E-04
     4650.00  0.1346931E-04   0.6227629E-08   0.1347554E-04
     4670.00  0.1418466E-04   0.6218108E-08   0.1419088E-04
     4690.00  0.1396863E-04   0.6209408E-08   0.1397484E-04
     4710.00  0.1350164E-04   0.6201507E-08   0.1350784E-04
     4730.00  0.1392233E-04   0.6194383E-08   0.1392852E-04
     4750.00  0.1443978E-04   0.6188016E-08   0.1444597E-04
     4770.00  0.1413643E-04   0.6182385E-08   0.1414261E-04
     4790.00  0.1423303E-04   0.6177471E-08   0.1423921E-04
     4810.00  0.1429009E-04   0.6173235E-08   0.1429626E-04
     4830.00  0.1488144E-04   0.6169656E-08   0.1488761E-04
     4850.00  0.1414063E-04   0.6166736E-08   0.1414680E-04
     4870.00  0.1300672E-04   0.6164456E-08   0.1301288E-04
     4890.00  0.1435437E-04   0.6162798E-08   0.1436053E-04
     4910.00  0.1435212E-04   0.6161746E-08   0.1435828E-04
     4930.00  0.1400263E-04   0.6161282E-08   0.1400879E-04
     4950.00  0.1465705E-04   0.6161392E-08   0.1466321E-04
     4970.00  0.1429269E-04   0.6162057E-08   0.1429885E-04
     4990.00  0.1322421E-04   0.6163263E-08   0.1323037E-04
     5010.00  0.1236778E-04   0.6164995E-08   0.1237394E-04
     5030.00  0.1328392E-04   0.6167237E-08   0.1329009E-04
     5050.00  0.1317564E-04   0.6169975E-08   0.1318181E-04
     5070.00  0.1380776E-04   0.6173210E-08   0.1381393E-04
     5090.00  0.1293444E-04   0.6176991E-08   0.1294062E-04
     5110.00  0.1334414E-04   0.6181224E-08   0.1335032E-04
     5130.00  0.1282535E-04   0.6185895E-08   0.1283154E-04
     5150.00  0.1218896E-04   0.6190992E-08   0.1219515E-04
     5170.00  0.1101242E-04   0.6196501E-08   0.1101862E-04
     5190.00  0.1153837E-04   0.6202410E-08   0.1154457E-04
     5210.00  0.1283970E-04   0.6208707E-08   0.1284591E-04
     5230.00  0.1418260E-04   0.6215380E-08   0.1418882E-04
     5250.00  0.1497322E-04   0.6222417E-08   0.1497944E-04
     5270.00  0.1293615E-04   0.6229807E-08   0.1294238E-04
     5290.00  0.1521703E-04   0.6237539E-08   0.1522327E-04
     5310.00  0.1637664E-04   0.6245602E-08   0.1638289E-04
     5330.00  0.1409151E-04   0.6253985E-08   0.1409776E-04
     5350.00  0.1567030E-04   0.6262678E-08   0.1567656E-04
     5370.00  0.1552611E-04   0.6271664E-08   0.1553238E-04
     5390.00  0.1516077E-04   0.6280924E-08   0.1516705E-04
     5410.00  0.1491011E-04   0.6290462E-08   0.1491640E-04
     5430.00  0.1512974E-04   0.6300269E-08   0.1513604E-04
     5450.00  0.1559194E-04   0.6310336E-08   0.1559825E-04
     5470.00  0.1528852E-04   0.6320653E-08   0.1529484E-04
     5490.00  0.1557527E-04   0.6331213E-08   0.1558160E-04
     5510.00  0.1523058E-04   0.6342006E-08   0.1523692E-04
     5530.00  0.1592578E-04   0.6353024E-08   0.1593213E-04
     5550.00  0.1618244E-04   0.6364258E-08   0.1618880E-04
     5570.00  0.1577959E-04   0.6375700E-08   0.1578597E-04
     5590.00  0.1532849E-04   0.6387344E-08   0.1533488E-04
     5610.00  0.1596090E-04   0.6399179E-08   0.1596730E-04
     5630.00  0.1587869E-04   0.6411201E-08   0.1588510E-04
     5650.00  0.1620255E-04   0.6423400E-08   0.1620897E-04
     5670.00  0.1573116E-04   0.6435770E-08   0.1573760E-04
     5690.00  0.1629784E-04   0.6448304E-08   0.1630429E-04
     5710.00  0.1567047E-04   0.4566479E-08   0.1567504E-04
     5730.00  0.1716656E-04   0.4566749E-08   0.1717113E-04
     5750.00  0.1653135E-04   0.4567218E-08   0.1653592E-04
     5770.00  0.1666717E-04   0.4567881E-08   0.1667174E-04
     5790.00  0.1595660E-04   0.4568731E-08   0.1596117E-04
     5810.00  0.1671299E-04   0.4569763E-08   0.1671756E-04
     5830.00  0.1723760E-04   0.4570971E-08   0.1724217E-04
     5850.00  0.1664138E-04   0.4572350E-08   0.1664595E-04
     5870.00  0.1662894E-04   0.4573894E-08   0.1663351E-04
     5890.00  0.1488363E-04   0.4575599E-08   0.1488821E-04
     5910.00  0.1635282E-04   0.4577460E-08   0.1635740E-04
     5930.00  0.1643742E-04   0.4579471E-08   0.1644200E-04
     5950.00  0.1643384E-04   0.4581628E-08   0.1643842E-04
     5970.00  0.1677141E-04   0.4583926E-08   0.1677599E-04
     5990.00  0.1650121E-04   0.4586361E-08   0.1650580E-04
     6010.00  0.1626933E-04   0.4588927E-08   0.1627392E-04
     6030.00  0.1676080E-04   0.4591622E-08   0.1676539E-04
     6050.00  0.1712026E-04   0.4594439E-08   0.1712485E-04
     6070.00  0.1705741E-04   0.4597376E-08   0.1706201E-04
     6090.00  0.1642791E-04   0.4600427E-08   0.1643251E-04
     6110.00  0.1654341E-04   0.4603588E-08   0.1654801E-04
     6130.00  0.1554412E-04   0.4606856E-08   0.1554873E-04
     6150.00  0.1604191E-04   0.4610228E-08   0.1604652E-04
     6170.00  0.1496401E-04   0.4613699E-08   0.1496862E-04
     6190.00  0.1601817E-04   0.4617266E-08   0.1602279E-04
     6210.00  0.1585346E-04   0.4620925E-08   0.1585808E-04
     6230.00  0.1530508E-04   0.4624673E-08   0.1530970E-04
     6250.00  0.1480771E-04   0.4628506E-08   0.1481234E-04
     6270.00  0.1556911E-04   0.4632422E-08   0.1557374E-04
     6290.00  0.1590514E-04   0.4636416E-08   0.1590978E-04
     6310.00  0.1551550E-04   0.4640486E-08   0.1552014E-04
     6330.00  0.1578794E-04   0.4644628E-08   0.1579258E-04
     6350.00  0.1591046E-04   0.4648840E-08   0.1591511E-04
     6370.00  0.1580101E-04   0.4653119E-08   0.1580566E-04
     6390.00  0.1608353E-04   0.4657460E-08   0.1608819E-04
     6410.00  0.1577713E-04   0.4661863E-08   0.1578179E-04
     6430.00  0.1599694E-04   0.4666324E-08   0.1600161E-04
     6450.00  0.1585729E-04   0.4670840E-08   0.1586196E-04
     6470.00  0.1582502E-04   0.4675409E-08   0.1582970E-04
     6490.00  0.1550486E-04   0.4680028E-08   0.1550954E-04
     6510.00  0.1615917E-04   0.4684695E-08   0.1616385E-04
     6530.00  0.1621166E-04   0.4689352E-08   0.1621635E-04
     6550.00  0.1578588E-04   0.4694036E-08   0.1579057E-04
     6570.00  0.1505328E-04   0.4698758E-08   0.1505798E-04
     6590.00  0.1589468E-04   0.4703515E-08   0.1589938E-04
     6610.00  0.1600085E-04   0.4708305E-08   0.1600556E-04
     6630.00  0.1581895E-04   0.4713127E-08   0.1582366E-04
     6650.00  0.1580238E-04   0.4695210E-08   0.1580708E-04
     6670.00  0.1539374E-04   0.4700106E-08   0.1539844E-04
     6690.00  0.1559156E-04   0.4705027E-08   0.1559627E-04
     6710.00  0.1493166E-04   0.4709973E-08   0.1493637E-04
     6730.00  0.1533645E-04   0.4714941E-08   0.1534116E-04
     6750.00  0.1504974E-04   0.4719929E-08   0.1505446E-04
     6770.00  0.1515913E-04   0.4724935E-08   0.1516385E-04
     6790.00  0.1495739E-04   0.4729959E-08   0.1496212E-04
     6810.00  0.1505950E-04   0.4734997E-08   0.1506423E-04
     6830.00  0.1528211E-04   0.4740048E-08   0.1528685E-04
     6850.00  0.1485119E-04   0.4745110E-08   0.1485594E-04
     6870.00  0.1513574E-04   0.4750183E-08   0.1514049E-04
     6890.00  0.1537240E-04   0.4755264E-08   0.1537716E-04
     6910.00  0.1536597E-04   0.4760351E-08   0.1537073E-04
     6930.00  0.1526009E-04   0.4765444E-08   0.1526486E-04
     6950.00  0.1530247E-04   0.4770541E-08   0.1530724E-04
     6970.00  0.1555366E-04   0.4775639E-08   0.1555844E-04
     6990.00  0.1551674E-04   0.4780740E-08   0.1552152E-04
     7010.00  0.1532576E-04   0.4785839E-08   0.1533055E-04
     7030.00  0.1573210E-04   0.4790941E-08   0.1573689E-04
     7050.00  0.1584096E-04   0.4796040E-08   0.1584576E-04
     7070.00  0.1517482E-04   0.4801134E-08   0.1517962E-04
     7090.00  0.1461287E-04   0.4806222E-08   0.1461768E-04
     7110.00  0.1421706E-04   0.4811303E-08   0.1422187E-04
     7130.00  0.1386486E-04   0.4816376E-08   0.1386968E-04
     7150.00  0.1380481E-04   0.4821440E-08   0.1380963E-04
     7170.00  0.1401728E-04   0.4826492E-08   0.1402211E-04
     7190.00  0.1369745E-04   0.4831534E-08   0.1370228E-04
     7210.00  0.1401603E-04   0.4836562E-08   0.1402087E-04
     7230.00  0.1445307E-04   0.4841577E-08   0.1445791E-04
     7250.00  0.1457991E-04   0.4846577E-08   0.1458476E-04
     7270.00  0.1476282E-04   0.4851562E-08   0.1476767E-04
     7290.00  0.1462271E-04   0.4856530E-08   0.1462757E-04
     7310.00  0.1513027E-04   0.4861481E-08   0.1513513E-04
     7330.00  0.1521577E-04   0.4866414E-08   0.1522064E-04
     7350.00  0.1544284E-04   0.4871327E-08   0.1544771E-04
     7370.00  0.1589259E-04   0.4876220E-08   0.1589747E-04
     7390.00  0.1564286E-04   0.4881092E-08   0.1564774E-04
     7410.00  0.1567743E-04   0.4885943E-08   0.1568232E-04
     7430.00  0.1615852E-04   0.4890771E-08   0.1616341E-04
     7450.00  0.1614446E-04   0.4887769E-08   0.1614935E-04
     7470.00  0.1650280E-04   0.4892552E-08   0.1650769E-04
     7490.00  0.1652724E-04   0.4897311E-08   0.1653214E-04
     7510.00  0.1672600E-04   0.4902046E-08   0.1673090E-04
     7530.00  0.1706037E-04   0.4906755E-08   0.1706528E-04
     7550.00  0.1722796E-04   0.4911439E-08   0.1723287E-04
     7570.00  0.1719815E-04   0.4916095E-08   0.1720307E-04
     7590.00  0.1673113E-04   0.4920725E-08   0.1673605E-04
     7610.00  0.1627527E-04   0.4925299E-08   0.1628020E-04
     7630.00  0.1577048E-04   0.4929815E-08   0.1577541E-04
     7650.00  0.1532206E-04   0.4934301E-08   0.1532699E-04
     7670.00  0.1445869E-04   0.4938756E-08   0.1446363E-04
     7690.00  0.1482908E-04   0.4943179E-08   0.1483402E-04
     7710.00  0.1450253E-04   0.4947569E-08   0.1450748E-04
     7730.00  0.1460444E-04   0.4951928E-08   0.1460939E-04
     7750.00  0.1450387E-04   0.4956253E-08   0.1450883E-04
     7770.00  0.1466412E-04   0.4960545E-08   0.1466908E-04
     7790.00  0.1482966E-04   0.4964803E-08   0.1483462E-04
     7810.00  0.1486451E-04   0.4969028E-08   0.1486948E-04
     7830.00  0.1474064E-04   0.4973217E-08   0.1474561E-04
     7850.00  0.1455554E-04   0.4977371E-08   0.1456052E-04
     7870.00  0.1482257E-04   0.4875646E-08   0.1482745E-04
     7890.00  0.1470118E-04   0.4879689E-08   0.1470606E-04
     7910.00  0.1433655E-04   0.4883698E-08   0.1434143E-04
     7930.00  0.1444628E-04   0.4887672E-08   0.1445117E-04
     7950.00  0.1435087E-04   0.4891612E-08   0.1435576E-04
     7970.00  0.1489329E-04   0.4895516E-08   0.1489819E-04
     7990.00  0.1491725E-04   0.4899386E-08   0.1492215E-04
     8010.00  0.1510675E-04   0.4903219E-08   0.1511165E-04
     8030.00  0.1522544E-04   0.4907016E-08   0.1523035E-04
     8050.00  0.1527007E-04   0.4910779E-08   0.1527498E-04
     8070.00  0.1559452E-04   0.4914504E-08   0.1559943E-04
     8090.00  0.1551020E-04   0.4918193E-08   0.1551512E-04
     8110.00  0.1574875E-04   0.4921844E-08   0.1575367E-04
     8130.00  0.1635029E-04   0.4925458E-08   0.1635522E-04
     8150.00  0.1666012E-04   0.4929036E-08   0.1666505E-04
     8170.00  0.1685702E-04   0.4932576E-08   0.1686195E-04
     8190.00  0.1629763E-04   0.4936078E-08   0.1630257E-04
     8210.00  0.1591061E-04   0.4285835E-08   0.1591490E-04
     8230.00  0.1599126E-04   0.1734542E-08   0.1599299E-04
     8250.00  0.1594368E-04   0.1732785E-08   0.1594541E-04
     8270.00  0.1611257E-04   0.1731048E-08   0.1611430E-04
     8290.00  0.1589650E-04   0.1703655E-08   0.1589820E-04
     8310.00  0.1534542E-04   0.1701953E-08   0.1534712E-04
     8330.00  0.1522036E-04   0.1700269E-08   0.1522206E-04
     8350.00  0.1515812E-04   0.1698604E-08   0.1515982E-04
     8370.00  0.1523528E-04   0.1696957E-08   0.1523698E-04
     8390.00  0.1467169E-04   0.1695328E-08   0.1467339E-04
     8410.00  0.1519409E-04   0.1693715E-08   0.1519578E-04
     8430.00  0.1435646E-04   0.1692120E-08   0.1435815E-04
     8450.00  0.1397195E-04   0.1690541E-08   0.1397364E-04
     8470.00  0.1400466E-04   0.1688978E-08   0.1400635E-04
     8490.00  0.1420220E-04   0.1687430E-08   0.1420389E-04
     8510.00  0.1365907E-04   0.1685898E-08   0.1366076E-04
     8530.00  0.1431114E-04   0.1684381E-08   0.1431282E-04
     8550.00  0.1374634E-04   0.1682878E-08   0.1374802E-04
     8570.00  0.1470002E-04   0.1681390E-08   0.1470170E-04
     8590.00  0.1456569E-04   0.1679916E-08   0.1456737E-04
     8610.00  0.1477249E-04   0.1678456E-08   0.1477417E-04
     8630.00  0.1508858E-04   0.1677009E-08   0.1509026E-04
     8650.00  0.1524835E-04   0.1675575E-08   0.1525003E-04
     8670.00  0.1425195E-04   0.1674153E-08   0.1425362E-04
     8690.00  0.1489146E-04   0.1672745E-08   0.1489313E-04
     8710.00  0.1544153E-04   0.1671348E-08   0.1544320E-04
     8730.00  0.1561093E-04   0.1669963E-08   0.1561260E-04
     8750.00  0.1554033E-04   0.1668590E-08   0.1554200E-04
     8770.00  0.1581079E-04   0.1667228E-08   0.1581246E-04
     8790.00  0.1608967E-04   0.1665877E-08   0.1609134E-04
     8810.00  0.1579859E-04   0.1664537E-08   0.1580025E-04
     8830.00  0.1598775E-04   0.1663208E-08   0.1598941E-04
     8850.00  0.1588098E-04   0.1661889E-08   0.1588264E-04
     8870.00  0.1514794E-04   0.1660579E-08   0.1514960E-04
     8890.00  0.1527964E-04   0.1659280E-08   0.1528130E-04
     8910.00  0.1546833E-04   0.1657990E-08   0.1546999E-04
     8930.00  0.1521989E-04   0.1656710E-08   0.1522155E-04
     8950.00  0.1525360E-04   0.1655438E-08   0.1525526E-04
     8970.00  0.1534029E-04   0.1654176E-08   0.1534194E-04
     8990.00  0.1537372E-04   0.1652922E-08   0.1537537E-04
     9010.00  0.1496598E-04   0.1651677E-08   0.1496763E-04
     9030.00  0.1557915E-04   0.1650440E-08   0.1558080E-04
     9050.00  0.1612814E-04   0.1649210E-08   0.1612979E-04
     9070.00  0.1620277E-04   0.1647989E-08   0.1620442E-04
     9090.00  0.1597344E-04   0.1646775E-08   0.1597509E-04
     9110.00  0.1618594E-04   0.1645569E-08   0.1618759E-04
     9130.00  0.1645994E-04   0.1644370E-08   0.1646158E-04
     9150.00  0.1635436E-04   0.1643179E-08   0.1635600E-04
     9170.00  0.1633991E-04   0.1641995E-08   0.1634155E-04
     9190.00  0.1651454E-04   0.1640818E-08   0.1651618E-04
     9210.00  0.1585919E-04   0.1639647E-08   0.1586083E-04
     9230.00  0.1538296E-04   0.1638482E-08   0.1538460E-04
     9250.00  0.1528131E-04   0.1637324E-08   0.1528295E-04
     9270.00  0.1538057E-04   0.1636171E-08   0.1538221E-04
     9290.00  0.1510740E-04   0.1635024E-08   0.1510904E-04
     9310.00  0.1520465E-04   0.1633883E-08   0.1520628E-04
     9330.00  0.1526902E-04   0.1632748E-08   0.1527065E-04
     9350.00  0.1521081E-04   0.1631617E-08   0.1521244E-04
     9370.00  0.1493466E-04   0.1630492E-08   0.1493629E-04
     9390.00  0.1527045E-04   0.1629372E-08   0.1527208E-04
     9410.00  0.1504646E-04   0.1628257E-08   0.1504809E-04
     9430.00  0.1543017E-04   0.1627146E-08   0.1543180E-04
     9450.00  0.1523067E-04   0.1626040E-08   0.1523230E-04
     9470.00  0.1561626E-04   0.1624939E-08   0.1561788E-04
     9490.00  0.1564830E-04   0.1623842E-08   0.1564992E-04
     9510.00  0.1532438E-04   0.1622749E-08   0.1532600E-04
     9530.00  0.1547274E-04   0.1621660E-08   0.1547436E-04
     9550.00  0.1528529E-04   0.1620575E-08   0.1528691E-04
     9570.00  0.1540832E-04   0.1619494E-08   0.1540994E-04
     9590.00  0.1570162E-04   0.1618416E-08   0.1570324E-04
     9610.00  0.1548159E-04   0.1617343E-08   0.1548321E-04
     9630.00  0.1562922E-04   0.1616272E-08   0.1563084E-04
     9650.00  0.1529433E-04   0.1615205E-08   0.1529595E-04
     9670.00  0.1532476E-04   0.1614141E-08   0.1532637E-04
     9690.00  0.1558176E-04   0.1613082E-08   0.1558337E-04
     9710.00  0.1529346E-04   0.1612024E-08   0.1529507E-04
     9730.00  0.1510616E-04   0.1610968E-08   0.1510777E-04
     9750.00  0.1505631E-04   0.1609917E-08   0.1505792E-04
     9770.00  0.1515165E-04   0.1608868E-08   0.1515326E-04
     9790.00  0.1491554E-04   0.1607821E-08   0.1491715E-04
     9810.00  0.1531722E-04   0.1606777E-08   0.1531883E-04
     9830.00  0.1515726E-04   0.1605736E-08   0.1515887E-04
     9850.00  0.1525874E-04   0.1604697E-08   0.1526034E-04
     9870.00  0.1515232E-04   0.1603661E-08   0.1515392E-04
     9890.00  0.1513460E-04   0.1602626E-08   0.1513620E-04
     9910.00  0.1494320E-04   0.1601593E-08   0.1494480E-04
     9930.00  0.1506764E-04   0.1600562E-08   0.1506924E-04
     9950.00  0.1512532E-04   0.1599534E-08   0.1512692E-04
     9970.00  0.1513155E-04   0.1598508E-08   0.1513315E-04
     9990.00  0.1509204E-04   0.1597483E-08   0.1509364E-04
    10025.00  0.1509899E-04   0.1595693E-08   0.1510059E-04
    10075.00  0.1492462E-04   0.1593144E-08   0.1492621E-04
    10125.00  0.1505444E-04   0.1590605E-08   0.1505603E-04
    10175.00  0.1487487E-04   0.1588113E-08   0.1487646E-04
    10225.00  0.1489989E-04   0.1585635E-08   0.1490148E-04
    10275.00  0.1492293E-04   0.1583161E-08   0.1492451E-04
    10325.00  0.1472725E-04   0.1580690E-08   0.1472883E-04
    10375.00  0.1461718E-04   0.1578221E-08   0.1461876E-04
    10425.00  0.1466595E-04   0.1575754E-08   0.1466753E-04
    10475.00  0.1447377E-04   0.1573288E-08   0.1447534E-04
    10525.00  0.1436519E-04   0.1570822E-08   0.1436676E-04
    10575.00  0.1410547E-04   0.1568356E-08   0.1410704E-04
    10625.00  0.1397537E-04   0.1565889E-08   0.1397694E-04
    10675.00  0.1383797E-04   0.1563421E-08   0.1383953E-04
    10725.00  0.1389059E-04   0.1560950E-08   0.1389215E-04
    10775.00  0.1375797E-04   0.1558477E-08   0.1375953E-04
    10825.00  0.1354913E-04   0.1556002E-08   0.1355069E-04
    10875.00  0.1349781E-04   0.1553523E-08   0.1349936E-04
    10925.00  0.1348757E-04   0.1551040E-08   0.1348912E-04
    10975.00  0.1329140E-04   0.1548554E-08   0.1329295E-04
    11025.00  0.1318820E-04   0.1546063E-08   0.1318975E-04
    11075.00  0.1297557E-04   0.1543568E-08   0.1297711E-04
    11125.00  0.1291668E-04   0.1541068E-08   0.1291822E-04
    11175.00  0.1281901E-04   0.1357122E-08   0.1282037E-04
    11225.00  0.1281209E-04   0.1354628E-08   0.1281344E-04
    11275.00  0.1263004E-04   0.1352136E-08   0.1263139E-04
    11325.00  0.1260574E-04   0.1349646E-08   0.1260709E-04
    11375.00  0.1249904E-04   0.1347157E-08   0.1250039E-04
    11425.00  0.1234976E-04   0.1344668E-08   0.1235110E-04
    11475.00  0.1247579E-04   0.1342180E-08   0.1247713E-04
    11525.00  0.1241970E-04   0.1339693E-08   0.1242104E-04
    11575.00  0.1228090E-04   0.1337206E-08   0.1228224E-04
    11625.00  0.1207372E-04   0.1334719E-08   0.1207505E-04
    11675.00  0.1206493E-04   0.1332232E-08   0.1206626E-04
    11725.00  0.1210145E-04   0.1329744E-08   0.1210278E-04
    11775.00  0.1184683E-04   0.1327256E-08   0.1184816E-04
    11825.00  0.1173646E-04   0.1324768E-08   0.1173778E-04
    11875.00  0.1154555E-04   0.1322279E-08   0.1154687E-04
    11925.00  0.1170035E-04   0.1319789E-08   0.1170167E-04
    11975.00  0.1132409E-04   0.1317298E-08   0.1132541E-04
    12025.00  0.1149546E-04   0.1314806E-08   0.1149677E-04
    12075.00  0.1139591E-04   0.1312313E-08   0.1139722E-04
    12125.00  0.1138578E-04   0.1309818E-08   0.1138709E-04
    12175.00  0.1139152E-04   0.1307323E-08   0.1139283E-04
    12225.00  0.1131342E-04   0.1304826E-08   0.1131472E-04
    12275.00  0.1122105E-04   0.1302327E-08   0.1122235E-04
    12325.00  0.1113493E-04   0.1299828E-08   0.1113623E-04
    12375.00  0.1109442E-04   0.1297326E-08   0.1109572E-04
    12425.00  0.1093384E-04   0.1294824E-08   0.1093513E-04
    12475.00  0.1090045E-04   0.1292320E-08   0.1090174E-04
    12525.00  0.1078982E-04   0.1288526E-08   0.1079111E-04
    12575.00  0.1075774E-04   0.1286027E-08   0.1075903E-04
    12625.00  0.1068201E-04   0.1283526E-08   0.1068329E-04
    12675.00  0.1058501E-04   0.1281024E-08   0.1058629E-04
    12725.00  0.1057522E-04   0.1278521E-08   0.1057650E-04
    12775.00  0.1056688E-04   0.1276016E-08   0.1056816E-04
    12825.00  0.1025556E-04   0.1273510E-08   0.1025683E-04
    12875.00  0.1037627E-04   0.1271002E-08   0.1037754E-04
    12925.00  0.1025500E-04   0.1268493E-08   0.1025627E-04
    12975.00  0.1033523E-04   0.1265982E-08   0.1033650E-04
    13025.00  0.1020462E-04   0.1263470E-08   0.1020588E-04
    13075.00  0.1021906E-04   0.1260943E-08   0.1022032E-04
    13125.00  0.9986757E-05   0.1258414E-08   0.9988015E-05
    13175.00  0.9950883E-05   0.1255882E-08   0.9952139E-05
    13225.00  0.9941259E-05   0.1253349E-08   0.9942512E-05
    13275.00  0.9763588E-05   0.1250815E-08   0.9764839E-05
    13325.00  0.9719844E-05   0.1248278E-08   0.9721092E-05
    13375.00  0.9603805E-05   0.1245741E-08   0.9605051E-05
    13425.00  0.9643059E-05   0.1243202E-08   0.9644302E-05
    13475.00  0.9568240E-05   0.1240662E-08   0.9569481E-05
    13525.00  0.9466195E-05   0.1238120E-08   0.9467433E-05
    13575.00  0.9363564E-05   0.1235577E-08   0.9364800E-05
    13625.00  0.9301438E-05   0.1232484E-08   0.9302670E-05
    13675.00  0.9342297E-05   0.1229941E-08   0.9343527E-05
    13725.00  0.9347319E-05   0.1227397E-08   0.9348546E-05
    13775.00  0.9323342E-05   0.1224853E-08   0.9324567E-05
    13825.00  0.9335284E-05   0.1222308E-08   0.9336506E-05
    13875.00  0.9246754E-05   0.1219761E-08   0.9247974E-05
    13925.00  0.8774576E-05   0.1217215E-08   0.8775793E-05
    13975.00  0.8697957E-05   0.1214668E-08   0.8699172E-05
    14025.00  0.8638977E-05   0.1212120E-08   0.8640189E-05
    14075.00  0.8702303E-05   0.1209572E-08   0.8703513E-05
    14125.00  0.8579692E-05   0.1198804E-08   0.8580891E-05
    14175.00  0.8672416E-05   0.1196291E-08   0.8673612E-05
    14225.00  0.8612414E-05   0.1193777E-08   0.8613608E-05
    14275.00  0.8467973E-05   0.1191264E-08   0.8469164E-05
    14325.00  0.8579985E-05   0.1188750E-08   0.8581174E-05
    14375.00  0.8695536E-05   0.1186237E-08   0.8696722E-05
    14425.00  0.8493901E-05   0.1183723E-08   0.8495085E-05
    14475.00  0.8607547E-05   0.1181210E-08   0.8608728E-05
    14525.00  0.8568489E-05   0.1178697E-08   0.8569668E-05
    14570.00  0.8596159E-05   0.1176436E-08   0.8597335E-05
    14620.00  0.8393847E-05   0.7331939E-09   0.8394580E-05
    14675.00  0.8311891E-05   0.7312810E-09   0.8312622E-05
    14725.00  0.8272825E-05   0.7272992E-09   0.8273552E-05
    14775.00  0.8331491E-05   0.7255775E-09   0.8332217E-05
    14825.00  0.8388750E-05   0.7238605E-09   0.8389474E-05
    14875.00  0.8282112E-05   0.7221485E-09   0.8282834E-05
    14925.00  0.8506222E-05   0.7204412E-09   0.8506942E-05
    14975.00  0.8445271E-05   0.7187387E-09   0.8445990E-05
    15025.00  0.8300012E-05   0.7170408E-09   0.8300729E-05
    15075.00  0.8343812E-05   0.7153477E-09   0.8344527E-05
    15125.00  0.8507601E-05   0.7136592E-09   0.8508315E-05
    15175.00  0.8537452E-05   0.7119753E-09   0.8538164E-05
    15225.00  0.8541843E-05   0.7102965E-09   0.8542553E-05
    15275.00  0.8581761E-05   0.7086228E-09   0.8582470E-05
    15325.00  0.8583820E-05   0.7069535E-09   0.8584527E-05
    15375.00  0.8548821E-05   0.7052887E-09   0.8549526E-05
    15425.00  0.8478080E-05   0.7036283E-09   0.8478784E-05
    15475.00  0.8501497E-05   0.7019723E-09   0.8502199E-05
    15525.00  0.8428217E-05   0.7003206E-09   0.8428917E-05
    15575.00  0.8245337E-05   0.6986734E-09   0.8246036E-05
    15625.00  0.8302853E-05   0.6970304E-09   0.8303550E-05
    15675.00  0.8288154E-05   0.6953917E-09   0.8288849E-05
    15725.00  0.8444698E-05   0.6937574E-09   0.8445392E-05
    15775.00  0.7970204E-05   0.6921273E-09   0.7970896E-05
    15825.00  0.8009110E-05   0.6905014E-09   0.8009801E-05
    15875.00  0.8004178E-05   0.6888798E-09   0.8004867E-05
    15925.00  0.8238827E-05   0.6872624E-09   0.8239514E-05
    15975.00  0.8084083E-05   0.6856491E-09   0.8084769E-05
    16050.00  0.8193514E-05   0.6832371E-09   0.8194197E-05
    16150.00  0.8318827E-05   0.6800356E-09   0.8319507E-05
    16250.00  0.8097882E-05   0.6768506E-09   0.8098559E-05
    16350.00  0.8282129E-05   0.6736819E-09   0.8282803E-05
    16450.00  0.8040580E-05   0.6705295E-09   0.8041251E-05
    16550.00  0.8130495E-05   0.6673934E-09   0.8131162E-05
    16650.00  0.7988856E-05   0.6642733E-09   0.7989520E-05
    16750.00  0.7881393E-05   0.6611692E-09   0.7882054E-05
    16850.00  0.7790263E-05   0.6580811E-09   0.7790921E-05
    16950.00  0.7762634E-05   0.6550089E-09   0.7763289E-05
    17050.00  0.7590212E-05   0.6519524E-09   0.7590864E-05
    17150.00  0.7463468E-05   0.6489117E-09   0.7464117E-05
    17250.00  0.7286758E-05   0.6458867E-09   0.7287404E-05
    17350.00  0.7108910E-05   0.6428773E-09   0.7109553E-05
    17450.00  0.6972479E-05   0.6398835E-09   0.6973119E-05
    17550.00  0.6840943E-05   0.6369051E-09   0.6841580E-05
    17650.00  0.6680977E-05   0.6339422E-09   0.6681611E-05
    17750.00  0.6496199E-05   0.6309948E-09   0.6496830E-05
    17850.00  0.6363798E-05   0.6280628E-09   0.6364426E-05
    17950.00  0.6193722E-05   0.6251460E-09   0.6194347E-05
    18050.00  0.6025377E-05   0.6222446E-09   0.6025999E-05
    18150.00  0.5900983E-05   0.6193584E-09   0.5901602E-05
    18250.00  0.5819426E-05   0.6164884E-09   0.5820042E-05
    18350.00  0.5752859E-05   0.6136431E-09   0.5753473E-05
    18450.00  0.5572350E-05   0.6108120E-09   0.5572961E-05
    18550.00  0.5498170E-05   0.5765572E-09   0.5498747E-05
    18650.00  0.5369855E-05   0.5738909E-09   0.5370429E-05
    18750.00  0.5218616E-05   0.5712386E-09   0.5219187E-05
    18850.00  0.5227763E-05   0.5686004E-09   0.5228332E-05
    18950.00  0.5038499E-05   0.5659762E-09   0.5039065E-05
    19050.00  0.5090666E-05   0.5633659E-09   0.5091229E-05
    19150.00  0.5010495E-05   0.5607695E-09   0.5011056E-05
    19250.00  0.4941742E-05   0.5581871E-09   0.4942300E-05
    19350.00  0.4816959E-05   0.5556185E-09   0.4817515E-05
    19450.00  0.4699455E-05   0.5530637E-09   0.4700008E-05
    19550.00  0.4658501E-05   0.5505227E-09   0.4659052E-05
    19650.00  0.4590362E-05   0.5479955E-09   0.4590910E-05
    19750.00  0.4479891E-05   0.5454819E-09   0.4480436E-05
    19850.00  0.4434342E-05   0.5429821E-09   0.4434885E-05
    19950.00  0.4381257E-05   0.5404959E-09   0.4381797E-05
    20050.00  0.4351866E-05   0.5380232E-09   0.4352404E-05
    20150.00  0.4288589E-05   0.5355642E-09   0.4289125E-05
    20250.00  0.4206866E-05   0.5329705E-09   0.4207399E-05
    20350.00  0.4174646E-05   0.5305394E-09   0.4175177E-05
    20450.00  0.4145847E-05   0.5281218E-09   0.4146375E-05
    20550.00  0.4075894E-05   0.5257176E-09   0.4076420E-05
    20650.00  0.4038736E-05   0.5233267E-09   0.4039259E-05
    20750.00  0.4005426E-05   0.5209491E-09   0.4005947E-05
    20850.00  0.3945836E-05   0.5185848E-09   0.3946355E-05
    20950.00  0.3875450E-05   0.5162338E-09   0.3875966E-05
    21050.00  0.3880299E-05   0.5138959E-09   0.3880813E-05
    21150.00  0.3801896E-05   0.5115711E-09   0.3802408E-05
    21250.00  0.3762226E-05   0.5092594E-09   0.3762735E-05
    21350.00  0.3754919E-05   0.5069607E-09   0.3755426E-05
    21450.00  0.3702507E-05   0.5046750E-09   0.3703012E-05
    21550.00  0.3645333E-05   0.5023338E-09   0.3645835E-05
    21650.00  0.3592014E-05   0.5000746E-09   0.3592514E-05
    21750.00  0.3539069E-05   0.4978281E-09   0.3539567E-05
    21850.00  0.3505581E-05   0.4955945E-09   0.3506077E-05
    21950.00  0.3457650E-05   0.4933735E-09   0.3458143E-05
    22050.00  0.3377938E-05   0.4911652E-09   0.3378429E-05
    22150.00  0.3379124E-05   0.4889695E-09   0.3379613E-05
    22250.00  0.3303294E-05   0.4856433E-09   0.3303780E-05
    22350.00  0.3263974E-05   0.4834825E-09   0.3264457E-05
    22450.00  0.3225204E-05   0.4813339E-09   0.3225685E-05
    22550.00  0.3186884E-05   0.4791977E-09   0.3187363E-05
    22650.00  0.3118606E-05   0.4770736E-09   0.3119083E-05
    22750.00  0.3113696E-05   0.4749617E-09   0.3114171E-05
    22850.00  0.3035122E-05   0.3785695E-09   0.3035501E-05
    22950.00  0.2591251E-05   0.3765789E-09   0.2591628E-05
    23050.00  0.2747575E-05   0.3749396E-09   0.2747950E-05
    23150.00  0.2738134E-05   0.3733102E-09   0.2738507E-05
    23250.00  0.2361959E-05   0.3716906E-09   0.2362331E-05
    23350.00  0.2517904E-05   0.3700807E-09   0.2518274E-05
    23450.00  0.2426297E-05   0.3684805E-09   0.2426665E-05
    23550.00  0.2183638E-05   0.3668899E-09   0.2184005E-05
    23650.00  0.2332752E-05   0.3653088E-09   0.2333117E-05
    23750.00  0.2251127E-05   0.3637373E-09   0.2251491E-05
    23850.00  0.2044585E-05   0.3621751E-09   0.2044947E-05
    23950.00  0.2159012E-05   0.3606223E-09   0.2159373E-05
    24050.00  0.2115246E-05   0.3590789E-09   0.2115605E-05
    24150.00  0.1941365E-05   0.3575446E-09   0.1941723E-05
    24250.00  0.2022202E-05   0.3560196E-09   0.2022558E-05
    24350.00  0.1965191E-05   0.3545036E-09   0.1965546E-05
    24450.00  0.1864467E-05   0.3529967E-09   0.1864820E-05
    24550.00  0.1822073E-05   0.3514989E-09   0.1822424E-05
    24650.00  0.1840735E-05   0.3500099E-09   0.1841085E-05
    24750.00  0.1750087E-05   0.3485299E-09   0.1750436E-05
    24850.00  0.1592357E-05   0.3470587E-09   0.1592704E-05
    24950.00  0.1580277E-05   0.3455962E-09   0.1580623E-05
    25050.00  0.1595477E-05   0.3441425E-09   0.1595821E-05
    25150.00  0.1500186E-05   0.3426974E-09   0.1500529E-05
    25250.00  0.1530776E-05   0.3412609E-09   0.1531117E-05
    25350.00  0.1525621E-05   0.3398329E-09   0.1525961E-05
    25450.00  0.1483931E-05   0.3384135E-09   0.1484269E-05
    25550.00  0.1493721E-05   0.3370024E-09   0.1494058E-05
    25650.00  0.1490429E-05   0.3355997E-09   0.1490765E-05
    25750.00  0.1507140E-05   0.3342054E-09   0.1507474E-05
    25850.00  0.1450428E-05   0.3328193E-09   0.1450761E-05
    25950.00  0.1455634E-05   0.3314414E-09   0.1455965E-05
    26050.00  0.1473843E-05   0.3300716E-09   0.1474173E-05
    26150.00  0.1443305E-05   0.3287100E-09   0.1443634E-05
    26250.00  0.1428092E-05   0.3273564E-09   0.1428419E-05
    26350.00  0.1424509E-05   0.3260108E-09   0.1424835E-05
    26450.00  0.1403452E-05   0.3246731E-09   0.1403777E-05
    26550.00  0.1398101E-05   0.3233433E-09   0.1398424E-05
    26650.00  0.1355485E-05   0.3220213E-09   0.1355807E-05
    26750.00  0.1387748E-05   0.3207071E-09   0.1388069E-05
    26850.00  0.1372275E-05   0.3194007E-09   0.1372594E-05
    26950.00  0.1320737E-05   0.3181019E-09   0.1321055E-05
    27050.00  0.1332893E-05   0.3168107E-09   0.1333210E-05
    27150.00  0.1316406E-05   0.3155271E-09   0.1316722E-05
    27250.00  0.1322062E-05   0.3142510E-09   0.1322376E-05
    27350.00  0.1288858E-05   0.3129824E-09   0.1289171E-05
    27450.00  0.1284778E-05   0.3117212E-09   0.1285090E-05
    27550.00  0.1282253E-05   0.3104674E-09   0.1282563E-05
    27650.00  0.1260602E-05   0.3014607E-09   0.1260903E-05
    27750.00  0.1229485E-05   0.3002550E-09   0.1229785E-05
    27850.00  0.1241213E-05   0.2990562E-09   0.1241512E-05
    27950.00  0.1234231E-05   0.2978645E-09   0.1234529E-05
    28050.00  0.1207196E-05   0.2966797E-09   0.1207493E-05
    28150.00  0.1190030E-05   0.2955018E-09   0.1190326E-05
    28250.00  0.1193934E-05   0.2943307E-09   0.1194228E-05
    28350.00  0.1175317E-05   0.2931664E-09   0.1175610E-05
    28450.00  0.1165699E-05   0.2920089E-09   0.1165991E-05
    28550.00  0.1154360E-05   0.2908581E-09   0.1154651E-05
    28650.00  0.1152995E-05   0.2897140E-09   0.1153285E-05
    28750.00  0.1139092E-05   0.2885765E-09   0.1139381E-05
    28850.00  0.1112907E-05   0.2874455E-09   0.1113194E-05
    28950.00  0.1105403E-05   0.2863211E-09   0.1105689E-05
    29050.00  0.1104270E-05   0.2852032E-09   0.1104555E-05
    29150.00  0.1093168E-05   0.2840917E-09   0.1093452E-05
    29250.00  0.1061964E-05   0.2829866E-09   0.1062247E-05
    29350.00  0.1069967E-05   0.2818878E-09   0.1070249E-05
    29450.00  0.1048686E-05   0.2807954E-09   0.1048967E-05
    29550.00  0.1045832E-05   0.2797092E-09   0.1046112E-05
    29650.00  0.1039445E-05   0.2786292E-09   0.1039724E-05
    29750.00  0.1020305E-05   0.2775274E-09   0.1020583E-05
    29850.00  0.1013115E-05   0.2764598E-09   0.1013391E-05
    29950.00  0.1005774E-05   0.2753984E-09   0.1006049E-05
    30050.00  0.9897606E-06   0.2743430E-09   0.9900349E-06
    30150.00  0.9932098E-06   0.2732937E-09   0.9934831E-06
    30250.00  0.9723359E-06   0.2722503E-09   0.9726082E-06
    30350.00  0.9647088E-06   0.2712128E-09   0.9649800E-06
    30450.00  0.9728509E-06   0.2701812E-09   0.9731211E-06
    30550.00  0.9493805E-06   0.2691555E-09   0.9496497E-06
    30650.00  0.9472213E-06   0.2681356E-09   0.9474894E-06
    30750.00  0.9389871E-06   0.2671214E-09   0.9392542E-06
    30850.00  0.9255607E-06   0.2661130E-09   0.9258268E-06
    30950.00  0.9311317E-06   0.2651103E-09   0.9313968E-06
    31050.00  0.9271554E-06   0.2641132E-09   0.9274195E-06
    31150.00  0.9061168E-06   0.2631217E-09   0.9063799E-06
    31250.00  0.9093756E-06   0.2621358E-09   0.9096377E-06
    31350.00  0.8973999E-06   0.2611416E-09   0.8976610E-06
    31450.00  0.8938628E-06   0.2601666E-09   0.8941230E-06
    31550.00  0.8916957E-06   0.2591971E-09   0.8919549E-06
    31650.00  0.8768510E-06   0.2582331E-09   0.8771092E-06
    31750.00  0.8714557E-06   0.2572744E-09   0.8717130E-06
    31850.00  0.8664091E-06   0.2563211E-09   0.8666654E-06
    31950.00  0.8627220E-06   0.2553730E-09   0.8629774E-06
    32100.00  0.8520201E-06   0.2537291E-09   0.8522738E-06
    32300.00  0.8401331E-06   0.2518680E-09   0.8403850E-06
    32500.00  0.8277659E-06   0.2500274E-09   0.8280159E-06
    32700.00  0.8109796E-06   0.2482071E-09   0.8112278E-06
    32900.00  0.7978914E-06   0.2197740E-09   0.7981112E-06
    33100.00  0.7833254E-06   0.2181357E-09   0.7835435E-06
    33300.00  0.7724646E-06   0.2165862E-09   0.7726812E-06
    33500.00  0.7593171E-06   0.2150536E-09   0.7595322E-06
    33700.00  0.7435468E-06   0.2135376E-09   0.7437603E-06
    33900.00  0.7332014E-06   0.2120381E-09   0.7334134E-06
    34100.00  0.7182963E-06   0.2105547E-09   0.7185069E-06
    34300.00  0.7075209E-06   0.2090873E-09   0.7077300E-06
    34500.00  0.6969509E-06   0.2076357E-09   0.6971585E-06
    34700.00  0.6829367E-06   0.2061996E-09   0.6831429E-06
    34900.00  0.6698965E-06   0.2047789E-09   0.6701013E-06
    35100.00  0.6582359E-06   0.2033733E-09   0.6584393E-06
    35300.00  0.6434497E-06   0.2019826E-09   0.6436517E-06
    35500.00  0.6324530E-06   0.2006066E-09   0.6326536E-06
    35700.00  0.6189442E-06   0.1992452E-09   0.6191434E-06
    35900.00  0.6057305E-06   0.1978981E-09   0.6059284E-06
    36100.00  0.6012457E-06   0.1965651E-09   0.6014423E-06
    36300.00  0.5870907E-06   0.1952461E-09   0.5872859E-06
    36500.00  0.5764484E-06   0.1939408E-09   0.5766423E-06
    36700.00  0.5645997E-06   0.1926492E-09   0.5647923E-06
    36900.00  0.5526615E-06   0.1913709E-09   0.5528529E-06
    37100.00  0.5423919E-06   0.1901059E-09   0.5425820E-06
    37300.00  0.5331953E-06   0.1888539E-09   0.5333842E-06
    37500.00  0.5207959E-06   0.1876147E-09   0.5209835E-06
    37700.00  0.5089235E-06   0.1863883E-09   0.5091099E-06
    37900.00  0.4979647E-06   0.1851744E-09   0.4981499E-06
    38100.00  0.4935872E-06   0.1839729E-09   0.4937712E-06
    38300.00  0.4852003E-06   0.1827837E-09   0.4853831E-06
    38500.00  0.4762596E-06   0.1816064E-09   0.4764412E-06
    38700.00  0.4641565E-06   0.1780318E-09   0.4643345E-06
    38900.00  0.4573965E-06   0.1768960E-09   0.4575734E-06
    39100.00  0.4474872E-06   0.1757715E-09   0.4476630E-06
    39300.00  0.4412192E-06   0.1746583E-09   0.4413939E-06
    39500.00  0.4284474E-06   0.1735562E-09   0.4286210E-06
    39700.00  0.4222361E-06   0.1724651E-09   0.4224086E-06
    39900.00  0.4120035E-06   0.1713847E-09   0.4121749E-06
    40100.00  0.4082898E-06   0.1703151E-09   0.4084601E-06
    40300.00  0.4017405E-06   0.1692561E-09   0.4019098E-06
    40500.00  0.3915263E-06   0.1682074E-09   0.3916945E-06
    40700.00  0.3855852E-06   0.1671690E-09   0.3857524E-06
    40900.00  0.3774712E-06   0.1661408E-09   0.3776373E-06
    41100.00  0.3725072E-06   0.1651163E-09   0.3726723E-06
    41300.00  0.3647452E-06   0.1641081E-09   0.3649093E-06
    41500.00  0.3578118E-06   0.1631097E-09   0.3579749E-06
    41700.00  0.3501884E-06   0.1621209E-09   0.3503505E-06
    41900.00  0.3471483E-06   0.1611416E-09   0.3473094E-06
    42100.00  0.3385559E-06   0.1601717E-09   0.3387161E-06
    42300.00  0.3346428E-06   0.1592112E-09   0.3348020E-06
    42500.00  0.3280333E-06   0.1582597E-09   0.3281916E-06
    42700.00  0.3232680E-06   0.1573174E-09   0.3234253E-06
    42900.00  0.3062803E-06   0.1563840E-09   0.3064367E-06
    43100.00  0.2906509E-06   0.1554555E-09   0.2908064E-06
    43300.00  0.2899724E-06   0.1545396E-09   0.2901269E-06
    43500.00  0.2750375E-06   0.1536323E-09   0.2751911E-06
    43700.00  0.2683316E-06   0.1527335E-09   0.2684843E-06
    43900.00  0.2636004E-06   0.1517829E-09   0.2637522E-06
    44100.00  0.2510273E-06   0.1509014E-09   0.2511782E-06
    44300.00  0.2470912E-06   0.1500282E-09   0.2472412E-06
    44500.00  0.2425112E-06   0.1491630E-09   0.2426604E-06
    44700.00  0.2355158E-06   0.1462415E-09   0.2356620E-06
    44900.00  0.2336609E-06   0.1383583E-09   0.2337993E-06
    45100.00  0.2273000E-06   0.1375776E-09   0.2274376E-06
    45300.00  0.2217996E-06   0.1368040E-09   0.2219364E-06
    45500.00  0.2216548E-06   0.1360375E-09   0.2217908E-06
    45700.00  0.2204666E-06   0.1352779E-09   0.2206019E-06
    45900.00  0.2115775E-06   0.1345252E-09   0.2117120E-06
    46100.00  0.2121227E-06   0.1337793E-09   0.2122565E-06
    46300.00  0.2092960E-06   0.1330400E-09   0.2094290E-06
    46500.00  0.2044329E-06   0.1323074E-09   0.2045652E-06
    46700.00  0.2055596E-06   0.1315813E-09   0.2056912E-06
    46900.00  0.2014793E-06   0.1308617E-09   0.2016102E-06
    47100.00  0.1971517E-06   0.1301485E-09   0.1972818E-06
    47300.00  0.1969604E-06   0.1294416E-09   0.1970898E-06
    47500.00  0.1918270E-06   0.1287410E-09   0.1919557E-06
    47700.00  0.1904338E-06   0.1280465E-09   0.1905618E-06
    47900.00  0.1886139E-06   0.1273581E-09   0.1887413E-06
    48100.00  0.1849021E-06   0.1266757E-09   0.1850288E-06
    48300.00  0.1848545E-06   0.1259993E-09   0.1849805E-06
    48500.00  0.1809451E-06   0.1253288E-09   0.1810704E-06
    48700.00  0.1778046E-06   0.1246640E-09   0.1779293E-06
    48900.00  0.1750960E-06   0.1240051E-09   0.1752200E-06
    49100.00  0.1733629E-06   0.1233518E-09   0.1734863E-06
    49300.00  0.1708356E-06   0.1227041E-09   0.1709583E-06
    49500.00  0.1674711E-06   0.1220620E-09   0.1675932E-06
    49700.00  0.1669237E-06   0.1214254E-09   0.1670451E-06
    49900.00  0.1623637E-06   0.1207942E-09   0.1624845E-06
    50100.00  0.1615922E-06   0.1201683E-09   0.1617124E-06
    50300.00  0.1595610E-06   0.1195478E-09   0.1596805E-06
    50500.00  0.1565647E-06   0.1189325E-09   0.1566836E-06
    50700.00  0.1554145E-06   0.1183224E-09   0.1555328E-06
    50900.00  0.1534114E-06   0.1177174E-09   0.1535291E-06
    51100.00  0.1509559E-06   0.1171175E-09   0.1510730E-06
    51300.00  0.1500565E-06   0.1165226E-09   0.1501730E-06
    51500.00  0.1475115E-06   0.1150463E-09   0.1476265E-06
    51700.00  0.1467976E-06   0.1144667E-09   0.1469121E-06
    51900.00  0.1444377E-06   0.1138918E-09   0.1445516E-06
    52100.00  0.1428795E-06   0.1133217E-09   0.1429928E-06
    52300.00  0.1401704E-06   0.1127563E-09   0.1402832E-06
    52500.00  0.1388311E-06   0.1121956E-09   0.1389433E-06
    52700.00  0.1378769E-06   0.1116394E-09   0.1379885E-06
    52900.00  0.1346122E-06   0.1110878E-09   0.1347233E-06
    53100.00  0.1326102E-06   0.1105406E-09   0.1327207E-06
    53300.00  0.1313318E-06   0.1099979E-09   0.1314418E-06
    53500.00  0.1294672E-06   0.1094596E-09   0.1295767E-06
    53700.00  0.1278739E-06   0.1089257E-09   0.1279828E-06
    53900.00  0.1261666E-06   0.1083960E-09   0.1262750E-06
    54100.00  0.1246021E-06   0.1078706E-09   0.1247100E-06
    54300.00  0.1223968E-06   0.1073469E-09   0.1225041E-06
    54500.00  0.1218173E-06   0.1068299E-09   0.1219241E-06
    54700.00  0.1198201E-06   0.1063171E-09   0.1199264E-06
    54900.00  0.1186602E-06   0.1058083E-09   0.1187660E-06
    55100.00  0.1170713E-06   0.1053035E-09   0.1171766E-06
    55300.00  0.1172686E-06   0.1048027E-09   0.1173734E-06
    55500.00  0.1142051E-06   0.1043058E-09   0.1143094E-06
    55700.00  0.1139244E-06   0.1038128E-09   0.1140282E-06
    55900.00  0.1120393E-06   0.1033237E-09   0.1121426E-06
    56100.00  0.1112003E-06   0.1028385E-09   0.1113031E-06
    56300.00  0.1091687E-06   0.1023570E-09   0.1092711E-06
    56500.00  0.1085978E-06   0.1018779E-09   0.1086997E-06
    56700.00  0.1072966E-06   0.1014037E-09   0.1073980E-06
    56900.00  0.1054000E-06   0.1009331E-09   0.1055009E-06
    57100.00  0.1049752E-06   0.1004662E-09   0.1050757E-06
    57300.00  0.1036470E-06   0.1000029E-09   0.1037470E-06
    57500.00  0.1024272E-06   0.9952447E-10   0.1025267E-06
    57700.00  0.1010778E-06   0.9906856E-10   0.1011769E-06
    57900.00  0.1003677E-06   0.9861613E-10   0.1004663E-06
    58100.00  0.9880527E-07   0.9816712E-10   0.9890344E-07
    58300.00  0.9777607E-07   0.9772152E-10   0.9787379E-07
    58500.00  0.9668568E-07   0.9367534E-10   0.9677936E-07
    58700.00  0.9519743E-07   0.9325058E-10   0.9529068E-07
    58900.00  0.9421139E-07   0.9283479E-10   0.9430422E-07
    59100.00  0.9322372E-07   0.9242210E-10   0.9331614E-07
    59300.00  0.9224842E-07   0.9201248E-10   0.9234043E-07
    59500.00  0.9095443E-07   0.9160590E-10   0.9104604E-07
    59700.00  0.9019216E-07   0.9120233E-10   0.9028336E-07
    59900.00  0.8915192E-07   0.9080174E-10   0.8924272E-07
    60100.00  0.8811224E-07   0.9040410E-10   0.8820264E-07
    60300.00  0.8708508E-07   0.9000938E-10   0.8717509E-07
    60500.00  0.8583175E-07   0.8961756E-10   0.8592137E-07
    60700.00  0.8488798E-07   0.8922859E-10   0.8497721E-07
    60900.00  0.8388928E-07   0.8884246E-10   0.8397812E-07
    61100.00  0.8281007E-07   0.8845914E-10   0.8289853E-07
    61300.00  0.8203973E-07   0.8807859E-10   0.8212781E-07
    61500.00  0.8117522E-07   0.8770080E-10   0.8126292E-07
    61700.00  0.8038060E-07   0.8732573E-10   0.8046793E-07
    61900.00  0.7941710E-07   0.8695335E-10   0.7950405E-07
    62100.00  0.7859702E-07   0.8658365E-10   0.7868360E-07
    62300.00  0.7754510E-07   0.8621660E-10   0.7763132E-07
    62500.00  0.7651642E-07   0.8585216E-10   0.7660227E-07
    62700.00  0.7565788E-07   0.8549031E-10   0.7574337E-07
    62900.00  0.7487734E-07   0.8513104E-10   0.7496247E-07
    63100.00  0.7397321E-07   0.8477431E-10   0.7405798E-07
    63300.00  0.7334538E-07   0.8442010E-10   0.7342980E-07
    63500.00  0.7239563E-07   0.8406838E-10   0.7247970E-07
    63700.00  0.7176225E-07   0.8371913E-10   0.7184597E-07
    63900.00  0.7080466E-07   0.8337234E-10   0.7088803E-07
    64200.00  0.6964952E-07   0.8285668E-10   0.6973238E-07
    64600.00  0.6803127E-07   0.8217748E-10   0.6811345E-07
    65000.00  0.6653751E-07   0.8150767E-10   0.6661902E-07
    65400.00  0.6504832E-07   0.8084705E-10   0.6512917E-07
    65800.00  0.6367909E-07   0.8019547E-10   0.6375929E-07
    66200.00  0.6223003E-07   0.7918360E-10   0.6230921E-07
    66600.00  0.6088126E-07   0.7855326E-10   0.6095981E-07
    67000.00  0.5956807E-07   0.7793140E-10   0.5964600E-07
    67400.00  0.5822946E-07   0.7731787E-10   0.5830678E-07
    67800.00  0.5697567E-07   0.7671252E-10   0.5705238E-07
    68200.00  0.5573064E-07   0.7611519E-10   0.5580676E-07
    68600.00  0.5456378E-07   0.7552575E-10   0.5463931E-07
    69000.00  0.5337323E-07   0.7494404E-10   0.5344817E-07
    69400.00  0.5223624E-07   0.7436959E-10   0.5231061E-07
    69800.00  0.5113282E-07   0.7380293E-10   0.5120662E-07
    70200.00  0.5002090E-07   0.7324362E-10   0.5009414E-07
    70600.00  0.4899622E-07   0.7269150E-10   0.4906891E-07
    71000.00  0.4795610E-07   0.7214646E-10   0.4802825E-07
    71400.00  0.4696301E-07   0.7160838E-10   0.4703462E-07
    71800.00  0.4597359E-07   0.7107688E-10   0.4604467E-07
    72200.00  0.4503109E-07   0.7055232E-10   0.4510164E-07
    72600.00  0.4409090E-07   0.7003436E-10   0.4416093E-07
    73000.00  0.4318961E-07   0.6951629E-10   0.4325913E-07
    73400.00  0.4229453E-07   0.6901123E-10   0.4236354E-07
    73800.00  0.4144339E-07   0.6851243E-10   0.4151190E-07
    74200.00  0.4057139E-07   0.6643695E-10   0.4063783E-07
    74600.00  0.3974902E-07   0.6596481E-10   0.3981498E-07
    75000.00  0.3896518E-07   0.6549843E-10   0.3903068E-07
    75400.00  0.3817043E-07   0.6503771E-10   0.3823547E-07
    75800.00  0.3744335E-07   0.6458255E-10   0.3750793E-07
    76200.00  0.3670350E-07   0.6413287E-10   0.3676763E-07
    76600.00  0.3598036E-07   0.6368856E-10   0.3604405E-07
    77000.00  0.3526688E-07   0.6324955E-10   0.3533013E-07
    77400.00  0.3458276E-07   0.6281575E-10   0.3464558E-07
    77800.00  0.3391359E-07   0.6238706E-10   0.3397598E-07
    78200.00  0.3325483E-07   0.6196342E-10   0.3331679E-07
    78600.00  0.3261722E-07   0.6154473E-10   0.3267876E-07
    79000.00  0.3199000E-07   0.6113092E-10   0.3205113E-07
    79400.00  0.3138100E-07   0.6072190E-10   0.3144172E-07
    79800.00  0.3078584E-07   0.6031761E-10   0.3084616E-07
    80200.00  0.3018872E-07   0.5991796E-10   0.3024864E-07
    80600.00  0.2961979E-07   0.5952289E-10   0.2967931E-07
    81000.00  0.2907891E-07   0.5913232E-10   0.2913804E-07
    81400.00  0.2852845E-07   0.5874618E-10   0.2858720E-07
    81800.00  0.2800870E-07   0.5836439E-10   0.2806706E-07
    82200.00  0.2749021E-07   0.5798691E-10   0.2754820E-07
    82600.00  0.2698291E-07   0.5744332E-10   0.2704035E-07
    83000.00  0.2648893E-07   0.5707564E-10   0.2654601E-07
    83400.00  0.2600092E-07   0.5671204E-10   0.2605763E-07
    83800.00  0.2552800E-07   0.5635246E-10   0.2558435E-07
    84200.00  0.2507554E-07   0.5599683E-10   0.2513154E-07
    84600.00  0.2462028E-07   0.5564510E-10   0.2467593E-07
    85000.00  0.2418135E-07   0.5529720E-10   0.2423665E-07
    85400.00  0.2374970E-07   0.5495308E-10   0.2380465E-07
    85800.00  0.2333046E-07   0.5461268E-10   0.2338507E-07
    86200.00  0.2292319E-07   0.5427570E-10   0.2297747E-07
    86600.00  0.2251788E-07   0.5394258E-10   0.2257182E-07
    87000.00  0.2212317E-07   0.5361302E-10   0.2217678E-07
    87400.00  0.2174059E-07   0.5328697E-10   0.2179388E-07
    87800.00  0.2136110E-07   0.5296436E-10   0.2141406E-07
    88200.00  0.2098668E-07   0.5264516E-10   0.2103933E-07
    88600.00  0.2062754E-07   0.5232932E-10   0.2067987E-07
    89000.00  0.2027131E-07   0.5201654E-10   0.2032333E-07
    89400.00  0.1993212E-07   0.5170730E-10   0.1998383E-07
    89800.00  0.1958208E-07   0.5140126E-10   0.1963348E-07
    90200.00  0.1926212E-07   0.5109557E-10   0.1931322E-07
    90600.00  0.1893743E-07   0.5079574E-10   0.1898823E-07
    91000.00  0.1860676E-07   0.5049898E-10   0.1865726E-07
    91400.00  0.1830418E-07   0.4944445E-10   0.1835362E-07
    91800.00  0.1800385E-07   0.4915870E-10   0.1805301E-07
    92200.00  0.1770916E-07   0.4887675E-10   0.1775804E-07
    92600.00  0.1741588E-07   0.4859763E-10   0.1746448E-07
    93000.00  0.1713083E-07   0.4832132E-10   0.1717915E-07
    93400.00  0.1684743E-07   0.4804776E-10   0.1689548E-07
    93800.00  0.1657501E-07   0.4777692E-10   0.1662279E-07
    94200.00  0.1630583E-07   0.4750877E-10   0.1635334E-07
    94600.00  0.1604042E-07   0.4724326E-10   0.1608766E-07
    95000.00  0.1578182E-07   0.4698036E-10   0.1582880E-07
    95400.00  0.1553193E-07   0.4672003E-10   0.1557865E-07
    95800.00  0.1528304E-07   0.4646224E-10   0.1532950E-07
    96200.00  0.1503780E-07   0.4620695E-10   0.1508401E-07
    96600.00  0.1480210E-07   0.4595414E-10   0.1484805E-07
    97000.00  0.1456833E-07   0.4570376E-10   0.1461403E-07
    97400.00  0.1432872E-07   0.4545578E-10   0.1437418E-07
    97800.00  0.1411112E-07   0.4521018E-10   0.1415633E-07
    98200.00  0.1389345E-07   0.4496691E-10   0.1393842E-07
    98600.00  0.1367770E-07   0.4472596E-10   0.1372243E-07
    99000.00  0.1346854E-07   0.4448728E-10   0.1351303E-07
    99400.00  0.1325801E-07   0.4425086E-10   0.1330226E-07
    99800.00  0.1305574E-07   0.4401665E-10   0.1309976E-07
   100200.00  0.1285548E-07   0.1194289E-10   0.1286742E-07
   200000.00  0.8689989E-09   0.2997677E-11   0.8719966E-09
   400000.00  0.5603005E-10   0.7494194E-12   0.5677947E-10
   600000.00  0.1114536E-10   0.3330753E-12   0.1147844E-10
   800000.00  0.3533457E-11   0.1873548E-12   0.3720812E-11
  1000000.00  0.1447336E-11   0.1199071E-12   0.1567243E-11
  1200000.00  0.6975214E-12   0.8326882E-13   0.7807902E-12
  1400000.00  0.3761798E-12   0.6117709E-13   0.4373569E-12
  1600000.00  0.2202176E-12   0.4683871E-13   0.2670563E-12
