       91.00  0.9737845E-27   0.0000000E+00   0.9737845E-27
       94.00  0.1148092E-26   0.0000000E+00   0.1148092E-26
       96.00  0.1264308E-26   0.0000000E+00   0.1264308E-26
       98.00  0.1380517E-26   0.0000000E+00   0.1380517E-26
      100.00  0.1496727E-26   0.0000000E+00   0.1496727E-26
      102.00  0.1612934E-26   0.0000000E+00   0.1612934E-26
      104.00  0.1729142E-26   0.0000000E+00   0.1729142E-26
      106.00  0.1845349E-26   0.0000000E+00   0.1845349E-26
      108.00  0.1961557E-26   0.0000000E+00   0.1961557E-26
      110.00  0.2077766E-26   0.0000000E+00   0.2077766E-26
      114.00  0.2310192E-26   0.0000000E+00   0.2310192E-26
      118.00  0.2542612E-26   0.0000000E+00   0.2542612E-26
      121.00  0.2716928E-26   0.0000000E+00   0.2716928E-26
      125.00  0.2949343E-26   0.0000000E+00   0.2949343E-26
      127.00  0.3065554E-26   0.0000000E+00   0.3065554E-26
      128.00  0.3123653E-26   0.0000000E+00   0.3123653E-26
      131.00  0.3297971E-26   0.0000000E+00   0.3297971E-26
      132.00  0.3356075E-26   0.0000000E+00   0.3356075E-26
      134.00  0.3472285E-26   0.0000000E+00   0.3472285E-26
      137.00  0.3646596E-26   0.0000000E+00   0.3646596E-26
      140.00  0.3820907E-26   0.0000000E+00   0.3820907E-26
      143.00  0.3995229E-26   0.0000000E+00   0.3995229E-26
      147.00  0.4227644E-26   0.0000000E+00   0.4227644E-26
      151.00  0.4460057E-26   0.0000000E+00   0.4460057E-26
      155.00  0.8070491E-27   0.0000000E+00   0.8070491E-27
      159.00  0.2870092E-26   0.0000000E+00   0.2870092E-26
      162.00  0.8450271E-24   0.0000000E+00   0.8450271E-24
      166.00  0.2741115E-23   0.0000000E+00   0.2741115E-23
      170.00  0.4637212E-23   0.0000000E+00   0.4637212E-23
      173.00  0.6059281E-23   0.0000000E+00   0.6059281E-23
      177.00  0.7955408E-23   0.0000000E+00   0.7955408E-23
      180.00  0.1212488E-22   0.0000000E+00   0.1212488E-22
      182.00  0.1133313E-21   0.0000000E+00   0.1133313E-21
      186.00  0.4712136E-21   0.0000000E+00   0.4712136E-21
      191.00  0.9185691E-21   0.0000000E+00   0.9185691E-21
      194.00  0.1920975E-20   0.0000000E+00   0.1920975E-20
      198.00  0.4184032E-16   0.0000000E+00   0.4184032E-16
      202.00  0.8369226E-16   0.0000000E+00   0.8369226E-16
      205.00  0.1677835E-15   0.0000000E+00   0.1677835E-15
      210.00  0.6235129E-15   0.0000000E+00   0.6235129E-15
      216.00  0.2680762E-14   0.0000000E+00   0.2680762E-14
      220.00  0.6794024E-14   0.0000000E+00   0.6794024E-14
      223.00  0.1339019E-13   0.0000000E+00   0.1339019E-13
      227.00  0.1111696E-13   0.0000000E+00   0.1111696E-13
      228.00  0.8572203E-14   0.0000000E+00   0.8572203E-14
      228.00  0.2532161E-08   0.0000000E+00   0.2532161E-08
      230.00  0.5474568E-10   0.0000000E+00   0.5474568E-10
      234.00  0.5009576E-08   0.0000000E+00   0.5009576E-08
      240.00  0.1931449E-07   0.0000000E+00   0.1931449E-07
      246.00  0.2875323E-07   0.0000000E+00   0.2875323E-07
      252.00  0.5540891E-07   0.0000000E+00   0.5540891E-07
      257.00  0.8629262E-07   0.0000000E+00   0.8629262E-07
      260.00  0.7766711E-07   0.0000000E+00   0.7766711E-07
      264.00  0.3625470E-07   0.0000000E+00   0.3625470E-07
      269.00  0.8996386E-07   0.0000000E+00   0.8996386E-07
      274.00  0.1414171E-06   0.0000000E+00   0.1414171E-06
      279.00  0.1348382E-06   0.0000000E+00   0.1348382E-06
      284.00  0.5026525E-06   0.0000000E+00   0.5026525E-06
      290.00  0.3475858E-06   0.0000000E+00   0.3475858E-06
      296.00  0.1478923E-05   0.0000000E+00   0.1478923E-05
      301.00  0.5822576E-06   0.0000000E+00   0.5822576E-06
      308.00  0.8720021E-06   0.0000000E+00   0.8720021E-06
      318.00  0.1685316E-05   0.0000000E+00   0.1685316E-05
      328.00  0.3255700E-05   0.0000000E+00   0.3255700E-05
      338.00  0.4492793E-05   0.0000000E+00   0.4492793E-05
      348.00  0.6647537E-05   0.0000000E+00   0.6647537E-05
      353.30  0.8161609E-05   0.0000000E+00   0.8161609E-05
      353.30  0.5915210E-05   0.0000000E+00   0.5915210E-05
      357.00  0.7219454E-05   0.0000000E+00   0.7219454E-05
      366.00  0.1039193E-04   0.0000000E+00   0.1039193E-04
      375.00  0.3496055E-04   0.0000000E+00   0.3496055E-04
      385.00  0.6489703E-05   0.0000000E+00   0.6489703E-05
      395.00  0.2105539E-04   0.0000000E+00   0.2105539E-04
      405.00  0.4372214E-04   0.0000000E+00   0.4372214E-04
      414.00  0.4596312E-04   0.0000000E+00   0.4596312E-04
      422.00  0.5745857E-04   0.0000000E+00   0.5745857E-04
      430.00  0.7750012E-04   0.0000000E+00   0.7750012E-04
      441.00  0.9092023E-04   0.0000000E+00   0.9092023E-04
      451.00  0.1090613E-03   0.0000000E+00   0.1090613E-03
      460.00  0.4565902E-03   0.0000000E+00   0.4565902E-03
      470.00  0.1619566E-03   0.0000000E+00   0.1619566E-03
      480.00  0.2174420E-03   0.0000000E+00   0.2174420E-03
      490.00  0.2332325E-03   0.0000000E+00   0.2332325E-03
      500.00  0.2688888E-03   0.0000000E+00   0.2688888E-03
      504.60  0.2887138E-03   0.0000000E+00   0.2887138E-03
      504.60  0.2140016E-02   0.0000000E+00   0.2140016E-02
      506.00  0.4221643E-04   0.0000000E+00   0.4221643E-04
      512.00  0.4237816E-02   0.0000000E+00   0.4237816E-02
      520.00  0.4956104E-02   0.0000000E+00   0.4956104E-02
      530.00  0.3283221E-02   0.0000000E+00   0.3283221E-02
      540.00  0.1720146E-02   0.0000000E+00   0.1720146E-02
      550.00  0.5453144E-02   0.0000000E+00   0.5453144E-02
      560.00  0.6284505E-02   0.0000000E+00   0.6284505E-02
      570.00  0.6846478E-02   0.0000000E+00   0.6846478E-02
      580.00  0.3082638E-02   0.0000000E+00   0.3082638E-02
      590.00  0.8017504E-02   0.0000000E+00   0.8017504E-02
      600.00  0.8083683E-02   0.0000000E+00   0.8083683E-02
      610.00  0.4633425E-02   0.0000000E+00   0.4633425E-02
      620.00  0.9059817E-02   0.0000000E+00   0.9059817E-02
      630.00  0.9177592E-02   0.0000000E+00   0.9177592E-02
      640.00  0.9782642E-02   0.0000000E+00   0.9782642E-02
      650.00  0.7649589E-02   0.0000000E+00   0.7649589E-02
      658.00  0.9022967E-02   0.0000000E+00   0.9022967E-02
      665.00  0.8737855E-02   0.0000000E+00   0.8737855E-02
      675.00  0.1075311E-01   0.0000000E+00   0.1075311E-01
      685.00  0.5937082E-01   0.0000000E+00   0.5937082E-01
      695.00  0.8147480E-02   0.0000000E+00   0.8147480E-02
      705.00  0.1508108E-01   0.0000000E+00   0.1508108E-01
      716.00  0.1264137E-01   0.0000000E+00   0.1264137E-01
      726.00  0.1282891E-01   0.0000000E+00   0.1282891E-01
      735.00  0.1335743E-01   0.0000000E+00   0.1335743E-01
      745.00  0.1185513E-01   0.0000000E+00   0.1185513E-01
      755.00  0.1391345E-01   0.0000000E+00   0.1391345E-01
      765.00  0.3038115E-01   0.0000000E+00   0.3038115E-01
      775.00  0.1523696E-01   0.0000000E+00   0.1523696E-01
      785.00  0.4765898E-02   0.0000000E+00   0.4765898E-02
      795.00  0.1577867E-01   0.0000000E+00   0.1577867E-01
      805.00  0.1643556E-01   0.0000000E+00   0.1643556E-01
      815.00  0.1221516E-01   0.0000000E+00   0.1221516E-01
      825.00  0.1723682E-01   0.0000000E+00   0.1723682E-01
      835.00  0.2503241E-01   0.0000000E+00   0.2503241E-01
      845.00  0.2053662E-01   0.0000000E+00   0.2053662E-01
      855.00  0.1462002E-01   0.0000000E+00   0.1462002E-01
      865.00  0.1902204E-01   0.0000000E+00   0.1902204E-01
      875.00  0.1921367E-01   0.0000000E+00   0.1921367E-01
      885.00  0.1969250E-01   0.0000000E+00   0.1969250E-01
      895.00  0.1926946E-01   0.0000000E+00   0.1926946E-01
      905.00  0.1895244E-01   0.0000000E+00   0.1895244E-01
      912.40  0.1878610E-01   0.6502297E-06   0.1878675E-01
      912.40  0.6487809E+00   0.6502394E-06   0.6487816E+00
      915.00  0.6268965E+00   0.7416144E-06   0.6268972E+00
      925.00  0.5427249E+00   0.8584558E-06   0.5427258E+00
      935.00  0.5335136E+00   0.9903659E-06   0.5335146E+00
      945.00  0.3595905E+00   0.1138830E-05   0.3595916E+00
      955.00  0.5429181E+00   0.1305428E-05   0.5429194E+00
      965.00  0.5292417E+00   0.1491839E-05   0.5292432E+00
      975.00  0.1314534E+00   0.1699837E-05   0.1314551E+00
      985.00  0.1345390E+00   0.1931298E-05   0.1345409E+00
      995.00  0.5625867E+00   0.2188197E-05   0.5625889E+00
     1005.00  0.5250281E+00   0.2472609E-05   0.5250306E+00
     1015.00  0.4416451E+00   0.2786710E-05   0.4416479E+00
     1025.00  0.4631414E+00   0.3132778E-05   0.4631445E+00
     1035.00  0.4217291E+00   0.3513188E-05   0.4217326E+00
     1045.00  0.5090873E+00   0.3930516E-05   0.5090912E+00
     1055.00  0.5056360E+00   0.4387269E-05   0.5056404E+00
     1065.00  0.4745494E+00   0.4886108E-05   0.4745543E+00
     1075.00  0.3821239E+00   0.5429800E-05   0.3821293E+00
     1085.00  0.4183557E+00   0.6021206E-05   0.4183617E+00
     1095.00  0.4627410E+00   0.6663281E-05   0.4627477E+00
     1105.00  0.4541731E+00   0.7359065E-05   0.4541805E+00
     1115.00  0.4087946E+00   0.8111683E-05   0.4088027E+00
     1125.00  0.1709785E+00   0.8924334E-05   0.1709874E+00
     1135.00  0.4294460E+00   0.9800320E-05   0.4294558E+00
     1145.00  0.4191491E+00   0.1074301E-04   0.4191598E+00
     1155.00  0.1881609E+00   0.1175583E-04   0.1881727E+00
     1165.00  0.2363233E+00   0.1284231E-04   0.2363361E+00
     1175.00  0.2864816E+00   0.1400601E-04   0.2864956E+00
     1185.00  0.3780487E+00   0.1525058E-04   0.3780640E+00
     1195.00  0.3548363E+00   0.1657969E-04   0.3548529E+00
     1205.00  0.2977454E+00   0.1799710E-04   0.2977634E+00
     1215.00  0.2919201E+00   0.1950659E-04   0.2919396E+00
     1225.00  0.2834011E+00   0.1793739E-03   0.2835805E+00
     1235.00  0.3413119E+00   0.3246589E-03   0.3416366E+00
     1245.00  0.3089512E+00   0.4484765E-03   0.3093997E+00
     1255.00  0.3057901E+00   0.5545648E-03   0.3063447E+00
     1265.00  0.3250569E+00   0.6456959E-03   0.3257026E+00
     1275.00  0.3278806E+00   0.7240623E-03   0.3286047E+00
     1285.00  0.2495998E+00   0.7914548E-03   0.2503913E+00
     1295.00  0.2532308E+00   0.8493644E-03   0.2540802E+00
     1305.00  0.3017404E+00   0.8990492E-03   0.3026394E+00
     1315.00  0.2747843E+00   0.9415802E-03   0.2757259E+00
     1325.00  0.2681333E+00   0.9778762E-03   0.2691112E+00
     1335.00  0.2889086E+00   0.1008730E-02   0.2899173E+00
     1345.00  0.2189303E+00   0.1034828E-02   0.2199651E+00
     1355.00  0.2807429E+00   0.1056768E-02   0.2817997E+00
     1365.00  0.2734118E+00   0.1075073E-02   0.2744869E+00
     1375.00  0.2628573E+00   0.1090197E-02   0.2639475E+00
     1385.00  0.2562460E+00   0.1102543E-02   0.2573485E+00
     1395.00  0.2749231E+00   0.1112464E-02   0.2760356E+00
     1405.00  0.2900482E+00   0.1120269E-02   0.2911685E+00
     1415.00  0.2271181E+00   0.1126235E-02   0.2282443E+00
     1425.00  0.2015720E+00   0.1130604E-02   0.2027026E+00
     1435.00  0.2357567E+00   0.1133591E-02   0.2368903E+00
     1442.00  0.2368593E+00   0.1134963E-02   0.2379943E+00
     1447.00  0.2368705E+00   0.1135620E-02   0.2380061E+00
     1455.00  0.2337554E+00   0.1136165E-02   0.2348916E+00
     1465.00  0.2153684E+00   0.1136072E-02   0.2165045E+00
     1475.00  0.2204901E+00   0.1135246E-02   0.2216253E+00
     1485.00  0.1969975E+00   0.1133804E-02   0.1981313E+00
     1495.00  0.2179469E+00   0.1131856E-02   0.2190788E+00
     1505.00  0.2086908E+00   0.1129497E-02   0.2098203E+00
     1512.00  0.1952048E+00   0.1127647E-02   0.1963324E+00
     1517.00  0.1974414E+00   0.1126243E-02   0.1985676E+00
     1525.00  0.1531794E+00   0.1123879E-02   0.1543033E+00
     1535.00  0.1809869E+00   0.1120765E-02   0.1821077E+00
     1545.00  0.6531305E-01   0.1117533E-02   0.6643058E-01
     1555.00  0.1921631E+00   0.1114229E-02   0.1932773E+00
     1565.00  0.1145347E+00   0.1110908E-02   0.1156456E+00
     1575.00  0.1788522E+00   0.1107617E-02   0.1799598E+00
     1585.00  0.1181780E+00   0.1104395E-02   0.1192824E+00
     1595.00  0.1805006E+00   0.1101277E-02   0.1816019E+00
     1605.00  0.1794912E+00   0.1098295E-02   0.1805895E+00
     1615.00  0.1766902E+00   0.1095478E-02   0.1777857E+00
     1625.00  0.1726402E+00   0.1092852E-02   0.1737331E+00
     1635.00  0.1707947E+00   0.1090437E-02   0.1718851E+00
     1645.00  0.1681948E+00   0.1088256E-02   0.1692831E+00
     1655.00  0.1637041E+00   0.1086327E-02   0.1647904E+00
     1665.00  0.1632753E+00   0.1084666E-02   0.1643600E+00
     1672.00  0.1585328E+00   0.1083672E-02   0.1596165E+00
     1677.00  0.1595222E+00   0.1083049E-02   0.1606052E+00
     1685.00  0.1585630E+00   0.1082209E-02   0.1596452E+00
     1695.00  0.1550434E+00   0.1081436E-02   0.1561248E+00
     1705.00  0.1516981E+00   0.1080982E-02   0.1527791E+00
     1715.00  0.1485211E+00   0.1080855E-02   0.1496020E+00
     1725.00  0.1460372E+00   0.1081064E-02   0.1471183E+00
     1735.00  0.1448558E+00   0.1081614E-02   0.1459374E+00
     1745.00  0.1421941E+00   0.1082513E-02   0.1432766E+00
     1755.00  0.1414147E+00   0.1083766E-02   0.1424985E+00
     1765.00  0.1371852E+00   0.1085377E-02   0.1382706E+00
     1775.00  0.1362704E+00   0.1087349E-02   0.1373577E+00
     1785.00  0.1343583E+00   0.1089687E-02   0.1354480E+00
     1795.00  0.1334449E+00   0.1092393E-02   0.1345373E+00
     1805.00  0.1312374E+00   0.1095468E-02   0.1323329E+00
     1815.00  0.1284211E+00   0.1098914E-02   0.1295200E+00
     1825.00  0.1265639E+00   0.1102733E-02   0.1276666E+00
     1835.00  0.1241263E+00   0.1106926E-02   0.1252332E+00
     1845.00  0.1210803E+00   0.1111492E-02   0.1221918E+00
     1855.00  0.1190838E+00   0.1116433E-02   0.1202002E+00
     1865.00  0.1177399E+00   0.1121746E-02   0.1188616E+00
     1875.00  0.1175042E+00   0.1127432E-02   0.1186316E+00
     1885.00  0.1146362E+00   0.1133491E-02   0.1157697E+00
     1895.00  0.1122052E+00   0.1139920E-02   0.1133451E+00
     1905.00  0.1115863E+00   0.1146719E-02   0.1127330E+00
     1915.00  0.1094791E+00   0.1153885E-02   0.1106330E+00
     1925.00  0.1077882E+00   0.1161419E-02   0.1089496E+00
     1935.00  0.1067915E+00   0.1169316E-02   0.1079608E+00
     1945.00  0.1059257E+00   0.1177557E-02   0.1071033E+00
     1955.00  0.1034842E+00   0.1186131E-02   0.1046703E+00
     1967.00  0.1029570E+00   0.1196881E-02   0.1041539E+00
     1976.00  0.1020845E+00   0.1205273E-02   0.1032898E+00
     1984.00  0.1001762E+00   0.1212967E-02   0.1013892E+00
     1995.00  0.9806178E-01   0.1223903E-02   0.9928568E-01
     2005.00  0.9724202E-01   0.1234201E-02   0.9847622E-01
     2015.00  0.9543483E-01   0.1244835E-02   0.9667966E-01
     2025.00  0.9492773E-01   0.1255801E-02   0.9618353E-01
     2035.00  0.9299748E-01   0.1267162E-02   0.9426464E-01
     2045.00  0.9216550E-01   0.1278880E-02   0.9344438E-01
     2055.00  0.9095596E-01   0.6046468E-03   0.9156061E-01
     2065.00  0.8997700E-01   0.6006543E-03   0.9057765E-01
     2074.00  0.8960372E-01   0.5971748E-03   0.9020089E-01
     2078.00  0.8867790E-01   0.5956626E-03   0.8927356E-01
     2085.00  0.8822120E-01   0.5930663E-03   0.8881427E-01
     2095.00  0.8640070E-01   0.5894672E-03   0.8699017E-01
     2105.00  0.8554945E-01   0.5859955E-03   0.8613545E-01
     2115.00  0.8447210E-01   0.5826494E-03   0.8505475E-01
     2125.00  0.8360647E-01   0.5794272E-03   0.8418590E-01
     2135.00  0.8147826E-01   0.5763270E-03   0.8205459E-01
     2145.00  0.8095805E-01   0.5733469E-03   0.8153140E-01
     2155.00  0.8035950E-01   0.5704853E-03   0.8092999E-01
     2165.00  0.7883361E-01   0.5677402E-03   0.7940135E-01
     2175.00  0.7768270E-01   0.5651101E-03   0.7824781E-01
     2185.00  0.7656886E-01   0.5625934E-03   0.7713145E-01
     2195.00  0.7635796E-01   0.5601881E-03   0.7691815E-01
     2205.00  0.7495010E-01   0.5578922E-03   0.7550799E-01
     2215.00  0.7342902E-01   0.5557040E-03   0.7398472E-01
     2225.00  0.7201259E-01   0.5536219E-03   0.7256621E-01
     2235.00  0.7213098E-01   0.5516439E-03   0.7268262E-01
     2245.00  0.7051620E-01   0.5497686E-03   0.7106597E-01
     2255.00  0.6941235E-01   0.5479941E-03   0.6996034E-01
     2265.00  0.6876458E-01   0.5463187E-03   0.6931090E-01
     2275.00  0.6835924E-01   0.5447409E-03   0.6890398E-01
     2285.00  0.6784410E-01   0.5432535E-03   0.6838735E-01
     2295.00  0.6645490E-01   0.5418543E-03   0.6699675E-01
     2305.00  0.6553778E-01   0.5405471E-03   0.6607833E-01
     2315.00  0.6437957E-01   0.5393302E-03   0.6491890E-01
     2325.00  0.6119518E-01   0.5382020E-03   0.6173338E-01
     2335.00  0.6237261E-01   0.5371609E-03   0.6290977E-01
     2345.00  0.6113168E-01   0.5362054E-03   0.6166789E-01
     2355.00  0.6124348E-01   0.5353340E-03   0.6177881E-01
     2365.00  0.5973367E-01   0.5345450E-03   0.6026822E-01
     2375.00  0.5940799E-01   0.5338371E-03   0.5994183E-01
     2385.00  0.5791518E-01   0.5332087E-03   0.5844839E-01
     2395.00  0.5799568E-01   0.5326583E-03   0.5852834E-01
     2405.00  0.5686203E-01   0.5321849E-03   0.5739421E-01
     2415.00  0.5641646E-01   0.5317871E-03   0.5694825E-01
     2425.00  0.5626014E-01   0.5314632E-03   0.5679160E-01
     2435.00  0.5517805E-01   0.5312116E-03   0.5570926E-01
     2445.00  0.5516235E-01   0.5310312E-03   0.5569338E-01
     2455.00  0.5429701E-01   0.5309204E-03   0.5482793E-01
     2465.00  0.5363344E-01   0.5308780E-03   0.5416432E-01
     2475.00  0.5273171E-01   0.5309026E-03   0.5326261E-01
     2485.00  0.5270787E-01   0.5309930E-03   0.5323886E-01
     2495.00  0.5178657E-01   0.5311478E-03   0.5231772E-01
     2505.00  0.5190541E-01   0.5313658E-03   0.5243678E-01
     2513.00  0.5068045E-01   0.5315848E-03   0.5121203E-01
     2518.00  0.5079312E-01   0.5317416E-03   0.5132486E-01
     2525.00  0.4981715E-01   0.5319863E-03   0.5034914E-01
     2535.00  0.4927700E-01   0.5323863E-03   0.4980939E-01
     2545.00  0.4865253E-01   0.5328443E-03   0.4918537E-01
     2555.00  0.4861978E-01   0.5333593E-03   0.4915314E-01
     2565.00  0.4796674E-01   0.5339302E-03   0.4850067E-01
     2575.00  0.4799138E-01   0.5345558E-03   0.4852594E-01
     2585.00  0.4742506E-01   0.5352350E-03   0.4796030E-01
     2595.00  0.4687262E-01   0.5359667E-03   0.4740859E-01
     2605.00  0.4602378E-01   0.5168536E-03   0.4654063E-01
     2615.00  0.4566986E-01   0.5175586E-03   0.4618742E-01
     2625.00  0.4544510E-01   0.5183144E-03   0.4596341E-01
     2635.00  0.4507444E-01   0.5191201E-03   0.4559356E-01
     2645.00  0.4534720E-01   0.5199746E-03   0.4586717E-01
     2655.00  0.4481749E-01   0.5208770E-03   0.4533837E-01
     2665.00  0.4386972E-01   0.5218262E-03   0.4439155E-01
     2675.00  0.4372213E-01   0.5228212E-03   0.4424495E-01
     2685.00  0.4326805E-01   0.5238610E-03   0.4379191E-01
     2695.00  0.4256127E-01   0.5249448E-03   0.4308621E-01
     2705.00  0.4229818E-01   0.5260715E-03   0.4282425E-01
     2715.00  0.4153117E-01   0.5272403E-03   0.4205841E-01
     2725.00  0.4112796E-01   0.5284501E-03   0.4165641E-01
     2735.00  0.4114226E-01   0.5297002E-03   0.4167196E-01
     2745.00  0.3977767E-01   0.5309896E-03   0.4030866E-01
     2755.00  0.3943868E-01   0.5323175E-03   0.3997100E-01
     2765.00  0.3933866E-01   0.5336829E-03   0.3987234E-01
     2775.00  0.3931168E-01   0.5350850E-03   0.3984677E-01
     2785.00  0.3888590E-01   0.5365230E-03   0.3942242E-01
     2795.00  0.3742400E-01   0.5379961E-03   0.3796200E-01
     2805.00  0.3756995E-01   0.5395034E-03   0.3810945E-01
     2815.00  0.3795192E-01   0.5410442E-03   0.3849296E-01
     2825.00  0.3757828E-01   0.5426176E-03   0.3812090E-01
     2835.00  0.3695510E-01   0.5442229E-03   0.3749932E-01
     2845.00  0.3643185E-01   0.5458592E-03   0.3697771E-01
     2855.00  0.3608978E-01   0.5475201E-03   0.3663730E-01
     2865.00  0.3607277E-01   0.5492041E-03   0.3662197E-01
     2875.00  0.3559433E-01   0.5509163E-03   0.3614525E-01
     2885.00  0.3540746E-01   0.5526559E-03   0.3596012E-01
     2895.00  0.3499080E-01   0.5544222E-03   0.3554522E-01
     2910.00  0.3493782E-01   0.5571201E-03   0.3549494E-01
     2930.00  0.3408456E-01   0.5608044E-03   0.3464536E-01
     2950.00  0.3338726E-01   0.5645831E-03   0.3395184E-01
     2970.00  0.3287203E-01   0.5684510E-03   0.3344048E-01
     2990.00  0.3229946E-01   0.5724031E-03   0.3287186E-01
     3010.00  0.3188786E-01   0.5764345E-03   0.3246429E-01
     3030.00  0.3131105E-01   0.5805405E-03   0.3189159E-01
     3050.00  0.3071615E-01   0.5847185E-03   0.3130087E-01
     3070.00  0.3013817E-01   0.5889648E-03   0.3072713E-01
     3090.00  0.2971588E-01   0.5932732E-03   0.3030915E-01
     3110.00  0.2911315E-01   0.5976395E-03   0.2971079E-01
     3130.00  0.2857245E-01   0.5966348E-03   0.2916908E-01
     3150.00  0.2815344E-01   0.6010460E-03   0.2875449E-01
     3170.00  0.2766289E-01   0.6055040E-03   0.2826839E-01
     3190.00  0.2699345E-01   0.6100053E-03   0.2760346E-01
     3210.00  0.2671836E-01   0.6145464E-03   0.2733291E-01
     3230.00  0.2617784E-01   0.6191238E-03   0.2679696E-01
     3250.00  0.2583917E-01   0.6237342E-03   0.2646290E-01
     3270.00  0.2550868E-01   0.6283665E-03   0.2613705E-01
     3290.00  0.2509817E-01   0.6330196E-03   0.2573119E-01
     3310.00  0.2474226E-01   0.6376950E-03   0.2537996E-01
     3330.00  0.2429017E-01   0.6423898E-03   0.2493256E-01
     3350.00  0.2383473E-01   0.6471010E-03   0.2448183E-01
     3370.00  0.2342315E-01   0.6518262E-03   0.2407498E-01
     3390.00  0.2307253E-01   0.6565627E-03   0.2372909E-01
     3410.00  0.2279306E-01   0.6613080E-03   0.2345437E-01
     3430.00  0.2244540E-01   0.6265866E-03   0.2307199E-01
     3450.00  0.2223241E-01   0.6308789E-03   0.2286329E-01
     3470.00  0.2187187E-01   0.6351760E-03   0.2250705E-01
     3490.00  0.2155208E-01   0.6394760E-03   0.2219156E-01
     3510.00  0.2131452E-01   0.6437759E-03   0.2195830E-01
     3530.00  0.2096740E-01   0.6480664E-03   0.2161547E-01
     3550.00  0.2073593E-01   0.6523525E-03   0.2138828E-01
     3570.00  0.2030419E-01   0.6566324E-03   0.2096082E-01
     3590.00  0.1998744E-01   0.6609045E-03   0.2064834E-01
     3610.00  0.1975164E-01   0.6651670E-03   0.2041681E-01
     3630.00  0.1948880E-01   0.6694185E-03   0.2015822E-01
     3640.00  0.1936523E-01   0.6715396E-03   0.2003677E-01
     3650.00  0.2193913E-01   0.1425600E-03   0.2208169E-01
     3670.00  0.2143101E-01   0.1416779E-03   0.2157269E-01
     3690.00  0.2184081E-01   0.1326544E-03   0.2197346E-01
     3710.00  0.2375923E-01   0.1317401E-03   0.2389097E-01
     3730.00  0.2370933E-01   0.1308531E-03   0.2384018E-01
     3750.00  0.2539613E-01   0.1299925E-03   0.2552612E-01
     3770.00  0.2527262E-01   0.1291575E-03   0.2540178E-01
     3790.00  0.2610623E-01   0.1283473E-03   0.2623458E-01
     3810.00  0.2695865E-01   0.1275610E-03   0.2708621E-01
     3830.00  0.2449743E-01   0.1267981E-03   0.2462423E-01
     3850.00  0.2670965E-01   0.1260576E-03   0.2683571E-01
     3870.00  0.2687084E-01   0.1253390E-03   0.2699618E-01
     3890.00  0.2330261E-01   0.1246414E-03   0.2342725E-01
     3910.00  0.2611535E-01   0.1239644E-03   0.2623931E-01
     3930.00  0.2474545E-01   0.1233071E-03   0.2486876E-01
     3950.00  0.2509564E-01   0.1226690E-03   0.2521831E-01
     3970.00  0.2112377E-01   0.1220498E-03   0.2124582E-01
     3990.00  0.2482073E-01   0.1214494E-03   0.2494218E-01
     4010.00  0.2493761E-01   0.1208663E-03   0.2505848E-01
     4030.00  0.2450255E-01   0.1203001E-03   0.2462285E-01
     4050.00  0.2431870E-01   0.1197502E-03   0.2443845E-01
     4070.00  0.2385731E-01   0.1192160E-03   0.2397653E-01
     4090.00  0.2299094E-01   0.1186971E-03   0.2310964E-01
     4110.00  0.2087455E-01   0.1181931E-03   0.2099274E-01
     4130.00  0.2286589E-01   0.1177033E-03   0.2298359E-01
     4150.00  0.2280665E-01   0.1172274E-03   0.2292388E-01
     4170.00  0.2246964E-01   0.1167650E-03   0.2258640E-01
     4190.00  0.2220222E-01   0.1163156E-03   0.2231854E-01
     4210.00  0.2192503E-01   0.1158787E-03   0.2204091E-01
     4230.00  0.2160517E-01   0.1154540E-03   0.2172062E-01
     4250.00  0.2134855E-01   0.1150412E-03   0.2146359E-01
     4270.00  0.2099671E-01   0.1146398E-03   0.2111135E-01
     4290.00  0.2065684E-01   0.1142494E-03   0.2077109E-01
     4310.00  0.2005125E-01   0.1138697E-03   0.2016512E-01
     4330.00  0.1932706E-01   0.1135004E-03   0.1944056E-01
     4350.00  0.1801717E-01   0.1131412E-03   0.1813031E-01
     4370.00  0.1982533E-01   0.1127918E-03   0.1993812E-01
     4390.00  0.1944580E-01   0.1124518E-03   0.1955825E-01
     4410.00  0.1933519E-01   0.1121209E-03   0.1944731E-01
     4430.00  0.1920579E-01   0.1117987E-03   0.1931759E-01
     4450.00  0.1899133E-01   0.1114851E-03   0.1910282E-01
     4470.00  0.1871319E-01   0.1111797E-03   0.1882437E-01
     4490.00  0.1857713E-01   0.1108823E-03   0.1868801E-01
     4510.00  0.1860201E-01   0.1105925E-03   0.1871260E-01
     4530.00  0.1815524E-01   0.1103103E-03   0.1826555E-01
     4550.00  0.1789468E-01   0.1100352E-03   0.1800472E-01
     4570.00  0.1794631E-01   0.1097671E-03   0.1805608E-01
     4590.00  0.1757165E-01   0.1095057E-03   0.1768116E-01
     4610.00  0.1755129E-01   0.1092509E-03   0.1766054E-01
     4630.00  0.1725000E-01   0.1090024E-03   0.1735900E-01
     4650.00  0.1713341E-01   0.1087600E-03   0.1724217E-01
     4670.00  0.1697375E-01   0.1085234E-03   0.1708227E-01
     4690.00  0.1676608E-01   0.1082926E-03   0.1687437E-01
     4710.00  0.1643582E-01   0.1080673E-03   0.1654389E-01
     4730.00  0.1642443E-01   0.1078473E-03   0.1653228E-01
     4750.00  0.1631180E-01   0.1076324E-03   0.1641943E-01
     4770.00  0.1614510E-01   0.1074225E-03   0.1625252E-01
     4790.00  0.1595637E-01   0.1072174E-03   0.1606359E-01
     4810.00  0.1575156E-01   0.1070168E-03   0.1585858E-01
     4830.00  0.1554363E-01   0.1068204E-03   0.1565045E-01
     4850.00  0.1473504E-01   0.1066284E-03   0.1484167E-01
     4870.00  0.1344094E-01   0.1064405E-03   0.1354738E-01
     4890.00  0.1498365E-01   0.1062566E-03   0.1508991E-01
     4910.00  0.1489791E-01   0.1060766E-03   0.1500399E-01
     4930.00  0.1462516E-01   0.1059004E-03   0.1473106E-01
     4950.00  0.1466910E-01   0.1057278E-03   0.1477483E-01
     4970.00  0.1454042E-01   0.1055586E-03   0.1464598E-01
     4990.00  0.1420044E-01   0.1053928E-03   0.1430583E-01
     5010.00  0.1389454E-01   0.1052303E-03   0.1399977E-01
     5030.00  0.1396100E-01   0.1050708E-03   0.1406607E-01
     5050.00  0.1378650E-01   0.1049144E-03   0.1389141E-01
     5070.00  0.1378454E-01   0.1047612E-03   0.1388930E-01
     5090.00  0.1355525E-01   0.1046123E-03   0.1365986E-01
     5110.00  0.1343886E-01   0.1044660E-03   0.1354333E-01
     5130.00  0.1321890E-01   0.1043223E-03   0.1332322E-01
     5150.00  0.1303866E-01   0.1041809E-03   0.1314284E-01
     5170.00  0.1285808E-01   0.1040419E-03   0.1296212E-01
     5190.00  0.1278867E-01   0.1039052E-03   0.1289258E-01
     5210.00  0.1269464E-01   0.1037706E-03   0.1279841E-01
     5230.00  0.1259658E-01   0.1036381E-03   0.1270022E-01
     5250.00  0.1254644E-01   0.1035076E-03   0.1264995E-01
     5270.00  0.1221232E-01   0.1033790E-03   0.1231570E-01
     5290.00  0.1233995E-01   0.1032523E-03   0.1244320E-01
     5310.00  0.1224854E-01   0.1031273E-03   0.1235167E-01
     5330.00  0.1200459E-01   0.1030040E-03   0.1210759E-01
     5350.00  0.1206301E-01   0.1028824E-03   0.1216589E-01
     5370.00  0.1195195E-01   0.1027622E-03   0.1205471E-01
     5390.00  0.1179144E-01   0.1026434E-03   0.1189408E-01
     5410.00  0.1163601E-01   0.1025259E-03   0.1173854E-01
     5430.00  0.1154748E-01   0.1024099E-03   0.1164989E-01
     5450.00  0.1155695E-01   0.1022951E-03   0.1165925E-01
     5470.00  0.1139235E-01   0.1021815E-03   0.1149453E-01
     5490.00  0.1128814E-01   0.1020692E-03   0.1139021E-01
     5510.00  0.1119037E-01   0.1019579E-03   0.1129233E-01
     5530.00  0.1112336E-01   0.1018478E-03   0.1122521E-01
     5550.00  0.1106747E-01   0.1017387E-03   0.1116921E-01
     5570.00  0.1092992E-01   0.1016305E-03   0.1103155E-01
     5590.00  0.1080086E-01   0.1015233E-03   0.1090238E-01
     5610.00  0.1077008E-01   0.1014170E-03   0.1087150E-01
     5630.00  0.1067835E-01   0.1013115E-03   0.1077966E-01
     5650.00  0.1058173E-01   0.1012068E-03   0.1068294E-01
     5670.00  0.1043566E-01   0.1011029E-03   0.1053676E-01
     5690.00  0.1041916E-01   0.1009997E-03   0.1052016E-01
     5710.00  0.1025472E-01   0.8124497E-04   0.1033596E-01
     5730.00  0.1031916E-01   0.8111377E-04   0.1040027E-01
     5750.00  0.1016671E-01   0.8098386E-04   0.1024769E-01
     5770.00  0.1011584E-01   0.8085520E-04   0.1019670E-01
     5790.00  0.9969943E-02   0.8072774E-04   0.1005067E-01
     5810.00  0.9937095E-02   0.8060146E-04   0.1001770E-01
     5830.00  0.9898300E-02   0.8047630E-04   0.9978776E-02
     5850.00  0.9768897E-02   0.8035224E-04   0.9849249E-02
     5870.00  0.9660528E-02   0.8022925E-04   0.9740757E-02
     5890.00  0.9507014E-02   0.8010727E-04   0.9587121E-02
     5910.00  0.9528831E-02   0.7998629E-04   0.9608817E-02
     5930.00  0.9453198E-02   0.7986627E-04   0.9533064E-02
     5950.00  0.9374518E-02   0.7974718E-04   0.9454265E-02
     5970.00  0.9333027E-02   0.7962898E-04   0.9412656E-02
     5990.00  0.9221934E-02   0.7951165E-04   0.9301446E-02
     6010.00  0.9124776E-02   0.7939517E-04   0.9204171E-02
     6030.00  0.9079275E-02   0.7927949E-04   0.9158554E-02
     6050.00  0.9044074E-02   0.7916460E-04   0.9123239E-02
     6070.00  0.8965079E-02   0.7905047E-04   0.9044129E-02
     6090.00  0.8837681E-02   0.7893706E-04   0.8916618E-02
     6110.00  0.8758034E-02   0.7882435E-04   0.8836858E-02
     6130.00  0.8616414E-02   0.7871232E-04   0.8695126E-02
     6150.00  0.8570205E-02   0.7860096E-04   0.8648806E-02
     6170.00  0.8480459E-02   0.7849023E-04   0.8558949E-02
     6190.00  0.8504316E-02   0.7838012E-04   0.8582696E-02
     6210.00  0.8440927E-02   0.7827061E-04   0.8519198E-02
     6230.00  0.8307350E-02   0.7816167E-04   0.8385512E-02
     6250.00  0.8144344E-02   0.7805328E-04   0.8222397E-02
     6270.00  0.8222132E-02   0.7794543E-04   0.8300077E-02
     6290.00  0.8171803E-02   0.7783810E-04   0.8249641E-02
     6310.00  0.8045438E-02   0.7773125E-04   0.8123169E-02
     6330.00  0.8026152E-02   0.7762490E-04   0.8103777E-02
     6350.00  0.7963532E-02   0.7751901E-04   0.8041051E-02
     6370.00  0.7899614E-02   0.7741356E-04   0.7977028E-02
     6390.00  0.7862865E-02   0.7730855E-04   0.7940174E-02
     6410.00  0.7761974E-02   0.7720396E-04   0.7839178E-02
     6430.00  0.7723874E-02   0.7709976E-04   0.7800974E-02
     6450.00  0.7668576E-02   0.7699595E-04   0.7745572E-02
     6470.00  0.7616902E-02   0.7689251E-04   0.7693795E-02
     6490.00  0.7496136E-02   0.7678944E-04   0.7572925E-02
     6510.00  0.7503426E-02   0.7668670E-04   0.7580113E-02
     6530.00  0.7453706E-02   0.7658338E-04   0.7530289E-02
     6550.00  0.7206764E-02   0.7648009E-04   0.7283244E-02
     6570.00  0.6522867E-02   0.7637707E-04   0.6599244E-02
     6590.00  0.7236548E-02   0.7627432E-04   0.7312822E-02
     6610.00  0.7237638E-02   0.7617184E-04   0.7313810E-02
     6630.00  0.7209616E-02   0.7606959E-04   0.7285686E-02
     6650.00  0.7149546E-02   0.7564487E-04   0.7225191E-02
     6670.00  0.7071021E-02   0.7554413E-04   0.7146565E-02
     6690.00  0.7071503E-02   0.7544361E-04   0.7146947E-02
     6710.00  0.6981645E-02   0.7534330E-04   0.7056988E-02
     6730.00  0.6974882E-02   0.7524319E-04   0.7050125E-02
     6750.00  0.6898033E-02   0.7514329E-04   0.6973176E-02
     6770.00  0.6864641E-02   0.7504356E-04   0.6939685E-02
     6790.00  0.6805472E-02   0.7494402E-04   0.6880416E-02
     6810.00  0.6758694E-02   0.7484465E-04   0.6833539E-02
     6830.00  0.6722338E-02   0.7474544E-04   0.6797083E-02
     6850.00  0.6638477E-02   0.7464639E-04   0.6713123E-02
     6870.00  0.6618196E-02   0.7454749E-04   0.6692743E-02
     6890.00  0.6594851E-02   0.7444874E-04   0.6669300E-02
     6910.00  0.6533846E-02   0.7435012E-04   0.6608196E-02
     6930.00  0.6481707E-02   0.7425164E-04   0.6555959E-02
     6950.00  0.6410637E-02   0.7415328E-04   0.6484790E-02
     6970.00  0.6384509E-02   0.7405504E-04   0.6458564E-02
     6990.00  0.6332266E-02   0.7395692E-04   0.6406223E-02
     7010.00  0.6245716E-02   0.7385891E-04   0.6319575E-02
     7030.00  0.6237750E-02   0.7376104E-04   0.6311511E-02
     7050.00  0.6213935E-02   0.7366328E-04   0.6287598E-02
     7070.00  0.6142244E-02   0.7356561E-04   0.6215810E-02
     7090.00  0.6114519E-02   0.7346803E-04   0.6187987E-02
     7110.00  0.6054103E-02   0.7337053E-04   0.6127474E-02
     7130.00  0.5998240E-02   0.7327311E-04   0.6071513E-02
     7150.00  0.5964541E-02   0.7317576E-04   0.6037717E-02
     7170.00  0.5940474E-02   0.7307848E-04   0.6013552E-02
     7190.00  0.5844548E-02   0.7298127E-04   0.5917529E-02
     7210.00  0.5841499E-02   0.7288413E-04   0.5914383E-02
     7230.00  0.5818392E-02   0.7278705E-04   0.5891179E-02
     7250.00  0.5797099E-02   0.7269002E-04   0.5869789E-02
     7270.00  0.5753772E-02   0.7259305E-04   0.5826365E-02
     7290.00  0.5667562E-02   0.7249613E-04   0.5740058E-02
     7310.00  0.5652578E-02   0.7239927E-04   0.5724977E-02
     7330.00  0.5629220E-02   0.7230244E-04   0.5701522E-02
     7350.00  0.5593819E-02   0.7220567E-04   0.5666025E-02
     7370.00  0.5585412E-02   0.7210894E-04   0.5657521E-02
     7390.00  0.5515218E-02   0.7201225E-04   0.5587230E-02
     7410.00  0.5444512E-02   0.7191560E-04   0.5516428E-02
     7430.00  0.5442596E-02   0.7181898E-04   0.5514415E-02
     7450.00  0.5419334E-02   0.7160612E-04   0.5490940E-02
     7470.00  0.5392794E-02   0.7150982E-04   0.5464304E-02
     7490.00  0.5348072E-02   0.7141356E-04   0.5419486E-02
     7510.00  0.5326210E-02   0.7131733E-04   0.5397527E-02
     7530.00  0.5305341E-02   0.7122114E-04   0.5376562E-02
     7550.00  0.5287930E-02   0.7112497E-04   0.5359055E-02
     7570.00  0.5241862E-02   0.7102884E-04   0.5312891E-02
     7590.00  0.5206860E-02   0.7093274E-04   0.5277793E-02
     7610.00  0.5179932E-02   0.7083624E-04   0.5250768E-02
     7630.00  0.5153766E-02   0.7073933E-04   0.5224505E-02
     7650.00  0.5122750E-02   0.7064243E-04   0.5193392E-02
     7670.00  0.5049992E-02   0.7054553E-04   0.5120538E-02
     7690.00  0.5066160E-02   0.7044864E-04   0.5136609E-02
     7710.00  0.4993602E-02   0.7035174E-04   0.5063954E-02
     7730.00  0.4984112E-02   0.7025486E-04   0.5054367E-02
     7750.00  0.4943716E-02   0.7015797E-04   0.5013874E-02
     7770.00  0.4916716E-02   0.7006109E-04   0.4986777E-02
     7790.00  0.4913116E-02   0.6996421E-04   0.4983080E-02
     7810.00  0.4890582E-02   0.6986734E-04   0.4960449E-02
     7830.00  0.4844440E-02   0.6977047E-04   0.4914210E-02
     7850.00  0.4804944E-02   0.6967360E-04   0.4874618E-02
     7870.00  0.4785468E-02   0.6845873E-04   0.4853927E-02
     7890.00  0.4722418E-02   0.6836443E-04   0.4790782E-02
     7910.00  0.4667010E-02   0.6827013E-04   0.4735280E-02
     7930.00  0.4637183E-02   0.6817583E-04   0.4705359E-02
     7950.00  0.4597214E-02   0.6808153E-04   0.4665296E-02
     7970.00  0.4622234E-02   0.6798724E-04   0.4690221E-02
     7990.00  0.4588834E-02   0.6789296E-04   0.4656727E-02
     8010.00  0.4591879E-02   0.6779867E-04   0.4659678E-02
     8030.00  0.4571700E-02   0.6770439E-04   0.4639404E-02
     8050.00  0.4533684E-02   0.6761012E-04   0.4601294E-02
     8070.00  0.4514630E-02   0.6751585E-04   0.4582146E-02
     8090.00  0.4470450E-02   0.6742158E-04   0.4537872E-02
     8110.00  0.4456161E-02   0.6732733E-04   0.4523488E-02
     8130.00  0.4436764E-02   0.6723307E-04   0.4503997E-02
     8150.00  0.4410718E-02   0.6713883E-04   0.4477857E-02
     8170.00  0.4386233E-02   0.6704459E-04   0.4453278E-02
     8190.00  0.4333828E-02   0.6695036E-04   0.4400778E-02
     8210.00  0.4349528E-02   0.6005172E-04   0.4409580E-02
     8230.00  0.4326385E-02   0.3348839E-04   0.4359873E-02
     8250.00  0.4309946E-02   0.3342321E-04   0.4343369E-02
     8270.00  0.4291087E-02   0.3335831E-04   0.4324445E-02
     8290.00  0.4249046E-02   0.3296594E-04   0.4282012E-02
     8310.00  0.4187812E-02   0.3290238E-04   0.4220714E-02
     8330.00  0.4138238E-02   0.3283908E-04   0.4171077E-02
     8350.00  0.4156164E-02   0.3277605E-04   0.4188940E-02
     8370.00  0.4102969E-02   0.3271327E-04   0.4135682E-02
     8390.00  0.4081551E-02   0.3265075E-04   0.4114202E-02
     8410.00  0.4103018E-02   0.3258848E-04   0.4135606E-02
     8430.00  0.4117863E-02   0.3252646E-04   0.4150389E-02
     8450.00  0.4113540E-02   0.3246467E-04   0.4146005E-02
     8470.00  0.4005634E-02   0.3240314E-04   0.4038037E-02
     8490.00  0.4120360E-02   0.3234184E-04   0.4152702E-02
     8510.00  0.3858385E-02   0.3228078E-04   0.3890666E-02
     8530.00  0.4095508E-02   0.3221995E-04   0.4127728E-02
     8550.00  0.3545394E-02   0.3215935E-04   0.3577553E-02
     8570.00  0.4129700E-02   0.3209898E-04   0.4161799E-02
     8590.00  0.3991056E-02   0.3203884E-04   0.4023095E-02
     8610.00  0.3922954E-02   0.3197892E-04   0.3954933E-02
     8630.00  0.4075589E-02   0.3191922E-04   0.4107508E-02
     8650.00  0.3997142E-02   0.3185975E-04   0.4029002E-02
     8670.00  0.3473135E-02   0.3180048E-04   0.3504935E-02
     8690.00  0.3965356E-02   0.3174144E-04   0.3997097E-02
     8710.00  0.3997378E-02   0.3168260E-04   0.4029061E-02
     8730.00  0.3957830E-02   0.3162397E-04   0.3989454E-02
     8750.00  0.3685893E-02   0.3156556E-04   0.3717459E-02
     8770.00  0.3898353E-02   0.3150734E-04   0.3929860E-02
     8790.00  0.3915598E-02   0.3144934E-04   0.3947047E-02
     8810.00  0.3878794E-02   0.3139153E-04   0.3910186E-02
     8830.00  0.3852284E-02   0.3133392E-04   0.3883618E-02
     8850.00  0.3783054E-02   0.3127651E-04   0.3814331E-02
     8870.00  0.3573531E-02   0.3121929E-04   0.3604750E-02
     8890.00  0.3800733E-02   0.3116227E-04   0.3831895E-02
     8910.00  0.3796295E-02   0.3110544E-04   0.3827400E-02
     8930.00  0.3766186E-02   0.3104880E-04   0.3797235E-02
     8950.00  0.3746596E-02   0.3099235E-04   0.3777588E-02
     8970.00  0.3732100E-02   0.3093609E-04   0.3763036E-02
     8990.00  0.3699671E-02   0.3088001E-04   0.3730551E-02
     9010.00  0.3451516E-02   0.3082411E-04   0.3482340E-02
     9030.00  0.3581298E-02   0.3076839E-04   0.3612066E-02
     9050.00  0.3657008E-02   0.3071285E-04   0.3687721E-02
     9070.00  0.3617553E-02   0.3065750E-04   0.3648210E-02
     9090.00  0.3564807E-02   0.3060231E-04   0.3595409E-02
     9110.00  0.3583192E-02   0.3054730E-04   0.3613739E-02
     9130.00  0.3578246E-02   0.3049248E-04   0.3608738E-02
     9150.00  0.3563240E-02   0.3043783E-04   0.3593678E-02
     9170.00  0.3541580E-02   0.3038336E-04   0.3571963E-02
     9190.00  0.3524266E-02   0.3032906E-04   0.3554595E-02
     9210.00  0.3458293E-02   0.3027492E-04   0.3488568E-02
     9230.00  0.3236100E-02   0.3022095E-04   0.3266321E-02
     9250.00  0.3403029E-02   0.3016714E-04   0.3433196E-02
     9270.00  0.3426508E-02   0.3011350E-04   0.3456621E-02
     9290.00  0.3429547E-02   0.3006001E-04   0.3459607E-02
     9310.00  0.3418526E-02   0.3000669E-04   0.3448533E-02
     9330.00  0.3399191E-02   0.2995352E-04   0.3429145E-02
     9350.00  0.3377974E-02   0.2990051E-04   0.3407875E-02
     9370.00  0.3349669E-02   0.2984766E-04   0.3379517E-02
     9390.00  0.3344806E-02   0.2979497E-04   0.3374601E-02
     9410.00  0.3287806E-02   0.2974243E-04   0.3317548E-02
     9430.00  0.3306976E-02   0.2969004E-04   0.3336666E-02
     9450.00  0.3282422E-02   0.2963780E-04   0.3312060E-02
     9470.00  0.3276399E-02   0.2958572E-04   0.3305985E-02
     9490.00  0.3260382E-02   0.2953378E-04   0.3289916E-02
     9510.00  0.3235207E-02   0.2948199E-04   0.3264689E-02
     9530.00  0.3187417E-02   0.2943035E-04   0.3216847E-02
     9550.00  0.2990379E-02   0.2937885E-04   0.3019758E-02
     9570.00  0.3158160E-02   0.2932750E-04   0.3187487E-02
     9590.00  0.3172106E-02   0.2927630E-04   0.3201382E-02
     9610.00  0.3147933E-02   0.2922523E-04   0.3177158E-02
     9630.00  0.3126708E-02   0.2917431E-04   0.3155882E-02
     9650.00  0.3107922E-02   0.2912354E-04   0.3137046E-02
     9670.00  0.3088694E-02   0.2907289E-04   0.3117767E-02
     9690.00  0.3090001E-02   0.2902239E-04   0.3119023E-02
     9710.00  0.3072682E-02   0.2897203E-04   0.3101654E-02
     9730.00  0.3057224E-02   0.2892181E-04   0.3086146E-02
     9750.00  0.3034629E-02   0.2887172E-04   0.3063501E-02
     9770.00  0.3026556E-02   0.2882177E-04   0.3055378E-02
     9790.00  0.3003405E-02   0.2877195E-04   0.3032177E-02
     9810.00  0.3001633E-02   0.2872227E-04   0.3030355E-02
     9830.00  0.2987915E-02   0.2867271E-04   0.3016588E-02
     9850.00  0.2971396E-02   0.2862329E-04   0.3000019E-02
     9870.00  0.2952117E-02   0.2857401E-04   0.2980691E-02
     9890.00  0.2934743E-02   0.2852484E-04   0.2963268E-02
     9910.00  0.2924017E-02   0.2847582E-04   0.2952493E-02
     9930.00  0.2911342E-02   0.2842692E-04   0.2939769E-02
     9950.00  0.2899022E-02   0.2837815E-04   0.2927400E-02
     9970.00  0.2886218E-02   0.2832951E-04   0.2914548E-02
     9990.00  0.2870225E-02   0.2828100E-04   0.2898506E-02
    10025.00  0.2803452E-02   0.2819639E-04   0.2831648E-02
    10075.00  0.2737102E-02   0.2807619E-04   0.2765178E-02
    10125.00  0.2760043E-02   0.2795676E-04   0.2788000E-02
    10175.00  0.2722886E-02   0.2783871E-04   0.2750725E-02
    10225.00  0.2697393E-02   0.2772150E-04   0.2725115E-02
    10275.00  0.2673333E-02   0.2760501E-04   0.2700938E-02
    10325.00  0.2623648E-02   0.2748921E-04   0.2651137E-02
    10375.00  0.2596762E-02   0.2737411E-04   0.2624136E-02
    10425.00  0.2574552E-02   0.2725969E-04   0.2601812E-02
    10475.00  0.2532886E-02   0.2714595E-04   0.2560032E-02
    10525.00  0.2513118E-02   0.2703287E-04   0.2540151E-02
    10575.00  0.2480184E-02   0.2692046E-04   0.2507104E-02
    10625.00  0.2447692E-02   0.2680869E-04   0.2474501E-02
    10675.00  0.2400961E-02   0.2669758E-04   0.2427659E-02
    10725.00  0.2386772E-02   0.2658711E-04   0.2413359E-02
    10775.00  0.2355292E-02   0.2647727E-04   0.2381769E-02
    10825.00  0.2319531E-02   0.2636805E-04   0.2345899E-02
    10875.00  0.2297650E-02   0.2625946E-04   0.2323909E-02
    10925.00  0.2219480E-02   0.2615149E-04   0.2245631E-02
    10975.00  0.2238023E-02   0.2604412E-04   0.2264067E-02
    11025.00  0.2236646E-02   0.2593736E-04   0.2262583E-02
    11075.00  0.2214976E-02   0.2583120E-04   0.2240807E-02
    11125.00  0.2185471E-02   0.2572563E-04   0.2211197E-02
    11175.00  0.2157732E-02   0.2373290E-04   0.2181465E-02
    11225.00  0.2141533E-02   0.2363500E-04   0.2165168E-02
    11275.00  0.2103262E-02   0.2353769E-04   0.2126800E-02
    11325.00  0.2082091E-02   0.2344094E-04   0.2105532E-02
    11375.00  0.2061971E-02   0.2334477E-04   0.2085316E-02
    11425.00  0.2030677E-02   0.2324915E-04   0.2053926E-02
    11475.00  0.2026431E-02   0.2315408E-04   0.2049585E-02
    11525.00  0.2004850E-02   0.2305956E-04   0.2027910E-02
    11575.00  0.1977684E-02   0.2296560E-04   0.2000650E-02
    11625.00  0.1941562E-02   0.2287217E-04   0.1964434E-02
    11675.00  0.1925672E-02   0.2277928E-04   0.1948451E-02
    11725.00  0.1920517E-02   0.2268692E-04   0.1943204E-02
    11775.00  0.1882717E-02   0.2259509E-04   0.1905312E-02
    11825.00  0.1867350E-02   0.2250378E-04   0.1889854E-02
    11875.00  0.1836033E-02   0.2241299E-04   0.1858446E-02
    11925.00  0.1841289E-02   0.2232271E-04   0.1863612E-02
    11975.00  0.1797125E-02   0.2223295E-04   0.1819358E-02
    12025.00  0.1796039E-02   0.2214369E-04   0.1818183E-02
    12075.00  0.1771662E-02   0.2205493E-04   0.1793717E-02
    12125.00  0.1757468E-02   0.2196667E-04   0.1779435E-02
    12175.00  0.1745869E-02   0.2187891E-04   0.1767748E-02
    12225.00  0.1726721E-02   0.2179163E-04   0.1748513E-02
    12275.00  0.1706002E-02   0.2170484E-04   0.1727707E-02
    12325.00  0.1690840E-02   0.2161853E-04   0.1712459E-02
    12375.00  0.1673107E-02   0.2153271E-04   0.1694640E-02
    12425.00  0.1657580E-02   0.2144735E-04   0.1679027E-02
    12475.00  0.1642314E-02   0.2136247E-04   0.1663676E-02
    12525.00  0.1622951E-02   0.2125773E-04   0.1644209E-02
    12575.00  0.1605406E-02   0.2117393E-04   0.1626580E-02
    12625.00  0.1589579E-02   0.2109059E-04   0.1610670E-02
    12675.00  0.1573980E-02   0.2100771E-04   0.1594988E-02
    12725.00  0.1561790E-02   0.2092528E-04   0.1582715E-02
    12775.00  0.1544692E-02   0.2084330E-04   0.1565535E-02
    12825.00  0.1475298E-02   0.2076177E-04   0.1496060E-02
    12875.00  0.1510938E-02   0.2068069E-04   0.1531619E-02
    12925.00  0.1496630E-02   0.2060005E-04   0.1517230E-02
    12975.00  0.1487252E-02   0.2051985E-04   0.1507772E-02
    13025.00  0.1470694E-02   0.2044008E-04   0.1491134E-02
    13075.00  0.1459443E-02   0.2036054E-04   0.1479804E-02
    13125.00  0.1440216E-02   0.2028142E-04   0.1460497E-02
    13175.00  0.1425176E-02   0.2020272E-04   0.1445379E-02
    13225.00  0.1417048E-02   0.2012444E-04   0.1437172E-02
    13275.00  0.1396262E-02   0.2004658E-04   0.1416309E-02
    13325.00  0.1389343E-02   0.1996913E-04   0.1409312E-02
    13375.00  0.1374685E-02   0.1989210E-04   0.1394577E-02
    13425.00  0.1367247E-02   0.1981547E-04   0.1387062E-02
    13475.00  0.1353844E-02   0.1973926E-04   0.1373583E-02
    13525.00  0.1341124E-02   0.1966344E-04   0.1360787E-02
    13575.00  0.1321846E-02   0.1958803E-04   0.1341434E-02
    13625.00  0.1310992E-02   0.1950470E-04   0.1330497E-02
    13675.00  0.1301760E-02   0.1943012E-04   0.1321190E-02
    13725.00  0.1287739E-02   0.1935594E-04   0.1307095E-02
    13775.00  0.1278878E-02   0.1928215E-04   0.1298160E-02
    13825.00  0.1268661E-02   0.1920875E-04   0.1287870E-02
    13875.00  0.1255669E-02   0.1913574E-04   0.1274805E-02
    13925.00  0.1247777E-02   0.1906311E-04   0.1266840E-02
    13975.00  0.1238095E-02   0.1899087E-04   0.1257086E-02
    14025.00  0.1221335E-02   0.1891900E-04   0.1240254E-02
    14075.00  0.1216520E-02   0.1884752E-04   0.1235368E-02
    14125.00  0.1201318E-02   0.1868896E-04   0.1220007E-02
    14175.00  0.1196258E-02   0.1861878E-04   0.1214877E-02
    14225.00  0.1178260E-02   0.1854897E-04   0.1196809E-02
    14275.00  0.1165675E-02   0.1847952E-04   0.1184155E-02
    14325.00  0.1163571E-02   0.1841043E-04   0.1181981E-02
    14375.00  0.1157570E-02   0.1834170E-04   0.1175912E-02
    14425.00  0.1129107E-02   0.1827333E-04   0.1147380E-02
    14475.00  0.1136705E-02   0.1820532E-04   0.1154910E-02
    14525.00  0.1117147E-02   0.1813766E-04   0.1135285E-02
    14570.00  0.1114898E-02   0.1807706E-04   0.1132975E-02
    14620.00  0.1107661E-02   0.1343177E-04   0.1121093E-02
    14675.00  0.1100118E-02   0.1337707E-04   0.1113495E-02
    14725.00  0.1082738E-02   0.1329602E-04   0.1096034E-02
    14775.00  0.1075194E-02   0.1324698E-04   0.1088441E-02
    14825.00  0.1066366E-02   0.1319822E-04   0.1079564E-02
    14875.00  0.1050861E-02   0.1314973E-04   0.1064011E-02
    14925.00  0.1051632E-02   0.1310152E-04   0.1064734E-02
    14975.00  0.1040384E-02   0.1305358E-04   0.1053438E-02
    15025.00  0.1023464E-02   0.1300590E-04   0.1036470E-02
    15075.00  0.1014635E-02   0.1295849E-04   0.1027593E-02
    15125.00  0.1017072E-02   0.1291135E-04   0.1029983E-02
    15175.00  0.1012116E-02   0.1286446E-04   0.1024980E-02
    15225.00  0.1011326E-02   0.1281786E-04   0.1024144E-02
    15275.00  0.9927376E-03   0.1277152E-04   0.1005509E-02
    15325.00  0.9865152E-03   0.1272544E-04   0.9992406E-03
    15375.00  0.9928692E-03   0.1267961E-04   0.1005549E-02
    15425.00  0.9695906E-03   0.1263403E-04   0.9822246E-03
    15475.00  0.9799336E-03   0.1258870E-04   0.9925223E-03
    15525.00  0.9711740E-03   0.1254362E-04   0.9837176E-03
    15575.00  0.9364996E-03   0.1249878E-04   0.9489984E-03
    15625.00  0.9605876E-03   0.1245419E-04   0.9730418E-03
    15675.00  0.9420454E-03   0.1240984E-04   0.9544552E-03
    15725.00  0.9226127E-03   0.1236573E-04   0.9349784E-03
    15775.00  0.9210332E-03   0.1232185E-04   0.9333551E-03
    15825.00  0.9219538E-03   0.1227821E-04   0.9342320E-03
    15875.00  0.8802963E-03   0.1223481E-04   0.8925311E-03
    15925.00  0.9102379E-03   0.1219164E-04   0.9224295E-03
    15975.00  0.9014496E-03   0.1214870E-04   0.9135983E-03
    16050.00  0.8899673E-03   0.1208472E-04   0.9020520E-03
    16150.00  0.8639289E-03   0.1200021E-04   0.8759291E-03
    16250.00  0.8635296E-03   0.1191660E-04   0.8754462E-03
    16350.00  0.8488086E-03   0.1183386E-04   0.8606425E-03
    16450.00  0.8128658E-03   0.1175200E-04   0.8246178E-03
    16550.00  0.8194918E-03   0.1167100E-04   0.8311628E-03
    16650.00  0.7982763E-03   0.1159084E-04   0.8098671E-03
    16750.00  0.7830233E-03   0.1151151E-04   0.7945348E-03
    16850.00  0.7523924E-03   0.1143301E-04   0.7638254E-03
    16950.00  0.7574555E-03   0.1135533E-04   0.7688108E-03
    17050.00  0.7362715E-03   0.1127844E-04   0.7475499E-03
    17150.00  0.7257751E-03   0.1120234E-04   0.7369774E-03
    17250.00  0.7087662E-03   0.1112703E-04   0.7198932E-03
    17350.00  0.6797274E-03   0.1105248E-04   0.6907799E-03
    17450.00  0.6807016E-03   0.1097869E-04   0.6916803E-03
    17550.00  0.6690294E-03   0.1090564E-04   0.6799350E-03
    17650.00  0.6564834E-03   0.1083334E-04   0.6673167E-03
    17750.00  0.6435293E-03   0.1076177E-04   0.6542911E-03
    17850.00  0.6323188E-03   0.1069091E-04   0.6430097E-03
    17950.00  0.6215312E-03   0.1062077E-04   0.6321520E-03
    18050.00  0.6079927E-03   0.1055132E-04   0.6185440E-03
    18150.00  0.5869939E-03   0.1048257E-04   0.5974765E-03
    18250.00  0.5842120E-03   0.1041451E-04   0.5946265E-03
    18350.00  0.5751712E-03   0.1034725E-04   0.5855184E-03
    18450.00  0.5627976E-03   0.1028063E-04   0.5730782E-03
    18550.00  0.5538913E-03   0.9887934E-05   0.5637792E-03
    18650.00  0.5419733E-03   0.9824812E-05   0.5517981E-03
    18750.00  0.5195788E-03   0.9762303E-05   0.5293411E-03
    18850.00  0.5234709E-03   0.9700397E-05   0.5331713E-03
    18950.00  0.5087585E-03   0.9639088E-05   0.5183976E-03
    19050.00  0.5065247E-03   0.9578368E-05   0.5161031E-03
    19150.00  0.4966539E-03   0.9518230E-05   0.5061721E-03
    19250.00  0.4882495E-03   0.9458667E-05   0.4977082E-03
    19350.00  0.4774695E-03   0.9399672E-05   0.4868692E-03
    19450.00  0.4602280E-03   0.9341238E-05   0.4695692E-03
    19550.00  0.4618861E-03   0.9283358E-05   0.4711695E-03
    19650.00  0.4540172E-03   0.9226024E-05   0.4632432E-03
    19750.00  0.4452445E-03   0.9169232E-05   0.4544137E-03
    19850.00  0.4384781E-03   0.9112974E-05   0.4475911E-03
    19950.00  0.4310364E-03   0.9057243E-05   0.4400936E-03
    20050.00  0.4252617E-03   0.9002034E-05   0.4342637E-03
    20150.00  0.4187143E-03   0.8947339E-05   0.4276616E-03
    20250.00  0.4097460E-03   0.8890702E-05   0.4186367E-03
    20350.00  0.4018340E-03   0.8837043E-05   0.4106710E-03
    20450.00  0.3978850E-03   0.8783880E-05   0.4066689E-03
    20550.00  0.3907904E-03   0.8731208E-05   0.3995216E-03
    20650.00  0.3831428E-03   0.8679021E-05   0.3918218E-03
    20750.00  0.3772539E-03   0.8627314E-05   0.3858812E-03
    20850.00  0.3713992E-03   0.8576080E-05   0.3799753E-03
    20950.00  0.3641569E-03   0.8525314E-05   0.3726822E-03
    21050.00  0.3595858E-03   0.8475010E-05   0.3680608E-03
    21150.00  0.3531537E-03   0.8425164E-05   0.3615789E-03
    21250.00  0.3474630E-03   0.8375769E-05   0.3558388E-03
    21350.00  0.3424794E-03   0.8326820E-05   0.3508062E-03
    21450.00  0.3372409E-03   0.8278314E-05   0.3455192E-03
    21550.00  0.3317735E-03   0.8229168E-05   0.3400027E-03
    21650.00  0.3201534E-03   0.8181536E-05   0.3283349E-03
    21750.00  0.3201668E-03   0.8134331E-05   0.3283011E-03
    21850.00  0.3152968E-03   0.8087546E-05   0.3233843E-03
    21950.00  0.3112059E-03   0.8041177E-05   0.3192471E-03
    22050.00  0.3049954E-03   0.7995220E-05   0.3129906E-03
    22150.00  0.3011928E-03   0.7949670E-05   0.3091425E-03
    22250.00  0.2960908E-03   0.7892386E-05   0.3039832E-03
    22350.00  0.2916746E-03   0.7847756E-05   0.2995224E-03
    22450.00  0.2874032E-03   0.7803518E-05   0.2952067E-03
    22550.00  0.2823976E-03   0.7759667E-05   0.2901573E-03
    22650.00  0.2782554E-03   0.7716198E-05   0.2859716E-03
    22750.00  0.2744704E-03   0.7673107E-05   0.2821435E-03
    22850.00  0.2698938E-03   0.6649414E-05   0.2765432E-03
    22950.00  0.2489379E-03   0.6608126E-05   0.2555460E-03
    23050.00  0.2546566E-03   0.6572215E-05   0.2612288E-03
    23150.00  0.2513708E-03   0.6536613E-05   0.2579074E-03
    23250.00  0.2329541E-03   0.6501318E-05   0.2394554E-03
    23350.00  0.2389331E-03   0.6466326E-05   0.2453994E-03
    23450.00  0.2368485E-03   0.6431634E-05   0.2432801E-03
    23550.00  0.2194839E-03   0.6397237E-05   0.2258811E-03
    23650.00  0.2258434E-03   0.6363134E-05   0.2322065E-03
    23750.00  0.2240574E-03   0.6329320E-05   0.2303867E-03
    23850.00  0.2091035E-03   0.6295793E-05   0.2153993E-03
    23950.00  0.2140657E-03   0.6262548E-05   0.2203282E-03
    24050.00  0.2133216E-03   0.6229583E-05   0.2195512E-03
    24150.00  0.2010221E-03   0.6196895E-05   0.2072190E-03
    24250.00  0.2052817E-03   0.6164481E-05   0.2114462E-03
    24350.00  0.2033126E-03   0.6132337E-05   0.2094449E-03
    24450.00  0.1951782E-03   0.6100461E-05   0.2012787E-03
    24550.00  0.1945478E-03   0.6068849E-05   0.2006166E-03
    24650.00  0.1958989E-03   0.6037499E-05   0.2019364E-03
    24750.00  0.1905461E-03   0.6006407E-05   0.1965525E-03
    24850.00  0.1855552E-03   0.5975572E-05   0.1915308E-03
    24950.00  0.1856367E-03   0.5944989E-05   0.1915817E-03
    25050.00  0.1879580E-03   0.5914657E-05   0.1938727E-03
    25150.00  0.1784534E-03   0.5884573E-05   0.1843380E-03
    25250.00  0.1784638E-03   0.5854733E-05   0.1843185E-03
    25350.00  0.1793078E-03   0.5825136E-05   0.1851329E-03
    25450.00  0.1753133E-03   0.5795778E-05   0.1811091E-03
    25550.00  0.1726874E-03   0.5766658E-05   0.1784541E-03
    25650.00  0.1698382E-03   0.5737771E-05   0.1755760E-03
    25750.00  0.1706917E-03   0.5709117E-05   0.1764008E-03
    25850.00  0.1648338E-03   0.5680692E-05   0.1705145E-03
    25950.00  0.1649963E-03   0.5652495E-05   0.1706488E-03
    26050.00  0.1637235E-03   0.5624522E-05   0.1693480E-03
    26150.00  0.1590446E-03   0.5596771E-05   0.1646414E-03
    26250.00  0.1562419E-03   0.5569240E-05   0.1618111E-03
    26350.00  0.1575948E-03   0.5541926E-05   0.1631367E-03
    26450.00  0.1559982E-03   0.5514828E-05   0.1615130E-03
    26550.00  0.1532099E-03   0.5487942E-05   0.1586978E-03
    26650.00  0.1504941E-03   0.5461268E-05   0.1559554E-03
    26750.00  0.1491371E-03   0.5434801E-05   0.1545719E-03
    26850.00  0.1487678E-03   0.5408542E-05   0.1541763E-03
    26950.00  0.1461329E-03   0.5382486E-05   0.1515154E-03
    27050.00  0.1450653E-03   0.5356633E-05   0.1504219E-03
    27150.00  0.1433411E-03   0.5330979E-05   0.1486721E-03
    27250.00  0.1419922E-03   0.5305523E-05   0.1472977E-03
    27350.00  0.1393507E-03   0.5280264E-05   0.1446310E-03
    27450.00  0.1382822E-03   0.5255198E-05   0.1435374E-03
    27550.00  0.1354337E-03   0.5230324E-05   0.1406640E-03
    27650.00  0.1346851E-03   0.5125197E-05   0.1398103E-03
    27750.00  0.1330444E-03   0.5101132E-05   0.1381455E-03
    27850.00  0.1317311E-03   0.5077250E-05   0.1368084E-03
    27950.00  0.1305884E-03   0.5053549E-05   0.1356419E-03
    28050.00  0.1288558E-03   0.5030027E-05   0.1338858E-03
    28150.00  0.1270615E-03   0.5006682E-05   0.1320682E-03
    28250.00  0.1256435E-03   0.4983513E-05   0.1306270E-03
    28350.00  0.1243877E-03   0.4960517E-05   0.1293482E-03
    28450.00  0.1227021E-03   0.4937693E-05   0.1276398E-03
    28550.00  0.1211958E-03   0.4915040E-05   0.1261108E-03
    28650.00  0.1195648E-03   0.4892554E-05   0.1244574E-03
    28750.00  0.1166975E-03   0.4870236E-05   0.1215677E-03
    28850.00  0.1168104E-03   0.4848082E-05   0.1216585E-03
    28950.00  0.1154763E-03   0.4826093E-05   0.1203024E-03
    29050.00  0.1140573E-03   0.4804264E-05   0.1188616E-03
    29150.00  0.1126859E-03   0.4782597E-05   0.1174685E-03
    29250.00  0.1111014E-03   0.4761088E-05   0.1158625E-03
    29350.00  0.1100973E-03   0.4739736E-05   0.1148370E-03
    29450.00  0.1084890E-03   0.4718539E-05   0.1132075E-03
    29550.00  0.1072723E-03   0.4697497E-05   0.1119698E-03
    29650.00  0.1060775E-03   0.4676607E-05   0.1107541E-03
    29750.00  0.1047818E-03   0.4655403E-05   0.1094372E-03
    29850.00  0.1035199E-03   0.4634816E-05   0.1081547E-03
    29950.00  0.1022446E-03   0.4614376E-05   0.1068590E-03
    30050.00  0.1009712E-03   0.4594084E-05   0.1055653E-03
    30150.00  0.9982977E-04   0.4573937E-05   0.1044037E-03
    30250.00  0.9857210E-04   0.4553934E-05   0.1031260E-03
    30350.00  0.9611196E-04   0.4534073E-05   0.1006460E-03
    30450.00  0.9592635E-04   0.4514353E-05   0.1004407E-03
    30550.00  0.9498732E-04   0.4494774E-05   0.9948209E-04
    30650.00  0.9381964E-04   0.4475332E-05   0.9829497E-04
    30750.00  0.9283376E-04   0.4456028E-05   0.9728979E-04
    30850.00  0.9160843E-04   0.4436860E-05   0.9604529E-04
    30950.00  0.9050320E-04   0.4417826E-05   0.9492103E-04
    31050.00  0.8955491E-04   0.4398925E-05   0.9395384E-04
    31150.00  0.8811899E-04   0.4380157E-05   0.9249915E-04
    31250.00  0.8736404E-04   0.4361519E-05   0.9172556E-04
    31350.00  0.8636280E-04   0.4342797E-05   0.9070560E-04
    31450.00  0.8533534E-04   0.4324415E-05   0.8965975E-04
    31550.00  0.8421115E-04   0.4306160E-05   0.8851731E-04
    31650.00  0.8333202E-04   0.4288031E-05   0.8762005E-04
    31750.00  0.8239229E-04   0.4270027E-05   0.8666232E-04
    31850.00  0.8144061E-04   0.4252146E-05   0.8569276E-04
    31950.00  0.8055152E-04   0.4234388E-05   0.8478591E-04
    32100.00  0.7910238E-04   0.4205524E-05   0.8330790E-04
    32300.00  0.7730566E-04   0.4170769E-05   0.8147643E-04
    32500.00  0.7552049E-04   0.4136483E-05   0.7965697E-04
    32700.00  0.7378143E-04   0.4102659E-05   0.7788409E-04
    32900.00  0.7148727E-04   0.3792416E-05   0.7527969E-04
    33100.00  0.7035364E-04   0.3761045E-05   0.7411469E-04
    33300.00  0.6878550E-04   0.3731170E-05   0.7251667E-04
    33500.00  0.6734162E-04   0.3701688E-05   0.7104331E-04
    33700.00  0.6578347E-04   0.3672590E-05   0.6945606E-04
    33900.00  0.6426158E-04   0.3643872E-05   0.6790545E-04
    34100.00  0.6282654E-04   0.3615525E-05   0.6644206E-04
    34300.00  0.6157630E-04   0.3587543E-05   0.6516384E-04
    34500.00  0.6026307E-04   0.3559920E-05   0.6382299E-04
    34700.00  0.5895586E-04   0.3532649E-05   0.6248851E-04
    34900.00  0.5768101E-04   0.3505726E-05   0.6118674E-04
    35100.00  0.5647750E-04   0.3479142E-05   0.5995664E-04
    35300.00  0.5518602E-04   0.3452894E-05   0.5863891E-04
    35500.00  0.5405498E-04   0.3426974E-05   0.5748195E-04
    35700.00  0.5283615E-04   0.3401378E-05   0.5623753E-04
    35900.00  0.5187096E-04   0.3376100E-05   0.5524706E-04
    36100.00  0.5069368E-04   0.3351134E-05   0.5404481E-04
    36300.00  0.4980432E-04   0.3326475E-05   0.5313080E-04
    36500.00  0.4852312E-04   0.3302119E-05   0.5182524E-04
    36700.00  0.4768352E-04   0.3278060E-05   0.5096158E-04
    36900.00  0.4642228E-04   0.3254293E-05   0.4967657E-04
    37100.00  0.4565463E-04   0.3230814E-05   0.4888544E-04
    37300.00  0.4471512E-04   0.3207617E-05   0.4792274E-04
    37500.00  0.4336095E-04   0.3184698E-05   0.4654565E-04
    37700.00  0.4302897E-04   0.3162052E-05   0.4619102E-04
    37900.00  0.4218227E-04   0.3139676E-05   0.4532195E-04
    38100.00  0.4123492E-04   0.3117564E-05   0.4435248E-04
    38300.00  0.4051255E-04   0.3095713E-05   0.4360826E-04
    38500.00  0.3978819E-04   0.3074118E-05   0.4286231E-04
    38700.00  0.3897138E-04   0.3027748E-05   0.4199913E-04
    38900.00  0.3821048E-04   0.3006865E-05   0.4121735E-04
    39100.00  0.3731061E-04   0.2986224E-05   0.4029683E-04
    39300.00  0.3678900E-04   0.2965820E-05   0.3975482E-04
    39500.00  0.3602967E-04   0.2945650E-05   0.3897532E-04
    39700.00  0.3538154E-04   0.2925711E-05   0.3830725E-04
    39900.00  0.3460327E-04   0.2905998E-05   0.3750927E-04
    40100.00  0.3394325E-04   0.2886509E-05   0.3682976E-04
    40300.00  0.3327038E-04   0.2867240E-05   0.3613762E-04
    40500.00  0.3249370E-04   0.2848187E-05   0.3534189E-04
    40700.00  0.3215182E-04   0.2829347E-05   0.3498117E-04
    40900.00  0.3156200E-04   0.2810717E-05   0.3437272E-04
    41100.00  0.3099939E-04   0.2792184E-05   0.3379157E-04
    41300.00  0.3042882E-04   0.2773964E-05   0.3320278E-04
    41500.00  0.2984972E-04   0.2755945E-05   0.3260566E-04
    41700.00  0.2914463E-04   0.2738123E-05   0.3188275E-04
    41900.00  0.2876320E-04   0.2720496E-05   0.3148370E-04
    42100.00  0.2819650E-04   0.2703060E-05   0.3089956E-04
    42300.00  0.2778046E-04   0.2685813E-05   0.3046627E-04
    42500.00  0.2723061E-04   0.2668752E-05   0.2989936E-04
    42700.00  0.2677786E-04   0.2651874E-05   0.2942973E-04
    42900.00  0.2553875E-04   0.2635177E-05   0.2817393E-04
    43100.00  0.2456182E-04   0.2618602E-05   0.2718042E-04
    43300.00  0.2463864E-04   0.2602259E-05   0.2724090E-04
    43500.00  0.2344720E-04   0.2586088E-05   0.2603329E-04
    43700.00  0.2289568E-04   0.2570088E-05   0.2546577E-04
    43900.00  0.2260594E-04   0.2553614E-05   0.2515955E-04
    44100.00  0.2141214E-04   0.2537954E-05   0.2395009E-04
    44300.00  0.2135373E-04   0.2522456E-05   0.2387619E-04
    44500.00  0.2083611E-04   0.2507120E-05   0.2334323E-04
    44700.00  0.1990009E-04   0.2470462E-05   0.2237055E-04
    44900.00  0.2009372E-04   0.2382160E-05   0.2247588E-04
    45100.00  0.1956680E-04   0.2368004E-05   0.2193480E-04
    45300.00  0.1880981E-04   0.2353991E-05   0.2116380E-04
    45500.00  0.1881731E-04   0.2340121E-05   0.2115743E-04
    45700.00  0.1854126E-04   0.2326390E-05   0.2086765E-04
    45900.00  0.1772451E-04   0.2312797E-05   0.2003731E-04
    46100.00  0.1788942E-04   0.2299340E-05   0.2018876E-04
    46300.00  0.1745073E-04   0.2286016E-05   0.1973675E-04
    46500.00  0.1711943E-04   0.2272825E-05   0.1939226E-04
    46700.00  0.1691076E-04   0.2259765E-05   0.1917052E-04
    46900.00  0.1672249E-04   0.2246833E-05   0.1896932E-04
    47100.00  0.1636085E-04   0.2234028E-05   0.1859488E-04
    47300.00  0.1636545E-04   0.2221348E-05   0.1858680E-04
    47500.00  0.1602757E-04   0.2208792E-05   0.1823636E-04
    47700.00  0.1579898E-04   0.2196357E-05   0.1799534E-04
    47900.00  0.1553491E-04   0.2184043E-05   0.1771895E-04
    48100.00  0.1520838E-04   0.2171847E-05   0.1738023E-04
    48300.00  0.1524533E-04   0.2159768E-05   0.1740510E-04
    48500.00  0.1492959E-04   0.2147805E-05   0.1707739E-04
    48700.00  0.1463880E-04   0.2135955E-05   0.1677476E-04
    48900.00  0.1451509E-04   0.2124218E-05   0.1663931E-04
    49100.00  0.1421532E-04   0.2112592E-05   0.1632791E-04
    49300.00  0.1404554E-04   0.2101076E-05   0.1614662E-04
    49500.00  0.1383649E-04   0.2089667E-05   0.1592616E-04
    49700.00  0.1369026E-04   0.2078366E-05   0.1576863E-04
    49900.00  0.1345284E-04   0.2067169E-05   0.1552001E-04
    50100.00  0.1335212E-04   0.2056077E-05   0.1540820E-04
    50300.00  0.1315804E-04   0.2045087E-05   0.1520313E-04
    50500.00  0.1286588E-04   0.2034199E-05   0.1490008E-04
    50700.00  0.1272194E-04   0.2023410E-05   0.1474535E-04
    50900.00  0.1259207E-04   0.2012720E-05   0.1460479E-04
    51100.00  0.1236355E-04   0.2002128E-05   0.1436568E-04
    51300.00  0.1215433E-04   0.1991632E-05   0.1414596E-04
    51500.00  0.1204828E-04   0.1972006E-05   0.1402029E-04
    51700.00  0.1201482E-04   0.1961761E-05   0.1397658E-04
    51900.00  0.1176818E-04   0.1951608E-05   0.1371979E-04
    52100.00  0.1158273E-04   0.1941546E-05   0.1352428E-04
    52300.00  0.1144710E-04   0.1931573E-05   0.1337867E-04
    52500.00  0.1134840E-04   0.1921690E-05   0.1327009E-04
    52700.00  0.1130627E-04   0.1911894E-05   0.1321816E-04
    52900.00  0.1100765E-04   0.1902184E-05   0.1290983E-04
    53100.00  0.1085928E-04   0.1892560E-05   0.1275184E-04
    53300.00  0.1076996E-04   0.1883021E-05   0.1265298E-04
    53500.00  0.1063453E-04   0.1873565E-05   0.1250809E-04
    53700.00  0.1050822E-04   0.1864191E-05   0.1237241E-04
    53900.00  0.1039407E-04   0.1854898E-05   0.1224897E-04
    54100.00  0.1026247E-04   0.1845687E-05   0.1210816E-04
    54300.00  0.1008527E-04   0.1836522E-05   0.1192179E-04
    54500.00  0.1002887E-04   0.1827468E-05   0.1185634E-04
    54700.00  0.9864919E-05   0.1818492E-05   0.1168341E-04
    54900.00  0.9761062E-05   0.1809592E-05   0.1157065E-04
    55100.00  0.9615364E-05   0.1800768E-05   0.1141613E-04
    55300.00  0.9623662E-05   0.1792019E-05   0.1141568E-04
    55500.00  0.9378153E-05   0.1783344E-05   0.1116150E-04
    55700.00  0.9360900E-05   0.1774742E-05   0.1113564E-04
    55900.00  0.9194007E-05   0.1766212E-05   0.1096022E-04
    56100.00  0.9126535E-05   0.1757754E-05   0.1088429E-04
    56300.00  0.8960248E-05   0.1749366E-05   0.1070961E-04
    56500.00  0.8916858E-05   0.1741034E-05   0.1065789E-04
    56700.00  0.8799008E-05   0.1732785E-05   0.1053179E-04
    56900.00  0.8643382E-05   0.1724605E-05   0.1036799E-04
    57100.00  0.8603845E-05   0.1716492E-05   0.1032034E-04
    57300.00  0.8501605E-05   0.1708446E-05   0.1021005E-04
    57500.00  0.8398737E-05   0.1700264E-05   0.1009900E-04
    57700.00  0.8285272E-05   0.1692350E-05   0.9977622E-05
    57900.00  0.8225839E-05   0.1684500E-05   0.9910339E-05
    58100.00  0.8105476E-05   0.1676713E-05   0.9782189E-05
    58300.00  0.8015697E-05   0.1668990E-05   0.9684687E-05
    58500.00  0.7930744E-05   0.1623867E-05   0.9554611E-05
    58700.00  0.7811313E-05   0.1616400E-05   0.9427713E-05
    58900.00  0.7731001E-05   0.1609084E-05   0.9340085E-05
    59100.00  0.7608751E-05   0.1601826E-05   0.9210577E-05
    59300.00  0.7568922E-05   0.1594625E-05   0.9163547E-05
    59500.00  0.7464741E-05   0.1587481E-05   0.9052222E-05
    59700.00  0.7404100E-05   0.1580394E-05   0.8984494E-05
    59900.00  0.7317709E-05   0.1573362E-05   0.8891071E-05
    60100.00  0.7238254E-05   0.1566385E-05   0.8804639E-05
    60300.00  0.7153001E-05   0.1559463E-05   0.8712464E-05
    60500.00  0.7052046E-05   0.1552595E-05   0.8604641E-05
    60700.00  0.6978834E-05   0.1545779E-05   0.8524613E-05
    60900.00  0.6898039E-05   0.1539017E-05   0.8437056E-05
    61100.00  0.6809906E-05   0.1532306E-05   0.8342212E-05
    61300.00  0.6746097E-05   0.1525647E-05   0.8271744E-05
    61500.00  0.6675467E-05   0.1519039E-05   0.8194506E-05
    61700.00  0.6616518E-05   0.1512482E-05   0.8129000E-05
    61900.00  0.6537296E-05   0.1505974E-05   0.8043270E-05
    62100.00  0.6472827E-05   0.1499516E-05   0.7972343E-05
    62300.00  0.6387518E-05   0.1493107E-05   0.7880625E-05
    62500.00  0.6304569E-05   0.1486746E-05   0.7791315E-05
    62700.00  0.6238813E-05   0.1480433E-05   0.7719246E-05
    62900.00  0.6170388E-05   0.1474167E-05   0.7644555E-05
    63100.00  0.6101117E-05   0.1467948E-05   0.7569065E-05
    63300.00  0.6049137E-05   0.1461775E-05   0.7510912E-05
    63500.00  0.5973274E-05   0.1455648E-05   0.7428922E-05
    63700.00  0.5925187E-05   0.1449567E-05   0.7374754E-05
    63900.00  0.5838075E-05   0.1443530E-05   0.7281605E-05
    64200.00  0.5753865E-05   0.1434559E-05   0.7188424E-05
    64600.00  0.5623634E-05   0.1422750E-05   0.7046384E-05
    65000.00  0.5506618E-05   0.1411112E-05   0.6917730E-05
    65400.00  0.5386192E-05   0.1399643E-05   0.6785835E-05
    65800.00  0.5278306E-05   0.1388338E-05   0.6666644E-05
    66200.00  0.5161478E-05   0.1373354E-05   0.6534832E-05
    66600.00  0.5053490E-05   0.1362410E-05   0.6415900E-05
    67000.00  0.4950465E-05   0.1351621E-05   0.6302086E-05
    67400.00  0.4842925E-05   0.1340982E-05   0.6183907E-05
    67800.00  0.4742838E-05   0.1330492E-05   0.6073330E-05
    68200.00  0.4644943E-05   0.1320148E-05   0.5965091E-05
    68600.00  0.4551545E-05   0.1309946E-05   0.5861491E-05
    69000.00  0.4455076E-05   0.1299884E-05   0.5754960E-05
    69400.00  0.4364249E-05   0.1289949E-05   0.5654198E-05
    69800.00  0.4275963E-05   0.1280159E-05   0.5556122E-05
    70200.00  0.4188357E-05   0.1270501E-05   0.5458858E-05
    70600.00  0.4105344E-05   0.1260972E-05   0.5366316E-05
    71000.00  0.4022380E-05   0.1251570E-05   0.5273950E-05
    71400.00  0.3943236E-05   0.1242294E-05   0.5185530E-05
    71800.00  0.3863593E-05   0.1233133E-05   0.5096726E-05
    72200.00  0.3787500E-05   0.1224098E-05   0.5011598E-05
    72600.00  0.3712355E-05   0.1215182E-05   0.4927537E-05
    73000.00  0.3640377E-05   0.1206308E-05   0.4846685E-05
    73400.00  0.3568899E-05   0.1197624E-05   0.4766523E-05
    73800.00  0.3500399E-05   0.1189051E-05   0.4689450E-05
    74200.00  0.3431303E-05   0.1164122E-05   0.4595425E-05
    74600.00  0.3353645E-05   0.1155926E-05   0.4509571E-05
    75000.00  0.3291312E-05   0.1147834E-05   0.4439146E-05
    75400.00  0.3238215E-05   0.1139843E-05   0.4378058E-05
    75800.00  0.3178162E-05   0.1131951E-05   0.4310113E-05
    76200.00  0.3117956E-05   0.1124158E-05   0.4242114E-05
    76600.00  0.3059803E-05   0.1116461E-05   0.4176264E-05
    77000.00  0.3002177E-05   0.1108859E-05   0.4111036E-05
    77400.00  0.2946930E-05   0.1101349E-05   0.4048279E-05
    77800.00  0.2892686E-05   0.1093931E-05   0.3986617E-05
    78200.00  0.2839157E-05   0.1086603E-05   0.3925760E-05
    78600.00  0.2787413E-05   0.1079363E-05   0.3866776E-05
    79000.00  0.2736655E-05   0.1072210E-05   0.3808865E-05
    79400.00  0.2686885E-05   0.1065142E-05   0.3752027E-05
    79800.00  0.2638367E-05   0.1058158E-05   0.3696525E-05
    80200.00  0.2590419E-05   0.1051257E-05   0.3641676E-05
    80600.00  0.2544142E-05   0.1044437E-05   0.3588579E-05
    81000.00  0.2499099E-05   0.1037696E-05   0.3536795E-05
    81400.00  0.2454257E-05   0.1031034E-05   0.3485291E-05
    81800.00  0.2411109E-05   0.1024449E-05   0.3435558E-05
    82200.00  0.2369124E-05   0.1017940E-05   0.3387064E-05
    82600.00  0.2327135E-05   0.1009738E-05   0.3336873E-05
    83000.00  0.2286908E-05   0.1003393E-05   0.3290301E-05
    83400.00  0.2246365E-05   0.9971193E-06   0.3243484E-05
    83800.00  0.2207740E-05   0.9909169E-06   0.3198657E-05
    84200.00  0.2170052E-05   0.9847844E-06   0.3154836E-05
    84600.00  0.2132600E-05   0.9787205E-06   0.3111321E-05
    85000.00  0.2095963E-05   0.9727243E-06   0.3068687E-05
    85400.00  0.2060274E-05   0.9667946E-06   0.3027069E-05
    85800.00  0.2025070E-05   0.9609304E-06   0.2986000E-05
    86200.00  0.1990920E-05   0.9551280E-06   0.2946048E-05
    86600.00  0.1957219E-05   0.9493919E-06   0.2906611E-05
    87000.00  0.1924504E-05   0.9437182E-06   0.2868222E-05
    87400.00  0.1891895E-05   0.9381061E-06   0.2830001E-05
    87800.00  0.1860087E-05   0.9325546E-06   0.2792642E-05
    88200.00  0.1828654E-05   0.9270627E-06   0.2755717E-05
    88600.00  0.1798356E-05   0.9216296E-06   0.2719986E-05
    89000.00  0.1768273E-05   0.9162522E-06   0.2684525E-05
    89400.00  0.1739290E-05   0.9109334E-06   0.2650223E-05
    89800.00  0.1709974E-05   0.9056708E-06   0.2615645E-05
    90200.00  0.1682245E-05   0.9004352E-06   0.2582680E-05
    90600.00  0.1654909E-05   0.8952826E-06   0.2550192E-05
    91000.00  0.1627069E-05   0.8901836E-06   0.2517253E-05
    91400.00  0.1600796E-05   0.8772250E-06   0.2478021E-05
    91800.00  0.1574695E-05   0.8722815E-06   0.2446976E-05
    92200.00  0.1549263E-05   0.8674027E-06   0.2416666E-05
    92600.00  0.1524173E-05   0.8625739E-06   0.2386747E-05
    93000.00  0.1499100E-05   0.8577941E-06   0.2356894E-05
    93400.00  0.1474725E-05   0.8530627E-06   0.2327788E-05
    93800.00  0.1450979E-05   0.8483791E-06   0.2299358E-05
    94200.00  0.1427539E-05   0.8437424E-06   0.2271281E-05
    94600.00  0.1404528E-05   0.8391521E-06   0.2243680E-05
    95000.00  0.1381801E-05   0.8346075E-06   0.2216409E-05
    95400.00  0.1359426E-05   0.8301080E-06   0.2189534E-05
    95800.00  0.1337650E-05   0.8256528E-06   0.2163303E-05
    96200.00  0.1316035E-05   0.8212415E-06   0.2137277E-05
    96600.00  0.1295149E-05   0.8168734E-06   0.2112022E-05
    97000.00  0.1274214E-05   0.8125478E-06   0.2086762E-05
    97400.00  0.1253313E-05   0.8082642E-06   0.2061577E-05
    97800.00  0.1233692E-05   0.8040220E-06   0.2037714E-05
    98200.00  0.1213665E-05   0.7998207E-06   0.2013486E-05
    98600.00  0.1194331E-05   0.7956597E-06   0.1989991E-05
    99000.00  0.1175302E-05   0.7915384E-06   0.1966840E-05
    99400.00  0.1156058E-05   0.7874563E-06   0.1943514E-05
    99800.00  0.1137702E-05   0.7834128E-06   0.1921115E-05
   100200.00  0.1119409E-05   0.1969914E-06   0.1316400E-05
   200000.00  0.6799987E-07   0.4944503E-07   0.1174449E-06
   400000.00  0.4403007E-08   0.1236126E-07   0.1676426E-07
   600000.00  0.7707347E-09   0.5493892E-08   0.6264627E-08
   800000.00  0.2526637E-09   0.3090314E-08   0.3342978E-08
  1000000.00  0.9923105E-10   0.1977801E-08   0.2077032E-08
  1200000.00  0.5050286E-10   0.1373473E-08   0.1423976E-08
  1400000.00  0.2966087E-10   0.1009082E-08   0.1038743E-08
  1600000.00  0.1954341E-10   0.7725785E-09   0.7921220E-09
