       91.00  0.3680073E-14   0.0000000E+00   0.3680073E-14
       94.00  0.6039598E-14   0.0000000E+00   0.6039598E-14
       96.00  0.1034877E-13   0.0000000E+00   0.1034877E-13
       98.00  0.1504587E-13   0.0000000E+00   0.1504587E-13
      100.00  0.2733682E-13   0.0000000E+00   0.2733682E-13
      102.00  0.5519393E-13   0.0000000E+00   0.5519393E-13
      104.00  0.8943305E-13   0.0000000E+00   0.8943305E-13
      106.00  0.1737918E-12   0.0000000E+00   0.1737918E-12
      108.00  0.3037758E-12   0.0000000E+00   0.3037758E-12
      110.00  0.1160603E-11   0.0000000E+00   0.1160603E-11
      114.00  0.4120762E-11   0.0000000E+00   0.4120762E-11
      118.00  0.1279304E-10   0.0000000E+00   0.1279304E-10
      121.00  0.3670707E-10   0.0000000E+00   0.3670707E-10
      125.00  0.1013042E-09   0.0000000E+00   0.1013042E-09
      127.00  0.1703226E-09   0.0000000E+00   0.1703226E-09
      128.00  0.2461168E-09   0.0000000E+00   0.2461168E-09
      131.00  0.3303376E-09   0.0000000E+00   0.3303376E-09
      132.00  0.3788105E-09   0.0000000E+00   0.3788105E-09
      134.00  0.5099787E-09   0.0000000E+00   0.5099787E-09
      137.00  0.8037946E-09   0.0000000E+00   0.8037946E-09
      140.00  0.1107885E-08   0.0000000E+00   0.1107885E-08
      143.00  0.1504289E-08   0.0000000E+00   0.1504289E-08
      147.00  0.2490235E-08   0.0000000E+00   0.2490235E-08
      151.00  0.4461498E-08   0.0000000E+00   0.4461498E-08
      155.00  0.1105953E-07   0.0000000E+00   0.1105953E-07
      159.00  0.2407560E-07   0.0000000E+00   0.2407560E-07
      162.00  0.2492090E-05   0.0000000E+00   0.2492090E-05
      166.00  0.4091010E-05   0.0000000E+00   0.4091010E-05
      170.00  0.6228566E-05   0.0000000E+00   0.6228566E-05
      173.00  0.7831378E-05   0.0000000E+00   0.7831378E-05
      177.00  0.1148284E-04   0.0000000E+00   0.1148284E-04
      180.00  0.1489125E-04   0.0000000E+00   0.1489125E-04
      182.00  0.1773328E-04   0.0000000E+00   0.1773328E-04
      186.00  0.2490894E-04   0.0000000E+00   0.2490894E-04
      191.00  0.3720418E-04   0.0000000E+00   0.3720418E-04
      194.00  0.2573091E-04   0.0000000E+00   0.2573091E-04
      198.00  0.3772148E-04   0.0000000E+00   0.3772148E-04
      202.00  0.4349654E-05   0.0000000E+00   0.4349654E-05
      205.00  0.1281039E-04   0.0000000E+00   0.1281039E-04
      210.00  0.1566298E-03   0.0000000E+00   0.1566298E-03
      216.00  0.1911227E-03   0.0000000E+00   0.1911227E-03
      220.00  0.1700534E-03   0.0000000E+00   0.1700534E-03
      223.00  0.2972359E-03   0.0000000E+00   0.2972359E-03
      227.00  0.2757849E-03   0.0000000E+00   0.2757849E-03
      228.00  0.2363101E-03   0.0000000E+00   0.2363101E-03
      228.00  0.7813317E-03   0.0000000E+00   0.7813317E-03
      230.00  0.1127113E-03   0.0000000E+00   0.1127113E-03
      234.00  0.1449952E-02   0.0000000E+00   0.1449952E-02
      240.00  0.1441529E-02   0.0000000E+00   0.1441529E-02
      246.00  0.2923938E-03   0.0000000E+00   0.2923938E-03
      252.00  0.3705324E-02   0.0000000E+00   0.3705324E-02
      257.00  0.1703303E-01   0.0000000E+00   0.1703303E-01
      260.00  0.8478694E-02   0.0000000E+00   0.8478694E-02
      264.00  0.5818666E-01   0.0000000E+00   0.5818666E-01
      269.00  0.6778975E-01   0.0000000E+00   0.6778975E-01
      274.00  0.4916020E-01   0.0000000E+00   0.4916020E-01
      279.00  0.1498826E-01   0.0000000E+00   0.1498826E-01
      284.00  0.2780697E-01   0.0000000E+00   0.2780697E-01
      290.00  0.1710395E-01   0.0000000E+00   0.1710395E-01
      296.00  0.4796229E-01   0.0000000E+00   0.4796229E-01
      301.00  0.2431222E-01   0.0000000E+00   0.2431222E-01
      308.00  0.4111622E-01   0.0000000E+00   0.4111622E-01
      318.00  0.2469544E+00   0.0000000E+00   0.2469544E+00
      328.00  0.9786454E-01   0.0000000E+00   0.9786454E-01
      338.00  0.5969459E-01   0.0000000E+00   0.5969459E-01
      348.00  0.3285239E-01   0.0000000E+00   0.3285239E-01
      353.30  0.2321888E-01   0.0000000E+00   0.2321888E-01
      353.30  0.1824037E+00   0.0000000E+00   0.1824037E+00
      357.00  0.2393927E-01   0.0000000E+00   0.2393927E-01
      366.00  0.3408682E+00   0.0000000E+00   0.3408682E+00
      375.00  0.3434349E+00   0.0000000E+00   0.3434349E+00
      385.00  0.1934082E+00   0.0000000E+00   0.1934082E+00
      395.00  0.1629003E+00   0.0000000E+00   0.1629003E+00
      405.00  0.5735158E+00   0.0000000E+00   0.5735158E+00
      414.00  0.5659938E+00   0.0000000E+00   0.5659938E+00
      422.00  0.2124850E+00   0.0000000E+00   0.2124850E+00
      430.00  0.2182050E+00   0.0000000E+00   0.2182050E+00
      441.00  0.8049949E-01   0.0000000E+00   0.8049949E-01
      451.00  0.2062854E+00   0.0000000E+00   0.2062854E+00
      460.00  0.4365663E+00   0.0000000E+00   0.4365663E+00
      470.00  0.5736806E+00   0.0000000E+00   0.5736806E+00
      480.00  0.2555039E+00   0.0000000E+00   0.2555039E+00
      490.00  0.4957604E+00   0.0000000E+00   0.4957604E+00
      500.00  0.4840883E+00   0.0000000E+00   0.4840883E+00
      504.60  0.4088795E+00   0.0000000E+00   0.4088795E+00
      504.60  0.3310758E+00   0.0000000E+00   0.3310758E+00
      506.00  0.4038353E+00   0.0000000E+00   0.4038353E+00
      512.00  0.6221139E+00   0.0000000E+00   0.6221139E+00
      520.00  0.6576758E+00   0.0000000E+00   0.6576758E+00
      530.00  0.3779247E+00   0.0000000E+00   0.3779247E+00
      540.00  0.3193287E-01   0.0000000E+00   0.3193287E-01
      550.00  0.7780363E-02   0.0000000E+00   0.7780363E-02
      560.00  0.6164034E+00   0.0000000E+00   0.6164034E+00
      570.00  0.5660173E+00   0.0000000E+00   0.5660173E+00
      580.00  0.5009969E+00   0.0000000E+00   0.5009969E+00
      590.00  0.8244346E+00   0.0000000E+00   0.8244346E+00
      600.00  0.4786556E+00   0.0000000E+00   0.4786556E+00
      610.00  0.5042752E+00   0.0000000E+00   0.5042752E+00
      620.00  0.3661179E+00   0.0000000E+00   0.3661179E+00
      630.00  0.3595767E+00   0.0000000E+00   0.3595767E+00
      640.00  0.3738484E+00   0.0000000E+00   0.3738484E+00
      650.00  0.5403028E+00   0.0000000E+00   0.5403028E+00
      658.00  0.3721861E+00   0.0000000E+00   0.3721861E+00
      665.00  0.2409700E+00   0.0000000E+00   0.2409700E+00
      675.00  0.6190646E+00   0.0000000E+00   0.6190646E+00
      685.00  0.4942802E+00   0.0000000E+00   0.4942802E+00
      695.00  0.4650010E+00   0.0000000E+00   0.4650010E+00
      705.00  0.3723064E+00   0.0000000E+00   0.3723064E+00
      716.00  0.5825184E+00   0.0000000E+00   0.5825184E+00
      726.00  0.5350606E+00   0.0000000E+00   0.5350606E+00
      735.00  0.4832887E+00   0.0000000E+00   0.4832887E+00
      745.00  0.4653401E+00   0.0000000E+00   0.4653401E+00
      755.00  0.4177512E+00   0.0000000E+00   0.4177512E+00
      765.00  0.3338560E+00   0.0000000E+00   0.3338560E+00
      775.00  0.3646957E+00   0.0000000E+00   0.3646957E+00
      785.00  0.1342184E-01   0.0000000E+00   0.1342184E-01
      795.00  0.4242565E+00   0.0000000E+00   0.4242565E+00
      805.00  0.4610280E+00   0.0000000E+00   0.4610280E+00
      815.00  0.4582053E+00   0.0000000E+00   0.4582053E+00
      825.00  0.4546975E+00   0.0000000E+00   0.4546975E+00
      835.00  0.2729749E+00   0.0000000E+00   0.2729749E+00
      845.00  0.3719798E+00   0.0000000E+00   0.3719798E+00
      855.00  0.3542685E+00   0.0000000E+00   0.3542685E+00
      865.00  0.3099434E+00   0.0000000E+00   0.3099434E+00
      875.00  0.4115869E+00   0.0000000E+00   0.4115869E+00
      885.00  0.3758214E+00   0.0000000E+00   0.3758214E+00
      895.00  0.4014858E+00   0.0000000E+00   0.4014858E+00
      905.00  0.3935354E+00   0.0000000E+00   0.3935354E+00
      912.40  0.3660108E+00   0.1435972E-06   0.3660109E+00
      912.40  0.8466347E+00   0.1436008E-06   0.8466348E+00
      915.00  0.7857901E+00   0.1557573E-06   0.7857903E+00
      925.00  0.5517704E+00   0.1991940E-06   0.5517706E+00
      935.00  0.1228108E+01   0.2533475E-06   0.1228108E+01
      945.00  0.1111287E+01   0.3205137E-06   0.1111287E+01
      955.00  0.8033382E+00   0.4034036E-06   0.8033386E+00
      965.00  0.7105146E+00   0.5052040E-06   0.7105151E+00
      975.00  0.7671248E+00   0.6296443E-06   0.7671254E+00
      985.00  0.4922505E+00   0.7810704E-06   0.4922513E+00
      995.00  0.6635363E+00   0.9645257E-06   0.6635373E+00
     1005.00  0.5355144E+00   0.1185839E-05   0.5355156E+00
     1015.00  0.7555305E+00   0.1451723E-05   0.7555320E+00
     1025.00  0.6890503E+00   0.1769874E-05   0.6890521E+00
     1035.00  0.6195921E+00   0.2149093E-05   0.6195942E+00
     1045.00  0.7075012E+00   0.2599409E-05   0.7075038E+00
     1055.00  0.7117388E+00   0.3132189E-05   0.7117419E+00
     1065.00  0.6790547E+00   0.3760298E-05   0.6790585E+00
     1075.00  0.6211662E+00   0.4498242E-05   0.6211707E+00
     1085.00  0.5289354E+00   0.5362327E-05   0.5289408E+00
     1095.00  0.6686936E+00   0.6370826E-05   0.6687000E+00
     1105.00  0.6412015E+00   0.7544158E-05   0.6412090E+00
     1115.00  0.5312284E+00   0.8905072E-05   0.5312373E+00
     1125.00  0.4873516E+00   0.1047884E-04   0.4873621E+00
     1135.00  0.6123344E+00   0.1229347E-04   0.6123467E+00
     1145.00  0.6004187E+00   0.1437992E-04   0.6004331E+00
     1155.00  0.4769392E+00   0.1677231E-04   0.4769560E+00
     1165.00  0.4505149E+00   0.1950817E-04   0.4505344E+00
     1175.00  0.4358056E+00   0.2262866E-04   0.4358282E+00
     1185.00  0.5421152E+00   0.2617883E-04   0.5421414E+00
     1195.00  0.4422166E+00   0.3020789E-04   0.4422468E+00
     1205.00  0.4638694E+00   0.3476942E-04   0.4639042E+00
     1215.00  0.4636818E+00   0.3992171E-04   0.4637217E+00
     1225.00  0.4640066E+00   0.5532942E-02   0.4695395E+00
     1235.00  0.1989749E+00   0.1051761E-01   0.2094925E+00
     1245.00  0.5740619E+00   0.1475516E-01   0.5888171E+00
     1255.00  0.3950216E+00   0.1837513E-01   0.4133967E+00
     1265.00  0.4679346E+00   0.2147360E-01   0.4894082E+00
     1275.00  0.4594698E+00   0.2412653E-01   0.4835963E+00
     1285.00  0.4148024E+00   0.2639597E-01   0.4411984E+00
     1295.00  0.4159955E+00   0.2833360E-01   0.4443291E+00
     1305.00  0.4232535E+00   0.2998300E-01   0.4532365E+00
     1315.00  0.3905448E+00   0.3138130E-01   0.4219261E+00
     1325.00  0.3774455E+00   0.3256034E-01   0.4100058E+00
     1335.00  0.3994374E+00   0.3354760E-01   0.4329850E+00
     1345.00  0.3492464E+00   0.3436691E-01   0.3836133E+00
     1355.00  0.3804398E+00   0.3503900E-01   0.4154788E+00
     1365.00  0.3705655E+00   0.3558199E-01   0.4061475E+00
     1375.00  0.3582244E+00   0.3601176E-01   0.3942362E+00
     1385.00  0.3303890E+00   0.3634225E-01   0.3667312E+00
     1395.00  0.3222296E+00   0.3658575E-01   0.3588154E+00
     1405.00  0.3545382E+00   0.3675313E-01   0.3912913E+00
     1415.00  0.3214935E+00   0.3685399E-01   0.3583475E+00
     1425.00  0.2965242E+00   0.3689685E-01   0.3334210E+00
     1435.00  0.3110836E+00   0.3688929E-01   0.3479729E+00
     1442.00  0.3126764E+00   0.3685764E-01   0.3495340E+00
     1447.00  0.3061893E+00   0.3682312E-01   0.3430124E+00
     1455.00  0.3071838E+00   0.3674920E-01   0.3439330E+00
     1465.00  0.2921926E+00   0.3662808E-01   0.3288207E+00
     1475.00  0.2952596E+00   0.3647955E-01   0.3317392E+00
     1485.00  0.2796003E+00   0.3630795E-01   0.3159082E+00
     1495.00  0.2851066E+00   0.3611718E-01   0.3212238E+00
     1505.00  0.2720712E+00   0.3591078E-01   0.3079820E+00
     1512.00  0.2606045E+00   0.3575872E-01   0.2963632E+00
     1517.00  0.2638394E+00   0.3564693E-01   0.2994863E+00
     1525.00  0.2474098E+00   0.3546354E-01   0.2828733E+00
     1535.00  0.2488184E+00   0.3522822E-01   0.2840466E+00
     1545.00  0.2094013E+00   0.3498839E-01   0.2443897E+00
     1555.00  0.2549541E+00   0.3474613E-01   0.2897002E+00
     1565.00  0.2092161E+00   0.3450352E-01   0.2437196E+00
     1575.00  0.2330347E+00   0.3426243E-01   0.2672971E+00
     1585.00  0.2070798E+00   0.3402456E-01   0.2411044E+00
     1595.00  0.2312943E+00   0.3379148E-01   0.2650858E+00
     1605.00  0.2311511E+00   0.3356468E-01   0.2647158E+00
     1615.00  0.2270368E+00   0.3334551E-01   0.2603823E+00
     1625.00  0.2225288E+00   0.3313527E-01   0.2556641E+00
     1635.00  0.2189959E+00   0.3293515E-01   0.2519310E+00
     1645.00  0.2149208E+00   0.3274629E-01   0.2476671E+00
     1655.00  0.2104854E+00   0.3256978E-01   0.2430552E+00
     1665.00  0.2073685E+00   0.3240664E-01   0.2397751E+00
     1672.00  0.2042212E+00   0.3230093E-01   0.2365221E+00
     1677.00  0.2029388E+00   0.3222990E-01   0.2351687E+00
     1685.00  0.2001992E+00   0.3212435E-01   0.2323236E+00
     1695.00  0.1961531E+00   0.3200705E-01   0.2281602E+00
     1705.00  0.1923992E+00   0.3190681E-01   0.2243060E+00
     1715.00  0.1885286E+00   0.3182449E-01   0.2203531E+00
     1725.00  0.1850732E+00   0.3176091E-01   0.2168341E+00
     1735.00  0.1823137E+00   0.3171687E-01   0.2140306E+00
     1745.00  0.1789609E+00   0.3169316E-01   0.2106541E+00
     1755.00  0.1762585E+00   0.3169055E-01   0.2079490E+00
     1765.00  0.1726445E+00   0.3170980E-01   0.2043543E+00
     1775.00  0.1695625E+00   0.3175166E-01   0.2013142E+00
     1785.00  0.1668738E+00   0.3181688E-01   0.1986907E+00
     1795.00  0.1643976E+00   0.3190620E-01   0.1963038E+00
     1805.00  0.1616632E+00   0.3202036E-01   0.1936836E+00
     1815.00  0.1581393E+00   0.3216006E-01   0.1902994E+00
     1825.00  0.1557866E+00   0.3232603E-01   0.1881126E+00
     1835.00  0.1529183E+00   0.3251899E-01   0.1854373E+00
     1845.00  0.1497695E+00   0.3273966E-01   0.1825092E+00
     1855.00  0.1471898E+00   0.3298875E-01   0.1801785E+00
     1865.00  0.1449121E+00   0.3326697E-01   0.1781791E+00
     1875.00  0.1431385E+00   0.3357505E-01   0.1767136E+00
     1885.00  0.1400913E+00   0.3391370E-01   0.1740050E+00
     1895.00  0.1373728E+00   0.3428363E-01   0.1716564E+00
     1905.00  0.1355898E+00   0.3468556E-01   0.1702754E+00
     1915.00  0.1330792E+00   0.3512022E-01   0.1681994E+00
     1925.00  0.1307768E+00   0.3558833E-01   0.1663651E+00
     1935.00  0.1289565E+00   0.3609060E-01   0.1650471E+00
     1945.00  0.1270138E+00   0.3662716E-01   0.1636410E+00
     1955.00  0.1244953E+00   0.3719844E-01   0.1616937E+00
     1967.00  0.1226753E+00   0.3793161E-01   0.1606069E+00
     1976.00  0.1211527E+00   0.3851628E-01   0.1596690E+00
     1984.00  0.1192057E+00   0.3906149E-01   0.1582672E+00
     1995.00  0.1170036E+00   0.3985102E-01   0.1568546E+00
     2005.00  0.1153783E+00   0.4060955E-01   0.1559878E+00
     2015.00  0.1134364E+00   0.4140763E-01   0.1548440E+00
     2025.00  0.1119943E+00   0.4224597E-01   0.1542403E+00
     2035.00  0.1097986E+00   0.4312781E-01   0.1529264E+00
     2045.00  0.1082451E+00   0.4405262E-01   0.1522977E+00
     2055.00  0.1098147E+00   0.1782379E-01   0.1276385E+00
     2065.00  0.1082333E+00   0.1762865E-01   0.1258619E+00
     2074.00  0.1070354E+00   0.1745703E-01   0.1244924E+00
     2078.00  0.1059247E+00   0.1738198E-01   0.1233067E+00
     2085.00  0.1050195E+00   0.1725241E-01   0.1222719E+00
     2095.00  0.1031616E+00   0.1707125E-01   0.1202328E+00
     2105.00  0.1017837E+00   0.1689468E-01   0.1186784E+00
     2115.00  0.1002616E+00   0.1672266E-01   0.1169843E+00
     2125.00  0.9881463E-01   0.1655517E-01   0.1153698E+00
     2135.00  0.9714389E-01   0.1639217E-01   0.1135361E+00
     2145.00  0.9562143E-01   0.1623362E-01   0.1118551E+00
     2155.00  0.9443790E-01   0.1607949E-01   0.1105174E+00
     2165.00  0.9295570E-01   0.1592975E-01   0.1088855E+00
     2175.00  0.9151258E-01   0.1578438E-01   0.1072970E+00
     2185.00  0.9009482E-01   0.1564334E-01   0.1057382E+00
     2195.00  0.8896457E-01   0.1550660E-01   0.1044712E+00
     2205.00  0.8757632E-01   0.1537412E-01   0.1029504E+00
     2215.00  0.8616643E-01   0.1524586E-01   0.1014123E+00
     2225.00  0.8471872E-01   0.1512180E-01   0.9984052E-01
     2235.00  0.8365541E-01   0.1500191E-01   0.9865732E-01
     2245.00  0.8240302E-01   0.1488615E-01   0.9728917E-01
     2255.00  0.8110214E-01   0.1477450E-01   0.9587664E-01
     2265.00  0.8003754E-01   0.1466692E-01   0.9470446E-01
     2275.00  0.7890831E-01   0.1456339E-01   0.9347170E-01
     2285.00  0.7788432E-01   0.1446382E-01   0.9234814E-01
     2295.00  0.7659280E-01   0.1436818E-01   0.9096098E-01
     2305.00  0.7554018E-01   0.1427648E-01   0.8981666E-01
     2315.00  0.7431906E-01   0.1418871E-01   0.8850777E-01
     2325.00  0.7253534E-01   0.1410483E-01   0.8664017E-01
     2335.00  0.7204998E-01   0.1402482E-01   0.8607480E-01
     2345.00  0.7101093E-01   0.1394864E-01   0.8495957E-01
     2355.00  0.7014796E-01   0.1387627E-01   0.8402423E-01
     2365.00  0.6904684E-01   0.1380768E-01   0.8285452E-01
     2375.00  0.6810624E-01   0.1374286E-01   0.8184910E-01
     2385.00  0.6707485E-01   0.1368176E-01   0.8075661E-01
     2395.00  0.6628951E-01   0.1362437E-01   0.7991388E-01
     2405.00  0.6525122E-01   0.1357067E-01   0.7882189E-01
     2415.00  0.6440921E-01   0.1352063E-01   0.7792984E-01
     2425.00  0.6359866E-01   0.1347423E-01   0.7707289E-01
     2435.00  0.6261827E-01   0.1343143E-01   0.7604970E-01
     2445.00  0.6190418E-01   0.1339222E-01   0.7529640E-01
     2455.00  0.6104104E-01   0.1335657E-01   0.7439761E-01
     2465.00  0.6018218E-01   0.1332446E-01   0.7350664E-01
     2475.00  0.5931352E-01   0.1329586E-01   0.7260938E-01
     2485.00  0.5861518E-01   0.1327075E-01   0.7188593E-01
     2495.00  0.5764868E-01   0.1324911E-01   0.7089779E-01
     2505.00  0.5710387E-01   0.1323092E-01   0.7033479E-01
     2513.00  0.5630880E-01   0.1321884E-01   0.6952764E-01
     2518.00  0.5606822E-01   0.1321239E-01   0.6928061E-01
     2525.00  0.5542943E-01   0.1320479E-01   0.6863422E-01
     2535.00  0.5468971E-01   0.1319681E-01   0.6788652E-01
     2545.00  0.5393164E-01   0.1319221E-01   0.6712385E-01
     2555.00  0.5334208E-01   0.1319095E-01   0.6653303E-01
     2565.00  0.5261870E-01   0.1319301E-01   0.6581171E-01
     2575.00  0.5202038E-01   0.1319837E-01   0.6521875E-01
     2585.00  0.5135349E-01   0.1320701E-01   0.6456050E-01
     2595.00  0.5068942E-01   0.1321891E-01   0.6390833E-01
     2605.00  0.4997231E-01   0.1253693E-01   0.6250924E-01
     2615.00  0.4937815E-01   0.1254274E-01   0.6192089E-01
     2625.00  0.4876658E-01   0.1255167E-01   0.6131825E-01
     2635.00  0.4817823E-01   0.1256371E-01   0.6074194E-01
     2645.00  0.4767366E-01   0.1257886E-01   0.6025252E-01
     2655.00  0.4707082E-01   0.1259708E-01   0.5966790E-01
     2665.00  0.4635596E-01   0.1261837E-01   0.5897433E-01
     2675.00  0.4582379E-01   0.1264270E-01   0.5846649E-01
     2685.00  0.4525752E-01   0.1267006E-01   0.5792758E-01
     2695.00  0.4463438E-01   0.1270043E-01   0.5733481E-01
     2705.00  0.4408934E-01   0.1273380E-01   0.5682314E-01
     2715.00  0.4349429E-01   0.1277015E-01   0.5626444E-01
     2725.00  0.4294413E-01   0.1280946E-01   0.5575359E-01
     2735.00  0.4249760E-01   0.1285173E-01   0.5534933E-01
     2745.00  0.4182663E-01   0.1289692E-01   0.5472355E-01
     2755.00  0.4132368E-01   0.1294503E-01   0.5426871E-01
     2765.00  0.4084509E-01   0.1299604E-01   0.5384113E-01
     2775.00  0.4039723E-01   0.1304993E-01   0.5344716E-01
     2785.00  0.3989664E-01   0.1310669E-01   0.5300333E-01
     2795.00  0.3917185E-01   0.1316631E-01   0.5233816E-01
     2805.00  0.3880961E-01   0.1322876E-01   0.5203837E-01
     2815.00  0.3849035E-01   0.1329403E-01   0.5178438E-01
     2825.00  0.3800457E-01   0.1336211E-01   0.5136668E-01
     2835.00  0.3745646E-01   0.1343298E-01   0.5088944E-01
     2845.00  0.3701792E-01   0.1350662E-01   0.5052454E-01
     2855.00  0.3658715E-01   0.1358291E-01   0.5017006E-01
     2865.00  0.3621109E-01   0.1366181E-01   0.4987290E-01
     2875.00  0.3574984E-01   0.1374342E-01   0.4949326E-01
     2885.00  0.3535285E-01   0.1382772E-01   0.4918057E-01
     2895.00  0.3494050E-01   0.1391470E-01   0.4885520E-01
     2910.00  0.3436889E-01   0.1405016E-01   0.4841905E-01
     2930.00  0.3353614E-01   0.1423999E-01   0.4777613E-01
     2950.00  0.3270852E-01   0.1444024E-01   0.4714876E-01
     2970.00  0.3197693E-01   0.1465079E-01   0.4662772E-01
     2990.00  0.3124091E-01   0.1487151E-01   0.4611242E-01
     3010.00  0.3054871E-01   0.1510226E-01   0.4565097E-01
     3030.00  0.2986737E-01   0.1534293E-01   0.4521030E-01
     3050.00  0.2916482E-01   0.1559343E-01   0.4475825E-01
     3070.00  0.2852383E-01   0.1585364E-01   0.4437747E-01
     3090.00  0.2789436E-01   0.1612340E-01   0.4401776E-01
     3110.00  0.2726714E-01   0.1640258E-01   0.4366972E-01
     3130.00  0.2664155E-01   0.1653372E-01   0.4317527E-01
     3150.00  0.2606036E-01   0.1682717E-01   0.4288753E-01
     3170.00  0.2549448E-01   0.1712963E-01   0.4262411E-01
     3190.00  0.2491013E-01   0.1744095E-01   0.4235108E-01
     3210.00  0.2439150E-01   0.1776102E-01   0.4215252E-01
     3230.00  0.2386614E-01   0.1808969E-01   0.4195583E-01
     3250.00  0.2335112E-01   0.1842685E-01   0.4177797E-01
     3270.00  0.2286011E-01   0.1877202E-01   0.4163213E-01
     3290.00  0.2238302E-01   0.1912515E-01   0.4150817E-01
     3310.00  0.2192467E-01   0.1948627E-01   0.4141094E-01
     3330.00  0.2145634E-01   0.1985524E-01   0.4131158E-01
     3350.00  0.2098822E-01   0.2023192E-01   0.4122014E-01
     3370.00  0.2055709E-01   0.2061619E-01   0.4117328E-01
     3390.00  0.2013036E-01   0.2100790E-01   0.4113826E-01
     3410.00  0.1972298E-01   0.2140693E-01   0.4112991E-01
     3430.00  0.1930096E-01   0.2026188E-01   0.3956284E-01
     3450.00  0.1895624E-01   0.2063456E-01   0.3959080E-01
     3470.00  0.1858472E-01   0.2101371E-01   0.3959843E-01
     3490.00  0.1821132E-01   0.2139921E-01   0.3961053E-01
     3510.00  0.1785728E-01   0.2179090E-01   0.3964818E-01
     3530.00  0.1749844E-01   0.2218852E-01   0.3968696E-01
     3550.00  0.1715120E-01   0.2259206E-01   0.3974326E-01
     3570.00  0.1681494E-01   0.2300142E-01   0.3981636E-01
     3590.00  0.1647113E-01   0.2341645E-01   0.3988758E-01
     3610.00  0.1615286E-01   0.2383703E-01   0.3998989E-01
     3630.00  0.1584046E-01   0.2426304E-01   0.4010350E-01
     3640.00  0.1569332E-01   0.2447803E-01   0.4017135E-01
     3650.00  0.1745282E-01   0.3748681E-02   0.2120150E-01
     3670.00  0.1711693E-01   0.3716725E-02   0.2083366E-01
     3690.00  0.1672784E-01   0.3382311E-02   0.2011015E-01
     3710.00  0.1641739E-01   0.3345803E-02   0.1976319E-01
     3730.00  0.1609934E-01   0.3310467E-02   0.1940981E-01
     3750.00  0.1595679E-01   0.3276274E-02   0.1923306E-01
     3770.00  0.1570635E-01   0.3243194E-02   0.1894954E-01
     3790.00  0.1559156E-01   0.3211197E-02   0.1880276E-01
     3810.00  0.1547108E-01   0.3180257E-02   0.1865134E-01
     3830.00  0.1493332E-01   0.3150345E-02   0.1808367E-01
     3850.00  0.1501463E-01   0.3121436E-02   0.1813607E-01
     3870.00  0.1487306E-01   0.3093502E-02   0.1796656E-01
     3890.00  0.1406655E-01   0.3066520E-02   0.1713307E-01
     3910.00  0.1438655E-01   0.3040465E-02   0.1742702E-01
     3930.00  0.1410944E-01   0.3015313E-02   0.1712475E-01
     3950.00  0.1385802E-01   0.2991041E-02   0.1684906E-01
     3970.00  0.1305626E-01   0.2967631E-02   0.1602389E-01
     3990.00  0.1336301E-01   0.2945068E-02   0.1630808E-01
     4010.00  0.1322741E-01   0.2923319E-02   0.1615073E-01
     4030.00  0.1295882E-01   0.2902363E-02   0.1586118E-01
     4050.00  0.1276920E-01   0.2882180E-02   0.1565138E-01
     4070.00  0.1250897E-01   0.2862751E-02   0.1537172E-01
     4090.00  0.1208046E-01   0.2844055E-02   0.1492452E-01
     4110.00  0.1164537E-01   0.2826075E-02   0.1447144E-01
     4130.00  0.1183278E-01   0.2808792E-02   0.1464157E-01
     4150.00  0.1167642E-01   0.2792188E-02   0.1446861E-01
     4170.00  0.1150025E-01   0.2776247E-02   0.1427650E-01
     4190.00  0.1131448E-01   0.2760951E-02   0.1407543E-01
     4210.00  0.1112689E-01   0.2746284E-02   0.1387317E-01
     4230.00  0.1092703E-01   0.2732230E-02   0.1365926E-01
     4250.00  0.1073200E-01   0.2718773E-02   0.1345077E-01
     4270.00  0.1053239E-01   0.2705899E-02   0.1323829E-01
     4290.00  0.1037328E-01   0.2693592E-02   0.1306687E-01
     4310.00  0.1016242E-01   0.2681838E-02   0.1284426E-01
     4330.00  0.9782620E-02   0.2670623E-02   0.1245324E-01
     4350.00  0.9497488E-02   0.2659934E-02   0.1215742E-01
     4370.00  0.9664048E-02   0.2649758E-02   0.1231381E-01
     4390.00  0.9528409E-02   0.2640081E-02   0.1216849E-01
     4410.00  0.9396712E-02   0.2630890E-02   0.1202760E-01
     4430.00  0.9241447E-02   0.2622172E-02   0.1186362E-01
     4450.00  0.9099687E-02   0.2613916E-02   0.1171360E-01
     4470.00  0.8907592E-02   0.2606109E-02   0.1151370E-01
     4490.00  0.8788416E-02   0.2598740E-02   0.1138716E-01
     4510.00  0.8664500E-02   0.2591797E-02   0.1125630E-01
     4530.00  0.8518023E-02   0.2585270E-02   0.1110329E-01
     4550.00  0.8376450E-02   0.2579148E-02   0.1095560E-01
     4570.00  0.8256302E-02   0.2573421E-02   0.1082972E-01
     4590.00  0.8122693E-02   0.2568077E-02   0.1069077E-01
     4610.00  0.7996414E-02   0.2563108E-02   0.1055952E-01
     4630.00  0.7862888E-02   0.2558503E-02   0.1042139E-01
     4650.00  0.7736797E-02   0.2554253E-02   0.1029105E-01
     4670.00  0.7624744E-02   0.2550348E-02   0.1017509E-01
     4690.00  0.7507376E-02   0.2546780E-02   0.1005416E-01
     4710.00  0.7368718E-02   0.2543539E-02   0.9912257E-02
     4730.00  0.7272407E-02   0.2540617E-02   0.9813024E-02
     4750.00  0.7156862E-02   0.2538006E-02   0.9694868E-02
     4770.00  0.7057792E-02   0.2535696E-02   0.9593488E-02
     4790.00  0.6948270E-02   0.2533681E-02   0.9481951E-02
     4810.00  0.6833902E-02   0.2531943E-02   0.9365845E-02
     4830.00  0.6711502E-02   0.2530476E-02   0.9241978E-02
     4850.00  0.6479990E-02   0.2529278E-02   0.9009268E-02
     4870.00  0.6276310E-02   0.2528343E-02   0.8804653E-02
     4890.00  0.6403558E-02   0.2527663E-02   0.8931221E-02
     4910.00  0.6334422E-02   0.2527231E-02   0.8861653E-02
     4930.00  0.6227554E-02   0.2527041E-02   0.8754595E-02
     4950.00  0.6152382E-02   0.2527086E-02   0.8679468E-02
     4970.00  0.6067384E-02   0.2527359E-02   0.8594743E-02
     4990.00  0.5974611E-02   0.2527854E-02   0.8502465E-02
     5010.00  0.5866236E-02   0.2528564E-02   0.8394800E-02
     5030.00  0.5798270E-02   0.2529483E-02   0.8327753E-02
     5050.00  0.5701502E-02   0.2530606E-02   0.8232108E-02
     5070.00  0.5636702E-02   0.2531933E-02   0.8168635E-02
     5090.00  0.5555662E-02   0.2533484E-02   0.8089146E-02
     5110.00  0.5474700E-02   0.2535220E-02   0.8009920E-02
     5130.00  0.5392815E-02   0.2537136E-02   0.7929951E-02
     5150.00  0.5310820E-02   0.2539226E-02   0.7850046E-02
     5170.00  0.5237923E-02   0.2541486E-02   0.7779409E-02
     5190.00  0.5165895E-02   0.2543909E-02   0.7709804E-02
     5210.00  0.5091916E-02   0.2546492E-02   0.7638408E-02
     5230.00  0.5022061E-02   0.2549229E-02   0.7571290E-02
     5250.00  0.4953458E-02   0.2552115E-02   0.7505573E-02
     5270.00  0.4879136E-02   0.2555146E-02   0.7434282E-02
     5290.00  0.4819382E-02   0.2558318E-02   0.7377700E-02
     5310.00  0.4750628E-02   0.2561625E-02   0.7312253E-02
     5330.00  0.4681680E-02   0.2565063E-02   0.7246743E-02
     5350.00  0.4619248E-02   0.2568628E-02   0.7187876E-02
     5370.00  0.4558635E-02   0.2572314E-02   0.7130949E-02
     5390.00  0.4496988E-02   0.2576112E-02   0.7073100E-02
     5410.00  0.4434103E-02   0.2580024E-02   0.7014127E-02
     5430.00  0.4373535E-02   0.2584046E-02   0.6957581E-02
     5450.00  0.4314220E-02   0.2588175E-02   0.6902395E-02
     5470.00  0.4257012E-02   0.2592407E-02   0.6849419E-02
     5490.00  0.4202000E-02   0.2596738E-02   0.6798738E-02
     5510.00  0.4145704E-02   0.2601165E-02   0.6746869E-02
     5530.00  0.4089914E-02   0.2605683E-02   0.6695597E-02
     5550.00  0.4035260E-02   0.2610291E-02   0.6645551E-02
     5570.00  0.3982234E-02   0.2614984E-02   0.6597218E-02
     5590.00  0.3930534E-02   0.2619760E-02   0.6550294E-02
     5610.00  0.3879509E-02   0.2624614E-02   0.6504123E-02
     5630.00  0.3829042E-02   0.2629545E-02   0.6458587E-02
     5650.00  0.3774948E-02   0.2634548E-02   0.6409496E-02
     5670.00  0.3725314E-02   0.2639622E-02   0.6364936E-02
     5690.00  0.3691910E-02   0.2644763E-02   0.6336673E-02
     5710.00  0.3645912E-02   0.1872935E-02   0.5518847E-02
     5730.00  0.3600687E-02   0.1873046E-02   0.5473733E-02
     5750.00  0.3552850E-02   0.1873238E-02   0.5426088E-02
     5770.00  0.3509566E-02   0.1873510E-02   0.5383076E-02
     5790.00  0.3464834E-02   0.1873858E-02   0.5338692E-02
     5810.00  0.3421242E-02   0.1874282E-02   0.5295524E-02
     5830.00  0.3377536E-02   0.1874777E-02   0.5252313E-02
     5850.00  0.3333556E-02   0.1875343E-02   0.5208899E-02
     5870.00  0.3281141E-02   0.1875976E-02   0.5157117E-02
     5890.00  0.3247906E-02   0.1876675E-02   0.5124581E-02
     5910.00  0.3210908E-02   0.1877439E-02   0.5088347E-02
     5930.00  0.3170452E-02   0.1878263E-02   0.5048715E-02
     5950.00  0.3128624E-02   0.1879148E-02   0.5007772E-02
     5970.00  0.3092850E-02   0.1880091E-02   0.4972941E-02
     5990.00  0.3053693E-02   0.1881089E-02   0.4934782E-02
     6010.00  0.3017358E-02   0.1882142E-02   0.4899500E-02
     6030.00  0.2980018E-02   0.1883247E-02   0.4863265E-02
     6050.00  0.2943123E-02   0.1884403E-02   0.4827526E-02
     6070.00  0.2908422E-02   0.1885607E-02   0.4794029E-02
     6090.00  0.2873162E-02   0.1886859E-02   0.4760021E-02
     6110.00  0.2838549E-02   0.1888155E-02   0.4726704E-02
     6130.00  0.2803092E-02   0.1889495E-02   0.4692587E-02
     6150.00  0.2766186E-02   0.1890878E-02   0.4657064E-02
     6170.00  0.2734932E-02   0.1892302E-02   0.4627234E-02
     6190.00  0.2704363E-02   0.1893765E-02   0.4598128E-02
     6210.00  0.2672354E-02   0.1895266E-02   0.4567620E-02
     6230.00  0.2639754E-02   0.1896803E-02   0.4536557E-02
     6250.00  0.2605724E-02   0.1898375E-02   0.4504099E-02
     6270.00  0.2578274E-02   0.1899981E-02   0.4478255E-02
     6290.00  0.2548540E-02   0.1901619E-02   0.4450159E-02
     6310.00  0.2517770E-02   0.1903289E-02   0.4421059E-02
     6330.00  0.2488588E-02   0.1904988E-02   0.4393576E-02
     6350.00  0.2455348E-02   0.1906715E-02   0.4362063E-02
     6370.00  0.2428800E-02   0.1908470E-02   0.4337270E-02
     6390.00  0.2403209E-02   0.1910251E-02   0.4313460E-02
     6410.00  0.2374628E-02   0.1912057E-02   0.4286685E-02
     6430.00  0.2347915E-02   0.1913886E-02   0.4261801E-02
     6450.00  0.2319222E-02   0.1915738E-02   0.4234960E-02
     6470.00  0.2293424E-02   0.1917612E-02   0.4211036E-02
     6490.00  0.2266470E-02   0.1919507E-02   0.4185977E-02
     6510.00  0.2239936E-02   0.1921421E-02   0.4161357E-02
     6530.00  0.2209448E-02   0.1923331E-02   0.4132779E-02
     6550.00  0.2155370E-02   0.1925252E-02   0.4080622E-02
     6570.00  0.2084422E-02   0.1927189E-02   0.4011611E-02
     6590.00  0.2128038E-02   0.1929140E-02   0.4057178E-02
     6610.00  0.2115689E-02   0.1931105E-02   0.4046794E-02
     6630.00  0.2094053E-02   0.1933082E-02   0.4027135E-02
     6650.00  0.2071226E-02   0.1925734E-02   0.3996960E-02
     6670.00  0.2046505E-02   0.1927742E-02   0.3974247E-02
     6690.00  0.2024320E-02   0.1929760E-02   0.3954080E-02
     6710.00  0.2003775E-02   0.1931789E-02   0.3935564E-02
     6730.00  0.1981592E-02   0.1933826E-02   0.3915418E-02
     6750.00  0.1959854E-02   0.1935872E-02   0.3895726E-02
     6770.00  0.1939237E-02   0.1937925E-02   0.3877162E-02
     6790.00  0.1917290E-02   0.1939986E-02   0.3857276E-02
     6810.00  0.1897192E-02   0.1942052E-02   0.3839244E-02
     6830.00  0.1876400E-02   0.1944124E-02   0.3820524E-02
     6850.00  0.1855547E-02   0.1946200E-02   0.3801747E-02
     6870.00  0.1836354E-02   0.1948281E-02   0.3784635E-02
     6890.00  0.1816832E-02   0.1950365E-02   0.3767197E-02
     6910.00  0.1797306E-02   0.1952451E-02   0.3749757E-02
     6930.00  0.1777649E-02   0.1954540E-02   0.3732189E-02
     6950.00  0.1758610E-02   0.1956631E-02   0.3715241E-02
     6970.00  0.1740459E-02   0.1958722E-02   0.3699181E-02
     6990.00  0.1722270E-02   0.1960813E-02   0.3683083E-02
     7010.00  0.1703548E-02   0.1962905E-02   0.3666453E-02
     7030.00  0.1685853E-02   0.1964997E-02   0.3650850E-02
     7050.00  0.1667702E-02   0.1967089E-02   0.3634791E-02
     7070.00  0.1647984E-02   0.1969178E-02   0.3617162E-02
     7090.00  0.1633546E-02   0.1971265E-02   0.3604811E-02
     7110.00  0.1615189E-02   0.1973349E-02   0.3588538E-02
     7130.00  0.1598605E-02   0.1975430E-02   0.3574035E-02
     7150.00  0.1582011E-02   0.1977507E-02   0.3559518E-02
     7170.00  0.1566132E-02   0.1979579E-02   0.3545711E-02
     7190.00  0.1550093E-02   0.1981647E-02   0.3531740E-02
     7210.00  0.1534357E-02   0.1983709E-02   0.3518066E-02
     7230.00  0.1516888E-02   0.1985766E-02   0.3502654E-02
     7250.00  0.1502657E-02   0.1987817E-02   0.3490474E-02
     7270.00  0.1488065E-02   0.1989861E-02   0.3477926E-02
     7290.00  0.1471600E-02   0.1991899E-02   0.3463499E-02
     7310.00  0.1458154E-02   0.1993929E-02   0.3452083E-02
     7330.00  0.1443322E-02   0.1995953E-02   0.3439275E-02
     7350.00  0.1428660E-02   0.1997968E-02   0.3426628E-02
     7370.00  0.1414430E-02   0.1999975E-02   0.3414405E-02
     7390.00  0.1399961E-02   0.2001973E-02   0.3401934E-02
     7410.00  0.1385595E-02   0.2003963E-02   0.3389558E-02
     7430.00  0.1371909E-02   0.2005943E-02   0.3377852E-02
     7450.00  0.1358402E-02   0.2004711E-02   0.3363113E-02
     7470.00  0.1344896E-02   0.2006673E-02   0.3351569E-02
     7490.00  0.1332032E-02   0.2008625E-02   0.3340657E-02
     7510.00  0.1319038E-02   0.2010567E-02   0.3329605E-02
     7530.00  0.1306132E-02   0.2012499E-02   0.3318631E-02
     7550.00  0.1293211E-02   0.2014420E-02   0.3307631E-02
     7570.00  0.1280742E-02   0.2016329E-02   0.3297071E-02
     7590.00  0.1268229E-02   0.2018228E-02   0.3286457E-02
     7610.00  0.1255829E-02   0.2020104E-02   0.3275933E-02
     7630.00  0.1243488E-02   0.2021957E-02   0.3265445E-02
     7650.00  0.1231068E-02   0.2023796E-02   0.3254864E-02
     7670.00  0.1218914E-02   0.2025624E-02   0.3244538E-02
     7690.00  0.1207603E-02   0.2027438E-02   0.3235041E-02
     7710.00  0.1195765E-02   0.2029238E-02   0.3225003E-02
     7730.00  0.1184440E-02   0.2031026E-02   0.3215466E-02
     7750.00  0.1172735E-02   0.2032800E-02   0.3205535E-02
     7770.00  0.1159142E-02   0.2034561E-02   0.3193703E-02
     7790.00  0.1150857E-02   0.2036307E-02   0.3187164E-02
     7810.00  0.1139949E-02   0.2038040E-02   0.3177989E-02
     7830.00  0.1128998E-02   0.2039758E-02   0.3168756E-02
     7850.00  0.1117749E-02   0.2041462E-02   0.3159211E-02
     7870.00  0.1107314E-02   0.1999739E-02   0.3107053E-02
     7890.00  0.1096737E-02   0.2001397E-02   0.3098134E-02
     7910.00  0.1087037E-02   0.2003042E-02   0.3090079E-02
     7930.00  0.1076714E-02   0.2004672E-02   0.3081386E-02
     7950.00  0.1065983E-02   0.2006288E-02   0.3072271E-02
     7970.00  0.1057121E-02   0.2007889E-02   0.3065010E-02
     7990.00  0.1046473E-02   0.2009476E-02   0.3055949E-02
     8010.00  0.1037609E-02   0.2011048E-02   0.3048657E-02
     8030.00  0.1028053E-02   0.2012606E-02   0.3040659E-02
     8050.00  0.1018378E-02   0.2014149E-02   0.3032527E-02
     8070.00  0.1009441E-02   0.2015677E-02   0.3025118E-02
     8090.00  0.9999892E-03   0.2017190E-02   0.3017179E-02
     8110.00  0.9909639E-03   0.2018687E-02   0.3009651E-02
     8130.00  0.9821888E-03   0.2020170E-02   0.3002358E-02
     8150.00  0.9729382E-03   0.2021637E-02   0.2994575E-02
     8170.00  0.9643591E-03   0.2023089E-02   0.2987448E-02
     8190.00  0.9546644E-03   0.2024525E-02   0.2979190E-02
     8210.00  0.9613752E-03   0.1757829E-02   0.2719204E-02
     8230.00  0.9527249E-03   0.7114198E-03   0.1664145E-02
     8250.00  0.9448774E-03   0.7106992E-03   0.1655577E-02
     8270.00  0.9366663E-03   0.7099867E-03   0.1646653E-02
     8290.00  0.9284834E-03   0.6987518E-03   0.1627235E-02
     8310.00  0.9201106E-03   0.6980534E-03   0.1618164E-02
     8330.00  0.9113952E-03   0.6973630E-03   0.1608758E-02
     8350.00  0.9030116E-03   0.6966801E-03   0.1599692E-02
     8370.00  0.8948116E-03   0.6960046E-03   0.1590816E-02
     8390.00  0.8862798E-03   0.6953363E-03   0.1581616E-02
     8410.00  0.8782404E-03   0.6946750E-03   0.1572915E-02
     8430.00  0.8688484E-03   0.6940205E-03   0.1562869E-02
     8450.00  0.8598014E-03   0.6933728E-03   0.1553174E-02
     8470.00  0.8522217E-03   0.6927318E-03   0.1544953E-02
     8490.00  0.8457441E-03   0.6920971E-03   0.1537841E-02
     8510.00  0.8355129E-03   0.6914687E-03   0.1526982E-02
     8530.00  0.8325017E-03   0.6908465E-03   0.1523348E-02
     8550.00  0.8171744E-03   0.6902302E-03   0.1507405E-02
     8570.00  0.8214622E-03   0.6896199E-03   0.1511082E-02
     8590.00  0.8063157E-03   0.6890152E-03   0.1495331E-02
     8610.00  0.7988879E-03   0.6884162E-03   0.1487304E-02
     8630.00  0.8034708E-03   0.6878227E-03   0.1491294E-02
     8650.00  0.7907519E-03   0.6872345E-03   0.1477986E-02
     8670.00  0.7702172E-03   0.6866516E-03   0.1456869E-02
     8690.00  0.7810782E-03   0.6860738E-03   0.1467152E-02
     8710.00  0.7796750E-03   0.6855009E-03   0.1465176E-02
     8730.00  0.7675104E-03   0.6849328E-03   0.1452443E-02
     8750.00  0.7425966E-03   0.6843697E-03   0.1426966E-02
     8770.00  0.7509164E-03   0.6838112E-03   0.1434728E-02
     8790.00  0.7544122E-03   0.6832571E-03   0.1437669E-02
     8810.00  0.7493418E-03   0.6827075E-03   0.1432049E-02
     8830.00  0.7406272E-03   0.6821622E-03   0.1422789E-02
     8850.00  0.7230462E-03   0.6816212E-03   0.1404667E-02
     8870.00  0.7049973E-03   0.6810843E-03   0.1386082E-02
     8890.00  0.7191702E-03   0.6805513E-03   0.1399721E-02
     8910.00  0.7185359E-03   0.6800224E-03   0.1398558E-02
     8930.00  0.7135855E-03   0.6794971E-03   0.1393083E-02
     8950.00  0.7082051E-03   0.6789756E-03   0.1387181E-02
     8970.00  0.7012482E-03   0.6784578E-03   0.1379706E-02
     8990.00  0.6901694E-03   0.6779436E-03   0.1368113E-02
     9010.00  0.6657966E-03   0.6774328E-03   0.1343229E-02
     9030.00  0.6681333E-03   0.6769254E-03   0.1345059E-02
     9050.00  0.6757818E-03   0.6764212E-03   0.1352203E-02
     9070.00  0.6721056E-03   0.6759203E-03   0.1348026E-02
     9090.00  0.6674266E-03   0.6754224E-03   0.1342849E-02
     9110.00  0.6633692E-03   0.6749277E-03   0.1338297E-02
     9130.00  0.6583193E-03   0.6744360E-03   0.1332755E-02
     9150.00  0.6528788E-03   0.6739476E-03   0.1326826E-02
     9170.00  0.6466421E-03   0.6734620E-03   0.1320104E-02
     9190.00  0.6395578E-03   0.6729791E-03   0.1312537E-02
     9210.00  0.6271276E-03   0.6724988E-03   0.1299626E-02
     9230.00  0.6043260E-03   0.6720211E-03   0.1276347E-02
     9250.00  0.6152511E-03   0.6715460E-03   0.1286797E-02
     9270.00  0.6172016E-03   0.6710733E-03   0.1288275E-02
     9290.00  0.6159798E-03   0.6706029E-03   0.1286583E-02
     9310.00  0.6117409E-03   0.6701349E-03   0.1281876E-02
     9330.00  0.6071443E-03   0.6696690E-03   0.1276813E-02
     9350.00  0.6025116E-03   0.6692055E-03   0.1271717E-02
     9370.00  0.5979026E-03   0.6687441E-03   0.1266647E-02
     9390.00  0.5930132E-03   0.6682847E-03   0.1261298E-02
     9410.00  0.5871169E-03   0.6678271E-03   0.1254944E-02
     9430.00  0.5836056E-03   0.6673717E-03   0.1250977E-02
     9450.00  0.5787419E-03   0.6669181E-03   0.1245660E-02
     9470.00  0.5737767E-03   0.6664663E-03   0.1240243E-02
     9490.00  0.5689248E-03   0.6660163E-03   0.1234941E-02
     9510.00  0.5620446E-03   0.6655681E-03   0.1227613E-02
     9530.00  0.5504830E-03   0.6651214E-03   0.1215604E-02
     9550.00  0.5322622E-03   0.6646764E-03   0.1196939E-02
     9570.00  0.5440513E-03   0.6642331E-03   0.1208284E-02
     9590.00  0.5456544E-03   0.6637911E-03   0.1209446E-02
     9610.00  0.5426200E-03   0.6633508E-03   0.1205971E-02
     9630.00  0.5382148E-03   0.6629117E-03   0.1201127E-02
     9650.00  0.5351399E-03   0.6624742E-03   0.1197614E-02
     9670.00  0.5309445E-03   0.6620378E-03   0.1192982E-02
     9690.00  0.5272405E-03   0.6616031E-03   0.1188844E-02
     9710.00  0.5232653E-03   0.6611691E-03   0.1184434E-02
     9730.00  0.5193629E-03   0.6607364E-03   0.1180099E-02
     9750.00  0.5151823E-03   0.6603053E-03   0.1175488E-02
     9770.00  0.5114820E-03   0.6598750E-03   0.1171357E-02
     9790.00  0.5075073E-03   0.6594456E-03   0.1166953E-02
     9810.00  0.5037536E-03   0.6590174E-03   0.1162771E-02
     9830.00  0.4998009E-03   0.6585905E-03   0.1158391E-02
     9850.00  0.4959581E-03   0.6581642E-03   0.1154122E-02
     9870.00  0.4921870E-03   0.6577392E-03   0.1149926E-02
     9890.00  0.4882747E-03   0.6573147E-03   0.1145589E-02
     9910.00  0.4843572E-03   0.6568912E-03   0.1141248E-02
     9930.00  0.4809447E-03   0.6564684E-03   0.1137413E-02
     9950.00  0.4771928E-03   0.6560466E-03   0.1133239E-02
     9970.00  0.4734882E-03   0.6556256E-03   0.1129114E-02
     9990.00  0.4695072E-03   0.6552053E-03   0.1124713E-02
    10025.00  0.4571885E-03   0.6544713E-03   0.1111660E-02
    10075.00  0.4465049E-03   0.6534259E-03   0.1099931E-02
    10125.00  0.4460987E-03   0.6523842E-03   0.1098483E-02
    10175.00  0.4391258E-03   0.6513623E-03   0.1090488E-02
    10225.00  0.4314911E-03   0.6503458E-03   0.1081837E-02
    10275.00  0.4237596E-03   0.6493310E-03   0.1073091E-02
    10325.00  0.4157083E-03   0.6483176E-03   0.1064026E-02
    10375.00  0.4081404E-03   0.6473051E-03   0.1055445E-02
    10425.00  0.4009909E-03   0.6462932E-03   0.1047284E-02
    10475.00  0.3936449E-03   0.6452818E-03   0.1038927E-02
    10525.00  0.3866919E-03   0.6442704E-03   0.1030962E-02
    10575.00  0.3799319E-03   0.6432589E-03   0.1023191E-02
    10625.00  0.3731651E-03   0.6422471E-03   0.1015412E-02
    10675.00  0.3663215E-03   0.6412347E-03   0.1007556E-02
    10725.00  0.3604158E-03   0.6402214E-03   0.1000637E-02
    10775.00  0.3541655E-03   0.6392072E-03   0.9933727E-03
    10825.00  0.3472738E-03   0.6381919E-03   0.9854657E-03
    10875.00  0.3408516E-03   0.6371752E-03   0.9780268E-03
    10925.00  0.3275528E-03   0.6361569E-03   0.9637097E-03
    10975.00  0.3269248E-03   0.6351371E-03   0.9620619E-03
    11025.00  0.3243964E-03   0.6341156E-03   0.9585120E-03
    11075.00  0.3193290E-03   0.6330921E-03   0.9524211E-03
    11125.00  0.3138079E-03   0.6320667E-03   0.9458746E-03
    11175.00  0.3087322E-03   0.5566217E-03   0.8653539E-03
    11225.00  0.3037019E-03   0.5555989E-03   0.8593008E-03
    11275.00  0.2981766E-03   0.5545768E-03   0.8527534E-03
    11325.00  0.2932558E-03   0.5535554E-03   0.8468112E-03
    11375.00  0.2885164E-03   0.5525344E-03   0.8410508E-03
    11425.00  0.2838129E-03   0.5515139E-03   0.8353268E-03
    11475.00  0.2794754E-03   0.5504934E-03   0.8299688E-03
    11525.00  0.2749247E-03   0.5494732E-03   0.8243979E-03
    11575.00  0.2703580E-03   0.5484531E-03   0.8188111E-03
    11625.00  0.2656174E-03   0.5474330E-03   0.8130504E-03
    11675.00  0.2614512E-03   0.5464129E-03   0.8078641E-03
    11725.00  0.2576075E-03   0.5453927E-03   0.8030002E-03
    11775.00  0.2531121E-03   0.5443723E-03   0.7974844E-03
    11825.00  0.2492203E-03   0.5433517E-03   0.7925720E-03
    11875.00  0.2450408E-03   0.5423308E-03   0.7873716E-03
    11925.00  0.2415876E-03   0.5413095E-03   0.7828971E-03
    11975.00  0.2374417E-03   0.5402878E-03   0.7777295E-03
    12025.00  0.2340238E-03   0.5392658E-03   0.7732896E-03
    12075.00  0.2302736E-03   0.5382432E-03   0.7685168E-03
    12125.00  0.2266191E-03   0.5372202E-03   0.7638393E-03
    12175.00  0.2232053E-03   0.5361966E-03   0.7594019E-03
    12225.00  0.2197566E-03   0.5351724E-03   0.7549290E-03
    12275.00  0.2163886E-03   0.5341478E-03   0.7505364E-03
    12325.00  0.2130763E-03   0.5331225E-03   0.7461988E-03
    12375.00  0.2097961E-03   0.5320966E-03   0.7418927E-03
    12425.00  0.2066845E-03   0.5310701E-03   0.7377546E-03
    12475.00  0.2035605E-03   0.5300430E-03   0.7336035E-03
    12525.00  0.2004842E-03   0.5284869E-03   0.7289711E-03
    12575.00  0.1974021E-03   0.5274620E-03   0.7248641E-03
    12625.00  0.1943880E-03   0.5264365E-03   0.7208245E-03
    12675.00  0.1915429E-03   0.5254103E-03   0.7169532E-03
    12725.00  0.1885991E-03   0.5243836E-03   0.7129827E-03
    12775.00  0.1847647E-03   0.5233562E-03   0.7081209E-03
    12825.00  0.1782254E-03   0.5223282E-03   0.7005536E-03
    12875.00  0.1796255E-03   0.5212997E-03   0.7009252E-03
    12925.00  0.1777192E-03   0.5202706E-03   0.6979898E-03
    12975.00  0.1752578E-03   0.5192408E-03   0.6944986E-03
    13025.00  0.1728045E-03   0.5182105E-03   0.6910150E-03
    13075.00  0.1703193E-03   0.5171741E-03   0.6874934E-03
    13125.00  0.1677003E-03   0.5161366E-03   0.6838369E-03
    13175.00  0.1653032E-03   0.5150983E-03   0.6804015E-03
    13225.00  0.1630366E-03   0.5140594E-03   0.6770960E-03
    13275.00  0.1606400E-03   0.5130198E-03   0.6736598E-03
    13325.00  0.1583054E-03   0.5119796E-03   0.6702850E-03
    13375.00  0.1560318E-03   0.5109388E-03   0.6669706E-03
    13425.00  0.1539317E-03   0.5098975E-03   0.6638292E-03
    13475.00  0.1518160E-03   0.5088556E-03   0.6606716E-03
    13525.00  0.1496262E-03   0.5078132E-03   0.6574394E-03
    13575.00  0.1475300E-03   0.5067703E-03   0.6543003E-03
    13625.00  0.1454247E-03   0.5055015E-03   0.6509262E-03
    13675.00  0.1434650E-03   0.5044586E-03   0.6479236E-03
    13725.00  0.1414487E-03   0.5034153E-03   0.6448640E-03
    13775.00  0.1395622E-03   0.5023716E-03   0.6419338E-03
    13825.00  0.1376461E-03   0.5013277E-03   0.6389738E-03
    13875.00  0.1357337E-03   0.5002834E-03   0.6360171E-03
    13925.00  0.1338801E-03   0.4992389E-03   0.6331190E-03
    13975.00  0.1320858E-03   0.4981942E-03   0.6302800E-03
    14025.00  0.1303150E-03   0.4971494E-03   0.6274644E-03
    14075.00  0.1285549E-03   0.4961044E-03   0.6246593E-03
    14125.00  0.1267009E-03   0.4916876E-03   0.6183885E-03
    14175.00  0.1251171E-03   0.4906569E-03   0.6157740E-03
    14225.00  0.1234736E-03   0.4896261E-03   0.6130997E-03
    14275.00  0.1217735E-03   0.4885952E-03   0.6103687E-03
    14325.00  0.1201606E-03   0.4875642E-03   0.6077248E-03
    14375.00  0.1186531E-03   0.4865334E-03   0.6051865E-03
    14425.00  0.1168326E-03   0.4855025E-03   0.6023351E-03
    14475.00  0.1154530E-03   0.4844717E-03   0.5999247E-03
    14525.00  0.1138986E-03   0.4834411E-03   0.5973397E-03
    14570.00  0.1126034E-03   0.4825136E-03   0.5951170E-03
    14620.00  0.1118424E-03   0.3007184E-03   0.4125608E-03
    14675.00  0.1102280E-03   0.2999339E-03   0.4101619E-03
    14725.00  0.1088379E-03   0.2983007E-03   0.4071386E-03
    14775.00  0.1074296E-03   0.2975946E-03   0.4050242E-03
    14825.00  0.1061091E-03   0.2968904E-03   0.4029995E-03
    14875.00  0.1046234E-03   0.2961882E-03   0.4008116E-03
    14925.00  0.1034771E-03   0.2954879E-03   0.3989650E-03
    14975.00  0.1021369E-03   0.2947896E-03   0.3969265E-03
    15025.00  0.1007110E-03   0.2940933E-03   0.3948043E-03
    15075.00  0.9943678E-04   0.2933988E-03   0.3928356E-03
    15125.00  0.9823862E-04   0.2927063E-03   0.3909449E-03
    15175.00  0.9701132E-04   0.2920157E-03   0.3890270E-03
    15225.00  0.9577824E-04   0.2913271E-03   0.3871053E-03
    15275.00  0.9456600E-04   0.2906406E-03   0.3852066E-03
    15325.00  0.9335085E-04   0.2899560E-03   0.3833068E-03
    15375.00  0.9219872E-04   0.2892731E-03   0.3814719E-03
    15425.00  0.9095188E-04   0.2885921E-03   0.3795440E-03
    15475.00  0.8996633E-04   0.2879129E-03   0.3778792E-03
    15525.00  0.8879184E-04   0.2872355E-03   0.3760273E-03
    15575.00  0.8753719E-04   0.2865599E-03   0.3740971E-03
    15625.00  0.8686584E-04   0.2858860E-03   0.3727519E-03
    15675.00  0.8546967E-04   0.2852139E-03   0.3706836E-03
    15725.00  0.8432302E-04   0.2845436E-03   0.3688666E-03
    15775.00  0.8375745E-04   0.2838750E-03   0.3676325E-03
    15825.00  0.8274451E-04   0.2832082E-03   0.3659527E-03
    15875.00  0.8089132E-04   0.2825431E-03   0.3634344E-03
    15925.00  0.8057448E-04   0.2818797E-03   0.3624542E-03
    15975.00  0.8008194E-04   0.2812180E-03   0.3612999E-03
    16050.00  0.7835973E-04   0.2802287E-03   0.3585884E-03
    16150.00  0.7612272E-04   0.2789156E-03   0.3550383E-03
    16250.00  0.7508710E-04   0.2776093E-03   0.3526964E-03
    16350.00  0.7300352E-04   0.2763097E-03   0.3493132E-03
    16450.00  0.7090789E-04   0.2750167E-03   0.3459246E-03
    16550.00  0.7002830E-04   0.2737304E-03   0.3437587E-03
    16650.00  0.6842189E-04   0.2724507E-03   0.3408726E-03
    16750.00  0.6642269E-04   0.2711776E-03   0.3376003E-03
    16850.00  0.6452185E-04   0.2699110E-03   0.3344329E-03
    16950.00  0.6385384E-04   0.2686510E-03   0.3325048E-03
    17050.00  0.6238379E-04   0.2673973E-03   0.3297811E-03
    17150.00  0.6104781E-04   0.2661502E-03   0.3271980E-03
    17250.00  0.5956562E-04   0.2649095E-03   0.3244751E-03
    17350.00  0.5730049E-04   0.2636752E-03   0.3209757E-03
    17450.00  0.5679495E-04   0.2624473E-03   0.3192422E-03
    17550.00  0.5577902E-04   0.2612257E-03   0.3170047E-03
    17650.00  0.5457343E-04   0.2600105E-03   0.3145839E-03
    17750.00  0.5336028E-04   0.2588016E-03   0.3121619E-03
    17850.00  0.5219463E-04   0.2575990E-03   0.3097937E-03
    17950.00  0.5111327E-04   0.2564028E-03   0.3075160E-03
    18050.00  0.4993005E-04   0.2552127E-03   0.3051428E-03
    18150.00  0.4810431E-04   0.2540289E-03   0.3021333E-03
    18250.00  0.4761907E-04   0.2528518E-03   0.3004709E-03
    18350.00  0.4691998E-04   0.2516848E-03   0.2986048E-03
    18450.00  0.4589312E-04   0.2505237E-03   0.2964168E-03
    18550.00  0.4491442E-04   0.2364741E-03   0.2813885E-03
    18650.00  0.4392096E-04   0.2353805E-03   0.2793015E-03
    18750.00  0.4232671E-04   0.2342927E-03   0.2766194E-03
    18850.00  0.4216439E-04   0.2332106E-03   0.2753750E-03
    18950.00  0.4132761E-04   0.2321343E-03   0.2734619E-03
    19050.00  0.4054421E-04   0.2310637E-03   0.2716079E-03
    19150.00  0.3976286E-04   0.2299988E-03   0.2697617E-03
    19250.00  0.3895263E-04   0.2289396E-03   0.2678923E-03
    19350.00  0.3805682E-04   0.2278861E-03   0.2659429E-03
    19450.00  0.3668311E-04   0.2268383E-03   0.2635214E-03
    19550.00  0.3656256E-04   0.2257961E-03   0.2623587E-03
    19650.00  0.3596166E-04   0.2247596E-03   0.2607212E-03
    19750.00  0.3525132E-04   0.2237286E-03   0.2589800E-03
    19850.00  0.3458454E-04   0.2227033E-03   0.2572879E-03
    19950.00  0.3392367E-04   0.2216836E-03   0.2556073E-03
    20050.00  0.3328539E-04   0.2206695E-03   0.2539549E-03
    20150.00  0.3264973E-04   0.2196609E-03   0.2523106E-03
    20250.00  0.3202750E-04   0.2185971E-03   0.2506246E-03
    20350.00  0.3145104E-04   0.2176000E-03   0.2490510E-03
    20450.00  0.3085945E-04   0.2166084E-03   0.2474678E-03
    20550.00  0.3026028E-04   0.2156223E-03   0.2458826E-03
    20650.00  0.2970726E-04   0.2146417E-03   0.2443490E-03
    20750.00  0.2914335E-04   0.2136665E-03   0.2428099E-03
    20850.00  0.2861421E-04   0.2126968E-03   0.2413110E-03
    20950.00  0.2808062E-04   0.2117325E-03   0.2398132E-03
    21050.00  0.2759316E-04   0.2107737E-03   0.2383668E-03
    21150.00  0.2704532E-04   0.2098201E-03   0.2368655E-03
    21250.00  0.2655608E-04   0.2088720E-03   0.2354281E-03
    21350.00  0.2610406E-04   0.2079292E-03   0.2340333E-03
    21450.00  0.2563572E-04   0.2069917E-03   0.2326274E-03
    21550.00  0.2512417E-04   0.2060315E-03   0.2311557E-03
    21650.00  0.2428279E-04   0.2051049E-03   0.2293877E-03
    21750.00  0.2418916E-04   0.2041835E-03   0.2283727E-03
    21850.00  0.2385566E-04   0.2032674E-03   0.2271230E-03
    21950.00  0.2345014E-04   0.2023564E-03   0.2258066E-03
    22050.00  0.2303122E-04   0.2014507E-03   0.2244819E-03
    22150.00  0.2264050E-04   0.2005501E-03   0.2231906E-03
    22250.00  0.2223623E-04   0.1991859E-03   0.2214222E-03
    22350.00  0.2186142E-04   0.1982996E-03   0.2201611E-03
    22450.00  0.2149415E-04   0.1974184E-03   0.2189126E-03
    22550.00  0.2111913E-04   0.1965422E-03   0.2176614E-03
    22650.00  0.2074725E-04   0.1956711E-03   0.2164183E-03
    22750.00  0.2041465E-04   0.1948049E-03   0.2152195E-03
    22850.00  0.2010364E-04   0.1552697E-03   0.1753734E-03
    22950.00  0.1978553E-04   0.1544533E-03   0.1742388E-03
    23050.00  0.1948015E-04   0.1537809E-03   0.1732611E-03
    23150.00  0.1915985E-04   0.1531126E-03   0.1722725E-03
    23250.00  0.1879248E-04   0.1524483E-03   0.1712408E-03
    23350.00  0.1849162E-04   0.1517881E-03   0.1702797E-03
    23450.00  0.1819874E-04   0.1511317E-03   0.1693305E-03
    23550.00  0.1787293E-04   0.1504794E-03   0.1683523E-03
    23650.00  0.1757833E-04   0.1498309E-03   0.1674092E-03
    23750.00  0.1729180E-04   0.1491863E-03   0.1664781E-03
    23850.00  0.1697284E-04   0.1485456E-03   0.1655184E-03
    23950.00  0.1671636E-04   0.1479087E-03   0.1646251E-03
    24050.00  0.1644515E-04   0.1472757E-03   0.1637208E-03
    24150.00  0.1615129E-04   0.1466464E-03   0.1627977E-03
    24250.00  0.1591103E-04   0.1460209E-03   0.1619319E-03
    24350.00  0.1565810E-04   0.1453992E-03   0.1610573E-03
    24450.00  0.1540403E-04   0.1447811E-03   0.1601851E-03
    24550.00  0.1515402E-04   0.1441668E-03   0.1593208E-03
    24650.00  0.1492516E-04   0.1435561E-03   0.1584812E-03
    24750.00  0.1466224E-04   0.1429490E-03   0.1576113E-03
    24850.00  0.1444335E-04   0.1423456E-03   0.1567890E-03
    24950.00  0.1422454E-04   0.1417458E-03   0.1559703E-03
    25050.00  0.1405008E-04   0.1411495E-03   0.1551996E-03
    25150.00  0.1380929E-04   0.1405568E-03   0.1543661E-03
    25250.00  0.1354582E-04   0.1399677E-03   0.1535135E-03
    25350.00  0.1337682E-04   0.1393820E-03   0.1527588E-03
    25450.00  0.1317800E-04   0.1387998E-03   0.1519778E-03
    25550.00  0.1298192E-04   0.1382211E-03   0.1512030E-03
    25650.00  0.1272636E-04   0.1376458E-03   0.1503721E-03
    25750.00  0.1259120E-04   0.1370739E-03   0.1496651E-03
    25850.00  0.1241234E-04   0.1365054E-03   0.1489177E-03
    25950.00  0.1222415E-04   0.1359402E-03   0.1481644E-03
    26050.00  0.1202352E-04   0.1353784E-03   0.1474019E-03
    26150.00  0.1177964E-04   0.1348199E-03   0.1465996E-03
    26250.00  0.1149493E-04   0.1342648E-03   0.1457597E-03
    26350.00  0.1149424E-04   0.1337128E-03   0.1452071E-03
    26450.00  0.1135641E-04   0.1331642E-03   0.1445206E-03
    26550.00  0.1120843E-04   0.1326188E-03   0.1438272E-03
    26650.00  0.1099932E-04   0.1320766E-03   0.1430759E-03
    26750.00  0.1078195E-04   0.1315376E-03   0.1423195E-03
    26850.00  0.1070759E-04   0.1310017E-03   0.1417093E-03
    26950.00  0.1055756E-04   0.1304690E-03   0.1410266E-03
    27050.00  0.1042482E-04   0.1299394E-03   0.1403643E-03
    27150.00  0.1027219E-04   0.1294130E-03   0.1396852E-03
    27250.00  0.1013704E-04   0.1288896E-03   0.1390266E-03
    27350.00  0.9986710E-05   0.1283693E-03   0.1383560E-03
    27450.00  0.9831683E-05   0.1278520E-03   0.1376837E-03
    27550.00  0.9615010E-05   0.1273378E-03   0.1369528E-03
    27650.00  0.9520499E-05   0.1236437E-03   0.1331642E-03
    27750.00  0.9417633E-05   0.1231491E-03   0.1325668E-03
    27850.00  0.9316131E-05   0.1226575E-03   0.1319736E-03
    27950.00  0.9190349E-05   0.1221687E-03   0.1313590E-03
    28050.00  0.9050369E-05   0.1216827E-03   0.1307331E-03
    28150.00  0.8924646E-05   0.1211996E-03   0.1301243E-03
    28250.00  0.8811905E-05   0.1207193E-03   0.1295312E-03
    28350.00  0.8681771E-05   0.1202418E-03   0.1289236E-03
    28450.00  0.8567542E-05   0.1197670E-03   0.1283346E-03
    28550.00  0.8446078E-05   0.1192950E-03   0.1277411E-03
    28650.00  0.8307239E-05   0.1188258E-03   0.1271330E-03
    28750.00  0.8121459E-05   0.1183592E-03   0.1264807E-03
    28850.00  0.8086550E-05   0.1178954E-03   0.1259819E-03
    28950.00  0.7998277E-05   0.1174342E-03   0.1254325E-03
    29050.00  0.7907670E-05   0.1169757E-03   0.1248833E-03
    29150.00  0.7799378E-05   0.1165198E-03   0.1243192E-03
    29250.00  0.7679271E-05   0.1160665E-03   0.1237458E-03
    29350.00  0.7593190E-05   0.1156159E-03   0.1232091E-03
    29450.00  0.7485830E-05   0.1151678E-03   0.1226536E-03
    29550.00  0.7395812E-05   0.1147223E-03   0.1221181E-03
    29650.00  0.7299568E-05   0.1142794E-03   0.1215789E-03
    29750.00  0.7192563E-05   0.1138274E-03   0.1210200E-03
    29850.00  0.7106570E-05   0.1133896E-03   0.1204962E-03
    29950.00  0.7018872E-05   0.1129543E-03   0.1199731E-03
    30050.00  0.6920229E-05   0.1125214E-03   0.1194416E-03
    30150.00  0.6837601E-05   0.1120910E-03   0.1189286E-03
    30250.00  0.6726656E-05   0.1116631E-03   0.1183897E-03
    30350.00  0.6576381E-05   0.1112375E-03   0.1178139E-03
    30450.00  0.6531690E-05   0.1108144E-03   0.1173461E-03
    30550.00  0.6477709E-05   0.1103937E-03   0.1168715E-03
    30650.00  0.6408043E-05   0.1099754E-03   0.1163835E-03
    30750.00  0.6323976E-05   0.1095595E-03   0.1158834E-03
    30850.00  0.6241268E-05   0.1091459E-03   0.1153871E-03
    30950.00  0.6176384E-05   0.1087346E-03   0.1149110E-03
    31050.00  0.6100151E-05   0.1083256E-03   0.1144258E-03
    31150.00  0.6012401E-05   0.1079190E-03   0.1139314E-03
    31250.00  0.5944480E-05   0.1075146E-03   0.1134591E-03
    31350.00  0.5867429E-05   0.1071068E-03   0.1129743E-03
    31450.00  0.5799925E-05   0.1067070E-03   0.1125069E-03
    31550.00  0.5735097E-05   0.1063093E-03   0.1120444E-03
    31650.00  0.5657369E-05   0.1059139E-03   0.1115713E-03
    31750.00  0.5585753E-05   0.1055207E-03   0.1111065E-03
    31850.00  0.5521645E-05   0.1051297E-03   0.1106514E-03
    31950.00  0.5457315E-05   0.1047409E-03   0.1101982E-03
    32100.00  0.5358748E-05   0.1040666E-03   0.1094254E-03
    32300.00  0.5230933E-05   0.1033033E-03   0.1085342E-03
    32500.00  0.5107410E-05   0.1025484E-03   0.1076558E-03
    32700.00  0.4984542E-05   0.1018018E-03   0.1067863E-03
    32900.00  0.4822935E-05   0.9013999E-04   0.9496292E-04
    33100.00  0.4742438E-05   0.8946806E-04   0.9421050E-04
    33300.00  0.4647425E-05   0.8883254E-04   0.9347996E-04
    33500.00  0.4539820E-05   0.8820393E-04   0.9274375E-04
    33700.00  0.4436125E-05   0.8758216E-04   0.9201828E-04
    33900.00  0.4340259E-05   0.8696712E-04   0.9130738E-04
    34100.00  0.4239702E-05   0.8635872E-04   0.9059842E-04
    34300.00  0.4142458E-05   0.8575687E-04   0.8989933E-04
    34500.00  0.4047273E-05   0.8516149E-04   0.8920877E-04
    34700.00  0.3957019E-05   0.8457249E-04   0.8852951E-04
    34900.00  0.3867658E-05   0.8398977E-04   0.8785743E-04
    35100.00  0.3782660E-05   0.8341326E-04   0.8719592E-04
    35300.00  0.3698449E-05   0.8284287E-04   0.8654132E-04
    35500.00  0.3616702E-05   0.8227852E-04   0.8589522E-04
    35700.00  0.3539347E-05   0.8172013E-04   0.8525948E-04
    35900.00  0.3463101E-05   0.8116761E-04   0.8463072E-04
    36100.00  0.3394983E-05   0.8062090E-04   0.8401588E-04
    36300.00  0.3318905E-05   0.8007991E-04   0.8339881E-04
    36500.00  0.3246074E-05   0.7954456E-04   0.8279063E-04
    36700.00  0.3180847E-05   0.7901478E-04   0.8219563E-04
    36900.00  0.3112442E-05   0.7849050E-04   0.8160294E-04
    37100.00  0.3049938E-05   0.7797164E-04   0.8102158E-04
    37300.00  0.2970647E-05   0.7745814E-04   0.8042879E-04
    37500.00  0.2899137E-05   0.7694991E-04   0.7984905E-04
    37700.00  0.2859450E-05   0.7644690E-04   0.7930635E-04
    37900.00  0.2802851E-05   0.7594903E-04   0.7875188E-04
    38100.00  0.2746678E-05   0.7545624E-04   0.7820292E-04
    38300.00  0.2691292E-05   0.7496846E-04   0.7765975E-04
    38500.00  0.2639407E-05   0.7448561E-04   0.7712502E-04
    38700.00  0.2586602E-05   0.7301950E-04   0.7560611E-04
    38900.00  0.2535113E-05   0.7255363E-04   0.7508874E-04
    39100.00  0.2477611E-05   0.7209243E-04   0.7457004E-04
    39300.00  0.2437164E-05   0.7163585E-04   0.7407301E-04
    39500.00  0.2385761E-05   0.7118382E-04   0.7356958E-04
    39700.00  0.2342796E-05   0.7073630E-04   0.7307909E-04
    39900.00  0.2296799E-05   0.7029321E-04   0.7259001E-04
    40100.00  0.2249084E-05   0.6985450E-04   0.7210359E-04
    40300.00  0.2203493E-05   0.6942013E-04   0.7162362E-04
    40500.00  0.2145316E-05   0.6899002E-04   0.7113534E-04
    40700.00  0.2125119E-05   0.6856413E-04   0.7068925E-04
    40900.00  0.2086114E-05   0.6814241E-04   0.7022852E-04
    41100.00  0.2048947E-05   0.6772223E-04   0.6977118E-04
    41300.00  0.2007898E-05   0.6730872E-04   0.6931661E-04
    41500.00  0.1966874E-05   0.6689921E-04   0.6886608E-04
    41700.00  0.1921057E-05   0.6649365E-04   0.6841471E-04
    41900.00  0.1898396E-05   0.6609200E-04   0.6799040E-04
    42100.00  0.1863303E-05   0.6569421E-04   0.6755751E-04
    42300.00  0.1829923E-05   0.6530023E-04   0.6713015E-04
    42500.00  0.1795123E-05   0.6491001E-04   0.6670513E-04
    42700.00  0.1764081E-05   0.6452350E-04   0.6628758E-04
    42900.00  0.1730040E-05   0.6414065E-04   0.6587069E-04
    43100.00  0.1698807E-05   0.6375985E-04   0.6545866E-04
    43300.00  0.1668136E-05   0.6338420E-04   0.6505233E-04
    43500.00  0.1633025E-05   0.6301207E-04   0.6464510E-04
    43700.00  0.1596258E-05   0.6264344E-04   0.6423969E-04
    43900.00  0.1575130E-05   0.6225353E-04   0.6382866E-04
    44100.00  0.1547996E-05   0.6189201E-04   0.6344001E-04
    44300.00  0.1520820E-05   0.6153384E-04   0.6305466E-04
    44500.00  0.1493265E-05   0.6117900E-04   0.6267226E-04
    44700.00  0.1469813E-05   0.5998073E-04   0.6145054E-04
    44900.00  0.1444091E-05   0.5674745E-04   0.5819154E-04
    45100.00  0.1418188E-05   0.5642725E-04   0.5784544E-04
    45300.00  0.1393538E-05   0.5610998E-04   0.5750352E-04
    45500.00  0.1370642E-05   0.5579559E-04   0.5716623E-04
    45700.00  0.1350211E-05   0.5548404E-04   0.5683426E-04
    45900.00  0.1324743E-05   0.5517532E-04   0.5650006E-04
    46100.00  0.1303389E-05   0.5486937E-04   0.5617276E-04
    46300.00  0.1281293E-05   0.5456618E-04   0.5584747E-04
    46500.00  0.1244362E-05   0.5426570E-04   0.5551006E-04
    46700.00  0.1229413E-05   0.5396790E-04   0.5519731E-04
    46900.00  0.1217805E-05   0.5367276E-04   0.5489056E-04
    47100.00  0.1199557E-05   0.5338023E-04   0.5457979E-04
    47300.00  0.1180463E-05   0.5309030E-04   0.5427076E-04
    47500.00  0.1159368E-05   0.5280293E-04   0.5396229E-04
    47700.00  0.1142582E-05   0.5251808E-04   0.5366066E-04
    47900.00  0.1124688E-05   0.5223574E-04   0.5336042E-04
    48100.00  0.1107110E-05   0.5195586E-04   0.5306297E-04
    48300.00  0.1089331E-05   0.5167843E-04   0.5276776E-04
    48500.00  0.1070761E-05   0.5140341E-04   0.5247417E-04
    48700.00  0.1054717E-05   0.5113078E-04   0.5218549E-04
    48900.00  0.1038312E-05   0.5086050E-04   0.5189881E-04
    49100.00  0.1022832E-05   0.5059255E-04   0.5161539E-04
    49300.00  0.1006895E-05   0.5032691E-04   0.5133381E-04
    49500.00  0.9905458E-06   0.5006355E-04   0.5105410E-04
    49700.00  0.9755047E-06   0.4980244E-04   0.5077794E-04
    49900.00  0.9576862E-06   0.4954355E-04   0.5050124E-04
    50100.00  0.9482253E-06   0.4928687E-04   0.5023509E-04
    50300.00  0.9425013E-06   0.4903236E-04   0.4997486E-04
    50500.00  0.9366221E-06   0.4878000E-04   0.4971662E-04
    50700.00  0.9311696E-06   0.4852977E-04   0.4946094E-04
    50900.00  0.9254897E-06   0.4828164E-04   0.4920713E-04
    51100.00  0.9182823E-06   0.4803559E-04   0.4895387E-04
    51300.00  0.9063937E-06   0.4779160E-04   0.4869799E-04
    51500.00  0.9081854E-06   0.4718608E-04   0.4809427E-04
    51700.00  0.9042689E-06   0.4694834E-04   0.4785261E-04
    51900.00  0.8990518E-06   0.4671257E-04   0.4761163E-04
    52100.00  0.8937906E-06   0.4647875E-04   0.4737254E-04
    52300.00  0.8882752E-06   0.4624685E-04   0.4713513E-04
    52500.00  0.8830380E-06   0.4601685E-04   0.4689989E-04
    52700.00  0.8778447E-06   0.4578874E-04   0.4666659E-04
    52900.00  0.8723586E-06   0.4556249E-04   0.4643485E-04
    53100.00  0.8672567E-06   0.4533808E-04   0.4620534E-04
    53300.00  0.8621646E-06   0.4511549E-04   0.4597766E-04
    53500.00  0.8571301E-06   0.4489471E-04   0.4575184E-04
    53700.00  0.8521373E-06   0.4467570E-04   0.4552784E-04
    53900.00  0.8472102E-06   0.4445846E-04   0.4530567E-04
    54100.00  0.8424340E-06   0.4424296E-04   0.4508539E-04
    54300.00  0.8376657E-06   0.4402820E-04   0.4486586E-04
    54500.00  0.8332815E-06   0.4381615E-04   0.4464943E-04
    54700.00  0.8287417E-06   0.4360579E-04   0.4443453E-04
    54900.00  0.8242899E-06   0.4339710E-04   0.4422139E-04
    55100.00  0.8199169E-06   0.4319007E-04   0.4400998E-04
    55300.00  0.8156672E-06   0.4298466E-04   0.4380033E-04
    55500.00  0.8110874E-06   0.4278088E-04   0.4359196E-04
    55700.00  0.8069395E-06   0.4257869E-04   0.4338563E-04
    55900.00  0.8025344E-06   0.4237809E-04   0.4318062E-04
    56100.00  0.7983503E-06   0.4217905E-04   0.4297740E-04
    56300.00  0.7941057E-06   0.4198156E-04   0.4277566E-04
    56500.00  0.7900624E-06   0.4178508E-04   0.4257514E-04
    56700.00  0.7859479E-06   0.4159058E-04   0.4237653E-04
    56900.00  0.7817544E-06   0.4139758E-04   0.4217934E-04
    57100.00  0.7778403E-06   0.4120607E-04   0.4198391E-04
    57300.00  0.7737947E-06   0.4101603E-04   0.4178982E-04
    57500.00  0.7698314E-06   0.4081982E-04   0.4158965E-04
    57700.00  0.7658581E-06   0.4063283E-04   0.4139869E-04
    57900.00  0.7620019E-06   0.4044726E-04   0.4120926E-04
    58100.00  0.7580829E-06   0.4026310E-04   0.4102119E-04
    58300.00  0.7542646E-06   0.4008034E-04   0.4083461E-04
    58500.00  0.7506080E-06   0.3842080E-04   0.3917141E-04
    58700.00  0.7465971E-06   0.3824659E-04   0.3899319E-04
    58900.00  0.7418257E-06   0.3807606E-04   0.3881788E-04
    59100.00  0.7340486E-06   0.3790679E-04   0.3864084E-04
    59300.00  0.7348842E-06   0.3773879E-04   0.3847367E-04
    59500.00  0.7318370E-06   0.3757203E-04   0.3830386E-04
    59700.00  0.7283900E-06   0.3740650E-04   0.3813489E-04
    59900.00  0.7247737E-06   0.3724220E-04   0.3796698E-04
    60100.00  0.7211918E-06   0.3707911E-04   0.3780030E-04
    60300.00  0.7176553E-06   0.3691722E-04   0.3763487E-04
    60500.00  0.7141094E-06   0.3675651E-04   0.3747062E-04
    60700.00  0.7106116E-06   0.3659698E-04   0.3730759E-04
    60900.00  0.7071374E-06   0.3643861E-04   0.3714575E-04
    61100.00  0.7036418E-06   0.3628139E-04   0.3698503E-04
    61300.00  0.7002710E-06   0.3612531E-04   0.3682558E-04
    61500.00  0.6968777E-06   0.3597036E-04   0.3666723E-04
    61700.00  0.6935099E-06   0.3581652E-04   0.3651003E-04
    61900.00  0.6901594E-06   0.3566379E-04   0.3635395E-04
    62100.00  0.6868306E-06   0.3551216E-04   0.3619899E-04
    62300.00  0.6834800E-06   0.3536161E-04   0.3604509E-04
    62500.00  0.6802026E-06   0.3521214E-04   0.3589234E-04
    62700.00  0.6769300E-06   0.3506373E-04   0.3574066E-04
    62900.00  0.6737048E-06   0.3491637E-04   0.3559008E-04
    63100.00  0.6704614E-06   0.3477006E-04   0.3544052E-04
    63300.00  0.6672971E-06   0.3462478E-04   0.3529208E-04
    63500.00  0.6640991E-06   0.3448053E-04   0.3514462E-04
    63700.00  0.6609517E-06   0.3433728E-04   0.3499823E-04
    63900.00  0.6577927E-06   0.3419504E-04   0.3485284E-04
    64200.00  0.6531156E-06   0.3398355E-04   0.3463666E-04
    64600.00  0.6469305E-06   0.3370498E-04   0.3435191E-04
    65000.00  0.6408154E-06   0.3343025E-04   0.3407107E-04
    65400.00  0.6347859E-06   0.3315930E-04   0.3379409E-04
    65800.00  0.6288215E-06   0.3289206E-04   0.3352088E-04
    66200.00  0.6229011E-06   0.3247704E-04   0.3309994E-04
    66600.00  0.6170496E-06   0.3221851E-04   0.3283556E-04
    67000.00  0.6112610E-06   0.3196345E-04   0.3257471E-04
    67400.00  0.6055207E-06   0.3171181E-04   0.3231733E-04
    67800.00  0.5998475E-06   0.3146353E-04   0.3206338E-04
    68200.00  0.5942205E-06   0.3121854E-04   0.3181276E-04
    68600.00  0.5886478E-06   0.3097678E-04   0.3156543E-04
    69000.00  0.5831218E-06   0.3073819E-04   0.3132131E-04
    69400.00  0.5776415E-06   0.3050258E-04   0.3108022E-04
    69800.00  0.5722202E-06   0.3027017E-04   0.3084239E-04
    70200.00  0.5668271E-06   0.3004076E-04   0.3060759E-04
    70600.00  0.5614944E-06   0.2981431E-04   0.3037581E-04
    71000.00  0.5561999E-06   0.2959077E-04   0.3014697E-04
    71400.00  0.5509427E-06   0.2937007E-04   0.2992102E-04
    71800.00  0.5457256E-06   0.2915208E-04   0.2969780E-04
    72200.00  0.5405409E-06   0.2893693E-04   0.2947747E-04
    72600.00  0.5354015E-06   0.2872449E-04   0.2925989E-04
    73000.00  0.5302996E-06   0.2851201E-04   0.2904231E-04
    73400.00  0.5252202E-06   0.2830486E-04   0.2883008E-04
    73800.00  0.5201880E-06   0.2810028E-04   0.2862046E-04
    74200.00  0.5150495E-06   0.2724902E-04   0.2776407E-04
    74600.00  0.5088513E-06   0.2705537E-04   0.2756422E-04
    75000.00  0.5038487E-06   0.2686409E-04   0.2736794E-04
    75400.00  0.5002170E-06   0.2667512E-04   0.2717534E-04
    75800.00  0.4954677E-06   0.2648844E-04   0.2698391E-04
    76200.00  0.4906136E-06   0.2630400E-04   0.2679462E-04
    76600.00  0.4857890E-06   0.2612177E-04   0.2660756E-04
    77000.00  0.4809777E-06   0.2594171E-04   0.2642269E-04
    77400.00  0.4762054E-06   0.2576379E-04   0.2623999E-04
    77800.00  0.4714511E-06   0.2558796E-04   0.2605942E-04
    78200.00  0.4667194E-06   0.2541421E-04   0.2588093E-04
    78600.00  0.4620137E-06   0.2524248E-04   0.2570450E-04
    79000.00  0.4573299E-06   0.2507276E-04   0.2553009E-04
    79400.00  0.4526692E-06   0.2490500E-04   0.2535767E-04
    79800.00  0.4480265E-06   0.2473918E-04   0.2518721E-04
    80200.00  0.4434010E-06   0.2457527E-04   0.2501867E-04
    80600.00  0.4388013E-06   0.2441323E-04   0.2485203E-04
    81000.00  0.4342211E-06   0.2425304E-04   0.2468726E-04
    81400.00  0.4296569E-06   0.2409466E-04   0.2452432E-04
    81800.00  0.4251112E-06   0.2393807E-04   0.2436318E-04
    82200.00  0.4205875E-06   0.2378325E-04   0.2420383E-04
    82600.00  0.4160756E-06   0.2356030E-04   0.2397637E-04
    83000.00  0.4115827E-06   0.2340949E-04   0.2382108E-04
    83400.00  0.4071013E-06   0.2326036E-04   0.2366746E-04
    83800.00  0.4026381E-06   0.2311288E-04   0.2351552E-04
    84200.00  0.3981992E-06   0.2296702E-04   0.2336522E-04
    84600.00  0.3937668E-06   0.2282276E-04   0.2321652E-04
    85000.00  0.3893481E-06   0.2268007E-04   0.2306941E-04
    85400.00  0.3849476E-06   0.2253893E-04   0.2292387E-04
    85800.00  0.3805595E-06   0.2239931E-04   0.2277987E-04
    86200.00  0.3761847E-06   0.2226110E-04   0.2263729E-04
    86600.00  0.3718222E-06   0.2212447E-04   0.2249630E-04
    87000.00  0.3674748E-06   0.2198930E-04   0.2235678E-04
    87400.00  0.3631372E-06   0.2185557E-04   0.2221871E-04
    87800.00  0.3588125E-06   0.2172326E-04   0.2208207E-04
    88200.00  0.3544961E-06   0.2159234E-04   0.2194683E-04
    88600.00  0.3501947E-06   0.2146279E-04   0.2181299E-04
    89000.00  0.3459022E-06   0.2133451E-04   0.2168041E-04
    89400.00  0.3416226E-06   0.2120767E-04   0.2154930E-04
    89800.00  0.3373503E-06   0.2108215E-04   0.2141950E-04
    90200.00  0.3330919E-06   0.2095678E-04   0.2128987E-04
    90600.00  0.3288437E-06   0.2083380E-04   0.2116264E-04
    91000.00  0.3245992E-06   0.2071208E-04   0.2103668E-04
    91400.00  0.3203710E-06   0.2027957E-04   0.2059994E-04
    91800.00  0.3161496E-06   0.2016237E-04   0.2047852E-04
    92200.00  0.3119377E-06   0.2004673E-04   0.2035867E-04
    92600.00  0.3077345E-06   0.1993225E-04   0.2023998E-04
    93000.00  0.3035389E-06   0.1981892E-04   0.2012246E-04
    93400.00  0.2993505E-06   0.1970672E-04   0.2000607E-04
    93800.00  0.2951712E-06   0.1959564E-04   0.1989081E-04
    94200.00  0.2909999E-06   0.1948565E-04   0.1977665E-04
    94600.00  0.2868353E-06   0.1937675E-04   0.1966359E-04
    95000.00  0.2826786E-06   0.1926893E-04   0.1955160E-04
    95400.00  0.2785298E-06   0.1916215E-04   0.1944068E-04
    95800.00  0.2743878E-06   0.1905642E-04   0.1933081E-04
    96200.00  0.2702521E-06   0.1895172E-04   0.1922197E-04
    96600.00  0.2661247E-06   0.1884802E-04   0.1911415E-04
    97000.00  0.2620029E-06   0.1874533E-04   0.1900733E-04
    97400.00  0.2578851E-06   0.1864362E-04   0.1890151E-04
    97800.00  0.2537779E-06   0.1854289E-04   0.1879667E-04
    98200.00  0.2496757E-06   0.1844312E-04   0.1869279E-04
    98600.00  0.2455788E-06   0.1834429E-04   0.1858987E-04
    99000.00  0.2414882E-06   0.1824640E-04   0.1848788E-04
    99400.00  0.2374012E-06   0.1814943E-04   0.1838683E-04
    99800.00  0.2333212E-06   0.1805337E-04   0.1828669E-04
   100200.00  0.2292478E-06   0.4898359E-05   0.5127607E-05
   200000.00  0.1130034E-07   0.1229493E-05   0.1240793E-05
   400000.00  0.1004362E-08   0.3073733E-06   0.3083776E-06
   600000.00  0.8687153E-10   0.1366103E-06   0.1366972E-06
   800000.00  0.4796091E-10   0.7684332E-07   0.7689128E-07
  1000000.00  0.1561498E-10   0.4917972E-07   0.4919534E-07
  1200000.00  0.1448799E-10   0.3415259E-07   0.3416707E-07
  1400000.00  0.1386212E-10   0.2509170E-07   0.2510556E-07
  1600000.00  0.1342884E-10   0.1921083E-07   0.1922426E-07
