       91.00  0.1083511E-22   0.0000000E+00   0.1083511E-22
       94.00  0.6619745E-18   0.0000000E+00   0.6619745E-18
       96.00  0.2175710E-17   0.0000000E+00   0.2175710E-17
       98.00  0.6809447E-17   0.0000000E+00   0.6809447E-17
      100.00  0.2638052E-16   0.0000000E+00   0.2638052E-16
      102.00  0.1032438E-15   0.0000000E+00   0.1032438E-15
      104.00  0.2684617E-15   0.0000000E+00   0.2684617E-15
      106.00  0.9607976E-15   0.0000000E+00   0.9607976E-15
      108.00  0.2752393E-14   0.0000000E+00   0.2752393E-14
      110.00  0.1051821E-13   0.0000000E+00   0.1051821E-13
      114.00  0.8554468E-13   0.0000000E+00   0.8554468E-13
      118.00  0.6605369E-12   0.0000000E+00   0.6605369E-12
      121.00  0.3044629E-11   0.0000000E+00   0.3044629E-11
      125.00  0.5111957E-11   0.0000000E+00   0.5111957E-11
      127.00  0.7542881E-11   0.0000000E+00   0.7542881E-11
      128.00  0.4692423E-11   0.0000000E+00   0.4692423E-11
      131.00  0.1518897E-11   0.0000000E+00   0.1518897E-11
      132.00  0.2338144E-11   0.0000000E+00   0.2338144E-11
      134.00  0.3066426E-11   0.0000000E+00   0.3066426E-11
      137.00  0.5225656E-11   0.0000000E+00   0.5225656E-11
      140.00  0.8714035E-11   0.0000000E+00   0.8714035E-11
      143.00  0.1942729E-10   0.0000000E+00   0.1942729E-10
      147.00  0.7471953E-10   0.0000000E+00   0.7471953E-10
      151.00  0.2626688E-09   0.0000000E+00   0.2626688E-09
      155.00  0.1119885E-08   0.0000000E+00   0.1119885E-08
      159.00  0.3645384E-08   0.0000000E+00   0.3645384E-08
      162.00  0.9320398E-06   0.0000000E+00   0.9320398E-06
      166.00  0.2044617E-05   0.0000000E+00   0.2044617E-05
      170.00  0.2661031E-05   0.0000000E+00   0.2661031E-05
      173.00  0.3049934E-05   0.0000000E+00   0.3049934E-05
      177.00  0.4473652E-05   0.0000000E+00   0.4473652E-05
      180.00  0.5971680E-05   0.0000000E+00   0.5971680E-05
      182.00  0.7124017E-05   0.0000000E+00   0.7124017E-05
      186.00  0.9853110E-05   0.0000000E+00   0.9853110E-05
      191.00  0.1476180E-04   0.0000000E+00   0.1476180E-04
      194.00  0.6547449E-05   0.0000000E+00   0.6547449E-05
      198.00  0.3247836E-04   0.0000000E+00   0.3247836E-04
      202.00  0.2628382E-05   0.0000000E+00   0.2628382E-05
      205.00  0.3432848E-05   0.0000000E+00   0.3432848E-05
      210.00  0.6412463E-04   0.0000000E+00   0.6412463E-04
      216.00  0.3851201E-03   0.0000000E+00   0.3851201E-03
      220.00  0.1881114E-03   0.0000000E+00   0.1881114E-03
      223.00  0.3439830E-03   0.0000000E+00   0.3439830E-03
      227.00  0.2315527E-03   0.0000000E+00   0.2315527E-03
      228.00  0.1462560E-03   0.0000000E+00   0.1462560E-03
      228.00  0.4492093E-03   0.0000000E+00   0.4492093E-03
      230.00  0.4920599E-03   0.0000000E+00   0.4920599E-03
      234.00  0.5777612E-03   0.0000000E+00   0.5777612E-03
      240.00  0.1167034E-02   0.0000000E+00   0.1167034E-02
      246.00  0.9325959E-04   0.0000000E+00   0.9325959E-04
      252.00  0.3379179E-02   0.0000000E+00   0.3379179E-02
      257.00  0.2884724E-01   0.0000000E+00   0.2884724E-01
      260.00  0.1061881E-01   0.0000000E+00   0.1061881E-01
      264.00  0.1656834E-01   0.0000000E+00   0.1656834E-01
      269.00  0.1810055E-01   0.0000000E+00   0.1810055E-01
      274.00  0.4224991E-01   0.0000000E+00   0.4224991E-01
      279.00  0.3087364E-01   0.0000000E+00   0.3087364E-01
      284.00  0.1593804E-01   0.0000000E+00   0.1593804E-01
      290.00  0.2231144E-02   0.0000000E+00   0.2231144E-02
      296.00  0.1617933E-01   0.0000000E+00   0.1617933E-01
      301.00  0.4386738E-02   0.0000000E+00   0.4386738E-02
      308.00  0.9664278E-02   0.0000000E+00   0.9664278E-02
      318.00  0.5792632E-01   0.0000000E+00   0.5792632E-01
      328.00  0.8552308E-01   0.0000000E+00   0.8552308E-01
      338.00  0.2044535E+00   0.0000000E+00   0.2044535E+00
      348.00  0.2527833E+00   0.0000000E+00   0.2527833E+00
      353.30  0.2497731E+00   0.0000000E+00   0.2497731E+00
      353.30  0.7950923E-01   0.0000000E+00   0.7950923E-01
      357.00  0.3080986E-01   0.0000000E+00   0.3080986E-01
      366.00  0.1282086E+00   0.0000000E+00   0.1282086E+00
      375.00  0.8749222E-01   0.0000000E+00   0.8749222E-01
      385.00  0.4194549E-01   0.0000000E+00   0.4194549E-01
      395.00  0.7008999E-01   0.0000000E+00   0.7008999E-01
      405.00  0.1237199E+00   0.0000000E+00   0.1237199E+00
      414.00  0.1561457E+00   0.0000000E+00   0.1561457E+00
      422.00  0.9195797E-01   0.0000000E+00   0.9195797E-01
      430.00  0.1190776E+00   0.0000000E+00   0.1190776E+00
      441.00  0.1549657E+00   0.0000000E+00   0.1549657E+00
      451.00  0.4013767E+00   0.0000000E+00   0.4013767E+00
      460.00  0.3558281E+00   0.0000000E+00   0.3558281E+00
      470.00  0.5478099E+00   0.0000000E+00   0.5478099E+00
      480.00  0.2253094E+00   0.0000000E+00   0.2253094E+00
      490.00  0.4344210E+00   0.0000000E+00   0.4344210E+00
      500.00  0.4001181E+00   0.0000000E+00   0.4001181E+00
      504.60  0.3182409E+00   0.0000000E+00   0.3182409E+00
      504.60  0.1618075E+00   0.0000000E+00   0.1618075E+00
      506.00  0.2693137E+00   0.0000000E+00   0.2693137E+00
      512.00  0.5918323E+00   0.0000000E+00   0.5918323E+00
      520.00  0.3987025E+00   0.0000000E+00   0.3987025E+00
      530.00  0.3485264E+00   0.0000000E+00   0.3485264E+00
      540.00  0.1082748E+00   0.0000000E+00   0.1082748E+00
      550.00  0.3408977E-01   0.0000000E+00   0.3408977E-01
      560.00  0.4441602E+00   0.0000000E+00   0.4441602E+00
      570.00  0.3422444E+00   0.0000000E+00   0.3422444E+00
      580.00  0.4198764E+00   0.0000000E+00   0.4198764E+00
      590.00  0.5397935E+00   0.0000000E+00   0.5397935E+00
      600.00  0.3796059E+00   0.0000000E+00   0.3796059E+00
      610.00  0.4545074E+00   0.0000000E+00   0.4545074E+00
      620.00  0.3131199E+00   0.0000000E+00   0.3131199E+00
      630.00  0.2917062E+00   0.0000000E+00   0.2917062E+00
      640.00  0.3952096E+00   0.0000000E+00   0.3952096E+00
      650.00  0.4385336E+00   0.0000000E+00   0.4385336E+00
      658.00  0.2089736E+00   0.0000000E+00   0.2089736E+00
      665.00  0.3223890E+00   0.0000000E+00   0.3223890E+00
      675.00  0.3472300E+00   0.0000000E+00   0.3472300E+00
      685.00  0.3601196E+00   0.0000000E+00   0.3601196E+00
      695.00  0.2950666E+00   0.0000000E+00   0.2950666E+00
      705.00  0.3828225E+00   0.0000000E+00   0.3828225E+00
      716.00  0.5413978E+00   0.0000000E+00   0.5413978E+00
      726.00  0.4320085E+00   0.0000000E+00   0.4320085E+00
      735.00  0.4572416E+00   0.0000000E+00   0.4572416E+00
      745.00  0.2930752E+00   0.0000000E+00   0.2930752E+00
      755.00  0.3353022E+00   0.0000000E+00   0.3353022E+00
      765.00  0.2830704E+00   0.0000000E+00   0.2830704E+00
      775.00  0.4192543E+00   0.0000000E+00   0.4192543E+00
      785.00  0.1172334E+00   0.0000000E+00   0.1172334E+00
      795.00  0.3296614E+00   0.0000000E+00   0.3296614E+00
      805.00  0.4194245E+00   0.0000000E+00   0.4194245E+00
      815.00  0.4012514E+00   0.0000000E+00   0.4012514E+00
      825.00  0.4033978E+00   0.0000000E+00   0.4033978E+00
      835.00  0.3698358E+00   0.0000000E+00   0.3698358E+00
      845.00  0.3552105E+00   0.0000000E+00   0.3552105E+00
      855.00  0.3147290E+00   0.0000000E+00   0.3147290E+00
      865.00  0.3985945E+00   0.0000000E+00   0.3985945E+00
      875.00  0.4354990E+00   0.0000000E+00   0.4354990E+00
      885.00  0.4585259E+00   0.0000000E+00   0.4585259E+00
      895.00  0.3930611E+00   0.0000000E+00   0.3930611E+00
      905.00  0.4021573E+00   0.0000000E+00   0.4021573E+00
      912.40  0.4568911E+00   0.1368806E-12   0.4568911E+00
      912.40  0.1993179E+01   0.1368878E-12   0.1993179E+01
      915.00  0.1909636E+01   0.1568050E-12   0.1909636E+01
      925.00  0.1588314E+01   0.2624091E-12   0.1588314E+01
      935.00  0.2067529E+01   0.4342230E-12   0.2067529E+01
      945.00  0.1143775E+01   0.7107518E-12   0.1143775E+01
      955.00  0.1460232E+01   0.1151182E-11   0.1460232E+01
      965.00  0.1659298E+01   0.1845585E-11   0.1659298E+01
      975.00  0.8878033E+00   0.2929717E-11   0.8878033E+00
      985.00  0.3543966E+00   0.4606285E-11   0.3543966E+00
      995.00  0.1611196E+01   0.7175236E-11   0.1611196E+01
     1005.00  0.1451365E+01   0.1107651E-10   0.1451365E+01
     1015.00  0.1512173E+01   0.1694994E-10   0.1512173E+01
     1025.00  0.1479484E+01   0.2571840E-10   0.1479484E+01
     1035.00  0.1290040E+01   0.3870238E-10   0.1290040E+01
     1045.00  0.1826804E+01   0.5777677E-10   0.1826804E+01
     1055.00  0.1789668E+01   0.8558358E-10   0.1789668E+01
     1065.00  0.1635788E+01   0.1258186E-09   0.1635788E+01
     1075.00  0.1451022E+01   0.1836155E-09   0.1451022E+01
     1085.00  0.1350547E+01   0.2660556E-09   0.1350547E+01
     1095.00  0.1688218E+01   0.3828423E-09   0.1688218E+01
     1105.00  0.1568937E+01   0.5471851E-09   0.1568937E+01
     1115.00  0.9215136E+00   0.7769537E-09   0.9215136E+00
     1125.00  0.6764150E+00   0.1096173E-08   0.6764150E+00
     1135.00  0.1547854E+01   0.1536953E-08   0.1547854E+01
     1145.00  0.1560341E+01   0.2141957E-08   0.1560341E+01
     1155.00  0.7617996E+00   0.2967552E-08   0.7617996E+00
     1165.00  0.7084283E+00   0.4087805E-08   0.7084283E+00
     1175.00  0.9745352E+00   0.5599516E-08   0.9745352E+00
     1185.00  0.1370397E+01   0.7628539E-08   0.1370397E+01
     1195.00  0.1270774E+01   0.1033767E-07   0.1270774E+01
     1205.00  0.1016797E+01   0.1393647E-07   0.1016797E+01
     1215.00  0.9948641E+00   0.1869338E-07   0.9948641E+00
     1225.00  0.1050674E+01   0.4557841E-02   0.1055232E+01
     1235.00  0.1145868E+01   0.8692817E-02   0.1154561E+01
     1245.00  0.9964398E+00   0.1220655E-01   0.1008646E+01
     1255.00  0.9335594E+00   0.1520659E-01   0.9487660E+00
     1265.00  0.1230167E+01   0.1777265E-01   0.1247940E+01
     1275.00  0.1232130E+01   0.1996777E-01   0.1252098E+01
     1285.00  0.8770851E+00   0.2184340E-01   0.8989285E+00
     1295.00  0.8857471E+00   0.2344238E-01   0.9091895E+00
     1305.00  0.1116223E+01   0.2480082E-01   0.1141024E+01
     1315.00  0.8668192E+00   0.2594946E-01   0.8927687E+00
     1325.00  0.7981411E+00   0.2691464E-01   0.8250557E+00
     1335.00  0.1116277E+01   0.2771909E-01   0.1143996E+01
     1345.00  0.7538455E+00   0.2838247E-01   0.7822280E+00
     1355.00  0.1036602E+01   0.2892189E-01   0.1065524E+01
     1365.00  0.9763037E+00   0.2935227E-01   0.1005656E+01
     1375.00  0.8800236E+00   0.2968665E-01   0.9097103E+00
     1385.00  0.8019875E+00   0.2993649E-01   0.8319240E+00
     1395.00  0.6722856E+00   0.3011185E-01   0.7023974E+00
     1405.00  0.9861574E+00   0.3022158E-01   0.1016379E+01
     1415.00  0.7093215E+00   0.3027351E-01   0.7395950E+00
     1425.00  0.5678700E+00   0.3027456E-01   0.5981446E+00
     1435.00  0.7527021E+00   0.3023085E-01   0.7829329E+00
     1442.00  0.7829219E+00   0.3017655E-01   0.8130985E+00
     1447.00  0.7444637E+00   0.3012691E-01   0.7745906E+00
     1455.00  0.7952822E+00   0.3003026E-01   0.8253125E+00
     1465.00  0.6737391E+00   0.2988250E-01   0.7036216E+00
     1475.00  0.7944958E+00   0.2970836E-01   0.8242042E+00
     1485.00  0.6744285E+00   0.2951125E-01   0.7039398E+00
     1495.00  0.7504889E+00   0.2929423E-01   0.7797831E+00
     1505.00  0.6711010E+00   0.2906003E-01   0.7001610E+00
     1512.00  0.5544781E+00   0.2888721E-01   0.5833653E+00
     1517.00  0.6160966E+00   0.2875977E-01   0.6448564E+00
     1525.00  0.4558745E+00   0.2854971E-01   0.4844242E+00
     1535.00  0.4913252E+00   0.2827779E-01   0.5196030E+00
     1545.00  0.2891214E+00   0.2799718E-01   0.3171186E+00
     1555.00  0.6683645E+00   0.2770953E-01   0.6960740E+00
     1565.00  0.3506037E+00   0.2741633E-01   0.3780200E+00
     1575.00  0.5348984E+00   0.2711898E-01   0.5620174E+00
     1585.00  0.3849000E+00   0.2681876E-01   0.4117188E+00
     1595.00  0.5973021E+00   0.2651686E-01   0.6238190E+00
     1605.00  0.6439130E+00   0.2621440E-01   0.6701274E+00
     1615.00  0.6383949E+00   0.2591245E-01   0.6643074E+00
     1625.00  0.6249901E+00   0.2561203E-01   0.6506021E+00
     1635.00  0.6411944E+00   0.2531413E-01   0.6665085E+00
     1645.00  0.6366657E+00   0.2501972E-01   0.6616854E+00
     1655.00  0.6198845E+00   0.2472977E-01   0.6446143E+00
     1665.00  0.6179946E+00   0.2444525E-01   0.6424398E+00
     1672.00  0.5973025E+00   0.2424984E-01   0.6215523E+00
     1677.00  0.6106588E+00   0.2411239E-01   0.6347712E+00
     1685.00  0.5998248E+00   0.2389649E-01   0.6237213E+00
     1695.00  0.5743732E+00   0.2363432E-01   0.5980075E+00
     1705.00  0.5649305E+00   0.2338176E-01   0.5883123E+00
     1715.00  0.5556520E+00   0.2313997E-01   0.5787920E+00
     1725.00  0.5515646E+00   0.2291022E-01   0.5744748E+00
     1735.00  0.5497269E+00   0.2269383E-01   0.5724207E+00
     1745.00  0.5334252E+00   0.2249226E-01   0.5559175E+00
     1755.00  0.5289857E+00   0.2230705E-01   0.5512927E+00
     1765.00  0.5186348E+00   0.2213989E-01   0.5407747E+00
     1775.00  0.4996285E+00   0.2199263E-01   0.5216211E+00
     1785.00  0.5002691E+00   0.2186724E-01   0.5221363E+00
     1795.00  0.5031258E+00   0.2176584E-01   0.5248916E+00
     1805.00  0.5020487E+00   0.2169079E-01   0.5237395E+00
     1815.00  0.4727723E+00   0.2164470E-01   0.4944170E+00
     1825.00  0.4754372E+00   0.2163035E-01   0.4970676E+00
     1835.00  0.4633072E+00   0.2165081E-01   0.4849580E+00
     1845.00  0.4412173E+00   0.2170939E-01   0.4629267E+00
     1855.00  0.4350774E+00   0.2180972E-01   0.4568871E+00
     1865.00  0.4334118E+00   0.2195571E-01   0.4553675E+00
     1875.00  0.4420389E+00   0.2215165E-01   0.4641906E+00
     1885.00  0.4161655E+00   0.2240218E-01   0.4385677E+00
     1895.00  0.4044020E+00   0.2271233E-01   0.4271143E+00
     1905.00  0.4167413E+00   0.2308756E-01   0.4398289E+00
     1915.00  0.3985946E+00   0.2353378E-01   0.4221284E+00
     1925.00  0.3874833E+00   0.2405739E-01   0.4115407E+00
     1935.00  0.3921893E+00   0.2466528E-01   0.4168546E+00
     1945.00  0.3891298E+00   0.2536515E-01   0.4144950E+00
     1955.00  0.3694573E+00   0.2616520E-01   0.3956225E+00
     1967.00  0.3797661E+00   0.2726952E-01   0.4070356E+00
     1976.00  0.3810028E+00   0.2821024E-01   0.4092130E+00
     1984.00  0.3687305E+00   0.2913402E-01   0.3978645E+00
     1995.00  0.3628619E+00   0.3054944E-01   0.3934113E+00
     2005.00  0.3678995E+00   0.3199390E-01   0.3998934E+00
     2015.00  0.3603588E+00   0.3360145E-01   0.3939603E+00
     2025.00  0.3615539E+00   0.3538547E-01   0.3969394E+00
     2035.00  0.3431664E+00   0.3736007E-01   0.3805265E+00
     2045.00  0.3446393E+00   0.3954063E-01   0.3841799E+00
     2055.00  0.3397689E+00   0.1414499E-01   0.3539139E+00
     2065.00  0.3364966E+00   0.1395596E-01   0.3504526E+00
     2074.00  0.3445255E+00   0.1378854E-01   0.3583140E+00
     2078.00  0.3245993E+00   0.1371495E-01   0.3383143E+00
     2085.00  0.3322657E+00   0.1358738E-01   0.3458531E+00
     2095.00  0.3224279E+00   0.1340778E-01   0.3358357E+00
     2105.00  0.3241517E+00   0.1323126E-01   0.3373830E+00
     2115.00  0.3224565E+00   0.1305779E-01   0.3355143E+00
     2125.00  0.3192866E+00   0.1288735E-01   0.3321740E+00
     2135.00  0.3139898E+00   0.1271991E-01   0.3267097E+00
     2145.00  0.3042468E+00   0.1255545E-01   0.3168022E+00
     2155.00  0.3076453E+00   0.1239393E-01   0.3200392E+00
     2165.00  0.3052312E+00   0.1223534E-01   0.3174665E+00
     2175.00  0.3010875E+00   0.1207965E-01   0.3131671E+00
     2185.00  0.2922316E+00   0.1192685E-01   0.3041584E+00
     2195.00  0.2932087E+00   0.1177691E-01   0.3049856E+00
     2205.00  0.2902924E+00   0.1162982E-01   0.3019222E+00
     2215.00  0.2847531E+00   0.1148556E-01   0.2962387E+00
     2225.00  0.2789929E+00   0.1134411E-01   0.2903370E+00
     2235.00  0.2758044E+00   0.1120547E-01   0.2870099E+00
     2245.00  0.2746263E+00   0.1106962E-01   0.2856959E+00
     2255.00  0.2682257E+00   0.1093654E-01   0.2791622E+00
     2265.00  0.2676520E+00   0.1080624E-01   0.2784582E+00
     2275.00  0.2673054E+00   0.1067871E-01   0.2779841E+00
     2285.00  0.2724651E+00   0.1055393E-01   0.2830190E+00
     2295.00  0.2638325E+00   0.1043192E-01   0.2742644E+00
     2305.00  0.2674729E+00   0.1031266E-01   0.2777856E+00
     2315.00  0.2575851E+00   0.1019616E-01   0.2677813E+00
     2325.00  0.2342257E+00   0.1008242E-01   0.2443081E+00
     2335.00  0.2407540E+00   0.9971445E-02   0.2507254E+00
     2345.00  0.2388486E+00   0.9863246E-02   0.2487118E+00
     2355.00  0.2365882E+00   0.9757830E-02   0.2463460E+00
     2365.00  0.2333306E+00   0.9655209E-02   0.2429858E+00
     2375.00  0.2303814E+00   0.9555394E-02   0.2399368E+00
     2385.00  0.2282816E+00   0.9458402E-02   0.2377400E+00
     2395.00  0.2274284E+00   0.9364250E-02   0.2367926E+00
     2405.00  0.2228450E+00   0.9272962E-02   0.2321180E+00
     2415.00  0.2208668E+00   0.9184562E-02   0.2300514E+00
     2425.00  0.2181922E+00   0.9099070E-02   0.2272913E+00
     2435.00  0.2126419E+00   0.9016512E-02   0.2216584E+00
     2445.00  0.2124584E+00   0.8936917E-02   0.2213953E+00
     2455.00  0.2110799E+00   0.8860317E-02   0.2199402E+00
     2465.00  0.2069579E+00   0.8786745E-02   0.2157446E+00
     2475.00  0.2035235E+00   0.8716236E-02   0.2122397E+00
     2485.00  0.2003439E+00   0.8648830E-02   0.2089927E+00
     2495.00  0.1842204E+00   0.8584566E-02   0.1928050E+00
     2505.00  0.1958277E+00   0.8523488E-02   0.2043512E+00
     2513.00  0.1933739E+00   0.8476949E-02   0.2018508E+00
     2518.00  0.1973679E+00   0.8448923E-02   0.2058168E+00
     2525.00  0.1950274E+00   0.8411071E-02   0.2034385E+00
     2535.00  0.1926139E+00   0.8359834E-02   0.2009737E+00
     2545.00  0.1875168E+00   0.8311991E-02   0.1958288E+00
     2555.00  0.1866661E+00   0.8267588E-02   0.1949337E+00
     2565.00  0.1833290E+00   0.8226685E-02   0.1915557E+00
     2575.00  0.1824767E+00   0.8189341E-02   0.1906660E+00
     2585.00  0.1799486E+00   0.8155620E-02   0.1881042E+00
     2595.00  0.1779208E+00   0.8125587E-02   0.1860464E+00
     2605.00  0.1757092E+00   0.7381630E-02   0.1830908E+00
     2615.00  0.1732879E+00   0.7321451E-02   0.1806094E+00
     2625.00  0.1715892E+00   0.7263566E-02   0.1788528E+00
     2635.00  0.1700310E+00   0.7208001E-02   0.1772390E+00
     2645.00  0.1687791E+00   0.7154784E-02   0.1759339E+00
     2655.00  0.1675812E+00   0.7103944E-02   0.1746851E+00
     2665.00  0.1624775E+00   0.7055513E-02   0.1695330E+00
     2675.00  0.1626605E+00   0.7009525E-02   0.1696700E+00
     2685.00  0.1613600E+00   0.6966015E-02   0.1683260E+00
     2695.00  0.1579421E+00   0.6925019E-02   0.1648671E+00
     2705.00  0.1550371E+00   0.6886577E-02   0.1619237E+00
     2715.00  0.1543397E+00   0.6850730E-02   0.1611904E+00
     2725.00  0.1540611E+00   0.6817521E-02   0.1608786E+00
     2735.00  0.1530223E+00   0.6786994E-02   0.1598093E+00
     2745.00  0.1492500E+00   0.6759197E-02   0.1560092E+00
     2755.00  0.1475373E+00   0.6734178E-02   0.1542715E+00
     2765.00  0.1460628E+00   0.6711988E-02   0.1527748E+00
     2775.00  0.1460044E+00   0.6692680E-02   0.1526971E+00
     2785.00  0.1441521E+00   0.6676308E-02   0.1508284E+00
     2795.00  0.1403242E+00   0.6662931E-02   0.1469871E+00
     2805.00  0.1401894E+00   0.6652606E-02   0.1468420E+00
     2815.00  0.1396436E+00   0.6645396E-02   0.1462890E+00
     2825.00  0.1380711E+00   0.6641362E-02   0.1447125E+00
     2835.00  0.1339824E+00   0.6640571E-02   0.1406230E+00
     2845.00  0.1335614E+00   0.6643090E-02   0.1402045E+00
     2855.00  0.1317348E+00   0.6648966E-02   0.1383838E+00
     2865.00  0.1315513E+00   0.6658267E-02   0.1382096E+00
     2875.00  0.1300609E+00   0.6671086E-02   0.1367320E+00
     2885.00  0.1291153E+00   0.6687499E-02   0.1358028E+00
     2895.00  0.1277268E+00   0.6707584E-02   0.1344344E+00
     2910.00  0.1262007E+00   0.6744771E-02   0.1329455E+00
     2930.00  0.1236451E+00   0.6807968E-02   0.1304531E+00
     2950.00  0.1196198E+00   0.6887362E-02   0.1265072E+00
     2970.00  0.1177328E+00   0.6983680E-02   0.1247165E+00
     2990.00  0.1153486E+00   0.7097686E-02   0.1224463E+00
     3010.00  0.1111573E+00   0.7230177E-02   0.1183875E+00
     3030.00  0.1099667E+00   0.7381991E-02   0.1173487E+00
     3050.00  0.1084868E+00   0.7554002E-02   0.1160408E+00
     3070.00  0.1071294E+00   0.7747120E-02   0.1148765E+00
     3090.00  0.1038060E+00   0.7962288E-02   0.1117683E+00
     3110.00  0.1019609E+00   0.8200486E-02   0.1101614E+00
     3130.00  0.9957111E-01   0.8266559E-02   0.1078377E+00
     3150.00  0.9786311E-01   0.8539225E-02   0.1064023E+00
     3170.00  0.9517122E-01   0.8837231E-02   0.1040085E+00
     3190.00  0.9415247E-01   0.9161670E-02   0.1033141E+00
     3210.00  0.9291502E-01   0.9513672E-02   0.1024287E+00
     3230.00  0.9012654E-01   0.9894403E-02   0.1000209E+00
     3250.00  0.8811584E-01   0.1030506E-01   0.9842090E-01
     3270.00  0.8604333E-01   0.1074674E-01   0.9679007E-01
     3290.00  0.8429747E-01   0.1122073E-01   0.9551820E-01
     3310.00  0.8273572E-01   0.1172839E-01   0.9446411E-01
     3330.00  0.8104834E-01   0.1227105E-01   0.9331939E-01
     3350.00  0.7958018E-01   0.1285007E-01   0.9243025E-01
     3370.00  0.7796154E-01   0.1346686E-01   0.9142840E-01
     3390.00  0.7739350E-01   0.1412284E-01   0.9151634E-01
     3410.00  0.7650938E-01   0.1481947E-01   0.9132885E-01
     3430.00  0.7429766E-01   0.1397405E-01   0.8827171E-01
     3450.00  0.7275230E-01   0.1465126E-01   0.8740356E-01
     3470.00  0.7141110E-01   0.1536817E-01   0.8677927E-01
     3490.00  0.7009562E-01   0.1612615E-01   0.8622177E-01
     3510.00  0.6855981E-01   0.1692664E-01   0.8548645E-01
     3530.00  0.6739735E-01   0.1777130E-01   0.8516865E-01
     3550.00  0.6621488E-01   0.1866139E-01   0.8487627E-01
     3570.00  0.6510738E-01   0.1959840E-01   0.8470578E-01
     3590.00  0.6349344E-01   0.2058382E-01   0.8407726E-01
     3610.00  0.6225633E-01   0.2161920E-01   0.8387553E-01
     3630.00  0.6132648E-01   0.2270607E-01   0.8403255E-01
     3640.00  0.6094048E-01   0.2326931E-01   0.8420979E-01
     3650.00  0.6650806E-01   0.2735455E-02   0.6924352E-01
     3670.00  0.6522784E-01   0.2711257E-02   0.6793910E-01
     3690.00  0.6301979E-01   0.2378835E-02   0.6539863E-01
     3710.00  0.6302079E-01   0.2340209E-02   0.6536100E-01
     3730.00  0.6208630E-01   0.2302559E-02   0.6438886E-01
     3750.00  0.6362855E-01   0.2265864E-02   0.6589441E-01
     3770.00  0.6265032E-01   0.2230103E-02   0.6488042E-01
     3790.00  0.6259497E-01   0.2195257E-02   0.6479023E-01
     3810.00  0.6301123E-01   0.2161306E-02   0.6517254E-01
     3830.00  0.5929496E-01   0.2128234E-02   0.6142319E-01
     3850.00  0.6136756E-01   0.2096021E-02   0.6346358E-01
     3870.00  0.6031543E-01   0.2064651E-02   0.6238008E-01
     3890.00  0.5626239E-01   0.2034109E-02   0.5829650E-01
     3910.00  0.5916900E-01   0.2004377E-02   0.6117338E-01
     3930.00  0.5749444E-01   0.1975441E-02   0.5946988E-01
     3950.00  0.5687212E-01   0.1947285E-02   0.5881941E-01
     3970.00  0.5227538E-01   0.1919898E-02   0.5419528E-01
     3990.00  0.5493980E-01   0.1893267E-02   0.5683307E-01
     4010.00  0.5422550E-01   0.1867376E-02   0.5609288E-01
     4030.00  0.5292225E-01   0.1842212E-02   0.5476446E-01
     4050.00  0.5274962E-01   0.1817764E-02   0.5456738E-01
     4070.00  0.5108993E-01   0.1794020E-02   0.5288395E-01
     4090.00  0.4945910E-01   0.1770968E-02   0.5123007E-01
     4110.00  0.4694122E-01   0.1748597E-02   0.4868982E-01
     4130.00  0.4844044E-01   0.1726897E-02   0.5016734E-01
     4150.00  0.4789036E-01   0.1705857E-02   0.4959622E-01
     4170.00  0.4732983E-01   0.1685469E-02   0.4901530E-01
     4190.00  0.4675507E-01   0.1665721E-02   0.4842079E-01
     4210.00  0.4613565E-01   0.1646606E-02   0.4778226E-01
     4230.00  0.4516065E-01   0.1628114E-02   0.4678876E-01
     4250.00  0.4415041E-01   0.1610237E-02   0.4576065E-01
     4270.00  0.4306863E-01   0.1592967E-02   0.4466160E-01
     4290.00  0.4261289E-01   0.1576296E-02   0.4418919E-01
     4310.00  0.4158246E-01   0.1560216E-02   0.4314268E-01
     4330.00  0.4009850E-01   0.1544720E-02   0.4164322E-01
     4350.00  0.3840498E-01   0.1529800E-02   0.3993478E-01
     4370.00  0.3965434E-01   0.1515451E-02   0.4116979E-01
     4390.00  0.3933372E-01   0.1501666E-02   0.4083539E-01
     4410.00  0.3883940E-01   0.1488437E-02   0.4032784E-01
     4430.00  0.3827018E-01   0.1475759E-02   0.3974594E-01
     4450.00  0.3776112E-01   0.1463627E-02   0.3922475E-01
     4470.00  0.3684012E-01   0.1452034E-02   0.3829215E-01
     4490.00  0.3655517E-01   0.1440975E-02   0.3799614E-01
     4510.00  0.3613456E-01   0.1430444E-02   0.3756500E-01
     4530.00  0.3557470E-01   0.1420437E-02   0.3699514E-01
     4550.00  0.3507128E-01   0.1410948E-02   0.3648223E-01
     4570.00  0.3449769E-01   0.1401973E-02   0.3589966E-01
     4590.00  0.3415146E-01   0.1393507E-02   0.3554497E-01
     4610.00  0.3445623E-01   0.1385545E-02   0.3584178E-01
     4630.00  0.3469224E-01   0.1378084E-02   0.3607032E-01
     4650.00  0.3416567E-01   0.1371119E-02   0.3553679E-01
     4670.00  0.3404607E-01   0.1364646E-02   0.3541072E-01
     4690.00  0.3340752E-01   0.1358662E-02   0.3476618E-01
     4710.00  0.3190515E-01   0.1353162E-02   0.3325831E-01
     4730.00  0.3100586E-01   0.1348142E-02   0.3235400E-01
     4750.00  0.3015108E-01   0.1343600E-02   0.3149468E-01
     4770.00  0.2979501E-01   0.1339531E-02   0.3113454E-01
     4790.00  0.2923063E-01   0.1335934E-02   0.3056656E-01
     4810.00  0.2868095E-01   0.1332802E-02   0.3001375E-01
     4830.00  0.2827064E-01   0.1330132E-02   0.2960077E-01
     4850.00  0.2745922E-01   0.1327924E-02   0.2878714E-01
     4870.00  0.2599357E-01   0.1326173E-02   0.2731974E-01
     4890.00  0.2708211E-01   0.1324878E-02   0.2840699E-01
     4910.00  0.2670746E-01   0.1324034E-02   0.2803149E-01
     4930.00  0.2611395E-01   0.1323641E-02   0.2743759E-01
     4950.00  0.2588423E-01   0.1323694E-02   0.2720792E-01
     4970.00  0.2561419E-01   0.1324191E-02   0.2693838E-01
     4990.00  0.2520308E-01   0.1325130E-02   0.2652821E-01
     5010.00  0.2446031E-01   0.1326509E-02   0.2578682E-01
     5030.00  0.2445857E-01   0.1328325E-02   0.2578689E-01
     5050.00  0.2397190E-01   0.1330575E-02   0.2530247E-01
     5070.00  0.2378996E-01   0.1333259E-02   0.2512322E-01
     5090.00  0.2345572E-01   0.1336378E-02   0.2479210E-01
     5110.00  0.2310064E-01   0.1339925E-02   0.2444057E-01
     5130.00  0.2264769E-01   0.1343898E-02   0.2399159E-01
     5150.00  0.2237915E-01   0.1348295E-02   0.2372745E-01
     5170.00  0.2215290E-01   0.1353114E-02   0.2350601E-01
     5190.00  0.2186656E-01   0.1358352E-02   0.2322491E-01
     5210.00  0.2153292E-01   0.1364008E-02   0.2289693E-01
     5230.00  0.2126776E-01   0.1370079E-02   0.2263784E-01
     5250.00  0.2099976E-01   0.1376565E-02   0.2237632E-01
     5270.00  0.2066810E-01   0.1383462E-02   0.2205156E-01
     5290.00  0.2045531E-01   0.1390769E-02   0.2184608E-01
     5310.00  0.2014431E-01   0.1398484E-02   0.2154279E-01
     5330.00  0.1987797E-01   0.1406606E-02   0.2128458E-01
     5350.00  0.1959734E-01   0.1415132E-02   0.2101247E-01
     5370.00  0.1938814E-01   0.1424058E-02   0.2081220E-01
     5390.00  0.1918165E-01   0.1433377E-02   0.2061503E-01
     5410.00  0.1898489E-01   0.1443094E-02   0.2042798E-01
     5430.00  0.1871468E-01   0.1453207E-02   0.2016789E-01
     5450.00  0.1844401E-01   0.1463714E-02   0.1990772E-01
     5470.00  0.1816932E-01   0.1474615E-02   0.1964393E-01
     5490.00  0.1791243E-01   0.1485906E-02   0.1939834E-01
     5510.00  0.1767873E-01   0.1497587E-02   0.1917632E-01
     5530.00  0.1740697E-01   0.1509655E-02   0.1891663E-01
     5550.00  0.1722847E-01   0.1522109E-02   0.1875058E-01
     5570.00  0.1700855E-01   0.1534947E-02   0.1854350E-01
     5590.00  0.1681543E-01   0.1548167E-02   0.1836360E-01
     5610.00  0.1658285E-01   0.1561768E-02   0.1814462E-01
     5630.00  0.1639796E-01   0.1575747E-02   0.1797371E-01
     5650.00  0.1619468E-01   0.1590104E-02   0.1778478E-01
     5670.00  0.1595635E-01   0.1604836E-02   0.1756119E-01
     5690.00  0.1575152E-01   0.1619942E-02   0.1737146E-01
     5710.00  0.1560157E-01   0.8472233E-03   0.1644879E-01
     5730.00  0.1539742E-01   0.8467485E-03   0.1624417E-01
     5750.00  0.1530955E-01   0.8464429E-03   0.1615599E-01
     5770.00  0.1550530E-01   0.8463048E-03   0.1635160E-01
     5790.00  0.1548352E-01   0.8463325E-03   0.1632985E-01
     5810.00  0.1532165E-01   0.8465243E-03   0.1616817E-01
     5830.00  0.1512101E-01   0.8468785E-03   0.1596789E-01
     5850.00  0.1484143E-01   0.8473934E-03   0.1568882E-01
     5870.00  0.1433321E-01   0.8480675E-03   0.1518128E-01
     5890.00  0.1407907E-01   0.8488992E-03   0.1492797E-01
     5910.00  0.1384695E-01   0.8498869E-03   0.1469684E-01
     5930.00  0.1359280E-01   0.8510290E-03   0.1444383E-01
     5950.00  0.1336818E-01   0.8523240E-03   0.1422050E-01
     5970.00  0.1324937E-01   0.8537704E-03   0.1410314E-01
     5990.00  0.1302630E-01   0.8553667E-03   0.1388167E-01
     6010.00  0.1289560E-01   0.8571114E-03   0.1375271E-01
     6030.00  0.1271757E-01   0.8590030E-03   0.1357657E-01
     6050.00  0.1256768E-01   0.8610402E-03   0.1342872E-01
     6070.00  0.1243664E-01   0.8632214E-03   0.1329986E-01
     6090.00  0.1228905E-01   0.8655453E-03   0.1315460E-01
     6110.00  0.1214539E-01   0.8680104E-03   0.1301340E-01
     6130.00  0.1200788E-01   0.8706154E-03   0.1287850E-01
     6150.00  0.1181384E-01   0.8733590E-03   0.1268720E-01
     6170.00  0.1169711E-01   0.8762398E-03   0.1257335E-01
     6190.00  0.1158122E-01   0.8792564E-03   0.1246048E-01
     6210.00  0.1145503E-01   0.8824076E-03   0.1233744E-01
     6230.00  0.1132478E-01   0.8856920E-03   0.1221047E-01
     6250.00  0.1116418E-01   0.8891083E-03   0.1205329E-01
     6270.00  0.1105139E-01   0.8926553E-03   0.1194405E-01
     6290.00  0.1093261E-01   0.8963318E-03   0.1182894E-01
     6310.00  0.1080006E-01   0.9001363E-03   0.1170020E-01
     6330.00  0.1068072E-01   0.9040677E-03   0.1158479E-01
     6350.00  0.1051920E-01   0.9081248E-03   0.1142732E-01
     6370.00  0.1042802E-01   0.9123064E-03   0.1134033E-01
     6390.00  0.1032673E-01   0.9166111E-03   0.1124334E-01
     6410.00  0.1021133E-01   0.9210379E-03   0.1113237E-01
     6430.00  0.1010627E-01   0.9255855E-03   0.1103186E-01
     6450.00  0.9985040E-02   0.9302528E-03   0.1091529E-01
     6470.00  0.9858852E-02   0.9350386E-03   0.1079389E-01
     6490.00  0.9743765E-02   0.9399416E-03   0.1068371E-01
     6510.00  0.9673920E-02   0.9449609E-03   0.1061888E-01
     6530.00  0.9599038E-02   0.9500845E-03   0.1054912E-01
     6550.00  0.9426720E-02   0.9553183E-03   0.1038204E-01
     6570.00  0.8868065E-02   0.9606640E-03   0.9828729E-02
     6590.00  0.9242383E-02   0.9661206E-03   0.1020850E-01
     6610.00  0.9173062E-02   0.9716868E-03   0.1014475E-01
     6630.00  0.9061864E-02   0.9773616E-03   0.1003923E-01
     6650.00  0.8956155E-02   0.9718082E-03   0.9927963E-02
     6670.00  0.8841551E-02   0.9775829E-03   0.9819134E-02
     6690.00  0.8750646E-02   0.9834630E-03   0.9734109E-02
     6710.00  0.8682904E-02   0.9894474E-03   0.9672351E-02
     6730.00  0.8569839E-02   0.9955348E-03   0.9565374E-02
     6750.00  0.8485601E-02   0.1001724E-02   0.9487325E-02
     6770.00  0.8394750E-02   0.1008015E-02   0.9402765E-02
     6790.00  0.8254594E-02   0.1014406E-02   0.9269000E-02
     6810.00  0.8191145E-02   0.1020895E-02   0.9212040E-02
     6830.00  0.8100754E-02   0.1027483E-02   0.9128237E-02
     6850.00  0.8015852E-02   0.1034168E-02   0.9050020E-02
     6870.00  0.7933118E-02   0.1040948E-02   0.8974066E-02
     6890.00  0.7847245E-02   0.1047824E-02   0.8895069E-02
     6910.00  0.7756325E-02   0.1054793E-02   0.8811118E-02
     6930.00  0.7676484E-02   0.1061855E-02   0.8738339E-02
     6950.00  0.7599382E-02   0.1069009E-02   0.8668391E-02
     6970.00  0.7532258E-02   0.1076254E-02   0.8608512E-02
     6990.00  0.7466953E-02   0.1083589E-02   0.8550542E-02
     7010.00  0.7400568E-02   0.1091013E-02   0.8491581E-02
     7030.00  0.7336893E-02   0.1098526E-02   0.8435419E-02
     7050.00  0.7278749E-02   0.1106127E-02   0.8384876E-02
     7070.00  0.7187664E-02   0.1113813E-02   0.8301477E-02
     7090.00  0.7183166E-02   0.1121585E-02   0.8304751E-02
     7110.00  0.7073934E-02   0.1129440E-02   0.8203374E-02
     7130.00  0.6987230E-02   0.1137379E-02   0.8124609E-02
     7150.00  0.6912512E-02   0.1145399E-02   0.8057911E-02
     7170.00  0.6827204E-02   0.1153501E-02   0.7980705E-02
     7190.00  0.6744625E-02   0.1161684E-02   0.7906309E-02
     7210.00  0.6666155E-02   0.1169945E-02   0.7836100E-02
     7230.00  0.6530822E-02   0.1178285E-02   0.7709107E-02
     7250.00  0.6508640E-02   0.1186703E-02   0.7695343E-02
     7270.00  0.6444737E-02   0.1195197E-02   0.7639934E-02
     7290.00  0.6350859E-02   0.1203768E-02   0.7554627E-02
     7310.00  0.6310915E-02   0.1212412E-02   0.7523327E-02
     7330.00  0.6247392E-02   0.1221131E-02   0.7468523E-02
     7350.00  0.6191789E-02   0.1229923E-02   0.7421712E-02
     7370.00  0.6132500E-02   0.1238787E-02   0.7371287E-02
     7390.00  0.6070428E-02   0.1247723E-02   0.7318151E-02
     7410.00  0.6009230E-02   0.1256729E-02   0.7265959E-02
     7430.00  0.5945104E-02   0.1265804E-02   0.7210908E-02
     7450.00  0.5887690E-02   0.1270510E-02   0.7158200E-02
     7470.00  0.5814190E-02   0.1279684E-02   0.7093874E-02
     7490.00  0.5769142E-02   0.1288926E-02   0.7058068E-02
     7510.00  0.5714284E-02   0.1298234E-02   0.7012518E-02
     7530.00  0.5660020E-02   0.1307607E-02   0.6967627E-02
     7550.00  0.5615457E-02   0.1317045E-02   0.6932502E-02
     7570.00  0.5567654E-02   0.1326547E-02   0.6894201E-02
     7590.00  0.5518169E-02   0.1336112E-02   0.6854281E-02
     7610.00  0.5463562E-02   0.1345733E-02   0.6809295E-02
     7630.00  0.5418513E-02   0.1355410E-02   0.6773923E-02
     7650.00  0.5381423E-02   0.1365147E-02   0.6746570E-02
     7670.00  0.5348800E-02   0.1374943E-02   0.6723743E-02
     7690.00  0.5311552E-02   0.1384798E-02   0.6696350E-02
     7710.00  0.5267181E-02   0.1394710E-02   0.6661891E-02
     7730.00  0.5215936E-02   0.1404679E-02   0.6620615E-02
     7750.00  0.5159877E-02   0.1414704E-02   0.6574581E-02
     7770.00  0.5074748E-02   0.1424785E-02   0.6499533E-02
     7790.00  0.5036857E-02   0.1434919E-02   0.6471776E-02
     7810.00  0.4974882E-02   0.1445108E-02   0.6419990E-02
     7830.00  0.4919870E-02   0.1455349E-02   0.6375219E-02
     7850.00  0.4861634E-02   0.1465642E-02   0.6327276E-02
     7870.00  0.4805703E-02   0.1431350E-02   0.6237053E-02
     7890.00  0.4753044E-02   0.1441399E-02   0.6194443E-02
     7910.00  0.4715817E-02   0.1451496E-02   0.6167313E-02
     7930.00  0.4669034E-02   0.1461643E-02   0.6130677E-02
     7950.00  0.4622782E-02   0.1471838E-02   0.6094620E-02
     7970.00  0.4585718E-02   0.1482080E-02   0.6067798E-02
     7990.00  0.4536528E-02   0.1492369E-02   0.6028897E-02
     8010.00  0.4498594E-02   0.1502704E-02   0.6001298E-02
     8030.00  0.4458772E-02   0.1513085E-02   0.5971857E-02
     8050.00  0.4418205E-02   0.1523510E-02   0.5941715E-02
     8070.00  0.4380212E-02   0.1533978E-02   0.5914190E-02
     8090.00  0.4336942E-02   0.1544490E-02   0.5881432E-02
     8110.00  0.4293420E-02   0.1555045E-02   0.5848465E-02
     8130.00  0.4270427E-02   0.1565641E-02   0.5836068E-02
     8150.00  0.4231604E-02   0.1576278E-02   0.5807882E-02
     8170.00  0.4202674E-02   0.1586956E-02   0.5789630E-02
     8190.00  0.4160395E-02   0.1597673E-02   0.5758068E-02
     8210.00  0.4187732E-02   0.1337952E-02   0.5525684E-02
     8230.00  0.4150671E-02   0.2839821E-03   0.4434653E-02
     8250.00  0.4131169E-02   0.2836968E-03   0.4414866E-02
     8270.00  0.4077420E-02   0.2834276E-03   0.4360848E-02
     8290.00  0.4050188E-02   0.2719079E-03   0.4322096E-02
     8310.00  0.4009590E-02   0.2715883E-03   0.4281178E-02
     8330.00  0.3963492E-02   0.2712840E-03   0.4234776E-02
     8350.00  0.3915620E-02   0.2709951E-03   0.4186615E-02
     8370.00  0.3871141E-02   0.2707212E-03   0.4141862E-02
     8390.00  0.3839731E-02   0.2704621E-03   0.4110193E-02
     8410.00  0.3807316E-02   0.2702176E-03   0.4077534E-02
     8430.00  0.3778619E-02   0.2699876E-03   0.4048607E-02
     8450.00  0.3734003E-02   0.2697718E-03   0.4003775E-02
     8470.00  0.3682674E-02   0.2695700E-03   0.3952244E-02
     8490.00  0.3707889E-02   0.2693821E-03   0.3977271E-02
     8510.00  0.3608307E-02   0.2692079E-03   0.3877515E-02
     8530.00  0.3663398E-02   0.2690471E-03   0.3932445E-02
     8550.00  0.3511521E-02   0.2688996E-03   0.3780421E-02
     8570.00  0.3630544E-02   0.2687652E-03   0.3899309E-02
     8590.00  0.3500330E-02   0.2686437E-03   0.3768974E-02
     8610.00  0.3461190E-02   0.2685350E-03   0.3729725E-02
     8630.00  0.3547565E-02   0.2684389E-03   0.3816004E-02
     8650.00  0.3472603E-02   0.2683551E-03   0.3740958E-02
     8670.00  0.3294344E-02   0.2682836E-03   0.3562628E-02
     8690.00  0.3444134E-02   0.2682241E-03   0.3712358E-02
     8710.00  0.3436117E-02   0.2681765E-03   0.3704293E-02
     8730.00  0.3372781E-02   0.2681406E-03   0.3640922E-02
     8750.00  0.3175985E-02   0.2681163E-03   0.3444101E-02
     8770.00  0.3298193E-02   0.2681034E-03   0.3566296E-02
     8790.00  0.3323961E-02   0.2681018E-03   0.3592063E-02
     8810.00  0.3299816E-02   0.2681111E-03   0.3567927E-02
     8830.00  0.3263242E-02   0.2681315E-03   0.3531374E-02
     8850.00  0.3166926E-02   0.2681626E-03   0.3435089E-02
     8870.00  0.3024063E-02   0.2682043E-03   0.3292267E-02
     8890.00  0.3175598E-02   0.2682566E-03   0.3443855E-02
     8910.00  0.3163478E-02   0.2683191E-03   0.3431797E-02
     8930.00  0.3135347E-02   0.2683918E-03   0.3403739E-02
     8950.00  0.3114696E-02   0.2684746E-03   0.3383171E-02
     8970.00  0.3086184E-02   0.2685672E-03   0.3354751E-02
     8990.00  0.3035088E-02   0.2686696E-03   0.3303758E-02
     9010.00  0.2857997E-02   0.2687815E-03   0.3126779E-02
     9030.00  0.2925830E-02   0.2689030E-03   0.3194733E-02
     9050.00  0.2976254E-02   0.2690339E-03   0.3245288E-02
     9070.00  0.2944987E-02   0.2691739E-03   0.3214161E-02
     9090.00  0.2928163E-02   0.2693229E-03   0.3197486E-02
     9110.00  0.2912322E-02   0.2694810E-03   0.3181803E-02
     9130.00  0.2890731E-02   0.2696480E-03   0.3160379E-02
     9150.00  0.2867782E-02   0.2698237E-03   0.3137606E-02
     9170.00  0.2839492E-02   0.2700079E-03   0.3109500E-02
     9190.00  0.2814543E-02   0.2702006E-03   0.3084744E-02
     9210.00  0.2751568E-02   0.2704016E-03   0.3021970E-02
     9230.00  0.2579379E-02   0.2706108E-03   0.2849990E-02
     9250.00  0.2708982E-02   0.2708280E-03   0.2979810E-02
     9270.00  0.2714890E-02   0.2710533E-03   0.2985943E-02
     9290.00  0.2719248E-02   0.2712863E-03   0.2990534E-02
     9310.00  0.2699995E-02   0.2715270E-03   0.2971522E-02
     9330.00  0.2683105E-02   0.2717753E-03   0.2954880E-02
     9350.00  0.2666292E-02   0.2720311E-03   0.2938323E-02
     9370.00  0.2644540E-02   0.2722943E-03   0.2916834E-02
     9390.00  0.2619559E-02   0.2725647E-03   0.2892124E-02
     9410.00  0.2588315E-02   0.2728422E-03   0.2861157E-02
     9430.00  0.2570668E-02   0.2731269E-03   0.2843795E-02
     9450.00  0.2547016E-02   0.2734184E-03   0.2820434E-02
     9470.00  0.2519740E-02   0.2737167E-03   0.2793457E-02
     9490.00  0.2502970E-02   0.2740219E-03   0.2776992E-02
     9510.00  0.2468554E-02   0.2743335E-03   0.2742888E-02
     9530.00  0.2415697E-02   0.2746518E-03   0.2690349E-02
     9550.00  0.2278931E-02   0.2749764E-03   0.2553907E-02
     9570.00  0.2410617E-02   0.2753074E-03   0.2685924E-02
     9590.00  0.2428927E-02   0.2756445E-03   0.2704572E-02
     9610.00  0.2435096E-02   0.2759878E-03   0.2711084E-02
     9630.00  0.2429049E-02   0.2763370E-03   0.2705386E-02
     9650.00  0.2430494E-02   0.2766922E-03   0.2707186E-02
     9670.00  0.2414323E-02   0.2770534E-03   0.2691376E-02
     9690.00  0.2397368E-02   0.2774202E-03   0.2674788E-02
     9710.00  0.2376661E-02   0.2777926E-03   0.2654454E-02
     9730.00  0.2362270E-02   0.2781706E-03   0.2640441E-02
     9750.00  0.2340014E-02   0.2785540E-03   0.2618568E-02
     9770.00  0.2317098E-02   0.2789429E-03   0.2596041E-02
     9790.00  0.2288707E-02   0.2793369E-03   0.2568044E-02
     9810.00  0.2257312E-02   0.2797362E-03   0.2537048E-02
     9830.00  0.2227417E-02   0.2801406E-03   0.2507558E-02
     9850.00  0.2198391E-02   0.2805502E-03   0.2478941E-02
     9870.00  0.2171399E-02   0.2809645E-03   0.2452364E-02
     9890.00  0.2146661E-02   0.2813838E-03   0.2428045E-02
     9910.00  0.2122847E-02   0.2818078E-03   0.2404655E-02
     9930.00  0.2112135E-02   0.2822365E-03   0.2394372E-02
     9950.00  0.2094619E-02   0.2826699E-03   0.2377289E-02
     9970.00  0.2076849E-02   0.2831078E-03   0.2359957E-02
     9990.00  0.2063184E-02   0.2835502E-03   0.2346734E-02
    10025.00  0.2008521E-02   0.2843348E-03   0.2292856E-02
    10075.00  0.1985871E-02   0.2854782E-03   0.2271349E-02
    10125.00  0.2012078E-02   0.2866470E-03   0.2298725E-02
    10175.00  0.1970384E-02   0.2878427E-03   0.2258227E-02
    10225.00  0.1912973E-02   0.2890617E-03   0.2202035E-02
    10275.00  0.1865907E-02   0.2903025E-03   0.2156209E-02
    10325.00  0.1824037E-02   0.2915638E-03   0.2115601E-02
    10375.00  0.1792970E-02   0.2928447E-03   0.2085815E-02
    10425.00  0.1762523E-02   0.2941442E-03   0.2056667E-02
    10475.00  0.1731309E-02   0.2954615E-03   0.2026770E-02
    10525.00  0.1699424E-02   0.2967954E-03   0.1996219E-02
    10575.00  0.1668680E-02   0.2981452E-03   0.1966825E-02
    10625.00  0.1637175E-02   0.2995099E-03   0.1936685E-02
    10675.00  0.1601022E-02   0.3008888E-03   0.1901911E-02
    10725.00  0.1575747E-02   0.3022809E-03   0.1878028E-02
    10775.00  0.1570384E-02   0.3036856E-03   0.1874070E-02
    10825.00  0.1547460E-02   0.3051019E-03   0.1852562E-02
    10875.00  0.1525371E-02   0.3065292E-03   0.1831900E-02
    10925.00  0.1436313E-02   0.3079666E-03   0.1744280E-02
    10975.00  0.1443918E-02   0.3094136E-03   0.1753332E-02
    11025.00  0.1421884E-02   0.3108694E-03   0.1732753E-02
    11075.00  0.1399741E-02   0.3123333E-03   0.1712074E-02
    11125.00  0.1374451E-02   0.3138048E-03   0.1688256E-02
    11175.00  0.1351322E-02   0.2403044E-03   0.1591626E-02
    11225.00  0.1328503E-02   0.2411165E-03   0.1569620E-02
    11275.00  0.1303958E-02   0.2419376E-03   0.1545896E-02
    11325.00  0.1282459E-02   0.2427669E-03   0.1525226E-02
    11375.00  0.1263376E-02   0.2436040E-03   0.1506980E-02
    11425.00  0.1241958E-02   0.2444485E-03   0.1486407E-02
    11475.00  0.1223882E-02   0.2452997E-03   0.1469182E-02
    11525.00  0.1209143E-02   0.2461573E-03   0.1455300E-02
    11575.00  0.1198348E-02   0.2470208E-03   0.1445369E-02
    11625.00  0.1183815E-02   0.2478898E-03   0.1431705E-02
    11675.00  0.1162238E-02   0.2487638E-03   0.1411002E-02
    11725.00  0.1138451E-02   0.2496424E-03   0.1388093E-02
    11775.00  0.1118215E-02   0.2505252E-03   0.1368740E-02
    11825.00  0.1105558E-02   0.2514119E-03   0.1356970E-02
    11875.00  0.1090517E-02   0.2523020E-03   0.1342819E-02
    11925.00  0.1074615E-02   0.2531952E-03   0.1327810E-02
    11975.00  0.1049863E-02   0.2540911E-03   0.1303954E-02
    12025.00  0.1031939E-02   0.2549893E-03   0.1286928E-02
    12075.00  0.1011763E-02   0.2558896E-03   0.1267653E-02
    12125.00  0.9936779E-03   0.2567917E-03   0.1250470E-02
    12175.00  0.9775188E-03   0.2576951E-03   0.1235214E-02
    12225.00  0.9618846E-03   0.2585996E-03   0.1220484E-02
    12275.00  0.9468073E-03   0.2595049E-03   0.1206312E-02
    12325.00  0.9320702E-03   0.2604107E-03   0.1192481E-02
    12375.00  0.9179561E-03   0.2613168E-03   0.1179273E-02
    12425.00  0.9047005E-03   0.2622228E-03   0.1166923E-02
    12475.00  0.8904884E-03   0.2631285E-03   0.1153617E-02
    12525.00  0.8766462E-03   0.2632791E-03   0.1139925E-02
    12575.00  0.8635926E-03   0.2641817E-03   0.1127774E-02
    12625.00  0.8507804E-03   0.2650834E-03   0.1115864E-02
    12675.00  0.8394412E-03   0.2659839E-03   0.1105425E-02
    12725.00  0.8288597E-03   0.2668829E-03   0.1095743E-02
    12775.00  0.8120516E-03   0.2677803E-03   0.1079832E-02
    12825.00  0.7775531E-03   0.2686759E-03   0.1046229E-02
    12875.00  0.7915911E-03   0.2695694E-03   0.1061160E-02
    12925.00  0.7803063E-03   0.2704606E-03   0.1050767E-02
    12975.00  0.7661436E-03   0.2713495E-03   0.1037493E-02
    13025.00  0.7563609E-03   0.2722357E-03   0.1028597E-02
    13075.00  0.7454207E-03   0.2731152E-03   0.1018536E-02
    13125.00  0.7343041E-03   0.2739911E-03   0.1008295E-02
    13175.00  0.7232177E-03   0.2748636E-03   0.9980813E-03
    13225.00  0.7129122E-03   0.2757327E-03   0.9886449E-03
    13275.00  0.7025368E-03   0.2765980E-03   0.9791348E-03
    13325.00  0.6927351E-03   0.2774595E-03   0.9701946E-03
    13375.00  0.6833033E-03   0.2783170E-03   0.9616203E-03
    13425.00  0.6739896E-03   0.2791704E-03   0.9531600E-03
    13475.00  0.6654093E-03   0.2800196E-03   0.9454289E-03
    13525.00  0.6564448E-03   0.2808645E-03   0.9373093E-03
    13575.00  0.6478403E-03   0.2817048E-03   0.9295451E-03
    13625.00  0.6386367E-03   0.2822165E-03   0.9208532E-03
    13675.00  0.6297291E-03   0.2830467E-03   0.9127758E-03
    13725.00  0.6205771E-03   0.2838721E-03   0.9044492E-03
    13775.00  0.6131698E-03   0.2846927E-03   0.8978625E-03
    13825.00  0.6067841E-03   0.2855082E-03   0.8922923E-03
    13875.00  0.5993585E-03   0.2863186E-03   0.8856771E-03
    13925.00  0.5907894E-03   0.2871239E-03   0.8779133E-03
    13975.00  0.5823566E-03   0.2879239E-03   0.8702805E-03
    14025.00  0.5732486E-03   0.2887186E-03   0.8619672E-03
    14075.00  0.5642174E-03   0.2895078E-03   0.8537252E-03
    14125.00  0.5552151E-03   0.2868193E-03   0.8420344E-03
    14175.00  0.5473571E-03   0.2875926E-03   0.8349497E-03
    14225.00  0.5403396E-03   0.2883603E-03   0.8286999E-03
    14275.00  0.5338489E-03   0.2891225E-03   0.8229714E-03
    14325.00  0.5271647E-03   0.2898791E-03   0.8170438E-03
    14375.00  0.5199940E-03   0.2906300E-03   0.8106240E-03
    14425.00  0.5120429E-03   0.2913751E-03   0.8034180E-03
    14475.00  0.5053673E-03   0.2921145E-03   0.7974818E-03
    14525.00  0.4981629E-03   0.2928480E-03   0.7910109E-03
    14570.00  0.4928002E-03   0.2935031E-03   0.7863033E-03
    14620.00  0.4901358E-03   0.1114352E-03   0.6015710E-03
    14675.00  0.4851691E-03   0.1115175E-03   0.5966866E-03
    14725.00  0.4803678E-03   0.1104820E-03   0.5908498E-03
    14775.00  0.4748227E-03   0.1105574E-03   0.5853801E-03
    14825.00  0.4682522E-03   0.1106333E-03   0.5788855E-03
    14875.00  0.4607716E-03   0.1107099E-03   0.5714815E-03
    14925.00  0.4538816E-03   0.1107869E-03   0.5646685E-03
    14975.00  0.4466408E-03   0.1108644E-03   0.5575052E-03
    15025.00  0.4398778E-03   0.1109423E-03   0.5508201E-03
    15075.00  0.4331806E-03   0.1110205E-03   0.5442011E-03
    15125.00  0.4277445E-03   0.1110990E-03   0.5388435E-03
    15175.00  0.4223733E-03   0.1111778E-03   0.5335511E-03
    15225.00  0.4175535E-03   0.1112571E-03   0.5288106E-03
    15275.00  0.4111095E-03   0.1113369E-03   0.5224464E-03
    15325.00  0.4059454E-03   0.1114168E-03   0.5173622E-03
    15375.00  0.4021557E-03   0.1114967E-03   0.5136524E-03
    15425.00  0.3949301E-03   0.1115766E-03   0.5065067E-03
    15475.00  0.3927801E-03   0.1116565E-03   0.5044366E-03
    15525.00  0.3882302E-03   0.1117363E-03   0.4999665E-03
    15575.00  0.3795327E-03   0.1118160E-03   0.4913487E-03
    15625.00  0.3810552E-03   0.1118955E-03   0.4929507E-03
    15675.00  0.3735982E-03   0.1119748E-03   0.4855730E-03
    15725.00  0.3664646E-03   0.1120539E-03   0.4785185E-03
    15775.00  0.3677276E-03   0.1121327E-03   0.4798603E-03
    15825.00  0.3627982E-03   0.1122112E-03   0.4750094E-03
    15875.00  0.3496463E-03   0.1122894E-03   0.4619357E-03
    15925.00  0.3524318E-03   0.1123672E-03   0.4647990E-03
    15975.00  0.3503773E-03   0.1124447E-03   0.4628220E-03
    16050.00  0.3427874E-03   0.1125600E-03   0.4553474E-03
    16150.00  0.3310279E-03   0.1127123E-03   0.4437402E-03
    16250.00  0.3286813E-03   0.1128625E-03   0.4415438E-03
    16350.00  0.3195650E-03   0.1130104E-03   0.4325754E-03
    16450.00  0.3084217E-03   0.1131560E-03   0.4215777E-03
    16550.00  0.3063698E-03   0.1132990E-03   0.4196688E-03
    16650.00  0.2993319E-03   0.1134393E-03   0.4127712E-03
    16750.00  0.2908685E-03   0.1135767E-03   0.4044452E-03
    16850.00  0.2813464E-03   0.1137112E-03   0.3950576E-03
    16950.00  0.2803672E-03   0.1138425E-03   0.3942097E-03
    17050.00  0.2729832E-03   0.1139707E-03   0.3869539E-03
    17150.00  0.2682692E-03   0.1140955E-03   0.3823647E-03
    17250.00  0.2649254E-03   0.1142169E-03   0.3791423E-03
    17350.00  0.2540380E-03   0.1143348E-03   0.3683728E-03
    17450.00  0.2521295E-03   0.1144491E-03   0.3665786E-03
    17550.00  0.2454115E-03   0.1145598E-03   0.3599713E-03
    17650.00  0.2393733E-03   0.1146668E-03   0.3540401E-03
    17750.00  0.2340309E-03   0.1147701E-03   0.3488010E-03
    17850.00  0.2293358E-03   0.1148695E-03   0.3442053E-03
    17950.00  0.2249515E-03   0.1149651E-03   0.3399166E-03
    18050.00  0.2197946E-03   0.1150568E-03   0.3348514E-03
    18150.00  0.2105349E-03   0.1151446E-03   0.3256795E-03
    18250.00  0.2091518E-03   0.1152287E-03   0.3243805E-03
    18350.00  0.2055962E-03   0.1153117E-03   0.3209079E-03
    18450.00  0.2028964E-03   0.1153904E-03   0.3182868E-03
    18550.00  0.2050391E-03   0.1024076E-03   0.3074467E-03
    18650.00  0.2047121E-03   0.1024498E-03   0.3071619E-03
    18750.00  0.1955391E-03   0.1024889E-03   0.2980280E-03
    18850.00  0.1908765E-03   0.1025248E-03   0.2934013E-03
    18950.00  0.1832952E-03   0.1025575E-03   0.2858527E-03
    19050.00  0.1780716E-03   0.1025870E-03   0.2806586E-03
    19150.00  0.1744168E-03   0.1026133E-03   0.2770301E-03
    19250.00  0.1708629E-03   0.1026364E-03   0.2734993E-03
    19350.00  0.1673312E-03   0.1026563E-03   0.2699875E-03
    19450.00  0.1603680E-03   0.1026730E-03   0.2630410E-03
    19550.00  0.1606221E-03   0.1026865E-03   0.2633086E-03
    19650.00  0.1576191E-03   0.1026968E-03   0.2603159E-03
    19750.00  0.1544178E-03   0.1027040E-03   0.2571218E-03
    19850.00  0.1514677E-03   0.1027080E-03   0.2541757E-03
    19950.00  0.1487140E-03   0.1027089E-03   0.2514229E-03
    20050.00  0.1459409E-03   0.1027066E-03   0.2486475E-03
    20150.00  0.1431621E-03   0.1027012E-03   0.2458633E-03
    20250.00  0.1404087E-03   0.1025947E-03   0.2430034E-03
    20350.00  0.1376574E-03   0.1025834E-03   0.2402408E-03
    20450.00  0.1360750E-03   0.1025691E-03   0.2386441E-03
    20550.00  0.1371985E-03   0.1025517E-03   0.2397502E-03
    20650.00  0.1371418E-03   0.1025313E-03   0.2396731E-03
    20750.00  0.1346370E-03   0.1025080E-03   0.2371450E-03
    20850.00  0.1312726E-03   0.1024817E-03   0.2337543E-03
    20950.00  0.1272353E-03   0.1024526E-03   0.2296879E-03
    21050.00  0.1231986E-03   0.1024205E-03   0.2256191E-03
    21150.00  0.1195591E-03   0.1023855E-03   0.2219446E-03
    21250.00  0.1170505E-03   0.1023477E-03   0.2193982E-03
    21350.00  0.1146626E-03   0.1023072E-03   0.2169698E-03
    21450.00  0.1125596E-03   0.1022638E-03   0.2148234E-03
    21550.00  0.1106019E-03   0.1021718E-03   0.2127737E-03
    21650.00  0.1063541E-03   0.1021233E-03   0.2084774E-03
    21750.00  0.1071584E-03   0.1020720E-03   0.2092304E-03
    21850.00  0.1056273E-03   0.1020182E-03   0.2076455E-03
    21950.00  0.1036145E-03   0.1019617E-03   0.2055762E-03
    22050.00  0.1013541E-03   0.1019026E-03   0.2032567E-03
    22150.00  0.9929254E-04   0.1018410E-03   0.2011335E-03
    22250.00  0.9739323E-04   0.1012905E-03   0.1986838E-03
    22350.00  0.9570052E-04   0.1012256E-03   0.1969261E-03
    22450.00  0.9410202E-04   0.1011582E-03   0.1952602E-03
    22550.00  0.9267875E-04   0.1010883E-03   0.1937671E-03
    22650.00  0.9119728E-04   0.1010162E-03   0.1922134E-03
    22750.00  0.8961977E-04   0.1009416E-03   0.1905614E-03
    22850.00  0.8822117E-04   0.6182398E-04   0.1500452E-03
    22950.00  0.8667895E-04   0.6156906E-04   0.1482480E-03
    23050.00  0.8525123E-04   0.6150258E-04   0.1467538E-03
    23150.00  0.8385734E-04   0.6143529E-04   0.1452926E-03
    23250.00  0.8247095E-04   0.6136722E-04   0.1438382E-03
    23350.00  0.8120299E-04   0.6129836E-04   0.1425013E-03
    23450.00  0.7991937E-04   0.6122872E-04   0.1411481E-03
    23550.00  0.7847899E-04   0.6115830E-04   0.1396373E-03
    23650.00  0.7709753E-04   0.6108713E-04   0.1381847E-03
    23750.00  0.7576627E-04   0.6101520E-04   0.1367815E-03
    23850.00  0.7448422E-04   0.6094252E-04   0.1354267E-03
    23950.00  0.7367984E-04   0.6086910E-04   0.1345489E-03
    24050.00  0.7344231E-04   0.6079495E-04   0.1342373E-03
    24150.00  0.7263748E-04   0.6072008E-04   0.1333576E-03
    24250.00  0.7152274E-04   0.6064449E-04   0.1321672E-03
    24350.00  0.6998105E-04   0.6056820E-04   0.1305493E-03
    24450.00  0.6835873E-04   0.6049122E-04   0.1288499E-03
    24550.00  0.6702308E-04   0.6041355E-04   0.1274366E-03
    24650.00  0.6564980E-04   0.6033520E-04   0.1259850E-03
    24750.00  0.6443780E-04   0.6025619E-04   0.1246940E-03
    24850.00  0.6362539E-04   0.6017652E-04   0.1238019E-03
    24950.00  0.6215080E-04   0.6009620E-04   0.1222470E-03
    25050.00  0.6175069E-04   0.6001524E-04   0.1217659E-03
    25150.00  0.6069808E-04   0.5993366E-04   0.1206317E-03
    25250.00  0.5918174E-04   0.5985146E-04   0.1190332E-03
    25350.00  0.5884136E-04   0.5976865E-04   0.1186100E-03
    25450.00  0.5807708E-04   0.5968524E-04   0.1177623E-03
    25550.00  0.5713280E-04   0.5960125E-04   0.1167340E-03
    25650.00  0.5564137E-04   0.5951667E-04   0.1151580E-03
    25750.00  0.5543781E-04   0.5943153E-04   0.1148693E-03
    25850.00  0.5468350E-04   0.5934584E-04   0.1140293E-03
    25950.00  0.5398858E-04   0.5925959E-04   0.1132482E-03
    26050.00  0.5321588E-04   0.5917280E-04   0.1123887E-03
    26150.00  0.5187017E-04   0.5908549E-04   0.1109557E-03
    26250.00  0.5067112E-04   0.5899766E-04   0.1096688E-03
    26350.00  0.5097635E-04   0.5890932E-04   0.1098857E-03
    26450.00  0.5016982E-04   0.5882049E-04   0.1089903E-03
    26550.00  0.4930247E-04   0.5873117E-04   0.1080336E-03
    26650.00  0.4846999E-04   0.5864136E-04   0.1071114E-03
    26750.00  0.4699717E-04   0.5855109E-04   0.1055483E-03
    26850.00  0.4710505E-04   0.5846036E-04   0.1055654E-03
    26950.00  0.4656083E-04   0.5836919E-04   0.1049300E-03
    27050.00  0.4589789E-04   0.5827757E-04   0.1041755E-03
    27150.00  0.4522524E-04   0.5818552E-04   0.1034108E-03
    27250.00  0.4455506E-04   0.5809305E-04   0.1026481E-03
    27350.00  0.4392681E-04   0.5800017E-04   0.1019270E-03
    27450.00  0.4329107E-04   0.5790689E-04   0.1011980E-03
    27550.00  0.4193889E-04   0.5781322E-04   0.9975211E-04
    27650.00  0.4183602E-04   0.5450819E-04   0.9634421E-04
    27750.00  0.4145094E-04   0.5441821E-04   0.9586915E-04
    27850.00  0.4095429E-04   0.5432792E-04   0.9528221E-04
    27950.00  0.4061499E-04   0.5423731E-04   0.9485230E-04
    28050.00  0.4046384E-04   0.5414640E-04   0.9461024E-04
    28150.00  0.4017671E-04   0.5405519E-04   0.9423190E-04
    28250.00  0.3965085E-04   0.5396370E-04   0.9361455E-04
    28350.00  0.3895559E-04   0.5387192E-04   0.9282751E-04
    28450.00  0.3816998E-04   0.5377988E-04   0.9194986E-04
    28550.00  0.3742292E-04   0.5368756E-04   0.9111048E-04
    28650.00  0.3671189E-04   0.5359499E-04   0.9030688E-04
    28750.00  0.3555216E-04   0.5350217E-04   0.8905433E-04
    28850.00  0.3575682E-04   0.5340911E-04   0.8916593E-04
    28950.00  0.3528467E-04   0.5331581E-04   0.8860048E-04
    29050.00  0.3479983E-04   0.5322228E-04   0.8802211E-04
    29150.00  0.3431189E-04   0.5312854E-04   0.8744043E-04
    29250.00  0.3383498E-04   0.5303457E-04   0.8686955E-04
    29350.00  0.3339822E-04   0.5294040E-04   0.8633862E-04
    29450.00  0.3294606E-04   0.5284603E-04   0.8579209E-04
    29550.00  0.3250235E-04   0.5275147E-04   0.8525382E-04
    29650.00  0.3205989E-04   0.5265672E-04   0.8471661E-04
    29750.00  0.3162829E-04   0.5254280E-04   0.8417109E-04
    29850.00  0.3121754E-04   0.5244773E-04   0.8366527E-04
    29950.00  0.3081446E-04   0.5235249E-04   0.8316695E-04
    30050.00  0.3042135E-04   0.5225709E-04   0.8267844E-04
    30150.00  0.3004828E-04   0.5216154E-04   0.8220982E-04
    30250.00  0.2966478E-04   0.5206584E-04   0.8173062E-04
    30350.00  0.2878935E-04   0.5197000E-04   0.8075935E-04
    30450.00  0.2882863E-04   0.5187402E-04   0.8070265E-04
    30550.00  0.2908331E-04   0.5177792E-04   0.8086123E-04
    30650.00  0.2969400E-04   0.5168169E-04   0.8137569E-04
    30750.00  0.2993523E-04   0.5158535E-04   0.8152058E-04
    30850.00  0.2973413E-04   0.5148889E-04   0.8122302E-04
    30950.00  0.2922317E-04   0.5139233E-04   0.8061550E-04
    31050.00  0.2840663E-04   0.5129567E-04   0.7970230E-04
    31150.00  0.2747274E-04   0.5119891E-04   0.7867165E-04
    31250.00  0.2669924E-04   0.5110207E-04   0.7780131E-04
    31350.00  0.2615217E-04   0.5099530E-04   0.7714747E-04
    31450.00  0.2572092E-04   0.5089834E-04   0.7661926E-04
    31550.00  0.2533124E-04   0.5080129E-04   0.7613253E-04
    31650.00  0.2495244E-04   0.5070419E-04   0.7565663E-04
    31750.00  0.2459785E-04   0.5060701E-04   0.7520486E-04
    31850.00  0.2428132E-04   0.5050979E-04   0.7479111E-04
    31950.00  0.2397878E-04   0.5041250E-04   0.7439128E-04
    32100.00  0.2353799E-04   0.5016865E-04   0.7370664E-04
    32300.00  0.2298103E-04   0.4997463E-04   0.7295566E-04
    32500.00  0.2281871E-04   0.4978048E-04   0.7259919E-04
    32700.00  0.2244061E-04   0.4958624E-04   0.7202685E-04
    32900.00  0.2164469E-04   0.3837467E-04   0.6001936E-04
    33100.00  0.2115321E-04   0.3818030E-04   0.5933351E-04
    33300.00  0.2048245E-04   0.3802957E-04   0.5851202E-04
    33500.00  0.1995382E-04   0.3787898E-04   0.5783280E-04
    33700.00  0.1951020E-04   0.3772855E-04   0.5723875E-04
    33900.00  0.1906681E-04   0.3757829E-04   0.5664510E-04
    34100.00  0.1862546E-04   0.3742823E-04   0.5605369E-04
    34300.00  0.1822356E-04   0.3727838E-04   0.5550194E-04
    34500.00  0.1783492E-04   0.3712875E-04   0.5496367E-04
    34700.00  0.1745225E-04   0.3697937E-04   0.5443162E-04
    34900.00  0.1704397E-04   0.3683026E-04   0.5387423E-04
    35100.00  0.1665712E-04   0.3668141E-04   0.5333853E-04
    35300.00  0.1633568E-04   0.3653287E-04   0.5286855E-04
    35500.00  0.1597556E-04   0.3638462E-04   0.5236018E-04
    35700.00  0.1558647E-04   0.3623670E-04   0.5182317E-04
    35900.00  0.1524697E-04   0.3608911E-04   0.5133608E-04
    36100.00  0.1488509E-04   0.3594187E-04   0.5082696E-04
    36300.00  0.1458452E-04   0.3579498E-04   0.5037950E-04
    36500.00  0.1422184E-04   0.3564847E-04   0.4987031E-04
    36700.00  0.1399454E-04   0.3550234E-04   0.4949688E-04
    36900.00  0.1366898E-04   0.3535661E-04   0.4902559E-04
    37100.00  0.1344278E-04   0.3521128E-04   0.4865406E-04
    37300.00  0.1310824E-04   0.3506637E-04   0.4817461E-04
    37500.00  0.1272318E-04   0.3492188E-04   0.4764506E-04
    37700.00  0.1261317E-04   0.3477783E-04   0.4739100E-04
    37900.00  0.1235369E-04   0.3463422E-04   0.4698791E-04
    38100.00  0.1206368E-04   0.3449107E-04   0.4655475E-04
    38300.00  0.1189106E-04   0.3434838E-04   0.4623944E-04
    38500.00  0.1168996E-04   0.3420616E-04   0.4589612E-04
    38700.00  0.1143893E-04   0.3306689E-04   0.4450582E-04
    38900.00  0.1117457E-04   0.3292998E-04   0.4410455E-04
    39100.00  0.1085965E-04   0.3279355E-04   0.4365320E-04
    39300.00  0.1072133E-04   0.3265761E-04   0.4337894E-04
    39500.00  0.1050829E-04   0.3252216E-04   0.4303045E-04
    39700.00  0.1031009E-04   0.3238721E-04   0.4269730E-04
    39900.00  0.1015518E-04   0.3225277E-04   0.4240795E-04
    40100.00  0.1007950E-04   0.3211884E-04   0.4219834E-04
    40300.00  0.1002212E-04   0.3198542E-04   0.4200754E-04
    40500.00  0.9773758E-05   0.3185252E-04   0.4162628E-04
    40700.00  0.9592172E-05   0.3172015E-04   0.4131232E-04
    40900.00  0.9297521E-05   0.3158831E-04   0.4088583E-04
    41100.00  0.9061976E-05   0.3145232E-04   0.4051429E-04
    41300.00  0.8863211E-05   0.3132156E-04   0.4018477E-04
    41500.00  0.8699176E-05   0.3119134E-04   0.3989051E-04
    41700.00  0.8461086E-05   0.3106166E-04   0.3952274E-04
    41900.00  0.8427318E-05   0.3093253E-04   0.3935984E-04
    42100.00  0.8294217E-05   0.3080394E-04   0.3909816E-04
    42300.00  0.8126531E-05   0.3067591E-04   0.3880244E-04
    42500.00  0.7977756E-05   0.3054843E-04   0.3852619E-04
    42700.00  0.7984503E-05   0.3042151E-04   0.3840602E-04
    42900.00  0.7893345E-05   0.3029515E-04   0.3818849E-04
    43100.00  0.7718830E-05   0.3016690E-04   0.3788573E-04
    43300.00  0.7502375E-05   0.3004165E-04   0.3754402E-04
    43500.00  0.7289764E-05   0.2991695E-04   0.3720672E-04
    43700.00  0.7045399E-05   0.2979283E-04   0.3683823E-04
    43900.00  0.6969034E-05   0.2964400E-04   0.3661303E-04
    44100.00  0.6851285E-05   0.2952121E-04   0.3637249E-04
    44300.00  0.6721747E-05   0.2939899E-04   0.3612074E-04
    44500.00  0.6596535E-05   0.2927734E-04   0.3587387E-04
    44700.00  0.6485779E-05   0.2830377E-04   0.3478955E-04
    44900.00  0.6372778E-05   0.2526316E-04   0.3163594E-04
    45100.00  0.6260134E-05   0.2516016E-04   0.3142030E-04
    45300.00  0.6156453E-05   0.2505766E-04   0.3121411E-04
    45500.00  0.6052018E-05   0.2495564E-04   0.3100766E-04
    45700.00  0.5951338E-05   0.2485412E-04   0.3080545E-04
    45900.00  0.5855353E-05   0.2475308E-04   0.3060844E-04
    46100.00  0.5782606E-05   0.2465254E-04   0.3043515E-04
    46300.00  0.5717532E-05   0.2455249E-04   0.3027002E-04
    46500.00  0.5543428E-05   0.2445292E-04   0.2999635E-04
    46700.00  0.5447556E-05   0.2435385E-04   0.2980140E-04
    46900.00  0.5414159E-05   0.2425526E-04   0.2966942E-04
    47100.00  0.5407455E-05   0.2415716E-04   0.2956462E-04
    47300.00  0.5473120E-05   0.2405955E-04   0.2953267E-04
    47500.00  0.5448322E-05   0.2396242E-04   0.2941075E-04
    47700.00  0.5329021E-05   0.2386578E-04   0.2919481E-04
    47900.00  0.5139316E-05   0.2376963E-04   0.2890894E-04
    48100.00  0.4956210E-05   0.2367395E-04   0.2863016E-04
    48300.00  0.4827972E-05   0.2357876E-04   0.2840674E-04
    48500.00  0.4735130E-05   0.2348405E-04   0.2821918E-04
    48700.00  0.4657809E-05   0.2338982E-04   0.2804763E-04
    48900.00  0.4584238E-05   0.2329607E-04   0.2788031E-04
    49100.00  0.4514167E-05   0.2320280E-04   0.2771697E-04
    49300.00  0.4442598E-05   0.2311000E-04   0.2755260E-04
    49500.00  0.4374822E-05   0.2301768E-04   0.2739250E-04
    49700.00  0.4314223E-05   0.2292583E-04   0.2724005E-04
    49900.00  0.4244514E-05   0.2283445E-04   0.2707897E-04
    50100.00  0.4185445E-05   0.2274355E-04   0.2692899E-04
    50300.00  0.4138343E-05   0.2265311E-04   0.2679145E-04
    50500.00  0.4092807E-05   0.2256314E-04   0.2665595E-04
    50700.00  0.4051283E-05   0.2247364E-04   0.2652492E-04
    50900.00  0.4015090E-05   0.2238460E-04   0.2639969E-04
    51100.00  0.3974911E-05   0.2229602E-04   0.2627093E-04
    51300.00  0.3881596E-05   0.2220791E-04   0.2608950E-04
    51500.00  0.3896383E-05   0.2175307E-04   0.2564946E-04
    51700.00  0.3858619E-05   0.2166748E-04   0.2552610E-04
    51900.00  0.3824020E-05   0.2158234E-04   0.2540636E-04
    52100.00  0.3790523E-05   0.2149764E-04   0.2528816E-04
    52300.00  0.3754610E-05   0.2141338E-04   0.2516799E-04
    52500.00  0.3716719E-05   0.2132957E-04   0.2504628E-04
    52700.00  0.3678613E-05   0.2124619E-04   0.2492480E-04
    52900.00  0.3641252E-05   0.2116326E-04   0.2480451E-04
    53100.00  0.3605854E-05   0.2108076E-04   0.2468661E-04
    53300.00  0.3571776E-05   0.2099869E-04   0.2457047E-04
    53500.00  0.3538786E-05   0.2091706E-04   0.2445585E-04
    53700.00  0.3506932E-05   0.2083586E-04   0.2434279E-04
    53900.00  0.3476129E-05   0.2075509E-04   0.2423122E-04
    54100.00  0.3446986E-05   0.2067474E-04   0.2412173E-04
    54300.00  0.3419111E-05   0.2059333E-04   0.2401244E-04
    54500.00  0.3391553E-05   0.2051381E-04   0.2390536E-04
    54700.00  0.3391979E-05   0.2043472E-04   0.2382670E-04
    54900.00  0.3407675E-05   0.2035604E-04   0.2376372E-04
    55100.00  0.3379024E-05   0.2027779E-04   0.2365681E-04
    55300.00  0.3354730E-05   0.2019994E-04   0.2355467E-04
    55500.00  0.3341434E-05   0.2012252E-04   0.2346395E-04
    55700.00  0.3310054E-05   0.2004550E-04   0.2335555E-04
    55900.00  0.3262881E-05   0.1996889E-04   0.2323177E-04
    56100.00  0.3207137E-05   0.1989269E-04   0.2309983E-04
    56300.00  0.3155688E-05   0.1981690E-04   0.2297259E-04
    56500.00  0.3115878E-05   0.1974089E-04   0.2285677E-04
    56700.00  0.3084676E-05   0.1966586E-04   0.2275054E-04
    56900.00  0.3056849E-05   0.1959124E-04   0.2264808E-04
    57100.00  0.3036174E-05   0.1951701E-04   0.2255318E-04
    57300.00  0.3018628E-05   0.1944317E-04   0.2246180E-04
    57500.00  0.2995216E-05   0.1936191E-04   0.2235712E-04
    57700.00  0.2969463E-05   0.1928894E-04   0.2225840E-04
    57900.00  0.2942483E-05   0.1921636E-04   0.2215884E-04
    58100.00  0.2915291E-05   0.1914417E-04   0.2205946E-04
    58300.00  0.2890915E-05   0.1907236E-04   0.2196327E-04
    58500.00  0.2872925E-05   0.1751182E-04   0.2038474E-04
    58700.00  0.2857224E-05   0.1744307E-04   0.2030030E-04
    58900.00  0.2836882E-05   0.1737872E-04   0.2021560E-04
    59100.00  0.2785575E-05   0.1731471E-04   0.2010029E-04
    59300.00  0.2799834E-05   0.1725104E-04   0.2005087E-04
    59500.00  0.2774233E-05   0.1718770E-04   0.1996194E-04
    59700.00  0.2744825E-05   0.1712470E-04   0.1986953E-04
    59900.00  0.2718444E-05   0.1706203E-04   0.1978048E-04
    60100.00  0.2694414E-05   0.1699970E-04   0.1969411E-04
    60300.00  0.2672159E-05   0.1693769E-04   0.1960985E-04
    60500.00  0.2651451E-05   0.1687601E-04   0.1952746E-04
    60700.00  0.2631324E-05   0.1681466E-04   0.1944598E-04
    60900.00  0.2610301E-05   0.1675363E-04   0.1936393E-04
    61100.00  0.2590637E-05   0.1669292E-04   0.1928356E-04
    61300.00  0.2572676E-05   0.1663254E-04   0.1920521E-04
    61500.00  0.2554252E-05   0.1657247E-04   0.1912672E-04
    61700.00  0.2535847E-05   0.1651272E-04   0.1904856E-04
    61900.00  0.2518210E-05   0.1645328E-04   0.1897149E-04
    62100.00  0.2501226E-05   0.1639415E-04   0.1889538E-04
    62300.00  0.2484221E-05   0.1633534E-04   0.1881956E-04
    62500.00  0.2467188E-05   0.1627684E-04   0.1874402E-04
    62700.00  0.2449503E-05   0.1621864E-04   0.1866814E-04
    62900.00  0.2431775E-05   0.1616075E-04   0.1859253E-04
    63100.00  0.2414056E-05   0.1610316E-04   0.1851722E-04
    63300.00  0.2396434E-05   0.1604588E-04   0.1844231E-04
    63500.00  0.2378999E-05   0.1598890E-04   0.1836789E-04
    63700.00  0.2361775E-05   0.1593221E-04   0.1829399E-04
    63900.00  0.2345021E-05   0.1587582E-04   0.1822084E-04
    64200.00  0.2320856E-05   0.1579179E-04   0.1811265E-04
    64600.00  0.2290394E-05   0.1568078E-04   0.1797117E-04
    65000.00  0.2262739E-05   0.1557092E-04   0.1783366E-04
    65400.00  0.2233391E-05   0.1546220E-04   0.1769559E-04
    65800.00  0.2200400E-05   0.1535461E-04   0.1755501E-04
    66200.00  0.2169624E-05   0.1509536E-04   0.1726499E-04
    66600.00  0.2141468E-05   0.1499121E-04   0.1713268E-04
    67000.00  0.2112793E-05   0.1488814E-04   0.1700093E-04
    67400.00  0.2085775E-05   0.1478613E-04   0.1687190E-04
    67800.00  0.2058678E-05   0.1468517E-04   0.1674385E-04
    68200.00  0.2030879E-05   0.1458525E-04   0.1661612E-04
    68600.00  0.2029613E-05   0.1448635E-04   0.1651596E-04
    69000.00  0.2087738E-05   0.1438846E-04   0.1647620E-04
    69400.00  0.2072999E-05   0.1429099E-04   0.1636399E-04
    69800.00  0.1997862E-05   0.1419507E-04   0.1619294E-04
    70200.00  0.1926272E-05   0.1410014E-04   0.1602641E-04
    70600.00  0.1885654E-05   0.1400616E-04   0.1589182E-04
    71000.00  0.1858991E-05   0.1391314E-04   0.1577214E-04
    71400.00  0.1838868E-05   0.1382107E-04   0.1565993E-04
    71800.00  0.1821029E-05   0.1372981E-04   0.1555084E-04
    72200.00  0.1797426E-05   0.1363958E-04   0.1543700E-04
    72600.00  0.1770185E-05   0.1355025E-04   0.1532043E-04
    73000.00  0.1745417E-05   0.1345901E-04   0.1520442E-04
    73400.00  0.1724280E-05   0.1337147E-04   0.1509575E-04
    73800.00  0.1714994E-05   0.1328481E-04   0.1499981E-04
    74200.00  0.1725888E-05   0.1254451E-04   0.1427040E-04
    74600.00  0.1705923E-05   0.1246454E-04   0.1417047E-04
    75000.00  0.1670206E-05   0.1238536E-04   0.1405557E-04
    75400.00  0.1637726E-05   0.1230696E-04   0.1394469E-04
    75800.00  0.1605510E-05   0.1222934E-04   0.1383485E-04
    76200.00  0.1581891E-05   0.1215247E-04   0.1373436E-04
    76600.00  0.1561970E-05   0.1207635E-04   0.1363832E-04
    77000.00  0.1542774E-05   0.1200097E-04   0.1354375E-04
    77400.00  0.1523933E-05   0.1192633E-04   0.1345027E-04
    77800.00  0.1505331E-05   0.1185242E-04   0.1335775E-04
    78200.00  0.1487592E-05   0.1177921E-04   0.1326681E-04
    78600.00  0.1469648E-05   0.1170672E-04   0.1317637E-04
    79000.00  0.1451569E-05   0.1163492E-04   0.1308649E-04
    79400.00  0.1434070E-05   0.1156382E-04   0.1299789E-04
    79800.00  0.1418138E-05   0.1149339E-04   0.1291153E-04
    80200.00  0.1402424E-05   0.1142364E-04   0.1282606E-04
    80600.00  0.1384833E-05   0.1135455E-04   0.1273939E-04
    81000.00  0.1366750E-05   0.1128612E-04   0.1265287E-04
    81400.00  0.1350104E-05   0.1121834E-04   0.1256845E-04
    81800.00  0.1334585E-05   0.1115121E-04   0.1248579E-04
    82200.00  0.1317654E-05   0.1108470E-04   0.1240236E-04
    82600.00  0.1300589E-05   0.1094849E-04   0.1224908E-04
    83000.00  0.1283870E-05   0.1088372E-04   0.1216759E-04
    83400.00  0.1267890E-05   0.1081957E-04   0.1208746E-04
    83800.00  0.1252354E-05   0.1075601E-04   0.1200836E-04
    84200.00  0.1236569E-05   0.1069304E-04   0.1192961E-04
    84600.00  0.1220843E-05   0.1063066E-04   0.1185150E-04
    85000.00  0.1205469E-05   0.1056886E-04   0.1177433E-04
    85400.00  0.1194726E-05   0.1050763E-04   0.1170235E-04
    85800.00  0.1185705E-05   0.1044696E-04   0.1163266E-04
    86200.00  0.1169287E-05   0.1038665E-04   0.1155594E-04
    86600.00  0.1152019E-05   0.1032709E-04   0.1147911E-04
    87000.00  0.1136114E-05   0.1026807E-04   0.1140419E-04
    87400.00  0.1119887E-05   0.1020959E-04   0.1132948E-04
    87800.00  0.1104535E-05   0.1015165E-04   0.1125618E-04
    88200.00  0.1089540E-05   0.1009423E-04   0.1118377E-04
    88600.00  0.1074375E-05   0.1003732E-04   0.1111170E-04
    89000.00  0.1059887E-05   0.9980833E-05   0.1104072E-04
    89400.00  0.1045744E-05   0.9924952E-05   0.1097070E-04
    89800.00  0.1031762E-05   0.9869574E-05   0.1090134E-04
    90200.00  0.1018734E-05   0.9813543E-05   0.1083228E-04
    90600.00  0.1007172E-05   0.9759163E-05   0.1076633E-04
    91000.00  0.9936792E-06   0.9705267E-05   0.1069895E-04
    91400.00  0.9788843E-06   0.9337141E-05   0.1031603E-04
    91800.00  0.9644913E-06   0.9285639E-05   0.1025013E-04
    92200.00  0.9514496E-06   0.9235222E-05   0.1018667E-04
    92600.00  0.9381970E-06   0.9185247E-05   0.1012344E-04
    93000.00  0.9247443E-06   0.9135710E-05   0.1006045E-04
    93400.00  0.9112415E-06   0.9086605E-05   0.9997847E-05
    93800.00  0.8977659E-06   0.9037927E-05   0.9935693E-05
    94200.00  0.8845823E-06   0.8989672E-05   0.9874254E-05
    94600.00  0.8710780E-06   0.8941834E-05   0.9812912E-05
    95000.00  0.8582894E-06   0.8894409E-05   0.9752699E-05
    95400.00  0.8456334E-06   0.8847393E-05   0.9693026E-05
    95800.00  0.8353349E-06   0.8800780E-05   0.9636115E-05
    96200.00  0.8344443E-06   0.8754566E-05   0.9589010E-05
    96600.00  0.8353307E-06   0.8708746E-05   0.9544077E-05
    97000.00  0.8205983E-06   0.8663317E-05   0.9483915E-05
    97400.00  0.8000810E-06   0.8618274E-05   0.9418355E-05
    97800.00  0.7784173E-06   0.8573611E-05   0.9352029E-05
    98200.00  0.7605991E-06   0.8529327E-05   0.9289926E-05
    98600.00  0.7462726E-06   0.8485415E-05   0.9231687E-05
    99000.00  0.7333173E-06   0.8441872E-05   0.9175189E-05
    99400.00  0.7208820E-06   0.8398693E-05   0.9119575E-05
    99800.00  0.7086711E-06   0.8355876E-05   0.9064547E-05
   100200.00  0.6965262E-06   0.2469505E-05   0.3166031E-05
   200000.00  0.3773492E-07   0.6198482E-06   0.6575831E-06
   400000.00  0.3399328E-08   0.1549620E-06   0.1583614E-06
   600000.00  0.4406735E-09   0.6887202E-07   0.6931269E-07
   800000.00  0.2115010E-09   0.3874051E-07   0.3895201E-07
  1000000.00  0.9645556E-10   0.2479393E-07   0.2489038E-07
  1200000.00  0.8672265E-10   0.1721800E-07   0.1730473E-07
  1400000.00  0.7555133E-10   0.1264996E-07   0.1272551E-07
  1600000.00  0.6049828E-10   0.9685128E-08   0.9745626E-08
