       91.00  0.8425865E-31   0.0000000E+00   0.8425865E-31
       94.00  0.8425865E-31   0.0000000E+00   0.8425865E-31
       96.00  0.8425865E-31   0.0000000E+00   0.8425865E-31
       98.00  0.8425865E-31   0.0000000E+00   0.8425865E-31
      100.00  0.8425865E-31   0.0000000E+00   0.8425865E-31
      102.00  0.8425865E-31   0.0000000E+00   0.8425865E-31
      104.00  0.8425865E-31   0.0000000E+00   0.8425865E-31
      106.00  0.8425865E-31   0.0000000E+00   0.8425865E-31
      108.00  0.8425865E-31   0.0000000E+00   0.8425865E-31
      110.00  0.8425865E-31   0.0000000E+00   0.8425865E-31
      114.00  0.8425865E-31   0.0000000E+00   0.8425865E-31
      118.00  0.8425865E-31   0.0000000E+00   0.8425865E-31
      121.00  0.8425865E-31   0.0000000E+00   0.8425865E-31
      125.00  0.8425865E-31   0.0000000E+00   0.8425865E-31
      127.00  0.8425865E-31   0.0000000E+00   0.8425865E-31
      128.00  0.8425865E-31   0.0000000E+00   0.8425865E-31
      131.00  0.8425865E-31   0.0000000E+00   0.8425865E-31
      132.00  0.8425865E-31   0.0000000E+00   0.8425865E-31
      134.00  0.8425865E-31   0.0000000E+00   0.8425865E-31
      137.00  0.8425865E-31   0.0000000E+00   0.8425865E-31
      140.00  0.8425865E-31   0.0000000E+00   0.8425865E-31
      143.00  0.8425865E-31   0.0000000E+00   0.8425865E-31
      147.00  0.8425865E-31   0.0000000E+00   0.8425865E-31
      151.00  0.8425865E-31   0.0000000E+00   0.8425865E-31
      155.00  0.8425865E-31   0.0000000E+00   0.8425865E-31
      159.00  0.8425865E-31   0.0000000E+00   0.8425865E-31
      162.00  0.8425865E-31   0.0000000E+00   0.8425865E-31
      166.00  0.8425865E-31   0.0000000E+00   0.8425865E-31
      170.00  0.8425865E-31   0.0000000E+00   0.8425865E-31
      173.00  0.8425865E-31   0.0000000E+00   0.8425865E-31
      177.00  0.8425865E-31   0.0000000E+00   0.8425865E-31
      180.00  0.8425865E-31   0.0000000E+00   0.8425865E-31
      182.00  0.8425865E-31   0.0000000E+00   0.8425865E-31
      186.00  0.8425865E-31   0.0000000E+00   0.8425865E-31
      191.00  0.8425865E-31   0.0000000E+00   0.8425865E-31
      194.00  0.8425865E-31   0.0000000E+00   0.8425865E-31
      198.00  0.8425865E-31   0.0000000E+00   0.8425865E-31
      202.00  0.8425865E-31   0.0000000E+00   0.8425865E-31
      205.00  0.8425865E-31   0.0000000E+00   0.8425865E-31
      210.00  0.8425865E-31   0.0000000E+00   0.8425865E-31
      216.00  0.8425865E-31   0.0000000E+00   0.8425865E-31
      220.00  0.8425865E-31   0.0000000E+00   0.8425865E-31
      223.00  0.8425865E-31   0.0000000E+00   0.8425865E-31
      227.00  0.8425865E-31   0.0000000E+00   0.8425865E-31
      228.00  0.8425865E-31   0.0000000E+00   0.8425865E-31
      228.00  0.8605390E-26   0.0000000E+00   0.8605390E-26
      230.00  0.4977446E-25   0.0000000E+00   0.4977446E-25
      234.00  0.1321126E-24   0.0000000E+00   0.1321126E-24
      240.00  0.5326583E-24   0.0000000E+00   0.5326583E-24
      246.00  0.2250834E-23   0.0000000E+00   0.2250834E-23
      252.00  0.7825260E-23   0.0000000E+00   0.7825260E-23
      257.00  0.1907787E-22   0.0000000E+00   0.1907787E-22
      260.00  0.3603987E-22   0.0000000E+00   0.3603987E-22
      264.00  0.7808083E-22   0.0000000E+00   0.7808083E-22
      269.00  0.1800342E-21   0.0000000E+00   0.1800342E-21
      274.00  0.4434843E-21   0.0000000E+00   0.4434843E-21
      279.00  0.1065611E-20   0.0000000E+00   0.1065611E-20
      284.00  0.2705724E-20   0.0000000E+00   0.2705724E-20
      290.00  0.7169097E-20   0.0000000E+00   0.7169097E-20
      296.00  0.1821999E-19   0.0000000E+00   0.1821999E-19
      301.00  0.3875777E-19   0.0000000E+00   0.3875777E-19
      308.00  0.1069772E-18   0.0000000E+00   0.1069772E-18
      318.00  0.4238154E-18   0.0000000E+00   0.4238154E-18
      328.00  0.1548865E-17   0.0000000E+00   0.1548865E-17
      338.00  0.5252990E-17   0.0000000E+00   0.5252990E-17
      348.00  0.1665103E-16   0.0000000E+00   0.1665103E-16
      353.30  0.2581147E-16   0.0000000E+00   0.2581147E-16
      353.30  0.1609396E-16   0.0000000E+00   0.1609396E-16
      357.00  0.4464991E-16   0.0000000E+00   0.4464991E-16
      366.00  0.1141101E-15   0.0000000E+00   0.1141101E-15
      375.00  0.2778753E-15   0.0000000E+00   0.2778753E-15
      385.00  0.7126774E-15   0.0000000E+00   0.7126774E-15
      395.00  0.1740644E-14   0.0000000E+00   0.1740644E-14
      405.00  0.4071064E-14   0.0000000E+00   0.4071064E-14
      414.00  0.8441942E-14   0.0000000E+00   0.8441942E-14
      422.00  0.1570916E-13   0.0000000E+00   0.1570916E-13
      430.00  0.2849706E-13   0.0000000E+00   0.2849706E-13
      441.00  0.6270592E-13   0.0000000E+00   0.6270592E-13
      451.00  0.1237983E-12   0.0000000E+00   0.1237983E-12
      460.00  0.2224224E-12   0.0000000E+00   0.2224224E-12
      470.00  0.4151906E-12   0.0000000E+00   0.4151906E-12
      480.00  0.7541861E-12   0.0000000E+00   0.7541861E-12
      490.00  0.1336753E-11   0.0000000E+00   0.1336753E-11
      500.00  0.2310688E-11   0.0000000E+00   0.2310688E-11
      504.60  0.2809845E-11   0.0000000E+00   0.2809845E-11
      504.60  0.7667347E-10   0.0000000E+00   0.7667347E-10
      506.00  0.1822320E-09   0.0000000E+00   0.1822320E-09
      512.00  0.4989076E-09   0.0000000E+00   0.4989076E-09
      520.00  0.6799553E-09   0.0000000E+00   0.6799553E-09
      530.00  0.1042048E-08   0.0000000E+00   0.1042048E-08
      540.00  0.1345547E-08   0.0000000E+00   0.1345547E-08
      550.00  0.2136060E-08   0.0000000E+00   0.2136060E-08
      560.00  0.2934453E-08   0.0000000E+00   0.2934453E-08
      570.00  0.4077493E-08   0.0000000E+00   0.4077493E-08
      580.00  0.4786448E-08   0.0000000E+00   0.4786448E-08
      590.00  0.7138273E-08   0.0000000E+00   0.7138273E-08
      600.00  0.9724678E-08   0.0000000E+00   0.9724678E-08
      610.00  0.1295218E-07   0.0000000E+00   0.1295218E-07
      620.00  0.1648262E-07   0.0000000E+00   0.1648262E-07
      630.00  0.2134432E-07   0.0000000E+00   0.2134432E-07
      640.00  0.2641959E-07   0.0000000E+00   0.2641959E-07
      650.00  0.3374915E-07   0.0000000E+00   0.3374915E-07
      658.00  0.4074432E-07   0.0000000E+00   0.4074432E-07
      665.00  0.4679058E-07   0.0000000E+00   0.4679058E-07
      675.00  0.5701109E-07   0.0000000E+00   0.5701109E-07
      685.00  0.7059762E-07   0.0000000E+00   0.7059762E-07
      695.00  0.8734785E-07   0.0000000E+00   0.8734785E-07
      705.00  0.1056160E-06   0.0000000E+00   0.1056160E-06
      716.00  0.1286024E-06   0.0000000E+00   0.1286024E-06
      726.00  0.1539944E-06   0.0000000E+00   0.1539944E-06
      735.00  0.1787919E-06   0.0000000E+00   0.1787919E-06
      745.00  0.2144572E-06   0.0000000E+00   0.2144572E-06
      755.00  0.2542663E-06   0.0000000E+00   0.2542663E-06
      765.00  0.2965085E-06   0.0000000E+00   0.2965085E-06
      775.00  0.3498818E-06   0.0000000E+00   0.3498818E-06
      785.00  0.4073271E-06   0.0000000E+00   0.4073271E-06
      795.00  0.4684588E-06   0.0000000E+00   0.4684588E-06
      805.00  0.5410298E-06   0.0000000E+00   0.5410298E-06
      815.00  0.6149404E-06   0.0000000E+00   0.6149404E-06
      825.00  0.7092126E-06   0.0000000E+00   0.7092126E-06
      835.00  0.7904971E-06   0.0000000E+00   0.7904971E-06
      845.00  0.9081219E-06   0.0000000E+00   0.9081219E-06
      855.00  0.1026711E-05   0.0000000E+00   0.1026711E-05
      865.00  0.1164863E-05   0.0000000E+00   0.1164863E-05
      875.00  0.1312617E-05   0.0000000E+00   0.1312617E-05
      885.00  0.1488914E-05   0.0000000E+00   0.1488914E-05
      895.00  0.1663500E-05   0.0000000E+00   0.1663500E-05
      905.00  0.1808629E-05   0.0000000E+00   0.1808629E-05
      912.40  0.1897060E-05   0.2204644E-11   0.1897063E-05
      912.40  0.1185124E-05   0.2204687E-11   0.1185126E-05
      915.00  0.5755101E-05   0.2421511E-11   0.5755103E-05
      925.00  0.2333210E-04   0.2929815E-11   0.2333210E-04
      935.00  0.5825869E-04   0.3529566E-11   0.5825869E-04
      945.00  0.3542252E-03   0.4234385E-11   0.3542252E-03
      955.00  0.1428080E-02   0.5059475E-11   0.1428080E-02
      965.00  0.2101657E-02   0.6021740E-11   0.2101657E-02
      975.00  0.3827267E-03   0.7139921E-11   0.3827267E-03
      985.00  0.3869312E-02   0.8434722E-11   0.3869312E-02
      995.00  0.4030610E-02   0.9928944E-11   0.4030610E-02
     1005.00  0.5212917E-02   0.1164762E-10   0.5212917E-02
     1015.00  0.3722970E-02   0.1361817E-10   0.3722970E-02
     1025.00  0.2629227E-03   0.1587050E-10   0.2629227E-03
     1035.00  0.2101774E-02   0.1843719E-10   0.2101774E-02
     1045.00  0.6155015E-02   0.2135387E-10   0.6155015E-02
     1055.00  0.6832564E-02   0.2465866E-10   0.6832564E-02
     1065.00  0.5754036E-02   0.2839292E-10   0.5754036E-02
     1075.00  0.6734805E-02   0.3260122E-10   0.6734805E-02
     1085.00  0.5441482E-02   0.3733149E-10   0.5441482E-02
     1095.00  0.6748096E-02   0.4263512E-10   0.6748096E-02
     1105.00  0.6603598E-02   0.4856712E-10   0.6603598E-02
     1115.00  0.6283646E-02   0.5518619E-10   0.6283646E-02
     1125.00  0.6227488E-02   0.6255484E-10   0.6227488E-02
     1135.00  0.7079286E-02   0.7073965E-10   0.7079286E-02
     1145.00  0.6428454E-02   0.7981124E-10   0.6428454E-02
     1155.00  0.6728008E-02   0.8984439E-10   0.6728008E-02
     1165.00  0.7243786E-02   0.1009181E-09   0.7243786E-02
     1175.00  0.6360973E-02   0.1131159E-09   0.6360973E-02
     1185.00  0.6799734E-02   0.1265256E-09   0.6799734E-02
     1195.00  0.3449831E-02   0.1412395E-09   0.3449831E-02
     1205.00  0.2524405E-02   0.1573547E-09   0.2524405E-02
     1215.00  0.3065234E-03   0.1749728E-09   0.3065236E-03
     1225.00  0.2396460E-02   0.5262761E-08   0.2396465E-02
     1235.00  0.6079624E-02   0.9882043E-08   0.6079634E-02
     1245.00  0.7304460E-02   0.1381231E-07   0.7304474E-02
     1255.00  0.7078368E-02   0.1717327E-07   0.7078385E-02
     1265.00  0.5322343E-02   0.2005370E-07   0.5322363E-02
     1275.00  0.7483126E-02   0.2252384E-07   0.7483149E-02
     1285.00  0.7890822E-02   0.2464103E-07   0.7890847E-02
     1295.00  0.6690169E-02   0.2645305E-07   0.6690195E-02
     1305.00  0.6325672E-02   0.2800020E-07   0.6325700E-02
     1315.00  0.7539152E-02   0.2931681E-07   0.7539181E-02
     1325.00  0.7276158E-02   0.3043233E-07   0.7276188E-02
     1335.00  0.6446730E-02   0.3137217E-07   0.6446761E-02
     1345.00  0.7550094E-02   0.3215838E-07   0.7550126E-02
     1355.00  0.7193020E-02   0.3281013E-07   0.7193053E-02
     1365.00  0.6540131E-02   0.3334417E-07   0.6540164E-02
     1375.00  0.6881752E-02   0.3377519E-07   0.6881786E-02
     1385.00  0.7039151E-02   0.3411609E-07   0.7039185E-02
     1395.00  0.6854218E-02   0.3437823E-07   0.6854252E-02
     1405.00  0.6996955E-02   0.3457163E-07   0.6996990E-02
     1415.00  0.6569002E-02   0.3470517E-07   0.6569037E-02
     1425.00  0.6675687E-02   0.3478672E-07   0.6675722E-02
     1435.00  0.6494832E-02   0.3482326E-07   0.6494867E-02
     1442.00  0.6771008E-02   0.3482540E-07   0.6771043E-02
     1447.00  0.6858929E-02   0.3481639E-07   0.6858964E-02
     1455.00  0.6700444E-02   0.3478547E-07   0.6700479E-02
     1465.00  0.6371840E-02   0.3472164E-07   0.6371875E-02
     1475.00  0.6188202E-02   0.3463391E-07   0.6188237E-02
     1485.00  0.6176402E-02   0.3452625E-07   0.6176437E-02
     1495.00  0.6237774E-02   0.3440220E-07   0.6237808E-02
     1505.00  0.6071700E-02   0.3426497E-07   0.6071734E-02
     1512.00  0.5654083E-02   0.3416260E-07   0.5654117E-02
     1517.00  0.5939413E-02   0.3408689E-07   0.5939447E-02
     1525.00  0.5644196E-02   0.3396211E-07   0.5644230E-02
     1535.00  0.5216439E-02   0.3380142E-07   0.5216473E-02
     1545.00  0.5727472E-02   0.3363744E-07   0.5727506E-02
     1555.00  0.5341228E-02   0.3347187E-07   0.5341261E-02
     1565.00  0.5193981E-02   0.3330660E-07   0.5194014E-02
     1575.00  0.5358498E-02   0.3314323E-07   0.5358531E-02
     1585.00  0.5529641E-02   0.3298318E-07   0.5529674E-02
     1595.00  0.5654464E-02   0.3282775E-07   0.5654497E-02
     1605.00  0.5358610E-02   0.3267813E-07   0.5358643E-02
     1615.00  0.5372196E-02   0.3253540E-07   0.5372229E-02
     1625.00  0.5065204E-02   0.3240057E-07   0.5065236E-02
     1635.00  0.5210283E-02   0.3227453E-07   0.5210315E-02
     1645.00  0.5201806E-02   0.3215811E-07   0.5201838E-02
     1655.00  0.4750896E-02   0.3205211E-07   0.4750928E-02
     1665.00  0.5175992E-02   0.3195722E-07   0.5176024E-02
     1672.00  0.4776856E-02   0.3189777E-07   0.4776888E-02
     1677.00  0.4984896E-02   0.3185896E-07   0.4984928E-02
     1685.00  0.5179864E-02   0.3180339E-07   0.5179896E-02
     1695.00  0.4933056E-02   0.3174561E-07   0.4933088E-02
     1705.00  0.4718564E-02   0.3170131E-07   0.4718596E-02
     1715.00  0.4510638E-02   0.3167096E-07   0.4510670E-02
     1725.00  0.4450719E-02   0.3165502E-07   0.4450751E-02
     1735.00  0.4635424E-02   0.3165391E-07   0.4635456E-02
     1745.00  0.4486887E-02   0.3166804E-07   0.4486919E-02
     1755.00  0.4718526E-02   0.3169776E-07   0.4718558E-02
     1765.00  0.4290887E-02   0.3174342E-07   0.4290919E-02
     1775.00  0.4510036E-02   0.3180537E-07   0.4510068E-02
     1785.00  0.4505316E-02   0.3188388E-07   0.4505348E-02
     1795.00  0.4641633E-02   0.3197930E-07   0.4641665E-02
     1805.00  0.4570780E-02   0.3209188E-07   0.4570812E-02
     1815.00  0.4370794E-02   0.3222186E-07   0.4370826E-02
     1825.00  0.4359110E-02   0.3236949E-07   0.4359142E-02
     1835.00  0.4201505E-02   0.3253501E-07   0.4201538E-02
     1845.00  0.3965466E-02   0.3271863E-07   0.3965499E-02
     1855.00  0.3893032E-02   0.3292055E-07   0.3893065E-02
     1865.00  0.3943631E-02   0.3314098E-07   0.3943664E-02
     1875.00  0.4171861E-02   0.3338009E-07   0.4171894E-02
     1885.00  0.3929170E-02   0.3363807E-07   0.3929204E-02
     1895.00  0.3784017E-02   0.3391508E-07   0.3784051E-02
     1905.00  0.3937718E-02   0.3421128E-07   0.3937752E-02
     1915.00  0.3795994E-02   0.3452682E-07   0.3796029E-02
     1925.00  0.3747259E-02   0.3486185E-07   0.3747294E-02
     1935.00  0.3786814E-02   0.3521650E-07   0.3786849E-02
     1945.00  0.3872433E-02   0.3559032E-07   0.3872469E-02
     1955.00  0.3676450E-02   0.3598315E-07   0.3676486E-02
     1967.00  0.3861324E-02   0.3648060E-07   0.3861360E-02
     1976.00  0.3906035E-02   0.3687245E-07   0.3906072E-02
     1984.00  0.3739621E-02   0.3723431E-07   0.3739658E-02
     1995.00  0.3600702E-02   0.3775277E-07   0.3600740E-02
     2005.00  0.3654172E-02   0.3824518E-07   0.3654210E-02
     2015.00  0.3529194E-02   0.3875774E-07   0.3529233E-02
     2025.00  0.3658642E-02   0.3929052E-07   0.3658681E-02
     2035.00  0.3517210E-02   0.3984580E-07   0.3517250E-02
     2045.00  0.3552696E-02   0.4042252E-07   0.3552736E-02
     2055.00  0.3398573E-02   0.1752734E-07   0.3398591E-02
     2065.00  0.3429970E-02   0.1737275E-07   0.3429987E-02
     2074.00  0.3510280E-02   0.1723747E-07   0.3510297E-02
     2078.00  0.3431502E-02   0.1717850E-07   0.3431519E-02
     2085.00  0.3484273E-02   0.1707701E-07   0.3484290E-02
     2095.00  0.3322208E-02   0.1693577E-07   0.3322225E-02
     2105.00  0.3348053E-02   0.1679890E-07   0.3348070E-02
     2115.00  0.3329280E-02   0.1666634E-07   0.3329297E-02
     2125.00  0.3352054E-02   0.1653805E-07   0.3352071E-02
     2135.00  0.3168894E-02   0.1641399E-07   0.3168910E-02
     2145.00  0.3223136E-02   0.1629411E-07   0.3223152E-02
     2155.00  0.3260541E-02   0.1617837E-07   0.3260557E-02
     2165.00  0.3140197E-02   0.1606673E-07   0.3140213E-02
     2175.00  0.3104544E-02   0.1595914E-07   0.3104560E-02
     2185.00  0.3049360E-02   0.1585558E-07   0.3049376E-02
     2195.00  0.3145311E-02   0.1575598E-07   0.3145327E-02
     2205.00  0.3037205E-02   0.1566030E-07   0.3037221E-02
     2215.00  0.2923848E-02   0.1556849E-07   0.2923864E-02
     2225.00  0.2814196E-02   0.1548051E-07   0.2814211E-02
     2235.00  0.2981933E-02   0.1539632E-07   0.2981948E-02
     2245.00  0.2840251E-02   0.1531587E-07   0.2840266E-02
     2255.00  0.2760986E-02   0.1523912E-07   0.2761001E-02
     2265.00  0.2779182E-02   0.1516603E-07   0.2779197E-02
     2275.00  0.2839782E-02   0.1509655E-07   0.2839797E-02
     2285.00  0.2863313E-02   0.1503055E-07   0.2863328E-02
     2295.00  0.2753324E-02   0.1496797E-07   0.2753339E-02
     2305.00  0.2696343E-02   0.1490886E-07   0.2696358E-02
     2315.00  0.2613920E-02   0.1485319E-07   0.2613935E-02
     2325.00  0.2199381E-02   0.1480090E-07   0.2199396E-02
     2335.00  0.2497435E-02   0.1475197E-07   0.2497450E-02
     2345.00  0.2398367E-02   0.1470634E-07   0.2398382E-02
     2355.00  0.2501594E-02   0.1466398E-07   0.2501609E-02
     2365.00  0.2360742E-02   0.1462486E-07   0.2360757E-02
     2375.00  0.2406490E-02   0.1458892E-07   0.2406505E-02
     2385.00  0.2263011E-02   0.1455612E-07   0.2263026E-02
     2395.00  0.2385823E-02   0.1452644E-07   0.2385838E-02
     2405.00  0.2283142E-02   0.1449984E-07   0.2283156E-02
     2415.00  0.2305190E-02   0.1447628E-07   0.2305204E-02
     2425.00  0.2363907E-02   0.1445571E-07   0.2363921E-02
     2435.00  0.2255649E-02   0.1443810E-07   0.2255663E-02
     2445.00  0.2353326E-02   0.1442342E-07   0.2353340E-02
     2455.00  0.2290242E-02   0.1441162E-07   0.2290256E-02
     2465.00  0.2273105E-02   0.1440267E-07   0.2273119E-02
     2475.00  0.2200175E-02   0.1439652E-07   0.2200189E-02
     2485.00  0.2294451E-02   0.1439316E-07   0.2294465E-02
     2495.00  0.2224580E-02   0.1439254E-07   0.2224594E-02
     2505.00  0.2315428E-02   0.1439462E-07   0.2315442E-02
     2513.00  0.2191372E-02   0.1439820E-07   0.2191386E-02
     2518.00  0.2231139E-02   0.1440131E-07   0.2231153E-02
     2525.00  0.2117157E-02   0.1440675E-07   0.2117171E-02
     2535.00  0.2110196E-02   0.1441674E-07   0.2110210E-02
     2545.00  0.2078842E-02   0.1442928E-07   0.2078856E-02
     2555.00  0.2150418E-02   0.1444437E-07   0.2150432E-02
     2565.00  0.2118863E-02   0.1446195E-07   0.2118877E-02
     2575.00  0.2193496E-02   0.1448199E-07   0.2193510E-02
     2585.00  0.2182095E-02   0.1450447E-07   0.2182110E-02
     2595.00  0.2168070E-02   0.1452935E-07   0.2168085E-02
     2605.00  0.2089582E-02   0.1384532E-07   0.2089596E-02
     2615.00  0.2073234E-02   0.1386627E-07   0.2073248E-02
     2625.00  0.2089685E-02   0.1388954E-07   0.2089699E-02
     2635.00  0.2098154E-02   0.1391511E-07   0.2098168E-02
     2645.00  0.2194002E-02   0.1394294E-07   0.2194016E-02
     2655.00  0.2173344E-02   0.1397299E-07   0.2173358E-02
     2665.00  0.2087612E-02   0.1400526E-07   0.2087626E-02
     2675.00  0.2125198E-02   0.1403970E-07   0.2125212E-02
     2685.00  0.2101636E-02   0.1407628E-07   0.2101650E-02
     2695.00  0.2054853E-02   0.1411499E-07   0.2054867E-02
     2705.00  0.2057667E-02   0.1415578E-07   0.2057681E-02
     2715.00  0.1994536E-02   0.1419864E-07   0.1994550E-02
     2725.00  0.1982542E-02   0.1424353E-07   0.1982556E-02
     2735.00  0.2032458E-02   0.1429043E-07   0.2032472E-02
     2745.00  0.1883444E-02   0.1433932E-07   0.1883458E-02
     2755.00  0.1877595E-02   0.1439016E-07   0.1877609E-02
     2765.00  0.1915143E-02   0.1444292E-07   0.1915157E-02
     2775.00  0.1953187E-02   0.1449759E-07   0.1953201E-02
     2785.00  0.1929104E-02   0.1455414E-07   0.1929119E-02
     2795.00  0.1706854E-02   0.1461253E-07   0.1706869E-02
     2805.00  0.1785040E-02   0.1467276E-07   0.1785055E-02
     2815.00  0.1925358E-02   0.1473478E-07   0.1925373E-02
     2825.00  0.1915786E-02   0.1479857E-07   0.1915801E-02
     2835.00  0.1858365E-02   0.1486412E-07   0.1858380E-02
     2845.00  0.1815350E-02   0.1493139E-07   0.1815365E-02
     2855.00  0.1812137E-02   0.1500018E-07   0.1812152E-02
     2865.00  0.1854589E-02   0.1507046E-07   0.1854604E-02
     2875.00  0.1822725E-02   0.1514236E-07   0.1822740E-02
     2885.00  0.1825439E-02   0.1521588E-07   0.1825454E-02
     2895.00  0.1809606E-02   0.1529098E-07   0.1809621E-02
     2910.00  0.1846386E-02   0.1540654E-07   0.1846401E-02
     2930.00  0.1794770E-02   0.1556594E-07   0.1794786E-02
     2950.00  0.1764292E-02   0.1573126E-07   0.1764308E-02
     2970.00  0.1752444E-02   0.1590231E-07   0.1752460E-02
     2990.00  0.1732812E-02   0.1607891E-07   0.1732828E-02
     3010.00  0.1732086E-02   0.1626089E-07   0.1732102E-02
     3030.00  0.1710600E-02   0.1644807E-07   0.1710616E-02
     3050.00  0.1684490E-02   0.1664023E-07   0.1684507E-02
     3070.00  0.1660456E-02   0.1683719E-07   0.1660473E-02
     3090.00  0.1650965E-02   0.1703883E-07   0.1650982E-02
     3110.00  0.1619186E-02   0.1724499E-07   0.1619203E-02
     3130.00  0.1597652E-02   0.1723887E-07   0.1597669E-02
     3150.00  0.1583362E-02   0.1744962E-07   0.1583379E-02
     3170.00  0.1563690E-02   0.1766446E-07   0.1563708E-02
     3190.00  0.1515862E-02   0.1788324E-07   0.1515880E-02
     3210.00  0.1520196E-02   0.1810581E-07   0.1520214E-02
     3230.00  0.1493861E-02   0.1833204E-07   0.1493879E-02
     3250.00  0.1486954E-02   0.1856178E-07   0.1486973E-02
     3270.00  0.1479533E-02   0.1879468E-07   0.1479552E-02
     3290.00  0.1463265E-02   0.1903066E-07   0.1463284E-02
     3310.00  0.1449349E-02   0.1926969E-07   0.1449368E-02
     3330.00  0.1427678E-02   0.1951162E-07   0.1427698E-02
     3350.00  0.1404474E-02   0.1975634E-07   0.1404494E-02
     3370.00  0.1382180E-02   0.2000372E-07   0.1382200E-02
     3390.00  0.1367652E-02   0.2025364E-07   0.1367672E-02
     3410.00  0.1358019E-02   0.2050597E-07   0.1358040E-02
     3430.00  0.1343458E-02   0.1940575E-07   0.1343477E-02
     3450.00  0.1328594E-02   0.1963808E-07   0.1328614E-02
     3470.00  0.1311810E-02   0.1987244E-07   0.1311830E-02
     3490.00  0.1300226E-02   0.2010873E-07   0.1300246E-02
     3510.00  0.1294096E-02   0.2034687E-07   0.1294116E-02
     3530.00  0.1275679E-02   0.2058703E-07   0.1275700E-02
     3550.00  0.1269862E-02   0.2082886E-07   0.1269883E-02
     3570.00  0.1239203E-02   0.2107227E-07   0.1239224E-02
     3590.00  0.1223876E-02   0.2131717E-07   0.1223897E-02
     3610.00  0.1219005E-02   0.2156345E-07   0.1219027E-02
     3630.00  0.1209449E-02   0.2181103E-07   0.1209471E-02
     3640.00  0.1205231E-02   0.2193528E-07   0.1205253E-02
     3650.00  0.1212512E-02   0.3910713E-08   0.1212516E-02
     3670.00  0.1186152E-02   0.3882707E-08   0.1186156E-02
     3690.00  0.1130909E-02   0.3573809E-08   0.1130913E-02
     3710.00  0.1218942E-02   0.3543295E-08   0.1218946E-02
     3730.00  0.1227690E-02   0.3513775E-08   0.1227694E-02
     3750.00  0.1464156E-02   0.3485218E-08   0.1464159E-02
     3770.00  0.1506278E-02   0.3457597E-08   0.1506281E-02
     3790.00  0.1713522E-02   0.3430886E-08   0.1713525E-02
     3810.00  0.1890861E-02   0.3405057E-08   0.1890864E-02
     3830.00  0.1558268E-02   0.3380085E-08   0.1558271E-02
     3850.00  0.1976324E-02   0.3355945E-08   0.1976327E-02
     3870.00  0.2101978E-02   0.3332614E-08   0.2101981E-02
     3890.00  0.1437485E-02   0.3310067E-08   0.1437488E-02
     3910.00  0.2081289E-02   0.3288283E-08   0.2081292E-02
     3930.00  0.1968442E-02   0.3267238E-08   0.1968445E-02
     3950.00  0.2021473E-02   0.3246913E-08   0.2021476E-02
     3970.00  0.1318735E-02   0.3227292E-08   0.1318738E-02
     3990.00  0.1987968E-02   0.3208367E-08   0.1987971E-02
     4010.00  0.2075118E-02   0.3190099E-08   0.2075121E-02
     4030.00  0.2031901E-02   0.3172469E-08   0.2031904E-02
     4050.00  0.2034489E-02   0.3155459E-08   0.2034492E-02
     4070.00  0.1972001E-02   0.3139051E-08   0.1972004E-02
     4090.00  0.1733700E-02   0.3123226E-08   0.1733703E-02
     4110.00  0.1421213E-02   0.3107969E-08   0.1421216E-02
     4130.00  0.1870937E-02   0.3093262E-08   0.1870940E-02
     4150.00  0.1902914E-02   0.3079089E-08   0.1902917E-02
     4170.00  0.1886087E-02   0.3065436E-08   0.1886090E-02
     4190.00  0.1867171E-02   0.3052286E-08   0.1867174E-02
     4210.00  0.1849212E-02   0.3039625E-08   0.1849215E-02
     4230.00  0.1820354E-02   0.3027439E-08   0.1820357E-02
     4250.00  0.1802760E-02   0.3015714E-08   0.1802763E-02
     4270.00  0.1760773E-02   0.3004436E-08   0.1760776E-02
     4290.00  0.1740787E-02   0.2993592E-08   0.1740790E-02
     4310.00  0.1666679E-02   0.2983170E-08   0.1666682E-02
     4330.00  0.1444267E-02   0.2973156E-08   0.1444270E-02
     4350.00  0.1280013E-02   0.2963540E-08   0.1280016E-02
     4370.00  0.1654952E-02   0.2954312E-08   0.1654955E-02
     4390.00  0.1635111E-02   0.2945457E-08   0.1635114E-02
     4410.00  0.1635674E-02   0.2936964E-08   0.1635677E-02
     4430.00  0.1627692E-02   0.2928823E-08   0.1627695E-02
     4450.00  0.1618068E-02   0.2921023E-08   0.1618071E-02
     4470.00  0.1582436E-02   0.2913553E-08   0.1582439E-02
     4490.00  0.1580813E-02   0.2906404E-08   0.1580816E-02
     4510.00  0.1597792E-02   0.2899566E-08   0.1597795E-02
     4530.00  0.1551870E-02   0.2893030E-08   0.1551873E-02
     4550.00  0.1530886E-02   0.2886786E-08   0.1530889E-02
     4570.00  0.1541691E-02   0.2880826E-08   0.1541694E-02
     4590.00  0.1507423E-02   0.2875141E-08   0.1507426E-02
     4610.00  0.1507441E-02   0.2869722E-08   0.1507444E-02
     4630.00  0.1476694E-02   0.2864561E-08   0.1476697E-02
     4650.00  0.1470087E-02   0.2859651E-08   0.1470090E-02
     4670.00  0.1459079E-02   0.2854982E-08   0.1459082E-02
     4690.00  0.1435674E-02   0.2850549E-08   0.1435677E-02
     4710.00  0.1398270E-02   0.2846343E-08   0.1398273E-02
     4730.00  0.1408089E-02   0.2842358E-08   0.1408092E-02
     4750.00  0.1399474E-02   0.2838586E-08   0.1399477E-02
     4770.00  0.1386395E-02   0.2835020E-08   0.1386398E-02
     4790.00  0.1367456E-02   0.2831655E-08   0.1367459E-02
     4810.00  0.1344119E-02   0.2828477E-08   0.1344122E-02
     4830.00  0.1315469E-02   0.2825482E-08   0.1315472E-02
     4850.00  0.1142831E-02   0.2822666E-08   0.1142834E-02
     4870.00  0.9767769E-03   0.2820026E-08   0.9767797E-03
     4890.00  0.1256241E-02   0.2817555E-08   0.1256244E-02
     4910.00  0.1269544E-02   0.2815247E-08   0.1269547E-02
     4930.00  0.1245419E-02   0.2813097E-08   0.1245422E-02
     4950.00  0.1258874E-02   0.2811101E-08   0.1258877E-02
     4970.00  0.1246630E-02   0.2809251E-08   0.1246633E-02
     4990.00  0.1215965E-02   0.2807544E-08   0.1215968E-02
     5010.00  0.1181725E-02   0.2805975E-08   0.1181728E-02
     5030.00  0.1191696E-02   0.2804539E-08   0.1191699E-02
     5050.00  0.1170235E-02   0.2803231E-08   0.1170238E-02
     5070.00  0.1178446E-02   0.2802055E-08   0.1178449E-02
     5090.00  0.1154309E-02   0.2801035E-08   0.1154312E-02
     5110.00  0.1146182E-02   0.2800129E-08   0.1146185E-02
     5130.00  0.1126225E-02   0.2799333E-08   0.1126228E-02
     5150.00  0.1107150E-02   0.2798642E-08   0.1107153E-02
     5170.00  0.1086296E-02   0.2798053E-08   0.1086299E-02
     5190.00  0.1082506E-02   0.2797561E-08   0.1082509E-02
     5210.00  0.1077835E-02   0.2797164E-08   0.1077838E-02
     5230.00  0.1074329E-02   0.2796857E-08   0.1074332E-02
     5250.00  0.1074906E-02   0.2796638E-08   0.1074909E-02
     5270.00  0.1037250E-02   0.2796501E-08   0.1037253E-02
     5290.00  0.1057098E-02   0.2796445E-08   0.1057101E-02
     5310.00  0.1054127E-02   0.2796467E-08   0.1054130E-02
     5330.00  0.1023297E-02   0.2796562E-08   0.1023300E-02
     5350.00  0.1034340E-02   0.2796727E-08   0.1034343E-02
     5370.00  0.1023568E-02   0.2796959E-08   0.1023571E-02
     5390.00  0.1007266E-02   0.2797249E-08   0.1007269E-02
     5410.00  0.9939702E-03   0.2797600E-08   0.9939730E-03
     5430.00  0.9870940E-03   0.2798010E-08   0.9870968E-03
     5450.00  0.9904304E-03   0.2798477E-08   0.9904332E-03
     5470.00  0.9741574E-03   0.2798997E-08   0.9741602E-03
     5490.00  0.9656269E-03   0.2799569E-08   0.9656297E-03
     5510.00  0.9565460E-03   0.2800189E-08   0.9565488E-03
     5530.00  0.9528748E-03   0.2800856E-08   0.9528776E-03
     5550.00  0.9494386E-03   0.2801566E-08   0.9494414E-03
     5570.00  0.9364024E-03   0.2802319E-08   0.9364052E-03
     5590.00  0.9238366E-03   0.2803111E-08   0.9238394E-03
     5610.00  0.9246221E-03   0.2803941E-08   0.9246249E-03
     5630.00  0.9146748E-03   0.2804806E-08   0.9146776E-03
     5650.00  0.9068698E-03   0.2805704E-08   0.9068726E-03
     5670.00  0.8938113E-03   0.2806634E-08   0.8938141E-03
     5690.00  0.8941119E-03   0.2807594E-08   0.8941147E-03
     5710.00  0.8786311E-03   0.2136653E-08   0.8786332E-03
     5730.00  0.8886066E-03   0.2135132E-08   0.8886087E-03
     5750.00  0.8732574E-03   0.2133662E-08   0.8732595E-03
     5770.00  0.8696801E-03   0.2132240E-08   0.8696822E-03
     5790.00  0.8534409E-03   0.2130865E-08   0.8534430E-03
     5810.00  0.8554298E-03   0.2129535E-08   0.8554319E-03
     5830.00  0.8547121E-03   0.2128249E-08   0.8547142E-03
     5850.00  0.8414707E-03   0.2127005E-08   0.8414728E-03
     5870.00  0.8289966E-03   0.2125802E-08   0.8289987E-03
     5890.00  0.8071111E-03   0.2124637E-08   0.8071132E-03
     5910.00  0.8198694E-03   0.2123510E-08   0.8198715E-03
     5930.00  0.8147892E-03   0.2122419E-08   0.8147913E-03
     5950.00  0.8070276E-03   0.2121363E-08   0.8070297E-03
     5970.00  0.8060764E-03   0.2120340E-08   0.8060785E-03
     5990.00  0.7943081E-03   0.2119349E-08   0.7943102E-03
     6010.00  0.7857746E-03   0.2118389E-08   0.7857767E-03
     6030.00  0.7850557E-03   0.2117458E-08   0.7850578E-03
     6050.00  0.7825567E-03   0.2116556E-08   0.7825588E-03
     6070.00  0.7754381E-03   0.2115680E-08   0.7754402E-03
     6090.00  0.7618517E-03   0.2114831E-08   0.7618538E-03
     6110.00  0.7571205E-03   0.2114005E-08   0.7571226E-03
     6130.00  0.7405008E-03   0.2113204E-08   0.7405029E-03
     6150.00  0.7389126E-03   0.2112425E-08   0.7389147E-03
     6170.00  0.7296259E-03   0.2111667E-08   0.7296280E-03
     6190.00  0.7355361E-03   0.2110931E-08   0.7355382E-03
     6210.00  0.7287859E-03   0.2110214E-08   0.7287880E-03
     6230.00  0.7166337E-03   0.2109516E-08   0.7166358E-03
     6250.00  0.7011734E-03   0.2108835E-08   0.7011755E-03
     6270.00  0.7089611E-03   0.2108172E-08   0.7089632E-03
     6290.00  0.7071682E-03   0.2107525E-08   0.7071703E-03
     6310.00  0.6961937E-03   0.2106893E-08   0.6961958E-03
     6330.00  0.6950406E-03   0.2106276E-08   0.6950427E-03
     6350.00  0.6879487E-03   0.2105672E-08   0.6879508E-03
     6370.00  0.6830089E-03   0.2105081E-08   0.6830110E-03
     6390.00  0.6825654E-03   0.2104502E-08   0.6825675E-03
     6410.00  0.6734508E-03   0.2103935E-08   0.6734529E-03
     6430.00  0.6709696E-03   0.2103378E-08   0.6709717E-03
     6450.00  0.6653715E-03   0.2102832E-08   0.6653736E-03
     6470.00  0.6613091E-03   0.2102294E-08   0.6613112E-03
     6490.00  0.6493834E-03   0.2101766E-08   0.6493855E-03
     6510.00  0.6506286E-03   0.2101245E-08   0.6506307E-03
     6530.00  0.6420520E-03   0.2100705E-08   0.6420541E-03
     6550.00  0.5987974E-03   0.2100164E-08   0.5987995E-03
     6570.00  0.5236653E-03   0.2099628E-08   0.5236674E-03
     6590.00  0.6198601E-03   0.2099097E-08   0.6198622E-03
     6610.00  0.6285856E-03   0.2098570E-08   0.6285877E-03
     6630.00  0.6269564E-03   0.2098046E-08   0.6269585E-03
     6650.00  0.6235736E-03   0.2084699E-08   0.6235757E-03
     6670.00  0.6150078E-03   0.2084196E-08   0.6150099E-03
     6690.00  0.6171034E-03   0.2083695E-08   0.6171055E-03
     6710.00  0.6070225E-03   0.2083197E-08   0.6070246E-03
     6730.00  0.6096271E-03   0.2082699E-08   0.6096292E-03
     6750.00  0.6020268E-03   0.2082203E-08   0.6020289E-03
     6770.00  0.6000011E-03   0.2081708E-08   0.6000032E-03
     6790.00  0.5945104E-03   0.2081213E-08   0.5945125E-03
     6810.00  0.5907455E-03   0.2080718E-08   0.5907476E-03
     6830.00  0.5888912E-03   0.2080222E-08   0.5888933E-03
     6850.00  0.5797357E-03   0.2079726E-08   0.5797378E-03
     6870.00  0.5789881E-03   0.2079228E-08   0.5789902E-03
     6890.00  0.5785203E-03   0.2078729E-08   0.5785224E-03
     6910.00  0.5730055E-03   0.2078228E-08   0.5730076E-03
     6930.00  0.5670363E-03   0.2077725E-08   0.5670384E-03
     6950.00  0.5610197E-03   0.2077220E-08   0.5610218E-03
     6970.00  0.5593976E-03   0.2076711E-08   0.5593997E-03
     6990.00  0.5540334E-03   0.2076200E-08   0.5540355E-03
     7010.00  0.5458274E-03   0.2075685E-08   0.5458295E-03
     7030.00  0.5466893E-03   0.2075168E-08   0.5466914E-03
     7050.00  0.5458064E-03   0.2074647E-08   0.5458085E-03
     7070.00  0.5378451E-03   0.2074123E-08   0.5378472E-03
     7090.00  0.5347451E-03   0.2073593E-08   0.5347472E-03
     7110.00  0.5274146E-03   0.2073059E-08   0.5274167E-03
     7130.00  0.5222622E-03   0.2072520E-08   0.5222643E-03
     7150.00  0.5198104E-03   0.2071975E-08   0.5198125E-03
     7170.00  0.5190157E-03   0.2071425E-08   0.5190178E-03
     7190.00  0.5098513E-03   0.2070868E-08   0.5098534E-03
     7210.00  0.5114509E-03   0.2070306E-08   0.5114530E-03
     7230.00  0.5112259E-03   0.2069738E-08   0.5112280E-03
     7250.00  0.5084044E-03   0.2069164E-08   0.5084065E-03
     7270.00  0.5052373E-03   0.2068583E-08   0.5052394E-03
     7290.00  0.4968320E-03   0.2067995E-08   0.4968341E-03
     7310.00  0.4971588E-03   0.2067401E-08   0.4971609E-03
     7330.00  0.4949787E-03   0.2066800E-08   0.4949808E-03
     7350.00  0.4916667E-03   0.2066191E-08   0.4916688E-03
     7370.00  0.4929158E-03   0.2065576E-08   0.4929179E-03
     7390.00  0.4859042E-03   0.2064953E-08   0.4859063E-03
     7410.00  0.4799269E-03   0.2064322E-08   0.4799290E-03
     7430.00  0.4807543E-03   0.2063684E-08   0.4807564E-03
     7450.00  0.4790253E-03   0.2058224E-08   0.4790274E-03
     7470.00  0.4763272E-03   0.2057575E-08   0.4763293E-03
     7490.00  0.4724848E-03   0.2056918E-08   0.4724869E-03
     7510.00  0.4721280E-03   0.2056253E-08   0.4721301E-03
     7530.00  0.4712134E-03   0.2055581E-08   0.4712155E-03
     7550.00  0.4699353E-03   0.2054900E-08   0.4699374E-03
     7570.00  0.4657325E-03   0.2054212E-08   0.4657346E-03
     7590.00  0.4620312E-03   0.2053515E-08   0.4620333E-03
     7610.00  0.4599972E-03   0.2052802E-08   0.4599993E-03
     7630.00  0.4579128E-03   0.2052072E-08   0.4579149E-03
     7650.00  0.4557322E-03   0.2051334E-08   0.4557343E-03
     7670.00  0.4472869E-03   0.2050586E-08   0.4472890E-03
     7690.00  0.4505682E-03   0.2049830E-08   0.4505702E-03
     7710.00  0.4438162E-03   0.2049064E-08   0.4438182E-03
     7730.00  0.4428696E-03   0.2048290E-08   0.4428716E-03
     7750.00  0.4390886E-03   0.2047506E-08   0.4390906E-03
     7770.00  0.4371241E-03   0.2046713E-08   0.4371261E-03
     7790.00  0.4380268E-03   0.2045911E-08   0.4380288E-03
     7810.00  0.4357948E-03   0.2045100E-08   0.4357968E-03
     7830.00  0.4315323E-03   0.2044280E-08   0.4315343E-03
     7850.00  0.4274022E-03   0.2043450E-08   0.4274042E-03
     7870.00  0.4262118E-03   0.2003952E-08   0.4262138E-03
     7890.00  0.4187144E-03   0.2003144E-08   0.4187164E-03
     7910.00  0.4127032E-03   0.2002328E-08   0.4127052E-03
     7930.00  0.4110431E-03   0.2001502E-08   0.4110451E-03
     7950.00  0.4058977E-03   0.2000668E-08   0.4058997E-03
     7970.00  0.4109384E-03   0.1999824E-08   0.4109404E-03
     7990.00  0.4071981E-03   0.1998972E-08   0.4072001E-03
     8010.00  0.4089085E-03   0.1998110E-08   0.4089105E-03
     8030.00  0.4070803E-03   0.1997240E-08   0.4070823E-03
     8050.00  0.4036965E-03   0.1996360E-08   0.4036985E-03
     8070.00  0.4013003E-03   0.1995471E-08   0.4013023E-03
     8090.00  0.3962288E-03   0.1994574E-08   0.3962308E-03
     8110.00  0.3947201E-03   0.1993667E-08   0.3947221E-03
     8130.00  0.3945344E-03   0.1992751E-08   0.3945364E-03
     8150.00  0.3924858E-03   0.1991826E-08   0.3924878E-03
     8170.00  0.3908097E-03   0.1990892E-08   0.3908117E-03
     8190.00  0.3851409E-03   0.1989950E-08   0.3851429E-03
     8210.00  0.3836689E-03   0.1756598E-08   0.3836707E-03
     8230.00  0.3832086E-03   0.8495432E-09   0.3832094E-03
     8250.00  0.3825178E-03   0.8483071E-09   0.3825186E-03
     8270.00  0.3825438E-03   0.8470780E-09   0.3825446E-03
     8290.00  0.3789003E-03   0.8335748E-09   0.3789011E-03
     8310.00  0.3720968E-03   0.8323710E-09   0.3720976E-03
     8330.00  0.3684126E-03   0.8311739E-09   0.3684134E-03
     8350.00  0.3675212E-03   0.8299832E-09   0.3675220E-03
     8370.00  0.3647205E-03   0.8287987E-09   0.3647213E-03
     8390.00  0.3579423E-03   0.8276203E-09   0.3579431E-03
     8410.00  0.3613764E-03   0.8264479E-09   0.3613772E-03
     8430.00  0.3575360E-03   0.8252815E-09   0.3575368E-03
     8450.00  0.3588776E-03   0.8241208E-09   0.3588784E-03
     8470.00  0.3504932E-03   0.8229657E-09   0.3504940E-03
     8490.00  0.3601173E-03   0.8218163E-09   0.3601181E-03
     8510.00  0.3375190E-03   0.8206724E-09   0.3375198E-03
     8530.00  0.3597768E-03   0.8195337E-09   0.3597776E-03
     8550.00  0.3115539E-03   0.8184004E-09   0.3115547E-03
     8570.00  0.3659295E-03   0.8172723E-09   0.3659303E-03
     8590.00  0.3471120E-03   0.8161493E-09   0.3471128E-03
     8610.00  0.3419620E-03   0.8150312E-09   0.3419628E-03
     8630.00  0.3648488E-03   0.8139181E-09   0.3648496E-03
     8650.00  0.3538636E-03   0.8128099E-09   0.3538644E-03
     8670.00  0.3012291E-03   0.8117063E-09   0.3012299E-03
     8690.00  0.3516731E-03   0.8106074E-09   0.3516739E-03
     8710.00  0.3607755E-03   0.8095130E-09   0.3607763E-03
     8730.00  0.3533711E-03   0.8084232E-09   0.3533719E-03
     8750.00  0.3169753E-03   0.8073378E-09   0.3169761E-03
     8770.00  0.3448687E-03   0.8062567E-09   0.3448695E-03
     8790.00  0.3549796E-03   0.8051798E-09   0.3549804E-03
     8810.00  0.3517179E-03   0.8041072E-09   0.3517187E-03
     8830.00  0.3486792E-03   0.8030387E-09   0.3486800E-03
     8850.00  0.3338495E-03   0.8019742E-09   0.3338503E-03
     8870.00  0.3079557E-03   0.8009137E-09   0.3079565E-03
     8890.00  0.3419140E-03   0.7998571E-09   0.3419148E-03
     8910.00  0.3472016E-03   0.7988044E-09   0.3472024E-03
     8930.00  0.3439559E-03   0.7977554E-09   0.3439567E-03
     8950.00  0.3423224E-03   0.7967101E-09   0.3423232E-03
     8970.00  0.3403652E-03   0.7956686E-09   0.3403660E-03
     8990.00  0.3340146E-03   0.7946305E-09   0.3340154E-03
     9010.00  0.2985460E-03   0.7935959E-09   0.2985468E-03
     9030.00  0.3143429E-03   0.7925650E-09   0.3143437E-03
     9050.00  0.3332986E-03   0.7915373E-09   0.3332994E-03
     9070.00  0.3320512E-03   0.7905130E-09   0.3320520E-03
     9090.00  0.3265341E-03   0.7894922E-09   0.3265349E-03
     9110.00  0.3287902E-03   0.7884744E-09   0.3287910E-03
     9130.00  0.3295690E-03   0.7874602E-09   0.3295698E-03
     9150.00  0.3275253E-03   0.7864492E-09   0.3275261E-03
     9170.00  0.3251197E-03   0.7854416E-09   0.3251205E-03
     9190.00  0.3230004E-03   0.7844369E-09   0.3230012E-03
     9210.00  0.3105789E-03   0.7834351E-09   0.3105797E-03
     9230.00  0.2812542E-03   0.7824363E-09   0.2812550E-03
     9250.00  0.3045233E-03   0.7814404E-09   0.3045241E-03
     9270.00  0.3122039E-03   0.7804473E-09   0.3122047E-03
     9290.00  0.3145711E-03   0.7794571E-09   0.3145719E-03
     9310.00  0.3152119E-03   0.7784694E-09   0.3152127E-03
     9330.00  0.3134707E-03   0.7774846E-09   0.3134715E-03
     9350.00  0.3117312E-03   0.7765025E-09   0.3117320E-03
     9370.00  0.3080326E-03   0.7755229E-09   0.3080334E-03
     9390.00  0.3084766E-03   0.7745460E-09   0.3084774E-03
     9410.00  0.3025920E-03   0.7735715E-09   0.3025928E-03
     9430.00  0.3056520E-03   0.7725997E-09   0.3056528E-03
     9450.00  0.3018604E-03   0.7716303E-09   0.3018612E-03
     9470.00  0.3022828E-03   0.7706634E-09   0.3022836E-03
     9490.00  0.3003978E-03   0.7696988E-09   0.3003986E-03
     9510.00  0.2963008E-03   0.7687365E-09   0.2963016E-03
     9530.00  0.2862324E-03   0.7677765E-09   0.2862332E-03
     9550.00  0.2599936E-03   0.7668189E-09   0.2599944E-03
     9570.00  0.2840233E-03   0.7658636E-09   0.2840241E-03
     9590.00  0.2915809E-03   0.7649106E-09   0.2915817E-03
     9610.00  0.2896443E-03   0.7639597E-09   0.2896451E-03
     9630.00  0.2884148E-03   0.7630108E-09   0.2884156E-03
     9650.00  0.2860533E-03   0.7620643E-09   0.2860541E-03
     9670.00  0.2845024E-03   0.7611197E-09   0.2845032E-03
     9690.00  0.2854542E-03   0.7601774E-09   0.2854550E-03
     9710.00  0.2835924E-03   0.7592369E-09   0.2835932E-03
     9730.00  0.2815898E-03   0.7582984E-09   0.2815906E-03
     9750.00  0.2798545E-03   0.7573621E-09   0.2798553E-03
     9770.00  0.2792090E-03   0.7564278E-09   0.2792098E-03
     9790.00  0.2760162E-03   0.7554954E-09   0.2760170E-03
     9810.00  0.2779505E-03   0.7545649E-09   0.2779513E-03
     9830.00  0.2760371E-03   0.7536360E-09   0.2760379E-03
     9850.00  0.2752912E-03   0.7527094E-09   0.2752920E-03
     9870.00  0.2731830E-03   0.7517845E-09   0.2731838E-03
     9890.00  0.2716598E-03   0.7508613E-09   0.2716606E-03
     9910.00  0.2704529E-03   0.7499402E-09   0.2704536E-03
     9930.00  0.2694930E-03   0.7490203E-09   0.2694937E-03
     9950.00  0.2683738E-03   0.7481026E-09   0.2683745E-03
     9970.00  0.2671299E-03   0.7471867E-09   0.2671306E-03
     9990.00  0.2650240E-03   0.7462724E-09   0.2650247E-03
    10025.00  0.2541321E-03   0.7446761E-09   0.2541328E-03
    10075.00  0.2467819E-03   0.7424050E-09   0.2467826E-03
    10125.00  0.2551848E-03   0.7401439E-09   0.2551855E-03
    10175.00  0.2520623E-03   0.7379122E-09   0.2520630E-03
    10225.00  0.2501547E-03   0.7356933E-09   0.2501554E-03
    10275.00  0.2480534E-03   0.7334829E-09   0.2480541E-03
    10325.00  0.2432255E-03   0.7312807E-09   0.2432262E-03
    10375.00  0.2404568E-03   0.7290866E-09   0.2404575E-03
    10425.00  0.2387975E-03   0.7269003E-09   0.2387982E-03
    10475.00  0.2350492E-03   0.7247217E-09   0.2350499E-03
    10525.00  0.2333196E-03   0.7225507E-09   0.2333203E-03
    10575.00  0.2300157E-03   0.7203870E-09   0.2300164E-03
    10625.00  0.2274345E-03   0.7182305E-09   0.2274352E-03
    10675.00  0.2225797E-03   0.7160811E-09   0.2225804E-03
    10725.00  0.2213502E-03   0.7139386E-09   0.2213509E-03
    10775.00  0.2183831E-03   0.7118030E-09   0.2183838E-03
    10825.00  0.2147733E-03   0.7096741E-09   0.2147740E-03
    10875.00  0.2123309E-03   0.7075517E-09   0.2123316E-03
    10925.00  0.2008614E-03   0.7054359E-09   0.2008621E-03
    10975.00  0.2048036E-03   0.7033265E-09   0.2048043E-03
    11025.00  0.2073551E-03   0.7012234E-09   0.2073558E-03
    11075.00  0.2058202E-03   0.6991265E-09   0.2058209E-03
    11125.00  0.2033208E-03   0.6970358E-09   0.2033215E-03
    11175.00  0.2005418E-03   0.6305079E-09   0.2005424E-03
    11225.00  0.1991030E-03   0.6285542E-09   0.1991036E-03
    11275.00  0.1952460E-03   0.6266077E-09   0.1952466E-03
    11325.00  0.1933557E-03   0.6246686E-09   0.1933563E-03
    11375.00  0.1914322E-03   0.6227365E-09   0.1914328E-03
    11425.00  0.1886706E-03   0.6208113E-09   0.1886712E-03
    11475.00  0.1886280E-03   0.6188928E-09   0.1886286E-03
    11525.00  0.1868525E-03   0.6169813E-09   0.1868531E-03
    11575.00  0.1839991E-03   0.6150764E-09   0.1839997E-03
    11625.00  0.1807930E-03   0.6131783E-09   0.1807936E-03
    11675.00  0.1793839E-03   0.6112870E-09   0.1793845E-03
    11725.00  0.1792897E-03   0.6094021E-09   0.1792903E-03
    11775.00  0.1755331E-03   0.6075238E-09   0.1755337E-03
    11825.00  0.1740188E-03   0.6056519E-09   0.1740194E-03
    11875.00  0.1710669E-03   0.6037865E-09   0.1710675E-03
    11925.00  0.1720206E-03   0.6019275E-09   0.1720212E-03
    11975.00  0.1670208E-03   0.6000748E-09   0.1670214E-03
    12025.00  0.1678144E-03   0.5982283E-09   0.1678150E-03
    12075.00  0.1654111E-03   0.5963881E-09   0.1654117E-03
    12125.00  0.1642479E-03   0.5945540E-09   0.1642485E-03
    12175.00  0.1634736E-03   0.5927261E-09   0.1634742E-03
    12225.00  0.1615669E-03   0.5909044E-09   0.1615675E-03
    12275.00  0.1597607E-03   0.5890887E-09   0.1597613E-03
    12325.00  0.1582390E-03   0.5872790E-09   0.1582396E-03
    12375.00  0.1568253E-03   0.5854753E-09   0.1568259E-03
    12425.00  0.1551965E-03   0.5836776E-09   0.1551971E-03
    12475.00  0.1540004E-03   0.5818859E-09   0.1540010E-03
    12525.00  0.1520412E-03   0.5792387E-09   0.1520418E-03
    12575.00  0.1507001E-03   0.5774635E-09   0.1507007E-03
    12625.00  0.1492754E-03   0.5756942E-09   0.1492760E-03
    12675.00  0.1476040E-03   0.5739307E-09   0.1476046E-03
    12725.00  0.1465986E-03   0.5721731E-09   0.1465992E-03
    12775.00  0.1445417E-03   0.5704213E-09   0.1445423E-03
    12825.00  0.1353022E-03   0.5686753E-09   0.1353028E-03
    12875.00  0.1413501E-03   0.5669350E-09   0.1413507E-03
    12925.00  0.1402997E-03   0.5652005E-09   0.1403003E-03
    12975.00  0.1403026E-03   0.5634718E-09   0.1403032E-03
    13025.00  0.1384646E-03   0.5617487E-09   0.1384652E-03
    13075.00  0.1379084E-03   0.5600276E-09   0.1379090E-03
    13125.00  0.1357296E-03   0.5583117E-09   0.1357302E-03
    13175.00  0.1345598E-03   0.5566014E-09   0.1345604E-03
    13225.00  0.1339354E-03   0.5548965E-09   0.1339360E-03
    13275.00  0.1317198E-03   0.5531971E-09   0.1317204E-03
    13325.00  0.1315611E-03   0.5515032E-09   0.1315617E-03
    13375.00  0.1300657E-03   0.5498148E-09   0.1300662E-03
    13425.00  0.1297859E-03   0.5481319E-09   0.1297864E-03
    13475.00  0.1285181E-03   0.5464544E-09   0.1285186E-03
    13525.00  0.1274869E-03   0.5447823E-09   0.1274874E-03
    13575.00  0.1254184E-03   0.5431158E-09   0.1254189E-03
    13625.00  0.1244249E-03   0.5411024E-09   0.1244254E-03
    13675.00  0.1238522E-03   0.5394480E-09   0.1238527E-03
    13725.00  0.1231524E-03   0.5377991E-09   0.1231529E-03
    13775.00  0.1221079E-03   0.5361555E-09   0.1221084E-03
    13825.00  0.1214224E-03   0.5345174E-09   0.1214229E-03
    13875.00  0.1200041E-03   0.5328847E-09   0.1200046E-03
    13925.00  0.1196563E-03   0.5312574E-09   0.1196568E-03
    13975.00  0.1189432E-03   0.5296354E-09   0.1189437E-03
    14025.00  0.1170504E-03   0.5280189E-09   0.1170509E-03
    14075.00  0.1170738E-03   0.5264077E-09   0.1170743E-03
    14125.00  0.1155189E-03   0.5217687E-09   0.1155194E-03
    14175.00  0.1154931E-03   0.5201843E-09   0.1154936E-03
    14225.00  0.1135701E-03   0.5186053E-09   0.1135706E-03
    14275.00  0.1119602E-03   0.5170315E-09   0.1119607E-03
    14325.00  0.1125675E-03   0.5154629E-09   0.1125680E-03
    14375.00  0.1122273E-03   0.5138996E-09   0.1122278E-03
    14425.00  0.1092463E-03   0.5123415E-09   0.1092468E-03
    14475.00  0.1104043E-03   0.5107887E-09   0.1104048E-03
    14525.00  0.1085952E-03   0.5092411E-09   0.1085957E-03
    14570.00  0.1086046E-03   0.5078527E-09   0.1086051E-03
    14620.00  0.1080507E-03   0.3498302E-09   0.1080510E-03
    14675.00  0.1074184E-03   0.3486301E-09   0.1074187E-03
    14725.00  0.1055814E-03   0.3462824E-09   0.1055817E-03
    14775.00  0.1053848E-03   0.3452075E-09   0.1053851E-03
    14825.00  0.1047351E-03   0.3441374E-09   0.1047354E-03
    14875.00  0.1033630E-03   0.3430719E-09   0.1033633E-03
    14925.00  0.1040653E-03   0.3420112E-09   0.1040656E-03
    14975.00  0.1025376E-03   0.3409551E-09   0.1025379E-03
    15025.00  0.1013477E-03   0.3399036E-09   0.1013480E-03
    15075.00  0.1000858E-03   0.3388568E-09   0.1000861E-03
    15125.00  0.1006853E-03   0.3378145E-09   0.1006856E-03
    15175.00  0.1002528E-03   0.3367768E-09   0.1002531E-03
    15225.00  0.9980985E-04   0.3357440E-09   0.9981019E-04
    15275.00  0.9907737E-04   0.3347161E-09   0.9907770E-04
    15325.00  0.9816438E-04   0.3336926E-09   0.9816471E-04
    15375.00  0.9869669E-04   0.3326735E-09   0.9869702E-04
    15425.00  0.9729241E-04   0.3316588E-09   0.9729274E-04
    15475.00  0.9765252E-04   0.3306484E-09   0.9765285E-04
    15525.00  0.9639665E-04   0.3296424E-09   0.9639698E-04
    15575.00  0.9308295E-04   0.3286406E-09   0.9308328E-04
    15625.00  0.9577809E-04   0.3276430E-09   0.9577842E-04
    15675.00  0.9351505E-04   0.3266498E-09   0.9351538E-04
    15725.00  0.9301731E-04   0.3256607E-09   0.9301764E-04
    15775.00  0.9094097E-04   0.3246758E-09   0.9094129E-04
    15825.00  0.9175765E-04   0.3236951E-09   0.9175797E-04
    15875.00  0.8783068E-04   0.3227185E-09   0.8783100E-04
    15925.00  0.9099381E-04   0.3217460E-09   0.9099413E-04
    15975.00  0.9024663E-04   0.3207776E-09   0.9024695E-04
    16050.00  0.8941183E-04   0.3193327E-09   0.8941215E-04
    16150.00  0.8714049E-04   0.3174202E-09   0.8714081E-04
    16250.00  0.8730996E-04   0.3155237E-09   0.8731028E-04
    16350.00  0.8656527E-04   0.3136430E-09   0.8656558E-04
    16450.00  0.8206311E-04   0.3117779E-09   0.8206342E-04
    16550.00  0.8404966E-04   0.3099283E-09   0.8404997E-04
    16650.00  0.8119399E-04   0.3080940E-09   0.8119430E-04
    16750.00  0.7998345E-04   0.3062749E-09   0.7998376E-04
    16850.00  0.7648687E-04   0.3044707E-09   0.7648717E-04
    16950.00  0.7804713E-04   0.3026814E-09   0.7804743E-04
    17050.00  0.7552266E-04   0.3009068E-09   0.7552296E-04
    17150.00  0.7478169E-04   0.2991467E-09   0.7478199E-04
    17250.00  0.7292382E-04   0.2974010E-09   0.7292412E-04
    17350.00  0.6945261E-04   0.2956696E-09   0.6945291E-04
    17450.00  0.7016370E-04   0.2939522E-09   0.7016399E-04
    17550.00  0.6895407E-04   0.2922489E-09   0.6895436E-04
    17650.00  0.6795115E-04   0.2905594E-09   0.6795144E-04
    17750.00  0.6643673E-04   0.2888836E-09   0.6643702E-04
    17850.00  0.6551398E-04   0.2872213E-09   0.6551427E-04
    17950.00  0.6433777E-04   0.2855725E-09   0.6433806E-04
    18050.00  0.6275742E-04   0.2839370E-09   0.6275770E-04
    18150.00  0.6056392E-04   0.2823147E-09   0.6056420E-04
    18250.00  0.6031543E-04   0.2807059E-09   0.6031571E-04
    18350.00  0.5952523E-04   0.2791136E-09   0.5952551E-04
    18450.00  0.5823685E-04   0.2775338E-09   0.5823713E-04
    18550.00  0.5745027E-04   0.2648163E-09   0.5745053E-04
    18650.00  0.5595793E-04   0.2633247E-09   0.5595819E-04
    18750.00  0.5370012E-04   0.2618449E-09   0.5370038E-04
    18850.00  0.5425818E-04   0.2603769E-09   0.5425844E-04
    18950.00  0.5247095E-04   0.2589204E-09   0.5247121E-04
    19050.00  0.5270273E-04   0.2574754E-09   0.5270299E-04
    19150.00  0.5161641E-04   0.2560418E-09   0.5161667E-04
    19250.00  0.5081157E-04   0.2546195E-09   0.5081182E-04
    19350.00  0.4945247E-04   0.2532084E-09   0.4945272E-04
    19450.00  0.4755039E-04   0.2518083E-09   0.4755064E-04
    19550.00  0.4803371E-04   0.2504192E-09   0.4803396E-04
    19650.00  0.4724217E-04   0.2490410E-09   0.4724242E-04
    19750.00  0.4630754E-04   0.2476736E-09   0.4630779E-04
    19850.00  0.4564227E-04   0.2463168E-09   0.4564252E-04
    19950.00  0.4490180E-04   0.2449706E-09   0.4490204E-04
    20050.00  0.4449610E-04   0.2436350E-09   0.4449634E-04
    20150.00  0.4384958E-04   0.2423097E-09   0.4384982E-04
    20250.00  0.4271423E-04   0.2408845E-09   0.4271447E-04
    20350.00  0.4195598E-04   0.2395806E-09   0.4195622E-04
    20450.00  0.4170972E-04   0.2382870E-09   0.4170996E-04
    20550.00  0.4093829E-04   0.2370033E-09   0.4093853E-04
    20650.00  0.4012858E-04   0.2357296E-09   0.4012882E-04
    20750.00  0.3953825E-04   0.2344657E-09   0.3953848E-04
    20850.00  0.3888118E-04   0.2332115E-09   0.3888141E-04
    20950.00  0.3808404E-04   0.2319671E-09   0.3808427E-04
    21050.00  0.3776044E-04   0.2307322E-09   0.3776067E-04
    21150.00  0.3703652E-04   0.2295068E-09   0.3703675E-04
    21250.00  0.3643859E-04   0.2282908E-09   0.3643882E-04
    21350.00  0.3604023E-04   0.2270841E-09   0.3604046E-04
    21450.00  0.3544529E-04   0.2258867E-09   0.3544552E-04
    21550.00  0.3483850E-04   0.2246506E-09   0.3483872E-04
    21650.00  0.3351566E-04   0.2234715E-09   0.3351588E-04
    21750.00  0.3352996E-04   0.2223013E-09   0.3353018E-04
    21850.00  0.3314364E-04   0.2211401E-09   0.3314386E-04
    21950.00  0.3272346E-04   0.2199878E-09   0.3272368E-04
    22050.00  0.3196082E-04   0.2188441E-09   0.3196104E-04
    22150.00  0.3176164E-04   0.2177092E-09   0.3176186E-04
    22250.00  0.3103498E-04   0.2161612E-09   0.3103520E-04
    22350.00  0.3063090E-04   0.2150473E-09   0.3063112E-04
    22450.00  0.3020716E-04   0.2139418E-09   0.3020737E-04
    22550.00  0.2977921E-04   0.2128445E-09   0.2977942E-04
    22650.00  0.2922569E-04   0.2117555E-09   0.2922590E-04
    22750.00  0.2895695E-04   0.2106747E-09   0.2895716E-04
    22850.00  0.2837299E-04   0.1760928E-09   0.2837317E-04
    22950.00  0.2525742E-04   0.1750048E-09   0.2525760E-04
    23050.00  0.2638958E-04   0.1741326E-09   0.2638975E-04
    23150.00  0.2604335E-04   0.1732669E-09   0.2604352E-04
    23250.00  0.2339002E-04   0.1724078E-09   0.2339019E-04
    23350.00  0.2446900E-04   0.1715552E-09   0.2446917E-04
    23450.00  0.2420145E-04   0.1707090E-09   0.2420162E-04
    23550.00  0.2174980E-04   0.1698691E-09   0.2174997E-04
    23650.00  0.2298922E-04   0.1690355E-09   0.2298939E-04
    23750.00  0.2261651E-04   0.1682082E-09   0.2261668E-04
    23850.00  0.2065588E-04   0.1673870E-09   0.2065605E-04
    23950.00  0.2161256E-04   0.1665719E-09   0.2161273E-04
    24050.00  0.2154421E-04   0.1657628E-09   0.2154438E-04
    24150.00  0.1988746E-04   0.1649598E-09   0.1988762E-04
    24250.00  0.2060241E-04   0.1641627E-09   0.2060257E-04
    24350.00  0.2050479E-04   0.1633715E-09   0.2050495E-04
    24450.00  0.1944763E-04   0.1625861E-09   0.1944779E-04
    24550.00  0.1938158E-04   0.1618064E-09   0.1938174E-04
    24650.00  0.1976681E-04   0.1610325E-09   0.1976697E-04
    24750.00  0.1913673E-04   0.1602643E-09   0.1913689E-04
    24850.00  0.1840444E-04   0.1595016E-09   0.1840460E-04
    24950.00  0.1869623E-04   0.1587445E-09   0.1869639E-04
    25050.00  0.1910983E-04   0.1579930E-09   0.1910999E-04
    25150.00  0.1774276E-04   0.1572468E-09   0.1774292E-04
    25250.00  0.1804737E-04   0.1565061E-09   0.1804753E-04
    25350.00  0.1813619E-04   0.1557708E-09   0.1813635E-04
    25450.00  0.1771292E-04   0.1550407E-09   0.1771308E-04
    25550.00  0.1738113E-04   0.1543159E-09   0.1738128E-04
    25650.00  0.1721883E-04   0.1535963E-09   0.1721898E-04
    25750.00  0.1735971E-04   0.1528819E-09   0.1735986E-04
    25850.00  0.1657411E-04   0.1521725E-09   0.1657426E-04
    25950.00  0.1669531E-04   0.1514683E-09   0.1669546E-04
    26050.00  0.1666564E-04   0.1507691E-09   0.1666579E-04
    26150.00  0.1613967E-04   0.1500748E-09   0.1613982E-04
    26250.00  0.1579428E-04   0.1493855E-09   0.1579443E-04
    26350.00  0.1604881E-04   0.1487010E-09   0.1604896E-04
    26450.00  0.1593970E-04   0.1480214E-09   0.1593985E-04
    26550.00  0.1562114E-04   0.1473466E-09   0.1562129E-04
    26650.00  0.1529993E-04   0.1466765E-09   0.1530008E-04
    26750.00  0.1531634E-04   0.1460111E-09   0.1531649E-04
    26850.00  0.1526508E-04   0.1453505E-09   0.1526523E-04
    26950.00  0.1491202E-04   0.1446944E-09   0.1491216E-04
    27050.00  0.1491629E-04   0.1440429E-09   0.1491643E-04
    27150.00  0.1474439E-04   0.1433960E-09   0.1474453E-04
    27250.00  0.1464547E-04   0.1427535E-09   0.1464561E-04
    27350.00  0.1428574E-04   0.1421155E-09   0.1428588E-04
    27450.00  0.1424788E-04   0.1414820E-09   0.1424802E-04
    27550.00  0.1398312E-04   0.1408528E-09   0.1398326E-04
    27650.00  0.1385641E-04   0.1374785E-09   0.1385655E-04
    27750.00  0.1368293E-04   0.1368714E-09   0.1368307E-04
    27850.00  0.1361908E-04   0.1362685E-09   0.1361922E-04
    27950.00  0.1354035E-04   0.1356698E-09   0.1354049E-04
    28050.00  0.1336097E-04   0.1350751E-09   0.1336111E-04
    28150.00  0.1313930E-04   0.1344845E-09   0.1313943E-04
    28250.00  0.1302733E-04   0.1338979E-09   0.1302746E-04
    28350.00  0.1292777E-04   0.1333153E-09   0.1292790E-04
    28450.00  0.1274554E-04   0.1327367E-09   0.1274567E-04
    28550.00  0.1258067E-04   0.1321620E-09   0.1258080E-04
    28650.00  0.1239405E-04   0.1315912E-09   0.1239418E-04
    28750.00  0.1211303E-04   0.1310242E-09   0.1211316E-04
    28850.00  0.1214057E-04   0.1304610E-09   0.1214070E-04
    28950.00  0.1201530E-04   0.1299017E-09   0.1201543E-04
    29050.00  0.1186763E-04   0.1293461E-09   0.1186776E-04
    29150.00  0.1174509E-04   0.1287942E-09   0.1174522E-04
    29250.00  0.1154642E-04   0.1282460E-09   0.1154655E-04
    29350.00  0.1148397E-04   0.1277014E-09   0.1148410E-04
    29450.00  0.1130263E-04   0.1271605E-09   0.1130276E-04
    29550.00  0.1118008E-04   0.1266232E-09   0.1118021E-04
    29650.00  0.1107353E-04   0.1260894E-09   0.1107366E-04
    29750.00  0.1094099E-04   0.1255388E-09   0.1094112E-04
    29850.00  0.1080065E-04   0.1250121E-09   0.1080078E-04
    29950.00  0.1066869E-04   0.1244888E-09   0.1066881E-04
    30050.00  0.1053712E-04   0.1239690E-09   0.1053724E-04
    30150.00  0.1042978E-04   0.1234526E-09   0.1042990E-04
    30250.00  0.1027726E-04   0.1229396E-09   0.1027738E-04
    30350.00  0.1000572E-04   0.1224299E-09   0.1000584E-04
    30450.00  0.9985077E-05   0.1219236E-09   0.9985199E-05
    30550.00  0.9911352E-05   0.1214206E-09   0.9911473E-05
    30650.00  0.9796360E-05   0.1209208E-09   0.9796481E-05
    30750.00  0.9700435E-05   0.1204243E-09   0.9700555E-05
    30850.00  0.9556319E-05   0.1199310E-09   0.9556439E-05
    30950.00  0.9447493E-05   0.1194409E-09   0.9447612E-05
    31050.00  0.9360181E-05   0.1189539E-09   0.9360300E-05
    31150.00  0.9200130E-05   0.1184701E-09   0.9200248E-05
    31250.00  0.9126971E-05   0.1179893E-09   0.9127089E-05
    31350.00  0.9025994E-05   0.1175027E-09   0.9026112E-05
    31450.00  0.8916251E-05   0.1170282E-09   0.8916368E-05
    31550.00  0.8795949E-05   0.1165567E-09   0.8796066E-05
    31650.00  0.8694402E-05   0.1160882E-09   0.8694518E-05
    31750.00  0.8608050E-05   0.1156227E-09   0.8608166E-05
    31850.00  0.8504988E-05   0.1151602E-09   0.8505103E-05
    31950.00  0.8412972E-05   0.1147006E-09   0.8413087E-05
    32100.00  0.8256574E-05   0.1139312E-09   0.8256688E-05
    32300.00  0.8064438E-05   0.1130303E-09   0.8064551E-05
    32500.00  0.7877771E-05   0.1121407E-09   0.7877883E-05
    32700.00  0.7691244E-05   0.1112622E-09   0.7691355E-05
    32900.00  0.7436305E-05   0.1009320E-09   0.7436406E-05
    33100.00  0.7324460E-05   0.1001138E-09   0.7324560E-05
    33300.00  0.7166713E-05   0.9935105E-10   0.7166812E-05
    33500.00  0.7023250E-05   0.9859763E-10   0.7023349E-05
    33700.00  0.6860801E-05   0.9785337E-10   0.6860899E-05
    33900.00  0.6698271E-05   0.9711812E-10   0.6698368E-05
    34100.00  0.6546171E-05   0.9639175E-10   0.6546267E-05
    34300.00  0.6423738E-05   0.9567412E-10   0.6423834E-05
    34500.00  0.6288071E-05   0.9496507E-10   0.6288166E-05
    34700.00  0.6148086E-05   0.9426448E-10   0.6148180E-05
    34900.00  0.6016806E-05   0.9357221E-10   0.6016900E-05
    35100.00  0.5892055E-05   0.9288813E-10   0.5892148E-05
    35300.00  0.5755091E-05   0.9221211E-10   0.5755183E-05
    35500.00  0.5641917E-05   0.9154403E-10   0.5642009E-05
    35700.00  0.5516615E-05   0.9088376E-10   0.5516706E-05
    35900.00  0.5406636E-05   0.9023119E-10   0.5406726E-05
    36100.00  0.5293776E-05   0.8958618E-10   0.5293866E-05
    36300.00  0.5194632E-05   0.8894863E-10   0.5194721E-05
    36500.00  0.5063313E-05   0.8831842E-10   0.5063401E-05
    36700.00  0.4968387E-05   0.8769544E-10   0.4968475E-05
    36900.00  0.4836005E-05   0.8707958E-10   0.4836092E-05
    37100.00  0.4746268E-05   0.8647072E-10   0.4746354E-05
    37300.00  0.4650335E-05   0.8586877E-10   0.4650421E-05
    37500.00  0.4509513E-05   0.8527362E-10   0.4509598E-05
    37700.00  0.4484847E-05   0.8468516E-10   0.4484932E-05
    37900.00  0.4394923E-05   0.8410330E-10   0.4395007E-05
    38100.00  0.4300620E-05   0.8352794E-10   0.4300704E-05
    38300.00  0.4226933E-05   0.8295897E-10   0.4227016E-05
    38500.00  0.4156285E-05   0.8239632E-10   0.4156367E-05
    38700.00  0.4062830E-05   0.8098416E-10   0.4062911E-05
    38900.00  0.3985708E-05   0.8044064E-10   0.3985788E-05
    39100.00  0.3895390E-05   0.7990307E-10   0.3895470E-05
    39300.00  0.3841752E-05   0.7937137E-10   0.3841831E-05
    39500.00  0.3757503E-05   0.7884544E-10   0.3757582E-05
    39700.00  0.3691683E-05   0.7832521E-10   0.3691761E-05
    39900.00  0.3601167E-05   0.7781059E-10   0.3601245E-05
    40100.00  0.3536085E-05   0.7730150E-10   0.3536162E-05
    40300.00  0.3472543E-05   0.7679786E-10   0.3472620E-05
    40500.00  0.3387962E-05   0.7629960E-10   0.3388038E-05
    40700.00  0.3353938E-05   0.7580663E-10   0.3354014E-05
    40900.00  0.3295566E-05   0.7531888E-10   0.3295641E-05
    41100.00  0.3237233E-05   0.7483116E-10   0.3237308E-05
    41300.00  0.3180502E-05   0.7435364E-10   0.3180576E-05
    41500.00  0.3115294E-05   0.7388113E-10   0.3115368E-05
    41700.00  0.3039196E-05   0.7341355E-10   0.3039269E-05
    41900.00  0.2999832E-05   0.7295083E-10   0.2999905E-05
    42100.00  0.2941326E-05   0.7249290E-10   0.2941398E-05
    42300.00  0.2903630E-05   0.7203970E-10   0.2903702E-05
    42500.00  0.2843157E-05   0.7159116E-10   0.2843229E-05
    42700.00  0.2799336E-05   0.7114722E-10   0.2799407E-05
    42900.00  0.2630839E-05   0.7070781E-10   0.2630910E-05
    43100.00  0.2481922E-05   0.7027078E-10   0.2481992E-05
    43300.00  0.2503114E-05   0.6984029E-10   0.2503184E-05
    43500.00  0.2354886E-05   0.6941415E-10   0.2354955E-05
    43700.00  0.2275366E-05   0.6899229E-10   0.2275435E-05
    43900.00  0.2232320E-05   0.6855233E-10   0.2232389E-05
    44100.00  0.2105833E-05   0.6813912E-10   0.2105901E-05
    44300.00  0.2089216E-05   0.6773003E-10   0.2089284E-05
    44500.00  0.2040104E-05   0.6732500E-10   0.2040171E-05
    44700.00  0.1941052E-05   0.6619018E-10   0.1941118E-05
    44900.00  0.1963767E-05   0.6328378E-10   0.1963830E-05
    45100.00  0.1902826E-05   0.6291374E-10   0.1902889E-05
    45300.00  0.1831444E-05   0.6254731E-10   0.1831507E-05
    45500.00  0.1837742E-05   0.6218444E-10   0.1837804E-05
    45700.00  0.1811650E-05   0.6182507E-10   0.1811712E-05
    45900.00  0.1728888E-05   0.6146917E-10   0.1728949E-05
    46100.00  0.1753786E-05   0.6111669E-10   0.1753847E-05
    46300.00  0.1708161E-05   0.6076759E-10   0.1708222E-05
    46500.00  0.1673705E-05   0.6042181E-10   0.1673765E-05
    46700.00  0.1664241E-05   0.6007932E-10   0.1664301E-05
    46900.00  0.1645453E-05   0.5974008E-10   0.1645513E-05
    47100.00  0.1610062E-05   0.5940404E-10   0.1610121E-05
    47300.00  0.1622379E-05   0.5907116E-10   0.1622438E-05
    47500.00  0.1584323E-05   0.5874141E-10   0.1584382E-05
    47700.00  0.1563138E-05   0.5841473E-10   0.1563196E-05
    47900.00  0.1541918E-05   0.5809110E-10   0.1541976E-05
    48100.00  0.1502582E-05   0.5777048E-10   0.1502640E-05
    48300.00  0.1517982E-05   0.5745282E-10   0.1518039E-05
    48500.00  0.1484259E-05   0.5713809E-10   0.1484316E-05
    48700.00  0.1452108E-05   0.5682625E-10   0.1452165E-05
    48900.00  0.1437873E-05   0.5651727E-10   0.1437930E-05
    49100.00  0.1413711E-05   0.5621111E-10   0.1413767E-05
    49300.00  0.1394616E-05   0.5590773E-10   0.1394672E-05
    49500.00  0.1369821E-05   0.5560711E-10   0.1369877E-05
    49700.00  0.1364728E-05   0.5530920E-10   0.1364783E-05
    49900.00  0.1340704E-05   0.5501398E-10   0.1340759E-05
    50100.00  0.1328967E-05   0.5472140E-10   0.1329022E-05
    50300.00  0.1310513E-05   0.5443145E-10   0.1310567E-05
    50500.00  0.1277890E-05   0.5414408E-10   0.1277944E-05
    50700.00  0.1267533E-05   0.5385927E-10   0.1267587E-05
    50900.00  0.1252670E-05   0.5357698E-10   0.1252724E-05
    51100.00  0.1226693E-05   0.5329718E-10   0.1226746E-05
    51300.00  0.1206771E-05   0.5301985E-10   0.1206824E-05
    51500.00  0.1195807E-05   0.5242998E-10   0.1195859E-05
    51700.00  0.1197033E-05   0.5215950E-10   0.1197085E-05
    51900.00  0.1171775E-05   0.5189138E-10   0.1171827E-05
    52100.00  0.1156814E-05   0.5162559E-10   0.1156866E-05
    52300.00  0.1138160E-05   0.5136210E-10   0.1138211E-05
    52500.00  0.1130803E-05   0.5110088E-10   0.1130854E-05
    52700.00  0.1131032E-05   0.5084191E-10   0.1131083E-05
    52900.00  0.1097107E-05   0.5058515E-10   0.1097158E-05
    53100.00  0.1080995E-05   0.5033060E-10   0.1081045E-05
    53300.00  0.1075446E-05   0.5007821E-10   0.1075496E-05
    53500.00  0.1061279E-05   0.4982797E-10   0.1061329E-05
    53700.00  0.1049464E-05   0.4957984E-10   0.1049514E-05
    53900.00  0.1038300E-05   0.4933381E-10   0.1038349E-05
    54100.00  0.1025806E-05   0.4908985E-10   0.1025855E-05
    54300.00  0.1005601E-05   0.4884625E-10   0.1005650E-05
    54500.00  0.1003516E-05   0.4860635E-10   0.1003565E-05
    54700.00  0.9838655E-06   0.4836846E-10   0.9839139E-06
    54900.00  0.9756042E-06   0.4813254E-10   0.9756523E-06
    55100.00  0.9593931E-06   0.4789858E-10   0.9594410E-06
    55300.00  0.9674146E-06   0.4766655E-10   0.9674623E-06
    55500.00  0.9367756E-06   0.4743643E-10   0.9368230E-06
    55700.00  0.9384040E-06   0.4720820E-10   0.9384512E-06
    55900.00  0.9200110E-06   0.4698184E-10   0.9200580E-06
    56100.00  0.9159252E-06   0.4675732E-10   0.9159720E-06
    56300.00  0.8957053E-06   0.4653463E-10   0.8957518E-06
    56500.00  0.8938032E-06   0.4631306E-10   0.8938495E-06
    56700.00  0.8818729E-06   0.4609398E-10   0.8819190E-06
    56900.00  0.8639803E-06   0.4587666E-10   0.8640262E-06
    57100.00  0.8628701E-06   0.4566110E-10   0.8629158E-06
    57300.00  0.8523715E-06   0.4544726E-10   0.8524169E-06
    57500.00  0.8418169E-06   0.4522814E-10   0.8418621E-06
    57700.00  0.8300274E-06   0.4501779E-10   0.8300724E-06
    57900.00  0.8254560E-06   0.4480910E-10   0.8255008E-06
    58100.00  0.8120538E-06   0.4460207E-10   0.8120984E-06
    58300.00  0.8034628E-06   0.4439666E-10   0.8035072E-06
    58500.00  0.7946826E-06   0.4291476E-10   0.7947255E-06
    58700.00  0.7809888E-06   0.4271573E-10   0.7810315E-06
    58900.00  0.7726656E-06   0.4252246E-10   0.7727081E-06
    59100.00  0.7585654E-06   0.4233069E-10   0.7586077E-06
    59300.00  0.7573082E-06   0.4214041E-10   0.7573503E-06
    59500.00  0.7461802E-06   0.4195159E-10   0.7462222E-06
    59700.00  0.7411363E-06   0.4176423E-10   0.7411781E-06
    59900.00  0.7323264E-06   0.4157831E-10   0.7323680E-06
    60100.00  0.7239863E-06   0.4139381E-10   0.7240277E-06
    60300.00  0.7152463E-06   0.4121072E-10   0.7152875E-06
    60500.00  0.7038676E-06   0.4102902E-10   0.7039086E-06
    60700.00  0.6965168E-06   0.4084870E-10   0.6965576E-06
    60900.00  0.6878380E-06   0.4066974E-10   0.6878787E-06
    61100.00  0.6786885E-06   0.4049214E-10   0.6787290E-06
    61300.00  0.6725798E-06   0.4031587E-10   0.6726201E-06
    61500.00  0.6657419E-06   0.4014092E-10   0.6657820E-06
    61700.00  0.6603294E-06   0.3996728E-10   0.6603694E-06
    61900.00  0.6518117E-06   0.3979494E-10   0.6518515E-06
    62100.00  0.6455128E-06   0.3962388E-10   0.6455524E-06
    62300.00  0.6359026E-06   0.3945408E-10   0.6359421E-06
    62500.00  0.6267613E-06   0.3928554E-10   0.6268006E-06
    62700.00  0.6200045E-06   0.3911825E-10   0.6200436E-06
    62900.00  0.6132136E-06   0.3895218E-10   0.6132526E-06
    63100.00  0.6058275E-06   0.3878733E-10   0.6058663E-06
    63300.00  0.6011396E-06   0.3862369E-10   0.6011782E-06
    63500.00  0.5929133E-06   0.3846124E-10   0.5929518E-06
    63700.00  0.5886137E-06   0.3829997E-10   0.5886520E-06
    63900.00  0.5786490E-06   0.3813987E-10   0.5786871E-06
    64200.00  0.5703130E-06   0.3790188E-10   0.5703509E-06
    64600.00  0.5565879E-06   0.3758855E-10   0.5566255E-06
    65000.00  0.5443609E-06   0.3727969E-10   0.5443982E-06
    65400.00  0.5317618E-06   0.3697521E-10   0.5317988E-06
    65800.00  0.5206865E-06   0.3667503E-10   0.5207232E-06
    66200.00  0.5083810E-06   0.3624789E-10   0.5084172E-06
    66600.00  0.4971865E-06   0.3595743E-10   0.4972225E-06
    67000.00  0.4864529E-06   0.3567099E-10   0.4864886E-06
    67400.00  0.4751121E-06   0.3538851E-10   0.4751475E-06
    67800.00  0.4647120E-06   0.3510991E-10   0.4647471E-06
    68200.00  0.4543759E-06   0.3483511E-10   0.4544107E-06
    68600.00  0.4447744E-06   0.3456404E-10   0.4448090E-06
    69000.00  0.4346140E-06   0.3429663E-10   0.4346483E-06
    69400.00  0.4252406E-06   0.3403225E-10   0.4252746E-06
    69800.00  0.4160249E-06   0.3377195E-10   0.4160587E-06
    70200.00  0.4067904E-06   0.3351512E-10   0.4068239E-06
    70600.00  0.3982717E-06   0.3326169E-10   0.3983050E-06
    71000.00  0.3895942E-06   0.3301160E-10   0.3896272E-06
    71400.00  0.3813542E-06   0.3276477E-10   0.3813870E-06
    71800.00  0.3731322E-06   0.3252094E-10   0.3731647E-06
    72200.00  0.3652501E-06   0.3228048E-10   0.3652824E-06
    72600.00  0.3574003E-06   0.3204313E-10   0.3574323E-06
    73000.00  0.3499779E-06   0.3180648E-10   0.3500097E-06
    73400.00  0.3425141E-06   0.3157519E-10   0.3425457E-06
    73800.00  0.3354482E-06   0.3134682E-10   0.3354795E-06
    74200.00  0.3281467E-06   0.3055835E-10   0.3281773E-06
    74600.00  0.3195936E-06   0.3034106E-10   0.3196239E-06
    75000.00  0.3131411E-06   0.3012648E-10   0.3131712E-06
    75400.00  0.3082332E-06   0.2991456E-10   0.3082631E-06
    75800.00  0.3022396E-06   0.2970527E-10   0.3022693E-06
    76200.00  0.2960894E-06   0.2949854E-10   0.2961189E-06
    76600.00  0.2900849E-06   0.2929434E-10   0.2901142E-06
    77000.00  0.2841984E-06   0.2909263E-10   0.2842275E-06
    77400.00  0.2785814E-06   0.2889336E-10   0.2786103E-06
    77800.00  0.2730093E-06   0.2869650E-10   0.2730380E-06
    78200.00  0.2675883E-06   0.2850200E-10   0.2676168E-06
    78600.00  0.2623078E-06   0.2830982E-10   0.2623361E-06
    79000.00  0.2571174E-06   0.2811992E-10   0.2571455E-06
    79400.00  0.2520656E-06   0.2793227E-10   0.2520935E-06
    79800.00  0.2471799E-06   0.2774683E-10   0.2472076E-06
    80200.00  0.2423106E-06   0.2756356E-10   0.2423382E-06
    80600.00  0.2376177E-06   0.2738243E-10   0.2376451E-06
    81000.00  0.2331296E-06   0.2720340E-10   0.2331568E-06
    81400.00  0.2285607E-06   0.2702644E-10   0.2285877E-06
    81800.00  0.2242944E-06   0.2685151E-10   0.2243213E-06
    82200.00  0.2200864E-06   0.2667859E-10   0.2201131E-06
    82600.00  0.2158962E-06   0.2644733E-10   0.2159226E-06
    83000.00  0.2118585E-06   0.2627884E-10   0.2118848E-06
    83400.00  0.2077941E-06   0.2611225E-10   0.2078202E-06
    83800.00  0.2039516E-06   0.2594754E-10   0.2039775E-06
    84200.00  0.2002507E-06   0.2578466E-10   0.2002765E-06
    84600.00  0.1965401E-06   0.2562360E-10   0.1965657E-06
    85000.00  0.1929291E-06   0.2546433E-10   0.1929546E-06
    85400.00  0.1894256E-06   0.2530681E-10   0.1894509E-06
    85800.00  0.1859529E-06   0.2515103E-10   0.1859781E-06
    86200.00  0.1826256E-06   0.2499669E-10   0.1826506E-06
    86600.00  0.1793486E-06   0.2484429E-10   0.1793734E-06
    87000.00  0.1761248E-06   0.2469354E-10   0.1761495E-06
    87400.00  0.1729904E-06   0.2454442E-10   0.1730149E-06
    87800.00  0.1698929E-06   0.2439690E-10   0.1699173E-06
    88200.00  0.1668388E-06   0.2425095E-10   0.1668631E-06
    88600.00  0.1639142E-06   0.2410657E-10   0.1639383E-06
    89000.00  0.1610074E-06   0.2396357E-10   0.1610314E-06
    89400.00  0.1582407E-06   0.2382220E-10   0.1582645E-06
    89800.00  0.1554419E-06   0.2368233E-10   0.1554656E-06
    90200.00  0.1527934E-06   0.2354300E-10   0.1528169E-06
    90600.00  0.1501963E-06   0.2340603E-10   0.1502197E-06
    91000.00  0.1474918E-06   0.2327049E-10   0.1475151E-06
    91400.00  0.1450518E-06   0.2286556E-10   0.1450747E-06
    91800.00  0.1425999E-06   0.2273435E-10   0.1426226E-06
    92200.00  0.1402170E-06   0.2260510E-10   0.1402396E-06
    92600.00  0.1378479E-06   0.2247716E-10   0.1378704E-06
    93000.00  0.1355353E-06   0.2235052E-10   0.1355577E-06
    93400.00  0.1332467E-06   0.2222516E-10   0.1332689E-06
    93800.00  0.1310383E-06   0.2210106E-10   0.1310604E-06
    94200.00  0.1288704E-06   0.2197820E-10   0.1288924E-06
    94600.00  0.1267103E-06   0.2185657E-10   0.1267322E-06
    95000.00  0.1246390E-06   0.2173614E-10   0.1246607E-06
    95400.00  0.1225927E-06   0.2161691E-10   0.1226143E-06
    95800.00  0.1205865E-06   0.2149885E-10   0.1206080E-06
    96200.00  0.1186130E-06   0.2138196E-10   0.1186344E-06
    96600.00  0.1167094E-06   0.2126620E-10   0.1167307E-06
    97000.00  0.1148228E-06   0.2115157E-10   0.1148440E-06
    97400.00  0.1128997E-06   0.2103805E-10   0.1129207E-06
    97800.00  0.1111467E-06   0.2092563E-10   0.1111676E-06
    98200.00  0.1094154E-06   0.2081429E-10   0.1094362E-06
    98600.00  0.1076681E-06   0.2070402E-10   0.1076888E-06
    99000.00  0.1059839E-06   0.2059480E-10   0.1060045E-06
    99400.00  0.1042874E-06   0.2048662E-10   0.1043079E-06
    99800.00  0.1026417E-06   0.2037946E-10   0.1026621E-06
   100200.00  0.1010474E-06   0.5341101E-11   0.1010527E-06
   200000.00  0.6538552E-08   0.1340622E-11   0.6539893E-08
   400000.00  0.4103527E-09   0.3351554E-12   0.4106879E-09
   600000.00  0.8056927E-10   0.1489580E-12   0.8071823E-10
   800000.00  0.2532183E-10   0.8378886E-13   0.2540562E-10
  1000000.00  0.1030167E-10   0.5362487E-13   0.1035529E-10
  1200000.00  0.4937149E-11   0.3723949E-13   0.4974388E-11
  1400000.00  0.2649920E-11   0.2735963E-13   0.2677280E-11
  1600000.00  0.1544787E-11   0.2094722E-13   0.1565734E-11
