       91.00  0.2573982E-30   0.0000000E+00   0.2573982E-30
       94.00  0.2573982E-30   0.0000000E+00   0.2573982E-30
       96.00  0.2573982E-30   0.0000000E+00   0.2573982E-30
       98.00  0.2573982E-30   0.0000000E+00   0.2573982E-30
      100.00  0.2573982E-30   0.0000000E+00   0.2573982E-30
      102.00  0.2573982E-30   0.0000000E+00   0.2573982E-30
      104.00  0.2573982E-30   0.0000000E+00   0.2573982E-30
      106.00  0.2573982E-30   0.0000000E+00   0.2573982E-30
      108.00  0.2573982E-30   0.0000000E+00   0.2573982E-30
      110.00  0.2573982E-30   0.0000000E+00   0.2573982E-30
      114.00  0.2573982E-30   0.0000000E+00   0.2573982E-30
      118.00  0.2573982E-30   0.0000000E+00   0.2573982E-30
      121.00  0.2573982E-30   0.0000000E+00   0.2573982E-30
      125.00  0.2573982E-30   0.0000000E+00   0.2573982E-30
      127.00  0.2573982E-30   0.0000000E+00   0.2573982E-30
      128.00  0.2573982E-30   0.0000000E+00   0.2573982E-30
      131.00  0.2573982E-30   0.0000000E+00   0.2573982E-30
      132.00  0.2573982E-30   0.0000000E+00   0.2573982E-30
      134.00  0.2573982E-30   0.0000000E+00   0.2573982E-30
      137.00  0.2573982E-30   0.0000000E+00   0.2573982E-30
      140.00  0.2573982E-30   0.0000000E+00   0.2573982E-30
      143.00  0.2573982E-30   0.0000000E+00   0.2573982E-30
      147.00  0.2573982E-30   0.0000000E+00   0.2573982E-30
      151.00  0.2573982E-30   0.0000000E+00   0.2573982E-30
      155.00  0.2573982E-30   0.0000000E+00   0.2573982E-30
      159.00  0.2573982E-30   0.0000000E+00   0.2573982E-30
      162.00  0.2573982E-30   0.0000000E+00   0.2573982E-30
      166.00  0.2573982E-30   0.0000000E+00   0.2573982E-30
      170.00  0.2573982E-30   0.0000000E+00   0.2573982E-30
      173.00  0.2573982E-30   0.0000000E+00   0.2573982E-30
      177.00  0.2573982E-30   0.0000000E+00   0.2573982E-30
      180.00  0.2573982E-30   0.0000000E+00   0.2573982E-30
      182.00  0.2573982E-30   0.0000000E+00   0.2573982E-30
      186.00  0.2573982E-30   0.0000000E+00   0.2573982E-30
      191.00  0.2573982E-30   0.0000000E+00   0.2573982E-30
      194.00  0.2573982E-30   0.0000000E+00   0.2573982E-30
      198.00  0.2573982E-30   0.0000000E+00   0.2573982E-30
      202.00  0.2573982E-30   0.0000000E+00   0.2573982E-30
      205.00  0.2573982E-30   0.0000000E+00   0.2573982E-30
      210.00  0.2573982E-30   0.0000000E+00   0.2573982E-30
      216.00  0.2573982E-30   0.0000000E+00   0.2573982E-30
      220.00  0.2573982E-30   0.0000000E+00   0.2573982E-30
      223.00  0.2573982E-30   0.0000000E+00   0.2573982E-30
      227.00  0.2573982E-30   0.0000000E+00   0.2573982E-30
      228.00  0.2573982E-30   0.0000000E+00   0.2573982E-30
      228.00  0.1892755E-21   0.0000000E+00   0.1892755E-21
      230.00  0.6508200E-21   0.0000000E+00   0.6508200E-21
      234.00  0.1573909E-20   0.0000000E+00   0.1573909E-20
      240.00  0.4684389E-20   0.0000000E+00   0.4684389E-20
      246.00  0.1426503E-19   0.0000000E+00   0.1426503E-19
      252.00  0.3735154E-19   0.0000000E+00   0.3735154E-19
      257.00  0.7330780E-19   0.0000000E+00   0.7330780E-19
      260.00  0.1211108E-18   0.0000000E+00   0.1211108E-18
      264.00  0.2195912E-18   0.0000000E+00   0.2195912E-18
      269.00  0.4156103E-18   0.0000000E+00   0.4156103E-18
      274.00  0.8264360E-18   0.0000000E+00   0.8264360E-18
      279.00  0.1623204E-17   0.0000000E+00   0.1623204E-17
      284.00  0.3331866E-17   0.0000000E+00   0.3331866E-17
      290.00  0.7029808E-17   0.0000000E+00   0.7029808E-17
      296.00  0.1433318E-16   0.0000000E+00   0.1433318E-16
      301.00  0.2562791E-16   0.0000000E+00   0.2562791E-16
      308.00  0.5585409E-16   0.0000000E+00   0.5585409E-16
      318.00  0.1633561E-15   0.0000000E+00   0.1633561E-15
      328.00  0.4429191E-15   0.0000000E+00   0.4429191E-15
      338.00  0.1158654E-14   0.0000000E+00   0.1158654E-14
      348.00  0.2869231E-14   0.0000000E+00   0.2869231E-14
      353.30  0.4179192E-14   0.0000000E+00   0.4179192E-14
      353.30  0.3453785E-14   0.0000000E+00   0.3453785E-14
      357.00  0.6412922E-14   0.0000000E+00   0.6412922E-14
      366.00  0.1361080E-13   0.0000000E+00   0.1361080E-13
      375.00  0.2750327E-13   0.0000000E+00   0.2750327E-13
      385.00  0.5849411E-13   0.0000000E+00   0.5849411E-13
      395.00  0.1199687E-12   0.0000000E+00   0.1199687E-12
      405.00  0.2384151E-12   0.0000000E+00   0.2384151E-12
      414.00  0.4328568E-12   0.0000000E+00   0.4328568E-12
      422.00  0.7170333E-12   0.0000000E+00   0.7170333E-12
      430.00  0.1165053E-11   0.0000000E+00   0.1165053E-11
      441.00  0.2240293E-11   0.0000000E+00   0.2240293E-11
      451.00  0.3940833E-11   0.0000000E+00   0.3940833E-11
      460.00  0.6411431E-11   0.0000000E+00   0.6411431E-11
      470.00  0.1080353E-10   0.0000000E+00   0.1080353E-10
      480.00  0.1779525E-10   0.0000000E+00   0.1779525E-10
      490.00  0.2883393E-10   0.0000000E+00   0.2883393E-10
      500.00  0.4574340E-10   0.0000000E+00   0.4574340E-10
      504.60  0.5415101E-10   0.0000000E+00   0.5415101E-10
      504.60  0.3125083E-07   0.0000000E+00   0.3125083E-07
      506.00  0.8938067E-08   0.0000000E+00   0.8938067E-08
      512.00  0.5356359E-07   0.0000000E+00   0.5356359E-07
      520.00  0.6914873E-07   0.0000000E+00   0.6914873E-07
      530.00  0.1014408E-06   0.0000000E+00   0.1014408E-06
      540.00  0.1165014E-06   0.0000000E+00   0.1165014E-06
      550.00  0.1884739E-06   0.0000000E+00   0.1884739E-06
      560.00  0.2380198E-06   0.0000000E+00   0.2380198E-06
      570.00  0.3183823E-06   0.0000000E+00   0.3183823E-06
      580.00  0.3268668E-06   0.0000000E+00   0.3268668E-06
      590.00  0.4697943E-06   0.0000000E+00   0.4697943E-06
      600.00  0.6198172E-06   0.0000000E+00   0.6198172E-06
      610.00  0.7958675E-06   0.0000000E+00   0.7958675E-06
      620.00  0.9495405E-06   0.0000000E+00   0.9495405E-06
      630.00  0.1160045E-05   0.0000000E+00   0.1160045E-05
      640.00  0.1321168E-05   0.0000000E+00   0.1321168E-05
      650.00  0.1620905E-05   0.0000000E+00   0.1620905E-05
      658.00  0.1917534E-05   0.0000000E+00   0.1917534E-05
      665.00  0.2099272E-05   0.0000000E+00   0.2099272E-05
      675.00  0.2389704E-05   0.0000000E+00   0.2389704E-05
      685.00  0.2777123E-05   0.0000000E+00   0.2777123E-05
      695.00  0.3406598E-05   0.0000000E+00   0.3406598E-05
      705.00  0.3874804E-05   0.0000000E+00   0.3874804E-05
      716.00  0.4542701E-05   0.0000000E+00   0.4542701E-05
      726.00  0.5148933E-05   0.0000000E+00   0.5148933E-05
      735.00  0.5726593E-05   0.0000000E+00   0.5726593E-05
      745.00  0.6725955E-05   0.0000000E+00   0.6725955E-05
      755.00  0.7689948E-05   0.0000000E+00   0.7689948E-05
      765.00  0.8723488E-05   0.0000000E+00   0.8723488E-05
      775.00  0.9919766E-05   0.0000000E+00   0.9919766E-05
      785.00  0.1116027E-04   0.0000000E+00   0.1116027E-04
      795.00  0.1226397E-04   0.0000000E+00   0.1226397E-04
      805.00  0.1362126E-04   0.0000000E+00   0.1362126E-04
      815.00  0.1489199E-04   0.0000000E+00   0.1489199E-04
      825.00  0.1681824E-04   0.0000000E+00   0.1681824E-04
      835.00  0.1731815E-04   0.0000000E+00   0.1731815E-04
      845.00  0.1977825E-04   0.0000000E+00   0.1977825E-04
      855.00  0.2168845E-04   0.0000000E+00   0.2168845E-04
      865.00  0.2396710E-04   0.0000000E+00   0.2396710E-04
      875.00  0.2654896E-04   0.0000000E+00   0.2654896E-04
      885.00  0.2956076E-04   0.0000000E+00   0.2956076E-04
      895.00  0.3215340E-04   0.0000000E+00   0.3215340E-04
      905.00  0.3327406E-04   0.0000000E+00   0.3327406E-04
      912.40  0.3315569E-04   0.2943240E-11   0.3315569E-04
      912.40  0.2139993E-03   0.2943314E-11   0.2139993E-03
      915.00  0.6673692E-04   0.3192480E-11   0.6673692E-04
      925.00  0.3612617E-03   0.4082780E-11   0.3612617E-03
      935.00  0.1215587E-02   0.5192738E-11   0.1215587E-02
      945.00  0.4400297E-02   0.6569409E-11   0.4400297E-02
      955.00  0.9119394E-02   0.8268362E-11   0.9119394E-02
      965.00  0.1178009E-01   0.1035491E-10   0.1178009E-01
      975.00  0.1555427E-02   0.1290550E-10   0.1555427E-02
      985.00  0.1216972E-01   0.1600921E-10   0.1216972E-01
      995.00  0.1230272E-01   0.1976940E-10   0.1230272E-01
     1005.00  0.1799832E-01   0.2430555E-10   0.1799832E-01
     1015.00  0.1634820E-01   0.2975523E-10   0.1634820E-01
     1025.00  0.3490421E-02   0.3627623E-10   0.3490421E-02
     1035.00  0.9421852E-02   0.4404888E-10   0.9421852E-02
     1045.00  0.2230197E-01   0.5327878E-10   0.2230197E-01
     1055.00  0.2213903E-01   0.6419891E-10   0.2213903E-01
     1065.00  0.1707122E-01   0.7707295E-10   0.1707122E-01
     1075.00  0.2077283E-01   0.9219821E-10   0.2077283E-01
     1085.00  0.1510432E-01   0.1099089E-09   0.1510432E-01
     1095.00  0.2122030E-01   0.1305796E-09   0.2122030E-01
     1105.00  0.1942335E-01   0.1546288E-09   0.1942335E-01
     1115.00  0.1786916E-01   0.1825228E-09   0.1786916E-01
     1125.00  0.1655042E-01   0.2147795E-09   0.1655042E-01
     1135.00  0.2111398E-01   0.2519731E-09   0.2111398E-01
     1145.00  0.1861025E-01   0.2947380E-09   0.1861025E-01
     1155.00  0.1986704E-01   0.3437736E-09   0.1986704E-01
     1165.00  0.2085821E-01   0.3998491E-09   0.2085821E-01
     1175.00  0.1522137E-01   0.4638083E-09   0.1522137E-01
     1185.00  0.2082979E-01   0.5365745E-09   0.2082979E-01
     1195.00  0.1299419E-01   0.6191560E-09   0.1299419E-01
     1205.00  0.8504007E-02   0.7126514E-09   0.8504008E-02
     1215.00  0.3596545E-02   0.8182553E-09   0.3596546E-02
     1225.00  0.1236663E-01   0.1134059E-06   0.1236674E-01
     1235.00  0.2037955E-01   0.2155743E-06   0.2037977E-01
     1245.00  0.2194095E-01   0.3024291E-06   0.2194125E-01
     1255.00  0.2052963E-01   0.3766259E-06   0.2053001E-01
     1265.00  0.1682606E-01   0.4401336E-06   0.1682650E-01
     1275.00  0.2144441E-01   0.4945094E-06   0.2144490E-01
     1285.00  0.2195178E-01   0.5410250E-06   0.2195232E-01
     1295.00  0.1655419E-01   0.5807396E-06   0.1655477E-01
     1305.00  0.1675196E-01   0.6145466E-06   0.1675257E-01
     1315.00  0.2081081E-01   0.6432067E-06   0.2081145E-01
     1325.00  0.1931247E-01   0.6673729E-06   0.1931314E-01
     1335.00  0.1644760E-01   0.6876084E-06   0.1644829E-01
     1345.00  0.2006547E-01   0.7044013E-06   0.2006617E-01
     1355.00  0.1919968E-01   0.7181769E-06   0.1920040E-01
     1365.00  0.1689193E-01   0.7293063E-06   0.1689266E-01
     1375.00  0.1758008E-01   0.7381150E-06   0.1758082E-01
     1385.00  0.1791313E-01   0.7448889E-06   0.1791387E-01
     1395.00  0.1590103E-01   0.7498799E-06   0.1590178E-01
     1405.00  0.1660819E-01   0.7533106E-06   0.1660894E-01
     1415.00  0.1618329E-01   0.7553778E-06   0.1618405E-01
     1425.00  0.1652654E-01   0.7562563E-06   0.1652730E-01
     1435.00  0.1640359E-01   0.7561013E-06   0.1640435E-01
     1442.00  0.1708624E-01   0.7554527E-06   0.1708700E-01
     1447.00  0.1702580E-01   0.7547451E-06   0.1702655E-01
     1455.00  0.1651836E-01   0.7532299E-06   0.1651911E-01
     1465.00  0.1523996E-01   0.7507475E-06   0.1524071E-01
     1475.00  0.1510804E-01   0.7477032E-06   0.1510879E-01
     1485.00  0.1501451E-01   0.7441859E-06   0.1501525E-01
     1495.00  0.1504129E-01   0.7402758E-06   0.1504203E-01
     1505.00  0.1405018E-01   0.7360453E-06   0.1405092E-01
     1512.00  0.1242536E-01   0.7329285E-06   0.1242609E-01
     1517.00  0.1320919E-01   0.7306373E-06   0.1320992E-01
     1525.00  0.1310734E-01   0.7268784E-06   0.1310807E-01
     1535.00  0.1151595E-01   0.7220553E-06   0.1151667E-01
     1545.00  0.1229113E-01   0.7171397E-06   0.1229185E-01
     1555.00  0.1161550E-01   0.7121741E-06   0.1161621E-01
     1565.00  0.1180154E-01   0.7072015E-06   0.1180225E-01
     1575.00  0.1240514E-01   0.7022599E-06   0.1240584E-01
     1585.00  0.1271280E-01   0.6973843E-06   0.1271350E-01
     1595.00  0.1286989E-01   0.6926071E-06   0.1287058E-01
     1605.00  0.1260676E-01   0.6879584E-06   0.1260745E-01
     1615.00  0.1268005E-01   0.6834663E-06   0.1268073E-01
     1625.00  0.1196149E-01   0.6791571E-06   0.1196217E-01
     1635.00  0.1261481E-01   0.6750553E-06   0.1261549E-01
     1645.00  0.1257187E-01   0.6711844E-06   0.1257254E-01
     1655.00  0.1164519E-01   0.6675666E-06   0.1164586E-01
     1665.00  0.1266550E-01   0.6642228E-06   0.1266616E-01
     1672.00  0.1192075E-01   0.6620560E-06   0.1192141E-01
     1677.00  0.1233350E-01   0.6606002E-06   0.1233416E-01
     1685.00  0.1273724E-01   0.6584369E-06   0.1273790E-01
     1695.00  0.1197596E-01   0.6560325E-06   0.1197662E-01
     1705.00  0.1139481E-01   0.6539780E-06   0.1139546E-01
     1715.00  0.1065446E-01   0.6522907E-06   0.1065511E-01
     1725.00  0.1054477E-01   0.6509875E-06   0.1054542E-01
     1735.00  0.1114920E-01   0.6500848E-06   0.1114985E-01
     1745.00  0.1069848E-01   0.6495988E-06   0.1069913E-01
     1755.00  0.1125894E-01   0.6495453E-06   0.1125959E-01
     1765.00  0.1037678E-01   0.6499399E-06   0.1037743E-01
     1775.00  0.1046426E-01   0.6507980E-06   0.1046491E-01
     1785.00  0.1062566E-01   0.6521346E-06   0.1062631E-01
     1795.00  0.1110105E-01   0.6539655E-06   0.1110170E-01
     1805.00  0.1105838E-01   0.6563053E-06   0.1105904E-01
     1815.00  0.9978240E-02   0.6591687E-06   0.9978899E-02
     1825.00  0.1032576E-01   0.6625705E-06   0.1032642E-01
     1835.00  0.9819056E-02   0.6665256E-06   0.9819723E-02
     1845.00  0.9037946E-02   0.6710485E-06   0.9038617E-02
     1855.00  0.8730840E-02   0.6761539E-06   0.8731516E-02
     1865.00  0.8955669E-02   0.6818565E-06   0.8956351E-02
     1875.00  0.9834666E-02   0.6881710E-06   0.9835354E-02
     1885.00  0.8853249E-02   0.6951121E-06   0.8853944E-02
     1895.00  0.8294378E-02   0.7026944E-06   0.8295081E-02
     1905.00  0.9007434E-02   0.7109326E-06   0.9008145E-02
     1915.00  0.8422749E-02   0.7198416E-06   0.8423469E-02
     1925.00  0.8210160E-02   0.7294361E-06   0.8210889E-02
     1935.00  0.8588063E-02   0.7397309E-06   0.8588803E-02
     1945.00  0.8740815E-02   0.7507287E-06   0.8741566E-02
     1955.00  0.8060206E-02   0.7624378E-06   0.8060968E-02
     1967.00  0.8775597E-02   0.7774653E-06   0.8776374E-02
     1976.00  0.9050608E-02   0.7894490E-06   0.9051397E-02
     1984.00  0.8438625E-02   0.8006239E-06   0.8439426E-02
     1995.00  0.8175862E-02   0.8168065E-06   0.8176679E-02
     2005.00  0.8446455E-02   0.8323536E-06   0.8447287E-02
     2015.00  0.8123349E-02   0.8487116E-06   0.8124198E-02
     2025.00  0.8599910E-02   0.8658946E-06   0.8600776E-02
     2035.00  0.7920813E-02   0.8839692E-06   0.7921697E-02
     2045.00  0.8103050E-02   0.9029246E-06   0.8103953E-02
     2055.00  0.7778694E-02   0.3653252E-06   0.7779059E-02
     2065.00  0.7852083E-02   0.3613256E-06   0.7852444E-02
     2074.00  0.8241850E-02   0.3578081E-06   0.8242208E-02
     2078.00  0.7615762E-02   0.3562697E-06   0.7616118E-02
     2085.00  0.7960910E-02   0.3536141E-06   0.7961264E-02
     2095.00  0.7485960E-02   0.3499009E-06   0.7486310E-02
     2105.00  0.7643180E-02   0.3462818E-06   0.7643526E-02
     2115.00  0.7643381E-02   0.3427561E-06   0.7643724E-02
     2125.00  0.7741737E-02   0.3393231E-06   0.7742076E-02
     2135.00  0.7382632E-02   0.3359821E-06   0.7382968E-02
     2145.00  0.7270784E-02   0.3327324E-06   0.7271117E-02
     2155.00  0.7528332E-02   0.3295733E-06   0.7528662E-02
     2165.00  0.7347316E-02   0.3265042E-06   0.7347643E-02
     2175.00  0.7255772E-02   0.3235245E-06   0.7256096E-02
     2185.00  0.7027636E-02   0.3206338E-06   0.7027957E-02
     2195.00  0.7251494E-02   0.3178310E-06   0.7251812E-02
     2205.00  0.7052032E-02   0.3151156E-06   0.7052347E-02
     2215.00  0.6825640E-02   0.3124868E-06   0.6825952E-02
     2225.00  0.6545090E-02   0.3099440E-06   0.6545400E-02
     2235.00  0.6821137E-02   0.3074867E-06   0.6821444E-02
     2245.00  0.6632426E-02   0.3051140E-06   0.6632731E-02
     2255.00  0.6383838E-02   0.3028255E-06   0.6384141E-02
     2265.00  0.6505470E-02   0.3006206E-06   0.6505771E-02
     2275.00  0.6574708E-02   0.2984985E-06   0.6575006E-02
     2285.00  0.6619212E-02   0.2964577E-06   0.6619508E-02
     2295.00  0.6328422E-02   0.2944974E-06   0.6328716E-02
     2305.00  0.6247356E-02   0.2926180E-06   0.6247649E-02
     2315.00  0.5997582E-02   0.2908189E-06   0.5997873E-02
     2325.00  0.4724248E-02   0.2890997E-06   0.4724537E-02
     2335.00  0.5656812E-02   0.2874596E-06   0.5657099E-02
     2345.00  0.5568640E-02   0.2858983E-06   0.5568926E-02
     2355.00  0.5709786E-02   0.2844150E-06   0.5710070E-02
     2365.00  0.5460692E-02   0.2830092E-06   0.5460975E-02
     2375.00  0.5499688E-02   0.2816805E-06   0.5499970E-02
     2385.00  0.5276216E-02   0.2804283E-06   0.5276496E-02
     2395.00  0.5504596E-02   0.2792520E-06   0.5504875E-02
     2405.00  0.5255384E-02   0.2781513E-06   0.5255662E-02
     2415.00  0.5305479E-02   0.2771257E-06   0.5305756E-02
     2425.00  0.5391842E-02   0.2761745E-06   0.5392118E-02
     2435.00  0.5140616E-02   0.2752974E-06   0.5140891E-02
     2445.00  0.5338138E-02   0.2744937E-06   0.5338412E-02
     2455.00  0.5236990E-02   0.2737629E-06   0.5237264E-02
     2465.00  0.5178628E-02   0.2731047E-06   0.5178901E-02
     2475.00  0.5024059E-02   0.2725186E-06   0.5024332E-02
     2485.00  0.5192121E-02   0.2720040E-06   0.5192393E-02
     2495.00  0.4992083E-02   0.2715605E-06   0.4992355E-02
     2505.00  0.5181152E-02   0.2711876E-06   0.5181423E-02
     2513.00  0.4860037E-02   0.2709399E-06   0.4860308E-02
     2518.00  0.5029474E-02   0.2708077E-06   0.5029745E-02
     2525.00  0.4807102E-02   0.2706520E-06   0.4807373E-02
     2535.00  0.4785224E-02   0.2704884E-06   0.4785494E-02
     2545.00  0.4665828E-02   0.2703941E-06   0.4666098E-02
     2555.00  0.4813723E-02   0.2703683E-06   0.4813993E-02
     2565.00  0.4749217E-02   0.2704105E-06   0.4749487E-02
     2575.00  0.4882613E-02   0.2705204E-06   0.4882884E-02
     2585.00  0.4855530E-02   0.2706975E-06   0.4855801E-02
     2595.00  0.4828498E-02   0.2709414E-06   0.4828769E-02
     2605.00  0.4679021E-02   0.2569633E-06   0.4679278E-02
     2615.00  0.4642827E-02   0.2570822E-06   0.4643084E-02
     2625.00  0.4644212E-02   0.2572653E-06   0.4644469E-02
     2635.00  0.4645990E-02   0.2575122E-06   0.4646248E-02
     2645.00  0.4782693E-02   0.2578226E-06   0.4782951E-02
     2655.00  0.4748977E-02   0.2581961E-06   0.4749235E-02
     2665.00  0.4559840E-02   0.2586323E-06   0.4560099E-02
     2675.00  0.4636070E-02   0.2591310E-06   0.4636329E-02
     2685.00  0.4581086E-02   0.2596918E-06   0.4581346E-02
     2695.00  0.4469821E-02   0.2603144E-06   0.4470081E-02
     2705.00  0.4474768E-02   0.2609984E-06   0.4475029E-02
     2715.00  0.4362070E-02   0.2617434E-06   0.4362332E-02
     2725.00  0.4315744E-02   0.2625492E-06   0.4316007E-02
     2735.00  0.4404975E-02   0.2634154E-06   0.4405238E-02
     2745.00  0.4130620E-02   0.2643417E-06   0.4130884E-02
     2755.00  0.4114436E-02   0.2653278E-06   0.4114701E-02
     2765.00  0.4152232E-02   0.2663733E-06   0.4152498E-02
     2775.00  0.4220487E-02   0.2674779E-06   0.4220754E-02
     2785.00  0.4171914E-02   0.2686414E-06   0.4172183E-02
     2795.00  0.3819758E-02   0.2698632E-06   0.3820028E-02
     2805.00  0.3955827E-02   0.2711433E-06   0.3956098E-02
     2815.00  0.4120286E-02   0.2724811E-06   0.4120558E-02
     2825.00  0.4077054E-02   0.2738765E-06   0.4077328E-02
     2835.00  0.3910548E-02   0.2753291E-06   0.3910823E-02
     2845.00  0.3876358E-02   0.2768385E-06   0.3876635E-02
     2855.00  0.3880396E-02   0.2784021E-06   0.3880674E-02
     2865.00  0.3953302E-02   0.2800193E-06   0.3953582E-02
     2875.00  0.3881564E-02   0.2816920E-06   0.3881846E-02
     2885.00  0.3867465E-02   0.2834199E-06   0.3867748E-02
     2895.00  0.3838142E-02   0.2852027E-06   0.3838427E-02
     2910.00  0.3858413E-02   0.2879791E-06   0.3858701E-02
     2930.00  0.3758122E-02   0.2918699E-06   0.3758414E-02
     2950.00  0.3674202E-02   0.2959744E-06   0.3674498E-02
     2970.00  0.3645160E-02   0.3002899E-06   0.3645460E-02
     2990.00  0.3583044E-02   0.3048138E-06   0.3583349E-02
     3010.00  0.3554840E-02   0.3095435E-06   0.3555150E-02
     3030.00  0.3518153E-02   0.3144764E-06   0.3518467E-02
     3050.00  0.3452854E-02   0.3196107E-06   0.3453174E-02
     3070.00  0.3390726E-02   0.3249441E-06   0.3391051E-02
     3090.00  0.3348559E-02   0.3304733E-06   0.3348889E-02
     3110.00  0.3283683E-02   0.3361956E-06   0.3284019E-02
     3130.00  0.3233692E-02   0.3388833E-06   0.3234031E-02
     3150.00  0.3189336E-02   0.3448981E-06   0.3189681E-02
     3170.00  0.3131341E-02   0.3510974E-06   0.3131692E-02
     3190.00  0.3036672E-02   0.3574785E-06   0.3037029E-02
     3210.00  0.3033760E-02   0.3640387E-06   0.3034124E-02
     3230.00  0.2980790E-02   0.3707753E-06   0.2981161E-02
     3250.00  0.2946904E-02   0.3776859E-06   0.2947282E-02
     3270.00  0.2915215E-02   0.3847608E-06   0.2915600E-02
     3290.00  0.2870570E-02   0.3919987E-06   0.2870962E-02
     3310.00  0.2837800E-02   0.3994003E-06   0.2838199E-02
     3330.00  0.2788784E-02   0.4069629E-06   0.2789191E-02
     3350.00  0.2737821E-02   0.4146836E-06   0.2738236E-02
     3370.00  0.2694744E-02   0.4225597E-06   0.2695167E-02
     3390.00  0.2657546E-02   0.4305885E-06   0.2657977E-02
     3410.00  0.2626206E-02   0.4387671E-06   0.2626645E-02
     3430.00  0.2568560E-02   0.4152975E-06   0.2568975E-02
     3450.00  0.2536750E-02   0.4229363E-06   0.2537173E-02
     3470.00  0.2508559E-02   0.4307076E-06   0.2508990E-02
     3490.00  0.2477174E-02   0.4386089E-06   0.2477613E-02
     3510.00  0.2454665E-02   0.4466371E-06   0.2455112E-02
     3530.00  0.2416976E-02   0.4547869E-06   0.2417431E-02
     3550.00  0.2393600E-02   0.4630583E-06   0.2394063E-02
     3570.00  0.2347078E-02   0.4714486E-06   0.2347549E-02
     3590.00  0.2301200E-02   0.4799552E-06   0.2301680E-02
     3610.00  0.2276966E-02   0.4885757E-06   0.2277455E-02
     3630.00  0.2252496E-02   0.4973073E-06   0.2252993E-02
     3640.00  0.2248438E-02   0.5017141E-06   0.2248940E-02
     3650.00  0.2245418E-02   0.7683483E-07   0.2245495E-02
     3670.00  0.2207192E-02   0.7617986E-07   0.2207268E-02
     3690.00  0.2062573E-02   0.6932555E-07   0.2062642E-02
     3710.00  0.2108292E-02   0.6857724E-07   0.2108361E-02
     3730.00  0.2096801E-02   0.6785299E-07   0.2096869E-02
     3750.00  0.2393534E-02   0.6715215E-07   0.2393601E-02
     3770.00  0.2433678E-02   0.6647412E-07   0.2433744E-02
     3790.00  0.2659910E-02   0.6581831E-07   0.2659976E-02
     3810.00  0.2869100E-02   0.6518414E-07   0.2869165E-02
     3830.00  0.2435966E-02   0.6457105E-07   0.2436031E-02
     3850.00  0.2950928E-02   0.6397851E-07   0.2950992E-02
     3870.00  0.3055670E-02   0.6340597E-07   0.3055733E-02
     3890.00  0.2266145E-02   0.6285294E-07   0.2266208E-02
     3910.00  0.3023704E-02   0.6231890E-07   0.3023766E-02
     3930.00  0.2868485E-02   0.6180337E-07   0.2868547E-02
     3950.00  0.2903575E-02   0.6130588E-07   0.2903636E-02
     3970.00  0.2063086E-02   0.6082604E-07   0.2063147E-02
     3990.00  0.2846057E-02   0.6036359E-07   0.2846117E-02
     4010.00  0.2935369E-02   0.5991781E-07   0.2935429E-02
     4030.00  0.2837004E-02   0.5948829E-07   0.2837063E-02
     4050.00  0.2874741E-02   0.5907461E-07   0.2874800E-02
     4070.00  0.2777495E-02   0.5867637E-07   0.2777554E-02
     4090.00  0.2520280E-02   0.5829318E-07   0.2520338E-02
     4110.00  0.2136643E-02   0.5792464E-07   0.2136701E-02
     4130.00  0.2624473E-02   0.5757040E-07   0.2624531E-02
     4150.00  0.2656654E-02   0.5723009E-07   0.2656711E-02
     4170.00  0.2636423E-02   0.5690335E-07   0.2636480E-02
     4190.00  0.2617694E-02   0.5658983E-07   0.2617751E-02
     4210.00  0.2587664E-02   0.5628921E-07   0.2587720E-02
     4230.00  0.2532865E-02   0.5600115E-07   0.2532921E-02
     4250.00  0.2514056E-02   0.5572534E-07   0.2514112E-02
     4270.00  0.2434672E-02   0.5546146E-07   0.2434727E-02
     4290.00  0.2425482E-02   0.5520921E-07   0.2425537E-02
     4310.00  0.2338946E-02   0.5496830E-07   0.2339001E-02
     4330.00  0.2090330E-02   0.5473843E-07   0.2090385E-02
     4350.00  0.1889142E-02   0.5451935E-07   0.1889197E-02
     4370.00  0.2306989E-02   0.5431078E-07   0.2307043E-02
     4390.00  0.2257458E-02   0.5411243E-07   0.2257512E-02
     4410.00  0.2263066E-02   0.5392404E-07   0.2263120E-02
     4430.00  0.2240588E-02   0.5374535E-07   0.2240642E-02
     4450.00  0.2234544E-02   0.5357612E-07   0.2234598E-02
     4470.00  0.2159578E-02   0.5341611E-07   0.2159631E-02
     4490.00  0.2180756E-02   0.5326507E-07   0.2180809E-02
     4510.00  0.2214580E-02   0.5312277E-07   0.2214633E-02
     4530.00  0.2134908E-02   0.5298900E-07   0.2134961E-02
     4550.00  0.2115071E-02   0.5286352E-07   0.2115124E-02
     4570.00  0.2127980E-02   0.5274612E-07   0.2128033E-02
     4590.00  0.2081715E-02   0.5263660E-07   0.2081768E-02
     4610.00  0.2068666E-02   0.5253474E-07   0.2068719E-02
     4630.00  0.2027686E-02   0.5244036E-07   0.2027738E-02
     4650.00  0.2012276E-02   0.5235325E-07   0.2012328E-02
     4670.00  0.2007184E-02   0.5227321E-07   0.2007236E-02
     4690.00  0.1978031E-02   0.5220008E-07   0.1978083E-02
     4710.00  0.1912848E-02   0.5213365E-07   0.1912900E-02
     4730.00  0.1925481E-02   0.5207377E-07   0.1925533E-02
     4750.00  0.1914764E-02   0.5202024E-07   0.1914816E-02
     4770.00  0.1902686E-02   0.5197290E-07   0.1902738E-02
     4790.00  0.1875095E-02   0.5193159E-07   0.1875147E-02
     4810.00  0.1842362E-02   0.5189598E-07   0.1842414E-02
     4830.00  0.1817368E-02   0.5186590E-07   0.1817420E-02
     4850.00  0.1624569E-02   0.5184134E-07   0.1624621E-02
     4870.00  0.1420450E-02   0.5182218E-07   0.1420502E-02
     4890.00  0.1740233E-02   0.5180824E-07   0.1740285E-02
     4910.00  0.1746783E-02   0.5179940E-07   0.1746835E-02
     4930.00  0.1696836E-02   0.5179550E-07   0.1696888E-02
     4950.00  0.1726086E-02   0.5179642E-07   0.1726138E-02
     4970.00  0.1703907E-02   0.5180201E-07   0.1703959E-02
     4990.00  0.1654798E-02   0.5181215E-07   0.1654850E-02
     5010.00  0.1590996E-02   0.5182671E-07   0.1591048E-02
     5030.00  0.1618734E-02   0.5184556E-07   0.1618786E-02
     5050.00  0.1582565E-02   0.5186857E-07   0.1582617E-02
     5070.00  0.1602322E-02   0.5189577E-07   0.1602374E-02
     5090.00  0.1562063E-02   0.5192756E-07   0.1562115E-02
     5110.00  0.1552541E-02   0.5196314E-07   0.1552593E-02
     5130.00  0.1515946E-02   0.5200241E-07   0.1515998E-02
     5150.00  0.1491351E-02   0.5204525E-07   0.1491403E-02
     5170.00  0.1464536E-02   0.5209157E-07   0.1464588E-02
     5190.00  0.1461274E-02   0.5214124E-07   0.1461326E-02
     5210.00  0.1448979E-02   0.5219418E-07   0.1449031E-02
     5230.00  0.1471352E-02   0.5225028E-07   0.1471404E-02
     5250.00  0.1472660E-02   0.5230943E-07   0.1472712E-02
     5270.00  0.1413229E-02   0.5237156E-07   0.1413281E-02
     5290.00  0.1454586E-02   0.5243656E-07   0.1454638E-02
     5310.00  0.1460368E-02   0.5250434E-07   0.1460421E-02
     5330.00  0.1400413E-02   0.5257481E-07   0.1400466E-02
     5350.00  0.1423501E-02   0.5264789E-07   0.1423554E-02
     5370.00  0.1413773E-02   0.5272344E-07   0.1413826E-02
     5390.00  0.1384446E-02   0.5280128E-07   0.1384499E-02
     5410.00  0.1368653E-02   0.5288146E-07   0.1368706E-02
     5430.00  0.1357914E-02   0.5296391E-07   0.1357967E-02
     5450.00  0.1362213E-02   0.5304854E-07   0.1362266E-02
     5470.00  0.1337384E-02   0.5313527E-07   0.1337437E-02
     5490.00  0.1330420E-02   0.5322404E-07   0.1330473E-02
     5510.00  0.1312854E-02   0.5331477E-07   0.1312907E-02
     5530.00  0.1318828E-02   0.5340739E-07   0.1318881E-02
     5550.00  0.1314977E-02   0.5350184E-07   0.1315031E-02
     5570.00  0.1299237E-02   0.5359803E-07   0.1299291E-02
     5590.00  0.1279765E-02   0.5369591E-07   0.1279819E-02
     5610.00  0.1285164E-02   0.5379541E-07   0.1285218E-02
     5630.00  0.1266938E-02   0.5389647E-07   0.1266992E-02
     5650.00  0.1258130E-02   0.5399902E-07   0.1258184E-02
     5670.00  0.1238332E-02   0.5410301E-07   0.1238386E-02
     5690.00  0.1247759E-02   0.5420838E-07   0.1247813E-02
     5710.00  0.1219983E-02   0.3838861E-07   0.1220021E-02
     5730.00  0.1249014E-02   0.3839088E-07   0.1249052E-02
     5750.00  0.1217246E-02   0.3839483E-07   0.1217284E-02
     5770.00  0.1217778E-02   0.3840040E-07   0.1217816E-02
     5790.00  0.1185232E-02   0.3840754E-07   0.1185270E-02
     5810.00  0.1200508E-02   0.3841621E-07   0.1200546E-02
     5830.00  0.1209541E-02   0.3842637E-07   0.1209579E-02
     5850.00  0.1183596E-02   0.3843796E-07   0.1183634E-02
     5870.00  0.1160264E-02   0.3845095E-07   0.1160302E-02
     5890.00  0.1122388E-02   0.3846528E-07   0.1122426E-02
     5910.00  0.1153259E-02   0.3848092E-07   0.1153297E-02
     5930.00  0.1148794E-02   0.3849783E-07   0.1148832E-02
     5950.00  0.1136717E-02   0.3851596E-07   0.1136756E-02
     5970.00  0.1143997E-02   0.3853528E-07   0.1144036E-02
     5990.00  0.1119329E-02   0.3855575E-07   0.1119368E-02
     6010.00  0.1107391E-02   0.3857732E-07   0.1107430E-02
     6030.00  0.1117037E-02   0.3859997E-07   0.1117076E-02
     6050.00  0.1117249E-02   0.3862366E-07   0.1117288E-02
     6070.00  0.1110837E-02   0.3864835E-07   0.1110876E-02
     6090.00  0.1080718E-02   0.3867400E-07   0.1080757E-02
     6110.00  0.1076143E-02   0.3870057E-07   0.1076182E-02
     6130.00  0.1042880E-02   0.3872804E-07   0.1042919E-02
     6150.00  0.1047132E-02   0.3875639E-07   0.1047171E-02
     6170.00  0.1025340E-02   0.3878557E-07   0.1025379E-02
     6190.00  0.1044264E-02   0.3881555E-07   0.1044303E-02
     6210.00  0.1029884E-02   0.3884631E-07   0.1029923E-02
     6230.00  0.1007157E-02   0.3887782E-07   0.1007196E-02
     6250.00  0.9812885E-03   0.3891005E-07   0.9813274E-03
     6270.00  0.9995849E-03   0.3894296E-07   0.9996238E-03
     6290.00  0.1007508E-02   0.3897654E-07   0.1007547E-02
     6310.00  0.9857457E-03   0.3901076E-07   0.9857847E-03
     6330.00  0.9907126E-03   0.3904558E-07   0.9907516E-03
     6350.00  0.9782519E-03   0.3908099E-07   0.9782910E-03
     6370.00  0.9703302E-03   0.3911696E-07   0.9703693E-03
     6390.00  0.9774379E-03   0.3915346E-07   0.9774771E-03
     6410.00  0.9643242E-03   0.3919047E-07   0.9643634E-03
     6430.00  0.9627056E-03   0.3922797E-07   0.9627448E-03
     6450.00  0.9565726E-03   0.3926594E-07   0.9566119E-03
     6470.00  0.9521534E-03   0.3930434E-07   0.9521927E-03
     6490.00  0.9294061E-03   0.3934317E-07   0.9294454E-03
     6510.00  0.9408124E-03   0.3938240E-07   0.9408518E-03
     6530.00  0.9291006E-03   0.3942156E-07   0.9291400E-03
     6550.00  0.8838119E-03   0.3946093E-07   0.8838514E-03
     6570.00  0.8003106E-03   0.3950063E-07   0.8003501E-03
     6590.00  0.9064441E-03   0.3954062E-07   0.9064836E-03
     6610.00  0.9165431E-03   0.3958089E-07   0.9165827E-03
     6630.00  0.9122363E-03   0.3962142E-07   0.9122759E-03
     6650.00  0.9096219E-03   0.3947080E-07   0.9096614E-03
     6670.00  0.8888445E-03   0.3951196E-07   0.8888840E-03
     6690.00  0.8918931E-03   0.3955333E-07   0.8919327E-03
     6710.00  0.8674755E-03   0.3959491E-07   0.8675151E-03
     6730.00  0.8800996E-03   0.3963667E-07   0.8801392E-03
     6750.00  0.8646314E-03   0.3967860E-07   0.8646711E-03
     6770.00  0.8639847E-03   0.3972069E-07   0.8640244E-03
     6790.00  0.8508984E-03   0.3976292E-07   0.8509382E-03
     6810.00  0.8530056E-03   0.3980527E-07   0.8530454E-03
     6830.00  0.8545524E-03   0.3984773E-07   0.8545922E-03
     6850.00  0.8391463E-03   0.3989029E-07   0.8391862E-03
     6870.00  0.8436566E-03   0.3993294E-07   0.8436965E-03
     6890.00  0.8505699E-03   0.3997565E-07   0.8506099E-03
     6910.00  0.8442552E-03   0.4001842E-07   0.8442952E-03
     6930.00  0.8323839E-03   0.4006123E-07   0.8324240E-03
     6950.00  0.8247466E-03   0.4010408E-07   0.8247867E-03
     6970.00  0.8306632E-03   0.4014694E-07   0.8307033E-03
     6990.00  0.8199301E-03   0.4018981E-07   0.8199703E-03
     7010.00  0.8083127E-03   0.4023268E-07   0.8083529E-03
     7030.00  0.8161242E-03   0.4027557E-07   0.8161645E-03
     7050.00  0.8216242E-03   0.4031844E-07   0.8216645E-03
     7070.00  0.7984498E-03   0.4036126E-07   0.7984902E-03
     7090.00  0.7797640E-03   0.4040404E-07   0.7798044E-03
     7110.00  0.7522657E-03   0.4044675E-07   0.7523061E-03
     7130.00  0.7390158E-03   0.4048940E-07   0.7390563E-03
     7150.00  0.7396150E-03   0.4053197E-07   0.7396555E-03
     7170.00  0.7453944E-03   0.4057444E-07   0.7454350E-03
     7190.00  0.7334696E-03   0.4061682E-07   0.7335102E-03
     7210.00  0.7417361E-03   0.4065910E-07   0.7417768E-03
     7230.00  0.7498919E-03   0.4070125E-07   0.7499326E-03
     7250.00  0.7527536E-03   0.4074329E-07   0.7527943E-03
     7270.00  0.7512707E-03   0.4078519E-07   0.7513115E-03
     7290.00  0.7402186E-03   0.4082696E-07   0.7402594E-03
     7310.00  0.7485304E-03   0.4086858E-07   0.7485713E-03
     7330.00  0.7485019E-03   0.4091004E-07   0.7485428E-03
     7350.00  0.7460601E-03   0.4095134E-07   0.7461011E-03
     7370.00  0.7581271E-03   0.4099248E-07   0.7581681E-03
     7390.00  0.7462407E-03   0.4103344E-07   0.7462817E-03
     7410.00  0.7415936E-03   0.4107422E-07   0.7416347E-03
     7430.00  0.7441960E-03   0.4111481E-07   0.7442371E-03
     7450.00  0.7448118E-03   0.4108957E-07   0.7448529E-03
     7470.00  0.7419384E-03   0.4112978E-07   0.7419795E-03
     7490.00  0.7373178E-03   0.4116979E-07   0.7373590E-03
     7510.00  0.7439458E-03   0.4120959E-07   0.7439870E-03
     7530.00  0.7477234E-03   0.4124918E-07   0.7477646E-03
     7550.00  0.7478265E-03   0.4128855E-07   0.7478678E-03
     7570.00  0.7416882E-03   0.4132770E-07   0.7417295E-03
     7590.00  0.7342270E-03   0.4136662E-07   0.7342684E-03
     7610.00  0.7312378E-03   0.4140507E-07   0.7312792E-03
     7630.00  0.7259429E-03   0.4144304E-07   0.7259843E-03
     7650.00  0.7197762E-03   0.4148075E-07   0.7198177E-03
     7670.00  0.6983514E-03   0.4151820E-07   0.6983929E-03
     7690.00  0.7074990E-03   0.4155538E-07   0.7075406E-03
     7710.00  0.6957865E-03   0.4159229E-07   0.6958281E-03
     7730.00  0.6923511E-03   0.4162893E-07   0.6923927E-03
     7750.00  0.6885097E-03   0.4166529E-07   0.6885514E-03
     7770.00  0.6903261E-03   0.4170137E-07   0.6903678E-03
     7790.00  0.6964777E-03   0.4173717E-07   0.6965194E-03
     7810.00  0.6933721E-03   0.4177268E-07   0.6934139E-03
     7830.00  0.6851382E-03   0.4180790E-07   0.6851800E-03
     7850.00  0.6729168E-03   0.4184282E-07   0.6729586E-03
     7870.00  0.6808437E-03   0.4098766E-07   0.6808847E-03
     7890.00  0.6602802E-03   0.4102164E-07   0.6603212E-03
     7910.00  0.6492782E-03   0.4105535E-07   0.6493193E-03
     7930.00  0.6531315E-03   0.4108876E-07   0.6531726E-03
     7950.00  0.6410821E-03   0.4112187E-07   0.6411232E-03
     7970.00  0.6601347E-03   0.4115470E-07   0.6601759E-03
     7990.00  0.6579181E-03   0.4118723E-07   0.6579593E-03
     8010.00  0.6597689E-03   0.4121945E-07   0.6598101E-03
     8030.00  0.6569650E-03   0.4125138E-07   0.6570063E-03
     8050.00  0.6536476E-03   0.4128300E-07   0.6536889E-03
     8070.00  0.6474032E-03   0.4131432E-07   0.6474445E-03
     8090.00  0.6356071E-03   0.4134533E-07   0.6356484E-03
     8110.00  0.6335104E-03   0.4137602E-07   0.6335518E-03
     8130.00  0.6420734E-03   0.4140641E-07   0.6421148E-03
     8150.00  0.6405099E-03   0.4143649E-07   0.6405513E-03
     8170.00  0.6426511E-03   0.4146625E-07   0.6426926E-03
     8190.00  0.6322294E-03   0.4149568E-07   0.6322709E-03
     8210.00  0.6271177E-03   0.3602934E-07   0.6271537E-03
     8230.00  0.6358346E-03   0.1458162E-07   0.6358492E-03
     8250.00  0.6334092E-03   0.1456685E-07   0.6334238E-03
     8270.00  0.6402155E-03   0.1455224E-07   0.6402301E-03
     8290.00  0.6334096E-03   0.1432197E-07   0.6334239E-03
     8310.00  0.6107266E-03   0.1430765E-07   0.6107409E-03
     8330.00  0.6114115E-03   0.1429350E-07   0.6114258E-03
     8350.00  0.6084020E-03   0.1427950E-07   0.6084163E-03
     8370.00  0.6103014E-03   0.1426566E-07   0.6103157E-03
     8390.00  0.5937359E-03   0.1425196E-07   0.5937502E-03
     8410.00  0.6081951E-03   0.1423841E-07   0.6082093E-03
     8430.00  0.5848432E-03   0.1422499E-07   0.5848574E-03
     8450.00  0.5779013E-03   0.1421172E-07   0.5779155E-03
     8470.00  0.5784933E-03   0.1419858E-07   0.5785075E-03
     8490.00  0.5869181E-03   0.1418557E-07   0.5869323E-03
     8510.00  0.5573802E-03   0.1417269E-07   0.5573944E-03
     8530.00  0.5896504E-03   0.1415993E-07   0.5896646E-03
     8550.00  0.5454423E-03   0.1414730E-07   0.5454564E-03
     8570.00  0.5991809E-03   0.1413479E-07   0.5991950E-03
     8590.00  0.5776169E-03   0.1412240E-07   0.5776310E-03
     8610.00  0.5775172E-03   0.1411012E-07   0.5775313E-03
     8630.00  0.6029159E-03   0.1409796E-07   0.6029300E-03
     8650.00  0.5982255E-03   0.1408590E-07   0.5982396E-03
     8670.00  0.5374234E-03   0.1407396E-07   0.5374375E-03
     8690.00  0.5808850E-03   0.1406211E-07   0.5808991E-03
     8710.00  0.6009953E-03   0.1405037E-07   0.6010094E-03
     8730.00  0.5946262E-03   0.1403873E-07   0.5946402E-03
     8750.00  0.5596615E-03   0.1402718E-07   0.5596755E-03
     8770.00  0.5884443E-03   0.1401574E-07   0.5884583E-03
     8790.00  0.5990579E-03   0.1400438E-07   0.5990719E-03
     8810.00  0.5861610E-03   0.1399311E-07   0.5861750E-03
     8830.00  0.5895355E-03   0.1398194E-07   0.5895495E-03
     8850.00  0.5810464E-03   0.1397085E-07   0.5810604E-03
     8870.00  0.5499499E-03   0.1395984E-07   0.5499639E-03
     8890.00  0.5885490E-03   0.1394892E-07   0.5885629E-03
     8910.00  0.5992092E-03   0.1393808E-07   0.5992231E-03
     8930.00  0.5840625E-03   0.1392731E-07   0.5840764E-03
     8950.00  0.5833668E-03   0.1391662E-07   0.5833807E-03
     8970.00  0.5827198E-03   0.1390601E-07   0.5827337E-03
     8990.00  0.5760724E-03   0.1389547E-07   0.5760863E-03
     9010.00  0.5335722E-03   0.1388500E-07   0.5335861E-03
     9030.00  0.5560894E-03   0.1387460E-07   0.5561033E-03
     9050.00  0.5849276E-03   0.1386427E-07   0.5849415E-03
     9070.00  0.5816271E-03   0.1385400E-07   0.5816410E-03
     9090.00  0.5632195E-03   0.1384380E-07   0.5632333E-03
     9110.00  0.5677054E-03   0.1383366E-07   0.5677192E-03
     9130.00  0.5778476E-03   0.1382358E-07   0.5778614E-03
     9150.00  0.5715708E-03   0.1381357E-07   0.5715846E-03
     9170.00  0.5684464E-03   0.1380361E-07   0.5684602E-03
     9190.00  0.5727746E-03   0.1379372E-07   0.5727884E-03
     9210.00  0.5469492E-03   0.1378387E-07   0.5469630E-03
     9230.00  0.5203949E-03   0.1377408E-07   0.5204087E-03
     9250.00  0.5381669E-03   0.1376434E-07   0.5381807E-03
     9270.00  0.5460555E-03   0.1375465E-07   0.5460693E-03
     9290.00  0.5462890E-03   0.1374501E-07   0.5463027E-03
     9310.00  0.5523213E-03   0.1373542E-07   0.5523350E-03
     9330.00  0.5486124E-03   0.1372587E-07   0.5486261E-03
     9350.00  0.5461109E-03   0.1371637E-07   0.5461246E-03
     9370.00  0.5354678E-03   0.1370691E-07   0.5354815E-03
     9390.00  0.5422956E-03   0.1369750E-07   0.5423093E-03
     9410.00  0.5273984E-03   0.1368812E-07   0.5274121E-03
     9430.00  0.5404655E-03   0.1367878E-07   0.5404792E-03
     9450.00  0.5278758E-03   0.1366949E-07   0.5278895E-03
     9470.00  0.5365279E-03   0.1366023E-07   0.5365416E-03
     9490.00  0.5362164E-03   0.1365100E-07   0.5362301E-03
     9510.00  0.5277569E-03   0.1364182E-07   0.5277705E-03
     9530.00  0.5189538E-03   0.1363266E-07   0.5189674E-03
     9550.00  0.4850121E-03   0.1362354E-07   0.4850257E-03
     9570.00  0.5092308E-03   0.1361445E-07   0.5092444E-03
     9590.00  0.5260434E-03   0.1360540E-07   0.5260570E-03
     9610.00  0.5181008E-03   0.1359637E-07   0.5181144E-03
     9630.00  0.5178173E-03   0.1358737E-07   0.5178309E-03
     9650.00  0.5079136E-03   0.1357840E-07   0.5079272E-03
     9670.00  0.5051782E-03   0.1356946E-07   0.5051918E-03
     9690.00  0.5135933E-03   0.1356055E-07   0.5136069E-03
     9710.00  0.5080959E-03   0.1355165E-07   0.5081095E-03
     9730.00  0.5039719E-03   0.1354278E-07   0.5039854E-03
     9750.00  0.4999383E-03   0.1353395E-07   0.4999518E-03
     9770.00  0.5011602E-03   0.1352513E-07   0.5011737E-03
     9790.00  0.4919522E-03   0.1351633E-07   0.4919657E-03
     9810.00  0.5052412E-03   0.1350755E-07   0.5052547E-03
     9830.00  0.4977660E-03   0.1349880E-07   0.4977795E-03
     9850.00  0.5022922E-03   0.1349006E-07   0.5023057E-03
     9870.00  0.4976401E-03   0.1348135E-07   0.4976536E-03
     9890.00  0.4957727E-03   0.1347265E-07   0.4957862E-03
     9910.00  0.4924346E-03   0.1346397E-07   0.4924481E-03
     9930.00  0.4921235E-03   0.1345530E-07   0.4921370E-03
     9950.00  0.4902260E-03   0.1344666E-07   0.4902394E-03
     9970.00  0.4901950E-03   0.1343803E-07   0.4902084E-03
     9990.00  0.4866491E-03   0.1342942E-07   0.4866625E-03
    10025.00  0.4722568E-03   0.1341437E-07   0.4722702E-03
    10075.00  0.4602980E-03   0.1339294E-07   0.4603114E-03
    10125.00  0.4712792E-03   0.1337159E-07   0.4712926E-03
    10175.00  0.4644631E-03   0.1335065E-07   0.4644765E-03
    10225.00  0.4628972E-03   0.1332981E-07   0.4629105E-03
    10275.00  0.4610114E-03   0.1330901E-07   0.4610247E-03
    10325.00  0.4503038E-03   0.1328824E-07   0.4503171E-03
    10375.00  0.4447988E-03   0.1326749E-07   0.4448121E-03
    10425.00  0.4444458E-03   0.1324675E-07   0.4444590E-03
    10475.00  0.4386441E-03   0.1322602E-07   0.4386573E-03
    10525.00  0.4369471E-03   0.1320529E-07   0.4369603E-03
    10575.00  0.4293927E-03   0.1318456E-07   0.4294059E-03
    10625.00  0.4266692E-03   0.1316382E-07   0.4266824E-03
    10675.00  0.4158418E-03   0.1314307E-07   0.4158549E-03
    10725.00  0.4146164E-03   0.1312230E-07   0.4146295E-03
    10775.00  0.4092947E-03   0.1310151E-07   0.4093078E-03
    10825.00  0.4015456E-03   0.1308070E-07   0.4015587E-03
    10875.00  0.3997640E-03   0.1305986E-07   0.3997771E-03
    10925.00  0.3899626E-03   0.1303899E-07   0.3899756E-03
    10975.00  0.3904195E-03   0.1301809E-07   0.3904325E-03
    11025.00  0.3933988E-03   0.1299715E-07   0.3934118E-03
    11075.00  0.3907026E-03   0.1297617E-07   0.3907156E-03
    11125.00  0.3866712E-03   0.1295516E-07   0.3866842E-03
    11175.00  0.3809928E-03   0.1140880E-07   0.3810042E-03
    11225.00  0.3792449E-03   0.1138783E-07   0.3792563E-03
    11275.00  0.3714637E-03   0.1136688E-07   0.3714751E-03
    11325.00  0.3685492E-03   0.1134595E-07   0.3685605E-03
    11375.00  0.3645670E-03   0.1132502E-07   0.3645783E-03
    11425.00  0.3595988E-03   0.1130410E-07   0.3596101E-03
    11475.00  0.3622106E-03   0.1128319E-07   0.3622219E-03
    11525.00  0.3595522E-03   0.1126228E-07   0.3595635E-03
    11575.00  0.3529834E-03   0.1124137E-07   0.3529946E-03
    11625.00  0.3469629E-03   0.1122046E-07   0.3469741E-03
    11675.00  0.3454485E-03   0.1119955E-07   0.3454597E-03
    11725.00  0.3469152E-03   0.1117864E-07   0.3469264E-03
    11775.00  0.3392119E-03   0.1115773E-07   0.3392231E-03
    11825.00  0.3362379E-03   0.1113681E-07   0.3362490E-03
    11875.00  0.3297498E-03   0.1111588E-07   0.3297609E-03
    11925.00  0.3340878E-03   0.1109495E-07   0.3340989E-03
    11975.00  0.3214144E-03   0.1107401E-07   0.3214255E-03
    12025.00  0.3266631E-03   0.1105306E-07   0.3266742E-03
    12075.00  0.3218969E-03   0.1103210E-07   0.3219079E-03
    12125.00  0.3207633E-03   0.1101113E-07   0.3207743E-03
    12175.00  0.3201849E-03   0.1099015E-07   0.3201959E-03
    12225.00  0.3167162E-03   0.1096916E-07   0.3167272E-03
    12275.00  0.3136769E-03   0.1094816E-07   0.3136878E-03
    12325.00  0.3099066E-03   0.1092715E-07   0.3099175E-03
    12375.00  0.3086621E-03   0.1090612E-07   0.3086730E-03
    12425.00  0.3052788E-03   0.1088508E-07   0.3052897E-03
    12475.00  0.3037056E-03   0.1086403E-07   0.3037165E-03
    12525.00  0.2989149E-03   0.1083213E-07   0.2989257E-03
    12575.00  0.2975101E-03   0.1081113E-07   0.2975209E-03
    12625.00  0.2952977E-03   0.1079011E-07   0.2953085E-03
    12675.00  0.2913334E-03   0.1076907E-07   0.2913442E-03
    12725.00  0.2905002E-03   0.1074803E-07   0.2905109E-03
    12775.00  0.2892135E-03   0.1072697E-07   0.2892242E-03
    12825.00  0.2730240E-03   0.1070590E-07   0.2730347E-03
    12875.00  0.2818923E-03   0.1068482E-07   0.2819030E-03
    12925.00  0.2771244E-03   0.1066373E-07   0.2771351E-03
    12975.00  0.2804724E-03   0.1064262E-07   0.2804830E-03
    13025.00  0.2755032E-03   0.1062150E-07   0.2755138E-03
    13075.00  0.2769336E-03   0.1060026E-07   0.2769442E-03
    13125.00  0.2707035E-03   0.1057899E-07   0.2707141E-03
    13175.00  0.2698356E-03   0.1055771E-07   0.2698462E-03
    13225.00  0.2694988E-03   0.1053642E-07   0.2695093E-03
    13275.00  0.2639869E-03   0.1051511E-07   0.2639974E-03
    13325.00  0.2661366E-03   0.1049379E-07   0.2661471E-03
    13375.00  0.2621872E-03   0.1047246E-07   0.2621977E-03
    13425.00  0.2636885E-03   0.1045111E-07   0.2636990E-03
    13475.00  0.2613115E-03   0.1042976E-07   0.2613219E-03
    13525.00  0.2599490E-03   0.1040839E-07   0.2599594E-03
    13575.00  0.2550410E-03   0.1038702E-07   0.2550514E-03
    13625.00  0.2531912E-03   0.1036101E-07   0.2532016E-03
    13675.00  0.2538173E-03   0.1033964E-07   0.2538276E-03
    13725.00  0.2538745E-03   0.1031825E-07   0.2538848E-03
    13775.00  0.2515668E-03   0.1029686E-07   0.2515771E-03
    13825.00  0.2515536E-03   0.1027546E-07   0.2515639E-03
    13875.00  0.2478937E-03   0.1025406E-07   0.2479040E-03
    13925.00  0.2489167E-03   0.1023265E-07   0.2489269E-03
    13975.00  0.2485366E-03   0.1021124E-07   0.2485468E-03
    14025.00  0.2435842E-03   0.1018982E-07   0.2435944E-03
    14075.00  0.2456725E-03   0.1016840E-07   0.2456827E-03
    14125.00  0.2416340E-03   0.1007788E-07   0.2416441E-03
    14175.00  0.2435943E-03   0.1005675E-07   0.2436044E-03
    14225.00  0.2393081E-03   0.1003562E-07   0.2393181E-03
    14275.00  0.2342082E-03   0.1001449E-07   0.2342182E-03
    14325.00  0.2386354E-03   0.9993361E-08   0.2386454E-03
    14375.00  0.2385585E-03   0.9972231E-08   0.2385685E-03
    14425.00  0.2309248E-03   0.9951102E-08   0.2309348E-03
    14475.00  0.2354304E-03   0.9929974E-08   0.2354403E-03
    14525.00  0.2319835E-03   0.9908850E-08   0.2319934E-03
    14570.00  0.2329833E-03   0.9889840E-08   0.2329932E-03
    14620.00  0.2324046E-03   0.6163676E-08   0.2324108E-03
    14675.00  0.2317167E-03   0.6147595E-08   0.2317228E-03
    14725.00  0.2267828E-03   0.6114121E-08   0.2267889E-03
    14775.00  0.2281886E-03   0.6099647E-08   0.2281947E-03
    14825.00  0.2273377E-03   0.6085213E-08   0.2273438E-03
    14875.00  0.2247518E-03   0.6070821E-08   0.2247579E-03
    14925.00  0.2292121E-03   0.6056468E-08   0.2292182E-03
    14975.00  0.2250271E-03   0.6042156E-08   0.2250331E-03
    15025.00  0.2235982E-03   0.6027883E-08   0.2236042E-03
    15075.00  0.2204603E-03   0.6013649E-08   0.2204663E-03
    15125.00  0.2233579E-03   0.5999455E-08   0.2233639E-03
    15175.00  0.2231265E-03   0.5985299E-08   0.2231325E-03
    15225.00  0.2227417E-03   0.5971186E-08   0.2227477E-03
    15275.00  0.2235196E-03   0.5957116E-08   0.2235256E-03
    15325.00  0.2211720E-03   0.5943083E-08   0.2211779E-03
    15375.00  0.2234305E-03   0.5929087E-08   0.2234364E-03
    15425.00  0.2216870E-03   0.5915129E-08   0.2216929E-03
    15475.00  0.2216657E-03   0.5901207E-08   0.2216716E-03
    15525.00  0.2176560E-03   0.5887323E-08   0.2176619E-03
    15575.00  0.2060297E-03   0.5873475E-08   0.2060356E-03
    15625.00  0.2125575E-03   0.5859663E-08   0.2125634E-03
    15675.00  0.2103069E-03   0.5845887E-08   0.2103127E-03
    15725.00  0.2153048E-03   0.5832148E-08   0.2153106E-03
    15775.00  0.1974020E-03   0.5818444E-08   0.1974078E-03
    15825.00  0.2020134E-03   0.5804776E-08   0.2020192E-03
    15875.00  0.1988380E-03   0.5791144E-08   0.1988438E-03
    15925.00  0.2054476E-03   0.5777547E-08   0.2054534E-03
    15975.00  0.1988386E-03   0.5763985E-08   0.1988444E-03
    16050.00  0.2126592E-03   0.5743708E-08   0.2126649E-03
    16150.00  0.2104083E-03   0.5716794E-08   0.2104140E-03
    16250.00  0.2105052E-03   0.5690019E-08   0.2105109E-03
    16350.00  0.2087524E-03   0.5663381E-08   0.2087581E-03
    16450.00  0.2033090E-03   0.5636881E-08   0.2033146E-03
    16550.00  0.2026540E-03   0.5610516E-08   0.2026596E-03
    16650.00  0.1995615E-03   0.5584287E-08   0.1995671E-03
    16750.00  0.1943496E-03   0.5558192E-08   0.1943552E-03
    16850.00  0.1890311E-03   0.5532231E-08   0.1890366E-03
    16950.00  0.1902823E-03   0.5506404E-08   0.1902878E-03
    17050.00  0.1833531E-03   0.5480710E-08   0.1833586E-03
    17150.00  0.1828360E-03   0.5455148E-08   0.1828415E-03
    17250.00  0.1759490E-03   0.5429718E-08   0.1759544E-03
    17350.00  0.1716925E-03   0.5404419E-08   0.1716979E-03
    17450.00  0.1703689E-03   0.5379251E-08   0.1703743E-03
    17550.00  0.1672723E-03   0.5354213E-08   0.1672777E-03
    17650.00  0.1650139E-03   0.5329305E-08   0.1650192E-03
    17750.00  0.1610500E-03   0.5304528E-08   0.1610553E-03
    17850.00  0.1599611E-03   0.5279879E-08   0.1599664E-03
    17950.00  0.1561192E-03   0.5255359E-08   0.1561245E-03
    18050.00  0.1522783E-03   0.5230968E-08   0.1522835E-03
    18150.00  0.1494663E-03   0.5206704E-08   0.1494715E-03
    18250.00  0.1469211E-03   0.5182578E-08   0.1469263E-03
    18350.00  0.1443163E-03   0.5158658E-08   0.1443215E-03
    18450.00  0.1410203E-03   0.5134858E-08   0.1410254E-03
    18550.00  0.1398644E-03   0.4846892E-08   0.1398692E-03
    18650.00  0.1354163E-03   0.4824477E-08   0.1354211E-03
    18750.00  0.1325060E-03   0.4802180E-08   0.1325108E-03
    18850.00  0.1321532E-03   0.4780002E-08   0.1321580E-03
    18950.00  0.1258319E-03   0.4757941E-08   0.1258367E-03
    19050.00  0.1288950E-03   0.4735998E-08   0.1288997E-03
    19150.00  0.1260276E-03   0.4714171E-08   0.1260323E-03
    19250.00  0.1244450E-03   0.4692461E-08   0.1244497E-03
    19350.00  0.1204631E-03   0.4670868E-08   0.1204678E-03
    19450.00  0.1170948E-03   0.4649391E-08   0.1170994E-03
    19550.00  0.1179698E-03   0.4628030E-08   0.1179744E-03
    19650.00  0.1157552E-03   0.4606784E-08   0.1157598E-03
    19750.00  0.1130887E-03   0.4585654E-08   0.1130933E-03
    19850.00  0.1120137E-03   0.4564639E-08   0.1120183E-03
    19950.00  0.1104081E-03   0.4543738E-08   0.1104126E-03
    20050.00  0.1099859E-03   0.4522952E-08   0.1099904E-03
    20150.00  0.1082948E-03   0.4502279E-08   0.1082993E-03
    20250.00  0.1046973E-03   0.4480475E-08   0.1047018E-03
    20350.00  0.1034020E-03   0.4460038E-08   0.1034065E-03
    20450.00  0.1036037E-03   0.4439714E-08   0.1036081E-03
    20550.00  0.1014232E-03   0.4419503E-08   0.1014276E-03
    20650.00  0.9946946E-04   0.4399404E-08   0.9947386E-04
    20750.00  0.9825437E-04   0.4379416E-08   0.9825875E-04
    20850.00  0.9631149E-04   0.4359541E-08   0.9631585E-04
    20950.00  0.9429777E-04   0.4339776E-08   0.9430211E-04
    21050.00  0.9417558E-04   0.4320122E-08   0.9417990E-04
    21150.00  0.9209114E-04   0.4300579E-08   0.9209544E-04
    21250.00  0.9051480E-04   0.4281145E-08   0.9051908E-04
    21350.00  0.9027125E-04   0.4261821E-08   0.9027551E-04
    21450.00  0.8869344E-04   0.4242606E-08   0.8869768E-04
    21550.00  0.8704217E-04   0.4222924E-08   0.8704639E-04
    21650.00  0.8508383E-04   0.4203932E-08   0.8508803E-04
    21750.00  0.8377677E-04   0.4185047E-08   0.8378096E-04
    21850.00  0.8295058E-04   0.4166270E-08   0.8295475E-04
    21950.00  0.8201152E-04   0.4147599E-08   0.8201567E-04
    22050.00  0.7950881E-04   0.4129035E-08   0.7951294E-04
    22150.00  0.7999688E-04   0.4110576E-08   0.8000099E-04
    22250.00  0.7733824E-04   0.4082614E-08   0.7734232E-04
    22350.00  0.7659601E-04   0.4064449E-08   0.7660007E-04
    22450.00  0.7563233E-04   0.4046387E-08   0.7563638E-04
    22550.00  0.7491766E-04   0.4028428E-08   0.7492169E-04
    22650.00  0.7293331E-04   0.4010572E-08   0.7293732E-04
    22750.00  0.7311459E-04   0.3992818E-08   0.7311858E-04
    22850.00  0.7125428E-04   0.3182486E-08   0.7125746E-04
    22950.00  0.5960229E-04   0.3165752E-08   0.5960546E-04
    23050.00  0.6453980E-04   0.3151971E-08   0.6454295E-04
    23150.00  0.6350077E-04   0.3138273E-08   0.6350391E-04
    23250.00  0.5403703E-04   0.3124658E-08   0.5404015E-04
    23350.00  0.5887131E-04   0.3111124E-08   0.5887442E-04
    23450.00  0.5622326E-04   0.3097672E-08   0.5622636E-04
    23550.00  0.4833860E-04   0.3084300E-08   0.4834168E-04
    23650.00  0.5396226E-04   0.3071009E-08   0.5396533E-04
    23750.00  0.5142094E-04   0.3057797E-08   0.5142400E-04
    23850.00  0.4568721E-04   0.3044665E-08   0.4569025E-04
    23950.00  0.5009071E-04   0.3031611E-08   0.5009374E-04
    24050.00  0.4899230E-04   0.3018636E-08   0.4899532E-04
    24150.00  0.4400023E-04   0.3005738E-08   0.4400324E-04
    24250.00  0.4744961E-04   0.2992918E-08   0.4745260E-04
    24350.00  0.4662511E-04   0.2980174E-08   0.4662809E-04
    24450.00  0.4370480E-04   0.2967506E-08   0.4370777E-04
    24550.00  0.4393674E-04   0.2954914E-08   0.4393969E-04
    24650.00  0.4545036E-04   0.2942397E-08   0.4545330E-04
    24750.00  0.4370638E-04   0.2929955E-08   0.4370931E-04
    24850.00  0.4136122E-04   0.2917587E-08   0.4136414E-04
    24950.00  0.4280231E-04   0.2905293E-08   0.4280522E-04
    25050.00  0.4438421E-04   0.2893072E-08   0.4438710E-04
    25150.00  0.4003566E-04   0.2880923E-08   0.4003854E-04
    25250.00  0.4212070E-04   0.2868847E-08   0.4212357E-04
    25350.00  0.4196992E-04   0.2856843E-08   0.4197278E-04
    25450.00  0.4111096E-04   0.2844910E-08   0.4111380E-04
    25550.00  0.4018110E-04   0.2833048E-08   0.4018393E-04
    25650.00  0.4024982E-04   0.2821256E-08   0.4025264E-04
    25750.00  0.4067303E-04   0.2809534E-08   0.4067584E-04
    25850.00  0.3822108E-04   0.2797882E-08   0.3822388E-04
    25950.00  0.3868687E-04   0.2786299E-08   0.3868966E-04
    26050.00  0.3943194E-04   0.2774784E-08   0.3943471E-04
    26150.00  0.3818255E-04   0.2763337E-08   0.3818531E-04
    26250.00  0.3746753E-04   0.2751958E-08   0.3747028E-04
    26350.00  0.3801627E-04   0.2740645E-08   0.3801901E-04
    26450.00  0.3777359E-04   0.2729400E-08   0.3777632E-04
    26550.00  0.3695205E-04   0.2718221E-08   0.3695477E-04
    26650.00  0.3613308E-04   0.2707108E-08   0.3613579E-04
    26750.00  0.3722736E-04   0.2696060E-08   0.3723006E-04
    26850.00  0.3677346E-04   0.2685077E-08   0.3677615E-04
    26950.00  0.3525828E-04   0.2674158E-08   0.3526095E-04
    27050.00  0.3596153E-04   0.2663304E-08   0.3596419E-04
    27150.00  0.3551584E-04   0.2652513E-08   0.3551849E-04
    27250.00  0.3562959E-04   0.2641786E-08   0.3563223E-04
    27350.00  0.3413011E-04   0.2631121E-08   0.3413274E-04
    27450.00  0.3459748E-04   0.2620519E-08   0.3460010E-04
    27550.00  0.3454441E-04   0.2609978E-08   0.3454702E-04
    27650.00  0.3389326E-04   0.2534263E-08   0.3389579E-04
    27750.00  0.3293919E-04   0.2524127E-08   0.3294171E-04
    27850.00  0.3332064E-04   0.2514049E-08   0.3332315E-04
    27950.00  0.3333759E-04   0.2504031E-08   0.3334009E-04
    28050.00  0.3290835E-04   0.2494070E-08   0.3291084E-04
    28150.00  0.3204920E-04   0.2484168E-08   0.3205168E-04
    28250.00  0.3206416E-04   0.2474324E-08   0.3206663E-04
    28350.00  0.3202133E-04   0.2464536E-08   0.3202379E-04
    28450.00  0.3157542E-04   0.2454805E-08   0.3157787E-04
    28550.00  0.3110835E-04   0.2445131E-08   0.3111080E-04
    28650.00  0.3082932E-04   0.2435513E-08   0.3083176E-04
    28750.00  0.3047932E-04   0.2425950E-08   0.3048175E-04
    28850.00  0.3023604E-04   0.2416443E-08   0.3023846E-04
    28950.00  0.2991687E-04   0.2406990E-08   0.2991928E-04
    29050.00  0.2956512E-04   0.2397592E-08   0.2956752E-04
    29150.00  0.2936736E-04   0.2388248E-08   0.2936975E-04
    29250.00  0.2867343E-04   0.2378958E-08   0.2867581E-04
    29350.00  0.2881063E-04   0.2369721E-08   0.2881300E-04
    29450.00  0.2828285E-04   0.2360537E-08   0.2828521E-04
    29550.00  0.2799090E-04   0.2351406E-08   0.2799325E-04
    29650.00  0.2786265E-04   0.2342327E-08   0.2786499E-04
    29750.00  0.2756314E-04   0.2333064E-08   0.2756547E-04
    29850.00  0.2714177E-04   0.2324090E-08   0.2714409E-04
    29950.00  0.2685867E-04   0.2315167E-08   0.2686099E-04
    30050.00  0.2652634E-04   0.2306295E-08   0.2652865E-04
    30150.00  0.2636301E-04   0.2297473E-08   0.2636531E-04
    30250.00  0.2592858E-04   0.2288702E-08   0.2593087E-04
    30350.00  0.2546403E-04   0.2279980E-08   0.2546631E-04
    30450.00  0.2539297E-04   0.2271308E-08   0.2539524E-04
    30550.00  0.2505723E-04   0.2262685E-08   0.2505949E-04
    30650.00  0.2478769E-04   0.2254111E-08   0.2478994E-04
    30750.00  0.2457636E-04   0.2245586E-08   0.2457861E-04
    30850.00  0.2412929E-04   0.2237108E-08   0.2413153E-04
    30950.00  0.2390504E-04   0.2228679E-08   0.2390727E-04
    31050.00  0.2377916E-04   0.2220297E-08   0.2378138E-04
    31150.00  0.2329330E-04   0.2211962E-08   0.2329551E-04
    31250.00  0.2315849E-04   0.2203673E-08   0.2316069E-04
    31350.00  0.2290815E-04   0.2195315E-08   0.2291035E-04
    31450.00  0.2262821E-04   0.2187119E-08   0.2263040E-04
    31550.00  0.2235284E-04   0.2178969E-08   0.2235502E-04
    31650.00  0.2201135E-04   0.2170865E-08   0.2201352E-04
    31750.00  0.2188122E-04   0.2162806E-08   0.2188338E-04
    31850.00  0.2160044E-04   0.2154791E-08   0.2160259E-04
    31950.00  0.2140459E-04   0.2146822E-08   0.2140674E-04
    32100.00  0.2099330E-04   0.2133002E-08   0.2099543E-04
    32300.00  0.2046877E-04   0.2117356E-08   0.2047089E-04
    32500.00  0.2000965E-04   0.2101883E-08   0.2001175E-04
    32700.00  0.1952446E-04   0.2086581E-08   0.1952655E-04
    32900.00  0.1902310E-04   0.1847554E-08   0.1902495E-04
    33100.00  0.1863092E-04   0.1833782E-08   0.1863275E-04
    33300.00  0.1820382E-04   0.1820756E-08   0.1820564E-04
    33500.00  0.1786586E-04   0.1807872E-08   0.1786767E-04
    33700.00  0.1743354E-04   0.1795128E-08   0.1743534E-04
    33900.00  0.1702899E-04   0.1782522E-08   0.1703077E-04
    34100.00  0.1661426E-04   0.1770052E-08   0.1661603E-04
    34300.00  0.1632874E-04   0.1757716E-08   0.1633050E-04
    34500.00  0.1599909E-04   0.1745513E-08   0.1600084E-04
    34700.00  0.1564003E-04   0.1733440E-08   0.1564176E-04
    34900.00  0.1531466E-04   0.1721496E-08   0.1531638E-04
    35100.00  0.1501662E-04   0.1709680E-08   0.1501833E-04
    35300.00  0.1463777E-04   0.1697989E-08   0.1463947E-04
    35500.00  0.1437748E-04   0.1686422E-08   0.1437917E-04
    35700.00  0.1405670E-04   0.1674977E-08   0.1405837E-04
    35900.00  0.1375058E-04   0.1663652E-08   0.1375224E-04
    36100.00  0.1351440E-04   0.1652446E-08   0.1351605E-04
    36300.00  0.1324037E-04   0.1641358E-08   0.1324201E-04
    36500.00  0.1290477E-04   0.1630385E-08   0.1290640E-04
    36700.00  0.1264513E-04   0.1619527E-08   0.1264675E-04
    36900.00  0.1229657E-04   0.1608781E-08   0.1229818E-04
    37100.00  0.1202246E-04   0.1598146E-08   0.1202406E-04
    37300.00  0.1184989E-04   0.1587621E-08   0.1185148E-04
    37500.00  0.1149650E-04   0.1577204E-08   0.1149808E-04
    37700.00  0.1139788E-04   0.1566894E-08   0.1139945E-04
    37900.00  0.1116543E-04   0.1556689E-08   0.1116699E-04
    38100.00  0.1097636E-04   0.1546589E-08   0.1097791E-04
    38300.00  0.1079766E-04   0.1536591E-08   0.1079920E-04
    38500.00  0.1060626E-04   0.1526694E-08   0.1060779E-04
    38700.00  0.1033348E-04   0.1496644E-08   0.1033498E-04
    38900.00  0.1016162E-04   0.1487095E-08   0.1016311E-04
    39100.00  0.9979433E-05   0.1477643E-08   0.9980911E-05
    39300.00  0.9806680E-05   0.1468284E-08   0.9808148E-05
    39500.00  0.9554674E-05   0.1459019E-08   0.9556133E-05
    39700.00  0.9397137E-05   0.1449847E-08   0.9398587E-05
    39900.00  0.9141956E-05   0.1440765E-08   0.9143397E-05
    40100.00  0.9019447E-05   0.1431773E-08   0.9020879E-05
    40300.00  0.8893532E-05   0.1422870E-08   0.8894955E-05
    40500.00  0.8694062E-05   0.1414054E-08   0.8695476E-05
    40700.00  0.8569585E-05   0.1405325E-08   0.8570990E-05
    40900.00  0.8416441E-05   0.1396681E-08   0.8417838E-05
    41100.00  0.8270738E-05   0.1388069E-08   0.8272126E-05
    41300.00  0.8136360E-05   0.1379593E-08   0.8137740E-05
    41500.00  0.7969381E-05   0.1371200E-08   0.7970752E-05
    41700.00  0.7801839E-05   0.1362887E-08   0.7803202E-05
    41900.00  0.7668273E-05   0.1354655E-08   0.7669628E-05
    42100.00  0.7514559E-05   0.1346501E-08   0.7515906E-05
    42300.00  0.7437158E-05   0.1338426E-08   0.7438496E-05
    42500.00  0.7266557E-05   0.1330428E-08   0.7267887E-05
    42700.00  0.7165803E-05   0.1322506E-08   0.7167126E-05
    42900.00  0.6577096E-05   0.1314659E-08   0.6578411E-05
    43100.00  0.6015052E-05   0.1306854E-08   0.6016359E-05
    43300.00  0.6126125E-05   0.1299154E-08   0.6127424E-05
    43500.00  0.5659490E-05   0.1291527E-08   0.5660782E-05
    43700.00  0.5436257E-05   0.1283971E-08   0.5437541E-05
    43900.00  0.5251402E-05   0.1275980E-08   0.5252678E-05
    44100.00  0.4862330E-05   0.1268570E-08   0.4863599E-05
    44300.00  0.4839223E-05   0.1261228E-08   0.4840484E-05
    44500.00  0.4702399E-05   0.1253955E-08   0.4703653E-05
    44700.00  0.4428331E-05   0.1229395E-08   0.4429560E-05
    44900.00  0.4524195E-05   0.1163124E-08   0.4525358E-05
    45100.00  0.4344899E-05   0.1156561E-08   0.4346056E-05
    45300.00  0.4172811E-05   0.1150058E-08   0.4173961E-05
    45500.00  0.4224473E-05   0.1143614E-08   0.4225617E-05
    45700.00  0.4152885E-05   0.1137229E-08   0.4154022E-05
    45900.00  0.3943527E-05   0.1130901E-08   0.3944658E-05
    46100.00  0.4046359E-05   0.1124630E-08   0.4047484E-05
    46300.00  0.3921076E-05   0.1118416E-08   0.3922194E-05
    46500.00  0.3876420E-05   0.1112257E-08   0.3877532E-05
    46700.00  0.3890712E-05   0.1106153E-08   0.3891818E-05
    46900.00  0.3798896E-05   0.1100104E-08   0.3799996E-05
    47100.00  0.3709333E-05   0.1094108E-08   0.3710427E-05
    47300.00  0.3778568E-05   0.1088165E-08   0.3779656E-05
    47500.00  0.3670611E-05   0.1082275E-08   0.3671693E-05
    47700.00  0.3625940E-05   0.1076437E-08   0.3627016E-05
    47900.00  0.3593599E-05   0.1070650E-08   0.3594670E-05
    48100.00  0.3478969E-05   0.1064913E-08   0.3480034E-05
    48300.00  0.3554635E-05   0.1059227E-08   0.3555694E-05
    48500.00  0.3470775E-05   0.1053590E-08   0.3471829E-05
    48700.00  0.3384566E-05   0.1048002E-08   0.3385614E-05
    48900.00  0.3351230E-05   0.1042462E-08   0.3352272E-05
    49100.00  0.3305398E-05   0.1036970E-08   0.3306435E-05
    49300.00  0.3260126E-05   0.1031526E-08   0.3261158E-05
    49500.00  0.3185058E-05   0.1026128E-08   0.3186084E-05
    49700.00  0.3212308E-05   0.1020776E-08   0.3213329E-05
    49900.00  0.3145180E-05   0.1015469E-08   0.3146195E-05
    50100.00  0.3125539E-05   0.1010208E-08   0.3126549E-05
    50300.00  0.3086023E-05   0.1004992E-08   0.3087028E-05
    50500.00  0.2998674E-05   0.9998193E-09   0.2999674E-05
    50700.00  0.2997928E-05   0.9946904E-09   0.2998923E-05
    50900.00  0.2953555E-05   0.9896047E-09   0.2954545E-05
    51100.00  0.2899978E-05   0.9845615E-09   0.2900963E-05
    51300.00  0.2876522E-05   0.9795605E-09   0.2877502E-05
    51500.00  0.2825232E-05   0.9671496E-09   0.2826199E-05
    51700.00  0.2848285E-05   0.9622768E-09   0.2849247E-05
    51900.00  0.2790309E-05   0.9574443E-09   0.2791266E-05
    52100.00  0.2762504E-05   0.9526517E-09   0.2763457E-05
    52300.00  0.2711561E-05   0.9478986E-09   0.2712509E-05
    52500.00  0.2703297E-05   0.9431845E-09   0.2704240E-05
    52700.00  0.2725542E-05   0.9385090E-09   0.2726481E-05
    52900.00  0.2631827E-05   0.9338716E-09   0.2632761E-05
    53100.00  0.2583865E-05   0.9292720E-09   0.2584794E-05
    53300.00  0.2588426E-05   0.9247097E-09   0.2589351E-05
    53500.00  0.2553907E-05   0.9201844E-09   0.2554827E-05
    53700.00  0.2528434E-05   0.9156955E-09   0.2529350E-05
    53900.00  0.2507444E-05   0.9112428E-09   0.2508355E-05
    54100.00  0.2482850E-05   0.9068259E-09   0.2483757E-05
    54300.00  0.2428307E-05   0.9024240E-09   0.2429209E-05
    54500.00  0.2441512E-05   0.8980778E-09   0.2442410E-05
    54700.00  0.2377901E-05   0.8937662E-09   0.2378795E-05
    54900.00  0.2378254E-05   0.8894888E-09   0.2379143E-05
    55100.00  0.2325033E-05   0.8852452E-09   0.2325918E-05
    55300.00  0.2382636E-05   0.8810352E-09   0.2383517E-05
    55500.00  0.2285409E-05   0.8768583E-09   0.2286286E-05
    55700.00  0.2302046E-05   0.8727142E-09   0.2302919E-05
    55900.00  0.2254983E-05   0.8686025E-09   0.2255852E-05
    56100.00  0.2263979E-05   0.8645229E-09   0.2264844E-05
    56300.00  0.2199458E-05   0.8604751E-09   0.2200318E-05
    56500.00  0.2208653E-05   0.8564479E-09   0.2209509E-05
    56700.00  0.2180083E-05   0.8524613E-09   0.2180935E-05
    56900.00  0.2124907E-05   0.8485056E-09   0.2125756E-05
    57100.00  0.2139139E-05   0.8445802E-09   0.2139984E-05
    57300.00  0.2116765E-05   0.8406851E-09   0.2117606E-05
    57500.00  0.2088899E-05   0.8366635E-09   0.2089736E-05
    57700.00  0.2063863E-05   0.8328308E-09   0.2064696E-05
    57900.00  0.2060332E-05   0.8290273E-09   0.2061161E-05
    58100.00  0.2026853E-05   0.8252528E-09   0.2027678E-05
    58300.00  0.2008254E-05   0.8215068E-09   0.2009076E-05
    58500.00  0.1985687E-05   0.7874920E-09   0.1986474E-05
    58700.00  0.1947268E-05   0.7839213E-09   0.1948052E-05
    58900.00  0.1932957E-05   0.7804259E-09   0.1933737E-05
    59100.00  0.1907865E-05   0.7769566E-09   0.1908642E-05
    59300.00  0.1900403E-05   0.7735130E-09   0.1901177E-05
    59500.00  0.1867367E-05   0.7700951E-09   0.1868137E-05
    59700.00  0.1863362E-05   0.7667024E-09   0.1864129E-05
    59900.00  0.1843479E-05   0.7633348E-09   0.1844242E-05
    60100.00  0.1822828E-05   0.7599920E-09   0.1823588E-05
    60300.00  0.1801171E-05   0.7566738E-09   0.1801928E-05
    60500.00  0.1770027E-05   0.7533799E-09   0.1770780E-05
    60700.00  0.1754082E-05   0.7501100E-09   0.1754832E-05
    60900.00  0.1731136E-05   0.7468639E-09   0.1731883E-05
    61100.00  0.1709564E-05   0.7436415E-09   0.1710308E-05
    61300.00  0.1699197E-05   0.7404424E-09   0.1699937E-05
    61500.00  0.1685102E-05   0.7372664E-09   0.1685839E-05
    61700.00  0.1676329E-05   0.7341134E-09   0.1677063E-05
    61900.00  0.1652043E-05   0.7309830E-09   0.1652774E-05
    62100.00  0.1641537E-05   0.7278750E-09   0.1642265E-05
    62300.00  0.1614040E-05   0.7247893E-09   0.1614765E-05
    62500.00  0.1588142E-05   0.7217256E-09   0.1588864E-05
    62700.00  0.1571933E-05   0.7186838E-09   0.1572652E-05
    62900.00  0.1557522E-05   0.7156635E-09   0.1558238E-05
    63100.00  0.1539760E-05   0.7126646E-09   0.1540473E-05
    63300.00  0.1532808E-05   0.7096868E-09   0.1533518E-05
    63500.00  0.1510516E-05   0.7067301E-09   0.1511223E-05
    63700.00  0.1504505E-05   0.7037941E-09   0.1505209E-05
    63900.00  0.1479820E-05   0.7008787E-09   0.1480521E-05
    64200.00  0.1458018E-05   0.6965438E-09   0.1458715E-05
    64600.00  0.1422150E-05   0.6908341E-09   0.1422841E-05
    65000.00  0.1392809E-05   0.6852032E-09   0.1393494E-05
    65400.00  0.1361805E-05   0.6796497E-09   0.1362485E-05
    65800.00  0.1335916E-05   0.6741720E-09   0.1336590E-05
    66200.00  0.1304763E-05   0.6656656E-09   0.1305429E-05
    66600.00  0.1277281E-05   0.6603666E-09   0.1277941E-05
    67000.00  0.1251001E-05   0.6551389E-09   0.1251656E-05
    67400.00  0.1221750E-05   0.6499812E-09   0.1222400E-05
    67800.00  0.1195989E-05   0.6448923E-09   0.1196634E-05
    68200.00  0.1169630E-05   0.6398708E-09   0.1170270E-05
    68600.00  0.1146938E-05   0.6349155E-09   0.1147573E-05
    69000.00  0.1120514E-05   0.6300254E-09   0.1121144E-05
    69400.00  0.1097140E-05   0.6251961E-09   0.1097765E-05
    69800.00  0.1073840E-05   0.6204325E-09   0.1074460E-05
    70200.00  0.1050204E-05   0.6157305E-09   0.1050820E-05
    70600.00  0.1029300E-05   0.6110891E-09   0.1029911E-05
    71000.00  0.1006994E-05   0.6065072E-09   0.1007601E-05
    71400.00  0.9865403E-06   0.6019837E-09   0.9871423E-06
    71800.00  0.9651665E-06   0.5975156E-09   0.9657640E-06
    72200.00  0.9455709E-06   0.5931058E-09   0.9461640E-06
    72600.00  0.9253364E-06   0.5887516E-09   0.9259252E-06
    73000.00  0.9063737E-06   0.5843964E-09   0.9069581E-06
    73400.00  0.8870885E-06   0.5801505E-09   0.8876687E-06
    73800.00  0.8692627E-06   0.5759573E-09   0.8698387E-06
    74200.00  0.8495941E-06   0.5585095E-09   0.8501526E-06
    74600.00  0.8308599E-06   0.5545405E-09   0.8314144E-06
    75000.00  0.8140558E-06   0.5506198E-09   0.8146064E-06
    75400.00  0.7985632E-06   0.5467467E-09   0.7991099E-06
    75800.00  0.7838375E-06   0.5429204E-09   0.7843804E-06
    76200.00  0.7681489E-06   0.5391400E-09   0.7686880E-06
    76600.00  0.7526240E-06   0.5354049E-09   0.7531594E-06
    77000.00  0.7372939E-06   0.5317143E-09   0.7378256E-06
    77400.00  0.7228360E-06   0.5280675E-09   0.7233641E-06
    77800.00  0.7085595E-06   0.5244637E-09   0.7090840E-06
    78200.00  0.6943685E-06   0.5209023E-09   0.6948894E-06
    78600.00  0.6809102E-06   0.5173825E-09   0.6814276E-06
    79000.00  0.6674839E-06   0.5139038E-09   0.6679978E-06
    79400.00  0.6544883E-06   0.5104654E-09   0.6549988E-06
    79800.00  0.6420046E-06   0.5070666E-09   0.6425117E-06
    80200.00  0.6287932E-06   0.5037070E-09   0.6292969E-06
    80600.00  0.6167531E-06   0.5003857E-09   0.6172535E-06
    81000.00  0.6053128E-06   0.4971024E-09   0.6058099E-06
    81400.00  0.5935068E-06   0.4938562E-09   0.5940007E-06
    81800.00  0.5827181E-06   0.4906467E-09   0.5832087E-06
    82200.00  0.5716638E-06   0.4874733E-09   0.5721513E-06
    82600.00  0.5608460E-06   0.4829036E-09   0.5613289E-06
    83000.00  0.5503900E-06   0.4798127E-09   0.5508698E-06
    83400.00  0.5396366E-06   0.4767560E-09   0.5401134E-06
    83800.00  0.5296535E-06   0.4737332E-09   0.5301272E-06
    84200.00  0.5203203E-06   0.4707435E-09   0.5207910E-06
    84600.00  0.5105030E-06   0.4677866E-09   0.5109708E-06
    85000.00  0.5011888E-06   0.4648620E-09   0.5016537E-06
    85400.00  0.4922308E-06   0.4619691E-09   0.4926928E-06
    85800.00  0.4832378E-06   0.4591075E-09   0.4836969E-06
    86200.00  0.4747623E-06   0.4562747E-09   0.4752186E-06
    86600.00  0.4662874E-06   0.4534743E-09   0.4667409E-06
    87000.00  0.4579008E-06   0.4507038E-09   0.4583515E-06
    87400.00  0.4496901E-06   0.4479628E-09   0.4501381E-06
    87800.00  0.4416740E-06   0.4452508E-09   0.4421193E-06
    88200.00  0.4336752E-06   0.4425674E-09   0.4341178E-06
    88600.00  0.4260840E-06   0.4399122E-09   0.4265239E-06
    89000.00  0.4185683E-06   0.4372828E-09   0.4190056E-06
    89400.00  0.4114223E-06   0.4346831E-09   0.4118570E-06
    89800.00  0.4038927E-06   0.4321104E-09   0.4043248E-06
    90200.00  0.3973802E-06   0.4295406E-09   0.3978097E-06
    90600.00  0.3906884E-06   0.4270200E-09   0.3911154E-06
    91000.00  0.3833126E-06   0.4245252E-09   0.3837371E-06
    91400.00  0.3771780E-06   0.4156602E-09   0.3775937E-06
    91800.00  0.3708453E-06   0.4132580E-09   0.3712586E-06
    92200.00  0.3648878E-06   0.4108878E-09   0.3652987E-06
    92600.00  0.3585890E-06   0.4085414E-09   0.3589975E-06
    93000.00  0.3526469E-06   0.4062185E-09   0.3530531E-06
    93400.00  0.3467049E-06   0.4039188E-09   0.3471088E-06
    93800.00  0.3409513E-06   0.4016420E-09   0.3413529E-06
    94200.00  0.3353458E-06   0.3993877E-09   0.3357452E-06
    94600.00  0.3296887E-06   0.3971556E-09   0.3300859E-06
    95000.00  0.3243144E-06   0.3949455E-09   0.3247093E-06
    95400.00  0.3190516E-06   0.3927571E-09   0.3194444E-06
    95800.00  0.3138648E-06   0.3905899E-09   0.3142554E-06
    96200.00  0.3087171E-06   0.3884438E-09   0.3091055E-06
    96600.00  0.3038058E-06   0.3863185E-09   0.3041921E-06
    97000.00  0.2989262E-06   0.3842137E-09   0.2993104E-06
    97400.00  0.2936997E-06   0.3821290E-09   0.2940818E-06
    97800.00  0.2893212E-06   0.3800644E-09   0.2897013E-06
    98200.00  0.2847670E-06   0.3780193E-09   0.2851450E-06
    98600.00  0.2803233E-06   0.3759937E-09   0.2806993E-06
    99000.00  0.2759480E-06   0.3739873E-09   0.2763220E-06
    99400.00  0.2715204E-06   0.3719997E-09   0.2718924E-06
    99800.00  0.2673188E-06   0.3700308E-09   0.2676888E-06
   100200.00  0.2631369E-06   0.1003992E-09   0.2632373E-06
   200000.00  0.1711263E-07   0.2520031E-10   0.1713783E-07
   400000.00  0.1077260E-08   0.6300077E-11   0.1083560E-08
   600000.00  0.2119622E-09   0.2800034E-11   0.2147622E-09
   800000.00  0.6668941E-10   0.1575019E-11   0.6826443E-10
  1000000.00  0.2715803E-10   0.1008012E-11   0.2816604E-10
  1200000.00  0.1302741E-10   0.7000085E-12   0.1372742E-10
  1400000.00  0.6997996E-11   0.5142920E-12   0.7512288E-11
  1600000.00  0.4083872E-11   0.3937548E-12   0.4477627E-11
