       91.00  0.2912919E-16   0.0000000E+00   0.2912919E-16
       94.00  0.1019520E-15   0.0000000E+00   0.1019520E-15
       96.00  0.3349854E-15   0.0000000E+00   0.3349854E-15
       98.00  0.6117122E-15   0.0000000E+00   0.6117122E-15
      100.00  0.1558407E-14   0.0000000E+00   0.1558407E-14
      102.00  0.3713967E-14   0.0000000E+00   0.3713967E-14
      104.00  0.8360073E-14   0.0000000E+00   0.8360073E-14
      106.00  0.1787078E-13   0.0000000E+00   0.1787078E-13
      108.00  0.3782423E-13   0.0000000E+00   0.3782423E-13
      110.00  0.8310729E-13   0.0000000E+00   0.8310729E-13
      114.00  0.3215187E-12   0.0000000E+00   0.3215187E-12
      118.00  0.1119979E-11   0.0000000E+00   0.1119979E-11
      121.00  0.2781937E-11   0.0000000E+00   0.2781937E-11
      125.00  0.7896362E-11   0.0000000E+00   0.7896362E-11
      127.00  0.1124577E-10   0.0000000E+00   0.1124577E-10
      128.00  0.1289538E-10   0.0000000E+00   0.1289538E-10
      131.00  0.2782303E-10   0.0000000E+00   0.2782303E-10
      132.00  0.3514889E-10   0.0000000E+00   0.3514889E-10
      134.00  0.5644305E-10   0.0000000E+00   0.5644305E-10
      137.00  0.1151473E-09   0.0000000E+00   0.1151473E-09
      140.00  0.2215626E-09   0.0000000E+00   0.2215626E-09
      143.00  0.3994544E-09   0.0000000E+00   0.3994544E-09
      147.00  0.8951427E-09   0.0000000E+00   0.8951427E-09
      151.00  0.1862592E-08   0.0000000E+00   0.1862592E-08
      155.00  0.3803114E-08   0.0000000E+00   0.3803114E-08
      159.00  0.6971745E-08   0.0000000E+00   0.6971745E-08
      162.00  0.5272997E-08   0.0000000E+00   0.5272997E-08
      166.00  0.9606749E-08   0.0000000E+00   0.9606749E-08
      170.00  0.1665183E-07   0.0000000E+00   0.1665183E-07
      173.00  0.2412679E-07   0.0000000E+00   0.2412679E-07
      177.00  0.4006170E-07   0.0000000E+00   0.4006170E-07
      180.00  0.5703179E-07   0.0000000E+00   0.5703179E-07
      182.00  0.7177786E-07   0.0000000E+00   0.7177786E-07
      186.00  0.1129303E-06   0.0000000E+00   0.1129303E-06
      191.00  0.1932203E-06   0.0000000E+00   0.1932203E-06
      194.00  0.2585626E-06   0.0000000E+00   0.2585626E-06
      198.00  0.3833382E-06   0.0000000E+00   0.3833382E-06
      202.00  0.5435640E-06   0.0000000E+00   0.5435640E-06
      205.00  0.7351508E-06   0.0000000E+00   0.7351508E-06
      210.00  0.1153077E-05   0.0000000E+00   0.1153077E-05
      216.00  0.1896108E-05   0.0000000E+00   0.1896108E-05
      220.00  0.2590671E-05   0.0000000E+00   0.2590671E-05
      223.00  0.3192250E-05   0.0000000E+00   0.3192250E-05
      227.00  0.4366970E-05   0.0000000E+00   0.4366970E-05
      228.00  0.4727188E-05   0.0000000E+00   0.4727188E-05
      228.00  0.1336092E-04   0.0000000E+00   0.1336092E-04
      230.00  0.2868436E-04   0.0000000E+00   0.2868436E-04
      234.00  0.5933125E-04   0.0000000E+00   0.5933125E-04
      240.00  0.1016209E-03   0.0000000E+00   0.1016209E-03
      246.00  0.5327594E-04   0.0000000E+00   0.5327594E-04
      252.00  0.7798560E-03   0.0000000E+00   0.7798560E-03
      257.00  0.1590115E-02   0.0000000E+00   0.1590115E-02
      260.00  0.2302983E-03   0.0000000E+00   0.2302983E-03
      264.00  0.1369440E-01   0.0000000E+00   0.1369440E-01
      269.00  0.7638746E-02   0.0000000E+00   0.7638746E-02
      274.00  0.8698713E-02   0.0000000E+00   0.8698713E-02
      279.00  0.1621783E-03   0.0000000E+00   0.1621783E-03
      284.00  0.1923298E-02   0.0000000E+00   0.1923298E-02
      290.00  0.1359821E-01   0.0000000E+00   0.1359821E-01
      296.00  0.1583138E-01   0.0000000E+00   0.1583138E-01
      301.00  0.1723028E-02   0.0000000E+00   0.1723028E-02
      308.00  0.1422242E-01   0.0000000E+00   0.1422242E-01
      318.00  0.3488999E-01   0.0000000E+00   0.3488999E-01
      328.00  0.7992626E-02   0.0000000E+00   0.7992626E-02
      338.00  0.1474890E-01   0.0000000E+00   0.1474890E-01
      348.00  0.5531057E-02   0.0000000E+00   0.5531057E-02
      353.30  0.5531057E-02   0.0000000E+00   0.5531057E-02
      353.30  0.2038691E-01   0.0000000E+00   0.2038691E-01
      357.00  0.6717036E-02   0.0000000E+00   0.6717036E-02
      366.00  0.3405678E-01   0.0000000E+00   0.3405678E-01
      375.00  0.2986514E-01   0.0000000E+00   0.2986514E-01
      385.00  0.2345381E-01   0.0000000E+00   0.2345381E-01
      395.00  0.1253355E-01   0.0000000E+00   0.1253355E-01
      405.00  0.3999176E-01   0.0000000E+00   0.3999176E-01
      414.00  0.4220888E-01   0.0000000E+00   0.4220888E-01
      422.00  0.3046600E-01   0.0000000E+00   0.3046600E-01
      430.00  0.4239040E-01   0.0000000E+00   0.4239040E-01
      441.00  0.4334233E-01   0.0000000E+00   0.4334233E-01
      451.00  0.3174454E-01   0.0000000E+00   0.3174454E-01
      460.00  0.4570870E-01   0.0000000E+00   0.4570870E-01
      470.00  0.5099916E-01   0.0000000E+00   0.5099916E-01
      480.00  0.5028632E-01   0.0000000E+00   0.5028632E-01
      490.00  0.4118888E-01   0.0000000E+00   0.4118888E-01
      500.00  0.5749246E-01   0.0000000E+00   0.5749246E-01
      504.60  0.7112618E-01   0.0000000E+00   0.7112618E-01
      504.60  0.1189145E+00   0.0000000E+00   0.1189145E+00
      506.00  0.1145891E+00   0.0000000E+00   0.1145891E+00
      512.00  0.1016130E+00   0.0000000E+00   0.1016130E+00
      520.00  0.1248463E+00   0.0000000E+00   0.1248463E+00
      530.00  0.8887995E-01   0.0000000E+00   0.8887995E-01
      540.00  0.5967354E-01   0.0000000E+00   0.5967354E-01
      550.00  0.1251889E+00   0.0000000E+00   0.1251889E+00
      560.00  0.1271605E+00   0.0000000E+00   0.1271605E+00
      570.00  0.1336421E+00   0.0000000E+00   0.1336421E+00
      580.00  0.8346269E-01   0.0000000E+00   0.8346269E-01
      590.00  0.1326960E+00   0.0000000E+00   0.1326960E+00
      600.00  0.9198901E-01   0.0000000E+00   0.9198901E-01
      610.00  0.1164192E+00   0.0000000E+00   0.1164192E+00
      620.00  0.1301821E+00   0.0000000E+00   0.1301821E+00
      630.00  0.1225965E+00   0.0000000E+00   0.1225965E+00
      640.00  0.1140197E+00   0.0000000E+00   0.1140197E+00
      650.00  0.1149839E+00   0.0000000E+00   0.1149839E+00
      658.00  0.9920547E-01   0.0000000E+00   0.9920547E-01
      665.00  0.9226253E-01   0.0000000E+00   0.9226253E-01
      675.00  0.1285762E+00   0.0000000E+00   0.1285762E+00
      685.00  0.1158508E+00   0.0000000E+00   0.1158508E+00
      695.00  0.1012720E+00   0.0000000E+00   0.1012720E+00
      705.00  0.1416693E+00   0.0000000E+00   0.1416693E+00
      716.00  0.1284626E+00   0.0000000E+00   0.1284626E+00
      726.00  0.1281788E+00   0.0000000E+00   0.1281788E+00
      735.00  0.1278342E+00   0.0000000E+00   0.1278342E+00
      745.00  0.1276871E+00   0.0000000E+00   0.1276871E+00
      755.00  0.1272062E+00   0.0000000E+00   0.1272062E+00
      765.00  0.1336238E+00   0.0000000E+00   0.1336238E+00
      775.00  0.1259762E+00   0.0000000E+00   0.1259762E+00
      785.00  0.5488820E-01   0.0000000E+00   0.5488820E-01
      795.00  0.1264502E+00   0.0000000E+00   0.1264502E+00
      805.00  0.1261778E+00   0.0000000E+00   0.1261778E+00
      815.00  0.1244418E+00   0.0000000E+00   0.1244418E+00
      825.00  0.1255295E+00   0.0000000E+00   0.1255295E+00
      835.00  0.1019577E+00   0.0000000E+00   0.1019577E+00
      845.00  0.1249284E+00   0.0000000E+00   0.1249284E+00
      855.00  0.1196521E+00   0.0000000E+00   0.1196521E+00
      865.00  0.1242650E+00   0.0000000E+00   0.1242650E+00
      875.00  0.1238539E+00   0.0000000E+00   0.1238539E+00
      885.00  0.1232177E+00   0.0000000E+00   0.1232177E+00
      895.00  0.1229730E+00   0.0000000E+00   0.1229730E+00
      905.00  0.1223726E+00   0.0000000E+00   0.1223726E+00
      912.40  0.1216993E+00   0.4946171E-03   0.1221939E+00
      912.40  0.7232757E+00   0.4946202E-03   0.7237703E+00
      915.00  0.6815354E+00   0.7061686E-03   0.6822416E+00
      925.00  0.5209943E+00   0.7509910E-03   0.5217453E+00
      935.00  0.6789651E+00   0.7974178E-03   0.6797625E+00
      945.00  0.6072676E+00   0.8454427E-03   0.6081130E+00
      955.00  0.6459818E+00   0.8950596E-03   0.6468769E+00
      965.00  0.6387147E+00   0.9462587E-03   0.6396610E+00
      975.00  0.4913474E+00   0.9990283E-03   0.4923464E+00
      985.00  0.6171724E+00   0.1053355E-02   0.6182258E+00
      995.00  0.6054929E+00   0.1109223E-02   0.6066021E+00
     1005.00  0.5589852E+00   0.1166614E-02   0.5601518E+00
     1015.00  0.5750663E+00   0.1225511E-02   0.5762918E+00
     1025.00  0.5335211E+00   0.1285891E-02   0.5348070E+00
     1035.00  0.5536995E+00   0.1347734E-02   0.5550472E+00
     1045.00  0.5615909E+00   0.1411115E-02   0.5630020E+00
     1055.00  0.5502792E+00   0.1475926E-02   0.5517551E+00
     1065.00  0.5342914E+00   0.1542127E-02   0.5358335E+00
     1075.00  0.4422578E+00   0.1609690E-02   0.4438675E+00
     1085.00  0.4863045E+00   0.1678585E-02   0.4879831E+00
     1095.00  0.5071573E+00   0.1748784E-02   0.5089061E+00
     1105.00  0.4957472E+00   0.1820256E-02   0.4975675E+00
     1115.00  0.4798469E+00   0.1892967E-02   0.4817399E+00
     1125.00  0.3119108E+00   0.1966882E-02   0.3138777E+00
     1135.00  0.4665484E+00   0.2041972E-02   0.4685904E+00
     1145.00  0.4549617E+00   0.2118203E-02   0.4570799E+00
     1155.00  0.3497682E+00   0.2195541E-02   0.3519637E+00
     1165.00  0.3829946E+00   0.2273952E-02   0.3852686E+00
     1175.00  0.3208254E+00   0.2353400E-02   0.3231788E+00
     1185.00  0.4200101E+00   0.2433850E-02   0.4224440E+00
     1195.00  0.3987263E+00   0.2515267E-02   0.4012416E+00
     1205.00  0.3557683E+00   0.2597615E-02   0.3583659E+00
     1215.00  0.3576478E+00   0.2680857E-02   0.3603287E+00
     1225.00  0.3617342E+00   0.4252100E-02   0.3659863E+00
     1235.00  0.3664378E+00   0.5686229E-02   0.3721240E+00
     1245.00  0.3647194E+00   0.6918461E-02   0.3716379E+00
     1255.00  0.3541448E+00   0.7983844E-02   0.3621286E+00
     1265.00  0.3559005E+00   0.8908350E-02   0.3648088E+00
     1275.00  0.3500680E+00   0.9712506E-02   0.3597805E+00
     1285.00  0.3293113E+00   0.1041306E-01   0.3397244E+00
     1295.00  0.3185988E+00   0.1102396E-01   0.3296228E+00
     1305.00  0.3283523E+00   0.1155693E-01   0.3399092E+00
     1315.00  0.3175064E+00   0.1202199E-01   0.3295284E+00
     1325.00  0.3109092E+00   0.1242767E-01   0.3233369E+00
     1335.00  0.3094104E+00   0.1278137E-01   0.3221918E+00
     1345.00  0.2787488E+00   0.1308946E-01   0.2918383E+00
     1355.00  0.2988257E+00   0.1335749E-01   0.3121832E+00
     1365.00  0.2925385E+00   0.1359028E-01   0.3061288E+00
     1375.00  0.2861481E+00   0.1379206E-01   0.2999402E+00
     1385.00  0.2748951E+00   0.1396653E-01   0.2888616E+00
     1395.00  0.2590848E+00   0.1411693E-01   0.2732017E+00
     1405.00  0.2797275E+00   0.1424613E-01   0.2939736E+00
     1415.00  0.2628614E+00   0.1435663E-01   0.2772180E+00
     1425.00  0.2507173E+00   0.1445066E-01   0.2651680E+00
     1435.00  0.2526174E+00   0.1453017E-01   0.2671476E+00
     1442.00  0.2516190E+00   0.1457812E-01   0.2661971E+00
     1447.00  0.2493438E+00   0.1460885E-01   0.2639526E+00
     1455.00  0.2461029E+00   0.1465238E-01   0.2607553E+00
     1465.00  0.2401102E+00   0.1469798E-01   0.2548082E+00
     1475.00  0.2350542E+00   0.1473491E-01   0.2497891E+00
     1485.00  0.2290180E+00   0.1476422E-01   0.2437822E+00
     1495.00  0.2283369E+00   0.1478688E-01   0.2431238E+00
     1505.00  0.2226092E+00   0.1480373E-01   0.2374129E+00
     1512.00  0.2181007E+00   0.1481248E-01   0.2329132E+00
     1517.00  0.2170873E+00   0.1481734E-01   0.2319046E+00
     1525.00  0.2075776E+00   0.1482293E-01   0.2224005E+00
     1535.00  0.2081818E+00   0.1482653E-01   0.2230083E+00
     1545.00  0.1111849E+00   0.1482687E-01   0.1260118E+00
     1555.00  0.2058286E+00   0.1482422E-01   0.2206528E+00
     1565.00  0.1590179E+00   0.1481917E-01   0.1738371E+00
     1575.00  0.1954637E+00   0.1481209E-01   0.2102758E+00
     1585.00  0.1614950E+00   0.1480333E-01   0.1762983E+00
     1595.00  0.1897404E+00   0.1479316E-01   0.2045336E+00
     1605.00  0.1866015E+00   0.1478185E-01   0.2013834E+00
     1615.00  0.1834409E+00   0.1476964E-01   0.1982105E+00
     1625.00  0.1803816E+00   0.1475672E-01   0.1951383E+00
     1635.00  0.1774507E+00   0.1474310E-01   0.1921938E+00
     1645.00  0.1742261E+00   0.1472902E-01   0.1889551E+00
     1655.00  0.1711185E+00   0.1471470E-01   0.1858332E+00
     1665.00  0.1685202E+00   0.1470027E-01   0.1832205E+00
     1672.00  0.1660673E+00   0.1469016E-01   0.1807575E+00
     1677.00  0.1651428E+00   0.1468296E-01   0.1798258E+00
     1685.00  0.1629133E+00   0.1467150E-01   0.1775848E+00
     1695.00  0.1599870E+00   0.1465733E-01   0.1746443E+00
     1705.00  0.1572179E+00   0.1464342E-01   0.1718613E+00
     1715.00  0.1543953E+00   0.1462981E-01   0.1690251E+00
     1725.00  0.1517953E+00   0.1461657E-01   0.1664119E+00
     1735.00  0.1494742E+00   0.1460374E-01   0.1640779E+00
     1745.00  0.1469469E+00   0.1459135E-01   0.1615382E+00
     1755.00  0.1447660E+00   0.1457944E-01   0.1593454E+00
     1765.00  0.1418012E+00   0.1456803E-01   0.1563692E+00
     1775.00  0.1397240E+00   0.1455715E-01   0.1542812E+00
     1785.00  0.1375959E+00   0.1454681E-01   0.1521427E+00
     1795.00  0.1354952E+00   0.1453697E-01   0.1500322E+00
     1805.00  0.1334040E+00   0.1452766E-01   0.1479317E+00
     1815.00  0.1310193E+00   0.1451891E-01   0.1455382E+00
     1825.00  0.1290433E+00   0.1451072E-01   0.1435540E+00
     1835.00  0.1269914E+00   0.1450311E-01   0.1414945E+00
     1845.00  0.1244766E+00   0.1449606E-01   0.1389727E+00
     1855.00  0.1223584E+00   0.1448957E-01   0.1368480E+00
     1865.00  0.1206525E+00   0.1448363E-01   0.1351361E+00
     1875.00  0.1190979E+00   0.1447825E-01   0.1335761E+00
     1885.00  0.1166885E+00   0.1447340E-01   0.1311619E+00
     1895.00  0.1145498E+00   0.1446908E-01   0.1290189E+00
     1905.00  0.1132912E+00   0.1446528E-01   0.1277565E+00
     1915.00  0.1112777E+00   0.1446199E-01   0.1257397E+00
     1925.00  0.1094951E+00   0.1445920E-01   0.1239543E+00
     1935.00  0.1081177E+00   0.1445688E-01   0.1225746E+00
     1945.00  0.1066690E+00   0.1445496E-01   0.1211240E+00
     1955.00  0.1045742E+00   0.1445338E-01   0.1190276E+00
     1967.00  0.1031249E+00   0.1445205E-01   0.1175769E+00
     1976.00  0.1019486E+00   0.1445142E-01   0.1164000E+00
     1984.00  0.1004356E+00   0.1445114E-01   0.1148867E+00
     1995.00  0.9858203E-01   0.1445113E-01   0.1130332E+00
     2005.00  0.9736510E-01   0.1445151E-01   0.1118166E+00
     2015.00  0.9606026E-01   0.1445223E-01   0.1105125E+00
     2025.00  0.9477928E-01   0.1445329E-01   0.1092326E+00
     2035.00  0.9317107E-01   0.1445386E-01   0.1076249E+00
     2045.00  0.9181047E-01   0.1445439E-01   0.1062649E+00
     2055.00  0.9202367E-01   0.9164798E-02   0.1011885E+00
     2065.00  0.9082574E-01   0.9132104E-02   0.9995784E-01
     2074.00  0.8994006E-01   0.9103242E-02   0.9904330E-01
     2078.00  0.8912321E-01   0.9090583E-02   0.9821379E-01
     2085.00  0.8827082E-01   0.9068674E-02   0.9733949E-01
     2095.00  0.8685720E-01   0.9037908E-02   0.9589511E-01
     2105.00  0.8580265E-01   0.9007757E-02   0.9481041E-01
     2115.00  0.8460726E-01   0.8978206E-02   0.9358547E-01
     2125.00  0.8346310E-01   0.8949243E-02   0.9241234E-01
     2135.00  0.8221743E-01   0.8920852E-02   0.9113828E-01
     2145.00  0.8098726E-01   0.8893021E-02   0.8988028E-01
     2155.00  0.7992976E-01   0.8865736E-02   0.8879550E-01
     2165.00  0.7876503E-01   0.8838984E-02   0.8760401E-01
     2175.00  0.7761110E-01   0.8812756E-02   0.8642386E-01
     2185.00  0.7659081E-01   0.8787039E-02   0.8537785E-01
     2195.00  0.7558162E-01   0.8761819E-02   0.8434344E-01
     2205.00  0.7448280E-01   0.8737081E-02   0.8321988E-01
     2215.00  0.7341664E-01   0.8712813E-02   0.8212945E-01
     2225.00  0.7231817E-01   0.8689005E-02   0.8100717E-01
     2235.00  0.7137664E-01   0.8665643E-02   0.8004228E-01
     2245.00  0.7041670E-01   0.8642717E-02   0.7905942E-01
     2255.00  0.6942007E-01   0.8620216E-02   0.7804029E-01
     2265.00  0.6848688E-01   0.8598127E-02   0.7708501E-01
     2275.00  0.6753852E-01   0.8576440E-02   0.7611496E-01
     2285.00  0.6667620E-01   0.8555007E-02   0.7523121E-01
     2295.00  0.6567880E-01   0.8533807E-02   0.7421261E-01
     2305.00  0.6487746E-01   0.8512970E-02   0.7339043E-01
     2315.00  0.6396057E-01   0.8492484E-02   0.7245305E-01
     2325.00  0.6235396E-01   0.8472340E-02   0.7082630E-01
     2335.00  0.6219354E-01   0.8452527E-02   0.7064607E-01
     2345.00  0.6129997E-01   0.8433039E-02   0.6973301E-01
     2355.00  0.6059381E-01   0.8413864E-02   0.6900767E-01
     2365.00  0.5972142E-01   0.8394994E-02   0.6811641E-01
     2375.00  0.5896130E-01   0.8376421E-02   0.6733772E-01
     2385.00  0.5812409E-01   0.8358137E-02   0.6648223E-01
     2395.00  0.5741065E-01   0.8340132E-02   0.6575078E-01
     2405.00  0.5665042E-01   0.8322398E-02   0.6497282E-01
     2415.00  0.5591364E-01   0.8304928E-02   0.6421857E-01
     2425.00  0.5523788E-01   0.8287714E-02   0.6352559E-01
     2435.00  0.5449755E-01   0.8270749E-02   0.6276830E-01
     2445.00  0.5381440E-01   0.8254026E-02   0.6206843E-01
     2455.00  0.5313860E-01   0.8237537E-02   0.6137614E-01
     2465.00  0.5241820E-01   0.8221276E-02   0.6063948E-01
     2475.00  0.5175606E-01   0.8205235E-02   0.5996130E-01
     2485.00  0.5110985E-01   0.8189409E-02   0.5929926E-01
     2495.00  0.5033350E-01   0.8173791E-02   0.5850729E-01
     2505.00  0.4983851E-01   0.8158374E-02   0.5799688E-01
     2513.00  0.4925764E-01   0.8146182E-02   0.5740382E-01
     2518.00  0.4901433E-01   0.8138624E-02   0.5715295E-01
     2525.00  0.4854679E-01   0.8128122E-02   0.5667491E-01
     2535.00  0.4790420E-01   0.8113274E-02   0.5601747E-01
     2545.00  0.4731206E-01   0.8098604E-02   0.5541066E-01
     2555.00  0.4678658E-01   0.8084107E-02   0.5487069E-01
     2565.00  0.4618325E-01   0.8069776E-02   0.5425303E-01
     2575.00  0.4563715E-01   0.8055608E-02   0.5369276E-01
     2585.00  0.4508012E-01   0.8041597E-02   0.5312172E-01
     2595.00  0.4452029E-01   0.8027738E-02   0.5254803E-01
     2605.00  0.4395295E-01   0.7887779E-02   0.5184073E-01
     2615.00  0.4353196E-01   0.7874880E-02   0.5140684E-01
     2625.00  0.4301357E-01   0.7862124E-02   0.5087569E-01
     2635.00  0.4249981E-01   0.7849504E-02   0.5034931E-01
     2645.00  0.4206726E-01   0.7837018E-02   0.4990428E-01
     2655.00  0.4155608E-01   0.7824660E-02   0.4938074E-01
     2665.00  0.4102116E-01   0.7812427E-02   0.4883359E-01
     2675.00  0.4053051E-01   0.7800314E-02   0.4833082E-01
     2685.00  0.4008716E-01   0.7788317E-02   0.4787548E-01
     2695.00  0.3956598E-01   0.7776434E-02   0.4734241E-01
     2705.00  0.3913080E-01   0.7764659E-02   0.4689546E-01
     2715.00  0.3864732E-01   0.7752988E-02   0.4640031E-01
     2725.00  0.3814295E-01   0.7741420E-02   0.4588437E-01
     2735.00  0.3775122E-01   0.7729950E-02   0.4548117E-01
     2745.00  0.3724242E-01   0.7718574E-02   0.4496099E-01
     2755.00  0.3681374E-01   0.7707290E-02   0.4452103E-01
     2765.00  0.3638226E-01   0.7696095E-02   0.4407835E-01
     2775.00  0.3600552E-01   0.7684984E-02   0.4369050E-01
     2785.00  0.3558905E-01   0.7673956E-02   0.4326301E-01
     2795.00  0.3505440E-01   0.7663006E-02   0.4271741E-01
     2805.00  0.3471418E-01   0.7652133E-02   0.4236631E-01
     2815.00  0.3438380E-01   0.7641335E-02   0.4202513E-01
     2825.00  0.3393942E-01   0.7630607E-02   0.4157003E-01
     2835.00  0.3354091E-01   0.7619948E-02   0.4116086E-01
     2845.00  0.3319092E-01   0.7609354E-02   0.4080027E-01
     2855.00  0.3281516E-01   0.7598748E-02   0.4041391E-01
     2865.00  0.3245281E-01   0.7588120E-02   0.4004093E-01
     2875.00  0.3207892E-01   0.7577546E-02   0.3965647E-01
     2885.00  0.3173352E-01   0.7567023E-02   0.3930054E-01
     2895.00  0.3138891E-01   0.7556548E-02   0.3894546E-01
     2910.00  0.3087322E-01   0.7540924E-02   0.3841414E-01
     2930.00  0.3017321E-01   0.7520244E-02   0.3769345E-01
     2950.00  0.2945814E-01   0.7499726E-02   0.3695787E-01
     2970.00  0.2884672E-01   0.7479356E-02   0.3632608E-01
     2990.00  0.2821923E-01   0.7459122E-02   0.3567835E-01
     3010.00  0.2762245E-01   0.7439010E-02   0.3506146E-01
     3030.00  0.2702824E-01   0.7419012E-02   0.3444725E-01
     3050.00  0.2643199E-01   0.7399122E-02   0.3383111E-01
     3070.00  0.2588212E-01   0.7379335E-02   0.3326146E-01
     3090.00  0.2534180E-01   0.7359634E-02   0.3270143E-01
     3110.00  0.2480597E-01   0.7340010E-02   0.3214598E-01
     3130.00  0.2426813E-01   0.7294018E-02   0.3156215E-01
     3150.00  0.2377509E-01   0.7274703E-02   0.3104979E-01
     3170.00  0.2329316E-01   0.7255447E-02   0.3054861E-01
     3190.00  0.2278418E-01   0.7236243E-02   0.3002042E-01
     3210.00  0.2233994E-01   0.7217086E-02   0.2955703E-01
     3230.00  0.2188760E-01   0.7197970E-02   0.2908557E-01
     3250.00  0.2143793E-01   0.7178889E-02   0.2861682E-01
     3270.00  0.2101280E-01   0.7159708E-02   0.2817251E-01
     3290.00  0.2059419E-01   0.7140464E-02   0.2773465E-01
     3310.00  0.2019494E-01   0.7121224E-02   0.2731616E-01
     3330.00  0.1979110E-01   0.7101985E-02   0.2689308E-01
     3350.00  0.1938237E-01   0.7082743E-02   0.2646511E-01
     3370.00  0.1901078E-01   0.7063497E-02   0.2607428E-01
     3390.00  0.1863876E-01   0.7044246E-02   0.2568301E-01
     3410.00  0.1828042E-01   0.7024986E-02   0.2530541E-01
     3430.00  0.1789465E-01   0.6703450E-02   0.2459810E-01
     3450.00  0.1765995E-01   0.6684320E-02   0.2434427E-01
     3470.00  0.1734374E-01   0.6665199E-02   0.2400894E-01
     3490.00  0.1701351E-01   0.6646086E-02   0.2365960E-01
     3510.00  0.1670264E-01   0.6626977E-02   0.2332962E-01
     3530.00  0.1638447E-01   0.6607838E-02   0.2299231E-01
     3550.00  0.1607717E-01   0.6588698E-02   0.2266587E-01
     3570.00  0.1578719E-01   0.6569556E-02   0.2235675E-01
     3590.00  0.1548162E-01   0.6550412E-02   0.2203203E-01
     3610.00  0.1519872E-01   0.6531266E-02   0.2172999E-01
     3630.00  0.1491785E-01   0.6512116E-02   0.2142997E-01
     3640.00  0.1479203E-01   0.6502540E-02   0.2129457E-01
     3650.00  0.1692662E-01   0.2384383E-02   0.1931100E-01
     3670.00  0.1659043E-01   0.2369813E-02   0.1896024E-01
     3690.00  0.1616985E-01   0.2299367E-02   0.1846922E-01
     3710.00  0.1606538E-01   0.2285200E-02   0.1835058E-01
     3730.00  0.1582245E-01   0.2271247E-02   0.1809370E-01
     3750.00  0.1591554E-01   0.2257503E-02   0.1817304E-01
     3770.00  0.1570687E-01   0.2243962E-02   0.1795083E-01
     3790.00  0.1569619E-01   0.2230619E-02   0.1792681E-01
     3810.00  0.1568553E-01   0.2217468E-02   0.1790300E-01
     3830.00  0.1498757E-01   0.2204505E-02   0.1719208E-01
     3850.00  0.1532937E-01   0.2191725E-02   0.1752109E-01
     3870.00  0.1520015E-01   0.2179122E-02   0.1737927E-01
     3890.00  0.1413102E-01   0.2166692E-02   0.1629771E-01
     3910.00  0.1473001E-01   0.2154431E-02   0.1688444E-01
     3930.00  0.1449781E-01   0.2142335E-02   0.1664014E-01
     3950.00  0.1421730E-01   0.2130398E-02   0.1634770E-01
     3970.00  0.1314496E-01   0.2118623E-02   0.1526358E-01
     3990.00  0.1371090E-01   0.2107013E-02   0.1581791E-01
     4010.00  0.1356134E-01   0.2095551E-02   0.1565689E-01
     4030.00  0.1326377E-01   0.2084233E-02   0.1534800E-01
     4050.00  0.1312160E-01   0.2073055E-02   0.1519466E-01
     4070.00  0.1287642E-01   0.2062014E-02   0.1493843E-01
     4090.00  0.1240037E-01   0.2051107E-02   0.1445148E-01
     4110.00  0.1181051E-01   0.2040330E-02   0.1385084E-01
     4130.00  0.1219612E-01   0.2029681E-02   0.1422580E-01
     4150.00  0.1202634E-01   0.2019157E-02   0.1404550E-01
     4170.00  0.1185372E-01   0.2008754E-02   0.1386247E-01
     4190.00  0.1166788E-01   0.1998471E-02   0.1366635E-01
     4210.00  0.1147581E-01   0.1988304E-02   0.1346411E-01
     4230.00  0.1128187E-01   0.1978250E-02   0.1326012E-01
     4250.00  0.1109015E-01   0.1968308E-02   0.1305846E-01
     4270.00  0.1090582E-01   0.1958475E-02   0.1286429E-01
     4290.00  0.1073021E-01   0.1948748E-02   0.1267896E-01
     4310.00  0.1052749E-01   0.1939125E-02   0.1246662E-01
     4330.00  0.1008741E-01   0.1929604E-02   0.1201701E-01
     4350.00  0.9717004E-02   0.1920185E-02   0.1163719E-01
     4370.00  0.1002286E-01   0.1910865E-02   0.1193372E-01
     4390.00  0.9863285E-02   0.1901640E-02   0.1176493E-01
     4410.00  0.9749266E-02   0.1892509E-02   0.1164178E-01
     4430.00  0.9590659E-02   0.1883470E-02   0.1147413E-01
     4450.00  0.9446239E-02   0.1874521E-02   0.1132076E-01
     4470.00  0.9222366E-02   0.1865659E-02   0.1108803E-01
     4490.00  0.9139978E-02   0.1856884E-02   0.1099686E-01
     4510.00  0.9002507E-02   0.1848194E-02   0.1085070E-01
     4530.00  0.8859044E-02   0.1839587E-02   0.1069863E-01
     4550.00  0.8716645E-02   0.1831061E-02   0.1054771E-01
     4570.00  0.8588282E-02   0.1822615E-02   0.1041090E-01
     4590.00  0.8457543E-02   0.1814247E-02   0.1027179E-01
     4610.00  0.8329198E-02   0.1805957E-02   0.1013515E-01
     4630.00  0.8199268E-02   0.1797742E-02   0.9997010E-02
     4650.00  0.8069362E-02   0.1789601E-02   0.9858963E-02
     4670.00  0.7951847E-02   0.1781533E-02   0.9733380E-02
     4690.00  0.7833128E-02   0.1773536E-02   0.9606664E-02
     4710.00  0.7693828E-02   0.1765610E-02   0.9459438E-02
     4730.00  0.7597036E-02   0.1757753E-02   0.9354789E-02
     4750.00  0.7480165E-02   0.1749963E-02   0.9230128E-02
     4770.00  0.7373860E-02   0.1742241E-02   0.9116101E-02
     4790.00  0.7264501E-02   0.1734584E-02   0.8999085E-02
     4810.00  0.7151788E-02   0.1726989E-02   0.8878777E-02
     4830.00  0.7027281E-02   0.1719456E-02   0.8746737E-02
     4850.00  0.6765846E-02   0.1711986E-02   0.8477832E-02
     4870.00  0.6485818E-02   0.1704576E-02   0.8190394E-02
     4890.00  0.6713348E-02   0.1697227E-02   0.8410575E-02
     4910.00  0.6641201E-02   0.1689937E-02   0.8331138E-02
     4930.00  0.6523658E-02   0.1682706E-02   0.8206364E-02
     4950.00  0.6456273E-02   0.1675532E-02   0.8131805E-02
     4970.00  0.6366688E-02   0.1668414E-02   0.8035102E-02
     4990.00  0.6275410E-02   0.1661352E-02   0.7936762E-02
     5010.00  0.6169520E-02   0.1654345E-02   0.7823865E-02
     5030.00  0.6097687E-02   0.1647392E-02   0.7745079E-02
     5050.00  0.6002772E-02   0.1640492E-02   0.7643264E-02
     5070.00  0.5929112E-02   0.1633650E-02   0.7562762E-02
     5090.00  0.5846933E-02   0.1626883E-02   0.7473816E-02
     5110.00  0.5765445E-02   0.1620166E-02   0.7385611E-02
     5130.00  0.5683484E-02   0.1613498E-02   0.7296982E-02
     5150.00  0.5602304E-02   0.1606877E-02   0.7209181E-02
     5170.00  0.5524917E-02   0.1600305E-02   0.7125222E-02
     5190.00  0.5450368E-02   0.1593779E-02   0.7044147E-02
     5210.00  0.5376076E-02   0.1587299E-02   0.6963375E-02
     5230.00  0.5302017E-02   0.1580865E-02   0.6882882E-02
     5250.00  0.5228628E-02   0.1574476E-02   0.6803104E-02
     5270.00  0.5157906E-02   0.1568131E-02   0.6726037E-02
     5290.00  0.5089703E-02   0.1561830E-02   0.6651533E-02
     5310.00  0.5020586E-02   0.1555573E-02   0.6576159E-02
     5330.00  0.4951686E-02   0.1549358E-02   0.6501044E-02
     5350.00  0.4885490E-02   0.1543185E-02   0.6428675E-02
     5370.00  0.4821670E-02   0.1537054E-02   0.6358724E-02
     5390.00  0.4758316E-02   0.1530963E-02   0.6289279E-02
     5410.00  0.4694994E-02   0.1524913E-02   0.6219907E-02
     5430.00  0.4632440E-02   0.1518902E-02   0.6151342E-02
     5450.00  0.4570436E-02   0.1512932E-02   0.6083368E-02
     5470.00  0.4511590E-02   0.1507000E-02   0.6018590E-02
     5490.00  0.4453750E-02   0.1501107E-02   0.5954857E-02
     5510.00  0.4395227E-02   0.1495253E-02   0.5890480E-02
     5530.00  0.4338030E-02   0.1489436E-02   0.5827466E-02
     5550.00  0.4281108E-02   0.1483656E-02   0.5764764E-02
     5570.00  0.4226428E-02   0.1477914E-02   0.5704342E-02
     5590.00  0.4172579E-02   0.1472208E-02   0.5644787E-02
     5610.00  0.4119466E-02   0.1466538E-02   0.5586004E-02
     5630.00  0.4066607E-02   0.1460904E-02   0.5527511E-02
     5650.00  0.4013840E-02   0.1455305E-02   0.5469145E-02
     5670.00  0.3963154E-02   0.1449741E-02   0.5412895E-02
     5690.00  0.3917052E-02   0.1444211E-02   0.5361263E-02
     5710.00  0.3868367E-02   0.1286889E-02   0.5155256E-02
     5730.00  0.3819896E-02   0.1281863E-02   0.5101759E-02
     5750.00  0.3771567E-02   0.1276870E-02   0.5048437E-02
     5770.00  0.3725917E-02   0.1271911E-02   0.4997828E-02
     5790.00  0.3679876E-02   0.1266983E-02   0.4946859E-02
     5810.00  0.3634612E-02   0.1262088E-02   0.4896700E-02
     5830.00  0.3589078E-02   0.1257225E-02   0.4846303E-02
     5850.00  0.3543776E-02   0.1252393E-02   0.4796169E-02
     5870.00  0.3480873E-02   0.1247592E-02   0.4728465E-02
     5890.00  0.3457598E-02   0.1242822E-02   0.4700420E-02
     5910.00  0.3416923E-02   0.1238082E-02   0.4655005E-02
     5930.00  0.3374937E-02   0.1233373E-02   0.4608310E-02
     5950.00  0.3333243E-02   0.1228693E-02   0.4561936E-02
     5970.00  0.3293906E-02   0.1224042E-02   0.4517948E-02
     5990.00  0.3254837E-02   0.1219421E-02   0.4474258E-02
     6010.00  0.3215839E-02   0.1214829E-02   0.4430668E-02
     6030.00  0.3177017E-02   0.1210265E-02   0.4387282E-02
     6050.00  0.3138335E-02   0.1205729E-02   0.4344064E-02
     6070.00  0.3101933E-02   0.1201221E-02   0.4303154E-02
     6090.00  0.3065490E-02   0.1196740E-02   0.4262230E-02
     6110.00  0.3029410E-02   0.1192285E-02   0.4221695E-02
     6130.00  0.2993064E-02   0.1187857E-02   0.4180921E-02
     6150.00  0.2957340E-02   0.1183456E-02   0.4140796E-02
     6170.00  0.2923000E-02   0.1179082E-02   0.4102082E-02
     6190.00  0.2889568E-02   0.1174734E-02   0.4064302E-02
     6210.00  0.2856172E-02   0.1170411E-02   0.4026583E-02
     6230.00  0.2822784E-02   0.1166115E-02   0.3988899E-02
     6250.00  0.2789324E-02   0.1161844E-02   0.3951168E-02
     6270.00  0.2758218E-02   0.1157598E-02   0.3915816E-02
     6290.00  0.2726898E-02   0.1153377E-02   0.3880275E-02
     6310.00  0.2695568E-02   0.1149181E-02   0.3844749E-02
     6330.00  0.2664485E-02   0.1145010E-02   0.3809495E-02
     6350.00  0.2633108E-02   0.1140862E-02   0.3773970E-02
     6370.00  0.2604286E-02   0.1136739E-02   0.3741025E-02
     6390.00  0.2575385E-02   0.1132640E-02   0.3708025E-02
     6410.00  0.2546097E-02   0.1128565E-02   0.3674662E-02
     6430.00  0.2517148E-02   0.1124513E-02   0.3641661E-02
     6450.00  0.2488232E-02   0.1120484E-02   0.3608716E-02
     6470.00  0.2460826E-02   0.1116478E-02   0.3577304E-02
     6490.00  0.2432997E-02   0.1112495E-02   0.3545492E-02
     6510.00  0.2404625E-02   0.1108534E-02   0.3513159E-02
     6530.00  0.2372974E-02   0.1104588E-02   0.3477562E-02
     6550.00  0.2312505E-02   0.1100662E-02   0.3413167E-02
     6570.00  0.2211015E-02   0.1096757E-02   0.3307772E-02
     6590.00  0.2288759E-02   0.1092874E-02   0.3381633E-02
     6610.00  0.2273952E-02   0.1089013E-02   0.3362965E-02
     6630.00  0.2251333E-02   0.1085172E-02   0.3336505E-02
     6650.00  0.2227224E-02   0.1079776E-02   0.3307000E-02
     6670.00  0.2199752E-02   0.1075992E-02   0.3275744E-02
     6690.00  0.2176075E-02   0.1072229E-02   0.3248304E-02
     6710.00  0.2156144E-02   0.1068486E-02   0.3224630E-02
     6730.00  0.2132979E-02   0.1064764E-02   0.3197743E-02
     6750.00  0.2110054E-02   0.1061062E-02   0.3171116E-02
     6770.00  0.2087977E-02   0.1057379E-02   0.3145356E-02
     6790.00  0.2065824E-02   0.1053717E-02   0.3119541E-02
     6810.00  0.2043822E-02   0.1050074E-02   0.3093896E-02
     6830.00  0.2021984E-02   0.1046451E-02   0.3068435E-02
     6850.00  0.2000220E-02   0.1042847E-02   0.3043067E-02
     6870.00  0.1979410E-02   0.1039262E-02   0.3018672E-02
     6890.00  0.1958774E-02   0.1035696E-02   0.2994470E-02
     6910.00  0.1938292E-02   0.1032149E-02   0.2970441E-02
     6930.00  0.1917662E-02   0.1028621E-02   0.2946283E-02
     6950.00  0.1897347E-02   0.1025112E-02   0.2922459E-02
     6970.00  0.1877986E-02   0.1021621E-02   0.2899607E-02
     6990.00  0.1858667E-02   0.1018148E-02   0.2876815E-02
     7010.00  0.1839416E-02   0.1014693E-02   0.2854109E-02
     7030.00  0.1820231E-02   0.1011257E-02   0.2831488E-02
     7050.00  0.1801106E-02   0.1007838E-02   0.2808944E-02
     7070.00  0.1777818E-02   0.1004437E-02   0.2782255E-02
     7090.00  0.1764933E-02   0.1001054E-02   0.2765987E-02
     7110.00  0.1746870E-02   0.9976886E-03   0.2744559E-02
     7130.00  0.1728843E-02   0.9943404E-03   0.2723183E-02
     7150.00  0.1710946E-02   0.9910094E-03   0.2701955E-02
     7170.00  0.1693946E-02   0.9876955E-03   0.2681642E-02
     7190.00  0.1677052E-02   0.9843987E-03   0.2661451E-02
     7210.00  0.1660122E-02   0.9811188E-03   0.2641241E-02
     7230.00  0.1642806E-02   0.9778557E-03   0.2620662E-02
     7250.00  0.1626511E-02   0.9746092E-03   0.2601120E-02
     7270.00  0.1610604E-02   0.9713792E-03   0.2581983E-02
     7290.00  0.1592148E-02   0.9681656E-03   0.2560314E-02
     7310.00  0.1578690E-02   0.9649683E-03   0.2543658E-02
     7330.00  0.1562934E-02   0.9617873E-03   0.2524721E-02
     7350.00  0.1547160E-02   0.9586222E-03   0.2505782E-02
     7370.00  0.1531999E-02   0.9554731E-03   0.2487472E-02
     7390.00  0.1516788E-02   0.9523398E-03   0.2469128E-02
     7410.00  0.1501931E-02   0.9492223E-03   0.2451153E-02
     7430.00  0.1487363E-02   0.9461204E-03   0.2433483E-02
     7450.00  0.1472762E-02   0.9424975E-03   0.2415260E-02
     7470.00  0.1458666E-02   0.9394292E-03   0.2398095E-02
     7490.00  0.1444546E-02   0.9363763E-03   0.2380922E-02
     7510.00  0.1430415E-02   0.9333384E-03   0.2363753E-02
     7530.00  0.1416624E-02   0.9303156E-03   0.2346940E-02
     7550.00  0.1402692E-02   0.9273078E-03   0.2330000E-02
     7570.00  0.1389347E-02   0.9243148E-03   0.2313662E-02
     7590.00  0.1376217E-02   0.9213365E-03   0.2297554E-02
     7610.00  0.1363068E-02   0.9183696E-03   0.2281438E-02
     7630.00  0.1349861E-02   0.9154139E-03   0.2265275E-02
     7650.00  0.1336787E-02   0.9124725E-03   0.2249260E-02
     7670.00  0.1324264E-02   0.9095453E-03   0.2233809E-02
     7690.00  0.1311872E-02   0.9066322E-03   0.2218504E-02
     7710.00  0.1299353E-02   0.9037332E-03   0.2203086E-02
     7730.00  0.1287140E-02   0.9008481E-03   0.2187988E-02
     7750.00  0.1274754E-02   0.8979768E-03   0.2172731E-02
     7770.00  0.1262265E-02   0.8951193E-03   0.2157384E-02
     7790.00  0.1251124E-02   0.8922754E-03   0.2143399E-02
     7810.00  0.1239295E-02   0.8894452E-03   0.2128740E-02
     7830.00  0.1227901E-02   0.8866284E-03   0.2114529E-02
     7850.00  0.1216480E-02   0.8838251E-03   0.2100305E-02
     7870.00  0.1204835E-02   0.8725780E-03   0.2077413E-02
     7890.00  0.1193715E-02   0.8698401E-03   0.2063555E-02
     7910.00  0.1182926E-02   0.8671152E-03   0.2050041E-02
     7930.00  0.1171942E-02   0.8644031E-03   0.2036345E-02
     7950.00  0.1161118E-02   0.8617037E-03   0.2022822E-02
     7970.00  0.1150588E-02   0.8590170E-03   0.2009605E-02
     7990.00  0.1140398E-02   0.8563429E-03   0.1996741E-02
     8010.00  0.1129790E-02   0.8536813E-03   0.1983471E-02
     8030.00  0.1119619E-02   0.8510321E-03   0.1970651E-02
     8050.00  0.1109297E-02   0.8483953E-03   0.1957692E-02
     8070.00  0.1099655E-02   0.8457707E-03   0.1945426E-02
     8090.00  0.1089348E-02   0.8431584E-03   0.1932506E-02
     8110.00  0.1079690E-02   0.8405583E-03   0.1920248E-02
     8130.00  0.1070197E-02   0.8379701E-03   0.1908167E-02
     8150.00  0.1060128E-02   0.8353940E-03   0.1895522E-02
     8170.00  0.1051036E-02   0.8328297E-03   0.1883866E-02
     8190.00  0.1041470E-02   0.8302773E-03   0.1871747E-02
     8210.00  0.1054271E-02   0.7750497E-03   0.1829321E-02
     8230.00  0.1045459E-02   0.5681382E-03   0.1613597E-02
     8250.00  0.1036357E-02   0.5663840E-03   0.1602741E-02
     8270.00  0.1026608E-02   0.5646388E-03   0.1591247E-02
     8290.00  0.1017833E-02   0.5610441E-03   0.1578877E-02
     8310.00  0.1008460E-02   0.5593269E-03   0.1567787E-02
     8330.00  0.9985042E-03   0.5576184E-03   0.1556123E-02
     8350.00  0.9886782E-03   0.5559185E-03   0.1544597E-02
     8370.00  0.9784968E-03   0.5542270E-03   0.1532724E-02
     8390.00  0.9696105E-03   0.5525440E-03   0.1522154E-02
     8410.00  0.9605506E-03   0.5508693E-03   0.1511420E-02
     8430.00  0.9526425E-03   0.5492029E-03   0.1501845E-02
     8450.00  0.9447061E-03   0.5475448E-03   0.1492251E-02
     8470.00  0.9309072E-03   0.5458948E-03   0.1476802E-02
     8490.00  0.9333433E-03   0.5442529E-03   0.1477596E-02
     8510.00  0.9138955E-03   0.5426191E-03   0.1456515E-02
     8530.00  0.9213949E-03   0.5409933E-03   0.1462388E-02
     8550.00  0.8919300E-03   0.5393754E-03   0.1431305E-02
     8570.00  0.9120002E-03   0.5377654E-03   0.1449766E-02
     8590.00  0.8868204E-03   0.5361633E-03   0.1422984E-02
     8610.00  0.8770854E-03   0.5345689E-03   0.1411654E-02
     8630.00  0.8935209E-03   0.5329822E-03   0.1426503E-02
     8650.00  0.8766041E-03   0.5314032E-03   0.1408007E-02
     8670.00  0.8410717E-03   0.5298318E-03   0.1370904E-02
     8690.00  0.8689969E-03   0.5282680E-03   0.1397265E-02
     8710.00  0.8677823E-03   0.5267117E-03   0.1394494E-02
     8730.00  0.8528742E-03   0.5251628E-03   0.1378037E-02
     8750.00  0.8113954E-03   0.5236214E-03   0.1335017E-02
     8770.00  0.8329152E-03   0.5220873E-03   0.1355002E-02
     8790.00  0.8395907E-03   0.5205604E-03   0.1360151E-02
     8810.00  0.8338391E-03   0.5190409E-03   0.1352880E-02
     8830.00  0.8248877E-03   0.5175285E-03   0.1342416E-02
     8850.00  0.8012190E-03   0.5160233E-03   0.1317242E-02
     8870.00  0.7721376E-03   0.5145252E-03   0.1286663E-02
     8890.00  0.8005161E-03   0.5130342E-03   0.1313550E-02
     8910.00  0.7998224E-03   0.5115501E-03   0.1311373E-02
     8930.00  0.7942808E-03   0.5100731E-03   0.1304354E-02
     8950.00  0.7880969E-03   0.5086029E-03   0.1296700E-02
     8970.00  0.7806857E-03   0.5071396E-03   0.1287825E-02
     8990.00  0.7684709E-03   0.5056831E-03   0.1274154E-02
     9010.00  0.7315554E-03   0.5042334E-03   0.1235789E-02
     9030.00  0.7400458E-03   0.5027905E-03   0.1242836E-02
     9050.00  0.7527125E-03   0.5013542E-03   0.1254067E-02
     9070.00  0.7484688E-03   0.4999245E-03   0.1248393E-02
     9090.00  0.7438603E-03   0.4985015E-03   0.1242362E-02
     9110.00  0.7389078E-03   0.4970850E-03   0.1235993E-02
     9130.00  0.7331687E-03   0.4956751E-03   0.1228844E-02
     9150.00  0.7268882E-03   0.4942718E-03   0.1221160E-02
     9170.00  0.7200701E-03   0.4928749E-03   0.1212945E-02
     9190.00  0.7128886E-03   0.4914844E-03   0.1204373E-02
     9210.00  0.6980721E-03   0.4901002E-03   0.1188172E-02
     9230.00  0.6630654E-03   0.4887223E-03   0.1151788E-02
     9250.00  0.6855039E-03   0.4873507E-03   0.1172855E-02
     9270.00  0.6897052E-03   0.4859853E-03   0.1175691E-02
     9290.00  0.6865672E-03   0.4846260E-03   0.1171193E-02
     9310.00  0.6813018E-03   0.4832729E-03   0.1164575E-02
     9330.00  0.6766899E-03   0.4819259E-03   0.1158616E-02
     9350.00  0.6712347E-03   0.4805850E-03   0.1151820E-02
     9370.00  0.6661691E-03   0.4792501E-03   0.1145419E-02
     9390.00  0.6609674E-03   0.4779211E-03   0.1138889E-02
     9410.00  0.6554734E-03   0.4765981E-03   0.1132071E-02
     9430.00  0.6505121E-03   0.4752810E-03   0.1125793E-02
     9450.00  0.6452629E-03   0.4739698E-03   0.1119233E-02
     9470.00  0.6392114E-03   0.4726644E-03   0.1111876E-02
     9490.00  0.6343126E-03   0.4713648E-03   0.1105677E-02
     9510.00  0.6265144E-03   0.4700709E-03   0.1096585E-02
     9530.00  0.6126446E-03   0.4687827E-03   0.1081427E-02
     9550.00  0.5848508E-03   0.4675003E-03   0.1052351E-02
     9570.00  0.6068267E-03   0.4662236E-03   0.1073050E-02
     9590.00  0.6087497E-03   0.4649524E-03   0.1073702E-02
     9610.00  0.6052425E-03   0.4636868E-03   0.1068929E-02
     9630.00  0.6008104E-03   0.4624267E-03   0.1063237E-02
     9650.00  0.5970581E-03   0.4611722E-03   0.1058230E-02
     9670.00  0.5925344E-03   0.4599231E-03   0.1052458E-02
     9690.00  0.5880654E-03   0.4586795E-03   0.1046745E-02
     9710.00  0.5833692E-03   0.4574413E-03   0.1040811E-02
     9730.00  0.5792694E-03   0.4562084E-03   0.1035478E-02
     9750.00  0.5748092E-03   0.4549810E-03   0.1029790E-02
     9770.00  0.5705242E-03   0.4537588E-03   0.1024283E-02
     9790.00  0.5662492E-03   0.4525419E-03   0.1018791E-02
     9810.00  0.5619536E-03   0.4513303E-03   0.1013284E-02
     9830.00  0.5576980E-03   0.4501238E-03   0.1007822E-02
     9850.00  0.5534274E-03   0.4489226E-03   0.1002350E-02
     9870.00  0.5493245E-03   0.4477265E-03   0.9970510E-03
     9890.00  0.5452004E-03   0.4465356E-03   0.9917360E-03
     9910.00  0.5410971E-03   0.4453498E-03   0.9864469E-03
     9930.00  0.5370231E-03   0.4441690E-03   0.9811921E-03
     9950.00  0.5328978E-03   0.4429932E-03   0.9758910E-03
     9970.00  0.5287856E-03   0.4418224E-03   0.9706080E-03
     9990.00  0.5244106E-03   0.4406566E-03   0.9650672E-03
    10025.00  0.5096701E-03   0.4386283E-03   0.9482984E-03
    10075.00  0.4972518E-03   0.4357568E-03   0.9330086E-03
    10125.00  0.4987945E-03   0.4329154E-03   0.9317099E-03
    10175.00  0.4907891E-03   0.4301114E-03   0.9209005E-03
    10225.00  0.4821111E-03   0.4273380E-03   0.9094491E-03
    10275.00  0.4735444E-03   0.4245931E-03   0.8981375E-03
    10325.00  0.4646172E-03   0.4218763E-03   0.8864935E-03
    10375.00  0.4564152E-03   0.4191872E-03   0.8756024E-03
    10425.00  0.4484267E-03   0.4165255E-03   0.8649522E-03
    10475.00  0.4404782E-03   0.4138907E-03   0.8543689E-03
    10525.00  0.4327581E-03   0.4112824E-03   0.8440405E-03
    10575.00  0.4252441E-03   0.4087004E-03   0.8339445E-03
    10625.00  0.4177580E-03   0.4061442E-03   0.8239022E-03
    10675.00  0.4104719E-03   0.4036134E-03   0.8140853E-03
    10725.00  0.4037162E-03   0.4011079E-03   0.8048241E-03
    10775.00  0.3968022E-03   0.3986270E-03   0.7954292E-03
    10825.00  0.3888786E-03   0.3961707E-03   0.7850493E-03
    10875.00  0.3822835E-03   0.3937385E-03   0.7760220E-03
    10925.00  0.3652002E-03   0.3913300E-03   0.7565302E-03
    10975.00  0.3666811E-03   0.3889451E-03   0.7556262E-03
    11025.00  0.3637195E-03   0.3865833E-03   0.7503028E-03
    11075.00  0.3581894E-03   0.3842444E-03   0.7424338E-03
    11125.00  0.3521146E-03   0.3819280E-03   0.7340426E-03
    11175.00  0.3464695E-03   0.3650313E-03   0.7115008E-03
    11225.00  0.3408212E-03   0.3628501E-03   0.7036713E-03
    11275.00  0.3352371E-03   0.3606899E-03   0.6959270E-03
    11325.00  0.3296904E-03   0.3585503E-03   0.6882407E-03
    11375.00  0.3242063E-03   0.3564311E-03   0.6806374E-03
    11425.00  0.3190821E-03   0.3543319E-03   0.6734140E-03
    11475.00  0.3140402E-03   0.3522526E-03   0.6662928E-03
    11525.00  0.3089956E-03   0.3501928E-03   0.6591884E-03
    11575.00  0.3039920E-03   0.3481524E-03   0.6521444E-03
    11625.00  0.2989808E-03   0.3461310E-03   0.6451118E-03
    11675.00  0.2943657E-03   0.3441285E-03   0.6384942E-03
    11725.00  0.2898290E-03   0.3421446E-03   0.6319736E-03
    11775.00  0.2851992E-03   0.3401791E-03   0.6253783E-03
    11825.00  0.2807003E-03   0.3382317E-03   0.6189320E-03
    11875.00  0.2761946E-03   0.3363022E-03   0.6124968E-03
    11925.00  0.2720730E-03   0.3343904E-03   0.6064634E-03
    11975.00  0.2675553E-03   0.3324961E-03   0.6000514E-03
    12025.00  0.2637870E-03   0.3306190E-03   0.5944060E-03
    12075.00  0.2596637E-03   0.3287589E-03   0.5884226E-03
    12125.00  0.2556159E-03   0.3269156E-03   0.5825315E-03
    12175.00  0.2517437E-03   0.3250890E-03   0.5768327E-03
    12225.00  0.2479294E-03   0.3232787E-03   0.5712081E-03
    12275.00  0.2442214E-03   0.3214847E-03   0.5657061E-03
    12325.00  0.2405420E-03   0.3197066E-03   0.5602486E-03
    12375.00  0.2368920E-03   0.3179444E-03   0.5548364E-03
    12425.00  0.2334433E-03   0.3161978E-03   0.5496411E-03
    12475.00  0.2300137E-03   0.3144666E-03   0.5444803E-03
    12525.00  0.2265305E-03   0.3126634E-03   0.5391939E-03
    12575.00  0.2232104E-03   0.3109636E-03   0.5341740E-03
    12625.00  0.2198353E-03   0.3092786E-03   0.5291139E-03
    12675.00  0.2166694E-03   0.3076083E-03   0.5242777E-03
    12725.00  0.2134030E-03   0.3059525E-03   0.5193555E-03
    12775.00  0.2090516E-03   0.3043111E-03   0.5133627E-03
    12825.00  0.2007931E-03   0.3026839E-03   0.5034770E-03
    12875.00  0.2035262E-03   0.3010707E-03   0.5045969E-03
    12925.00  0.2013331E-03   0.2994713E-03   0.5008044E-03
    12975.00  0.1984166E-03   0.2978856E-03   0.4963022E-03
    13025.00  0.1957740E-03   0.2963134E-03   0.4920874E-03
    13075.00  0.1929703E-03   0.2947532E-03   0.4877235E-03
    13125.00  0.1901688E-03   0.2932060E-03   0.4833748E-03
    13175.00  0.1875217E-03   0.2916718E-03   0.4791935E-03
    13225.00  0.1848975E-03   0.2901505E-03   0.4750480E-03
    13275.00  0.1822796E-03   0.2886420E-03   0.4709216E-03
    13325.00  0.1797213E-03   0.2871460E-03   0.4668673E-03
    13375.00  0.1772140E-03   0.2856624E-03   0.4628764E-03
    13425.00  0.1747866E-03   0.2841912E-03   0.4589778E-03
    13475.00  0.1724272E-03   0.2827321E-03   0.4551593E-03
    13525.00  0.1700520E-03   0.2812851E-03   0.4513371E-03
    13575.00  0.1676908E-03   0.2798499E-03   0.4475407E-03
    13625.00  0.1653392E-03   0.2783897E-03   0.4437289E-03
    13675.00  0.1631435E-03   0.2769782E-03   0.4401217E-03
    13725.00  0.1609429E-03   0.2755783E-03   0.4365212E-03
    13775.00  0.1587727E-03   0.2741897E-03   0.4329624E-03
    13825.00  0.1566071E-03   0.2728123E-03   0.4294194E-03
    13875.00  0.1544574E-03   0.2714461E-03   0.4259035E-03
    13925.00  0.1524338E-03   0.2700909E-03   0.4225247E-03
    13975.00  0.1504243E-03   0.2687466E-03   0.4191709E-03
    14025.00  0.1484176E-03   0.2674130E-03   0.4158306E-03
    14075.00  0.1464335E-03   0.2660901E-03   0.4125236E-03
    14125.00  0.1444504E-03   0.2641198E-03   0.4085702E-03
    14175.00  0.1426002E-03   0.2628233E-03   0.4054235E-03
    14225.00  0.1407541E-03   0.2615370E-03   0.4022911E-03
    14275.00  0.1389177E-03   0.2602608E-03   0.3991785E-03
    14325.00  0.1371013E-03   0.2589947E-03   0.3960960E-03
    14375.00  0.1352929E-03   0.2577385E-03   0.3930314E-03
    14425.00  0.1334670E-03   0.2564921E-03   0.3899591E-03
    14475.00  0.1317980E-03   0.2552554E-03   0.3870534E-03
    14525.00  0.1300740E-03   0.2540284E-03   0.3841024E-03
    14570.00  0.1285762E-03   0.2529321E-03   0.3815083E-03
    14620.00  0.1276573E-03   0.2162909E-03   0.3439482E-03
    14675.00  0.1258816E-03   0.2151798E-03   0.3410614E-03
    14725.00  0.1243057E-03   0.2140188E-03   0.3383245E-03
    14775.00  0.1227354E-03   0.2130254E-03   0.3357608E-03
    14825.00  0.1211682E-03   0.2120396E-03   0.3332078E-03
    14875.00  0.1195741E-03   0.2110613E-03   0.3306354E-03
    14925.00  0.1180916E-03   0.2100905E-03   0.3281821E-03
    14975.00  0.1166008E-03   0.2091272E-03   0.3257280E-03
    15025.00  0.1150359E-03   0.2081712E-03   0.3232071E-03
    15075.00  0.1135561E-03   0.2072224E-03   0.3207785E-03
    15125.00  0.1121035E-03   0.2062808E-03   0.3183843E-03
    15175.00  0.1107315E-03   0.2053463E-03   0.3160778E-03
    15225.00  0.1095097E-03   0.2044188E-03   0.3139285E-03
    15275.00  0.1079014E-03   0.2034983E-03   0.3113997E-03
    15325.00  0.1065869E-03   0.2025847E-03   0.3091716E-03
    15375.00  0.1055562E-03   0.2016779E-03   0.3072341E-03
    15425.00  0.1038129E-03   0.2007778E-03   0.3045907E-03
    15475.00  0.1031060E-03   0.1998844E-03   0.3029904E-03
    15525.00  0.1018829E-03   0.1989976E-03   0.3008805E-03
    15575.00  0.9984055E-04   0.1981173E-03   0.2979579E-03
    15625.00  0.9987206E-04   0.1972435E-03   0.2971156E-03
    15675.00  0.9797928E-04   0.1963761E-03   0.2943554E-03
    15725.00  0.9629581E-04   0.1955151E-03   0.2918109E-03
    15775.00  0.9647658E-04   0.1946603E-03   0.2911369E-03
    15825.00  0.9522739E-04   0.1938118E-03   0.2890392E-03
    15875.00  0.9229141E-04   0.1929694E-03   0.2852608E-03
    15925.00  0.9264345E-04   0.1921330E-03   0.2847765E-03
    15975.00  0.9217245E-04   0.1913027E-03   0.2834752E-03
    16050.00  0.9017095E-04   0.1900685E-03   0.2802394E-03
    16150.00  0.8726515E-04   0.1884433E-03   0.2757085E-03
    16250.00  0.8646359E-04   0.1868412E-03   0.2733048E-03
    16350.00  0.8403079E-04   0.1852618E-03   0.2692925E-03
    16450.00  0.8136177E-04   0.1837044E-03   0.2650662E-03
    16550.00  0.8066241E-04   0.1821689E-03   0.2628313E-03
    16650.00  0.7883548E-04   0.1806546E-03   0.2594901E-03
    16750.00  0.7657687E-04   0.1791613E-03   0.2557381E-03
    16850.00  0.7416114E-04   0.1776884E-03   0.2518496E-03
    16950.00  0.7361620E-04   0.1762357E-03   0.2498519E-03
    17050.00  0.7195020E-04   0.1748028E-03   0.2467530E-03
    17150.00  0.7043445E-04   0.1733892E-03   0.2438237E-03
    17250.00  0.6880609E-04   0.1719947E-03   0.2408008E-03
    17350.00  0.6598885E-04   0.1706188E-03   0.2366077E-03
    17450.00  0.6567310E-04   0.1692613E-03   0.2349344E-03
    17550.00  0.6445971E-04   0.1679217E-03   0.2323814E-03
    17650.00  0.6307546E-04   0.1665998E-03   0.2296753E-03
    17750.00  0.6170123E-04   0.1652953E-03   0.2269965E-03
    17850.00  0.6038461E-04   0.1640077E-03   0.2243923E-03
    17950.00  0.5911772E-04   0.1627369E-03   0.2218546E-03
    18050.00  0.5781919E-04   0.1614825E-03   0.2193017E-03
    18150.00  0.5557083E-04   0.1602443E-03   0.2158151E-03
    18250.00  0.5517596E-04   0.1590220E-03   0.2141980E-03
    18350.00  0.5429383E-04   0.1578163E-03   0.2121102E-03
    18450.00  0.5317679E-04   0.1566258E-03   0.2098026E-03
    18550.00  0.5205593E-04   0.1529257E-03   0.2049816E-03
    18650.00  0.5087962E-04   0.1517868E-03   0.2026664E-03
    18750.00  0.4897798E-04   0.1506621E-03   0.1996400E-03
    18850.00  0.4887323E-04   0.1495512E-03   0.1984245E-03
    18950.00  0.4794274E-04   0.1484541E-03   0.1963968E-03
    19050.00  0.4696267E-04   0.1473703E-03   0.1943330E-03
    19150.00  0.4606204E-04   0.1462998E-03   0.1923618E-03
    19250.00  0.4514084E-04   0.1452423E-03   0.1903831E-03
    19350.00  0.4415180E-04   0.1441975E-03   0.1883493E-03
    19450.00  0.4247371E-04   0.1431653E-03   0.1856391E-03
    19550.00  0.4243488E-04   0.1421455E-03   0.1845804E-03
    19650.00  0.4169097E-04   0.1411378E-03   0.1828288E-03
    19750.00  0.4087428E-04   0.1401421E-03   0.1810164E-03
    19850.00  0.4007780E-04   0.1391582E-03   0.1792360E-03
    19950.00  0.3930622E-04   0.1381858E-03   0.1774920E-03
    20050.00  0.3855659E-04   0.1372248E-03   0.1757814E-03
    20150.00  0.3782274E-04   0.1362750E-03   0.1740978E-03
    20250.00  0.3709504E-04   0.1353263E-03   0.1724214E-03
    20350.00  0.3641495E-04   0.1343985E-03   0.1708135E-03
    20450.00  0.3573868E-04   0.1334814E-03   0.1692201E-03
    20550.00  0.3505823E-04   0.1325748E-03   0.1676331E-03
    20650.00  0.3440709E-04   0.1316786E-03   0.1660857E-03
    20750.00  0.3375033E-04   0.1307925E-03   0.1645429E-03
    20850.00  0.3314480E-04   0.1299165E-03   0.1630613E-03
    20950.00  0.3254329E-04   0.1290503E-03   0.1615936E-03
    21050.00  0.3195027E-04   0.1281938E-03   0.1601441E-03
    21150.00  0.3134155E-04   0.1273469E-03   0.1586885E-03
    21250.00  0.3077440E-04   0.1265095E-03   0.1572839E-03
    21350.00  0.3022597E-04   0.1256813E-03   0.1559072E-03
    21450.00  0.2968617E-04   0.1248622E-03   0.1545484E-03
    21550.00  0.2911558E-04   0.1240472E-03   0.1531628E-03
    21650.00  0.2807199E-04   0.1232461E-03   0.1513181E-03
    21750.00  0.2803783E-04   0.1224537E-03   0.1504915E-03
    21850.00  0.2762623E-04   0.1216698E-03   0.1492961E-03
    21950.00  0.2715532E-04   0.1208945E-03   0.1480498E-03
    22050.00  0.2668001E-04   0.1201275E-03   0.1468075E-03
    22150.00  0.2621034E-04   0.1193687E-03   0.1455790E-03
    22250.00  0.2574265E-04   0.1185265E-03   0.1442692E-03
    22350.00  0.2530759E-04   0.1177848E-03   0.1430924E-03
    22450.00  0.2487429E-04   0.1170509E-03   0.1419252E-03
    22550.00  0.2444560E-04   0.1163248E-03   0.1407704E-03
    22650.00  0.2402071E-04   0.1156062E-03   0.1396269E-03
    22750.00  0.2361358E-04   0.1148952E-03   0.1385088E-03
    22850.00  0.2329116E-04   0.1065904E-03   0.1298816E-03
    22950.00  0.2290200E-04   0.1059280E-03   0.1288300E-03
    23050.00  0.2252136E-04   0.1052957E-03   0.1278171E-03
    23150.00  0.2214473E-04   0.1046699E-03   0.1268147E-03
    23250.00  0.2177020E-04   0.1040505E-03   0.1258207E-03
    23350.00  0.2141756E-04   0.1034374E-03   0.1248550E-03
    23450.00  0.2106769E-04   0.1028305E-03   0.1238982E-03
    23550.00  0.2071732E-04   0.1022297E-03   0.1229471E-03
    23650.00  0.2037287E-04   0.1016350E-03   0.1220079E-03
    23750.00  0.2003157E-04   0.1010462E-03   0.1210777E-03
    23850.00  0.1970972E-04   0.1004632E-03   0.1201729E-03
    23950.00  0.1939259E-04   0.9988606E-04   0.1192787E-03
    24050.00  0.1907628E-04   0.9931460E-04   0.1183909E-03
    24150.00  0.1875776E-04   0.9874877E-04   0.1175065E-03
    24250.00  0.1846831E-04   0.9818848E-04   0.1166568E-03
    24350.00  0.1816559E-04   0.9763367E-04   0.1157993E-03
    24450.00  0.1787334E-04   0.9708426E-04   0.1149576E-03
    24550.00  0.1761745E-04   0.9654017E-04   0.1141576E-03
    24650.00  0.1731604E-04   0.9600133E-04   0.1133174E-03
    24750.00  0.1703729E-04   0.9546768E-04   0.1125050E-03
    24850.00  0.1682144E-04   0.9493914E-04   0.1117606E-03
    24950.00  0.1647211E-04   0.9441565E-04   0.1108878E-03
    25050.00  0.1634509E-04   0.9389714E-04   0.1102422E-03
    25150.00  0.1606774E-04   0.9338354E-04   0.1094513E-03
    25250.00  0.1569374E-04   0.9287479E-04   0.1085685E-03
    25350.00  0.1556278E-04   0.9237082E-04   0.1079336E-03
    25450.00  0.1535366E-04   0.9187158E-04   0.1072252E-03
    25550.00  0.1509455E-04   0.9137700E-04   0.1064716E-03
    25650.00  0.1474059E-04   0.9088702E-04   0.1056276E-03
    25750.00  0.1464424E-04   0.9040158E-04   0.1050458E-03
    25850.00  0.1445133E-04   0.8992063E-04   0.1043720E-03
    25950.00  0.1423273E-04   0.8944410E-04   0.1036768E-03
    26050.00  0.1397157E-04   0.8897193E-04   0.1029435E-03
    26150.00  0.1363898E-04   0.8850408E-04   0.1021431E-03
    26250.00  0.1333361E-04   0.8804049E-04   0.1013741E-03
    26350.00  0.1336847E-04   0.8758111E-04   0.1009496E-03
    26450.00  0.1321431E-04   0.8712587E-04   0.1003402E-03
    26550.00  0.1302118E-04   0.8667474E-04   0.9969592E-04
    26650.00  0.1280294E-04   0.8622765E-04   0.9903059E-04
    26750.00  0.1246593E-04   0.8578456E-04   0.9825049E-04
    26850.00  0.1243516E-04   0.8534541E-04   0.9778057E-04
    26950.00  0.1228789E-04   0.8491017E-04   0.9719806E-04
    27050.00  0.1211512E-04   0.8447878E-04   0.9659390E-04
    27150.00  0.1194055E-04   0.8405119E-04   0.9599174E-04
    27250.00  0.1176546E-04   0.8362735E-04   0.9539281E-04
    27350.00  0.1160078E-04   0.8320723E-04   0.9480801E-04
    27450.00  0.1142432E-04   0.8279077E-04   0.9421509E-04
    27550.00  0.1112328E-04   0.8237793E-04   0.9350121E-04
    27650.00  0.1105451E-04   0.8134388E-04   0.9239839E-04
    27750.00  0.1095237E-04   0.8094212E-04   0.9189449E-04
    27850.00  0.1080987E-04   0.8054381E-04   0.9135368E-04
    27950.00  0.1066307E-04   0.8014891E-04   0.9081198E-04
    28050.00  0.1051564E-04   0.7975738E-04   0.9027302E-04
    28150.00  0.1036927E-04   0.7936919E-04   0.8973846E-04
    28250.00  0.1022383E-04   0.7898428E-04   0.8920811E-04
    28350.00  0.1008643E-04   0.7860264E-04   0.8868907E-04
    28450.00  0.9948785E-05   0.7822420E-04   0.8817299E-04
    28550.00  0.9807792E-05   0.7784895E-04   0.8765674E-04
    28650.00  0.9636436E-05   0.7747683E-04   0.8711326E-04
    28750.00  0.9390974E-05   0.7710782E-04   0.8649879E-04
    28850.00  0.9403019E-05   0.7674187E-04   0.8614489E-04
    28950.00  0.9293270E-05   0.7637896E-04   0.8567223E-04
    29050.00  0.9171121E-05   0.7601904E-04   0.8519016E-04
    29150.00  0.9049023E-05   0.7566209E-04   0.8471111E-04
    29250.00  0.8925896E-05   0.7530806E-04   0.8423396E-04
    29350.00  0.8809989E-05   0.7495693E-04   0.8376692E-04
    29450.00  0.8694867E-05   0.7460866E-04   0.8330353E-04
    29550.00  0.8580663E-05   0.7426322E-04   0.8284388E-04
    29650.00  0.8467294E-05   0.7392058E-04   0.8238787E-04
    29750.00  0.8354168E-05   0.7357895E-04   0.8193312E-04
    29850.00  0.8247588E-05   0.7324181E-04   0.8148940E-04
    29950.00  0.8141203E-05   0.7290737E-04   0.8104857E-04
    30050.00  0.8035342E-05   0.7257560E-04   0.8061095E-04
    30150.00  0.7929612E-05   0.7224648E-04   0.8017610E-04
    30250.00  0.7817549E-05   0.7191998E-04   0.7973753E-04
    30350.00  0.7623046E-05   0.7159606E-04   0.7921910E-04
    30450.00  0.7567971E-05   0.7127469E-04   0.7884266E-04
    30550.00  0.7527241E-05   0.7095585E-04   0.7848310E-04
    30650.00  0.7436411E-05   0.7063952E-04   0.7807593E-04
    30750.00  0.7341511E-05   0.7032566E-04   0.7766717E-04
    30850.00  0.7250901E-05   0.7001424E-04   0.7726514E-04
    30950.00  0.7160612E-05   0.6970525E-04   0.7686586E-04
    31050.00  0.7070932E-05   0.6939864E-04   0.7646957E-04
    31150.00  0.6981665E-05   0.6909441E-04   0.7607607E-04
    31250.00  0.6893356E-05   0.6879252E-04   0.7568587E-04
    31350.00  0.6809168E-05   0.6849206E-04   0.7530123E-04
    31450.00  0.6725915E-05   0.6819479E-04   0.7492071E-04
    31550.00  0.6642616E-05   0.6789979E-04   0.7454240E-04
    31650.00  0.6560201E-05   0.6760703E-04   0.7416723E-04
    31750.00  0.6478214E-05   0.6731649E-04   0.7379470E-04
    31850.00  0.6401350E-05   0.6702814E-04   0.7342949E-04
    31950.00  0.6324502E-05   0.6674197E-04   0.7306647E-04
    32100.00  0.6210166E-05   0.6629819E-04   0.7250835E-04
    32300.00  0.6059334E-05   0.6573888E-04   0.7179821E-04
    32500.00  0.5915693E-05   0.6518786E-04   0.7110355E-04
    32700.00  0.5777351E-05   0.6464494E-04   0.7042229E-04
    32900.00  0.5582347E-05   0.6196564E-04   0.6754798E-04
    33100.00  0.5493300E-05   0.6145672E-04   0.6695002E-04
    33300.00  0.5375134E-05   0.6096000E-04   0.6633513E-04
    33500.00  0.5251519E-05   0.6047038E-04   0.6572190E-04
    33700.00  0.5134389E-05   0.5998772E-04   0.6512211E-04
    33900.00  0.5018426E-05   0.5951189E-04   0.6453032E-04
    34100.00  0.4903689E-05   0.5904275E-04   0.6394644E-04
    34300.00  0.4790267E-05   0.5858017E-04   0.6337044E-04
    34500.00  0.4677828E-05   0.5812402E-04   0.6280184E-04
    34700.00  0.4574254E-05   0.5767417E-04   0.6224842E-04
    34900.00  0.4471516E-05   0.5723050E-04   0.6170202E-04
    35100.00  0.4372405E-05   0.5679290E-04   0.6116530E-04
    35300.00  0.4276407E-05   0.5636124E-04   0.6063765E-04
    35500.00  0.4180704E-05   0.5593542E-04   0.6011612E-04
    35700.00  0.4091402E-05   0.5551532E-04   0.5960672E-04
    35900.00  0.4007657E-05   0.5510083E-04   0.5910849E-04
    36100.00  0.3916574E-05   0.5469186E-04   0.5860843E-04
    36300.00  0.3836090E-05   0.5428829E-04   0.5812438E-04
    36500.00  0.3745395E-05   0.5389003E-04   0.5763542E-04
    36700.00  0.3675663E-05   0.5349697E-04   0.5717264E-04
    36900.00  0.3589404E-05   0.5310904E-04   0.5669844E-04
    37100.00  0.3521461E-05   0.5272612E-04   0.5624758E-04
    37300.00  0.3431026E-05   0.5234812E-04   0.5577915E-04
    37500.00  0.3341459E-05   0.5197497E-04   0.5531643E-04
    37700.00  0.3306341E-05   0.5160657E-04   0.5491291E-04
    37900.00  0.3241203E-05   0.5124284E-04   0.5448404E-04
    38100.00  0.3165240E-05   0.5088369E-04   0.5404893E-04
    38300.00  0.3101591E-05   0.5052904E-04   0.5363064E-04
    38500.00  0.3044278E-05   0.5017882E-04   0.5322310E-04
    38700.00  0.2984735E-05   0.4963950E-04   0.5262423E-04
    38900.00  0.2922891E-05   0.4929974E-04   0.5222263E-04
    39100.00  0.2851249E-05   0.4896415E-04   0.5181540E-04
    39300.00  0.2808218E-05   0.4863265E-04   0.5144087E-04
    39500.00  0.2752212E-05   0.4830519E-04   0.5105740E-04
    39700.00  0.2699611E-05   0.4798168E-04   0.5068129E-04
    39900.00  0.2647386E-05   0.4766206E-04   0.5030945E-04
    40100.00  0.2586636E-05   0.4734627E-04   0.4993291E-04
    40300.00  0.2531012E-05   0.4703424E-04   0.4956525E-04
    40500.00  0.2469135E-05   0.4672591E-04   0.4919504E-04
    40700.00  0.2445249E-05   0.4642121E-04   0.4886646E-04
    40900.00  0.2400779E-05   0.4612008E-04   0.4852086E-04
    41100.00  0.2355074E-05   0.4582210E-04   0.4817717E-04
    41300.00  0.2309257E-05   0.4552795E-04   0.4783721E-04
    41500.00  0.2262916E-05   0.4523720E-04   0.4750012E-04
    41700.00  0.2205807E-05   0.4494981E-04   0.4715561E-04
    41900.00  0.2180160E-05   0.4466570E-04   0.4684586E-04
    42100.00  0.2141504E-05   0.4438483E-04   0.4652633E-04
    42300.00  0.2101336E-05   0.4410715E-04   0.4620848E-04
    42500.00  0.2061342E-05   0.4383260E-04   0.4589394E-04
    42700.00  0.2024491E-05   0.4356114E-04   0.4558563E-04
    42900.00  0.1987271E-05   0.4329271E-04   0.4527998E-04
    43100.00  0.1951319E-05   0.4302705E-04   0.4497837E-04
    43300.00  0.1915406E-05   0.4276454E-04   0.4467994E-04
    43500.00  0.1878866E-05   0.4250492E-04   0.4438379E-04
    43700.00  0.1832118E-05   0.4224816E-04   0.4408028E-04
    43900.00  0.1809294E-05   0.4198945E-04   0.4379874E-04
    44100.00  0.1781230E-05   0.4173833E-04   0.4351956E-04
    44300.00  0.1749423E-05   0.4148993E-04   0.4323936E-04
    44500.00  0.1717619E-05   0.4124422E-04   0.4296183E-04
    44700.00  0.1689354E-05   0.4083462E-04   0.4252397E-04
    44900.00  0.1660267E-05   0.4002698E-04   0.4168725E-04
    45100.00  0.1631159E-05   0.3979506E-04   0.4142622E-04
    45300.00  0.1602367E-05   0.3956559E-04   0.4116796E-04
    45500.00  0.1573930E-05   0.3933853E-04   0.4091246E-04
    45700.00  0.1547579E-05   0.3911384E-04   0.4066142E-04
    45900.00  0.1521211E-05   0.3889149E-04   0.4041270E-04
    46100.00  0.1495086E-05   0.3867145E-04   0.4016653E-04
    46300.00  0.1468399E-05   0.3845367E-04   0.3992207E-04
    46500.00  0.1427459E-05   0.3823813E-04   0.3966559E-04
    46700.00  0.1405087E-05   0.3802479E-04   0.3942988E-04
    46900.00  0.1394071E-05   0.3781363E-04   0.3920770E-04
    47100.00  0.1373201E-05   0.3760460E-04   0.3897780E-04
    47300.00  0.1350339E-05   0.3739769E-04   0.3874803E-04
    47500.00  0.1327359E-05   0.3719286E-04   0.3852021E-04
    47700.00  0.1305981E-05   0.3699007E-04   0.3829605E-04
    47900.00  0.1284759E-05   0.3678931E-04   0.3807407E-04
    48100.00  0.1263645E-05   0.3659054E-04   0.3785418E-04
    48300.00  0.1242807E-05   0.3639373E-04   0.3763654E-04
    48500.00  0.1222018E-05   0.3619886E-04   0.3742088E-04
    48700.00  0.1202953E-05   0.3600590E-04   0.3720885E-04
    48900.00  0.1184059E-05   0.3581482E-04   0.3699888E-04
    49100.00  0.1165358E-05   0.3562560E-04   0.3679095E-04
    49300.00  0.1146741E-05   0.3543821E-04   0.3658495E-04
    49500.00  0.1128327E-05   0.3525262E-04   0.3638095E-04
    49700.00  0.1109996E-05   0.3506882E-04   0.3617881E-04
    49900.00  0.1091926E-05   0.3488677E-04   0.3597870E-04
    50100.00  0.1078548E-05   0.3470646E-04   0.3578501E-04
    50300.00  0.1070023E-05   0.3452786E-04   0.3559788E-04
    50500.00  0.1061473E-05   0.3435094E-04   0.3541241E-04
    50700.00  0.1053252E-05   0.3417569E-04   0.3522894E-04
    50900.00  0.1044970E-05   0.3400207E-04   0.3504704E-04
    51100.00  0.1035505E-05   0.3383008E-04   0.3486559E-04
    51300.00  0.1018601E-05   0.3365969E-04   0.3467829E-04
    51500.00  0.1020275E-05   0.3341938E-04   0.3443965E-04
    51700.00  0.1013576E-05   0.3325263E-04   0.3426621E-04
    51900.00  0.1006001E-05   0.3308742E-04   0.3409342E-04
    52100.00  0.9985861E-06   0.3292371E-04   0.3392230E-04
    52300.00  0.9912194E-06   0.3276150E-04   0.3375272E-04
    52500.00  0.9839788E-06   0.3260076E-04   0.3358474E-04
    52700.00  0.9768215E-06   0.3244147E-04   0.3341829E-04
    52900.00  0.9697190E-06   0.3228362E-04   0.3325333E-04
    53100.00  0.9627849E-06   0.3212717E-04   0.3308996E-04
    53300.00  0.9558831E-06   0.3197213E-04   0.3292801E-04
    53500.00  0.9491019E-06   0.3181847E-04   0.3276757E-04
    53700.00  0.9424210E-06   0.3166617E-04   0.3260859E-04
    53900.00  0.9358217E-06   0.3151521E-04   0.3245103E-04
    54100.00  0.9293097E-06   0.3136558E-04   0.3229489E-04
    54300.00  0.9228616E-06   0.3121717E-04   0.3214004E-04
    54500.00  0.9165405E-06   0.3107015E-04   0.3198669E-04
    54700.00  0.9102707E-06   0.3092440E-04   0.3183468E-04
    54900.00  0.9040845E-06   0.3077992E-04   0.3168401E-04
    55100.00  0.8979963E-06   0.3063669E-04   0.3153468E-04
    55300.00  0.8920005E-06   0.3049468E-04   0.3138668E-04
    55500.00  0.8859913E-06   0.3035390E-04   0.3123989E-04
    55700.00  0.8801528E-06   0.3021431E-04   0.3109446E-04
    55900.00  0.8743043E-06   0.3007591E-04   0.3095022E-04
    56100.00  0.8685667E-06   0.2993869E-04   0.3080725E-04
    56300.00  0.8628783E-06   0.2980262E-04   0.3066550E-04
    56500.00  0.8572845E-06   0.2966762E-04   0.3052491E-04
    56700.00  0.8517536E-06   0.2953382E-04   0.3038558E-04
    56900.00  0.8462901E-06   0.2940114E-04   0.3024743E-04
    57100.00  0.8408958E-06   0.2926957E-04   0.3011046E-04
    57300.00  0.8355488E-06   0.2913908E-04   0.2997463E-04
    57500.00  0.8302531E-06   0.2900819E-04   0.2983844E-04
    57700.00  0.8250293E-06   0.2887987E-04   0.2970490E-04
    57900.00  0.8198591E-06   0.2875259E-04   0.2957245E-04
    58100.00  0.8147476E-06   0.2862636E-04   0.2944111E-04
    58300.00  0.8096820E-06   0.2850116E-04   0.2931084E-04
    58500.00  0.8049216E-06   0.2808623E-04   0.2889115E-04
    58700.00  0.7998348E-06   0.2796447E-04   0.2876431E-04
    58900.00  0.7940534E-06   0.2784414E-04   0.2863819E-04
    59100.00  0.7839022E-06   0.2772477E-04   0.2850867E-04
    59300.00  0.7848097E-06   0.2760635E-04   0.2839116E-04
    59500.00  0.7805965E-06   0.2748887E-04   0.2826947E-04
    59700.00  0.7759681E-06   0.2737232E-04   0.2814829E-04
    59900.00  0.7713212E-06   0.2725670E-04   0.2802802E-04
    60100.00  0.7667397E-06   0.2714198E-04   0.2790872E-04
    60300.00  0.7621348E-06   0.2702816E-04   0.2779030E-04
    60500.00  0.7576347E-06   0.2691524E-04   0.2767287E-04
    60700.00  0.7531516E-06   0.2680319E-04   0.2755634E-04
    60900.00  0.7487214E-06   0.2669201E-04   0.2744073E-04
    61100.00  0.7443256E-06   0.2658169E-04   0.2732602E-04
    61300.00  0.7400118E-06   0.2647222E-04   0.2721223E-04
    61500.00  0.7356997E-06   0.2636359E-04   0.2709929E-04
    61700.00  0.7314256E-06   0.2625580E-04   0.2698722E-04
    61900.00  0.7271934E-06   0.2614883E-04   0.2687602E-04
    62100.00  0.7230134E-06   0.2604267E-04   0.2676568E-04
    62300.00  0.7188806E-06   0.2593731E-04   0.2665619E-04
    62500.00  0.7147510E-06   0.2583275E-04   0.2654750E-04
    62700.00  0.7106777E-06   0.2572898E-04   0.2643966E-04
    62900.00  0.7066583E-06   0.2562599E-04   0.2633264E-04
    63100.00  0.7026487E-06   0.2552376E-04   0.2622641E-04
    63300.00  0.6987075E-06   0.2542230E-04   0.2612101E-04
    63500.00  0.6947530E-06   0.2532160E-04   0.2601635E-04
    63700.00  0.6908538E-06   0.2522164E-04   0.2591249E-04
    63900.00  0.6869816E-06   0.2512241E-04   0.2580939E-04
    64200.00  0.6812455E-06   0.2497495E-04   0.2565619E-04
    64600.00  0.6736991E-06   0.2478083E-04   0.2545453E-04
    65000.00  0.6662767E-06   0.2458953E-04   0.2525581E-04
    65400.00  0.6589555E-06   0.2440099E-04   0.2505995E-04
    65800.00  0.6517698E-06   0.2421515E-04   0.2486692E-04
    66200.00  0.6446480E-06   0.2400220E-04   0.2464685E-04
    66600.00  0.6376565E-06   0.2382194E-04   0.2445959E-04
    67000.00  0.6307704E-06   0.2364420E-04   0.2427497E-04
    67400.00  0.6239597E-06   0.2346895E-04   0.2409291E-04
    67800.00  0.6172753E-06   0.2329612E-04   0.2391340E-04
    68200.00  0.6106418E-06   0.2312568E-04   0.2373632E-04
    68600.00  0.6041105E-06   0.2295757E-04   0.2356169E-04
    69000.00  0.5976977E-06   0.2279176E-04   0.2338946E-04
    69400.00  0.5913387E-06   0.2262814E-04   0.2321948E-04
    69800.00  0.5850531E-06   0.2246677E-04   0.2305182E-04
    70200.00  0.5788472E-06   0.2230756E-04   0.2288640E-04
    70600.00  0.5727194E-06   0.2215046E-04   0.2272318E-04
    71000.00  0.5666592E-06   0.2199544E-04   0.2256210E-04
    71400.00  0.5606712E-06   0.2184246E-04   0.2240313E-04
    71800.00  0.5547498E-06   0.2169147E-04   0.2224622E-04
    72200.00  0.5488870E-06   0.2154244E-04   0.2209133E-04
    72600.00  0.5430873E-06   0.2139534E-04   0.2193843E-04
    73000.00  0.5373347E-06   0.2124959E-04   0.2178693E-04
    73400.00  0.5316571E-06   0.2110624E-04   0.2163790E-04
    73800.00  0.5260475E-06   0.2096471E-04   0.2149076E-04
    74200.00  0.5203592E-06   0.2069721E-04   0.2121757E-04
    74600.00  0.5134061E-06   0.2056053E-04   0.2107394E-04
    75000.00  0.5079307E-06   0.2042555E-04   0.2093348E-04
    75400.00  0.5039845E-06   0.2029224E-04   0.2079623E-04
    75800.00  0.4987090E-06   0.2016058E-04   0.2065929E-04
    76200.00  0.4933815E-06   0.2003052E-04   0.2052391E-04
    76600.00  0.4880942E-06   0.1990206E-04   0.2039015E-04
    77000.00  0.4828760E-06   0.1977515E-04   0.2025802E-04
    77400.00  0.4776900E-06   0.1964976E-04   0.2012745E-04
    77800.00  0.4725501E-06   0.1952588E-04   0.1999843E-04
    78200.00  0.4674368E-06   0.1940348E-04   0.1987092E-04
    78600.00  0.4623623E-06   0.1928253E-04   0.1974489E-04
    79000.00  0.4573336E-06   0.1916301E-04   0.1962034E-04
    79400.00  0.4523341E-06   0.1904488E-04   0.1949722E-04
    79800.00  0.4473721E-06   0.1892814E-04   0.1937551E-04
    80200.00  0.4424477E-06   0.1881275E-04   0.1925520E-04
    80600.00  0.4375505E-06   0.1869870E-04   0.1913625E-04
    81000.00  0.4326948E-06   0.1858595E-04   0.1901865E-04
    81400.00  0.4278690E-06   0.1847450E-04   0.1890236E-04
    81800.00  0.4230656E-06   0.1836431E-04   0.1878737E-04
    82200.00  0.4182995E-06   0.1825536E-04   0.1867366E-04
    82600.00  0.4135538E-06   0.1813393E-04   0.1854749E-04
    83000.00  0.4088435E-06   0.1802755E-04   0.1843639E-04
    83400.00  0.4041532E-06   0.1792235E-04   0.1832650E-04
    83800.00  0.3994994E-06   0.1781832E-04   0.1821782E-04
    84200.00  0.3948613E-06   0.1771543E-04   0.1811029E-04
    84600.00  0.3902514E-06   0.1761367E-04   0.1800392E-04
    85000.00  0.3856732E-06   0.1751303E-04   0.1789870E-04
    85400.00  0.3811054E-06   0.1741347E-04   0.1779458E-04
    85800.00  0.3765728E-06   0.1731500E-04   0.1769157E-04
    86200.00  0.3720625E-06   0.1721755E-04   0.1758962E-04
    86600.00  0.3675685E-06   0.1712118E-04   0.1748875E-04
    87000.00  0.3630977E-06   0.1702583E-04   0.1738893E-04
    87400.00  0.3586422E-06   0.1693149E-04   0.1729014E-04
    87800.00  0.3542142E-06   0.1683815E-04   0.1719237E-04
    88200.00  0.3498045E-06   0.1674579E-04   0.1709560E-04
    88600.00  0.3454112E-06   0.1665440E-04   0.1699981E-04
    89000.00  0.3410357E-06   0.1656394E-04   0.1690497E-04
    89400.00  0.3366802E-06   0.1647443E-04   0.1681111E-04
    89800.00  0.3323369E-06   0.1638583E-04   0.1671817E-04
    90200.00  0.3280179E-06   0.1629794E-04   0.1662596E-04
    90600.00  0.3237105E-06   0.1621116E-04   0.1653487E-04
    91000.00  0.3194264E-06   0.1612526E-04   0.1644469E-04
    91400.00  0.3151517E-06   0.1597891E-04   0.1629406E-04
    91800.00  0.3108878E-06   0.1589518E-04   0.1620607E-04
    92200.00  0.3066498E-06   0.1581236E-04   0.1611901E-04
    92600.00  0.3024263E-06   0.1573036E-04   0.1603279E-04
    93000.00  0.2982101E-06   0.1564918E-04   0.1594739E-04
    93400.00  0.2940096E-06   0.1556879E-04   0.1586280E-04
    93800.00  0.2898200E-06   0.1548920E-04   0.1577902E-04
    94200.00  0.2856460E-06   0.1541038E-04   0.1569603E-04
    94600.00  0.2814859E-06   0.1533233E-04   0.1561382E-04
    95000.00  0.2773322E-06   0.1525504E-04   0.1553237E-04
    95400.00  0.2731992E-06   0.1517849E-04   0.1545169E-04
    95800.00  0.2690724E-06   0.1510268E-04   0.1537175E-04
    96200.00  0.2649616E-06   0.1502760E-04   0.1529256E-04
    96600.00  0.2608571E-06   0.1495323E-04   0.1521408E-04
    97000.00  0.2567680E-06   0.1487956E-04   0.1513633E-04
    97400.00  0.2526881E-06   0.1480659E-04   0.1505928E-04
    97800.00  0.2486175E-06   0.1473430E-04   0.1498292E-04
    98200.00  0.2445583E-06   0.1466270E-04   0.1490725E-04
    98600.00  0.2405083E-06   0.1459175E-04   0.1483226E-04
    99000.00  0.2364680E-06   0.1452147E-04   0.1475794E-04
    99400.00  0.2324384E-06   0.1445184E-04   0.1468428E-04
    99800.00  0.2284188E-06   0.1438284E-04   0.1461126E-04
   100200.00  0.2244080E-06   0.3047400E-05   0.3271808E-05
   200000.00  0.1014403E-07   0.7649005E-06   0.7750445E-06
   400000.00  0.7440510E-09   0.1912251E-06   0.1919692E-06
   600000.00  0.5618459E-10   0.8498894E-07   0.8504513E-07
   800000.00  0.2631893E-10   0.4780628E-07   0.4783260E-07
  1000000.00  0.7460030E-11   0.3059602E-07   0.3060348E-07
  1200000.00  0.5906235E-11   0.2124724E-07   0.2125314E-07
  1400000.00  0.5194583E-11   0.1561021E-07   0.1561541E-07
  1600000.00  0.4806935E-11   0.1195157E-07   0.1195638E-07
