       91.00  0.7776022E-27   0.0000000E+00   0.7776022E-27
       94.00  0.9168075E-27   0.0000000E+00   0.9168075E-27
       96.00  0.1009619E-26   0.0000000E+00   0.1009619E-26
       98.00  0.1102423E-26   0.0000000E+00   0.1102423E-26
      100.00  0.1195230E-26   0.0000000E+00   0.1195230E-26
      102.00  0.1288035E-26   0.0000000E+00   0.1288035E-26
      104.00  0.1380839E-26   0.0000000E+00   0.1380839E-26
      106.00  0.1473644E-26   0.0000000E+00   0.1473644E-26
      108.00  0.1566450E-26   0.0000000E+00   0.1566450E-26
      110.00  0.1659254E-26   0.0000000E+00   0.1659254E-26
      114.00  0.1844873E-26   0.0000000E+00   0.1844873E-26
      118.00  0.2030484E-26   0.0000000E+00   0.2030484E-26
      121.00  0.2169696E-26   0.0000000E+00   0.2169696E-26
      125.00  0.2355305E-26   0.0000000E+00   0.2355305E-26
      127.00  0.2448110E-26   0.0000000E+00   0.2448110E-26
      128.00  0.2494509E-26   0.0000000E+00   0.2494509E-26
      131.00  0.2633723E-26   0.0000000E+00   0.2633723E-26
      132.00  0.2680127E-26   0.0000000E+00   0.2680127E-26
      134.00  0.2772932E-26   0.0000000E+00   0.2772932E-26
      137.00  0.2912138E-26   0.0000000E+00   0.2912138E-26
      140.00  0.3051345E-26   0.0000000E+00   0.3051345E-26
      143.00  0.3190561E-26   0.0000000E+00   0.3190561E-26
      147.00  0.3376169E-26   0.0000000E+00   0.3376169E-26
      151.00  0.3561777E-26   0.0000000E+00   0.3561777E-26
      155.00  0.6444462E-27   0.0000000E+00   0.6444462E-27
      159.00  0.2292016E-26   0.0000000E+00   0.2292016E-26
      162.00  0.6748472E-24   0.0000000E+00   0.6748472E-24
      166.00  0.2189082E-23   0.0000000E+00   0.2189082E-23
      170.00  0.3703322E-23   0.0000000E+00   0.3703322E-23
      173.00  0.4839004E-23   0.0000000E+00   0.4839004E-23
      177.00  0.6353265E-23   0.0000000E+00   0.6353265E-23
      180.00  0.9683048E-23   0.0000000E+00   0.9683048E-23
      182.00  0.9050753E-22   0.0000000E+00   0.9050753E-22
      186.00  0.3763159E-21   0.0000000E+00   0.3763159E-21
      191.00  0.7335787E-21   0.0000000E+00   0.7335787E-21
      194.00  0.1534110E-20   0.0000000E+00   0.1534110E-20
      198.00  0.1744716E-16   0.0000000E+00   0.1744716E-16
      202.00  0.3490349E-16   0.0000000E+00   0.3490349E-16
      205.00  0.7012559E-16   0.0000000E+00   0.7012559E-16
      210.00  0.2641892E-15   0.0000000E+00   0.2641892E-15
      216.00  0.1131894E-14   0.0000000E+00   0.1131894E-14
      220.00  0.2867074E-14   0.0000000E+00   0.2867074E-14
      223.00  0.5659709E-14   0.0000000E+00   0.5659709E-14
      227.00  0.4691489E-14   0.0000000E+00   0.4691489E-14
      228.00  0.3611624E-14   0.0000000E+00   0.3611624E-14
      228.00  0.1066160E-08   0.0000000E+00   0.1066160E-08
      230.00  0.2305083E-10   0.0000000E+00   0.2305083E-10
      234.00  0.2109269E-08   0.0000000E+00   0.2109269E-08
      240.00  0.8070226E-08   0.0000000E+00   0.8070226E-08
      246.00  0.1197531E-07   0.0000000E+00   0.1197531E-07
      252.00  0.2322735E-07   0.0000000E+00   0.2322735E-07
      257.00  0.3603994E-07   0.0000000E+00   0.3603994E-07
      260.00  0.3229276E-07   0.0000000E+00   0.3229276E-07
      264.00  0.1501340E-07   0.0000000E+00   0.1501340E-07
      269.00  0.3736454E-07   0.0000000E+00   0.3736454E-07
      274.00  0.5871602E-07   0.0000000E+00   0.5871602E-07
      279.00  0.5597422E-07   0.0000000E+00   0.5597422E-07
      284.00  0.2074701E-06   0.0000000E+00   0.2074701E-06
      290.00  0.1433755E-06   0.0000000E+00   0.1433755E-06
      296.00  0.6045703E-06   0.0000000E+00   0.6045703E-06
      301.00  0.2428910E-06   0.0000000E+00   0.2428910E-06
      308.00  0.3652009E-06   0.0000000E+00   0.3652009E-06
      318.00  0.7027099E-06   0.0000000E+00   0.7027099E-06
      328.00  0.1357195E-05   0.0000000E+00   0.1357195E-05
      338.00  0.1860508E-05   0.0000000E+00   0.1860508E-05
      348.00  0.2766006E-05   0.0000000E+00   0.2766006E-05
      353.30  0.3408984E-05   0.0000000E+00   0.3408984E-05
      353.30  0.2477241E-05   0.0000000E+00   0.2477241E-05
      357.00  0.3004704E-05   0.0000000E+00   0.3004704E-05
      366.00  0.4287717E-05   0.0000000E+00   0.4287717E-05
      375.00  0.1454120E-04   0.0000000E+00   0.1454120E-04
      385.00  0.2699649E-05   0.0000000E+00   0.2699649E-05
      395.00  0.8815209E-05   0.0000000E+00   0.8815209E-05
      405.00  0.1790530E-04   0.0000000E+00   0.1790530E-04
      414.00  0.1908810E-04   0.0000000E+00   0.1908810E-04
      422.00  0.2386838E-04   0.0000000E+00   0.2386838E-04
      430.00  0.3205558E-04   0.0000000E+00   0.3205558E-04
      441.00  0.3769441E-04   0.0000000E+00   0.3769441E-04
      451.00  0.4547396E-04   0.0000000E+00   0.4547396E-04
      460.00  0.1915576E-03   0.0000000E+00   0.1915576E-03
      470.00  0.6705770E-04   0.0000000E+00   0.6705770E-04
      480.00  0.8967448E-04   0.0000000E+00   0.8967448E-04
      490.00  0.9878079E-04   0.0000000E+00   0.9878079E-04
      500.00  0.1119199E-03   0.0000000E+00   0.1119199E-03
      504.60  0.1183047E-03   0.0000000E+00   0.1183047E-03
      504.60  0.8716006E-03   0.0000000E+00   0.8716006E-03
      506.00  0.1716723E-04   0.0000000E+00   0.1716723E-04
      512.00  0.1726034E-02   0.0000000E+00   0.1726034E-02
      520.00  0.2013509E-02   0.0000000E+00   0.2013509E-02
      530.00  0.1317209E-02   0.0000000E+00   0.1317209E-02
      540.00  0.6845994E-03   0.0000000E+00   0.6845994E-03
      550.00  0.2206764E-02   0.0000000E+00   0.2206764E-02
      560.00  0.2540387E-02   0.0000000E+00   0.2540387E-02
      570.00  0.2744412E-02   0.0000000E+00   0.2744412E-02
      580.00  0.1277228E-02   0.0000000E+00   0.1277228E-02
      590.00  0.3203829E-02   0.0000000E+00   0.3203829E-02
      600.00  0.3245585E-02   0.0000000E+00   0.3245585E-02
      610.00  0.1909847E-02   0.0000000E+00   0.1909847E-02
      620.00  0.3634698E-02   0.0000000E+00   0.3634698E-02
      630.00  0.3694800E-02   0.0000000E+00   0.3694800E-02
      640.00  0.3934481E-02   0.0000000E+00   0.3934481E-02
      650.00  0.3117533E-02   0.0000000E+00   0.3117533E-02
      658.00  0.3685785E-02   0.0000000E+00   0.3685785E-02
      665.00  0.3593962E-02   0.0000000E+00   0.3593962E-02
      675.00  0.4355071E-02   0.0000000E+00   0.4355071E-02
      685.00  0.2523558E-01   0.0000000E+00   0.2523558E-01
      695.00  0.3340991E-02   0.0000000E+00   0.3340991E-02
      705.00  0.6160905E-02   0.0000000E+00   0.6160905E-02
      716.00  0.5129908E-02   0.0000000E+00   0.5129908E-02
      726.00  0.5210700E-02   0.0000000E+00   0.5210700E-02
      735.00  0.5431254E-02   0.0000000E+00   0.5431254E-02
      745.00  0.4885130E-02   0.0000000E+00   0.4885130E-02
      755.00  0.5663426E-02   0.0000000E+00   0.5663426E-02
      765.00  0.1259671E-01   0.0000000E+00   0.1259671E-01
      775.00  0.6212256E-02   0.0000000E+00   0.6212256E-02
      785.00  0.1943640E-02   0.0000000E+00   0.1943640E-02
      795.00  0.6445878E-02   0.0000000E+00   0.6445878E-02
      805.00  0.6712883E-02   0.0000000E+00   0.6712883E-02
      815.00  0.5045264E-02   0.0000000E+00   0.5045264E-02
      825.00  0.7048010E-02   0.0000000E+00   0.7048010E-02
      835.00  0.1057472E-01   0.0000000E+00   0.1057472E-01
      845.00  0.8353012E-02   0.0000000E+00   0.8353012E-02
      855.00  0.6001742E-02   0.0000000E+00   0.6001742E-02
      865.00  0.7839262E-02   0.0000000E+00   0.7839262E-02
      875.00  0.7873117E-02   0.0000000E+00   0.7873117E-02
      885.00  0.8076849E-02   0.0000000E+00   0.8076849E-02
      895.00  0.7912478E-02   0.0000000E+00   0.7912478E-02
      905.00  0.7796482E-02   0.0000000E+00   0.7796482E-02
      912.40  0.7741789E-02   0.2673055E-06   0.7742056E-02
      912.40  0.2851508E+00   0.2673095E-06   0.2851511E+00
      915.00  0.2749284E+00   0.3048732E-06   0.2749287E+00
      925.00  0.2356110E+00   0.3529060E-06   0.2356114E+00
      935.00  0.2325893E+00   0.4071334E-06   0.2325897E+00
      945.00  0.1564866E+00   0.4681660E-06   0.1564871E+00
      955.00  0.2374874E+00   0.5366535E-06   0.2374879E+00
      965.00  0.2311052E+00   0.6132858E-06   0.2311058E+00
      975.00  0.5597524E-01   0.6987927E-06   0.5597594E-01
      985.00  0.6233918E-01   0.7939449E-06   0.6233997E-01
      995.00  0.2459610E+00   0.8995544E-06   0.2459619E+00
     1005.00  0.2330263E+00   0.1016474E-05   0.2330273E+00
     1015.00  0.1931676E+00   0.1145600E-05   0.1931687E+00
     1025.00  0.2037930E+00   0.1287866E-05   0.2037943E+00
     1035.00  0.1833057E+00   0.1444250E-05   0.1833071E+00
     1045.00  0.2259478E+00   0.1615811E-05   0.2259494E+00
     1055.00  0.2249075E+00   0.1803580E-05   0.2249093E+00
     1065.00  0.2097410E+00   0.2008649E-05   0.2097430E+00
     1075.00  0.1707089E+00   0.2232158E-05   0.1707111E+00
     1085.00  0.1852882E+00   0.2475281E-05   0.1852907E+00
     1095.00  0.2058660E+00   0.2739234E-05   0.2058687E+00
     1105.00  0.2019002E+00   0.3025267E-05   0.2019032E+00
     1115.00  0.1826070E+00   0.3334664E-05   0.1826103E+00
     1125.00  0.7818903E-01   0.3668739E-05   0.7819270E-01
     1135.00  0.1911601E+00   0.4028852E-05   0.1911641E+00
     1145.00  0.1864043E+00   0.4416384E-05   0.1864087E+00
     1155.00  0.8421066E-01   0.4832752E-05   0.8421549E-01
     1165.00  0.1065470E+00   0.5279396E-05   0.1065523E+00
     1175.00  0.1266171E+00   0.5757788E-05   0.1266229E+00
     1185.00  0.1680200E+00   0.6269419E-05   0.1680263E+00
     1195.00  0.1574222E+00   0.6815809E-05   0.1574290E+00
     1205.00  0.1320121E+00   0.7398497E-05   0.1320195E+00
     1215.00  0.1283451E+00   0.8019041E-05   0.1283531E+00
     1225.00  0.1250384E+00   0.7373951E-04   0.1251121E+00
     1235.00  0.1520188E+00   0.1334653E-03   0.1521523E+00
     1245.00  0.1389068E+00   0.1843660E-03   0.1390912E+00
     1255.00  0.1367752E+00   0.2279782E-03   0.1370032E+00
     1265.00  0.1446991E+00   0.2654417E-03   0.1449645E+00
     1275.00  0.1463033E+00   0.2976576E-03   0.1466010E+00
     1285.00  0.1103494E+00   0.3253623E-03   0.1106748E+00
     1295.00  0.1129842E+00   0.3491686E-03   0.1133334E+00
     1305.00  0.1343175E+00   0.3695936E-03   0.1346871E+00
     1315.00  0.1225545E+00   0.3870779E-03   0.1229416E+00
     1325.00  0.1198405E+00   0.4019990E-03   0.1202425E+00
     1335.00  0.1287295E+00   0.4146827E-03   0.1291442E+00
     1345.00  0.9862563E-01   0.4254116E-03   0.9905104E-01
     1355.00  0.1252904E+00   0.4344311E-03   0.1257248E+00
     1365.00  0.1219636E+00   0.4419558E-03   0.1224056E+00
     1375.00  0.1171561E+00   0.4481734E-03   0.1176043E+00
     1385.00  0.1146748E+00   0.4532488E-03   0.1151280E+00
     1395.00  0.1225248E+00   0.4573271E-03   0.1229821E+00
     1405.00  0.1292408E+00   0.4605359E-03   0.1297013E+00
     1415.00  0.1010090E+00   0.4629884E-03   0.1014720E+00
     1425.00  0.9086338E-01   0.4647843E-03   0.9132816E-01
     1435.00  0.1055159E+00   0.4660124E-03   0.1059819E+00
     1442.00  0.1059442E+00   0.4665766E-03   0.1064108E+00
     1447.00  0.1059508E+00   0.4668465E-03   0.1064176E+00
     1455.00  0.1044421E+00   0.4670704E-03   0.1049092E+00
     1465.00  0.9619058E-01   0.4670324E-03   0.9665761E-01
     1475.00  0.9858984E-01   0.4666925E-03   0.9905653E-01
     1485.00  0.8760844E-01   0.4661001E-03   0.8807454E-01
     1495.00  0.9741268E-01   0.4652993E-03   0.9787798E-01
     1505.00  0.9336183E-01   0.4643294E-03   0.9382616E-01
     1512.00  0.8720035E-01   0.4635690E-03   0.8766392E-01
     1517.00  0.8811044E-01   0.4629918E-03   0.8857343E-01
     1525.00  0.6794257E-01   0.4620198E-03   0.6840459E-01
     1535.00  0.8058062E-01   0.4607398E-03   0.8104136E-01
     1545.00  0.3245758E-01   0.4594110E-03   0.3291699E-01
     1555.00  0.8567954E-01   0.4580526E-03   0.8613759E-01
     1565.00  0.5254865E-01   0.4566877E-03   0.5300534E-01
     1575.00  0.8005940E-01   0.4553347E-03   0.8051473E-01
     1585.00  0.5403440E-01   0.4540100E-03   0.5448841E-01
     1595.00  0.8080479E-01   0.4527281E-03   0.8125752E-01
     1605.00  0.8026624E-01   0.4515023E-03   0.8071774E-01
     1615.00  0.7903159E-01   0.4503443E-03   0.7948193E-01
     1625.00  0.7719878E-01   0.4492647E-03   0.7764804E-01
     1635.00  0.7642834E-01   0.4482721E-03   0.7687661E-01
     1645.00  0.7527679E-01   0.4473753E-03   0.7572417E-01
     1655.00  0.7322050E-01   0.4465823E-03   0.7366708E-01
     1665.00  0.7312327E-01   0.4458997E-03   0.7356917E-01
     1672.00  0.7094135E-01   0.4454909E-03   0.7138684E-01
     1677.00  0.7143993E-01   0.4452349E-03   0.7188516E-01
     1685.00  0.7104450E-01   0.4448894E-03   0.7148939E-01
     1695.00  0.6944151E-01   0.4445719E-03   0.6988608E-01
     1705.00  0.6792070E-01   0.4443851E-03   0.6836509E-01
     1715.00  0.6647247E-01   0.4443330E-03   0.6691680E-01
     1725.00  0.6536860E-01   0.4444187E-03   0.6581302E-01
     1735.00  0.6489518E-01   0.4446451E-03   0.6533983E-01
     1745.00  0.6368802E-01   0.4450147E-03   0.6413303E-01
     1755.00  0.6339548E-01   0.4455296E-03   0.6384101E-01
     1765.00  0.6143810E-01   0.4461918E-03   0.6188429E-01
     1775.00  0.6107542E-01   0.4470027E-03   0.6152242E-01
     1785.00  0.6023646E-01   0.4479638E-03   0.6068442E-01
     1795.00  0.5986861E-01   0.4490759E-03   0.6031769E-01
     1805.00  0.5889002E-01   0.4503401E-03   0.5934036E-01
     1815.00  0.5758884E-01   0.4517569E-03   0.5804060E-01
     1825.00  0.5678342E-01   0.4533269E-03   0.5723675E-01
     1835.00  0.5567687E-01   0.4550505E-03   0.5613192E-01
     1845.00  0.5426606E-01   0.4569278E-03   0.5472299E-01
     1855.00  0.5336028E-01   0.4589586E-03   0.5381924E-01
     1865.00  0.5278924E-01   0.4611430E-03   0.5325038E-01
     1875.00  0.5274955E-01   0.4634806E-03   0.5321303E-01
     1885.00  0.5140775E-01   0.4659711E-03   0.5187372E-01
     1895.00  0.5028950E-01   0.4686142E-03   0.5075811E-01
     1905.00  0.5008064E-01   0.4714091E-03   0.5055205E-01
     1915.00  0.4910672E-01   0.4743553E-03   0.4958108E-01
     1925.00  0.4834515E-01   0.4774521E-03   0.4882260E-01
     1935.00  0.4793482E-01   0.4806987E-03   0.4841552E-01
     1945.00  0.4758018E-01   0.4840865E-03   0.4806427E-01
     1955.00  0.4644065E-01   0.4876111E-03   0.4692826E-01
     1967.00  0.4626628E-01   0.4920307E-03   0.4675831E-01
     1976.00  0.4590542E-01   0.4954805E-03   0.4640090E-01
     1984.00  0.4501361E-01   0.4986433E-03   0.4551225E-01
     1995.00  0.4405134E-01   0.5031392E-03   0.4455448E-01
     2005.00  0.4371229E-01   0.5073726E-03   0.4421966E-01
     2015.00  0.4289850E-01   0.5117440E-03   0.4341024E-01
     2025.00  0.4270787E-01   0.5162520E-03   0.4322412E-01
     2035.00  0.4181188E-01   0.5209226E-03   0.4233280E-01
     2045.00  0.4145510E-01   0.5257399E-03   0.4198084E-01
     2055.00  0.4086514E-01   0.2485666E-03   0.4111371E-01
     2065.00  0.4044788E-01   0.2469254E-03   0.4069481E-01
     2074.00  0.4031312E-01   0.2454949E-03   0.4055861E-01
     2078.00  0.3986619E-01   0.2448733E-03   0.4011106E-01
     2085.00  0.3968454E-01   0.2438060E-03   0.3992835E-01
     2095.00  0.3884299E-01   0.2423264E-03   0.3908532E-01
     2105.00  0.3848437E-01   0.2408992E-03   0.3872527E-01
     2115.00  0.3800729E-01   0.2395236E-03   0.3824681E-01
     2125.00  0.3763829E-01   0.2381990E-03   0.3787649E-01
     2135.00  0.3666481E-01   0.2369245E-03   0.3690173E-01
     2145.00  0.3643460E-01   0.2356994E-03   0.3667030E-01
     2155.00  0.3618724E-01   0.2345230E-03   0.3642176E-01
     2165.00  0.3549328E-01   0.2333945E-03   0.3572667E-01
     2175.00  0.3497752E-01   0.2323133E-03   0.3520983E-01
     2185.00  0.3447322E-01   0.2312787E-03   0.3470450E-01
     2195.00  0.3440081E-01   0.2302899E-03   0.3463110E-01
     2205.00  0.3375982E-01   0.2293461E-03   0.3398917E-01
     2215.00  0.3306958E-01   0.2284465E-03   0.3329803E-01
     2225.00  0.3242038E-01   0.2275906E-03   0.3264797E-01
     2235.00  0.3250346E-01   0.2267775E-03   0.3273024E-01
     2245.00  0.3176789E-01   0.2260065E-03   0.3199390E-01
     2255.00  0.3126578E-01   0.2252770E-03   0.3149106E-01
     2265.00  0.3098664E-01   0.2245883E-03   0.3121123E-01
     2275.00  0.3081612E-01   0.2239397E-03   0.3104006E-01
     2285.00  0.3059397E-01   0.2233282E-03   0.3081730E-01
     2295.00  0.2995330E-01   0.2227530E-03   0.3017605E-01
     2305.00  0.2954246E-01   0.2222156E-03   0.2976468E-01
     2315.00  0.2901583E-01   0.2217154E-03   0.2923755E-01
     2325.00  0.2749736E-01   0.2212516E-03   0.2771861E-01
     2335.00  0.2811116E-01   0.2208236E-03   0.2833198E-01
     2345.00  0.2754441E-01   0.2204308E-03   0.2776484E-01
     2355.00  0.2761451E-01   0.2200725E-03   0.2783458E-01
     2365.00  0.2692226E-01   0.2197482E-03   0.2714201E-01
     2375.00  0.2678734E-01   0.2194572E-03   0.2700680E-01
     2385.00  0.2610091E-01   0.2191989E-03   0.2632011E-01
     2395.00  0.2615992E-01   0.2189726E-03   0.2637889E-01
     2405.00  0.2563811E-01   0.2187780E-03   0.2585689E-01
     2415.00  0.2544352E-01   0.2186145E-03   0.2566213E-01
     2425.00  0.2538197E-01   0.2184813E-03   0.2560045E-01
     2435.00  0.2487987E-01   0.2183779E-03   0.2509825E-01
     2445.00  0.2488912E-01   0.2183037E-03   0.2510742E-01
     2455.00  0.2449731E-01   0.2182582E-03   0.2471557E-01
     2465.00  0.2419904E-01   0.2182407E-03   0.2441728E-01
     2475.00  0.2379021E-01   0.2182508E-03   0.2400846E-01
     2485.00  0.2380030E-01   0.2182880E-03   0.2401859E-01
     2495.00  0.2337300E-01   0.2183516E-03   0.2359135E-01
     2505.00  0.2344030E-01   0.2184412E-03   0.2365874E-01
     2513.00  0.2287990E-01   0.2185313E-03   0.2309843E-01
     2518.00  0.2294506E-01   0.2185957E-03   0.2316366E-01
     2525.00  0.2249023E-01   0.2186963E-03   0.2270893E-01
     2535.00  0.2224612E-01   0.2188608E-03   0.2246498E-01
     2545.00  0.2196239E-01   0.2190490E-03   0.2218144E-01
     2555.00  0.2196106E-01   0.2192608E-03   0.2218032E-01
     2565.00  0.2167097E-01   0.2194955E-03   0.2189047E-01
     2575.00  0.2169532E-01   0.2197527E-03   0.2191507E-01
     2585.00  0.2144685E-01   0.2200319E-03   0.2166688E-01
     2595.00  0.2120240E-01   0.2203326E-03   0.2142273E-01
     2605.00  0.2081352E-01   0.2124754E-03   0.2102600E-01
     2615.00  0.2065463E-01   0.2127652E-03   0.2086740E-01
     2625.00  0.2055662E-01   0.2130759E-03   0.2076970E-01
     2635.00  0.2038589E-01   0.2134071E-03   0.2059930E-01
     2645.00  0.2050946E-01   0.2137584E-03   0.2072322E-01
     2655.00  0.2026516E-01   0.2141294E-03   0.2047929E-01
     2665.00  0.1984081E-01   0.2145196E-03   0.2005533E-01
     2675.00  0.1977822E-01   0.2149286E-03   0.1999315E-01
     2685.00  0.1957225E-01   0.2153561E-03   0.1978761E-01
     2695.00  0.1925397E-01   0.2158016E-03   0.1946977E-01
     2705.00  0.1913410E-01   0.2162648E-03   0.1935036E-01
     2715.00  0.1879519E-01   0.2167453E-03   0.1901194E-01
     2725.00  0.1861279E-01   0.2172426E-03   0.1883003E-01
     2735.00  0.1862887E-01   0.2177565E-03   0.1884663E-01
     2745.00  0.1800986E-01   0.2182866E-03   0.1822815E-01
     2755.00  0.1785489E-01   0.2188325E-03   0.1807372E-01
     2765.00  0.1781242E-01   0.2193938E-03   0.1803181E-01
     2775.00  0.1780774E-01   0.2199702E-03   0.1802771E-01
     2785.00  0.1762426E-01   0.2205614E-03   0.1784482E-01
     2795.00  0.1695147E-01   0.2211669E-03   0.1717264E-01
     2805.00  0.1702910E-01   0.2217866E-03   0.1725089E-01
     2815.00  0.1720421E-01   0.2224200E-03   0.1742663E-01
     2825.00  0.1702061E-01   0.2230668E-03   0.1724368E-01
     2835.00  0.1672822E-01   0.2237267E-03   0.1695195E-01
     2845.00  0.1648806E-01   0.2243994E-03   0.1671246E-01
     2855.00  0.1634441E-01   0.2250822E-03   0.1656949E-01
     2865.00  0.1632649E-01   0.2257745E-03   0.1655226E-01
     2875.00  0.1610645E-01   0.2264783E-03   0.1633293E-01
     2885.00  0.1602631E-01   0.2271935E-03   0.1625350E-01
     2895.00  0.1584068E-01   0.2279196E-03   0.1606860E-01
     2910.00  0.1580952E-01   0.2290287E-03   0.1603855E-01
     2930.00  0.1542702E-01   0.2305433E-03   0.1565756E-01
     2950.00  0.1511307E-01   0.2320967E-03   0.1534517E-01
     2970.00  0.1487387E-01   0.2336867E-03   0.1510756E-01
     2990.00  0.1461484E-01   0.2353114E-03   0.1485015E-01
     3010.00  0.1442349E-01   0.2369687E-03   0.1466046E-01
     3030.00  0.1416520E-01   0.2386567E-03   0.1440386E-01
     3050.00  0.1389254E-01   0.2403742E-03   0.1413291E-01
     3070.00  0.1363784E-01   0.2421198E-03   0.1387996E-01
     3090.00  0.1344026E-01   0.2438910E-03   0.1368415E-01
     3110.00  0.1317310E-01   0.2456860E-03   0.1341879E-01
     3130.00  0.1292728E-01   0.2452729E-03   0.1317255E-01
     3150.00  0.1273562E-01   0.2470863E-03   0.1298271E-01
     3170.00  0.1251555E-01   0.2489190E-03   0.1276447E-01
     3190.00  0.1221698E-01   0.2507695E-03   0.1246775E-01
     3210.00  0.1208652E-01   0.2526363E-03   0.1233916E-01
     3230.00  0.1185323E-01   0.2545180E-03   0.1210775E-01
     3250.00  0.1169144E-01   0.2564133E-03   0.1194785E-01
     3270.00  0.1153839E-01   0.2583176E-03   0.1179671E-01
     3290.00  0.1135456E-01   0.2602305E-03   0.1161479E-01
     3310.00  0.1118584E-01   0.2621525E-03   0.1144799E-01
     3330.00  0.1098565E-01   0.2640825E-03   0.1124973E-01
     3350.00  0.1077761E-01   0.2660193E-03   0.1104363E-01
     3370.00  0.1059118E-01   0.2679618E-03   0.1085914E-01
     3390.00  0.1042762E-01   0.2699089E-03   0.1069753E-01
     3410.00  0.1030002E-01   0.2718597E-03   0.1057188E-01
     3430.00  0.1014168E-01   0.2575860E-03   0.1039927E-01
     3450.00  0.1004397E-01   0.2593505E-03   0.1030332E-01
     3470.00  0.9886775E-02   0.2611170E-03   0.1014789E-01
     3490.00  0.9746473E-02   0.2628847E-03   0.1000936E-01
     3510.00  0.9634497E-02   0.2646523E-03   0.9899149E-02
     3530.00  0.9472782E-02   0.2664161E-03   0.9739198E-02
     3550.00  0.9360537E-02   0.2681781E-03   0.9628715E-02
     3570.00  0.9160375E-02   0.2699376E-03   0.9430313E-02
     3590.00  0.9019904E-02   0.2716938E-03   0.9291598E-02
     3610.00  0.8925993E-02   0.2734461E-03   0.9199439E-02
     3630.00  0.8807959E-02   0.2751939E-03   0.9083153E-02
     3640.00  0.8758132E-02   0.2760658E-03   0.9034198E-02
     3650.00  0.9915654E-02   0.5860556E-04   0.9974260E-02
     3670.00  0.9672659E-02   0.5824292E-04   0.9730902E-02
     3690.00  0.9815001E-02   0.5453342E-04   0.9869534E-02
     3710.00  0.1067258E-01   0.5415755E-04   0.1072674E-01
     3730.00  0.1063377E-01   0.5379291E-04   0.1068756E-01
     3750.00  0.1141960E-01   0.5343912E-04   0.1147304E-01
     3770.00  0.1137078E-01   0.5309585E-04   0.1142388E-01
     3790.00  0.1175316E-01   0.5276277E-04   0.1180592E-01
     3810.00  0.1212860E-01   0.5243957E-04   0.1218104E-01
     3830.00  0.1098607E-01   0.5212591E-04   0.1103820E-01
     3850.00  0.1200960E-01   0.5182152E-04   0.1206142E-01
     3870.00  0.1207963E-01   0.5152608E-04   0.1213116E-01
     3890.00  0.1045824E-01   0.5123934E-04   0.1050948E-01
     3910.00  0.1182112E-01   0.5096100E-04   0.1187208E-01
     3930.00  0.1132637E-01   0.5069080E-04   0.1137706E-01
     3950.00  0.1140562E-01   0.5042849E-04   0.1145605E-01
     3970.00  0.9587643E-02   0.5017393E-04   0.9637817E-02
     3990.00  0.1123019E-01   0.4992710E-04   0.1128012E-01
     4010.00  0.1128568E-01   0.4968741E-04   0.1133537E-01
     4030.00  0.1108523E-01   0.4945464E-04   0.1113468E-01
     4050.00  0.1100694E-01   0.4922857E-04   0.1105617E-01
     4070.00  0.1079126E-01   0.4900898E-04   0.1084027E-01
     4090.00  0.1038462E-01   0.4879567E-04   0.1043342E-01
     4110.00  0.9411428E-02   0.4858845E-04   0.9460016E-02
     4130.00  0.1034042E-01   0.4838712E-04   0.1038881E-01
     4150.00  0.1029529E-01   0.4819149E-04   0.1034348E-01
     4170.00  0.1015572E-01   0.4800138E-04   0.1020372E-01
     4190.00  0.1002792E-01   0.4781662E-04   0.1007574E-01
     4210.00  0.9917966E-02   0.4763703E-04   0.9965603E-02
     4230.00  0.9788820E-02   0.4746246E-04   0.9836282E-02
     4250.00  0.9658240E-02   0.4729273E-04   0.9705533E-02
     4270.00  0.9488811E-02   0.4712771E-04   0.9535939E-02
     4290.00  0.9331967E-02   0.4696723E-04   0.9378934E-02
     4310.00  0.9046696E-02   0.4681115E-04   0.9093507E-02
     4330.00  0.8731527E-02   0.4665933E-04   0.8778186E-02
     4350.00  0.8131164E-02   0.4651167E-04   0.8177676E-02
     4370.00  0.8973957E-02   0.4636803E-04   0.9020325E-02
     4390.00  0.8794510E-02   0.4622825E-04   0.8840738E-02
     4410.00  0.8770594E-02   0.4609220E-04   0.8816686E-02
     4430.00  0.8741690E-02   0.4595977E-04   0.8787650E-02
     4450.00  0.8647159E-02   0.4583084E-04   0.8692990E-02
     4470.00  0.8533194E-02   0.4570529E-04   0.8578899E-02
     4490.00  0.8484262E-02   0.4558302E-04   0.8529845E-02
     4510.00  0.8517602E-02   0.4546392E-04   0.8563066E-02
     4530.00  0.8302764E-02   0.4534787E-04   0.8348112E-02
     4550.00  0.8192230E-02   0.4523480E-04   0.8237465E-02
     4570.00  0.8225214E-02   0.4512458E-04   0.8270339E-02
     4590.00  0.8055430E-02   0.4501714E-04   0.8100447E-02
     4610.00  0.8051265E-02   0.4491239E-04   0.8096177E-02
     4630.00  0.7917294E-02   0.4481022E-04   0.7962104E-02
     4650.00  0.7865171E-02   0.4471056E-04   0.7909882E-02
     4670.00  0.7800538E-02   0.4461333E-04   0.7845151E-02
     4690.00  0.7708130E-02   0.4451843E-04   0.7752648E-02
     4710.00  0.7561812E-02   0.4442580E-04   0.7606238E-02
     4730.00  0.7561095E-02   0.4433535E-04   0.7605430E-02
     4750.00  0.7526256E-02   0.4424702E-04   0.7570503E-02
     4770.00  0.7461243E-02   0.4416074E-04   0.7505404E-02
     4790.00  0.7373218E-02   0.4407642E-04   0.7417294E-02
     4810.00  0.7277335E-02   0.4399394E-04   0.7321329E-02
     4830.00  0.7188643E-02   0.4391322E-04   0.7232556E-02
     4850.00  0.6811740E-02   0.4383427E-04   0.6855574E-02
     4870.00  0.6219793E-02   0.4375703E-04   0.6263550E-02
     4890.00  0.6946666E-02   0.4368145E-04   0.6990347E-02
     4910.00  0.6909982E-02   0.4360746E-04   0.6953589E-02
     4930.00  0.6787716E-02   0.4353500E-04   0.6831251E-02
     4950.00  0.6827610E-02   0.4346404E-04   0.6871074E-02
     4970.00  0.6762364E-02   0.4339450E-04   0.6805758E-02
     4990.00  0.6597665E-02   0.4332634E-04   0.6640991E-02
     5010.00  0.6453334E-02   0.4325952E-04   0.6496594E-02
     5030.00  0.6494712E-02   0.4319398E-04   0.6537906E-02
     5050.00  0.6421018E-02   0.4312968E-04   0.6464148E-02
     5070.00  0.6434813E-02   0.4306670E-04   0.6477880E-02
     5090.00  0.6312234E-02   0.4300548E-04   0.6355239E-02
     5110.00  0.6269401E-02   0.4294534E-04   0.6312346E-02
     5130.00  0.6162795E-02   0.4288624E-04   0.6205681E-02
     5150.00  0.6076797E-02   0.4282814E-04   0.6119625E-02
     5170.00  0.5993818E-02   0.4277101E-04   0.6036589E-02
     5190.00  0.5983528E-02   0.4271480E-04   0.6026243E-02
     5210.00  0.5949662E-02   0.4265947E-04   0.5992321E-02
     5230.00  0.5910084E-02   0.4260501E-04   0.5952689E-02
     5250.00  0.5893767E-02   0.4255136E-04   0.5936318E-02
     5270.00  0.5723972E-02   0.4249850E-04   0.5766470E-02
     5290.00  0.5811956E-02   0.4244639E-04   0.5854402E-02
     5310.00  0.5794095E-02   0.4239502E-04   0.5836490E-02
     5330.00  0.5652702E-02   0.4234434E-04   0.5695046E-02
     5350.00  0.5708954E-02   0.4229432E-04   0.5751248E-02
     5370.00  0.5665210E-02   0.4224493E-04   0.5707455E-02
     5390.00  0.5580302E-02   0.4219607E-04   0.5622498E-02
     5410.00  0.5508320E-02   0.4214779E-04   0.5550468E-02
     5430.00  0.5470994E-02   0.4210007E-04   0.5513094E-02
     5450.00  0.5499181E-02   0.4205288E-04   0.5541234E-02
     5470.00  0.5410864E-02   0.4200620E-04   0.5452870E-02
     5490.00  0.5361586E-02   0.4196001E-04   0.5403546E-02
     5510.00  0.5320936E-02   0.4191429E-04   0.5362850E-02
     5530.00  0.5301612E-02   0.4186900E-04   0.5343481E-02
     5550.00  0.5283586E-02   0.4182414E-04   0.5325410E-02
     5570.00  0.5219073E-02   0.4177969E-04   0.5260853E-02
     5590.00  0.5150571E-02   0.4173561E-04   0.5192307E-02
     5610.00  0.5156630E-02   0.4169190E-04   0.5198322E-02
     5630.00  0.5108896E-02   0.4164854E-04   0.5150545E-02
     5650.00  0.5074490E-02   0.4160551E-04   0.5116096E-02
     5670.00  0.4999547E-02   0.4156279E-04   0.5041110E-02
     5690.00  0.5004814E-02   0.4152036E-04   0.5046334E-02
     5710.00  0.4910846E-02   0.3339931E-04   0.4944245E-02
     5730.00  0.4978620E-02   0.3334538E-04   0.5011965E-02
     5750.00  0.4893590E-02   0.3329197E-04   0.4926882E-02
     5770.00  0.4880772E-02   0.3323908E-04   0.4914011E-02
     5790.00  0.4798317E-02   0.3318668E-04   0.4831504E-02
     5810.00  0.4802028E-02   0.3313477E-04   0.4835163E-02
     5830.00  0.4799047E-02   0.3308332E-04   0.4832130E-02
     5850.00  0.4729281E-02   0.3303232E-04   0.4762313E-02
     5870.00  0.4682169E-02   0.3298176E-04   0.4715151E-02
     5890.00  0.4585854E-02   0.3293161E-04   0.4618786E-02
     5910.00  0.4620196E-02   0.3288188E-04   0.4653078E-02
     5930.00  0.4589016E-02   0.3283254E-04   0.4621849E-02
     5950.00  0.4553600E-02   0.3278358E-04   0.4586384E-02
     5970.00  0.4546809E-02   0.3273499E-04   0.4579544E-02
     5990.00  0.4488359E-02   0.3268676E-04   0.4521046E-02
     6010.00  0.4437133E-02   0.3263887E-04   0.4469772E-02
     6030.00  0.4427749E-02   0.3259132E-04   0.4460340E-02
     6050.00  0.4421365E-02   0.3254409E-04   0.4453909E-02
     6070.00  0.4381762E-02   0.3249717E-04   0.4414259E-02
     6090.00  0.4309104E-02   0.3245054E-04   0.4341555E-02
     6110.00  0.4275760E-02   0.3240421E-04   0.4308164E-02
     6130.00  0.4195059E-02   0.3235816E-04   0.4227417E-02
     6150.00  0.4189264E-02   0.3231238E-04   0.4221576E-02
     6170.00  0.4133178E-02   0.3226686E-04   0.4165445E-02
     6190.00  0.4165625E-02   0.3222159E-04   0.4197847E-02
     6210.00  0.4136228E-02   0.3217657E-04   0.4168405E-02
     6230.00  0.4061298E-02   0.3213179E-04   0.4093430E-02
     6250.00  0.3975911E-02   0.3208723E-04   0.4007998E-02
     6270.00  0.4029899E-02   0.3204289E-04   0.4061942E-02
     6290.00  0.4012697E-02   0.3199877E-04   0.4044696E-02
     6310.00  0.3946808E-02   0.3195485E-04   0.3978763E-02
     6330.00  0.3945750E-02   0.3191113E-04   0.3977661E-02
     6350.00  0.3921272E-02   0.3186759E-04   0.3953140E-02
     6370.00  0.3890940E-02   0.3182425E-04   0.3922764E-02
     6390.00  0.3877074E-02   0.3178108E-04   0.3908855E-02
     6410.00  0.3827352E-02   0.3173808E-04   0.3859090E-02
     6430.00  0.3812761E-02   0.3169524E-04   0.3844456E-02
     6450.00  0.3791942E-02   0.3165257E-04   0.3823595E-02
     6470.00  0.3764540E-02   0.3161004E-04   0.3796150E-02
     6490.00  0.3699180E-02   0.3156767E-04   0.3730748E-02
     6510.00  0.3716840E-02   0.3152544E-04   0.3748365E-02
     6530.00  0.3697513E-02   0.3148296E-04   0.3728996E-02
     6550.00  0.3581330E-02   0.3144050E-04   0.3612770E-02
     6570.00  0.3273994E-02   0.3139815E-04   0.3305392E-02
     6590.00  0.3595833E-02   0.3135591E-04   0.3627189E-02
     6610.00  0.3599840E-02   0.3131378E-04   0.3631154E-02
     6630.00  0.3588649E-02   0.3127175E-04   0.3619921E-02
     6650.00  0.3559656E-02   0.3109715E-04   0.3590753E-02
     6670.00  0.3518326E-02   0.3105573E-04   0.3549382E-02
     6690.00  0.3534052E-02   0.3101441E-04   0.3565066E-02
     6710.00  0.3478129E-02   0.3097317E-04   0.3509102E-02
     6730.00  0.3490552E-02   0.3093202E-04   0.3521484E-02
     6750.00  0.3448148E-02   0.3089095E-04   0.3479039E-02
     6770.00  0.3436755E-02   0.3084995E-04   0.3467605E-02
     6790.00  0.3408137E-02   0.3080903E-04   0.3438946E-02
     6810.00  0.3385917E-02   0.3076818E-04   0.3416685E-02
     6830.00  0.3375686E-02   0.3072740E-04   0.3406413E-02
     6850.00  0.3325328E-02   0.3068668E-04   0.3356015E-02
     6870.00  0.3323224E-02   0.3064602E-04   0.3353870E-02
     6890.00  0.3320890E-02   0.3060542E-04   0.3351495E-02
     6910.00  0.3288130E-02   0.3056488E-04   0.3318695E-02
     6930.00  0.3260926E-02   0.3052440E-04   0.3291450E-02
     6950.00  0.3218511E-02   0.3048396E-04   0.3248995E-02
     6970.00  0.3213148E-02   0.3044358E-04   0.3243592E-02
     6990.00  0.3185498E-02   0.3040324E-04   0.3215901E-02
     7010.00  0.3136854E-02   0.3036295E-04   0.3167217E-02
     7030.00  0.3142493E-02   0.3032272E-04   0.3172816E-02
     7050.00  0.3138602E-02   0.3028253E-04   0.3168885E-02
     7070.00  0.3097400E-02   0.3024238E-04   0.3127642E-02
     7090.00  0.3086688E-02   0.3020226E-04   0.3116890E-02
     7110.00  0.3056925E-02   0.3016218E-04   0.3087087E-02
     7130.00  0.3023771E-02   0.3012213E-04   0.3053893E-02
     7150.00  0.3009572E-02   0.3008211E-04   0.3039654E-02
     7170.00  0.3005254E-02   0.3004212E-04   0.3035296E-02
     7190.00  0.2946165E-02   0.3000216E-04   0.2976167E-02
     7210.00  0.2956208E-02   0.2996222E-04   0.2986170E-02
     7230.00  0.2954509E-02   0.2992231E-04   0.2984431E-02
     7250.00  0.2945128E-02   0.2988243E-04   0.2975010E-02
     7270.00  0.2923067E-02   0.2984256E-04   0.2952910E-02
     7290.00  0.2871695E-02   0.2980272E-04   0.2901498E-02
     7310.00  0.2873166E-02   0.2976290E-04   0.2902929E-02
     7330.00  0.2865588E-02   0.2972309E-04   0.2895311E-02
     7350.00  0.2847958E-02   0.2968331E-04   0.2877641E-02
     7370.00  0.2853089E-02   0.2964355E-04   0.2882733E-02
     7390.00  0.2813313E-02   0.2960380E-04   0.2842917E-02
     7410.00  0.2774029E-02   0.2956407E-04   0.2803593E-02
     7430.00  0.2782591E-02   0.2952435E-04   0.2812115E-02
     7450.00  0.2775685E-02   0.2943684E-04   0.2805122E-02
     7470.00  0.2765001E-02   0.2939725E-04   0.2794398E-02
     7490.00  0.2741004E-02   0.2935768E-04   0.2770362E-02
     7510.00  0.2735079E-02   0.2931812E-04   0.2764397E-02
     7530.00  0.2728847E-02   0.2927858E-04   0.2758126E-02
     7550.00  0.2724025E-02   0.2923904E-04   0.2753264E-02
     7570.00  0.2700583E-02   0.2919953E-04   0.2729783E-02
     7590.00  0.2683400E-02   0.2916002E-04   0.2712560E-02
     7610.00  0.2672979E-02   0.2912035E-04   0.2702099E-02
     7630.00  0.2662263E-02   0.2908051E-04   0.2691344E-02
     7650.00  0.2650835E-02   0.2904067E-04   0.2679876E-02
     7670.00  0.2605724E-02   0.2900084E-04   0.2634725E-02
     7690.00  0.2625851E-02   0.2896101E-04   0.2654812E-02
     7710.00  0.2582983E-02   0.2892117E-04   0.2611904E-02
     7730.00  0.2582428E-02   0.2888134E-04   0.2611309E-02
     7750.00  0.2561356E-02   0.2884152E-04   0.2590198E-02
     7770.00  0.2561617E-02   0.2880169E-04   0.2590419E-02
     7790.00  0.2555321E-02   0.2876186E-04   0.2584083E-02
     7810.00  0.2547288E-02   0.2872204E-04   0.2576010E-02
     7830.00  0.2522928E-02   0.2868221E-04   0.2551610E-02
     7850.00  0.2502103E-02   0.2864239E-04   0.2530745E-02
     7870.00  0.2493853E-02   0.2814297E-04   0.2521996E-02
     7890.00  0.2451529E-02   0.2810420E-04   0.2479633E-02
     7910.00  0.2412686E-02   0.2806543E-04   0.2440751E-02
     7930.00  0.2401888E-02   0.2802667E-04   0.2429915E-02
     7950.00  0.2378661E-02   0.2798790E-04   0.2406649E-02
     7970.00  0.2405507E-02   0.2794914E-04   0.2433456E-02
     7990.00  0.2390355E-02   0.2791038E-04   0.2418265E-02
     8010.00  0.2404859E-02   0.2787162E-04   0.2432731E-02
     8030.00  0.2396666E-02   0.2783286E-04   0.2424499E-02
     8050.00  0.2375568E-02   0.2779411E-04   0.2403362E-02
     8070.00  0.2367831E-02   0.2775536E-04   0.2395586E-02
     8090.00  0.2341659E-02   0.2771660E-04   0.2369376E-02
     8110.00  0.2337409E-02   0.2767786E-04   0.2365087E-02
     8130.00  0.2331114E-02   0.2763911E-04   0.2358753E-02
     8150.00  0.2319414E-02   0.2760036E-04   0.2347014E-02
     8170.00  0.2308624E-02   0.2756162E-04   0.2336186E-02
     8190.00  0.2279906E-02   0.2752289E-04   0.2307429E-02
     8210.00  0.2285385E-02   0.2468690E-04   0.2310072E-02
     8230.00  0.2277690E-02   0.1376687E-04   0.2291457E-02
     8250.00  0.2274114E-02   0.1374008E-04   0.2287854E-02
     8270.00  0.2269050E-02   0.1371340E-04   0.2282763E-02
     8290.00  0.2248798E-02   0.1355210E-04   0.2262350E-02
     8310.00  0.2214173E-02   0.1352597E-04   0.2227699E-02
     8330.00  0.2190046E-02   0.1349995E-04   0.2203546E-02
     8350.00  0.2199746E-02   0.1347404E-04   0.2213220E-02
     8370.00  0.2178461E-02   0.1344823E-04   0.2191909E-02
     8390.00  0.2155767E-02   0.1342253E-04   0.2169190E-02
     8410.00  0.2176206E-02   0.1339693E-04   0.2189603E-02
     8430.00  0.2171917E-02   0.1337143E-04   0.2185288E-02
     8450.00  0.2181324E-02   0.1334603E-04   0.2194670E-02
     8470.00  0.2128824E-02   0.1332073E-04   0.2142145E-02
     8490.00  0.2171685E-02   0.1329553E-04   0.2184981E-02
     8510.00  0.2038911E-02   0.1327043E-04   0.2052181E-02
     8530.00  0.2156430E-02   0.1324543E-04   0.2169675E-02
     8550.00  0.1850575E-02   0.1322051E-04   0.1863796E-02
     8570.00  0.2184500E-02   0.1319570E-04   0.2197696E-02
     8590.00  0.2118945E-02   0.1317097E-04   0.2132116E-02
     8610.00  0.2089710E-02   0.1314634E-04   0.2102856E-02
     8630.00  0.2158666E-02   0.1312180E-04   0.2171788E-02
     8650.00  0.2118462E-02   0.1309735E-04   0.2131559E-02
     8670.00  0.1825448E-02   0.1307299E-04   0.1838521E-02
     8690.00  0.2101005E-02   0.1304871E-04   0.2114054E-02
     8710.00  0.2122397E-02   0.1302452E-04   0.2135422E-02
     8730.00  0.2105078E-02   0.1300042E-04   0.2118078E-02
     8750.00  0.1980308E-02   0.1297641E-04   0.1993284E-02
     8770.00  0.2078700E-02   0.1295248E-04   0.2091652E-02
     8790.00  0.2085232E-02   0.1292863E-04   0.2098161E-02
     8810.00  0.2063974E-02   0.1290487E-04   0.2076879E-02
     8830.00  0.2052932E-02   0.1288118E-04   0.2065813E-02
     8850.00  0.2022985E-02   0.1285758E-04   0.2035843E-02
     8870.00  0.1926781E-02   0.1283406E-04   0.1939615E-02
     8890.00  0.2033139E-02   0.1281062E-04   0.2045950E-02
     8910.00  0.2033052E-02   0.1278726E-04   0.2045839E-02
     8930.00  0.2015431E-02   0.1276397E-04   0.2028195E-02
     8950.00  0.2003092E-02   0.1274077E-04   0.2015833E-02
     8970.00  0.1998521E-02   0.1271764E-04   0.2011239E-02
     8990.00  0.1984850E-02   0.1269458E-04   0.1997545E-02
     9010.00  0.1863743E-02   0.1267160E-04   0.1876415E-02
     9030.00  0.1928633E-02   0.1264870E-04   0.1941282E-02
     9050.00  0.1967224E-02   0.1262587E-04   0.1979850E-02
     9070.00  0.1947805E-02   0.1260311E-04   0.1960408E-02
     9090.00  0.1915221E-02   0.1258042E-04   0.1927801E-02
     9110.00  0.1927309E-02   0.1255781E-04   0.1939867E-02
     9130.00  0.1925924E-02   0.1253527E-04   0.1938459E-02
     9150.00  0.1919229E-02   0.1251281E-04   0.1931742E-02
     9170.00  0.1909268E-02   0.1249042E-04   0.1921758E-02
     9190.00  0.1903394E-02   0.1246809E-04   0.1915862E-02
     9210.00  0.1867792E-02   0.1244584E-04   0.1880238E-02
     9230.00  0.1771551E-02   0.1242365E-04   0.1783975E-02
     9250.00  0.1841199E-02   0.1240153E-04   0.1853601E-02
     9270.00  0.1854260E-02   0.1237948E-04   0.1866639E-02
     9290.00  0.1854830E-02   0.1235749E-04   0.1867187E-02
     9310.00  0.1851622E-02   0.1233557E-04   0.1863958E-02
     9330.00  0.1841693E-02   0.1231371E-04   0.1854007E-02
     9350.00  0.1830430E-02   0.1229192E-04   0.1842722E-02
     9370.00  0.1812288E-02   0.1227019E-04   0.1824558E-02
     9390.00  0.1815134E-02   0.1224853E-04   0.1827383E-02
     9410.00  0.1783649E-02   0.1222693E-04   0.1795876E-02
     9430.00  0.1797158E-02   0.1220539E-04   0.1809363E-02
     9450.00  0.1782222E-02   0.1218392E-04   0.1794406E-02
     9470.00  0.1782456E-02   0.1216251E-04   0.1794619E-02
     9490.00  0.1774753E-02   0.1214116E-04   0.1786894E-02
     9510.00  0.1762474E-02   0.1211987E-04   0.1774594E-02
     9530.00  0.1739459E-02   0.1209864E-04   0.1751558E-02
     9550.00  0.1649687E-02   0.1207747E-04   0.1661764E-02
     9570.00  0.1722615E-02   0.1205636E-04   0.1734671E-02
     9590.00  0.1731854E-02   0.1203531E-04   0.1743889E-02
     9610.00  0.1718164E-02   0.1201432E-04   0.1730178E-02
     9630.00  0.1708811E-02   0.1199338E-04   0.1720804E-02
     9650.00  0.1693740E-02   0.1197251E-04   0.1705713E-02
     9670.00  0.1686686E-02   0.1195169E-04   0.1698638E-02
     9690.00  0.1689908E-02   0.1193093E-04   0.1701839E-02
     9710.00  0.1679329E-02   0.1191022E-04   0.1691239E-02
     9730.00  0.1671720E-02   0.1188958E-04   0.1683610E-02
     9750.00  0.1660177E-02   0.1186899E-04   0.1672046E-02
     9770.00  0.1657146E-02   0.1184845E-04   0.1668994E-02
     9790.00  0.1642800E-02   0.1182797E-04   0.1654628E-02
     9810.00  0.1647252E-02   0.1180755E-04   0.1659060E-02
     9830.00  0.1640842E-02   0.1178718E-04   0.1652629E-02
     9850.00  0.1633390E-02   0.1176686E-04   0.1645157E-02
     9870.00  0.1622190E-02   0.1174660E-04   0.1633937E-02
     9890.00  0.1614040E-02   0.1172639E-04   0.1625766E-02
     9910.00  0.1608778E-02   0.1170624E-04   0.1620484E-02
     9930.00  0.1603487E-02   0.1168613E-04   0.1615173E-02
     9950.00  0.1597396E-02   0.1166608E-04   0.1609062E-02
     9970.00  0.1591202E-02   0.1164609E-04   0.1602848E-02
     9990.00  0.1582944E-02   0.1162615E-04   0.1594570E-02
    10025.00  0.1549507E-02   0.1159136E-04   0.1561098E-02
    10075.00  0.1517588E-02   0.1154195E-04   0.1529130E-02
    10125.00  0.1526024E-02   0.1149285E-04   0.1537517E-02
    10175.00  0.1504434E-02   0.1144432E-04   0.1515878E-02
    10225.00  0.1493522E-02   0.1139614E-04   0.1504918E-02
    10275.00  0.1483307E-02   0.1134825E-04   0.1494655E-02
    10325.00  0.1455506E-02   0.1130065E-04   0.1466807E-02
    10375.00  0.1441662E-02   0.1125333E-04   0.1452915E-02
    10425.00  0.1432971E-02   0.1120629E-04   0.1444177E-02
    10475.00  0.1411686E-02   0.1115953E-04   0.1422846E-02
    10525.00  0.1403277E-02   0.1111305E-04   0.1414390E-02
    10575.00  0.1384896E-02   0.1106684E-04   0.1395963E-02
    10625.00  0.1368714E-02   0.1102089E-04   0.1379735E-02
    10675.00  0.1343882E-02   0.1097521E-04   0.1354857E-02
    10725.00  0.1337545E-02   0.1092980E-04   0.1348475E-02
    10775.00  0.1319958E-02   0.1088464E-04   0.1330843E-02
    10825.00  0.1300446E-02   0.1083975E-04   0.1311286E-02
    10875.00  0.1289880E-02   0.1079511E-04   0.1300675E-02
    10925.00  0.1258511E-02   0.1075072E-04   0.1269262E-02
    10975.00  0.1261047E-02   0.1070658E-04   0.1271754E-02
    11025.00  0.1261829E-02   0.1066269E-04   0.1272492E-02
    11075.00  0.1251458E-02   0.1061905E-04   0.1262077E-02
    11125.00  0.1235688E-02   0.1057565E-04   0.1246264E-02
    11175.00  0.1220447E-02   0.9756451E-05   0.1230203E-02
    11225.00  0.1213601E-02   0.9716207E-05   0.1223317E-02
    11275.00  0.1193042E-02   0.9676200E-05   0.1202718E-02
    11325.00  0.1182526E-02   0.9636429E-05   0.1192162E-02
    11375.00  0.1170748E-02   0.9596892E-05   0.1180345E-02
    11425.00  0.1153646E-02   0.9557583E-05   0.1163204E-02
    11475.00  0.1154370E-02   0.9518502E-05   0.1163889E-02
    11525.00  0.1143184E-02   0.9479647E-05   0.1152664E-02
    11575.00  0.1127775E-02   0.9441017E-05   0.1137216E-02
    11625.00  0.1107487E-02   0.9402610E-05   0.1116890E-02
    11675.00  0.1101367E-02   0.9364423E-05   0.1110731E-02
    11725.00  0.1099890E-02   0.9326454E-05   0.1109216E-02
    11775.00  0.1079147E-02   0.9288703E-05   0.1088436E-02
    11825.00  0.1070515E-02   0.9251167E-05   0.1079766E-02
    11875.00  0.1052083E-02   0.9213844E-05   0.1061297E-02
    11925.00  0.1058392E-02   0.9176732E-05   0.1067569E-02
    11975.00  0.1030648E-02   0.9139830E-05   0.1039788E-02
    12025.00  0.1033456E-02   0.9103136E-05   0.1042559E-02
    12075.00  0.1019583E-02   0.9066648E-05   0.1028650E-02
    12125.00  0.1012612E-02   0.9030365E-05   0.1021642E-02
    12175.00  0.1007996E-02   0.8994285E-05   0.1016990E-02
    12225.00  0.9975949E-03   0.8958406E-05   0.1006553E-02
    12275.00  0.9861092E-03   0.8922728E-05   0.9950319E-03
    12325.00  0.9787068E-03   0.8887247E-05   0.9875940E-03
    12375.00  0.9690813E-03   0.8851964E-05   0.9779333E-03
    12425.00  0.9607350E-03   0.8816876E-05   0.9695519E-03
    12475.00  0.9533122E-03   0.8781982E-05   0.9620942E-03
    12525.00  0.9424318E-03   0.8738923E-05   0.9511707E-03
    12575.00  0.9337331E-03   0.8704473E-05   0.9424376E-03
    12625.00  0.9250234E-03   0.8670212E-05   0.9336936E-03
    12675.00  0.9159524E-03   0.8636140E-05   0.9245885E-03
    12725.00  0.9102568E-03   0.8602255E-05   0.9188591E-03
    12775.00  0.9019345E-03   0.8568555E-05   0.9105031E-03
    12825.00  0.8661917E-03   0.8535039E-05   0.8747267E-03
    12875.00  0.8823535E-03   0.8501706E-05   0.8908552E-03
    12925.00  0.8741008E-03   0.8468554E-05   0.8825694E-03
    12975.00  0.8708942E-03   0.8435584E-05   0.8793298E-03
    13025.00  0.8611656E-03   0.8402792E-05   0.8695684E-03
    13075.00  0.8559101E-03   0.8370096E-05   0.8642802E-03
    13125.00  0.8443703E-03   0.8337569E-05   0.8527079E-03
    13175.00  0.8364104E-03   0.8305216E-05   0.8447156E-03
    13225.00  0.8328060E-03   0.8273035E-05   0.8410790E-03
    13275.00  0.8197134E-03   0.8241027E-05   0.8279544E-03
    13325.00  0.8177182E-03   0.8209189E-05   0.8259274E-03
    13375.00  0.8095074E-03   0.8177521E-05   0.8176849E-03
    13425.00  0.8067461E-03   0.8146021E-05   0.8148921E-03
    13475.00  0.7993766E-03   0.8114688E-05   0.8074913E-03
    13525.00  0.7929056E-03   0.8083522E-05   0.8009891E-03
    13575.00  0.7808714E-03   0.8052521E-05   0.7889239E-03
    13625.00  0.7747194E-03   0.8018263E-05   0.7827377E-03
    13675.00  0.7706939E-03   0.7987605E-05   0.7786815E-03
    13725.00  0.7644526E-03   0.7957110E-05   0.7724097E-03
    13775.00  0.7591853E-03   0.7926776E-05   0.7671121E-03
    13825.00  0.7540054E-03   0.7896602E-05   0.7619020E-03
    13875.00  0.7458120E-03   0.7866587E-05   0.7536786E-03
    13925.00  0.7432114E-03   0.7836730E-05   0.7510481E-03
    13975.00  0.7379696E-03   0.7807031E-05   0.7457766E-03
    14025.00  0.7273091E-03   0.7777487E-05   0.7350866E-03
    14075.00  0.7263119E-03   0.7748099E-05   0.7340600E-03
    14125.00  0.7171953E-03   0.7682917E-05   0.7248782E-03
    14175.00  0.7158662E-03   0.7654067E-05   0.7235203E-03
    14225.00  0.7042429E-03   0.7625367E-05   0.7118683E-03
    14275.00  0.6968539E-03   0.7596817E-05   0.7044507E-03
    14325.00  0.6976611E-03   0.7568416E-05   0.7052295E-03
    14375.00  0.6953529E-03   0.7540162E-05   0.7028931E-03
    14425.00  0.6776952E-03   0.7512056E-05   0.6852073E-03
    14475.00  0.6840068E-03   0.7484095E-05   0.6914909E-03
    14525.00  0.6721079E-03   0.7456280E-05   0.6795642E-03
    14570.00  0.6715289E-03   0.7431369E-05   0.6789603E-03
    14620.00  0.6680981E-03   0.5521718E-05   0.6736198E-03
    14675.00  0.6642047E-03   0.5499231E-05   0.6697039E-03
    14725.00  0.6532058E-03   0.5465911E-05   0.6586717E-03
    14775.00  0.6505324E-03   0.5445752E-05   0.6559782E-03
    14825.00  0.6460028E-03   0.5425707E-05   0.6514285E-03
    14875.00  0.6372612E-03   0.5405775E-05   0.6426670E-03
    14925.00  0.6396278E-03   0.5385955E-05   0.6450138E-03
    14975.00  0.6322795E-03   0.5366246E-05   0.6376457E-03
    15025.00  0.6234434E-03   0.5346647E-05   0.6287900E-03
    15075.00  0.6171024E-03   0.5327158E-05   0.6224296E-03
    15125.00  0.6205093E-03   0.5307776E-05   0.6258171E-03
    15175.00  0.6178438E-03   0.5288503E-05   0.6231323E-03
    15225.00  0.6161312E-03   0.5269343E-05   0.6214005E-03
    15275.00  0.6081122E-03   0.5250294E-05   0.6133625E-03
    15325.00  0.6038916E-03   0.5231350E-05   0.6091230E-03
    15375.00  0.6069742E-03   0.5212511E-05   0.6121867E-03
    15425.00  0.5961148E-03   0.5193774E-05   0.6013086E-03
    15475.00  0.6001739E-03   0.5175139E-05   0.6053490E-03
    15525.00  0.5941251E-03   0.5156606E-05   0.5992817E-03
    15575.00  0.5752623E-03   0.5138174E-05   0.5804005E-03
    15625.00  0.5878018E-03   0.5119842E-05   0.5929216E-03
    15675.00  0.5777868E-03   0.5101609E-05   0.5828884E-03
    15725.00  0.5697348E-03   0.5083475E-05   0.5748183E-03
    15775.00  0.5617629E-03   0.5065438E-05   0.5668283E-03
    15825.00  0.5644526E-03   0.5047499E-05   0.5695001E-03
    15875.00  0.5431947E-03   0.5029656E-05   0.5482244E-03
    15925.00  0.5600334E-03   0.5011909E-05   0.5650453E-03
    15975.00  0.5528181E-03   0.4994257E-05   0.5578124E-03
    16050.00  0.5476942E-03   0.4967956E-05   0.5526622E-03
    16150.00  0.5345026E-03   0.4933214E-05   0.5394358E-03
    16250.00  0.5323862E-03   0.4898840E-05   0.5372850E-03
    16350.00  0.5257219E-03   0.4864829E-05   0.5305867E-03
    16450.00  0.5032271E-03   0.4831176E-05   0.5080583E-03
    16550.00  0.5078032E-03   0.4797875E-05   0.5126011E-03
    16650.00  0.4932101E-03   0.4764923E-05   0.4979750E-03
    16750.00  0.4855924E-03   0.4732314E-05   0.4903247E-03
    16850.00  0.4671730E-03   0.4700043E-05   0.4718730E-03
    16950.00  0.4701960E-03   0.4668106E-05   0.4748641E-03
    17050.00  0.4561340E-03   0.4636498E-05   0.4607705E-03
    17150.00  0.4503337E-03   0.4605215E-05   0.4549389E-03
    17250.00  0.4399745E-03   0.4574253E-05   0.4445488E-03
    17350.00  0.4234978E-03   0.4543606E-05   0.4280414E-03
    17450.00  0.4230673E-03   0.4513271E-05   0.4275806E-03
    17550.00  0.4156434E-03   0.4483244E-05   0.4201266E-03
    17650.00  0.4082540E-03   0.4453521E-05   0.4127075E-03
    17750.00  0.3999964E-03   0.4424097E-05   0.4044205E-03
    17850.00  0.3934097E-03   0.4394969E-05   0.3978047E-03
    17950.00  0.3867605E-03   0.4366133E-05   0.3911266E-03
    18050.00  0.3782989E-03   0.4337585E-05   0.3826365E-03
    18150.00  0.3670364E-03   0.4309320E-05   0.3713457E-03
    18250.00  0.3638422E-03   0.4281342E-05   0.3681235E-03
    18350.00  0.3582304E-03   0.4253690E-05   0.3624841E-03
    18450.00  0.3503205E-03   0.4226306E-05   0.3545468E-03
    18550.00  0.3452415E-03   0.4064870E-05   0.3493064E-03
    18650.00  0.3375499E-03   0.4038921E-05   0.3415888E-03
    18750.00  0.3252061E-03   0.4013223E-05   0.3292193E-03
    18850.00  0.3266846E-03   0.3987774E-05   0.3306724E-03
    18950.00  0.3167187E-03   0.3962570E-05   0.3206813E-03
    19050.00  0.3163107E-03   0.3937609E-05   0.3202483E-03
    19150.00  0.3100592E-03   0.3912886E-05   0.3139721E-03
    19250.00  0.3050490E-03   0.3888401E-05   0.3089374E-03
    19350.00  0.2979769E-03   0.3864148E-05   0.3018410E-03
    19450.00  0.2886152E-03   0.3840126E-05   0.2924553E-03
    19550.00  0.2886959E-03   0.3816332E-05   0.2925122E-03
    19650.00  0.2838437E-03   0.3792763E-05   0.2876365E-03
    19750.00  0.2783642E-03   0.3769416E-05   0.2821336E-03
    19850.00  0.2742671E-03   0.3746288E-05   0.2780134E-03
    19950.00  0.2697282E-03   0.3723378E-05   0.2734516E-03
    20050.00  0.2665282E-03   0.3700681E-05   0.2702289E-03
    20150.00  0.2626365E-03   0.3678197E-05   0.2663147E-03
    20250.00  0.2567319E-03   0.3654913E-05   0.2603868E-03
    20350.00  0.2517274E-03   0.3632855E-05   0.2553603E-03
    20450.00  0.2497906E-03   0.3611000E-05   0.2534016E-03
    20550.00  0.2453613E-03   0.3589347E-05   0.2489506E-03
    20650.00  0.2404761E-03   0.3567893E-05   0.2440440E-03
    20750.00  0.2369362E-03   0.3546636E-05   0.2404828E-03
    20850.00  0.2333342E-03   0.3525574E-05   0.2368598E-03
    20950.00  0.2286810E-03   0.3504705E-05   0.2321857E-03
    21050.00  0.2261761E-03   0.3484025E-05   0.2296601E-03
    21150.00  0.2221510E-03   0.3463534E-05   0.2256145E-03
    21250.00  0.2186350E-03   0.3443228E-05   0.2220782E-03
    21350.00  0.2157135E-03   0.3423105E-05   0.2191366E-03
    21450.00  0.2124078E-03   0.3403164E-05   0.2158110E-03
    21550.00  0.2090375E-03   0.3382961E-05   0.2124205E-03
    21650.00  0.2025230E-03   0.3363380E-05   0.2058864E-03
    21750.00  0.2016885E-03   0.3343974E-05   0.2050325E-03
    21850.00  0.1986706E-03   0.3324741E-05   0.2019953E-03
    21950.00  0.1962309E-03   0.3305679E-05   0.1995366E-03
    22050.00  0.1921427E-03   0.3286786E-05   0.1954295E-03
    22150.00  0.1901068E-03   0.3268061E-05   0.1933749E-03
    22250.00  0.1866638E-03   0.3244512E-05   0.1899083E-03
    22350.00  0.1839931E-03   0.3226165E-05   0.1872193E-03
    22450.00  0.1814002E-03   0.3207979E-05   0.1846082E-03
    22550.00  0.1783570E-03   0.3189952E-05   0.1815470E-03
    22650.00  0.1756875E-03   0.3172082E-05   0.1788596E-03
    22750.00  0.1734490E-03   0.3154368E-05   0.1766034E-03
    22850.00  0.1703961E-03   0.2733534E-05   0.1731296E-03
    22950.00  0.1523747E-03   0.2716561E-05   0.1550913E-03
    23050.00  0.1587279E-03   0.2701797E-05   0.1614297E-03
    23150.00  0.1569992E-03   0.2687162E-05   0.1596864E-03
    23250.00  0.1412438E-03   0.2672652E-05   0.1439165E-03
    23350.00  0.1479694E-03   0.2658267E-05   0.1506277E-03
    23450.00  0.1471795E-03   0.2644005E-05   0.1498235E-03
    23550.00  0.1323106E-03   0.2629865E-05   0.1349405E-03
    23650.00  0.1392931E-03   0.2615846E-05   0.1419089E-03
    23750.00  0.1385459E-03   0.2601945E-05   0.1411478E-03
    23850.00  0.1259058E-03   0.2588162E-05   0.1284940E-03
    23950.00  0.1314165E-03   0.2574495E-05   0.1339910E-03
    24050.00  0.1317965E-03   0.2560944E-05   0.1343574E-03
    24150.00  0.1215525E-03   0.2547506E-05   0.1241000E-03
    24250.00  0.1257629E-03   0.2534181E-05   0.1282971E-03
    24350.00  0.1255414E-03   0.2520966E-05   0.1280624E-03
    24450.00  0.1189167E-03   0.2507862E-05   0.1214246E-03
    24550.00  0.1187196E-03   0.2494867E-05   0.1212145E-03
    24650.00  0.1210659E-03   0.2481979E-05   0.1235479E-03
    24750.00  0.1170300E-03   0.2469198E-05   0.1194992E-03
    24850.00  0.1129152E-03   0.2456521E-05   0.1153717E-03
    24950.00  0.1147950E-03   0.2443949E-05   0.1172389E-03
    25050.00  0.1165490E-03   0.2431480E-05   0.1189805E-03
    25150.00  0.1087124E-03   0.2419112E-05   0.1111315E-03
    25250.00  0.1105903E-03   0.2406845E-05   0.1129971E-03
    25350.00  0.1110766E-03   0.2394678E-05   0.1134713E-03
    25450.00  0.1081477E-03   0.2382609E-05   0.1105303E-03
    25550.00  0.1065766E-03   0.2370638E-05   0.1089472E-03
    25650.00  0.1057774E-03   0.2358763E-05   0.1081362E-03
    25750.00  0.1061315E-03   0.2346983E-05   0.1084785E-03
    25850.00  0.1015678E-03   0.2335298E-05   0.1039031E-03
    25950.00  0.1023064E-03   0.2323706E-05   0.1046301E-03
    26050.00  0.1018941E-03   0.2312207E-05   0.1042063E-03
    26150.00  0.9924205E-04   0.2300798E-05   0.1015428E-03
    26250.00  0.9768859E-04   0.2289481E-05   0.9997807E-04
    26350.00  0.9821747E-04   0.2278252E-05   0.1004957E-03
    26450.00  0.9740662E-04   0.2267112E-05   0.9967373E-04
    26550.00  0.9549697E-04   0.2256060E-05   0.9775303E-04
    26650.00  0.9373577E-04   0.2245094E-05   0.9598086E-04
    26750.00  0.9390682E-04   0.2234214E-05   0.9614103E-04
    26850.00  0.9319402E-04   0.2223419E-05   0.9541744E-04
    26950.00  0.9129942E-04   0.2212707E-05   0.9351213E-04
    27050.00  0.9092511E-04   0.2202079E-05   0.9312719E-04
    27150.00  0.8990845E-04   0.2191533E-05   0.9209998E-04
    27250.00  0.8920741E-04   0.2181068E-05   0.9138848E-04
    27350.00  0.8732902E-04   0.2170684E-05   0.8949970E-04
    27450.00  0.8691051E-04   0.2160380E-05   0.8907089E-04
    27550.00  0.8562950E-04   0.2150154E-05   0.8777965E-04
    27650.00  0.8481230E-04   0.2106937E-05   0.8691924E-04
    27750.00  0.8366181E-04   0.2097044E-05   0.8575885E-04
    27850.00  0.8295802E-04   0.2087227E-05   0.8504525E-04
    27950.00  0.8238405E-04   0.2077483E-05   0.8446153E-04
    28050.00  0.8128870E-04   0.2067814E-05   0.8335651E-04
    28150.00  0.8011894E-04   0.2058217E-05   0.8217716E-04
    28250.00  0.7929979E-04   0.2048692E-05   0.8134848E-04
    28350.00  0.7858927E-04   0.2039238E-05   0.8062851E-04
    28450.00  0.7754587E-04   0.2029856E-05   0.7957573E-04
    28550.00  0.7659148E-04   0.2020543E-05   0.7861202E-04
    28650.00  0.7561129E-04   0.2011299E-05   0.7762259E-04
    28750.00  0.7411795E-04   0.2002124E-05   0.7612007E-04
    28850.00  0.7390262E-04   0.1993017E-05   0.7589564E-04
    28950.00  0.7307247E-04   0.1983977E-05   0.7505645E-04
    29050.00  0.7217648E-04   0.1975004E-05   0.7415148E-04
    29150.00  0.7136238E-04   0.1966096E-05   0.7332848E-04
    29250.00  0.7030968E-04   0.1957254E-05   0.7226693E-04
    29350.00  0.6975662E-04   0.1948477E-05   0.7170510E-04
    29450.00  0.6868960E-04   0.1939763E-05   0.7062936E-04
    29550.00  0.6794800E-04   0.1931112E-05   0.6987911E-04
    29650.00  0.6723191E-04   0.1922525E-05   0.6915443E-04
    29750.00  0.6641633E-04   0.1913808E-05   0.6833014E-04
    29850.00  0.6561631E-04   0.1905345E-05   0.6752165E-04
    29950.00  0.6481191E-04   0.1896942E-05   0.6670885E-04
    30050.00  0.6400332E-04   0.1888600E-05   0.6589192E-04
    30150.00  0.6331100E-04   0.1880318E-05   0.6519132E-04
    30250.00  0.6250878E-04   0.1872094E-05   0.6438087E-04
    30350.00  0.6110662E-04   0.1863930E-05   0.6297055E-04
    30450.00  0.6091257E-04   0.1855823E-05   0.6276839E-04
    30550.00  0.6023359E-04   0.1847774E-05   0.6208136E-04
    30650.00  0.5948779E-04   0.1839782E-05   0.6132757E-04
    30750.00  0.5889384E-04   0.1831846E-05   0.6072569E-04
    30850.00  0.5810014E-04   0.1823966E-05   0.5992411E-04
    30950.00  0.5739922E-04   0.1816141E-05   0.5921536E-04
    31050.00  0.5683020E-04   0.1808372E-05   0.5863857E-04
    31150.00  0.5587337E-04   0.1800656E-05   0.5767403E-04
    31250.00  0.5543001E-04   0.1792994E-05   0.5722300E-04
    31350.00  0.5480404E-04   0.1785297E-05   0.5658934E-04
    31450.00  0.5415716E-04   0.1777741E-05   0.5593490E-04
    31550.00  0.5340746E-04   0.1770236E-05   0.5517770E-04
    31650.00  0.5286811E-04   0.1762783E-05   0.5463089E-04
    31750.00  0.5228982E-04   0.1755382E-05   0.5404520E-04
    31850.00  0.5168010E-04   0.1748031E-05   0.5342813E-04
    31950.00  0.5112684E-04   0.1740731E-05   0.5286757E-04
    32100.00  0.5019583E-04   0.1728865E-05   0.5192470E-04
    32300.00  0.4905737E-04   0.1714578E-05   0.5077195E-04
    32500.00  0.4792744E-04   0.1700483E-05   0.4962792E-04
    32700.00  0.4682295E-04   0.1686578E-05   0.4850953E-04
    32900.00  0.4548270E-04   0.1559039E-05   0.4704174E-04
    33100.00  0.4467271E-04   0.1546143E-05   0.4621885E-04
    33300.00  0.4365954E-04   0.1533861E-05   0.4519340E-04
    33500.00  0.4276161E-04   0.1521741E-05   0.4428335E-04
    33700.00  0.4177254E-04   0.1509780E-05   0.4328232E-04
    33900.00  0.4079285E-04   0.1497973E-05   0.4229082E-04
    34100.00  0.3988034E-04   0.1486320E-05   0.4136666E-04
    34300.00  0.3910578E-04   0.1474817E-05   0.4058060E-04
    34500.00  0.3828039E-04   0.1463461E-05   0.3974385E-04
    34700.00  0.3744393E-04   0.1452251E-05   0.3889618E-04
    34900.00  0.3664268E-04   0.1441182E-05   0.3808386E-04
    35100.00  0.3587808E-04   0.1430254E-05   0.3730833E-04
    35300.00  0.3505569E-04   0.1419464E-05   0.3647515E-04
    35500.00  0.3435712E-04   0.1408808E-05   0.3576593E-04
    35700.00  0.3358002E-04   0.1398286E-05   0.3497831E-04
    35900.00  0.3293921E-04   0.1387894E-05   0.3432710E-04
    36100.00  0.3223729E-04   0.1377631E-05   0.3361492E-04
    36300.00  0.3164128E-04   0.1367494E-05   0.3300877E-04
    36500.00  0.3085314E-04   0.1357481E-05   0.3221062E-04
    36700.00  0.3028620E-04   0.1347591E-05   0.3163379E-04
    36900.00  0.2951952E-04   0.1337820E-05   0.3085734E-04
    37100.00  0.2898398E-04   0.1328168E-05   0.3031215E-04
    37300.00  0.2842779E-04   0.1318632E-05   0.2974642E-04
    37500.00  0.2761237E-04   0.1309210E-05   0.2892158E-04
    37700.00  0.2734159E-04   0.1299901E-05   0.2864149E-04
    37900.00  0.2679940E-04   0.1290702E-05   0.2809010E-04
    38100.00  0.2623681E-04   0.1281612E-05   0.2751842E-04
    38300.00  0.2577233E-04   0.1272629E-05   0.2704496E-04
    38500.00  0.2530134E-04   0.1263751E-05   0.2656509E-04
    38700.00  0.2477915E-04   0.1244689E-05   0.2602384E-04
    38900.00  0.2429426E-04   0.1236104E-05   0.2553036E-04
    39100.00  0.2376779E-04   0.1227618E-05   0.2499541E-04
    39300.00  0.2340020E-04   0.1219231E-05   0.2461943E-04
    39500.00  0.2290700E-04   0.1210939E-05   0.2411794E-04
    39700.00  0.2250150E-04   0.1202742E-05   0.2370424E-04
    39900.00  0.2199501E-04   0.1194638E-05   0.2318965E-04
    40100.00  0.2159840E-04   0.1186626E-05   0.2278503E-04
    40300.00  0.2119771E-04   0.1178705E-05   0.2237641E-04
    40500.00  0.2070811E-04   0.1170872E-05   0.2187898E-04
    40700.00  0.2045149E-04   0.1163127E-05   0.2161462E-04
    40900.00  0.2008026E-04   0.1155469E-05   0.2123573E-04
    41100.00  0.1972770E-04   0.1147850E-05   0.2087555E-04
    41300.00  0.1936957E-04   0.1140360E-05   0.2050993E-04
    41500.00  0.1899439E-04   0.1132952E-05   0.2012734E-04
    41700.00  0.1858422E-04   0.1125626E-05   0.1970985E-04
    41900.00  0.1830517E-04   0.1118379E-05   0.1942355E-04
    42100.00  0.1793902E-04   0.1111212E-05   0.1905023E-04
    42300.00  0.1768896E-04   0.1104121E-05   0.1879308E-04
    42500.00  0.1733069E-04   0.1097108E-05   0.1842780E-04
    42700.00  0.1704883E-04   0.1090169E-05   0.1813900E-04
    42900.00  0.1606580E-04   0.1083305E-05   0.1714911E-04
    43100.00  0.1531725E-04   0.1076491E-05   0.1639374E-04
    43300.00  0.1551355E-04   0.1069773E-05   0.1658332E-04
    43500.00  0.1457252E-04   0.1063125E-05   0.1563565E-04
    43700.00  0.1424939E-04   0.1056548E-05   0.1530594E-04
    43900.00  0.1404930E-04   0.1049775E-05   0.1509908E-04
    44100.00  0.1308802E-04   0.1043337E-05   0.1413136E-04
    44300.00  0.1313609E-04   0.1036967E-05   0.1417306E-04
    44500.00  0.1277707E-04   0.1030662E-05   0.1380773E-04
    44700.00  0.1204109E-04   0.1015592E-05   0.1305668E-04
    44900.00  0.1230498E-04   0.9792913E-06   0.1328427E-04
    45100.00  0.1193080E-04   0.9734719E-06   0.1290427E-04
    45300.00  0.1135412E-04   0.9677115E-06   0.1232183E-04
    45500.00  0.1145074E-04   0.9620093E-06   0.1241275E-04
    45700.00  0.1129060E-04   0.9563647E-06   0.1224696E-04
    45900.00  0.1065728E-04   0.9507766E-06   0.1160806E-04
    46100.00  0.1088774E-04   0.9452445E-06   0.1183298E-04
    46300.00  0.1058109E-04   0.9397674E-06   0.1152086E-04
    46500.00  0.1041512E-04   0.9343447E-06   0.1134946E-04
    46700.00  0.1030685E-04   0.9289756E-06   0.1123583E-04
    46900.00  0.1017222E-04   0.9236594E-06   0.1109588E-04
    47100.00  0.9916050E-05   0.9183953E-06   0.1083445E-04
    47300.00  0.9998229E-05   0.9131827E-06   0.1091141E-04
    47500.00  0.9775097E-05   0.9080208E-06   0.1068312E-04
    47700.00  0.9642639E-05   0.9029091E-06   0.1054555E-04
    47900.00  0.9472839E-05   0.8978467E-06   0.1037069E-04
    48100.00  0.9255407E-05   0.8928330E-06   0.1014824E-04
    48300.00  0.9357651E-05   0.8878675E-06   0.1024552E-04
    48500.00  0.9144162E-05   0.8829494E-06   0.1002711E-04
    48700.00  0.8948302E-05   0.8780782E-06   0.9826380E-05
    48900.00  0.8904779E-05   0.8732532E-06   0.9778032E-05
    49100.00  0.8699416E-05   0.8684738E-06   0.9567890E-05
    49300.00  0.8610766E-05   0.8637395E-06   0.9474505E-05
    49500.00  0.8482813E-05   0.8590495E-06   0.9341863E-05
    49700.00  0.8419956E-05   0.8544035E-06   0.9274359E-05
    49900.00  0.8261138E-05   0.8498007E-06   0.9110939E-05
    50100.00  0.8227394E-05   0.8452407E-06   0.9072635E-05
    50300.00  0.8106611E-05   0.8407228E-06   0.8947334E-05
    50500.00  0.7901138E-05   0.8362466E-06   0.8737385E-05
    50700.00  0.7822507E-05   0.8318116E-06   0.8654319E-05
    50900.00  0.7752095E-05   0.8274171E-06   0.8579512E-05
    51100.00  0.7602889E-05   0.8230627E-06   0.8425952E-05
    51300.00  0.7496135E-05   0.8187479E-06   0.8314883E-05
    51500.00  0.7415716E-05   0.8106798E-06   0.8226396E-05
    51700.00  0.7429433E-05   0.8064681E-06   0.8235901E-05
    51900.00  0.7258598E-05   0.8022942E-06   0.8060892E-05
    52100.00  0.7138402E-05   0.7981577E-06   0.7936560E-05
    52300.00  0.7060377E-05   0.7940581E-06   0.7854435E-05
    52500.00  0.7015433E-05   0.7899950E-06   0.7805428E-05
    52700.00  0.7019849E-05   0.7859679E-06   0.7805817E-05
    52900.00  0.6795368E-05   0.7819764E-06   0.7577344E-05
    53100.00  0.6700866E-05   0.7780200E-06   0.7478886E-05
    53300.00  0.6663612E-05   0.7740984E-06   0.7437710E-05
    53500.00  0.6581624E-05   0.7702110E-06   0.7351835E-05
    53700.00  0.6508206E-05   0.7663575E-06   0.7274564E-05
    53900.00  0.6443567E-05   0.7625375E-06   0.7206104E-05
    54100.00  0.6363320E-05   0.7587505E-06   0.7122071E-05
    54300.00  0.6243296E-05   0.7549832E-06   0.6998279E-05
    54500.00  0.6227240E-05   0.7512611E-06   0.6978501E-05
    54700.00  0.6117818E-05   0.7475710E-06   0.6865389E-05
    54900.00  0.6060191E-05   0.7439124E-06   0.6804103E-05
    55100.00  0.5961942E-05   0.7402849E-06   0.6702227E-05
    55300.00  0.6005385E-05   0.7366882E-06   0.6742073E-05
    55500.00  0.5819505E-05   0.7331218E-06   0.6552627E-05
    55700.00  0.5835810E-05   0.7295856E-06   0.6565396E-05
    55900.00  0.5720293E-05   0.7260790E-06   0.6446372E-05
    56100.00  0.5691418E-05   0.7226018E-06   0.6414020E-05
    56300.00  0.5572441E-05   0.7191537E-06   0.6291595E-05
    56500.00  0.5562398E-05   0.7157285E-06   0.6278126E-05
    56700.00  0.5487225E-05   0.7123375E-06   0.6199563E-05
    56900.00  0.5377881E-05   0.7089746E-06   0.6086856E-05
    57100.00  0.5371328E-05   0.7056394E-06   0.6076967E-05
    57300.00  0.5309157E-05   0.7023316E-06   0.6011489E-05
    57500.00  0.5245645E-05   0.6989683E-06   0.5944613E-05
    57700.00  0.5171469E-05   0.6957147E-06   0.5867184E-05
    57900.00  0.5146050E-05   0.6924876E-06   0.5838538E-05
    58100.00  0.5064876E-05   0.6892866E-06   0.5754163E-05
    58300.00  0.5010746E-05   0.6861115E-06   0.5696857E-05
    58500.00  0.4958764E-05   0.6675618E-06   0.5626326E-05
    58700.00  0.4878289E-05   0.6644922E-06   0.5542781E-05
    58900.00  0.4834003E-05   0.6614845E-06   0.5495488E-05
    59100.00  0.4768289E-05   0.6585008E-06   0.5426790E-05
    59300.00  0.4736418E-05   0.6555407E-06   0.5391959E-05
    59500.00  0.4668926E-05   0.6526039E-06   0.5321530E-05
    59700.00  0.4636606E-05   0.6496903E-06   0.5286296E-05
    59900.00  0.4582670E-05   0.6467996E-06   0.5229470E-05
    60100.00  0.4534683E-05   0.6439315E-06   0.5178615E-05
    60300.00  0.4480624E-05   0.6410858E-06   0.5121710E-05
    60500.00  0.4411615E-05   0.6382622E-06   0.5049877E-05
    60700.00  0.4368349E-05   0.6354605E-06   0.5003809E-05
    60900.00  0.4317487E-05   0.6326804E-06   0.4950167E-05
    61100.00  0.4260935E-05   0.6299218E-06   0.4890857E-05
    61300.00  0.4223856E-05   0.6271843E-06   0.4851040E-05
    61500.00  0.4181091E-05   0.6244679E-06   0.4805559E-05
    61700.00  0.4148684E-05   0.6217721E-06   0.4770456E-05
    61900.00  0.4098548E-05   0.6190969E-06   0.4717645E-05
    62100.00  0.4060761E-05   0.6164420E-06   0.4677203E-05
    62300.00  0.4004517E-05   0.6138071E-06   0.4618324E-05
    62500.00  0.3948275E-05   0.6111922E-06   0.4559467E-05
    62700.00  0.3908405E-05   0.6085969E-06   0.4517002E-05
    62900.00  0.3865381E-05   0.6060210E-06   0.4471402E-05
    63100.00  0.3822282E-05   0.6034644E-06   0.4425746E-05
    63300.00  0.3793448E-05   0.6009269E-06   0.4394375E-05
    63500.00  0.3743420E-05   0.5984082E-06   0.4341828E-05
    63700.00  0.3718108E-05   0.5959081E-06   0.4314016E-05
    63900.00  0.3657223E-05   0.5934266E-06   0.4250650E-05
    64200.00  0.3607165E-05   0.5897384E-06   0.4196903E-05
    64600.00  0.3524442E-05   0.5848838E-06   0.4109326E-05
    65000.00  0.3451692E-05   0.5800996E-06   0.4031792E-05
    65400.00  0.3374436E-05   0.5753846E-06   0.3949821E-05
    65800.00  0.3308104E-05   0.5707372E-06   0.3878841E-05
    66200.00  0.3233330E-05   0.5645775E-06   0.3797908E-05
    66600.00  0.3165350E-05   0.5600785E-06   0.3725429E-05
    67000.00  0.3101174E-05   0.5556430E-06   0.3656817E-05
    67400.00  0.3032436E-05   0.5512696E-06   0.3583706E-05
    67800.00  0.2969036E-05   0.5469573E-06   0.3515993E-05
    68200.00  0.2906898E-05   0.5427047E-06   0.3449603E-05
    68600.00  0.2848391E-05   0.5385108E-06   0.3386902E-05
    69000.00  0.2786503E-05   0.5343743E-06   0.3320877E-05
    69400.00  0.2729212E-05   0.5302903E-06   0.3259502E-05
    69800.00  0.2673089E-05   0.5262656E-06   0.3199355E-05
    70200.00  0.2617287E-05   0.5222951E-06   0.3139582E-05
    70600.00  0.2565117E-05   0.5183779E-06   0.3083495E-05
    71000.00  0.2511785E-05   0.5145130E-06   0.3026298E-05
    71400.00  0.2461772E-05   0.5106993E-06   0.2972471E-05
    71800.00  0.2410878E-05   0.5069333E-06   0.2917811E-05
    72200.00  0.2362706E-05   0.5032193E-06   0.2865925E-05
    72600.00  0.2314850E-05   0.4995538E-06   0.2814404E-05
    73000.00  0.2269126E-05   0.4959061E-06   0.2765032E-05
    73400.00  0.2223589E-05   0.4923359E-06   0.2715925E-05
    73800.00  0.2180103E-05   0.4888115E-06   0.2668915E-05
    74200.00  0.2136089E-05   0.4785635E-06   0.2614653E-05
    74600.00  0.2088802E-05   0.4751942E-06   0.2563996E-05
    75000.00  0.2049187E-05   0.4718674E-06   0.2521054E-05
    75400.00  0.2013325E-05   0.4685823E-06   0.2481907E-05
    75800.00  0.1975230E-05   0.4653383E-06   0.2440568E-05
    76200.00  0.1937196E-05   0.4621345E-06   0.2399331E-05
    76600.00  0.1900238E-05   0.4589703E-06   0.2359208E-05
    77000.00  0.1863583E-05   0.4558450E-06   0.2319428E-05
    77400.00  0.1828546E-05   0.4527580E-06   0.2281304E-05
    77800.00  0.1794219E-05   0.4497085E-06   0.2243927E-05
    78200.00  0.1760288E-05   0.4466959E-06   0.2206984E-05
    78600.00  0.1727402E-05   0.4437196E-06   0.2171122E-05
    79000.00  0.1695242E-05   0.4407790E-06   0.2136021E-05
    79400.00  0.1663719E-05   0.4378735E-06   0.2101593E-05
    79800.00  0.1633015E-05   0.4350025E-06   0.2068017E-05
    80200.00  0.1602785E-05   0.4321654E-06   0.2034950E-05
    80600.00  0.1573443E-05   0.4293616E-06   0.2002805E-05
    81000.00  0.1545034E-05   0.4265906E-06   0.1971625E-05
    81400.00  0.1516657E-05   0.4238519E-06   0.1940509E-05
    81800.00  0.1489481E-05   0.4211449E-06   0.1910626E-05
    82200.00  0.1462971E-05   0.4184691E-06   0.1881440E-05
    82600.00  0.1436658E-05   0.4150971E-06   0.1851755E-05
    83000.00  0.1411331E-05   0.4124886E-06   0.1823820E-05
    83400.00  0.1385723E-05   0.4099097E-06   0.1795633E-05
    83800.00  0.1361431E-05   0.4073599E-06   0.1768791E-05
    84200.00  0.1337756E-05   0.4048389E-06   0.1742595E-05
    84600.00  0.1314175E-05   0.4023461E-06   0.1716521E-05
    85000.00  0.1291250E-05   0.3998810E-06   0.1691131E-05
    85400.00  0.1268818E-05   0.3974434E-06   0.1666261E-05
    85800.00  0.1246685E-05   0.3950326E-06   0.1641718E-05
    86200.00  0.1225315E-05   0.3926473E-06   0.1617962E-05
    86600.00  0.1204063E-05   0.3902892E-06   0.1594352E-05
    87000.00  0.1183602E-05   0.3879568E-06   0.1571559E-05
    87400.00  0.1163322E-05   0.3856497E-06   0.1548972E-05
    87800.00  0.1143375E-05   0.3833675E-06   0.1526743E-05
    88200.00  0.1123677E-05   0.3811099E-06   0.1504787E-05
    88600.00  0.1104822E-05   0.3788763E-06   0.1483698E-05
    89000.00  0.1086043E-05   0.3766657E-06   0.1462709E-05
    89400.00  0.1068038E-05   0.3744792E-06   0.1442517E-05
    89800.00  0.1049803E-05   0.3723158E-06   0.1422119E-05
    90200.00  0.1032600E-05   0.3701635E-06   0.1402763E-05
    90600.00  0.1015599E-05   0.3680452E-06   0.1383644E-05
    91000.00  0.9981730E-06   0.3659491E-06   0.1364122E-05
    91400.00  0.9819695E-06   0.3606219E-06   0.1342591E-05
    91800.00  0.9657631E-06   0.3585896E-06   0.1324353E-05
    92200.00  0.9500366E-06   0.3565840E-06   0.1306621E-05
    92600.00  0.9344830E-06   0.3545989E-06   0.1289082E-05
    93000.00  0.9190345E-06   0.3526339E-06   0.1271668E-05
    93400.00  0.9039636E-06   0.3506889E-06   0.1254652E-05
    93800.00  0.8892849E-06   0.3487635E-06   0.1238048E-05
    94200.00  0.8748314E-06   0.3468574E-06   0.1221689E-05
    94600.00  0.8606341E-06   0.3449703E-06   0.1205604E-05
    95000.00  0.8466307E-06   0.3431021E-06   0.1189733E-05
    95400.00  0.8328464E-06   0.3412523E-06   0.1174099E-05
    95800.00  0.8194601E-06   0.3394209E-06   0.1158881E-05
    96200.00  0.8061956E-06   0.3376074E-06   0.1143803E-05
    96600.00  0.7933943E-06   0.3358117E-06   0.1129206E-05
    97000.00  0.7805422E-06   0.3340335E-06   0.1114576E-05
    97400.00  0.7676006E-06   0.3322725E-06   0.1099873E-05
    97800.00  0.7556300E-06   0.3305286E-06   0.1086159E-05
    98200.00  0.7433960E-06   0.3288014E-06   0.1072197E-05
    98600.00  0.7316210E-06   0.3270909E-06   0.1058712E-05
    99000.00  0.7199849E-06   0.3253966E-06   0.1045382E-05
    99400.00  0.7083260E-06   0.3237185E-06   0.1032044E-05
    99800.00  0.6971597E-06   0.3220563E-06   0.1019216E-05
   100200.00  0.6860278E-06   0.8098195E-07   0.7670097E-06
   200000.00  0.4246864E-07   0.2032655E-07   0.6279519E-07
   400000.00  0.2724792E-08   0.5081637E-08   0.7806429E-08
   600000.00  0.4934819E-09   0.2258506E-08   0.2751987E-08
   800000.00  0.1596390E-09   0.1270409E-08   0.1430048E-08
  1000000.00  0.6334842E-10   0.8130620E-09   0.8764104E-09
  1200000.00  0.3164572E-10   0.5646264E-09   0.5962721E-09
  1400000.00  0.1810248E-10   0.4148276E-09   0.4329300E-09
  1600000.00  0.1154139E-10   0.3176023E-09   0.3291437E-09
