       91.00  0.1613182E-29   0.0000000E+00   0.1613182E-29
       94.00  0.1613182E-29   0.0000000E+00   0.1613182E-29
       96.00  0.1613182E-29   0.0000000E+00   0.1613182E-29
       98.00  0.1613182E-29   0.0000000E+00   0.1613182E-29
      100.00  0.1613182E-29   0.0000000E+00   0.1613182E-29
      102.00  0.1613182E-29   0.0000000E+00   0.1613182E-29
      104.00  0.1613182E-29   0.0000000E+00   0.1613182E-29
      106.00  0.1613182E-29   0.0000000E+00   0.1613182E-29
      108.00  0.1613182E-29   0.0000000E+00   0.1613182E-29
      110.00  0.1613182E-29   0.0000000E+00   0.1613182E-29
      114.00  0.1613182E-29   0.0000000E+00   0.1613182E-29
      118.00  0.1613182E-29   0.0000000E+00   0.1613182E-29
      121.00  0.1613182E-29   0.0000000E+00   0.1613182E-29
      125.00  0.1613182E-29   0.0000000E+00   0.1613182E-29
      127.00  0.1613182E-29   0.0000000E+00   0.1613182E-29
      128.00  0.1613182E-29   0.0000000E+00   0.1613182E-29
      131.00  0.1613182E-29   0.0000000E+00   0.1613182E-29
      132.00  0.1613182E-29   0.0000000E+00   0.1613182E-29
      134.00  0.1613182E-29   0.0000000E+00   0.1613182E-29
      137.00  0.1613182E-29   0.0000000E+00   0.1613182E-29
      140.00  0.1613182E-29   0.0000000E+00   0.1613182E-29
      143.00  0.1613182E-29   0.0000000E+00   0.1613182E-29
      147.00  0.1613182E-29   0.0000000E+00   0.1613182E-29
      151.00  0.1613182E-29   0.0000000E+00   0.1613182E-29
      155.00  0.1613182E-29   0.0000000E+00   0.1613182E-29
      159.00  0.1613182E-29   0.0000000E+00   0.1613182E-29
      162.00  0.1613182E-29   0.0000000E+00   0.1613182E-29
      166.00  0.1613182E-29   0.0000000E+00   0.1613182E-29
      170.00  0.1613182E-29   0.0000000E+00   0.1613182E-29
      173.00  0.1613182E-29   0.0000000E+00   0.1613182E-29
      177.00  0.1613182E-29   0.0000000E+00   0.1613182E-29
      180.00  0.1613182E-29   0.0000000E+00   0.1613182E-29
      182.00  0.1613182E-29   0.0000000E+00   0.1613182E-29
      186.00  0.1613182E-29   0.0000000E+00   0.1613182E-29
      191.00  0.1613182E-29   0.0000000E+00   0.1613182E-29
      194.00  0.1613182E-29   0.0000000E+00   0.1613182E-29
      198.00  0.1613182E-29   0.0000000E+00   0.1613182E-29
      202.00  0.1613182E-29   0.0000000E+00   0.1613182E-29
      205.00  0.1613182E-29   0.0000000E+00   0.1613182E-29
      210.00  0.1613182E-29   0.0000000E+00   0.1613182E-29
      216.00  0.1613182E-29   0.0000000E+00   0.1613182E-29
      220.00  0.1613182E-29   0.0000000E+00   0.1613182E-29
      223.00  0.1613182E-29   0.0000000E+00   0.1613182E-29
      227.00  0.1613182E-29   0.0000000E+00   0.1613182E-29
      228.00  0.1613182E-29   0.0000000E+00   0.1613182E-29
      228.00  0.4768350E-17   0.0000000E+00   0.4768350E-17
      230.00  0.5147889E-15   0.0000000E+00   0.5147889E-15
      234.00  0.1534830E-14   0.0000000E+00   0.1534830E-14
      240.00  0.6455012E-14   0.0000000E+00   0.6455012E-14
      246.00  0.2521077E-13   0.0000000E+00   0.2521077E-13
      252.00  0.4822310E-13   0.0000000E+00   0.4822310E-13
      257.00  0.1280203E-12   0.0000000E+00   0.1280203E-12
      260.00  0.5173667E-12   0.0000000E+00   0.5173667E-12
      264.00  0.9337741E-12   0.0000000E+00   0.9337741E-12
      269.00  0.1283653E-11   0.0000000E+00   0.1283653E-11
      274.00  0.1448159E-10   0.0000000E+00   0.1448159E-10
      279.00  0.4985227E-11   0.0000000E+00   0.4985227E-11
      284.00  0.8088963E-09   0.0000000E+00   0.8088963E-09
      290.00  0.8982810E-09   0.0000000E+00   0.8982810E-09
      296.00  0.1008242E-08   0.0000000E+00   0.1008242E-08
      301.00  0.1615033E-08   0.0000000E+00   0.1615033E-08
      308.00  0.1689053E-08   0.0000000E+00   0.1689053E-08
      318.00  0.9321581E-08   0.0000000E+00   0.9321581E-08
      328.00  0.2874962E-08   0.0000000E+00   0.2874962E-08
      338.00  0.5562095E-07   0.0000000E+00   0.5562095E-07
      348.00  0.1293250E-06   0.0000000E+00   0.1293250E-06
      353.30  0.1768855E-06   0.0000000E+00   0.1768855E-06
      353.30  0.6764850E-06   0.0000000E+00   0.6764850E-06
      357.00  0.8463927E-08   0.0000000E+00   0.8463927E-08
      366.00  0.1344506E-05   0.0000000E+00   0.1344506E-05
      375.00  0.9058310E-06   0.0000000E+00   0.9058310E-06
      385.00  0.5662745E-06   0.0000000E+00   0.5662745E-06
      395.00  0.1404482E-05   0.0000000E+00   0.1404482E-05
      405.00  0.3100949E-05   0.0000000E+00   0.3100949E-05
      414.00  0.4044636E-05   0.0000000E+00   0.4044636E-05
      422.00  0.3769916E-05   0.0000000E+00   0.3769916E-05
      430.00  0.8038815E-05   0.0000000E+00   0.8038815E-05
      441.00  0.4405044E-05   0.0000000E+00   0.4405044E-05
      451.00  0.4849095E-05   0.0000000E+00   0.4849095E-05
      460.00  0.5786782E-05   0.0000000E+00   0.5786782E-05
      470.00  0.3040693E-04   0.0000000E+00   0.3040693E-04
      480.00  0.1283393E-04   0.0000000E+00   0.1283393E-04
      490.00  0.4894089E-05   0.0000000E+00   0.4894089E-05
      500.00  0.2561273E-04   0.0000000E+00   0.2561273E-04
      504.60  0.4192456E-04   0.0000000E+00   0.4192456E-04
      504.60  0.1815867E-04   0.0000000E+00   0.1815867E-04
      506.00  0.1412155E-05   0.0000000E+00   0.1412155E-05
      512.00  0.3490518E-04   0.0000000E+00   0.3490518E-04
      520.00  0.2731384E-04   0.0000000E+00   0.2731384E-04
      530.00  0.2762604E-04   0.0000000E+00   0.2762604E-04
      540.00  0.1037961E-03   0.0000000E+00   0.1037961E-03
      550.00  0.4038257E-04   0.0000000E+00   0.4038257E-04
      560.00  0.6876441E-04   0.0000000E+00   0.6876441E-04
      570.00  0.7606473E-04   0.0000000E+00   0.7606473E-04
      580.00  0.7974751E-04   0.0000000E+00   0.7974751E-04
      590.00  0.1017390E-03   0.0000000E+00   0.1017390E-03
      600.00  0.1145954E-03   0.0000000E+00   0.1145954E-03
      610.00  0.1244970E-03   0.0000000E+00   0.1244970E-03
      620.00  0.1778165E-03   0.0000000E+00   0.1778165E-03
      630.00  0.1623503E-03   0.0000000E+00   0.1623503E-03
      640.00  0.1020863E-03   0.0000000E+00   0.1020863E-03
      650.00  0.2523890E-03   0.0000000E+00   0.2523890E-03
      658.00  0.3280176E-03   0.0000000E+00   0.3280176E-03
      665.00  0.2048966E-03   0.0000000E+00   0.2048966E-03
      675.00  0.3151313E-03   0.0000000E+00   0.3151313E-03
      685.00  0.2847482E-03   0.0000000E+00   0.2847482E-03
      695.00  0.4396034E-03   0.0000000E+00   0.4396034E-03
      705.00  0.4309003E-03   0.0000000E+00   0.4309003E-03
      716.00  0.2323325E-03   0.0000000E+00   0.2323325E-03
      726.00  0.3809616E-03   0.0000000E+00   0.3809616E-03
      735.00  0.4967400E-03   0.0000000E+00   0.4967400E-03
      745.00  0.4881684E-03   0.0000000E+00   0.4881684E-03
      755.00  0.8593687E-03   0.0000000E+00   0.8593687E-03
      765.00  0.9231586E-03   0.0000000E+00   0.9231586E-03
      775.00  0.7032431E-03   0.0000000E+00   0.7032431E-03
      785.00  0.5771236E-03   0.0000000E+00   0.5771236E-03
      795.00  0.7074099E-03   0.0000000E+00   0.7074099E-03
      805.00  0.8277691E-03   0.0000000E+00   0.8277691E-03
      815.00  0.9527196E-03   0.0000000E+00   0.9527196E-03
      825.00  0.9673785E-03   0.0000000E+00   0.9673785E-03
      835.00  0.5507412E-02   0.0000000E+00   0.5507412E-02
      845.00  0.1067266E-02   0.0000000E+00   0.1067266E-02
      855.00  0.9907211E-03   0.0000000E+00   0.9907211E-03
      865.00  0.1816592E-02   0.0000000E+00   0.1816592E-02
      875.00  0.1141521E-02   0.0000000E+00   0.1141521E-02
      885.00  0.1335124E-02   0.0000000E+00   0.1335124E-02
      895.00  0.1321188E-02   0.0000000E+00   0.1321188E-02
      905.00  0.1987328E-02   0.0000000E+00   0.1987328E-02
      912.40  0.2918108E-02   0.2490564E-15   0.2918108E-02
      912.40  0.7217163E-01   0.2490695E-15   0.7217163E-01
      915.00  0.7039087E-01   0.2853091E-15   0.7039087E-01
      925.00  0.6354174E-01   0.4774574E-15   0.6354174E-01
      935.00  0.5170758E-01   0.7900755E-15   0.5170758E-01
      945.00  0.4930013E-01   0.1293224E-14   0.4930013E-01
      955.00  0.5645466E-01   0.2094593E-14   0.5645466E-01
      965.00  0.5099304E-01   0.3358070E-14   0.5099304E-01
      975.00  0.1094756E-01   0.5330665E-14   0.1094756E-01
      985.00  0.3186415E-01   0.8381208E-14   0.3186415E-01
      995.00  0.4614719E-01   0.1305545E-13   0.4614719E-01
     1005.00  0.7850709E-01   0.2015389E-13   0.7850709E-01
     1015.00  0.7537605E-01   0.3084069E-13   0.7537605E-01
     1025.00  0.8211728E-01   0.4679502E-13   0.8211728E-01
     1035.00  0.4516089E-01   0.7041958E-13   0.4516089E-01
     1045.00  0.1011867E+00   0.1051257E-12   0.1011867E+00
     1055.00  0.1211263E+00   0.1557206E-12   0.1211263E+00
     1065.00  0.7236002E-01   0.2289290E-12   0.7236002E-01
     1075.00  0.1022429E+00   0.3340913E-12   0.1022429E+00
     1085.00  0.6555082E-01   0.4840923E-12   0.6555082E-01
     1095.00  0.1101592E+00   0.6965875E-12   0.1101592E+00
     1105.00  0.9773562E-01   0.9956118E-12   0.9773562E-01
     1115.00  0.9177201E-01   0.1413679E-11   0.9177201E-01
     1125.00  0.5769573E-01   0.1994505E-11   0.5769573E-01
     1135.00  0.1039445E+00   0.2796510E-11   0.1039445E+00
     1145.00  0.1016645E+00   0.3897323E-11   0.1016645E+00
     1155.00  0.6265041E-01   0.5399507E-11   0.6265041E-01
     1165.00  0.6041654E-01   0.7437824E-11   0.6041654E-01
     1175.00  0.4746058E-01   0.1018841E-10   0.4746058E-01
     1185.00  0.8006018E-01   0.1388024E-10   0.8006018E-01
     1195.00  0.8083767E-01   0.1880956E-10   0.8083767E-01
     1205.00  0.4755855E-01   0.2535763E-10   0.4755855E-01
     1215.00  0.6205556E-01   0.3401289E-10   0.6205556E-01
     1225.00  0.5374188E-01   0.8293063E-05   0.5375017E-01
     1235.00  0.9266836E-01   0.1581672E-04   0.9268418E-01
     1245.00  0.8235734E-01   0.2221001E-04   0.8237955E-01
     1255.00  0.7982219E-01   0.2766862E-04   0.7984986E-01
     1265.00  0.8725338E-01   0.3233761E-04   0.8728572E-01
     1275.00  0.9291793E-01   0.3633167E-04   0.9295426E-01
     1285.00  0.6505577E-01   0.3974441E-04   0.6509551E-01
     1295.00  0.4965830E-01   0.4265378E-04   0.4970095E-01
     1305.00  0.7266692E-01   0.4512548E-04   0.7271205E-01
     1315.00  0.6586839E-01   0.4721544E-04   0.6591561E-01
     1325.00  0.6406850E-01   0.4897161E-04   0.6411747E-01
     1335.00  0.8639887E-01   0.5043531E-04   0.8644931E-01
     1345.00  0.6507353E-01   0.5164235E-04   0.6512517E-01
     1355.00  0.7522131E-01   0.5262383E-04   0.7527393E-01
     1365.00  0.7121018E-01   0.5340691E-04   0.7126359E-01
     1375.00  0.6062128E-01   0.5401533E-04   0.6067530E-01
     1385.00  0.6707558E-01   0.5446991E-04   0.6713005E-01
     1395.00  0.5371628E-01   0.5478897E-04   0.5377107E-01
     1405.00  0.6495458E-01   0.5498864E-04   0.6500957E-01
     1415.00  0.4427880E-01   0.5508313E-04   0.4433388E-01
     1425.00  0.5159415E-01   0.5508504E-04   0.5164924E-01
     1435.00  0.6183153E-01   0.5500550E-04   0.6188654E-01
     1442.00  0.6424563E-01   0.5490670E-04   0.6430054E-01
     1447.00  0.6263220E-01   0.5481638E-04   0.6268702E-01
     1455.00  0.5769500E-01   0.5464052E-04   0.5774964E-01
     1465.00  0.4699148E-01   0.5437168E-04   0.4704585E-01
     1475.00  0.5841601E-01   0.5405482E-04   0.5847006E-01
     1485.00  0.4253193E-01   0.5369618E-04   0.4258563E-01
     1495.00  0.5727626E-01   0.5330131E-04   0.5732956E-01
     1505.00  0.5173649E-01   0.5287518E-04   0.5178937E-01
     1512.00  0.3929486E-01   0.5256072E-04   0.3934742E-01
     1517.00  0.4199800E-01   0.5232885E-04   0.4205033E-01
     1525.00  0.3172133E-01   0.5194664E-04   0.3177328E-01
     1535.00  0.3367865E-01   0.5145188E-04   0.3373010E-01
     1545.00  0.2802415E-01   0.5094131E-04   0.2807509E-01
     1555.00  0.4271520E-01   0.5041791E-04   0.4276562E-01
     1565.00  0.3213657E-01   0.4988444E-04   0.3218645E-01
     1575.00  0.4123892E-01   0.4934341E-04   0.4128826E-01
     1585.00  0.3491163E-01   0.4879715E-04   0.3496043E-01
     1595.00  0.4447151E-01   0.4824784E-04   0.4451976E-01
     1605.00  0.4713295E-01   0.4769751E-04   0.4718065E-01
     1615.00  0.4664873E-01   0.4714811E-04   0.4669588E-01
     1625.00  0.4508340E-01   0.4660149E-04   0.4513000E-01
     1635.00  0.4699693E-01   0.4605945E-04   0.4704299E-01
     1645.00  0.4669174E-01   0.4552377E-04   0.4673726E-01
     1655.00  0.4527085E-01   0.4499620E-04   0.4531585E-01
     1665.00  0.4648373E-01   0.4447851E-04   0.4652821E-01
     1672.00  0.4435501E-01   0.4412297E-04   0.4439913E-01
     1677.00  0.4673738E-01   0.4387287E-04   0.4678125E-01
     1685.00  0.4651322E-01   0.4348003E-04   0.4655670E-01
     1695.00  0.4409781E-01   0.4300301E-04   0.4414081E-01
     1705.00  0.4309244E-01   0.4254347E-04   0.4313498E-01
     1715.00  0.4076927E-01   0.4210354E-04   0.4081137E-01
     1725.00  0.4032018E-01   0.4168550E-04   0.4036187E-01
     1735.00  0.4167460E-01   0.4129178E-04   0.4171589E-01
     1745.00  0.4044260E-01   0.4092501E-04   0.4048353E-01
     1755.00  0.4101572E-01   0.4058802E-04   0.4105631E-01
     1765.00  0.3976608E-01   0.4028388E-04   0.3980636E-01
     1775.00  0.3814025E-01   0.4001593E-04   0.3818027E-01
     1785.00  0.3872392E-01   0.3978779E-04   0.3876371E-01
     1795.00  0.3971348E-01   0.3960328E-04   0.3975308E-01
     1805.00  0.3983826E-01   0.3946673E-04   0.3987773E-01
     1815.00  0.3592924E-01   0.3938286E-04   0.3596862E-01
     1825.00  0.3707546E-01   0.3935676E-04   0.3711482E-01
     1835.00  0.3583690E-01   0.3939399E-04   0.3587629E-01
     1845.00  0.3331196E-01   0.3950058E-04   0.3335146E-01
     1855.00  0.3287978E-01   0.3968312E-04   0.3291946E-01
     1865.00  0.3314786E-01   0.3994876E-04   0.3318781E-01
     1875.00  0.3501864E-01   0.4030528E-04   0.3505895E-01
     1885.00  0.3190543E-01   0.4076112E-04   0.3194619E-01
     1895.00  0.3014675E-01   0.4132544E-04   0.3018808E-01
     1905.00  0.3224446E-01   0.4200818E-04   0.3228647E-01
     1915.00  0.3011708E-01   0.4282008E-04   0.3015990E-01
     1925.00  0.2918684E-01   0.4377279E-04   0.2923061E-01
     1935.00  0.3049482E-01   0.4487887E-04   0.3053970E-01
     1945.00  0.3069599E-01   0.4615229E-04   0.3074214E-01
     1955.00  0.2841395E-01   0.4760799E-04   0.2846156E-01
     1967.00  0.3034179E-01   0.4961731E-04   0.3039141E-01
     1976.00  0.3091724E-01   0.5132896E-04   0.3096857E-01
     1984.00  0.2928970E-01   0.5300980E-04   0.2934271E-01
     1995.00  0.2862354E-01   0.5558518E-04   0.2867913E-01
     2005.00  0.2960916E-01   0.5821340E-04   0.2966737E-01
     2015.00  0.2881593E-01   0.6113837E-04   0.2887707E-01
     2025.00  0.2960863E-01   0.6438441E-04   0.2967301E-01
     2035.00  0.2743536E-01   0.6797722E-04   0.2750334E-01
     2045.00  0.2800941E-01   0.7194480E-04   0.2808135E-01
     2055.00  0.2708107E-01   0.2573703E-04   0.2710681E-01
     2065.00  0.2690967E-01   0.2539308E-04   0.2693506E-01
     2074.00  0.2826698E-01   0.2508846E-04   0.2829207E-01
     2078.00  0.2579326E-01   0.2495457E-04   0.2581821E-01
     2085.00  0.2702616E-01   0.2472245E-04   0.2705088E-01
     2095.00  0.2573667E-01   0.2439566E-04   0.2576107E-01
     2105.00  0.2619657E-01   0.2407448E-04   0.2622064E-01
     2115.00  0.2623973E-01   0.2375885E-04   0.2626349E-01
     2125.00  0.2623141E-01   0.2344874E-04   0.2625486E-01
     2135.00  0.2559497E-01   0.2314408E-04   0.2561811E-01
     2145.00  0.2468666E-01   0.2284483E-04   0.2470950E-01
     2155.00  0.2544995E-01   0.2255094E-04   0.2547250E-01
     2165.00  0.2527312E-01   0.2226238E-04   0.2529538E-01
     2175.00  0.2497220E-01   0.2197911E-04   0.2499418E-01
     2185.00  0.2404702E-01   0.2170108E-04   0.2406872E-01
     2195.00  0.2451363E-01   0.2142827E-04   0.2453506E-01
     2205.00  0.2424049E-01   0.2116064E-04   0.2426165E-01
     2215.00  0.2363389E-01   0.2089815E-04   0.2365479E-01
     2225.00  0.2299856E-01   0.2064079E-04   0.2301920E-01
     2235.00  0.2303317E-01   0.2038853E-04   0.2305356E-01
     2245.00  0.2292694E-01   0.2014134E-04   0.2294708E-01
     2255.00  0.2218353E-01   0.1989921E-04   0.2220343E-01
     2265.00  0.2247506E-01   0.1966213E-04   0.2249472E-01
     2275.00  0.2228314E-01   0.1943007E-04   0.2230257E-01
     2285.00  0.2230200E-01   0.1920305E-04   0.2232120E-01
     2295.00  0.2101698E-01   0.1898103E-04   0.2103596E-01
     2305.00  0.2144114E-01   0.1876404E-04   0.2145990E-01
     2315.00  0.2064427E-01   0.1855206E-04   0.2066282E-01
     2325.00  0.1786814E-01   0.1834511E-04   0.1788649E-01
     2335.00  0.1962232E-01   0.1814320E-04   0.1964046E-01
     2345.00  0.1967657E-01   0.1794633E-04   0.1969452E-01
     2355.00  0.1973154E-01   0.1775452E-04   0.1974929E-01
     2365.00  0.1934124E-01   0.1756780E-04   0.1935881E-01
     2375.00  0.1912668E-01   0.1738619E-04   0.1914407E-01
     2385.00  0.1878946E-01   0.1720971E-04   0.1880667E-01
     2395.00  0.1888890E-01   0.1703840E-04   0.1890594E-01
     2405.00  0.1833292E-01   0.1687230E-04   0.1834979E-01
     2415.00  0.1836647E-01   0.1671145E-04   0.1838318E-01
     2425.00  0.1837831E-01   0.1655590E-04   0.1839487E-01
     2435.00  0.1779244E-01   0.1640568E-04   0.1780885E-01
     2445.00  0.1801888E-01   0.1626086E-04   0.1803514E-01
     2455.00  0.1792925E-01   0.1612148E-04   0.1794537E-01
     2465.00  0.1758969E-01   0.1598762E-04   0.1760568E-01
     2475.00  0.1724504E-01   0.1585933E-04   0.1726090E-01
     2485.00  0.1715840E-01   0.1573668E-04   0.1717414E-01
     2495.00  0.1552248E-01   0.1561975E-04   0.1553810E-01
     2505.00  0.1675811E-01   0.1550862E-04   0.1677362E-01
     2513.00  0.1609114E-01   0.1542394E-04   0.1610656E-01
     2518.00  0.1661524E-01   0.1537295E-04   0.1663061E-01
     2525.00  0.1621510E-01   0.1530407E-04   0.1623040E-01
     2535.00  0.1607362E-01   0.1521085E-04   0.1608883E-01
     2545.00  0.1564086E-01   0.1512380E-04   0.1565598E-01
     2555.00  0.1588583E-01   0.1504301E-04   0.1590087E-01
     2565.00  0.1568338E-01   0.1496858E-04   0.1569835E-01
     2575.00  0.1582371E-01   0.1490063E-04   0.1583861E-01
     2585.00  0.1561438E-01   0.1483928E-04   0.1562922E-01
     2595.00  0.1545710E-01   0.1478463E-04   0.1547188E-01
     2605.00  0.1521945E-01   0.1343099E-04   0.1523288E-01
     2615.00  0.1504118E-01   0.1332149E-04   0.1505450E-01
     2625.00  0.1497442E-01   0.1321617E-04   0.1498764E-01
     2635.00  0.1490125E-01   0.1311507E-04   0.1491437E-01
     2645.00  0.1493923E-01   0.1301824E-04   0.1495225E-01
     2655.00  0.1487680E-01   0.1292574E-04   0.1488973E-01
     2665.00  0.1424902E-01   0.1283762E-04   0.1426186E-01
     2675.00  0.1439469E-01   0.1275394E-04   0.1440744E-01
     2685.00  0.1425644E-01   0.1267477E-04   0.1426911E-01
     2695.00  0.1385028E-01   0.1260018E-04   0.1386288E-01
     2705.00  0.1362225E-01   0.1253023E-04   0.1363478E-01
     2715.00  0.1353504E-01   0.1246501E-04   0.1354751E-01
     2725.00  0.1351208E-01   0.1240459E-04   0.1352448E-01
     2735.00  0.1352188E-01   0.1234904E-04   0.1353423E-01
     2745.00  0.1300714E-01   0.1229846E-04   0.1301944E-01
     2755.00  0.1294740E-01   0.1225294E-04   0.1295965E-01
     2765.00  0.1291154E-01   0.1221257E-04   0.1292375E-01
     2775.00  0.1302144E-01   0.1217743E-04   0.1303362E-01
     2785.00  0.1282994E-01   0.1214765E-04   0.1284209E-01
     2795.00  0.1220658E-01   0.1212331E-04   0.1221870E-01
     2805.00  0.1237160E-01   0.1210452E-04   0.1238370E-01
     2815.00  0.1254485E-01   0.1209140E-04   0.1255694E-01
     2825.00  0.1243003E-01   0.1208406E-04   0.1244211E-01
     2835.00  0.1193027E-01   0.1208262E-04   0.1194235E-01
     2845.00  0.1194714E-01   0.1208721E-04   0.1195923E-01
     2855.00  0.1181537E-01   0.1209790E-04   0.1182747E-01
     2865.00  0.1191339E-01   0.1211482E-04   0.1192550E-01
     2875.00  0.1175166E-01   0.1213814E-04   0.1176380E-01
     2885.00  0.1164559E-01   0.1216801E-04   0.1165776E-01
     2895.00  0.1146321E-01   0.1220455E-04   0.1147541E-01
     2910.00  0.1137335E-01   0.1227221E-04   0.1138562E-01
     2930.00  0.1117658E-01   0.1238720E-04   0.1118897E-01
     2950.00  0.1087468E-01   0.1253166E-04   0.1088721E-01
     2970.00  0.1073029E-01   0.1270691E-04   0.1074300E-01
     2990.00  0.1052907E-01   0.1291435E-04   0.1054198E-01
     3010.00  0.1023703E-01   0.1315542E-04   0.1025019E-01
     3030.00  0.1018356E-01   0.1343165E-04   0.1019699E-01
     3050.00  0.9999680E-02   0.1374462E-04   0.1001342E-01
     3070.00  0.9830458E-02   0.1409601E-04   0.9844554E-02
     3090.00  0.9561991E-02   0.1448751E-04   0.9576479E-02
     3110.00  0.9439258E-02   0.1492091E-04   0.9454179E-02
     3130.00  0.9236466E-02   0.1504113E-04   0.9251507E-02
     3150.00  0.9108332E-02   0.1553725E-04   0.9123869E-02
     3170.00  0.8885187E-02   0.1607948E-04   0.8901266E-02
     3190.00  0.8692059E-02   0.1666980E-04   0.8708729E-02
     3210.00  0.8597132E-02   0.1731027E-04   0.8614442E-02
     3230.00  0.8420622E-02   0.1800302E-04   0.8438625E-02
     3250.00  0.8299608E-02   0.1875022E-04   0.8318358E-02
     3270.00  0.8136226E-02   0.1955387E-04   0.8155780E-02
     3290.00  0.7993228E-02   0.2041629E-04   0.8013644E-02
     3310.00  0.7864388E-02   0.2133999E-04   0.7885728E-02
     3330.00  0.7707590E-02   0.2232736E-04   0.7729917E-02
     3350.00  0.7570617E-02   0.2338091E-04   0.7593998E-02
     3370.00  0.7432191E-02   0.2450316E-04   0.7456694E-02
     3390.00  0.7316148E-02   0.2569673E-04   0.7341845E-02
     3410.00  0.7198548E-02   0.2696425E-04   0.7225512E-02
     3430.00  0.7010034E-02   0.2542600E-04   0.7035460E-02
     3450.00  0.6928732E-02   0.2665820E-04   0.6955390E-02
     3470.00  0.6835514E-02   0.2796262E-04   0.6863477E-02
     3490.00  0.6717508E-02   0.2934179E-04   0.6746850E-02
     3510.00  0.6616595E-02   0.3079829E-04   0.6647393E-02
     3530.00  0.6523101E-02   0.3233516E-04   0.6555436E-02
     3550.00  0.6419758E-02   0.3395469E-04   0.6453713E-02
     3570.00  0.6310054E-02   0.3565959E-04   0.6345714E-02
     3590.00  0.6151280E-02   0.3745259E-04   0.6188733E-02
     3610.00  0.6052704E-02   0.3933647E-04   0.6092040E-02
     3630.00  0.5981524E-02   0.4131405E-04   0.6022838E-02
     3640.00  0.5961515E-02   0.4233888E-04   0.6003854E-02
     3650.00  0.6412534E-02   0.4977204E-05   0.6417511E-02
     3670.00  0.6289775E-02   0.4933175E-05   0.6294708E-02
     3690.00  0.5994120E-02   0.4328328E-05   0.5998448E-02
     3710.00  0.6020914E-02   0.4258047E-05   0.6025172E-02
     3730.00  0.5945402E-02   0.4189542E-05   0.5949592E-02
     3750.00  0.6320928E-02   0.4122774E-05   0.6325051E-02
     3770.00  0.6289651E-02   0.4057707E-05   0.6293709E-02
     3790.00  0.6504636E-02   0.3994304E-05   0.6508630E-02
     3810.00  0.6731389E-02   0.3932530E-05   0.6735322E-02
     3830.00  0.6072260E-02   0.3872354E-05   0.6076132E-02
     3850.00  0.6700646E-02   0.3813743E-05   0.6704460E-02
     3870.00  0.6700823E-02   0.3756665E-05   0.6704580E-02
     3890.00  0.5715317E-02   0.3701092E-05   0.5719018E-02
     3910.00  0.6619985E-02   0.3646994E-05   0.6623632E-02
     3930.00  0.6356438E-02   0.3594345E-05   0.6360032E-02
     3950.00  0.6360588E-02   0.3543116E-05   0.6364131E-02
     3970.00  0.5293366E-02   0.3493285E-05   0.5296859E-02
     3990.00  0.6171496E-02   0.3444828E-05   0.6174941E-02
     4010.00  0.6191284E-02   0.3397719E-05   0.6194682E-02
     4030.00  0.5984078E-02   0.3351934E-05   0.5987430E-02
     4050.00  0.6000238E-02   0.3307450E-05   0.6003545E-02
     4070.00  0.5786478E-02   0.3264247E-05   0.5789742E-02
     4090.00  0.5460026E-02   0.3222303E-05   0.5463248E-02
     4110.00  0.4946660E-02   0.3181599E-05   0.4949842E-02
     4130.00  0.5497316E-02   0.3142116E-05   0.5500458E-02
     4150.00  0.5495830E-02   0.3103834E-05   0.5498934E-02
     4170.00  0.5447255E-02   0.3066736E-05   0.5450322E-02
     4190.00  0.5393462E-02   0.3030806E-05   0.5396493E-02
     4210.00  0.5322624E-02   0.2996025E-05   0.5325620E-02
     4230.00  0.5196552E-02   0.2962379E-05   0.5199514E-02
     4250.00  0.5109775E-02   0.2929852E-05   0.5112705E-02
     4270.00  0.4959171E-02   0.2898428E-05   0.4962069E-02
     4290.00  0.4937912E-02   0.2868095E-05   0.4940780E-02
     4310.00  0.4791354E-02   0.2838837E-05   0.4794193E-02
     4330.00  0.4463586E-02   0.2810641E-05   0.4466397E-02
     4350.00  0.4178169E-02   0.2783496E-05   0.4180952E-02
     4370.00  0.4626901E-02   0.2757387E-05   0.4629658E-02
     4390.00  0.4576274E-02   0.2732304E-05   0.4579006E-02
     4410.00  0.4539606E-02   0.2708234E-05   0.4542314E-02
     4430.00  0.4481580E-02   0.2685167E-05   0.4484265E-02
     4450.00  0.4446146E-02   0.2663092E-05   0.4448809E-02
     4470.00  0.4314714E-02   0.2641998E-05   0.4317356E-02
     4490.00  0.4324146E-02   0.2621876E-05   0.4326768E-02
     4510.00  0.4321883E-02   0.2602715E-05   0.4324486E-02
     4530.00  0.4204178E-02   0.2584506E-05   0.4206763E-02
     4550.00  0.4157027E-02   0.2567241E-05   0.4159594E-02
     4570.00  0.4144107E-02   0.2550911E-05   0.4146658E-02
     4590.00  0.4048969E-02   0.2535507E-05   0.4051505E-02
     4610.00  0.3986355E-02   0.2521021E-05   0.3988876E-02
     4630.00  0.3913676E-02   0.2507446E-05   0.3916183E-02
     4650.00  0.3849911E-02   0.2494773E-05   0.3852406E-02
     4670.00  0.3838071E-02   0.2482995E-05   0.3840554E-02
     4690.00  0.3802433E-02   0.2472106E-05   0.3804905E-02
     4710.00  0.3676266E-02   0.2462098E-05   0.3678728E-02
     4730.00  0.3674449E-02   0.2452965E-05   0.3676902E-02
     4750.00  0.3637829E-02   0.2444701E-05   0.3640274E-02
     4770.00  0.3582934E-02   0.2437298E-05   0.3585371E-02
     4790.00  0.3538440E-02   0.2430752E-05   0.3540871E-02
     4810.00  0.3460458E-02   0.2425053E-05   0.3462883E-02
     4830.00  0.3422482E-02   0.2420196E-05   0.3424902E-02
     4850.00  0.3202972E-02   0.2416178E-05   0.3205388E-02
     4870.00  0.2933232E-02   0.2412993E-05   0.2935645E-02
     4890.00  0.3303741E-02   0.2410636E-05   0.3306152E-02
     4910.00  0.3293266E-02   0.2409101E-05   0.3295675E-02
     4930.00  0.3215233E-02   0.2408385E-05   0.3217641E-02
     4950.00  0.3188548E-02   0.2408481E-05   0.3190956E-02
     4970.00  0.3128988E-02   0.2409387E-05   0.3131397E-02
     4990.00  0.3075424E-02   0.2411096E-05   0.3077835E-02
     5010.00  0.2951390E-02   0.2413604E-05   0.2953804E-02
     5030.00  0.2997564E-02   0.2416907E-05   0.2999981E-02
     5050.00  0.2937368E-02   0.2421002E-05   0.2939789E-02
     5070.00  0.2951013E-02   0.2425885E-05   0.2953439E-02
     5090.00  0.2907020E-02   0.2431560E-05   0.2909452E-02
     5110.00  0.2882600E-02   0.2438014E-05   0.2885038E-02
     5130.00  0.2815864E-02   0.2445244E-05   0.2818309E-02
     5150.00  0.2775542E-02   0.2453244E-05   0.2777995E-02
     5170.00  0.2707181E-02   0.2462011E-05   0.2709643E-02
     5190.00  0.2683996E-02   0.2471542E-05   0.2686468E-02
     5210.00  0.2652834E-02   0.2481833E-05   0.2655316E-02
     5230.00  0.2686593E-02   0.2492880E-05   0.2689086E-02
     5250.00  0.2674352E-02   0.2504681E-05   0.2676857E-02
     5270.00  0.2604822E-02   0.2517230E-05   0.2607339E-02
     5290.00  0.2645957E-02   0.2530526E-05   0.2648488E-02
     5310.00  0.2632610E-02   0.2544564E-05   0.2635155E-02
     5330.00  0.2551778E-02   0.2559341E-05   0.2554337E-02
     5350.00  0.2561738E-02   0.2574854E-05   0.2564313E-02
     5370.00  0.2535337E-02   0.2591095E-05   0.2537928E-02
     5390.00  0.2503108E-02   0.2608051E-05   0.2505716E-02
     5410.00  0.2477047E-02   0.2625731E-05   0.2479673E-02
     5430.00  0.2448244E-02   0.2644132E-05   0.2450888E-02
     5450.00  0.2363956E-02   0.2663251E-05   0.2366619E-02
     5470.00  0.2336934E-02   0.2683085E-05   0.2339617E-02
     5490.00  0.2328158E-02   0.2703630E-05   0.2330862E-02
     5510.00  0.2293197E-02   0.2724883E-05   0.2295922E-02
     5530.00  0.2314530E-02   0.2746841E-05   0.2317277E-02
     5550.00  0.2302074E-02   0.2769501E-05   0.2304844E-02
     5570.00  0.2288491E-02   0.2792860E-05   0.2291284E-02
     5590.00  0.2266454E-02   0.2816914E-05   0.2269271E-02
     5610.00  0.2186891E-02   0.2841661E-05   0.2189733E-02
     5630.00  0.2179283E-02   0.2867097E-05   0.2182150E-02
     5650.00  0.2170479E-02   0.2893219E-05   0.2173372E-02
     5670.00  0.2140975E-02   0.2920024E-05   0.2143895E-02
     5690.00  0.2162258E-02   0.2947510E-05   0.2165206E-02
     5710.00  0.2123276E-02   0.1541536E-05   0.2124818E-02
     5730.00  0.2163731E-02   0.1540672E-05   0.2165272E-02
     5750.00  0.2105279E-02   0.1540116E-05   0.2106819E-02
     5770.00  0.2076497E-02   0.1539865E-05   0.2078037E-02
     5790.00  0.2050525E-02   0.1539915E-05   0.2052065E-02
     5810.00  0.2036460E-02   0.1540264E-05   0.2038000E-02
     5830.00  0.2042270E-02   0.1540909E-05   0.2043811E-02
     5850.00  0.2000183E-02   0.1541846E-05   0.2001725E-02
     5870.00  0.1923464E-02   0.1543072E-05   0.1925007E-02
     5890.00  0.1821565E-02   0.1544585E-05   0.1823110E-02
     5910.00  0.1885984E-02   0.1546382E-05   0.1887530E-02
     5930.00  0.1883141E-02   0.1548461E-05   0.1884689E-02
     5950.00  0.1862713E-02   0.1550817E-05   0.1864264E-02
     5970.00  0.1876681E-02   0.1553448E-05   0.1878234E-02
     5990.00  0.1846561E-02   0.1556353E-05   0.1848117E-02
     6010.00  0.1841364E-02   0.1559527E-05   0.1842924E-02
     6030.00  0.1862365E-02   0.1562969E-05   0.1863928E-02
     6050.00  0.1868266E-02   0.1566676E-05   0.1869833E-02
     6070.00  0.1870875E-02   0.1570645E-05   0.1872446E-02
     6090.00  0.1834588E-02   0.1574873E-05   0.1836163E-02
     6110.00  0.1821426E-02   0.1579358E-05   0.1823005E-02
     6130.00  0.1770145E-02   0.1584098E-05   0.1771729E-02
     6150.00  0.1747870E-02   0.1589090E-05   0.1749459E-02
     6170.00  0.1639378E-02   0.1594332E-05   0.1640972E-02
     6190.00  0.1644073E-02   0.1599821E-05   0.1645673E-02
     6210.00  0.1603454E-02   0.1605554E-05   0.1605060E-02
     6230.00  0.1565568E-02   0.1611530E-05   0.1567180E-02
     6250.00  0.1551504E-02   0.1617746E-05   0.1553122E-02
     6270.00  0.1566586E-02   0.1624200E-05   0.1568210E-02
     6290.00  0.1586975E-02   0.1630890E-05   0.1588606E-02
     6310.00  0.1576398E-02   0.1637812E-05   0.1578036E-02
     6330.00  0.1573739E-02   0.1644965E-05   0.1575384E-02
     6350.00  0.1553293E-02   0.1652347E-05   0.1554945E-02
     6370.00  0.1551446E-02   0.1659956E-05   0.1553106E-02
     6390.00  0.1551674E-02   0.1667788E-05   0.1553342E-02
     6410.00  0.1527913E-02   0.1675843E-05   0.1529589E-02
     6430.00  0.1523290E-02   0.1684117E-05   0.1524974E-02
     6450.00  0.1508818E-02   0.1692609E-05   0.1510511E-02
     6470.00  0.1499784E-02   0.1701317E-05   0.1501485E-02
     6490.00  0.1471936E-02   0.1710238E-05   0.1473646E-02
     6510.00  0.1498749E-02   0.1719371E-05   0.1500468E-02
     6530.00  0.1477502E-02   0.1728693E-05   0.1479231E-02
     6550.00  0.1423054E-02   0.1738216E-05   0.1424792E-02
     6570.00  0.1313894E-02   0.1747943E-05   0.1315642E-02
     6590.00  0.1427232E-02   0.1757871E-05   0.1428990E-02
     6610.00  0.1433955E-02   0.1767999E-05   0.1435723E-02
     6630.00  0.1414781E-02   0.1778325E-05   0.1416559E-02
     6650.00  0.1413701E-02   0.1768220E-05   0.1415469E-02
     6670.00  0.1357762E-02   0.1778727E-05   0.1359541E-02
     6690.00  0.1307145E-02   0.1789426E-05   0.1308934E-02
     6710.00  0.1262005E-02   0.1800315E-05   0.1263805E-02
     6730.00  0.1245420E-02   0.1811391E-05   0.1247231E-02
     6750.00  0.1232042E-02   0.1822653E-05   0.1233865E-02
     6770.00  0.1222415E-02   0.1834099E-05   0.1224249E-02
     6790.00  0.1202496E-02   0.1845727E-05   0.1204342E-02
     6810.00  0.1214677E-02   0.1857535E-05   0.1216535E-02
     6830.00  0.1222422E-02   0.1869521E-05   0.1224292E-02
     6850.00  0.1217316E-02   0.1881684E-05   0.1219198E-02
     6870.00  0.1226246E-02   0.1894021E-05   0.1228140E-02
     6890.00  0.1246639E-02   0.1906531E-05   0.1248546E-02
     6910.00  0.1268219E-02   0.1919212E-05   0.1270138E-02
     6930.00  0.1262760E-02   0.1932062E-05   0.1264692E-02
     6950.00  0.1293689E-02   0.1945078E-05   0.1295634E-02
     6970.00  0.1324594E-02   0.1958261E-05   0.1326552E-02
     6990.00  0.1335804E-02   0.1971607E-05   0.1337776E-02
     7010.00  0.1363965E-02   0.1985115E-05   0.1365950E-02
     7030.00  0.1377045E-02   0.1998785E-05   0.1379044E-02
     7050.00  0.1384548E-02   0.2012615E-05   0.1386561E-02
     7070.00  0.1324097E-02   0.2026600E-05   0.1326124E-02
     7090.00  0.1180582E-02   0.2040741E-05   0.1182623E-02
     7110.00  0.1078726E-02   0.2055034E-05   0.1080781E-02
     7130.00  0.1062059E-02   0.2069478E-05   0.1064128E-02
     7150.00  0.1047404E-02   0.2084072E-05   0.1049488E-02
     7170.00  0.1049503E-02   0.2098814E-05   0.1051602E-02
     7190.00  0.1046300E-02   0.2113702E-05   0.1048414E-02
     7210.00  0.1050739E-02   0.2128734E-05   0.1052868E-02
     7230.00  0.1075736E-02   0.2143909E-05   0.1077880E-02
     7250.00  0.1115402E-02   0.2159225E-05   0.1117561E-02
     7270.00  0.1152780E-02   0.2174680E-05   0.1154955E-02
     7290.00  0.1177646E-02   0.2190274E-05   0.1179836E-02
     7310.00  0.1247105E-02   0.2206003E-05   0.1249311E-02
     7330.00  0.1274429E-02   0.2221867E-05   0.1276651E-02
     7350.00  0.1326197E-02   0.2237864E-05   0.1328435E-02
     7370.00  0.1387320E-02   0.2253993E-05   0.1389574E-02
     7390.00  0.1401240E-02   0.2270251E-05   0.1403510E-02
     7410.00  0.1450829E-02   0.2286637E-05   0.1453116E-02
     7430.00  0.1480426E-02   0.2303150E-05   0.1482729E-02
     7450.00  0.1496920E-02   0.2311712E-05   0.1499232E-02
     7470.00  0.1535051E-02   0.2328405E-05   0.1537379E-02
     7490.00  0.1549036E-02   0.2345220E-05   0.1551381E-02
     7510.00  0.1583662E-02   0.2362156E-05   0.1586024E-02
     7530.00  0.1629622E-02   0.2379211E-05   0.1632001E-02
     7550.00  0.1637725E-02   0.2396384E-05   0.1640121E-02
     7570.00  0.1639127E-02   0.2413673E-05   0.1641541E-02
     7590.00  0.1617317E-02   0.2431076E-05   0.1619748E-02
     7610.00  0.1563349E-02   0.2448582E-05   0.1565798E-02
     7630.00  0.1397973E-02   0.2466190E-05   0.1400439E-02
     7650.00  0.1282022E-02   0.2483907E-05   0.1284506E-02
     7670.00  0.1216127E-02   0.2501731E-05   0.1218629E-02
     7690.00  0.1170517E-02   0.2519662E-05   0.1173037E-02
     7710.00  0.1168236E-02   0.2537697E-05   0.1170774E-02
     7730.00  0.1144201E-02   0.2555836E-05   0.1146757E-02
     7750.00  0.1156096E-02   0.2574077E-05   0.1158670E-02
     7770.00  0.1132863E-02   0.2592418E-05   0.1135455E-02
     7790.00  0.1201112E-02   0.2610858E-05   0.1203723E-02
     7810.00  0.1197286E-02   0.2629396E-05   0.1199915E-02
     7830.00  0.1175928E-02   0.2648030E-05   0.1178576E-02
     7850.00  0.1129763E-02   0.2666759E-05   0.1132430E-02
     7870.00  0.1204374E-02   0.2604364E-05   0.1206978E-02
     7890.00  0.1176928E-02   0.2622647E-05   0.1179551E-02
     7910.00  0.1167954E-02   0.2641020E-05   0.1170595E-02
     7930.00  0.1216547E-02   0.2659482E-05   0.1219206E-02
     7950.00  0.1238458E-02   0.2678032E-05   0.1241136E-02
     7970.00  0.1276965E-02   0.2696668E-05   0.1279662E-02
     7990.00  0.1323451E-02   0.2715389E-05   0.1326166E-02
     8010.00  0.1402741E-02   0.2734194E-05   0.1405475E-02
     8030.00  0.1401860E-02   0.2753081E-05   0.1404613E-02
     8050.00  0.1447124E-02   0.2772049E-05   0.1449896E-02
     8070.00  0.1492635E-02   0.2791098E-05   0.1495426E-02
     8090.00  0.1508409E-02   0.2810224E-05   0.1511219E-02
     8110.00  0.1554146E-02   0.2829428E-05   0.1556975E-02
     8130.00  0.1633676E-02   0.2848708E-05   0.1636525E-02
     8150.00  0.1668700E-02   0.2868063E-05   0.1671568E-02
     8170.00  0.1713342E-02   0.2887491E-05   0.1716229E-02
     8190.00  0.1713446E-02   0.2906991E-05   0.1716353E-02
     8210.00  0.1710254E-02   0.2434425E-05   0.1712688E-02
     8230.00  0.1761541E-02   0.5167098E-06   0.1762058E-02
     8250.00  0.1731310E-02   0.5161907E-06   0.1731826E-02
     8270.00  0.1759906E-02   0.5157009E-06   0.1760422E-02
     8290.00  0.1742292E-02   0.4947407E-06   0.1742787E-02
     8310.00  0.1649262E-02   0.4941591E-06   0.1649756E-02
     8330.00  0.1616282E-02   0.4936055E-06   0.1616776E-02
     8350.00  0.1630450E-02   0.4930798E-06   0.1630943E-02
     8370.00  0.1638140E-02   0.4925814E-06   0.1638633E-02
     8390.00  0.1581147E-02   0.4921099E-06   0.1581639E-02
     8410.00  0.1603404E-02   0.4916651E-06   0.1603896E-02
     8430.00  0.1363187E-02   0.4912466E-06   0.1363678E-02
     8450.00  0.1115356E-02   0.4908539E-06   0.1115847E-02
     8470.00  0.1179901E-02   0.4904868E-06   0.1180391E-02
     8490.00  0.1176777E-02   0.4901449E-06   0.1177267E-02
     8510.00  0.1138667E-02   0.4898279E-06   0.1139157E-02
     8530.00  0.1198443E-02   0.4895353E-06   0.1198933E-02
     8550.00  0.1123336E-02   0.4892670E-06   0.1123825E-02
     8570.00  0.1321537E-02   0.4890225E-06   0.1322026E-02
     8590.00  0.1352770E-02   0.4888014E-06   0.1353259E-02
     8610.00  0.1428186E-02   0.4886036E-06   0.1428675E-02
     8630.00  0.1512299E-02   0.4884287E-06   0.1512787E-02
     8650.00  0.1513357E-02   0.4882763E-06   0.1513845E-02
     8670.00  0.1303596E-02   0.4881461E-06   0.1304084E-02
     8690.00  0.1576808E-02   0.4880379E-06   0.1577296E-02
     8710.00  0.1691638E-02   0.4879513E-06   0.1692126E-02
     8730.00  0.1737482E-02   0.4878860E-06   0.1737970E-02
     8750.00  0.1707228E-02   0.4878418E-06   0.1707716E-02
     8770.00  0.1775245E-02   0.4878184E-06   0.1775733E-02
     8790.00  0.1833653E-02   0.4878153E-06   0.1834141E-02
     8810.00  0.1805621E-02   0.4878324E-06   0.1806109E-02
     8830.00  0.1828311E-02   0.4878694E-06   0.1828799E-02
     8850.00  0.1864149E-02   0.4879261E-06   0.1864637E-02
     8870.00  0.1785842E-02   0.4880020E-06   0.1786330E-02
     8890.00  0.1859610E-02   0.4880970E-06   0.1860098E-02
     8910.00  0.1902150E-02   0.4882107E-06   0.1902638E-02
     8930.00  0.1859569E-02   0.4883430E-06   0.1860057E-02
     8950.00  0.1870584E-02   0.4884936E-06   0.1871072E-02
     8970.00  0.1889834E-02   0.4886622E-06   0.1890323E-02
     8990.00  0.1908983E-02   0.4888485E-06   0.1909472E-02
     9010.00  0.1828210E-02   0.4890522E-06   0.1828699E-02
     9030.00  0.1895118E-02   0.4892733E-06   0.1895607E-02
     9050.00  0.1982842E-02   0.4895113E-06   0.1983332E-02
     9070.00  0.1992500E-02   0.4897661E-06   0.1992990E-02
     9090.00  0.1916816E-02   0.4900373E-06   0.1917306E-02
     9110.00  0.1936486E-02   0.4903249E-06   0.1936976E-02
     9130.00  0.1991730E-02   0.4906287E-06   0.1992221E-02
     9150.00  0.1963020E-02   0.4909483E-06   0.1963511E-02
     9170.00  0.1962468E-02   0.4912836E-06   0.1962959E-02
     9190.00  0.1989264E-02   0.4916342E-06   0.1989756E-02
     9210.00  0.1789382E-02   0.4919999E-06   0.1789874E-02
     9230.00  0.1672577E-02   0.4923806E-06   0.1673069E-02
     9250.00  0.1703055E-02   0.4927758E-06   0.1703548E-02
     9270.00  0.1685087E-02   0.4931856E-06   0.1685580E-02
     9290.00  0.1620675E-02   0.4936096E-06   0.1621169E-02
     9310.00  0.1660952E-02   0.4940476E-06   0.1661446E-02
     9330.00  0.1674158E-02   0.4944993E-06   0.1674652E-02
     9350.00  0.1641522E-02   0.4949649E-06   0.1642017E-02
     9370.00  0.1621691E-02   0.4954436E-06   0.1622186E-02
     9390.00  0.1694512E-02   0.4959357E-06   0.1695008E-02
     9410.00  0.1659772E-02   0.4964407E-06   0.1660268E-02
     9430.00  0.1696652E-02   0.4969587E-06   0.1697149E-02
     9450.00  0.1687311E-02   0.4974890E-06   0.1687808E-02
     9470.00  0.1753272E-02   0.4980318E-06   0.1753770E-02
     9490.00  0.1765406E-02   0.4985871E-06   0.1765905E-02
     9510.00  0.1752174E-02   0.4991541E-06   0.1752673E-02
     9530.00  0.1775167E-02   0.4997331E-06   0.1775667E-02
     9550.00  0.1719426E-02   0.5003238E-06   0.1719926E-02
     9570.00  0.1766282E-02   0.5009260E-06   0.1766783E-02
     9590.00  0.1838123E-02   0.5015395E-06   0.1838625E-02
     9610.00  0.1812358E-02   0.5021641E-06   0.1812860E-02
     9630.00  0.1845704E-02   0.5027995E-06   0.1846207E-02
     9650.00  0.1794092E-02   0.5034458E-06   0.1794595E-02
     9670.00  0.1798569E-02   0.5041029E-06   0.1799073E-02
     9690.00  0.1859884E-02   0.5047703E-06   0.1860389E-02
     9710.00  0.1829614E-02   0.5054480E-06   0.1830119E-02
     9730.00  0.1823764E-02   0.5061357E-06   0.1824270E-02
     9750.00  0.1821047E-02   0.5068332E-06   0.1821554E-02
     9770.00  0.1836328E-02   0.5075409E-06   0.1836836E-02
     9790.00  0.1805999E-02   0.5082578E-06   0.1806507E-02
     9810.00  0.1875328E-02   0.5089843E-06   0.1875837E-02
     9830.00  0.1841983E-02   0.5097202E-06   0.1842493E-02
     9850.00  0.1887462E-02   0.5104654E-06   0.1887972E-02
     9870.00  0.1875038E-02   0.5112193E-06   0.1875549E-02
     9890.00  0.1872764E-02   0.5119822E-06   0.1873276E-02
     9910.00  0.1856007E-02   0.5127537E-06   0.1856520E-02
     9930.00  0.1860842E-02   0.5135338E-06   0.1861356E-02
     9950.00  0.1856705E-02   0.5143222E-06   0.1857219E-02
     9970.00  0.1867508E-02   0.5151190E-06   0.1868023E-02
     9990.00  0.1861308E-02   0.5159240E-06   0.1861824E-02
    10025.00  0.1825394E-02   0.5173516E-06   0.1825911E-02
    10075.00  0.1790340E-02   0.5194320E-06   0.1790859E-02
    10125.00  0.1813668E-02   0.5215587E-06   0.1814190E-02
    10175.00  0.1774875E-02   0.5237343E-06   0.1775399E-02
    10225.00  0.1761727E-02   0.5259523E-06   0.1762253E-02
    10275.00  0.1752899E-02   0.5282098E-06   0.1753427E-02
    10325.00  0.1711731E-02   0.5305048E-06   0.1712262E-02
    10375.00  0.1685799E-02   0.5328355E-06   0.1686332E-02
    10425.00  0.1692445E-02   0.5352000E-06   0.1692980E-02
    10475.00  0.1683559E-02   0.5375967E-06   0.1684097E-02
    10525.00  0.1683653E-02   0.5400239E-06   0.1684193E-02
    10575.00  0.1651285E-02   0.5424798E-06   0.1651827E-02
    10625.00  0.1654680E-02   0.5449630E-06   0.1655225E-02
    10675.00  0.1612127E-02   0.5474718E-06   0.1612674E-02
    10725.00  0.1612706E-02   0.5500048E-06   0.1613256E-02
    10775.00  0.1594435E-02   0.5525606E-06   0.1594988E-02
    10825.00  0.1562918E-02   0.5551376E-06   0.1563473E-02
    10875.00  0.1557145E-02   0.5577346E-06   0.1557703E-02
    10925.00  0.1551423E-02   0.5603501E-06   0.1551983E-02
    10975.00  0.1529396E-02   0.5629829E-06   0.1529959E-02
    11025.00  0.1522662E-02   0.5656318E-06   0.1523228E-02
    11075.00  0.1504908E-02   0.5682954E-06   0.1505476E-02
    11125.00  0.1493289E-02   0.5709726E-06   0.1493860E-02
    11175.00  0.1472604E-02   0.4372375E-06   0.1473041E-02
    11225.00  0.1465693E-02   0.4387153E-06   0.1466132E-02
    11275.00  0.1436887E-02   0.4402091E-06   0.1437327E-02
    11325.00  0.1427992E-02   0.4417182E-06   0.1428434E-02
    11375.00  0.1411189E-02   0.4432414E-06   0.1411632E-02
    11425.00  0.1393846E-02   0.4447778E-06   0.1394291E-02
    11475.00  0.1405638E-02   0.4463267E-06   0.1406084E-02
    11525.00  0.1397684E-02   0.4478871E-06   0.1398132E-02
    11575.00  0.1370124E-02   0.4494582E-06   0.1370573E-02
    11625.00  0.1340908E-02   0.4510393E-06   0.1341359E-02
    11675.00  0.1340543E-02   0.4526296E-06   0.1340996E-02
    11725.00  0.1347230E-02   0.4542282E-06   0.1347684E-02
    11775.00  0.1316550E-02   0.4558345E-06   0.1317006E-02
    11825.00  0.1306199E-02   0.4574478E-06   0.1306656E-02
    11875.00  0.1273316E-02   0.4590674E-06   0.1273775E-02
    11925.00  0.1293750E-02   0.4606926E-06   0.1294211E-02
    11975.00  0.1235932E-02   0.4623226E-06   0.1236394E-02
    12025.00  0.1267981E-02   0.4639570E-06   0.1268445E-02
    12075.00  0.1248002E-02   0.4655952E-06   0.1248468E-02
    12125.00  0.1245000E-02   0.4672364E-06   0.1245467E-02
    12175.00  0.1241777E-02   0.4688802E-06   0.1242246E-02
    12225.00  0.1229761E-02   0.4705260E-06   0.1230232E-02
    12275.00  0.1213526E-02   0.4721732E-06   0.1213998E-02
    12325.00  0.1198344E-02   0.4738214E-06   0.1198818E-02
    12375.00  0.1197286E-02   0.4754700E-06   0.1197761E-02
    12425.00  0.1181346E-02   0.4771184E-06   0.1181823E-02
    12475.00  0.1173064E-02   0.4787664E-06   0.1173543E-02
    12525.00  0.1158686E-02   0.4790405E-06   0.1159165E-02
    12575.00  0.1154977E-02   0.4806828E-06   0.1155458E-02
    12625.00  0.1145328E-02   0.4823234E-06   0.1145810E-02
    12675.00  0.1127620E-02   0.4839618E-06   0.1128104E-02
    12725.00  0.1127912E-02   0.4855976E-06   0.1128398E-02
    12775.00  0.1128513E-02   0.4872304E-06   0.1129000E-02
    12825.00  0.1076465E-02   0.4888599E-06   0.1076954E-02
    12875.00  0.1099916E-02   0.4904857E-06   0.1100406E-02
    12925.00  0.1072064E-02   0.4921073E-06   0.1072556E-02
    12975.00  0.1094466E-02   0.4937246E-06   0.1094960E-02
    13025.00  0.1071044E-02   0.4953371E-06   0.1071539E-02
    13075.00  0.1081809E-02   0.4969373E-06   0.1082306E-02
    13125.00  0.1049022E-02   0.4985310E-06   0.1049521E-02
    13175.00  0.1053121E-02   0.5001187E-06   0.1053621E-02
    13225.00  0.1055104E-02   0.5016999E-06   0.1055606E-02
    13275.00  0.1033591E-02   0.5032743E-06   0.1034094E-02
    13325.00  0.1046492E-02   0.5048418E-06   0.1046997E-02
    13375.00  0.1029869E-02   0.5064021E-06   0.1030375E-02
    13425.00  0.1041745E-02   0.5079549E-06   0.1042253E-02
    13475.00  0.1031258E-02   0.5095001E-06   0.1031768E-02
    13525.00  0.1028968E-02   0.5110372E-06   0.1029479E-02
    13575.00  0.1012307E-02   0.5125663E-06   0.1012820E-02
    13625.00  0.1005339E-02   0.5134973E-06   0.1005852E-02
    13675.00  0.1011957E-02   0.5150079E-06   0.1012472E-02
    13725.00  0.1017072E-02   0.5165097E-06   0.1017589E-02
    13775.00  0.1010180E-02   0.5180027E-06   0.1010698E-02
    13825.00  0.1014014E-02   0.5194866E-06   0.1014533E-02
    13875.00  0.9957012E-03   0.5209612E-06   0.9962222E-03
    13925.00  0.9959778E-03   0.5224264E-06   0.9965002E-03
    13975.00  0.9966078E-03   0.5238821E-06   0.9971317E-03
    14025.00  0.9767081E-03   0.5253279E-06   0.9772334E-03
    14075.00  0.9872695E-03   0.5267640E-06   0.9877963E-03
    14125.00  0.9684843E-03   0.5218722E-06   0.9690062E-03
    14175.00  0.9774949E-03   0.5232792E-06   0.9780182E-03
    14225.00  0.9636034E-03   0.5246761E-06   0.9641281E-03
    14275.00  0.9398424E-03   0.5260629E-06   0.9403685E-03
    14325.00  0.9665502E-03   0.5274395E-06   0.9670776E-03
    14375.00  0.9652723E-03   0.5288057E-06   0.9658011E-03
    14425.00  0.9400936E-03   0.5301615E-06   0.9406238E-03
    14475.00  0.9611048E-03   0.5315068E-06   0.9616363E-03
    14525.00  0.9514215E-03   0.5328414E-06   0.9519543E-03
    14570.00  0.9570579E-03   0.5340335E-06   0.9575919E-03
    14620.00  0.9562085E-03   0.2027580E-06   0.9564113E-03
    14675.00  0.9542131E-03   0.2029079E-06   0.9544160E-03
    14725.00  0.9367786E-03   0.2010237E-06   0.9369796E-03
    14775.00  0.9491497E-03   0.2011608E-06   0.9493509E-03
    14825.00  0.9489339E-03   0.2012991E-06   0.9491352E-03
    14875.00  0.9423052E-03   0.2014383E-06   0.9425066E-03
    14925.00  0.9707249E-03   0.2015785E-06   0.9709265E-03
    14975.00  0.9525991E-03   0.2017195E-06   0.9528008E-03
    15025.00  0.9523373E-03   0.2018612E-06   0.9525392E-03
    15075.00  0.9437206E-03   0.2020035E-06   0.9439226E-03
    15125.00  0.9597869E-03   0.2021464E-06   0.9599890E-03
    15175.00  0.9626829E-03   0.2022897E-06   0.9628852E-03
    15225.00  0.9657699E-03   0.2024340E-06   0.9659723E-03
    15275.00  0.9759075E-03   0.2025792E-06   0.9761101E-03
    15325.00  0.9690189E-03   0.2027246E-06   0.9692216E-03
    15375.00  0.9838734E-03   0.2028700E-06   0.9840763E-03
    15425.00  0.9818405E-03   0.2030154E-06   0.9820435E-03
    15475.00  0.9833601E-03   0.2031608E-06   0.9835633E-03
    15525.00  0.9665145E-03   0.2033060E-06   0.9667178E-03
    15575.00  0.8854945E-03   0.2034509E-06   0.8856980E-03
    15625.00  0.9053331E-03   0.2035956E-06   0.9055367E-03
    15675.00  0.9196188E-03   0.2037399E-06   0.9198225E-03
    15725.00  0.9697501E-03   0.2038838E-06   0.9699540E-03
    15775.00  0.8418089E-03   0.2040272E-06   0.8420129E-03
    15825.00  0.8553695E-03   0.2041700E-06   0.8555737E-03
    15875.00  0.8737219E-03   0.2043123E-06   0.8739262E-03
    15925.00  0.9047476E-03   0.2044539E-06   0.9049521E-03
    15975.00  0.8543431E-03   0.2045948E-06   0.8545477E-03
    16050.00  0.8623972E-03   0.2048048E-06   0.8626020E-03
    16150.00  0.8804551E-03   0.2050817E-06   0.8806602E-03
    16250.00  0.8447826E-03   0.2053550E-06   0.8449880E-03
    16350.00  0.9090432E-03   0.2056242E-06   0.9092488E-03
    16450.00  0.8168492E-03   0.2058891E-06   0.8170551E-03
    16550.00  0.8829952E-03   0.2061493E-06   0.8832013E-03
    16650.00  0.8044068E-03   0.2064046E-06   0.8046132E-03
    16750.00  0.8555612E-03   0.2066546E-06   0.8557679E-03
    16850.00  0.8012223E-03   0.2068993E-06   0.8014292E-03
    16950.00  0.8335208E-03   0.2071383E-06   0.8337279E-03
    17050.00  0.8121674E-03   0.2073714E-06   0.8123748E-03
    17150.00  0.8144587E-03   0.2075985E-06   0.8146663E-03
    17250.00  0.8073839E-03   0.2078194E-06   0.8075917E-03
    17350.00  0.7657081E-03   0.2080339E-06   0.7659161E-03
    17450.00  0.7911538E-03   0.2082420E-06   0.7913620E-03
    17550.00  0.7602708E-03   0.2084434E-06   0.7604792E-03
    17650.00  0.7712858E-03   0.2086381E-06   0.7714944E-03
    17750.00  0.7475782E-03   0.2088259E-06   0.7477870E-03
    17850.00  0.7511972E-03   0.2090069E-06   0.7514062E-03
    17950.00  0.7423546E-03   0.2091808E-06   0.7425638E-03
    18050.00  0.7146604E-03   0.2093476E-06   0.7148697E-03
    18150.00  0.7248668E-03   0.2095074E-06   0.7250763E-03
    18250.00  0.7085352E-03   0.2096605E-06   0.7087449E-03
    18350.00  0.6897592E-03   0.2098114E-06   0.6899690E-03
    18450.00  0.6855699E-03   0.2099547E-06   0.6857799E-03
    18550.00  0.6811103E-03   0.1863323E-06   0.6812966E-03
    18650.00  0.6627719E-03   0.1864091E-06   0.6629583E-03
    18750.00  0.6612211E-03   0.1864802E-06   0.6614076E-03
    18850.00  0.6464736E-03   0.1865455E-06   0.6466601E-03
    18950.00  0.6189434E-03   0.1866049E-06   0.6191300E-03
    19050.00  0.6404113E-03   0.1866586E-06   0.6405980E-03
    19150.00  0.6231162E-03   0.1867065E-06   0.6233029E-03
    19250.00  0.6215016E-03   0.1867485E-06   0.6216883E-03
    19350.00  0.5991351E-03   0.1867847E-06   0.5993219E-03
    19450.00  0.5899660E-03   0.1868151E-06   0.5901528E-03
    19550.00  0.5916284E-03   0.1868397E-06   0.5918152E-03
    19650.00  0.5802362E-03   0.1868585E-06   0.5804231E-03
    19750.00  0.5620198E-03   0.1868715E-06   0.5622067E-03
    19850.00  0.5621345E-03   0.1868788E-06   0.5623214E-03
    19950.00  0.5555723E-03   0.1868803E-06   0.5557592E-03
    20050.00  0.5573498E-03   0.1868762E-06   0.5575367E-03
    20150.00  0.5473783E-03   0.1868664E-06   0.5475652E-03
    20250.00  0.5274094E-03   0.1866726E-06   0.5275961E-03
    20350.00  0.5246898E-03   0.1866521E-06   0.5248765E-03
    20450.00  0.5277739E-03   0.1866260E-06   0.5279605E-03
    20550.00  0.5153806E-03   0.1865944E-06   0.5155672E-03
    20650.00  0.5066682E-03   0.1865574E-06   0.5068548E-03
    20750.00  0.5017514E-03   0.1865149E-06   0.5019379E-03
    20850.00  0.4909694E-03   0.1864671E-06   0.4911559E-03
    20950.00  0.4816256E-03   0.1864140E-06   0.4818120E-03
    21050.00  0.4829300E-03   0.1863556E-06   0.4831164E-03
    21150.00  0.4721328E-03   0.1862921E-06   0.4723191E-03
    21250.00  0.4634729E-03   0.1862233E-06   0.4636591E-03
    21350.00  0.4644914E-03   0.1861495E-06   0.4646775E-03
    21450.00  0.4565388E-03   0.1860706E-06   0.4567249E-03
    21550.00  0.4466075E-03   0.1859032E-06   0.4467934E-03
    21650.00  0.4432681E-03   0.1858148E-06   0.4434539E-03
    21750.00  0.4318040E-03   0.1857216E-06   0.4319897E-03
    21850.00  0.4278836E-03   0.1856236E-06   0.4280692E-03
    21950.00  0.4239983E-03   0.1855208E-06   0.4241838E-03
    22050.00  0.4097678E-03   0.1854133E-06   0.4099532E-03
    22150.00  0.4158677E-03   0.1853012E-06   0.4160530E-03
    22250.00  0.4000673E-03   0.1842997E-06   0.4002516E-03
    22350.00  0.3963023E-03   0.1841815E-06   0.3964865E-03
    22450.00  0.3916626E-03   0.1840589E-06   0.3918467E-03
    22550.00  0.3903575E-03   0.1839318E-06   0.3905414E-03
    22650.00  0.3766798E-03   0.1838005E-06   0.3768636E-03
    22750.00  0.3815080E-03   0.1836648E-06   0.3816917E-03
    22850.00  0.3709939E-03   0.1124897E-06   0.3711064E-03
    22950.00  0.2977228E-03   0.1120259E-06   0.2978348E-03
    23050.00  0.3260743E-03   0.1119049E-06   0.3261862E-03
    23150.00  0.3220564E-03   0.1117825E-06   0.3221682E-03
    23250.00  0.2641304E-03   0.1116586E-06   0.2642421E-03
    23350.00  0.2961686E-03   0.1115333E-06   0.2962801E-03
    23450.00  0.2717381E-03   0.1114066E-06   0.2718495E-03
    23550.00  0.2282991E-03   0.1112785E-06   0.2284104E-03
    23650.00  0.2657653E-03   0.1111490E-06   0.2658764E-03
    23750.00  0.2447888E-03   0.1110181E-06   0.2448998E-03
    23850.00  0.2165071E-03   0.1108859E-06   0.2166180E-03
    23950.00  0.2455915E-03   0.1107523E-06   0.2457023E-03
    24050.00  0.2342409E-03   0.1106174E-06   0.2343515E-03
    24150.00  0.2085586E-03   0.1104811E-06   0.2086691E-03
    24250.00  0.2315713E-03   0.1103436E-06   0.2316816E-03
    24350.00  0.2214818E-03   0.1102048E-06   0.2215920E-03
    24450.00  0.2090515E-03   0.1100647E-06   0.2091616E-03
    24550.00  0.2119144E-03   0.1099234E-06   0.2120243E-03
    24650.00  0.2192004E-03   0.1097808E-06   0.2193102E-03
    24750.00  0.2094330E-03   0.1096371E-06   0.2095426E-03
    24850.00  0.1943843E-03   0.1094921E-06   0.1944938E-03
    24950.00  0.1994480E-03   0.1093460E-06   0.1995573E-03
    25050.00  0.2078819E-03   0.1091987E-06   0.2079911E-03
    25150.00  0.1876968E-03   0.1090502E-06   0.1878059E-03
    25250.00  0.2012238E-03   0.1089007E-06   0.2013327E-03
    25350.00  0.1980166E-03   0.1087500E-06   0.1981253E-03
    25450.00  0.1973717E-03   0.1085982E-06   0.1974803E-03
    25550.00  0.1937751E-03   0.1084454E-06   0.1938835E-03
    25650.00  0.1938724E-03   0.1082915E-06   0.1939807E-03
    25750.00  0.1972178E-03   0.1081366E-06   0.1973259E-03
    25850.00  0.1867203E-03   0.1079807E-06   0.1868283E-03
    25950.00  0.1882268E-03   0.1078237E-06   0.1883346E-03
    26050.00  0.1932518E-03   0.1076658E-06   0.1933595E-03
    26150.00  0.1888750E-03   0.1075070E-06   0.1889825E-03
    26250.00  0.1862195E-03   0.1073472E-06   0.1863268E-03
    26350.00  0.1879136E-03   0.1071864E-06   0.1880208E-03
    26450.00  0.1867253E-03   0.1070248E-06   0.1868323E-03
    26550.00  0.1839995E-03   0.1068623E-06   0.1841064E-03
    26650.00  0.1801275E-03   0.1066989E-06   0.1802342E-03
    26750.00  0.1873110E-03   0.1065346E-06   0.1874175E-03
    26850.00  0.1848911E-03   0.1063695E-06   0.1849975E-03
    26950.00  0.1762759E-03   0.1062036E-06   0.1763821E-03
    27050.00  0.1815522E-03   0.1060369E-06   0.1816582E-03
    27150.00  0.1790399E-03   0.1058695E-06   0.1791458E-03
    27250.00  0.1812213E-03   0.1057012E-06   0.1813270E-03
    27350.00  0.1718607E-03   0.1055322E-06   0.1719662E-03
    27450.00  0.1760858E-03   0.1053625E-06   0.1761912E-03
    27550.00  0.1776978E-03   0.1051921E-06   0.1778030E-03
    27650.00  0.1738910E-03   0.9917849E-07   0.1739902E-03
    27750.00  0.1670827E-03   0.9901478E-07   0.1671817E-03
    27850.00  0.1712273E-03   0.9885049E-07   0.1713262E-03
    27950.00  0.1721247E-03   0.9868563E-07   0.1722234E-03
    28050.00  0.1700983E-03   0.9852022E-07   0.1701968E-03
    28150.00  0.1643039E-03   0.9835427E-07   0.1644023E-03
    28250.00  0.1656957E-03   0.9818779E-07   0.1657939E-03
    28350.00  0.1665721E-03   0.9802080E-07   0.1666701E-03
    28450.00  0.1645222E-03   0.9785332E-07   0.1646201E-03
    28550.00  0.1617668E-03   0.9768536E-07   0.1618645E-03
    28650.00  0.1610227E-03   0.9751692E-07   0.1611202E-03
    28750.00  0.1602684E-03   0.9734804E-07   0.1603657E-03
    28850.00  0.1586436E-03   0.9717871E-07   0.1587408E-03
    28950.00  0.1568088E-03   0.9700895E-07   0.1569058E-03
    29050.00  0.1549718E-03   0.9683877E-07   0.1550686E-03
    29150.00  0.1544849E-03   0.9666820E-07   0.1545816E-03
    29250.00  0.1503273E-03   0.9649723E-07   0.1504238E-03
    29350.00  0.1520465E-03   0.9632589E-07   0.1521428E-03
    29450.00  0.1493390E-03   0.9615418E-07   0.1494352E-03
    29550.00  0.1477376E-03   0.9598212E-07   0.1478336E-03
    29650.00  0.1477509E-03   0.9580972E-07   0.1478467E-03
    29750.00  0.1464802E-03   0.9560244E-07   0.1465758E-03
    29850.00  0.1437938E-03   0.9542945E-07   0.1438892E-03
    29950.00  0.1427093E-03   0.9525617E-07   0.1428046E-03
    30050.00  0.1411008E-03   0.9508259E-07   0.1411959E-03
    30150.00  0.1406116E-03   0.9490873E-07   0.1407065E-03
    30250.00  0.1384433E-03   0.9473460E-07   0.1385380E-03
    30350.00  0.1366810E-03   0.9456022E-07   0.1367756E-03
    30450.00  0.1361967E-03   0.9438559E-07   0.1362911E-03
    30550.00  0.1343047E-03   0.9421073E-07   0.1343989E-03
    30650.00  0.1330064E-03   0.9403564E-07   0.1331004E-03
    30750.00  0.1319310E-03   0.9386034E-07   0.1320249E-03
    30850.00  0.1293909E-03   0.9368483E-07   0.1294846E-03
    30950.00  0.1284055E-03   0.9350914E-07   0.1284990E-03
    31050.00  0.1280505E-03   0.9333326E-07   0.1281438E-03
    31150.00  0.1254136E-03   0.9315721E-07   0.1255068E-03
    31250.00  0.1249263E-03   0.9298100E-07   0.1250193E-03
    31350.00  0.1233663E-03   0.9278675E-07   0.1234591E-03
    31450.00  0.1220278E-03   0.9261031E-07   0.1221204E-03
    31550.00  0.1206997E-03   0.9243374E-07   0.1207921E-03
    31650.00  0.1185824E-03   0.9225705E-07   0.1186747E-03
    31750.00  0.1183604E-03   0.9208025E-07   0.1184525E-03
    31850.00  0.1168723E-03   0.9190334E-07   0.1169642E-03
    31950.00  0.1158402E-03   0.9172634E-07   0.1159319E-03
    32100.00  0.1136535E-03   0.9128264E-07   0.1137448E-03
    32300.00  0.1108128E-03   0.9092962E-07   0.1109037E-03
    32500.00  0.1084709E-03   0.9057636E-07   0.1085615E-03
    32700.00  0.1058558E-03   0.9022293E-07   0.1059460E-03
    32900.00  0.1036557E-03   0.6982331E-07   0.1037255E-03
    33100.00  0.1012035E-03   0.6946964E-07   0.1012730E-03
    33300.00  0.9895172E-04   0.6919540E-07   0.9902092E-04
    33500.00  0.9727482E-04   0.6892140E-07   0.9734374E-04
    33700.00  0.9492915E-04   0.6864768E-07   0.9499780E-04
    33900.00  0.9280433E-04   0.6837429E-07   0.9287270E-04
    34100.00  0.9060345E-04   0.6810125E-07   0.9067155E-04
    34300.00  0.8907122E-04   0.6782859E-07   0.8913905E-04
    34500.00  0.8730209E-04   0.6755634E-07   0.8736965E-04
    34700.00  0.8539330E-04   0.6728455E-07   0.8546058E-04
    34900.00  0.8374527E-04   0.6701322E-07   0.8381228E-04
    35100.00  0.8218962E-04   0.6674240E-07   0.8225636E-04
    35300.00  0.8012438E-04   0.6647212E-07   0.8019085E-04
    35500.00  0.7883923E-04   0.6620238E-07   0.7890543E-04
    35700.00  0.7711284E-04   0.6593323E-07   0.7717877E-04
    35900.00  0.7548455E-04   0.6566469E-07   0.7555021E-04
    36100.00  0.7423732E-04   0.6539678E-07   0.7430272E-04
    36300.00  0.7276388E-04   0.6512953E-07   0.7282901E-04
    36500.00  0.7096488E-04   0.6486294E-07   0.7102974E-04
    36700.00  0.6955592E-04   0.6459706E-07   0.6962052E-04
    36900.00  0.6770959E-04   0.6433190E-07   0.6777392E-04
    37100.00  0.6606923E-04   0.6406747E-07   0.6613330E-04
    37300.00  0.6535004E-04   0.6380380E-07   0.6541384E-04
    37500.00  0.6349084E-04   0.6354090E-07   0.6355438E-04
    37700.00  0.6291314E-04   0.6327880E-07   0.6297642E-04
    37900.00  0.6157585E-04   0.6301751E-07   0.6163887E-04
    38100.00  0.6069643E-04   0.6275704E-07   0.6075919E-04
    38300.00  0.5971096E-04   0.6249741E-07   0.5977346E-04
    38500.00  0.5866282E-04   0.6223863E-07   0.5872506E-04
    38700.00  0.5713420E-04   0.6016571E-07   0.5719437E-04
    38900.00  0.5624409E-04   0.5991660E-07   0.5630401E-04
    39100.00  0.5536827E-04   0.5966837E-07   0.5542794E-04
    39300.00  0.5440722E-04   0.5942102E-07   0.5446664E-04
    39500.00  0.5288805E-04   0.5917458E-07   0.5294722E-04
    39700.00  0.5198486E-04   0.5892904E-07   0.5204379E-04
    39900.00  0.5055811E-04   0.5868442E-07   0.5061679E-04
    40100.00  0.5006111E-04   0.5844073E-07   0.5011955E-04
    40300.00  0.4949998E-04   0.5819797E-07   0.4955818E-04
    40500.00  0.4848267E-04   0.5795616E-07   0.4854063E-04
    40700.00  0.4769357E-04   0.5771531E-07   0.4775129E-04
    40900.00  0.4687471E-04   0.5747542E-07   0.4693219E-04
    41100.00  0.4607580E-04   0.5722798E-07   0.4613303E-04
    41300.00  0.4538847E-04   0.5699006E-07   0.4544546E-04
    41500.00  0.4448850E-04   0.5675312E-07   0.4454525E-04
    41700.00  0.4368053E-04   0.5651717E-07   0.4373705E-04
    41900.00  0.4282999E-04   0.5628221E-07   0.4288627E-04
    42100.00  0.4202130E-04   0.5604825E-07   0.4207735E-04
    42300.00  0.4162248E-04   0.5581530E-07   0.4167830E-04
    42500.00  0.4067903E-04   0.5558335E-07   0.4073461E-04
    42700.00  0.4015355E-04   0.5535241E-07   0.4020890E-04
    42900.00  0.3669007E-04   0.5512249E-07   0.3674519E-04
    43100.00  0.3296839E-04   0.5488914E-07   0.3302328E-04
    43300.00  0.3350378E-04   0.5466124E-07   0.3355844E-04
    43500.00  0.3099298E-04   0.5443436E-07   0.3104741E-04
    43700.00  0.2969078E-04   0.5420852E-07   0.2974499E-04
    43900.00  0.2852830E-04   0.5393771E-07   0.2858224E-04
    44100.00  0.2656250E-04   0.5371430E-07   0.2661621E-04
    44300.00  0.2639287E-04   0.5349192E-07   0.2644636E-04
    44500.00  0.2566301E-04   0.5327057E-07   0.2571628E-04
    44700.00  0.2433076E-04   0.5149915E-07   0.2438226E-04
    44900.00  0.2471544E-04   0.4596671E-07   0.2476141E-04
    45100.00  0.2379704E-04   0.4577930E-07   0.2384282E-04
    45300.00  0.2302438E-04   0.4559279E-07   0.2306997E-04
    45500.00  0.2320119E-04   0.4540718E-07   0.2324660E-04
    45700.00  0.2278324E-04   0.4522245E-07   0.2282846E-04
    45900.00  0.2184799E-04   0.4503862E-07   0.2189303E-04
    46100.00  0.2228471E-04   0.4485568E-07   0.2232957E-04
    46300.00  0.2162979E-04   0.4467363E-07   0.2167446E-04
    46500.00  0.2148619E-04   0.4449247E-07   0.2153068E-04
    46700.00  0.2160767E-04   0.4431221E-07   0.2165198E-04
    46900.00  0.2098375E-04   0.4413283E-07   0.2102788E-04
    47100.00  0.2053936E-04   0.4395433E-07   0.2058331E-04
    47300.00  0.2090729E-04   0.4377673E-07   0.2095107E-04
    47500.00  0.2028756E-04   0.4360000E-07   0.2033116E-04
    47700.00  0.2006270E-04   0.4342417E-07   0.2010612E-04
    47900.00  0.1997214E-04   0.4324921E-07   0.2001539E-04
    48100.00  0.1928904E-04   0.4307513E-07   0.1933212E-04
    48300.00  0.1968496E-04   0.4290193E-07   0.1972786E-04
    48500.00  0.1927945E-04   0.4272960E-07   0.1932218E-04
    48700.00  0.1880045E-04   0.4255815E-07   0.1884301E-04
    48900.00  0.1856513E-04   0.4238757E-07   0.1860752E-04
    49100.00  0.1838851E-04   0.4221785E-07   0.1843073E-04
    49300.00  0.1813733E-04   0.4204901E-07   0.1817938E-04
    49500.00  0.1767335E-04   0.4188103E-07   0.1771523E-04
    49700.00  0.1788843E-04   0.4171391E-07   0.1793014E-04
    49900.00  0.1760809E-04   0.4154764E-07   0.1764964E-04
    50100.00  0.1740213E-04   0.4138224E-07   0.1744351E-04
    50300.00  0.1718307E-04   0.4121769E-07   0.1722429E-04
    50500.00  0.1673562E-04   0.4105399E-07   0.1677667E-04
    50700.00  0.1678640E-04   0.4089113E-07   0.1682729E-04
    50900.00  0.1648641E-04   0.4072912E-07   0.1652714E-04
    51100.00  0.1625927E-04   0.4056796E-07   0.1629984E-04
    51300.00  0.1618153E-04   0.4040763E-07   0.1622194E-04
    51500.00  0.1583294E-04   0.3958006E-07   0.1587252E-04
    51700.00  0.1594718E-04   0.3942432E-07   0.1598660E-04
    51900.00  0.1567457E-04   0.3926940E-07   0.1571384E-04
    52100.00  0.1555864E-04   0.3911528E-07   0.1559776E-04
    52300.00  0.1525459E-04   0.3896198E-07   0.1529355E-04
    52500.00  0.1521904E-04   0.3880948E-07   0.1525785E-04
    52700.00  0.1533545E-04   0.3865778E-07   0.1537411E-04
    52900.00  0.1488243E-04   0.3850687E-07   0.1492094E-04
    53100.00  0.1458414E-04   0.3835676E-07   0.1462250E-04
    53300.00  0.1464028E-04   0.3820745E-07   0.1467849E-04
    53500.00  0.1445052E-04   0.3805892E-07   0.1448858E-04
    53700.00  0.1430896E-04   0.3791117E-07   0.1434687E-04
    53900.00  0.1421812E-04   0.3776420E-07   0.1425588E-04
    54100.00  0.1408462E-04   0.3761801E-07   0.1412224E-04
    54300.00  0.1378512E-04   0.3746988E-07   0.1382259E-04
    54500.00  0.1388327E-04   0.3732520E-07   0.1392060E-04
    54700.00  0.1351084E-04   0.3718129E-07   0.1354802E-04
    54900.00  0.1356057E-04   0.3703814E-07   0.1359761E-04
    55100.00  0.1323938E-04   0.3689575E-07   0.1327628E-04
    55300.00  0.1360851E-04   0.3675411E-07   0.1364526E-04
    55500.00  0.1305074E-04   0.3661323E-07   0.1308735E-04
    55700.00  0.1313796E-04   0.3647310E-07   0.1317443E-04
    55900.00  0.1290469E-04   0.3633371E-07   0.1294102E-04
    56100.00  0.1298075E-04   0.3619506E-07   0.1301695E-04
    56300.00  0.1260661E-04   0.3605715E-07   0.1264267E-04
    56500.00  0.1266855E-04   0.3591885E-07   0.1270447E-04
    56700.00  0.1251730E-04   0.3578234E-07   0.1255308E-04
    56900.00  0.1219260E-04   0.3564656E-07   0.1222825E-04
    57100.00  0.1230021E-04   0.3551149E-07   0.1233572E-04
    57300.00  0.1218092E-04   0.3537715E-07   0.1221630E-04
    57500.00  0.1200818E-04   0.3522929E-07   0.1204341E-04
    57700.00  0.1189776E-04   0.3509653E-07   0.1193286E-04
    57900.00  0.1189010E-04   0.3496447E-07   0.1192506E-04
    58100.00  0.1170104E-04   0.3483311E-07   0.1173587E-04
    58300.00  0.1159626E-04   0.3470245E-07   0.1163096E-04
    58500.00  0.1147187E-04   0.3186303E-07   0.1150373E-04
    58700.00  0.1125340E-04   0.3173794E-07   0.1128514E-04
    58900.00  0.1119065E-04   0.3162085E-07   0.1122227E-04
    59100.00  0.1106452E-04   0.3150438E-07   0.1109602E-04
    59300.00  0.1100766E-04   0.3138853E-07   0.1103905E-04
    59500.00  0.1081328E-04   0.3127329E-07   0.1084455E-04
    59700.00  0.1080479E-04   0.3115866E-07   0.1083595E-04
    59900.00  0.1069715E-04   0.3104464E-07   0.1072819E-04
    60100.00  0.1057605E-04   0.3093122E-07   0.1060698E-04
    60300.00  0.1044933E-04   0.3081839E-07   0.1048015E-04
    60500.00  0.1027816E-04   0.3070617E-07   0.1030887E-04
    60700.00  0.1018898E-04   0.3059453E-07   0.1021957E-04
    60900.00  0.1005923E-04   0.3048349E-07   0.1008971E-04
    61100.00  0.9945518E-05   0.3037303E-07   0.9975891E-05
    61300.00  0.9898961E-05   0.3026316E-07   0.9929224E-05
    61500.00  0.9824334E-05   0.3015386E-07   0.9854488E-05
    61700.00  0.9777084E-05   0.3004514E-07   0.9807129E-05
    61900.00  0.9627650E-05   0.2993699E-07   0.9657587E-05
    62100.00  0.9578606E-05   0.2982942E-07   0.9608435E-05
    62300.00  0.9426309E-05   0.2972241E-07   0.9456031E-05
    62500.00  0.9269451E-05   0.2961596E-07   0.9299067E-05
    62700.00  0.9180766E-05   0.2951007E-07   0.9210276E-05
    62900.00  0.9104610E-05   0.2940474E-07   0.9134015E-05
    63100.00  0.9007677E-05   0.2929996E-07   0.9036977E-05
    63300.00  0.8975186E-05   0.2919573E-07   0.9004382E-05
    63500.00  0.8845280E-05   0.2909204E-07   0.8874372E-05
    63700.00  0.8815632E-05   0.2898890E-07   0.8844621E-05
    63900.00  0.8647209E-05   0.2888631E-07   0.8676095E-05
    64200.00  0.8564271E-05   0.2873341E-07   0.8593004E-05
    64600.00  0.8355210E-05   0.2853142E-07   0.8383741E-05
    65000.00  0.8192099E-05   0.2833153E-07   0.8220431E-05
    65400.00  0.8014041E-05   0.2813371E-07   0.8042175E-05
    65800.00  0.7873655E-05   0.2793796E-07   0.7901593E-05
    66200.00  0.7697875E-05   0.2746625E-07   0.7725341E-05
    66600.00  0.7542866E-05   0.2727674E-07   0.7570143E-05
    67000.00  0.7395342E-05   0.2708920E-07   0.7422431E-05
    67400.00  0.7226090E-05   0.2690359E-07   0.7252994E-05
    67800.00  0.7077974E-05   0.2671989E-07   0.7104694E-05
    68200.00  0.6924365E-05   0.2653808E-07   0.6950903E-05
    68600.00  0.6796674E-05   0.2635813E-07   0.6823032E-05
    69000.00  0.6650517E-05   0.2618003E-07   0.6676697E-05
    69400.00  0.6518407E-05   0.2600267E-07   0.6544410E-05
    69800.00  0.6381133E-05   0.2582816E-07   0.6406961E-05
    70200.00  0.6246415E-05   0.2565542E-07   0.6272070E-05
    70600.00  0.6129162E-05   0.2548443E-07   0.6154646E-05
    71000.00  0.5998376E-05   0.2531518E-07   0.6023691E-05
    71400.00  0.5880912E-05   0.2514764E-07   0.5906060E-05
    71800.00  0.5756632E-05   0.2498161E-07   0.5781614E-05
    72200.00  0.5648871E-05   0.2481742E-07   0.5673688E-05
    72600.00  0.5530630E-05   0.2465488E-07   0.5555285E-05
    73000.00  0.5418592E-05   0.2448887E-07   0.5443081E-05
    73400.00  0.5307332E-05   0.2432960E-07   0.5331662E-05
    73800.00  0.5202172E-05   0.2417192E-07   0.5226344E-05
    74200.00  0.5087733E-05   0.2282493E-07   0.5110558E-05
    74600.00  0.4985539E-05   0.2267943E-07   0.5008218E-05
    75000.00  0.4889865E-05   0.2253536E-07   0.4912400E-05
    75400.00  0.4791405E-05   0.2239271E-07   0.4813798E-05
    75800.00  0.4705397E-05   0.2225147E-07   0.4727648E-05
    76200.00  0.4617439E-05   0.2211160E-07   0.4639551E-05
    76600.00  0.4526625E-05   0.2197311E-07   0.4548598E-05
    77000.00  0.4435336E-05   0.2183596E-07   0.4457172E-05
    77400.00  0.4351145E-05   0.2170015E-07   0.4372845E-05
    77800.00  0.4267509E-05   0.2156566E-07   0.4289075E-05
    78200.00  0.4183328E-05   0.2143246E-07   0.4204760E-05
    78600.00  0.4107011E-05   0.2130056E-07   0.4128312E-05
    79000.00  0.4027955E-05   0.2116992E-07   0.4049125E-05
    79400.00  0.3951253E-05   0.2104054E-07   0.3972294E-05
    79800.00  0.3877100E-05   0.2091241E-07   0.3898012E-05
    80200.00  0.3797037E-05   0.2078549E-07   0.3817822E-05
    80600.00  0.3726635E-05   0.2065979E-07   0.3747295E-05
    81000.00  0.3662500E-05   0.2053528E-07   0.3683035E-05
    81400.00  0.3592553E-05   0.2041195E-07   0.3612965E-05
    81800.00  0.3529679E-05   0.2028979E-07   0.3549969E-05
    82200.00  0.3464114E-05   0.2016879E-07   0.3484283E-05
    82600.00  0.3398663E-05   0.1992094E-07   0.3418584E-05
    83000.00  0.3336343E-05   0.1980310E-07   0.3356146E-05
    83400.00  0.3273979E-05   0.1968637E-07   0.3293665E-05
    83800.00  0.3213854E-05   0.1957072E-07   0.3233425E-05
    84200.00  0.3160337E-05   0.1945616E-07   0.3179793E-05
    84600.00  0.3100250E-05   0.1934265E-07   0.3119593E-05
    85000.00  0.3044839E-05   0.1923020E-07   0.3064069E-05
    85400.00  0.2991422E-05   0.1911879E-07   0.3010541E-05
    85800.00  0.2939658E-05   0.1900840E-07   0.2958666E-05
    86200.00  0.2890586E-05   0.1889868E-07   0.2909485E-05
    86600.00  0.2840634E-05   0.1879030E-07   0.2859424E-05
    87000.00  0.2789741E-05   0.1868292E-07   0.2808424E-05
    87400.00  0.2742265E-05   0.1857652E-07   0.2760842E-05
    87800.00  0.2692982E-05   0.1847108E-07   0.2711453E-05
    88200.00  0.2645402E-05   0.1836660E-07   0.2663769E-05
    88600.00  0.2598619E-05   0.1826306E-07   0.2616882E-05
    89000.00  0.2556648E-05   0.1816028E-07   0.2574808E-05
    89400.00  0.2513893E-05   0.1805861E-07   0.2531952E-05
    89800.00  0.2466679E-05   0.1795784E-07   0.2484637E-05
    90200.00  0.2429436E-05   0.1785589E-07   0.2447292E-05
    90600.00  0.2388606E-05   0.1775695E-07   0.2406363E-05
    91000.00  0.2342796E-05   0.1765888E-07   0.2360455E-05
    91400.00  0.2306459E-05   0.1698907E-07   0.2323448E-05
    91800.00  0.2270720E-05   0.1689536E-07   0.2287615E-05
    92200.00  0.2234026E-05   0.1680363E-07   0.2250830E-05
    92600.00  0.2197081E-05   0.1671270E-07   0.2213794E-05
    93000.00  0.2161499E-05   0.1662257E-07   0.2178122E-05
    93400.00  0.2124939E-05   0.1653322E-07   0.2141472E-05
    93800.00  0.2091178E-05   0.1644465E-07   0.2107623E-05
    94200.00  0.2056490E-05   0.1635685E-07   0.2072847E-05
    94600.00  0.2022198E-05   0.1626981E-07   0.2038468E-05
    95000.00  0.1990029E-05   0.1618352E-07   0.2006213E-05
    95400.00  0.1959028E-05   0.1609797E-07   0.1975126E-05
    95800.00  0.1927833E-05   0.1601316E-07   0.1943846E-05
    96200.00  0.1897010E-05   0.1592907E-07   0.1912939E-05
    96600.00  0.1866733E-05   0.1584570E-07   0.1882579E-05
    97000.00  0.1836846E-05   0.1576304E-07   0.1852609E-05
    97400.00  0.1803933E-05   0.1568108E-07   0.1819614E-05
    97800.00  0.1778443E-05   0.1559982E-07   0.1794043E-05
    98200.00  0.1751285E-05   0.1551924E-07   0.1766804E-05
    98600.00  0.1723817E-05   0.1543934E-07   0.1739256E-05
    99000.00  0.1698817E-05   0.1536012E-07   0.1714177E-05
    99400.00  0.1672072E-05   0.1528155E-07   0.1687354E-05
    99800.00  0.1645808E-05   0.1520365E-07   0.1661012E-05
   100200.00  0.1619879E-05   0.4493302E-08   0.1624372E-05
   200000.00  0.1079355E-06   0.1127823E-08   0.1090633E-06
   400000.00  0.6948429E-08   0.2819558E-09   0.7230385E-08
   600000.00  0.1359703E-08   0.1253137E-09   0.1485017E-08
   800000.00  0.4321434E-09   0.7048896E-10   0.5026324E-09
  1000000.00  0.1760088E-09   0.4511294E-10   0.2211217E-09
  1200000.00  0.8540031E-10   0.3132843E-10   0.1167287E-09
  1400000.00  0.4661256E-10   0.2301680E-10   0.6962936E-10
  1600000.00  0.2784580E-10   0.1762224E-10   0.4546804E-10
