       91.00  0.1642476E-05   0.0000000E+00   0.1642476E-05
       94.00  0.2102943E-05   0.0000000E+00   0.2102943E-05
       96.00  0.2244093E-05   0.0000000E+00   0.2244093E-05
       98.00  0.4360276E-05   0.0000000E+00   0.4360276E-05
      100.00  0.6794165E-05   0.0000000E+00   0.6794165E-05
      102.00  0.4684331E-05   0.0000000E+00   0.4684331E-05
      104.00  0.5937636E-05   0.0000000E+00   0.5937636E-05
      106.00  0.6286824E-05   0.0000000E+00   0.6286824E-05
      108.00  0.7940604E-05   0.0000000E+00   0.7940604E-05
      110.00  0.8498772E-05   0.0000000E+00   0.8498772E-05
      114.00  0.6895685E-05   0.0000000E+00   0.6895685E-05
      118.00  0.6061207E-05   0.0000000E+00   0.6061207E-05
      121.00  0.8071100E-05   0.0000000E+00   0.8071100E-05
      125.00  0.8915739E-05   0.0000000E+00   0.8915739E-05
      127.00  0.8053338E-05   0.0000000E+00   0.8053338E-05
      128.00  0.8260546E-05   0.0000000E+00   0.8260546E-05
      131.00  0.7333713E-05   0.0000000E+00   0.7333713E-05
      132.00  0.7732036E-05   0.0000000E+00   0.7732036E-05
      134.00  0.7963800E-05   0.0000000E+00   0.7963800E-05
      137.00  0.7761403E-05   0.0000000E+00   0.7761403E-05
      140.00  0.7552447E-05   0.0000000E+00   0.7552447E-05
      143.00  0.7159882E-05   0.0000000E+00   0.7159882E-05
      147.00  0.5844051E-05   0.0000000E+00   0.5844051E-05
      151.00  0.5747455E-05   0.0000000E+00   0.5747455E-05
      155.00  0.5721617E-05   0.0000000E+00   0.5721617E-05
      159.00  0.5804261E-05   0.0000000E+00   0.5804261E-05
      162.00  0.5571184E-05   0.0000000E+00   0.5571184E-05
      166.00  0.5595636E-05   0.0000000E+00   0.5595636E-05
      170.00  0.4843014E-05   0.0000000E+00   0.4843014E-05
      173.00  0.4792436E-05   0.0000000E+00   0.4792436E-05
      177.00  0.4494946E-05   0.0000000E+00   0.4494946E-05
      180.00  0.4753925E-05   0.0000000E+00   0.4753925E-05
      182.00  0.4908072E-05   0.0000000E+00   0.4908072E-05
      186.00  0.4699856E-05   0.0000000E+00   0.4699856E-05
      191.00  0.4456982E-05   0.0000000E+00   0.4456982E-05
      194.00  0.4611575E-05   0.0000000E+00   0.4611575E-05
      198.00  0.4457649E-05   0.0000000E+00   0.4457649E-05
      202.00  0.4503758E-05   0.0000000E+00   0.4503758E-05
      205.00  0.4265803E-05   0.0000000E+00   0.4265803E-05
      210.00  0.3999825E-05   0.0000000E+00   0.3999825E-05
      216.00  0.3949659E-05   0.0000000E+00   0.3949659E-05
      220.00  0.3510276E-05   0.0000000E+00   0.3510276E-05
      223.00  0.3539807E-05   0.0000000E+00   0.3539807E-05
      227.00  0.3681112E-05   0.0000000E+00   0.3681112E-05
      228.00  0.3734640E-05   0.0000000E+00   0.3734640E-05
      228.00  0.3239338E-05   0.0000000E+00   0.3239338E-05
      230.00  0.3781893E-05   0.0000000E+00   0.3781893E-05
      234.00  0.4867004E-05   0.0000000E+00   0.4867004E-05
      240.00  0.5819862E-05   0.0000000E+00   0.5819862E-05
      246.00  0.6296258E-05   0.0000000E+00   0.6296258E-05
      252.00  0.7065103E-05   0.0000000E+00   0.7065103E-05
      257.00  0.5735332E-05   0.0000000E+00   0.5735332E-05
      260.00  0.7137461E-05   0.0000000E+00   0.7137461E-05
      264.00  0.6987402E-05   0.0000000E+00   0.6987402E-05
      269.00  0.6890931E-05   0.0000000E+00   0.6890931E-05
      274.00  0.6811359E-05   0.0000000E+00   0.6811359E-05
      279.00  0.5831217E-05   0.0000000E+00   0.5831217E-05
      284.00  0.5578923E-05   0.0000000E+00   0.5578923E-05
      290.00  0.5409131E-05   0.0000000E+00   0.5409131E-05
      296.00  0.5106508E-05   0.0000000E+00   0.5106508E-05
      301.00  0.4342048E-05   0.0000000E+00   0.4342048E-05
      308.00  0.4518265E-05   0.0000000E+00   0.4518265E-05
      318.00  0.4593285E-05   0.0000000E+00   0.4593285E-05
      328.00  0.4272889E-05   0.0000000E+00   0.4272889E-05
      338.00  0.3870402E-05   0.0000000E+00   0.3870402E-05
      348.00  0.3575691E-05   0.0000000E+00   0.3575691E-05
      353.30  0.3463192E-05   0.0000000E+00   0.3463192E-05
      353.30  0.3303383E-05   0.0000000E+00   0.3303383E-05
      357.00  0.3242439E-05   0.0000000E+00   0.3242439E-05
      366.00  0.3094198E-05   0.0000000E+00   0.3094198E-05
      375.00  0.2913854E-05   0.0000000E+00   0.2913854E-05
      385.00  0.2627862E-05   0.0000000E+00   0.2627862E-05
      395.00  0.2524557E-05   0.0000000E+00   0.2524557E-05
      405.00  0.2384803E-05   0.0000000E+00   0.2384803E-05
      414.00  0.2239197E-05   0.0000000E+00   0.2239197E-05
      422.00  0.2115157E-05   0.0000000E+00   0.2115157E-05
      430.00  0.1973289E-05   0.0000000E+00   0.1973289E-05
      441.00  0.1854195E-05   0.0000000E+00   0.1854195E-05
      451.00  0.1746336E-05   0.0000000E+00   0.1746336E-05
      460.00  0.1632811E-05   0.0000000E+00   0.1632811E-05
      470.00  0.1540221E-05   0.0000000E+00   0.1540221E-05
      480.00  0.1459232E-05   0.0000000E+00   0.1459232E-05
      490.00  0.1365178E-05   0.0000000E+00   0.1365178E-05
      500.00  0.1292383E-05   0.0000000E+00   0.1292383E-05
      504.60  0.1269217E-05   0.0000000E+00   0.1269217E-05
      504.60  0.1252096E-05   0.0000000E+00   0.1252096E-05
      506.00  0.1236347E-05   0.0000000E+00   0.1236347E-05
      512.00  0.1189101E-05   0.0000000E+00   0.1189101E-05
      520.00  0.1135174E-05   0.0000000E+00   0.1135174E-05
      530.00  0.1077366E-05   0.0000000E+00   0.1077366E-05
      540.00  0.1012870E-05   0.0000000E+00   0.1012870E-05
      550.00  0.9480081E-06   0.0000000E+00   0.9480081E-06
      560.00  0.8984068E-06   0.0000000E+00   0.8984068E-06
      570.00  0.8545711E-06   0.0000000E+00   0.8545711E-06
      580.00  0.8026780E-06   0.0000000E+00   0.8026780E-06
      590.00  0.7667202E-06   0.0000000E+00   0.7667202E-06
      600.00  0.7257971E-06   0.0000000E+00   0.7257971E-06
      610.00  0.6797222E-06   0.0000000E+00   0.6797222E-06
      620.00  0.6542745E-06   0.0000000E+00   0.6542745E-06
      630.00  0.6156262E-06   0.0000000E+00   0.6156262E-06
      640.00  0.5906119E-06   0.0000000E+00   0.5906119E-06
      650.00  0.5639940E-06   0.0000000E+00   0.5639940E-06
      658.00  0.5404698E-06   0.0000000E+00   0.5404698E-06
      665.00  0.5201151E-06   0.0000000E+00   0.5201151E-06
      675.00  0.4965264E-06   0.0000000E+00   0.4965264E-06
      685.00  0.4725607E-06   0.0000000E+00   0.4725607E-06
      695.00  0.4517252E-06   0.0000000E+00   0.4517252E-06
      705.00  0.4295782E-06   0.0000000E+00   0.4295782E-06
      716.00  0.4089083E-06   0.0000000E+00   0.4089083E-06
      726.00  0.3919711E-06   0.0000000E+00   0.3919711E-06
      735.00  0.3760498E-06   0.0000000E+00   0.3760498E-06
      745.00  0.3596883E-06   0.0000000E+00   0.3596883E-06
      755.00  0.3458209E-06   0.0000000E+00   0.3458209E-06
      765.00  0.3271625E-06   0.0000000E+00   0.3271625E-06
      775.00  0.3164285E-06   0.0000000E+00   0.3164285E-06
      785.00  0.3000598E-06   0.0000000E+00   0.3000598E-06
      795.00  0.2911835E-06   0.0000000E+00   0.2911835E-06
      805.00  0.2813063E-06   0.0000000E+00   0.2813063E-06
      815.00  0.2703885E-06   0.0000000E+00   0.2703885E-06
      825.00  0.2590387E-06   0.0000000E+00   0.2590387E-06
      835.00  0.2496433E-06   0.0000000E+00   0.2496433E-06
      845.00  0.2412064E-06   0.0000000E+00   0.2412064E-06
      855.00  0.2321478E-06   0.0000000E+00   0.2321478E-06
      865.00  0.2235883E-06   0.0000000E+00   0.2235883E-06
      875.00  0.2169063E-06   0.0000000E+00   0.2169063E-06
      885.00  0.2098810E-06   0.0000000E+00   0.2098810E-06
      895.00  0.2025419E-06   0.0000000E+00   0.2025419E-06
      905.00  0.1964495E-06   0.0000000E+00   0.1964495E-06
      912.40  0.1927437E-06   0.6320574E-18   0.1927437E-06
      912.40  0.1484766E-06   0.6320905E-18   0.1484766E-06
      915.00  0.3499500E-06   0.7240597E-18   0.3499500E-06
      925.00  0.1124855E-05   0.1211695E-17   0.1124855E-05
      935.00  0.1602953E-05   0.2005060E-17   0.1602953E-05
      945.00  0.3476036E-05   0.3281954E-17   0.3476036E-05
      955.00  0.1572845E-04   0.5315675E-17   0.1572845E-04
      965.00  0.2186661E-04   0.8522137E-17   0.2186661E-04
      975.00  0.7333097E-05   0.1352821E-16   0.7333097E-05
      985.00  0.5151149E-04   0.2126990E-16   0.5151149E-04
      995.00  0.4913185E-04   0.3313224E-16   0.4913185E-04
     1005.00  0.8457448E-04   0.5114670E-16   0.8457448E-04
     1015.00  0.6526782E-04   0.7826775E-16   0.6526782E-04
     1025.00  0.7362317E-05   0.1187568E-15   0.7362317E-05
     1035.00  0.2757087E-04   0.1787114E-15   0.2757087E-04
     1045.00  0.1227979E-03   0.2667890E-15   0.1227979E-03
     1055.00  0.1668401E-03   0.3951892E-15   0.1668401E-03
     1065.00  0.1410550E-03   0.5809779E-15   0.1410550E-03
     1075.00  0.1796159E-03   0.8478596E-15   0.1796159E-03
     1085.00  0.1321275E-03   0.1228534E-14   0.1321275E-03
     1095.00  0.1850849E-03   0.1767806E-14   0.1850849E-03
     1105.00  0.6103721E-03   0.2526672E-14   0.6103721E-03
     1115.00  0.7946441E-03   0.3587647E-14   0.7946441E-03
     1125.00  0.8864570E-03   0.5061670E-14   0.8864570E-03
     1135.00  0.1022921E-02   0.7097006E-14   0.1022921E-02
     1145.00  0.8989163E-03   0.9890659E-14   0.8989163E-03
     1155.00  0.1113909E-02   0.1370291E-13   0.1113909E-02
     1165.00  0.1255882E-02   0.1887577E-13   0.1255882E-02
     1175.00  0.1092132E-02   0.2585622E-13   0.1092132E-02
     1185.00  0.9211453E-03   0.3522540E-13   0.9211453E-03
     1195.00  0.8111098E-04   0.4773505E-13   0.8111098E-04
     1205.00  0.1575717E-03   0.6435281E-13   0.1575717E-03
     1215.00  0.1608084E-04   0.8631819E-13   0.1608084E-04
     1225.00  0.1146037E-03   0.2104620E-07   0.1146247E-03
     1235.00  0.9194512E-03   0.4013979E-07   0.9194913E-03
     1245.00  0.1672159E-02   0.5636475E-07   0.1672215E-02
     1255.00  0.1621476E-02   0.7021766E-07   0.1621546E-02
     1265.00  0.8040718E-03   0.8206667E-07   0.8041539E-03
     1275.00  0.2392024E-02   0.9220281E-07   0.2392116E-02
     1285.00  0.2878055E-02   0.1008637E-06   0.2878156E-02
     1295.00  0.2267854E-02   0.1082471E-06   0.2267962E-02
     1305.00  0.1672193E-02   0.1145198E-06   0.1672308E-02
     1315.00  0.2634263E-02   0.1198237E-06   0.2634383E-02
     1325.00  0.2799165E-02   0.1242806E-06   0.2799289E-02
     1335.00  0.2162620E-02   0.1279952E-06   0.2162748E-02
     1345.00  0.3126240E-02   0.1310584E-06   0.3126371E-02
     1355.00  0.2983664E-02   0.1335492E-06   0.2983798E-02
     1365.00  0.2502061E-02   0.1355365E-06   0.2502197E-02
     1375.00  0.2995992E-02   0.1370805E-06   0.2996129E-02
     1385.00  0.3055230E-02   0.1382342E-06   0.3055368E-02
     1395.00  0.3148650E-02   0.1390439E-06   0.3148789E-02
     1405.00  0.3073192E-02   0.1395506E-06   0.3073332E-02
     1415.00  0.2771055E-02   0.1397904E-06   0.2771195E-02
     1425.00  0.3042575E-02   0.1397953E-06   0.3042715E-02
     1435.00  0.2748588E-02   0.1395934E-06   0.2748728E-02
     1442.00  0.3088929E-02   0.1393427E-06   0.3089068E-02
     1447.00  0.3358093E-02   0.1391135E-06   0.3358232E-02
     1455.00  0.3166926E-02   0.1386672E-06   0.3167065E-02
     1465.00  0.2817452E-02   0.1379849E-06   0.2817590E-02
     1475.00  0.2672324E-02   0.1371808E-06   0.2672461E-02
     1485.00  0.2919162E-02   0.1362706E-06   0.2919298E-02
     1495.00  0.3129327E-02   0.1352685E-06   0.3129462E-02
     1505.00  0.3027636E-02   0.1341871E-06   0.3027770E-02
     1512.00  0.2587569E-02   0.1333890E-06   0.2587702E-02
     1517.00  0.2950388E-02   0.1328006E-06   0.2950521E-02
     1525.00  0.2459698E-02   0.1318306E-06   0.2459830E-02
     1535.00  0.2054964E-02   0.1305750E-06   0.2055095E-02
     1545.00  0.2783428E-02   0.1292793E-06   0.2783557E-02
     1555.00  0.2437119E-02   0.1279510E-06   0.2437247E-02
     1565.00  0.2263000E-02   0.1265972E-06   0.2263127E-02
     1575.00  0.2369742E-02   0.1252241E-06   0.2369867E-02
     1585.00  0.2659709E-02   0.1238378E-06   0.2659833E-02
     1595.00  0.2763329E-02   0.1224438E-06   0.2763451E-02
     1605.00  0.2581168E-02   0.1210471E-06   0.2581289E-02
     1615.00  0.2615687E-02   0.1196529E-06   0.2615807E-02
     1625.00  0.2356564E-02   0.1182656E-06   0.2356682E-02
     1635.00  0.2491510E-02   0.1168901E-06   0.2491627E-02
     1645.00  0.2566093E-02   0.1155306E-06   0.2566209E-02
     1655.00  0.2209568E-02   0.1141917E-06   0.2209682E-02
     1665.00  0.2491554E-02   0.1128779E-06   0.2491667E-02
     1672.00  0.1793113E-02   0.1119756E-06   0.1793225E-02
     1677.00  0.2399841E-02   0.1113409E-06   0.2399952E-02
     1685.00  0.2717305E-02   0.1103440E-06   0.2717415E-02
     1695.00  0.2518032E-02   0.1091334E-06   0.2518141E-02
     1705.00  0.2301642E-02   0.1079672E-06   0.2301750E-02
     1715.00  0.2125532E-02   0.1068507E-06   0.2125639E-02
     1725.00  0.2098397E-02   0.1057898E-06   0.2098503E-02
     1735.00  0.2268358E-02   0.1047906E-06   0.2268463E-02
     1745.00  0.2254952E-02   0.1038598E-06   0.2255056E-02
     1755.00  0.2543966E-02   0.1030046E-06   0.2544069E-02
     1765.00  0.2124722E-02   0.1022328E-06   0.2124824E-02
     1775.00  0.2338644E-02   0.1015528E-06   0.2338746E-02
     1785.00  0.2348427E-02   0.1009738E-06   0.2348528E-02
     1795.00  0.2597719E-02   0.1005055E-06   0.2597820E-02
     1805.00  0.2510985E-02   0.1001590E-06   0.2511085E-02
     1815.00  0.2385950E-02   0.9994615E-07   0.2386050E-02
     1825.00  0.2342086E-02   0.9987991E-07   0.2342186E-02
     1835.00  0.2235508E-02   0.9997438E-07   0.2235608E-02
     1845.00  0.2021931E-02   0.1002449E-06   0.2022031E-02
     1855.00  0.2063453E-02   0.1007081E-06   0.2063554E-02
     1865.00  0.2107620E-02   0.1013823E-06   0.2107721E-02
     1875.00  0.2328358E-02   0.1022871E-06   0.2328460E-02
     1885.00  0.2170876E-02   0.1034439E-06   0.2170979E-02
     1895.00  0.2121938E-02   0.1048761E-06   0.2122043E-02
     1905.00  0.2129875E-02   0.1066087E-06   0.2129982E-02
     1915.00  0.2137026E-02   0.1086692E-06   0.2137135E-02
     1925.00  0.2146462E-02   0.1110869E-06   0.2146573E-02
     1935.00  0.2171304E-02   0.1138940E-06   0.2171418E-02
     1945.00  0.2219438E-02   0.1171257E-06   0.2219555E-02
     1955.00  0.2123641E-02   0.1208200E-06   0.2123762E-02
     1967.00  0.2325804E-02   0.1259192E-06   0.2325930E-02
     1976.00  0.2379615E-02   0.1302631E-06   0.2379745E-02
     1984.00  0.2233744E-02   0.1345287E-06   0.2233879E-02
     1995.00  0.2117558E-02   0.1410645E-06   0.2117699E-02
     2005.00  0.2168313E-02   0.1477345E-06   0.2168461E-02
     2015.00  0.2018710E-02   0.1551575E-06   0.2018865E-02
     2025.00  0.2155614E-02   0.1633953E-06   0.2155777E-02
     2035.00  0.2053766E-02   0.1725132E-06   0.2053939E-02
     2045.00  0.2157437E-02   0.1825821E-06   0.2157620E-02
     2055.00  0.2033984E-02   0.6531565E-07   0.2034049E-02
     2065.00  0.2019504E-02   0.6444277E-07   0.2019568E-02
     2074.00  0.2153148E-02   0.6366971E-07   0.2153212E-02
     2078.00  0.2118312E-02   0.6332991E-07   0.2118375E-02
     2085.00  0.2137440E-02   0.6274084E-07   0.2137503E-02
     2095.00  0.2013282E-02   0.6191150E-07   0.2013344E-02
     2105.00  0.1969236E-02   0.6109641E-07   0.1969297E-02
     2115.00  0.1973764E-02   0.6029542E-07   0.1973824E-02
     2125.00  0.2009422E-02   0.5950840E-07   0.2009482E-02
     2135.00  0.1738473E-02   0.5873523E-07   0.1738532E-02
     2145.00  0.1895075E-02   0.5797579E-07   0.1895133E-02
     2155.00  0.1969142E-02   0.5722997E-07   0.1969199E-02
     2165.00  0.1850630E-02   0.5649766E-07   0.1850686E-02
     2175.00  0.1806282E-02   0.5577876E-07   0.1806338E-02
     2185.00  0.1769594E-02   0.5507319E-07   0.1769649E-02
     2195.00  0.1897223E-02   0.5438085E-07   0.1897277E-02
     2205.00  0.1790586E-02   0.5370164E-07   0.1790640E-02
     2215.00  0.1650962E-02   0.5303551E-07   0.1651015E-02
     2225.00  0.1564073E-02   0.5238237E-07   0.1564125E-02
     2235.00  0.1745012E-02   0.5174217E-07   0.1745064E-02
     2245.00  0.1563301E-02   0.5111486E-07   0.1563352E-02
     2255.00  0.1493626E-02   0.5050038E-07   0.1493677E-02
     2265.00  0.1550498E-02   0.4989871E-07   0.1550548E-02
     2275.00  0.1620486E-02   0.4930980E-07   0.1620535E-02
     2285.00  0.1674483E-02   0.4873365E-07   0.1674532E-02
     2295.00  0.1589768E-02   0.4817022E-07   0.1589816E-02
     2305.00  0.1503380E-02   0.4761953E-07   0.1503428E-02
     2315.00  0.1404500E-02   0.4708158E-07   0.1404547E-02
     2325.00  0.1039615E-02   0.4655638E-07   0.1039662E-02
     2335.00  0.1279990E-02   0.4604396E-07   0.1280036E-02
     2345.00  0.1207791E-02   0.4554434E-07   0.1207837E-02
     2355.00  0.1373344E-02   0.4505758E-07   0.1373389E-02
     2365.00  0.1183632E-02   0.4458371E-07   0.1183677E-02
     2375.00  0.1244232E-02   0.4412281E-07   0.1244276E-02
     2385.00  0.1102123E-02   0.4367494E-07   0.1102167E-02
     2395.00  0.1248682E-02   0.4324019E-07   0.1248725E-02
     2405.00  0.1163261E-02   0.4281866E-07   0.1163304E-02
     2415.00  0.1209514E-02   0.4241047E-07   0.1209556E-02
     2425.00  0.1304554E-02   0.4201570E-07   0.1304596E-02
     2435.00  0.1232284E-02   0.4163448E-07   0.1232326E-02
     2445.00  0.1348195E-02   0.4126695E-07   0.1348236E-02
     2455.00  0.1288805E-02   0.4091324E-07   0.1288846E-02
     2465.00  0.1299882E-02   0.4057351E-07   0.1299923E-02
     2475.00  0.1228895E-02   0.4024793E-07   0.1228935E-02
     2485.00  0.1319301E-02   0.3993668E-07   0.1319341E-02
     2495.00  0.1267789E-02   0.3963993E-07   0.1267829E-02
     2505.00  0.1407231E-02   0.3935790E-07   0.1407270E-02
     2513.00  0.1225728E-02   0.3914300E-07   0.1225767E-02
     2518.00  0.1272498E-02   0.3901359E-07   0.1272537E-02
     2525.00  0.1175225E-02   0.3883881E-07   0.1175264E-02
     2535.00  0.1195139E-02   0.3860222E-07   0.1195178E-02
     2545.00  0.1161122E-02   0.3838130E-07   0.1161160E-02
     2555.00  0.1256008E-02   0.3817626E-07   0.1256046E-02
     2565.00  0.1224368E-02   0.3798739E-07   0.1224406E-02
     2575.00  0.1332783E-02   0.3781495E-07   0.1332821E-02
     2585.00  0.1302846E-02   0.3765924E-07   0.1302884E-02
     2595.00  0.1275238E-02   0.3752056E-07   0.1275276E-02
     2605.00  0.1210487E-02   0.3408528E-07   0.1210521E-02
     2615.00  0.1200387E-02   0.3380740E-07   0.1200421E-02
     2625.00  0.1274425E-02   0.3354011E-07   0.1274459E-02
     2635.00  0.1282540E-02   0.3328353E-07   0.1282573E-02
     2645.00  0.1416636E-02   0.3303780E-07   0.1416669E-02
     2655.00  0.1394532E-02   0.3280304E-07   0.1394565E-02
     2665.00  0.1259701E-02   0.3257941E-07   0.1259734E-02
     2675.00  0.1334000E-02   0.3236705E-07   0.1334032E-02
     2685.00  0.1298905E-02   0.3216614E-07   0.1298937E-02
     2695.00  0.1256321E-02   0.3197684E-07   0.1256353E-02
     2705.00  0.1302903E-02   0.3179933E-07   0.1302935E-02
     2715.00  0.1226668E-02   0.3163381E-07   0.1226700E-02
     2725.00  0.1238164E-02   0.3148046E-07   0.1238195E-02
     2735.00  0.1329600E-02   0.3133950E-07   0.1329631E-02
     2745.00  0.1109583E-02   0.3121114E-07   0.1109614E-02
     2755.00  0.1115974E-02   0.3109562E-07   0.1116005E-02
     2765.00  0.1158336E-02   0.3099315E-07   0.1158367E-02
     2775.00  0.1236823E-02   0.3090400E-07   0.1236854E-02
     2785.00  0.1205103E-02   0.3082840E-07   0.1205134E-02
     2795.00  0.8773663E-03   0.3076663E-07   0.8773971E-03
     2805.00  0.9913998E-03   0.3071895E-07   0.9914305E-03
     2815.00  0.1245747E-02   0.3068566E-07   0.1245778E-02
     2825.00  0.1277044E-02   0.3066703E-07   0.1277075E-02
     2835.00  0.1206241E-02   0.3066338E-07   0.1206272E-02
     2845.00  0.1162055E-02   0.3067501E-07   0.1162086E-02
     2855.00  0.1148265E-02   0.3070214E-07   0.1148296E-02
     2865.00  0.1224174E-02   0.3074509E-07   0.1224205E-02
     2875.00  0.1182271E-02   0.3080428E-07   0.1182302E-02
     2885.00  0.1198073E-02   0.3088007E-07   0.1198104E-02
     2895.00  0.1155476E-02   0.3097282E-07   0.1155507E-02
     2910.00  0.1269503E-02   0.3114453E-07   0.1269534E-02
     2930.00  0.1216293E-02   0.3143635E-07   0.1216324E-02
     2950.00  0.1206957E-02   0.3180296E-07   0.1206989E-02
     2970.00  0.1210810E-02   0.3224771E-07   0.1210842E-02
     2990.00  0.1210279E-02   0.3277414E-07   0.1210312E-02
     3010.00  0.1235486E-02   0.3338593E-07   0.1235519E-02
     3030.00  0.1210009E-02   0.3408695E-07   0.1210043E-02
     3050.00  0.1191616E-02   0.3488122E-07   0.1191651E-02
     3070.00  0.1175104E-02   0.3577296E-07   0.1175140E-02
     3090.00  0.1185210E-02   0.3676651E-07   0.1185247E-02
     3110.00  0.1148114E-02   0.3786642E-07   0.1148152E-02
     3130.00  0.1138144E-02   0.3817151E-07   0.1138182E-02
     3150.00  0.1142091E-02   0.3943057E-07   0.1142130E-02
     3170.00  0.1123102E-02   0.4080664E-07   0.1123143E-02
     3190.00  0.1075301E-02   0.4230476E-07   0.1075343E-02
     3210.00  0.1096993E-02   0.4393016E-07   0.1097037E-02
     3230.00  0.1072466E-02   0.4568822E-07   0.1072512E-02
     3250.00  0.1073861E-02   0.4758447E-07   0.1073909E-02
     3270.00  0.1075601E-02   0.4962397E-07   0.1075651E-02
     3290.00  0.1068754E-02   0.5181264E-07   0.1068806E-02
     3310.00  0.1066700E-02   0.5415679E-07   0.1066754E-02
     3330.00  0.1044595E-02   0.5666256E-07   0.1044652E-02
     3350.00  0.1027065E-02   0.5933626E-07   0.1027124E-02
     3370.00  0.1013790E-02   0.6218433E-07   0.1013852E-02
     3390.00  0.1000201E-02   0.6521336E-07   0.1000266E-02
     3410.00  0.1006485E-02   0.6843010E-07   0.1006553E-02
     3430.00  0.9956794E-03   0.6452633E-07   0.9957439E-03
     3450.00  0.9867227E-03   0.6765340E-07   0.9867904E-03
     3470.00  0.9705998E-03   0.7096378E-07   0.9706708E-03
     3490.00  0.9633369E-03   0.7446383E-07   0.9634114E-03
     3510.00  0.9681993E-03   0.7816017E-07   0.9682775E-03
     3530.00  0.9598071E-03   0.8206044E-07   0.9598892E-03
     3550.00  0.9588821E-03   0.8617050E-07   0.9589683E-03
     3570.00  0.9322904E-03   0.9049720E-07   0.9323809E-03
     3590.00  0.9208375E-03   0.9504749E-07   0.9209325E-03
     3610.00  0.9181801E-03   0.9982842E-07   0.9182799E-03
     3630.00  0.9119902E-03   0.1048472E-06   0.9120950E-03
     3640.00  0.9106831E-03   0.1074480E-06   0.9107905E-03
     3650.00  0.9269962E-03   0.1263119E-07   0.9270088E-03
     3670.00  0.8981121E-03   0.1251945E-07   0.8981246E-03
     3690.00  0.8230780E-03   0.1098447E-07   0.8230890E-03
     3710.00  0.9131162E-03   0.1080611E-07   0.9131270E-03
     3730.00  0.9349574E-03   0.1063225E-07   0.9349680E-03
     3750.00  0.1154244E-02   0.1046281E-07   0.1154254E-02
     3770.00  0.1192186E-02   0.1029768E-07   0.1192196E-02
     3790.00  0.1398798E-02   0.1013678E-07   0.1398808E-02
     3810.00  0.1567800E-02   0.9980008E-08   0.1567810E-02
     3830.00  0.1265045E-02   0.9827292E-08   0.1265055E-02
     3850.00  0.1645747E-02   0.9678548E-08   0.1645757E-02
     3870.00  0.1782770E-02   0.9533696E-08   0.1782780E-02
     3890.00  0.1150724E-02   0.9392662E-08   0.1150733E-02
     3910.00  0.1755415E-02   0.9255373E-08   0.1755424E-02
     3930.00  0.1663422E-02   0.9121758E-08   0.1663431E-02
     3950.00  0.1707553E-02   0.8991750E-08   0.1707562E-02
     3970.00  0.1061041E-02   0.8865287E-08   0.1061050E-02
     3990.00  0.1678814E-02   0.8742314E-08   0.1678823E-02
     4010.00  0.1766981E-02   0.8622760E-08   0.1766990E-02
     4030.00  0.1735786E-02   0.8506566E-08   0.1735795E-02
     4050.00  0.1730729E-02   0.8393675E-08   0.1730737E-02
     4070.00  0.1667619E-02   0.8284033E-08   0.1667627E-02
     4090.00  0.1440385E-02   0.8177588E-08   0.1440393E-02
     4110.00  0.1148745E-02   0.8074289E-08   0.1148753E-02
     4130.00  0.1566584E-02   0.7974087E-08   0.1566592E-02
     4150.00  0.1616332E-02   0.7876935E-08   0.1616340E-02
     4170.00  0.1597782E-02   0.7782789E-08   0.1597790E-02
     4190.00  0.1583293E-02   0.7691604E-08   0.1583301E-02
     4210.00  0.1566159E-02   0.7603338E-08   0.1566167E-02
     4230.00  0.1533257E-02   0.7517950E-08   0.1533265E-02
     4250.00  0.1521758E-02   0.7435402E-08   0.1521765E-02
     4270.00  0.1480439E-02   0.7355656E-08   0.1480446E-02
     4290.00  0.1475490E-02   0.7278675E-08   0.1475497E-02
     4310.00  0.1409238E-02   0.7204424E-08   0.1409245E-02
     4330.00  0.1188908E-02   0.7132869E-08   0.1188915E-02
     4350.00  0.1042973E-02   0.7063978E-08   0.1042980E-02
     4370.00  0.1401325E-02   0.6997720E-08   0.1401332E-02
     4390.00  0.1380066E-02   0.6934064E-08   0.1380073E-02
     4410.00  0.1382589E-02   0.6872980E-08   0.1382596E-02
     4430.00  0.1366431E-02   0.6814440E-08   0.1366438E-02
     4450.00  0.1367771E-02   0.6758417E-08   0.1367778E-02
     4470.00  0.1348740E-02   0.6704885E-08   0.1348747E-02
     4490.00  0.1330308E-02   0.6653818E-08   0.1330315E-02
     4510.00  0.1354620E-02   0.6605191E-08   0.1354627E-02
     4530.00  0.1306384E-02   0.6558982E-08   0.1306391E-02
     4550.00  0.1286225E-02   0.6515167E-08   0.1286232E-02
     4570.00  0.1310128E-02   0.6473723E-08   0.1310134E-02
     4590.00  0.1271860E-02   0.6434631E-08   0.1271866E-02
     4610.00  0.1278352E-02   0.6397868E-08   0.1278358E-02
     4630.00  0.1238619E-02   0.6363416E-08   0.1238625E-02
     4650.00  0.1244441E-02   0.6331255E-08   0.1244447E-02
     4670.00  0.1235998E-02   0.6301366E-08   0.1236004E-02
     4690.00  0.1213472E-02   0.6273731E-08   0.1213478E-02
     4710.00  0.1175625E-02   0.6248334E-08   0.1175631E-02
     4730.00  0.1191561E-02   0.6225156E-08   0.1191567E-02
     4750.00  0.1183676E-02   0.6204182E-08   0.1183682E-02
     4770.00  0.1172410E-02   0.6185396E-08   0.1172416E-02
     4790.00  0.1156864E-02   0.6168782E-08   0.1156870E-02
     4810.00  0.1135502E-02   0.6154320E-08   0.1135508E-02
     4830.00  0.1113028E-02   0.6141994E-08   0.1113034E-02
     4850.00  0.9436902E-03   0.6131796E-08   0.9436963E-03
     4870.00  0.7933848E-03   0.6123713E-08   0.7933909E-03
     4890.00  0.1060121E-02   0.6117731E-08   0.1060127E-02
     4910.00  0.1074839E-02   0.6113837E-08   0.1074845E-02
     4930.00  0.1054412E-02   0.6112019E-08   0.1054418E-02
     4950.00  0.1063585E-02   0.6112264E-08   0.1063591E-02
     4970.00  0.1051178E-02   0.6114561E-08   0.1051184E-02
     4990.00  0.1020097E-02   0.6118898E-08   0.1020103E-02
     5010.00  0.9832813E-03   0.6125264E-08   0.9832874E-03
     5030.00  0.9934944E-03   0.6133648E-08   0.9935005E-03
     5050.00  0.9700701E-03   0.6144038E-08   0.9700762E-03
     5070.00  0.9841919E-03   0.6156430E-08   0.9841981E-03
     5090.00  0.9602964E-03   0.6170834E-08   0.9603026E-03
     5110.00  0.9539933E-03   0.6187213E-08   0.9539995E-03
     5130.00  0.9377978E-03   0.6205560E-08   0.9378040E-03
     5150.00  0.9155682E-03   0.6225862E-08   0.9155744E-03
     5170.00  0.8925402E-03   0.6248113E-08   0.8925464E-03
     5190.00  0.8933446E-03   0.6272301E-08   0.8933509E-03
     5210.00  0.8920818E-03   0.6298417E-08   0.8920881E-03
     5230.00  0.8999382E-03   0.6326453E-08   0.8999445E-03
     5250.00  0.9078426E-03   0.6356399E-08   0.9078490E-03
     5270.00  0.8654469E-03   0.6388248E-08   0.8654533E-03
     5290.00  0.8981899E-03   0.6421989E-08   0.8981963E-03
     5310.00  0.8977381E-03   0.6457615E-08   0.8977446E-03
     5330.00  0.8619601E-03   0.6495117E-08   0.8619666E-03
     5350.00  0.8800708E-03   0.6534486E-08   0.8800773E-03
     5370.00  0.8702366E-03   0.6575702E-08   0.8702432E-03
     5390.00  0.8534315E-03   0.6618733E-08   0.8534381E-03
     5410.00  0.8421118E-03   0.6663602E-08   0.8421185E-03
     5430.00  0.8393349E-03   0.6710301E-08   0.8393416E-03
     5450.00  0.8414167E-03   0.6758821E-08   0.8414235E-03
     5470.00  0.8255573E-03   0.6809155E-08   0.8255641E-03
     5490.00  0.8181955E-03   0.6861294E-08   0.8182024E-03
     5510.00  0.8098049E-03   0.6915230E-08   0.8098118E-03
     5530.00  0.8143028E-03   0.6970956E-08   0.8143098E-03
     5550.00  0.8117541E-03   0.7028463E-08   0.8117611E-03
     5570.00  0.8010736E-03   0.7087743E-08   0.8010807E-03
     5590.00  0.7895083E-03   0.7148788E-08   0.7895154E-03
     5610.00  0.7935245E-03   0.7211590E-08   0.7935317E-03
     5630.00  0.7823252E-03   0.7276142E-08   0.7823325E-03
     5650.00  0.7774485E-03   0.7342435E-08   0.7774558E-03
     5670.00  0.7665256E-03   0.7410462E-08   0.7665330E-03
     5690.00  0.7722684E-03   0.7480214E-08   0.7722759E-03
     5710.00  0.7551656E-03   0.3912123E-08   0.7551695E-03
     5730.00  0.7729852E-03   0.3909930E-08   0.7729891E-03
     5750.00  0.7526609E-03   0.3908519E-08   0.7526648E-03
     5770.00  0.7517644E-03   0.3907882E-08   0.7517683E-03
     5790.00  0.7317147E-03   0.3908009E-08   0.7317186E-03
     5810.00  0.7412350E-03   0.3908895E-08   0.7412389E-03
     5830.00  0.7467866E-03   0.3910531E-08   0.7467905E-03
     5850.00  0.7304831E-03   0.3912908E-08   0.7304870E-03
     5870.00  0.7214710E-03   0.3916021E-08   0.7214749E-03
     5890.00  0.6734288E-03   0.3919861E-08   0.6734327E-03
     5910.00  0.7087989E-03   0.3924422E-08   0.7088028E-03
     5930.00  0.7085865E-03   0.3929696E-08   0.7085904E-03
     5950.00  0.6994926E-03   0.3935676E-08   0.6994965E-03
     5970.00  0.7030791E-03   0.3942354E-08   0.7030830E-03
     5990.00  0.6888028E-03   0.3949725E-08   0.6888067E-03
     6010.00  0.6826192E-03   0.3957782E-08   0.6826232E-03
     6030.00  0.6888594E-03   0.3966516E-08   0.6888634E-03
     6050.00  0.6883674E-03   0.3975923E-08   0.6883714E-03
     6070.00  0.6844837E-03   0.3985995E-08   0.6844877E-03
     6090.00  0.6667965E-03   0.3996726E-08   0.6668005E-03
     6110.00  0.6643485E-03   0.4008109E-08   0.6643525E-03
     6130.00  0.6427183E-03   0.4020138E-08   0.6427223E-03
     6150.00  0.6407181E-03   0.4032807E-08   0.6407221E-03
     6170.00  0.6295349E-03   0.4046109E-08   0.6295389E-03
     6190.00  0.6417692E-03   0.4060038E-08   0.6417733E-03
     6210.00  0.6330646E-03   0.4074589E-08   0.6330687E-03
     6230.00  0.6191951E-03   0.4089755E-08   0.6191992E-03
     6250.00  0.6025238E-03   0.4105530E-08   0.6025279E-03
     6270.00  0.6146939E-03   0.4121909E-08   0.6146980E-03
     6290.00  0.6188739E-03   0.4138885E-08   0.6188780E-03
     6310.00  0.6051526E-03   0.4156453E-08   0.6051568E-03
     6330.00  0.6068311E-03   0.4174607E-08   0.6068353E-03
     6350.00  0.5940027E-03   0.4193340E-08   0.5940069E-03
     6370.00  0.5909235E-03   0.4212649E-08   0.5909277E-03
     6390.00  0.5995362E-03   0.4232527E-08   0.5995404E-03
     6410.00  0.5909706E-03   0.4252968E-08   0.5909749E-03
     6430.00  0.5894159E-03   0.4273967E-08   0.5894202E-03
     6450.00  0.5829408E-03   0.4295518E-08   0.5829451E-03
     6470.00  0.5823646E-03   0.4317617E-08   0.5823689E-03
     6490.00  0.5691778E-03   0.4340257E-08   0.5691821E-03
     6510.00  0.5747153E-03   0.4363434E-08   0.5747197E-03
     6530.00  0.5643284E-03   0.4387093E-08   0.5643328E-03
     6550.00  0.5236810E-03   0.4411260E-08   0.5236854E-03
     6570.00  0.4603635E-03   0.4435945E-08   0.4603679E-03
     6590.00  0.5478151E-03   0.4461141E-08   0.5478196E-03
     6610.00  0.5577171E-03   0.4486843E-08   0.5577216E-03
     6630.00  0.5536062E-03   0.4513047E-08   0.5536107E-03
     6650.00  0.5522721E-03   0.4487404E-08   0.5522766E-03
     6670.00  0.5412956E-03   0.4514069E-08   0.5413001E-03
     6690.00  0.5423489E-03   0.4541221E-08   0.5423534E-03
     6710.00  0.5274381E-03   0.4568854E-08   0.5274427E-03
     6730.00  0.5333766E-03   0.4596963E-08   0.5333812E-03
     6750.00  0.5247680E-03   0.4625544E-08   0.5247726E-03
     6770.00  0.5237567E-03   0.4654592E-08   0.5237614E-03
     6790.00  0.5160805E-03   0.4684102E-08   0.5160852E-03
     6810.00  0.5165427E-03   0.4714068E-08   0.5165474E-03
     6830.00  0.5166829E-03   0.4744487E-08   0.5166876E-03
     6850.00  0.5071525E-03   0.4775353E-08   0.5071573E-03
     6870.00  0.5094353E-03   0.4806663E-08   0.5094401E-03
     6890.00  0.5126019E-03   0.4838411E-08   0.5126067E-03
     6910.00  0.5090971E-03   0.4870592E-08   0.5091020E-03
     6930.00  0.5021202E-03   0.4903202E-08   0.5021251E-03
     6950.00  0.4992319E-03   0.4936236E-08   0.4992368E-03
     6970.00  0.5020423E-03   0.4969691E-08   0.5020473E-03
     6990.00  0.4967032E-03   0.5003561E-08   0.4967082E-03
     7010.00  0.4907929E-03   0.5037841E-08   0.4907979E-03
     7030.00  0.4954320E-03   0.5072534E-08   0.4954371E-03
     7050.00  0.4932979E-03   0.5107630E-08   0.4933030E-03
     7070.00  0.4814117E-03   0.5143123E-08   0.4814168E-03
     7090.00  0.4687681E-03   0.5179008E-08   0.4687733E-03
     7110.00  0.4543628E-03   0.5215282E-08   0.4543680E-03
     7130.00  0.4474584E-03   0.5251939E-08   0.4474637E-03
     7150.00  0.4460519E-03   0.5288975E-08   0.4460572E-03
     7170.00  0.4479057E-03   0.5326387E-08   0.4479110E-03
     7190.00  0.4407222E-03   0.5364169E-08   0.4407276E-03
     7210.00  0.4449975E-03   0.5402318E-08   0.4450029E-03
     7230.00  0.4490228E-03   0.5440829E-08   0.4490282E-03
     7250.00  0.4490058E-03   0.5479699E-08   0.4490113E-03
     7270.00  0.4482562E-03   0.5518922E-08   0.4482617E-03
     7290.00  0.4429644E-03   0.5558495E-08   0.4429700E-03
     7310.00  0.4489485E-03   0.5598413E-08   0.4489541E-03
     7330.00  0.4482862E-03   0.5638673E-08   0.4482918E-03
     7350.00  0.4479238E-03   0.5679271E-08   0.4479295E-03
     7370.00  0.4562997E-03   0.5720201E-08   0.4563054E-03
     7390.00  0.4474393E-03   0.5761461E-08   0.4474451E-03
     7410.00  0.4456743E-03   0.5803046E-08   0.4456801E-03
     7430.00  0.4477183E-03   0.5844953E-08   0.4477241E-03
     7450.00  0.4462692E-03   0.5866682E-08   0.4462751E-03
     7470.00  0.4462312E-03   0.5909046E-08   0.4462371E-03
     7490.00  0.4442055E-03   0.5951720E-08   0.4442115E-03
     7510.00  0.4473436E-03   0.5994699E-08   0.4473496E-03
     7530.00  0.4517091E-03   0.6037982E-08   0.4517151E-03
     7550.00  0.4520909E-03   0.6081563E-08   0.4520970E-03
     7570.00  0.4493498E-03   0.6125438E-08   0.4493559E-03
     7590.00  0.4391283E-03   0.6169604E-08   0.4391345E-03
     7610.00  0.4343803E-03   0.6214033E-08   0.4343865E-03
     7630.00  0.4280480E-03   0.6258717E-08   0.4280543E-03
     7650.00  0.4212635E-03   0.6303679E-08   0.4212698E-03
     7670.00  0.4073812E-03   0.6348914E-08   0.4073875E-03
     7690.00  0.4118275E-03   0.6394418E-08   0.4118339E-03
     7710.00  0.4054621E-03   0.6440189E-08   0.4054685E-03
     7730.00  0.4031747E-03   0.6486222E-08   0.4031812E-03
     7750.00  0.4005719E-03   0.6532513E-08   0.4005784E-03
     7770.00  0.3990195E-03   0.6579060E-08   0.3990261E-03
     7790.00  0.4040691E-03   0.6625858E-08   0.4040757E-03
     7810.00  0.4018145E-03   0.6672903E-08   0.4018212E-03
     7830.00  0.3982429E-03   0.6720193E-08   0.3982496E-03
     7850.00  0.3905752E-03   0.6767724E-08   0.3905820E-03
     7870.00  0.3938104E-03   0.6609377E-08   0.3938170E-03
     7890.00  0.3846913E-03   0.6655775E-08   0.3846980E-03
     7910.00  0.3782601E-03   0.6702403E-08   0.3782668E-03
     7930.00  0.3799139E-03   0.6749256E-08   0.3799206E-03
     7950.00  0.3730521E-03   0.6796332E-08   0.3730589E-03
     7970.00  0.3832912E-03   0.6843627E-08   0.3832980E-03
     7990.00  0.3794218E-03   0.6891137E-08   0.3794287E-03
     8010.00  0.3838318E-03   0.6938860E-08   0.3838387E-03
     8030.00  0.3831773E-03   0.6986792E-08   0.3831843E-03
     8050.00  0.3821325E-03   0.7034930E-08   0.3821395E-03
     8070.00  0.3819254E-03   0.7083271E-08   0.3819325E-03
     8090.00  0.3783492E-03   0.7131811E-08   0.3783563E-03
     8110.00  0.3792170E-03   0.7180546E-08   0.3792242E-03
     8130.00  0.3879475E-03   0.7229475E-08   0.3879547E-03
     8150.00  0.3923643E-03   0.7278593E-08   0.3923716E-03
     8170.00  0.3987276E-03   0.7327898E-08   0.3987349E-03
     8190.00  0.3852078E-03   0.7377387E-08   0.3852152E-03
     8210.00  0.3775705E-03   0.6178104E-08   0.3775767E-03
     8230.00  0.3803707E-03   0.1311310E-08   0.3803720E-03
     8250.00  0.3799895E-03   0.1309993E-08   0.3799908E-03
     8270.00  0.3806887E-03   0.1308750E-08   0.3806900E-03
     8290.00  0.3749628E-03   0.1255557E-08   0.3749641E-03
     8310.00  0.3624899E-03   0.1254081E-08   0.3624912E-03
     8330.00  0.3603114E-03   0.1252676E-08   0.3603127E-03
     8350.00  0.3578870E-03   0.1251342E-08   0.3578883E-03
     8370.00  0.3587396E-03   0.1250077E-08   0.3587409E-03
     8390.00  0.3475705E-03   0.1248881E-08   0.3475717E-03
     8410.00  0.3556298E-03   0.1247752E-08   0.3556310E-03
     8430.00  0.3397983E-03   0.1246690E-08   0.3397995E-03
     8450.00  0.3287870E-03   0.1245693E-08   0.3287882E-03
     8470.00  0.3263337E-03   0.1244762E-08   0.3263349E-03
     8490.00  0.3318916E-03   0.1243894E-08   0.3318928E-03
     8510.00  0.3117061E-03   0.1243089E-08   0.3117073E-03
     8530.00  0.3309887E-03   0.1242347E-08   0.3309899E-03
     8550.00  0.2818571E-03   0.1241666E-08   0.2818583E-03
     8570.00  0.3477658E-03   0.1241045E-08   0.3477670E-03
     8590.00  0.3302602E-03   0.1240484E-08   0.3302614E-03
     8610.00  0.3303173E-03   0.1239982E-08   0.3303185E-03
     8630.00  0.3551628E-03   0.1239538E-08   0.3551640E-03
     8650.00  0.3434550E-03   0.1239152E-08   0.3434562E-03
     8670.00  0.2827378E-03   0.1238821E-08   0.2827390E-03
     8690.00  0.3412616E-03   0.1238547E-08   0.3412628E-03
     8710.00  0.3582023E-03   0.1238327E-08   0.3582035E-03
     8730.00  0.3539809E-03   0.1238161E-08   0.3539821E-03
     8750.00  0.3214975E-03   0.1238049E-08   0.3214987E-03
     8770.00  0.3501265E-03   0.1237989E-08   0.3501277E-03
     8790.00  0.3655258E-03   0.1237982E-08   0.3655270E-03
     8810.00  0.3615574E-03   0.1238025E-08   0.3615586E-03
     8830.00  0.3603340E-03   0.1238119E-08   0.3603352E-03
     8850.00  0.3443652E-03   0.1238263E-08   0.3443664E-03
     8870.00  0.3118792E-03   0.1238455E-08   0.3118804E-03
     8890.00  0.3440912E-03   0.1238697E-08   0.3440924E-03
     8910.00  0.3529564E-03   0.1238985E-08   0.3529576E-03
     8930.00  0.3481637E-03   0.1239321E-08   0.3481649E-03
     8950.00  0.3505351E-03   0.1239703E-08   0.3505363E-03
     8970.00  0.3492707E-03   0.1240131E-08   0.3492719E-03
     8990.00  0.3436710E-03   0.1240604E-08   0.3436722E-03
     9010.00  0.3146587E-03   0.1241121E-08   0.3146599E-03
     9030.00  0.3356895E-03   0.1241682E-08   0.3356907E-03
     9050.00  0.3606543E-03   0.1242286E-08   0.3606555E-03
     9070.00  0.3600192E-03   0.1242932E-08   0.3600204E-03
     9090.00  0.3574905E-03   0.1243621E-08   0.3574917E-03
     9110.00  0.3664680E-03   0.1244350E-08   0.3664692E-03
     9130.00  0.3720584E-03   0.1245121E-08   0.3720596E-03
     9150.00  0.3689118E-03   0.1245933E-08   0.3689130E-03
     9170.00  0.3673351E-03   0.1246784E-08   0.3673363E-03
     9190.00  0.3695119E-03   0.1247673E-08   0.3695131E-03
     9210.00  0.3434448E-03   0.1248602E-08   0.3434460E-03
     9230.00  0.3040796E-03   0.1249568E-08   0.3040808E-03
     9250.00  0.3242823E-03   0.1250571E-08   0.3242836E-03
     9270.00  0.3343170E-03   0.1251611E-08   0.3343183E-03
     9290.00  0.3325672E-03   0.1252687E-08   0.3325685E-03
     9310.00  0.3346695E-03   0.1253798E-08   0.3346708E-03
     9330.00  0.3365366E-03   0.1254944E-08   0.3365379E-03
     9350.00  0.3354241E-03   0.1256126E-08   0.3354254E-03
     9370.00  0.3289511E-03   0.1257341E-08   0.3289524E-03
     9390.00  0.3345387E-03   0.1258590E-08   0.3345400E-03
     9410.00  0.3288226E-03   0.1259871E-08   0.3288239E-03
     9430.00  0.3381205E-03   0.1261186E-08   0.3381218E-03
     9450.00  0.3340128E-03   0.1262532E-08   0.3340141E-03
     9470.00  0.3419766E-03   0.1263909E-08   0.3419779E-03
     9490.00  0.3422979E-03   0.1265318E-08   0.3422992E-03
     9510.00  0.3349037E-03   0.1266757E-08   0.3349050E-03
     9530.00  0.3266602E-03   0.1268227E-08   0.3266615E-03
     9550.00  0.2964332E-03   0.1269726E-08   0.2964345E-03
     9570.00  0.3184216E-03   0.1271254E-08   0.3184229E-03
     9590.00  0.3258962E-03   0.1272811E-08   0.3258975E-03
     9610.00  0.3197410E-03   0.1274396E-08   0.3197423E-03
     9630.00  0.3181142E-03   0.1276009E-08   0.3181155E-03
     9650.00  0.3132242E-03   0.1277649E-08   0.3132255E-03
     9670.00  0.3116764E-03   0.1279317E-08   0.3116777E-03
     9690.00  0.3164037E-03   0.1281010E-08   0.3164050E-03
     9710.00  0.3116722E-03   0.1282730E-08   0.3116735E-03
     9730.00  0.3086187E-03   0.1284475E-08   0.3086200E-03
     9750.00  0.3073844E-03   0.1286246E-08   0.3073857E-03
     9770.00  0.3094363E-03   0.1288041E-08   0.3094376E-03
     9790.00  0.3062421E-03   0.1289861E-08   0.3062434E-03
     9810.00  0.3137481E-03   0.1291705E-08   0.3137494E-03
     9830.00  0.3103288E-03   0.1293572E-08   0.3103301E-03
     9850.00  0.3138703E-03   0.1295463E-08   0.3138716E-03
     9870.00  0.3124274E-03   0.1297377E-08   0.3124287E-03
     9890.00  0.3119442E-03   0.1299313E-08   0.3119455E-03
     9910.00  0.3035403E-03   0.1301271E-08   0.3035416E-03
     9930.00  0.3073856E-03   0.1303250E-08   0.3073869E-03
     9950.00  0.3093370E-03   0.1305251E-08   0.3093383E-03
     9970.00  0.3099463E-03   0.1307273E-08   0.3099476E-03
     9990.00  0.3086348E-03   0.1309316E-08   0.3086361E-03
    10025.00  0.3027286E-03   0.1312939E-08   0.3027299E-03
    10075.00  0.2953064E-03   0.1318219E-08   0.2953077E-03
    10125.00  0.3108551E-03   0.1323616E-08   0.3108564E-03
    10175.00  0.3079561E-03   0.1329137E-08   0.3079574E-03
    10225.00  0.3108929E-03   0.1334766E-08   0.3108942E-03
    10275.00  0.3118109E-03   0.1340495E-08   0.3118122E-03
    10325.00  0.3093397E-03   0.1346320E-08   0.3093410E-03
    10375.00  0.3068303E-03   0.1352234E-08   0.3068317E-03
    10425.00  0.3081391E-03   0.1358235E-08   0.3081405E-03
    10475.00  0.2968534E-03   0.1364317E-08   0.2968548E-03
    10525.00  0.2793927E-03   0.1370477E-08   0.2793941E-03
    10575.00  0.2678013E-03   0.1376710E-08   0.2678027E-03
    10625.00  0.2627709E-03   0.1383012E-08   0.2627723E-03
    10675.00  0.2610490E-03   0.1389379E-08   0.2610504E-03
    10725.00  0.2658013E-03   0.1395807E-08   0.2658027E-03
    10775.00  0.2689555E-03   0.1402293E-08   0.2689569E-03
    10825.00  0.2674558E-03   0.1408833E-08   0.2674572E-03
    10875.00  0.2680133E-03   0.1415423E-08   0.2680147E-03
    10925.00  0.2572186E-03   0.1422061E-08   0.2572200E-03
    10975.00  0.2620456E-03   0.1428743E-08   0.2620470E-03
    11025.00  0.2624003E-03   0.1435465E-08   0.2624017E-03
    11075.00  0.2572465E-03   0.1442225E-08   0.2572479E-03
    11125.00  0.2555548E-03   0.1449019E-08   0.2555562E-03
    11175.00  0.2522073E-03   0.1109625E-08   0.2522084E-03
    11225.00  0.2508459E-03   0.1113375E-08   0.2508470E-03
    11275.00  0.2466537E-03   0.1117166E-08   0.2466548E-03
    11325.00  0.2446499E-03   0.1120996E-08   0.2446510E-03
    11375.00  0.2409720E-03   0.1124862E-08   0.2409731E-03
    11425.00  0.2378493E-03   0.1128761E-08   0.2378504E-03
    11475.00  0.2415519E-03   0.1132692E-08   0.2415530E-03
    11525.00  0.2400663E-03   0.1136652E-08   0.2400674E-03
    11575.00  0.2360669E-03   0.1140639E-08   0.2360680E-03
    11625.00  0.2315718E-03   0.1144651E-08   0.2315729E-03
    11675.00  0.2291396E-03   0.1148687E-08   0.2291407E-03
    11725.00  0.2303414E-03   0.1152744E-08   0.2303426E-03
    11775.00  0.2208275E-03   0.1156821E-08   0.2208287E-03
    11825.00  0.2200248E-03   0.1160915E-08   0.2200260E-03
    11875.00  0.2141920E-03   0.1165025E-08   0.2141932E-03
    11925.00  0.2169005E-03   0.1169149E-08   0.2169017E-03
    11975.00  0.2094897E-03   0.1173286E-08   0.2094909E-03
    12025.00  0.2136663E-03   0.1177434E-08   0.2136675E-03
    12075.00  0.2133378E-03   0.1181591E-08   0.2133390E-03
    12125.00  0.2126888E-03   0.1185756E-08   0.2126900E-03
    12175.00  0.2137282E-03   0.1189928E-08   0.2137294E-03
    12225.00  0.2125356E-03   0.1194105E-08   0.2125368E-03
    12275.00  0.2110441E-03   0.1198285E-08   0.2110453E-03
    12325.00  0.2090167E-03   0.1202468E-08   0.2090179E-03
    12375.00  0.2084191E-03   0.1206652E-08   0.2084203E-03
    12425.00  0.2020947E-03   0.1210835E-08   0.2020959E-03
    12475.00  0.2030453E-03   0.1215017E-08   0.2030465E-03
    12525.00  0.1999290E-03   0.1215713E-08   0.1999302E-03
    12575.00  0.2008607E-03   0.1219881E-08   0.2008619E-03
    12625.00  0.1997529E-03   0.1224044E-08   0.1997541E-03
    12675.00  0.1975926E-03   0.1228202E-08   0.1975938E-03
    12725.00  0.1973421E-03   0.1232354E-08   0.1973433E-03
    12775.00  0.1962221E-03   0.1236497E-08   0.1962233E-03
    12825.00  0.1854396E-03   0.1240633E-08   0.1854408E-03
    12875.00  0.1928455E-03   0.1244759E-08   0.1928467E-03
    12925.00  0.1902446E-03   0.1248874E-08   0.1902458E-03
    12975.00  0.1923666E-03   0.1252978E-08   0.1923679E-03
    13025.00  0.1893671E-03   0.1257071E-08   0.1893684E-03
    13075.00  0.1894397E-03   0.1261132E-08   0.1894410E-03
    13125.00  0.1837942E-03   0.1265176E-08   0.1837955E-03
    13175.00  0.1813377E-03   0.1269205E-08   0.1813390E-03
    13225.00  0.1786853E-03   0.1273218E-08   0.1786866E-03
    13275.00  0.1730109E-03   0.1277214E-08   0.1730122E-03
    13325.00  0.1708314E-03   0.1281192E-08   0.1708327E-03
    13375.00  0.1660816E-03   0.1285151E-08   0.1660829E-03
    13425.00  0.1643869E-03   0.1289092E-08   0.1643882E-03
    13475.00  0.1610857E-03   0.1293013E-08   0.1610870E-03
    13525.00  0.1588601E-03   0.1296915E-08   0.1588614E-03
    13575.00  0.1551337E-03   0.1300795E-08   0.1551350E-03
    13625.00  0.1538990E-03   0.1303158E-08   0.1539003E-03
    13675.00  0.1545199E-03   0.1306991E-08   0.1545212E-03
    13725.00  0.1550667E-03   0.1310803E-08   0.1550680E-03
    13775.00  0.1544845E-03   0.1314592E-08   0.1544858E-03
    13825.00  0.1544278E-03   0.1318357E-08   0.1544291E-03
    13875.00  0.1522638E-03   0.1322100E-08   0.1522651E-03
    13925.00  0.1477042E-03   0.1325818E-08   0.1477055E-03
    13975.00  0.1466941E-03   0.1329512E-08   0.1466954E-03
    14025.00  0.1441416E-03   0.1333182E-08   0.1441429E-03
    14075.00  0.1448719E-03   0.1336826E-08   0.1448732E-03
    14125.00  0.1425045E-03   0.1324412E-08   0.1425058E-03
    14175.00  0.1434241E-03   0.1327982E-08   0.1434254E-03
    14225.00  0.1414023E-03   0.1331527E-08   0.1414036E-03
    14275.00  0.1388772E-03   0.1335047E-08   0.1388785E-03
    14325.00  0.1413491E-03   0.1338540E-08   0.1413504E-03
    14375.00  0.1415245E-03   0.1342008E-08   0.1415258E-03
    14425.00  0.1378608E-03   0.1345448E-08   0.1378621E-03
    14475.00  0.1404983E-03   0.1348862E-08   0.1404996E-03
    14525.00  0.1391131E-03   0.1352249E-08   0.1391145E-03
    14570.00  0.1401282E-03   0.1355275E-08   0.1401296E-03
    14620.00  0.1383339E-03   0.5145611E-09   0.1383344E-03
    14675.00  0.1381697E-03   0.5149413E-09   0.1381702E-03
    14725.00  0.1363717E-03   0.5101597E-09   0.1363722E-03
    14775.00  0.1373421E-03   0.5105076E-09   0.1373426E-03
    14825.00  0.1375911E-03   0.5108584E-09   0.1375916E-03
    14875.00  0.1367674E-03   0.5112118E-09   0.1367679E-03
    14925.00  0.1398455E-03   0.5115675E-09   0.1398460E-03
    14975.00  0.1381449E-03   0.5119253E-09   0.1381454E-03
    15025.00  0.1374943E-03   0.5122849E-09   0.1374948E-03
    15075.00  0.1369394E-03   0.5126461E-09   0.1369399E-03
    15125.00  0.1389868E-03   0.5130087E-09   0.1389873E-03
    15175.00  0.1396211E-03   0.5133724E-09   0.1396216E-03
    15225.00  0.1397775E-03   0.5137386E-09   0.1397780E-03
    15275.00  0.1409482E-03   0.5141072E-09   0.1409487E-03
    15325.00  0.1404918E-03   0.5144761E-09   0.1404923E-03
    15375.00  0.1412573E-03   0.5148452E-09   0.1412578E-03
    15425.00  0.1401503E-03   0.5152142E-09   0.1401508E-03
    15475.00  0.1408672E-03   0.5155831E-09   0.1408677E-03
    15525.00  0.1396815E-03   0.5159516E-09   0.1396820E-03
    15575.00  0.1339642E-03   0.5163194E-09   0.1339647E-03
    15625.00  0.1368541E-03   0.5166866E-09   0.1368546E-03
    15675.00  0.1359344E-03   0.5170528E-09   0.1359349E-03
    15725.00  0.1396435E-03   0.5174179E-09   0.1396440E-03
    15775.00  0.1312209E-03   0.5177819E-09   0.1312214E-03
    15825.00  0.1319301E-03   0.5181444E-09   0.1319306E-03
    15875.00  0.1305128E-03   0.5185055E-09   0.1305133E-03
    15925.00  0.1355140E-03   0.5188649E-09   0.1355145E-03
    15975.00  0.1332490E-03   0.5192225E-09   0.1332495E-03
    16050.00  0.1329525E-03   0.5197552E-09   0.1329530E-03
    16150.00  0.1346169E-03   0.5204581E-09   0.1346174E-03
    16250.00  0.1322591E-03   0.5211516E-09   0.1322596E-03
    16350.00  0.1374546E-03   0.5218349E-09   0.1374551E-03
    16450.00  0.1296519E-03   0.5225071E-09   0.1296524E-03
    16550.00  0.1365434E-03   0.5231674E-09   0.1365439E-03
    16650.00  0.1319439E-03   0.5238152E-09   0.1319444E-03
    16750.00  0.1341573E-03   0.5244498E-09   0.1341578E-03
    16850.00  0.1306087E-03   0.5250707E-09   0.1306092E-03
    16950.00  0.1331379E-03   0.5256772E-09   0.1331384E-03
    17050.00  0.1302631E-03   0.5262688E-09   0.1302636E-03
    17150.00  0.1277253E-03   0.5268452E-09   0.1277258E-03
    17250.00  0.1231223E-03   0.5274058E-09   0.1231228E-03
    17350.00  0.1160940E-03   0.5279503E-09   0.1160945E-03
    17450.00  0.1148456E-03   0.5284782E-09   0.1148461E-03
    17550.00  0.1102608E-03   0.5289894E-09   0.1102613E-03
    17650.00  0.1068667E-03   0.5294835E-09   0.1068672E-03
    17750.00  0.1017747E-03   0.5299602E-09   0.1017752E-03
    17850.00  0.9890809E-04   0.5304194E-09   0.9890862E-04
    17950.00  0.9514110E-04   0.5308608E-09   0.9514163E-04
    18050.00  0.9137512E-04   0.5312842E-09   0.9137565E-04
    18150.00  0.8924866E-04   0.5316895E-09   0.8924919E-04
    18250.00  0.8805531E-04   0.5320781E-09   0.8805584E-04
    18350.00  0.8658748E-04   0.5324610E-09   0.8658801E-04
    18450.00  0.8487035E-04   0.5328248E-09   0.8487088E-04
    18550.00  0.8359101E-04   0.4728756E-09   0.8359148E-04
    18650.00  0.8059824E-04   0.4730705E-09   0.8059871E-04
    18750.00  0.7881385E-04   0.4732509E-09   0.7881432E-04
    18850.00  0.7928860E-04   0.4734166E-09   0.7928907E-04
    18950.00  0.7701461E-04   0.4735676E-09   0.7701508E-04
    19050.00  0.7890116E-04   0.4737038E-09   0.7890163E-04
    19150.00  0.7745109E-04   0.4738252E-09   0.7745156E-04
    19250.00  0.7677780E-04   0.4739319E-09   0.7677827E-04
    19350.00  0.7443862E-04   0.4740238E-09   0.7443909E-04
    19450.00  0.7216741E-04   0.4741009E-09   0.7216788E-04
    19550.00  0.7231810E-04   0.4741633E-09   0.7231857E-04
    19650.00  0.7073573E-04   0.4742110E-09   0.7073620E-04
    19750.00  0.6899681E-04   0.4742441E-09   0.6899728E-04
    19850.00  0.6856764E-04   0.4742626E-09   0.6856811E-04
    19950.00  0.6803692E-04   0.4742665E-09   0.6803739E-04
    20050.00  0.6822245E-04   0.4742560E-09   0.6822292E-04
    20150.00  0.6787120E-04   0.4742311E-09   0.6787167E-04
    20250.00  0.6666055E-04   0.4737394E-09   0.6666102E-04
    20350.00  0.6668230E-04   0.4736872E-09   0.6668277E-04
    20450.00  0.6742106E-04   0.4736210E-09   0.6742153E-04
    20550.00  0.6701802E-04   0.4735408E-09   0.6701849E-04
    20650.00  0.6680859E-04   0.4734469E-09   0.6680906E-04
    20750.00  0.6691643E-04   0.4733391E-09   0.6691690E-04
    20850.00  0.6669047E-04   0.4732178E-09   0.6669094E-04
    20950.00  0.6641866E-04   0.4730830E-09   0.6641913E-04
    21050.00  0.6693283E-04   0.4729349E-09   0.6693330E-04
    21150.00  0.6662867E-04   0.4727735E-09   0.6662914E-04
    21250.00  0.6636826E-04   0.4725991E-09   0.6636873E-04
    21350.00  0.6668910E-04   0.4724117E-09   0.6668957E-04
    21450.00  0.6641968E-04   0.4722115E-09   0.6642015E-04
    21550.00  0.6595716E-04   0.4717866E-09   0.6595763E-04
    21650.00  0.6495789E-04   0.4715625E-09   0.6495836E-04
    21750.00  0.6465826E-04   0.4713259E-09   0.6465873E-04
    21850.00  0.6430001E-04   0.4710771E-09   0.6430048E-04
    21950.00  0.6395630E-04   0.4708163E-09   0.6395677E-04
    22050.00  0.6256916E-04   0.4705435E-09   0.6256963E-04
    22150.00  0.6285063E-04   0.4702589E-09   0.6285110E-04
    22250.00  0.6150391E-04   0.4677173E-09   0.6150438E-04
    22350.00  0.6099229E-04   0.4674174E-09   0.6099276E-04
    22450.00  0.6028027E-04   0.4671061E-09   0.6028074E-04
    22550.00  0.5975092E-04   0.4667837E-09   0.5975139E-04
    22650.00  0.5852264E-04   0.4664503E-09   0.5852311E-04
    22750.00  0.5836927E-04   0.4661061E-09   0.5836974E-04
    22850.00  0.5716802E-04   0.2854773E-09   0.5716831E-04
    22950.00  0.4674744E-04   0.2843002E-09   0.4674772E-04
    23050.00  0.4781581E-04   0.2839932E-09   0.4781609E-04
    23150.00  0.4763030E-04   0.2836825E-09   0.4763058E-04
    23250.00  0.4134587E-04   0.2833681E-09   0.4134615E-04
    23350.00  0.4412990E-04   0.2830502E-09   0.4413018E-04
    23450.00  0.4300433E-04   0.2827286E-09   0.4300461E-04
    23550.00  0.3834552E-04   0.2824035E-09   0.3834580E-04
    23650.00  0.4097032E-04   0.2820748E-09   0.4097060E-04
    23750.00  0.3914035E-04   0.2817427E-09   0.3914063E-04
    23850.00  0.3562366E-04   0.2814071E-09   0.3562394E-04
    23950.00  0.3738682E-04   0.2810680E-09   0.3738710E-04
    24050.00  0.3593178E-04   0.2807256E-09   0.3593206E-04
    24150.00  0.3262068E-04   0.2803799E-09   0.3262096E-04
    24250.00  0.3340243E-04   0.2800309E-09   0.3340271E-04
    24350.00  0.3210121E-04   0.2796786E-09   0.3210149E-04
    24450.00  0.2986312E-04   0.2793231E-09   0.2986340E-04
    24550.00  0.2910480E-04   0.2789645E-09   0.2910508E-04
    24650.00  0.2904528E-04   0.2786027E-09   0.2904556E-04
    24750.00  0.2765440E-04   0.2782379E-09   0.2765468E-04
    24850.00  0.2537815E-04   0.2778700E-09   0.2537843E-04
    24950.00  0.2519738E-04   0.2774991E-09   0.2519766E-04
    25050.00  0.2562119E-04   0.2771253E-09   0.2562147E-04
    25150.00  0.2343224E-04   0.2767486E-09   0.2343252E-04
    25250.00  0.2409680E-04   0.2763690E-09   0.2409708E-04
    25350.00  0.2398108E-04   0.2759866E-09   0.2398136E-04
    25450.00  0.2348710E-04   0.2756015E-09   0.2348738E-04
    25550.00  0.2312915E-04   0.2752136E-09   0.2312943E-04
    25650.00  0.2320053E-04   0.2748231E-09   0.2320080E-04
    25750.00  0.2349929E-04   0.2744300E-09   0.2349956E-04
    25850.00  0.2248859E-04   0.2740342E-09   0.2248886E-04
    25950.00  0.2285584E-04   0.2736360E-09   0.2285611E-04
    26050.00  0.2317102E-04   0.2732353E-09   0.2317129E-04
    26150.00  0.2262250E-04   0.2728321E-09   0.2262277E-04
    26250.00  0.2231122E-04   0.2724265E-09   0.2231149E-04
    26350.00  0.2275179E-04   0.2720186E-09   0.2275206E-04
    26450.00  0.2269112E-04   0.2716084E-09   0.2269139E-04
    26550.00  0.2227147E-04   0.2711960E-09   0.2227174E-04
    26650.00  0.2166530E-04   0.2707813E-09   0.2166557E-04
    26750.00  0.2168118E-04   0.2703645E-09   0.2168145E-04
    26850.00  0.2123870E-04   0.2699455E-09   0.2123897E-04
    26950.00  0.2050614E-04   0.2695245E-09   0.2050641E-04
    27050.00  0.2073249E-04   0.2691014E-09   0.2073276E-04
    27150.00  0.2060446E-04   0.2686764E-09   0.2060473E-04
    27250.00  0.2065249E-04   0.2682494E-09   0.2065276E-04
    27350.00  0.2006739E-04   0.2678205E-09   0.2006766E-04
    27450.00  0.2020945E-04   0.2673898E-09   0.2020972E-04
    27550.00  0.2004347E-04   0.2669573E-09   0.2004374E-04
    27650.00  0.1977682E-04   0.2516960E-09   0.1977707E-04
    27750.00  0.1937580E-04   0.2512805E-09   0.1937605E-04
    27850.00  0.1944044E-04   0.2508636E-09   0.1944069E-04
    27950.00  0.1936948E-04   0.2504452E-09   0.1936973E-04
    28050.00  0.1911454E-04   0.2500254E-09   0.1911479E-04
    28150.00  0.1870814E-04   0.2496043E-09   0.1870839E-04
    28250.00  0.1865272E-04   0.2491818E-09   0.1865297E-04
    28350.00  0.1862658E-04   0.2487580E-09   0.1862683E-04
    28450.00  0.1839238E-04   0.2483330E-09   0.1839263E-04
    28550.00  0.1820158E-04   0.2479067E-09   0.1820183E-04
    28650.00  0.1805106E-04   0.2474793E-09   0.1805131E-04
    28750.00  0.1783786E-04   0.2470507E-09   0.1783811E-04
    28850.00  0.1781087E-04   0.2466209E-09   0.1781112E-04
    28950.00  0.1768046E-04   0.2461901E-09   0.1768071E-04
    29050.00  0.1753412E-04   0.2457582E-09   0.1753437E-04
    29150.00  0.1745498E-04   0.2453253E-09   0.1745523E-04
    29250.00  0.1715851E-04   0.2448915E-09   0.1715875E-04
    29350.00  0.1722568E-04   0.2444566E-09   0.1722592E-04
    29450.00  0.1703392E-04   0.2440209E-09   0.1703416E-04
    29550.00  0.1692129E-04   0.2435842E-09   0.1692153E-04
    29650.00  0.1689300E-04   0.2431467E-09   0.1689324E-04
    29750.00  0.1679043E-04   0.2426207E-09   0.1679067E-04
    29850.00  0.1661582E-04   0.2421817E-09   0.1661606E-04
    29950.00  0.1651297E-04   0.2417419E-09   0.1651321E-04
    30050.00  0.1642102E-04   0.2413014E-09   0.1642126E-04
    30150.00  0.1640306E-04   0.2408602E-09   0.1640330E-04
    30250.00  0.1624524E-04   0.2404183E-09   0.1624548E-04
    30350.00  0.1603596E-04   0.2399757E-09   0.1603620E-04
    30450.00  0.1606960E-04   0.2395325E-09   0.1606984E-04
    30550.00  0.1601712E-04   0.2390888E-09   0.1601736E-04
    30650.00  0.1595639E-04   0.2386444E-09   0.1595663E-04
    30750.00  0.1593813E-04   0.2381995E-09   0.1593837E-04
    30850.00  0.1580265E-04   0.2377541E-09   0.1580289E-04
    30950.00  0.1579777E-04   0.2373083E-09   0.1579801E-04
    31050.00  0.1580915E-04   0.2368619E-09   0.1580939E-04
    31150.00  0.1563517E-04   0.2364151E-09   0.1563541E-04
    31250.00  0.1563524E-04   0.2359680E-09   0.1563548E-04
    31350.00  0.1556883E-04   0.2354750E-09   0.1556907E-04
    31450.00  0.1548688E-04   0.2350272E-09   0.1548712E-04
    31550.00  0.1539989E-04   0.2345791E-09   0.1540012E-04
    31650.00  0.1527934E-04   0.2341307E-09   0.1527957E-04
    31750.00  0.1527176E-04   0.2336820E-09   0.1527199E-04
    31850.00  0.1518627E-04   0.2332331E-09   0.1518650E-04
    31950.00  0.1514426E-04   0.2327839E-09   0.1514449E-04
    32100.00  0.1503743E-04   0.2316578E-09   0.1503766E-04
    32300.00  0.1491772E-04   0.2307619E-09   0.1491795E-04
    32500.00  0.1485304E-04   0.2298654E-09   0.1485327E-04
    32700.00  0.1463306E-04   0.2289685E-09   0.1463329E-04
    32900.00  0.1440530E-04   0.1771982E-09   0.1440548E-04
    33100.00  0.1434637E-04   0.1763006E-09   0.1434655E-04
    33300.00  0.1418951E-04   0.1756047E-09   0.1418969E-04
    33500.00  0.1407827E-04   0.1749093E-09   0.1407844E-04
    33700.00  0.1390769E-04   0.1742147E-09   0.1390786E-04
    33900.00  0.1372618E-04   0.1735208E-09   0.1372635E-04
    34100.00  0.1356239E-04   0.1728279E-09   0.1356256E-04
    34300.00  0.1343248E-04   0.1721360E-09   0.1343265E-04
    34500.00  0.1325891E-04   0.1714451E-09   0.1325908E-04
    34700.00  0.1308993E-04   0.1707553E-09   0.1309010E-04
    34900.00  0.1295396E-04   0.1700667E-09   0.1295413E-04
    35100.00  0.1282655E-04   0.1693794E-09   0.1282672E-04
    35300.00  0.1263431E-04   0.1686935E-09   0.1263448E-04
    35500.00  0.1248927E-04   0.1680090E-09   0.1248944E-04
    35700.00  0.1232095E-04   0.1673259E-09   0.1232112E-04
    35900.00  0.1219899E-04   0.1666444E-09   0.1219916E-04
    36100.00  0.1209026E-04   0.1659645E-09   0.1209043E-04
    36300.00  0.1192788E-04   0.1652863E-09   0.1192805E-04
    36500.00  0.1174908E-04   0.1646097E-09   0.1174924E-04
    36700.00  0.1161862E-04   0.1639350E-09   0.1161878E-04
    36900.00  0.1144874E-04   0.1632620E-09   0.1144890E-04
    37100.00  0.1131133E-04   0.1625910E-09   0.1131149E-04
    37300.00  0.1120034E-04   0.1619218E-09   0.1120050E-04
    37500.00  0.1100675E-04   0.1612546E-09   0.1100691E-04
    37700.00  0.1096711E-04   0.1605895E-09   0.1096727E-04
    37900.00  0.1077747E-04   0.1599263E-09   0.1077763E-04
    38100.00  0.1060453E-04   0.1592653E-09   0.1060469E-04
    38300.00  0.1048225E-04   0.1586064E-09   0.1048241E-04
    38500.00  0.1035022E-04   0.1579497E-09   0.1035038E-04
    38700.00  0.1013803E-04   0.1526890E-09   0.1013818E-04
    38900.00  0.9967653E-05   0.1520569E-09   0.9967805E-05
    39100.00  0.9795458E-05   0.1514269E-09   0.9795609E-05
    39300.00  0.9635728E-05   0.1507992E-09   0.9635879E-05
    39500.00  0.9422540E-05   0.1501737E-09   0.9422690E-05
    39700.00  0.9256797E-05   0.1495506E-09   0.9256947E-05
    39900.00  0.9038602E-05   0.1489298E-09   0.9038751E-05
    40100.00  0.8882032E-05   0.1483114E-09   0.8882180E-05
    40300.00  0.8712646E-05   0.1476953E-09   0.8712794E-05
    40500.00  0.8501613E-05   0.1470816E-09   0.8501760E-05
    40700.00  0.8342164E-05   0.1464704E-09   0.8342310E-05
    40900.00  0.8172251E-05   0.1458616E-09   0.8172397E-05
    41100.00  0.8007875E-05   0.1452336E-09   0.8008020E-05
    41300.00  0.7847580E-05   0.1446298E-09   0.7847725E-05
    41500.00  0.7664767E-05   0.1440285E-09   0.7664911E-05
    41700.00  0.7486216E-05   0.1434297E-09   0.7486359E-05
    41900.00  0.7348866E-05   0.1428335E-09   0.7349009E-05
    42100.00  0.7198479E-05   0.1422397E-09   0.7198621E-05
    42300.00  0.7075053E-05   0.1416485E-09   0.7075195E-05
    42500.00  0.6904229E-05   0.1410599E-09   0.6904370E-05
    42700.00  0.6772758E-05   0.1404738E-09   0.6772898E-05
    42900.00  0.6401049E-05   0.1398903E-09   0.6401189E-05
    43100.00  0.5905684E-05   0.1392981E-09   0.5905823E-05
    43300.00  0.5857978E-05   0.1387198E-09   0.5858117E-05
    43500.00  0.5278055E-05   0.1381440E-09   0.5278193E-05
    43700.00  0.5029570E-05   0.1375708E-09   0.5029708E-05
    43900.00  0.4729702E-05   0.1368836E-09   0.4729839E-05
    44100.00  0.4713682E-05   0.1363166E-09   0.4713818E-05
    44300.00  0.3999294E-05   0.1357522E-09   0.3999430E-05
    44500.00  0.3896128E-05   0.1351905E-09   0.3896263E-05
    44700.00  0.4266648E-05   0.1306950E-09   0.4266779E-05
    44900.00  0.3839000E-05   0.1166547E-09   0.3839117E-05
    45100.00  0.3978941E-05   0.1161791E-09   0.3979057E-05
    45300.00  0.4084773E-05   0.1157058E-09   0.4084889E-05
    45500.00  0.3864977E-05   0.1152347E-09   0.3865092E-05
    45700.00  0.3687596E-05   0.1147659E-09   0.3687711E-05
    45900.00  0.3608913E-05   0.1142994E-09   0.3609027E-05
    46100.00  0.3648620E-05   0.1138351E-09   0.3648734E-05
    46300.00  0.3579845E-05   0.1133731E-09   0.3579958E-05
    46500.00  0.3478646E-05   0.1129134E-09   0.3478759E-05
    46700.00  0.3635791E-05   0.1124559E-09   0.3635903E-05
    46900.00  0.3545595E-05   0.1120007E-09   0.3545707E-05
    47100.00  0.3504768E-05   0.1115477E-09   0.3504880E-05
    47300.00  0.3529130E-05   0.1110969E-09   0.3529241E-05
    47500.00  0.3225393E-05   0.1106485E-09   0.3225504E-05
    47700.00  0.3525051E-05   0.1102022E-09   0.3525161E-05
    47900.00  0.3409480E-05   0.1097582E-09   0.3409590E-05
    48100.00  0.3180073E-05   0.1093164E-09   0.3180182E-05
    48300.00  0.3396369E-05   0.1088769E-09   0.3396478E-05
    48500.00  0.3060502E-05   0.1084395E-09   0.3060610E-05
    48700.00  0.3039204E-05   0.1080044E-09   0.3039312E-05
    48900.00  0.3024094E-05   0.1075715E-09   0.3024202E-05
    49100.00  0.2873457E-05   0.1071408E-09   0.2873564E-05
    49300.00  0.3004547E-05   0.1067123E-09   0.3004654E-05
    49500.00  0.2863594E-05   0.1062860E-09   0.2863700E-05
    49700.00  0.2938419E-05   0.1058619E-09   0.2938525E-05
    49900.00  0.2808110E-05   0.1054400E-09   0.2808215E-05
    50100.00  0.2838519E-05   0.1050202E-09   0.2838624E-05
    50300.00  0.2795556E-05   0.1046026E-09   0.2795661E-05
    50500.00  0.2734801E-05   0.1041871E-09   0.2734905E-05
    50700.00  0.2709138E-05   0.1037739E-09   0.2709242E-05
    50900.00  0.2665068E-05   0.1033627E-09   0.2665171E-05
    51100.00  0.2616334E-05   0.1029537E-09   0.2616437E-05
    51300.00  0.2580363E-05   0.1025468E-09   0.2580466E-05
    51500.00  0.2540964E-05   0.1004466E-09   0.2541064E-05
    51700.00  0.2526206E-05   0.1000514E-09   0.2526306E-05
    51900.00  0.2480395E-05   0.9965820E-10   0.2480495E-05
    52100.00  0.2448877E-05   0.9926709E-10   0.2448976E-05
    52300.00  0.2406435E-05   0.9887803E-10   0.2406534E-05
    52500.00  0.2385427E-05   0.9849101E-10   0.2385525E-05
    52700.00  0.2376819E-05   0.9810602E-10   0.2376917E-05
    52900.00  0.2319958E-05   0.9772306E-10   0.2320056E-05
    53100.00  0.2282911E-05   0.9734211E-10   0.2283008E-05
    53300.00  0.2267608E-05   0.9696318E-10   0.2267705E-05
    53500.00  0.2235916E-05   0.9658623E-10   0.2236013E-05
    53700.00  0.2209495E-05   0.9621128E-10   0.2209591E-05
    53900.00  0.2183979E-05   0.9583831E-10   0.2184075E-05
    54100.00  0.2157477E-05   0.9546731E-10   0.2157572E-05
    54300.00  0.2117641E-05   0.9509137E-10   0.2117736E-05
    54500.00  0.2107989E-05   0.9472420E-10   0.2108084E-05
    54700.00  0.2066520E-05   0.9435898E-10   0.2066614E-05
    54900.00  0.2050362E-05   0.9399569E-10   0.2050456E-05
    55100.00  0.2015550E-05   0.9363433E-10   0.2015644E-05
    55300.00  0.2025817E-05   0.9327489E-10   0.2025910E-05
    55500.00  0.1970661E-05   0.9291736E-10   0.1970754E-05
    55700.00  0.1966508E-05   0.9256173E-10   0.1966601E-05
    55900.00  0.1933853E-05   0.9220799E-10   0.1933945E-05
    56100.00  0.1924437E-05   0.9185613E-10   0.1924529E-05
    56300.00  0.1885708E-05   0.9150614E-10   0.1885800E-05
    56500.00  0.1878100E-05   0.9115517E-10   0.1878191E-05
    56700.00  0.1855213E-05   0.9080872E-10   0.1855304E-05
    56900.00  0.1820283E-05   0.9046413E-10   0.1820373E-05
    57100.00  0.1815590E-05   0.9012137E-10   0.1815680E-05
    57300.00  0.1794334E-05   0.8978043E-10   0.1794424E-05
    57500.00  0.1772391E-05   0.8940519E-10   0.1772480E-05
    57700.00  0.1750253E-05   0.8906825E-10   0.1750342E-05
    57900.00  0.1738581E-05   0.8873311E-10   0.1738670E-05
    58100.00  0.1712660E-05   0.8839976E-10   0.1712748E-05
    58300.00  0.1694976E-05   0.8806818E-10   0.1695064E-05
    58500.00  0.1675917E-05   0.8086226E-10   0.1675998E-05
    58700.00  0.1649249E-05   0.8054481E-10   0.1649330E-05
    58900.00  0.1632269E-05   0.8024766E-10   0.1632349E-05
    59100.00  0.1609365E-05   0.7995209E-10   0.1609445E-05
    59300.00  0.1600094E-05   0.7965808E-10   0.1600174E-05
    59500.00  0.1577060E-05   0.7936562E-10   0.1577139E-05
    59700.00  0.1565916E-05   0.7907471E-10   0.1565995E-05
    59900.00  0.1548307E-05   0.7878534E-10   0.1548386E-05
    60100.00  0.1530724E-05   0.7849749E-10   0.1530802E-05
    60300.00  0.1512549E-05   0.7821117E-10   0.1512627E-05
    60500.00  0.1490709E-05   0.7792637E-10   0.1490787E-05
    60700.00  0.1475117E-05   0.7764306E-10   0.1475195E-05
    60900.00  0.1457122E-05   0.7736125E-10   0.1457199E-05
    61100.00  0.1439507E-05   0.7708093E-10   0.1439584E-05
    61300.00  0.1426879E-05   0.7680209E-10   0.1426956E-05
    61500.00  0.1412573E-05   0.7652472E-10   0.1412650E-05
    61700.00  0.1400410E-05   0.7624881E-10   0.1400486E-05
    61900.00  0.1382623E-05   0.7597435E-10   0.1382699E-05
    62100.00  0.1370053E-05   0.7570134E-10   0.1370129E-05
    62300.00  0.1350743E-05   0.7542977E-10   0.1350818E-05
    62500.00  0.1332249E-05   0.7515962E-10   0.1332324E-05
    62700.00  0.1317682E-05   0.7489090E-10   0.1317757E-05
    62900.00  0.1304637E-05   0.7462358E-10   0.1304712E-05
    63100.00  0.1289174E-05   0.7435767E-10   0.1289248E-05
    63300.00  0.1279480E-05   0.7409316E-10   0.1279554E-05
    63500.00  0.1262877E-05   0.7383003E-10   0.1262951E-05
    63700.00  0.1253244E-05   0.7356828E-10   0.1253318E-05
    63900.00  0.1234096E-05   0.7330791E-10   0.1234169E-05
    64200.00  0.1216541E-05   0.7291989E-10   0.1216614E-05
    64600.00  0.1188195E-05   0.7240727E-10   0.1188267E-05
    65000.00  0.1162732E-05   0.7189998E-10   0.1162804E-05
    65400.00  0.1137085E-05   0.7139797E-10   0.1137156E-05
    65800.00  0.1113866E-05   0.7090118E-10   0.1113937E-05
    66200.00  0.1088736E-05   0.6970407E-10   0.1088806E-05
    66600.00  0.1065808E-05   0.6922315E-10   0.1065877E-05
    67000.00  0.1043252E-05   0.6874720E-10   0.1043321E-05
    67400.00  0.1019888E-05   0.6827616E-10   0.1019956E-05
    67800.00  0.9984114E-06   0.6780996E-10   0.9984792E-06
    68200.00  0.9766934E-06   0.6734856E-10   0.9767607E-06
    68600.00  0.9570573E-06   0.6689189E-10   0.9571242E-06
    69000.00  0.9362086E-06   0.6643989E-10   0.9362750E-06
    69400.00  0.9167007E-06   0.6598980E-10   0.9167667E-06
    69800.00  0.8975981E-06   0.6554691E-10   0.8976636E-06
    70200.00  0.8783508E-06   0.6510853E-10   0.8784159E-06
    70600.00  0.8606711E-06   0.6467461E-10   0.8607358E-06
    71000.00  0.8425476E-06   0.6424508E-10   0.8426118E-06
    71400.00  0.8255403E-06   0.6381990E-10   0.8256041E-06
    71800.00  0.8082802E-06   0.6339853E-10   0.8083436E-06
    72200.00  0.7919587E-06   0.6298185E-10   0.7920217E-06
    72600.00  0.7756417E-06   0.6256936E-10   0.7757043E-06
    73000.00  0.7599552E-06   0.6214807E-10   0.7600173E-06
    73400.00  0.7443563E-06   0.6174387E-10   0.7444180E-06
    73800.00  0.7295583E-06   0.6134371E-10   0.7296196E-06
    74200.00  0.7139064E-06   0.5792530E-10   0.7139643E-06
    74600.00  0.6980275E-06   0.5755604E-10   0.6980851E-06
    75000.00  0.6843571E-06   0.5719043E-10   0.6844143E-06
    75400.00  0.6720817E-06   0.5682841E-10   0.6721385E-06
    75800.00  0.6597512E-06   0.5646996E-10   0.6598077E-06
    76200.00  0.6468510E-06   0.5611501E-10   0.6469071E-06
    76600.00  0.6342078E-06   0.5576353E-10   0.6342636E-06
    77000.00  0.6217119E-06   0.5541548E-10   0.6217673E-06
    77400.00  0.6098256E-06   0.5507082E-10   0.6098807E-06
    77800.00  0.5981268E-06   0.5472950E-10   0.5981815E-06
    78200.00  0.5865109E-06   0.5439149E-10   0.5865653E-06
    78600.00  0.5753873E-06   0.5405674E-10   0.5754414E-06
    79000.00  0.5643915E-06   0.5372521E-10   0.5644452E-06
    79400.00  0.5536689E-06   0.5339687E-10   0.5537223E-06
    79800.00  0.5433619E-06   0.5307168E-10   0.5434150E-06
    80200.00  0.5327488E-06   0.5274959E-10   0.5328015E-06
    80600.00  0.5228337E-06   0.5243058E-10   0.5228861E-06
    81000.00  0.5133138E-06   0.5211460E-10   0.5133659E-06
    81400.00  0.5036540E-06   0.5180162E-10   0.5037058E-06
    81800.00  0.4946356E-06   0.5149161E-10   0.4946871E-06
    82200.00  0.4855907E-06   0.5118452E-10   0.4856419E-06
    82600.00  0.4766041E-06   0.5055553E-10   0.4766547E-06
    83000.00  0.4679735E-06   0.5025648E-10   0.4680238E-06
    83400.00  0.4593110E-06   0.4996023E-10   0.4593610E-06
    83800.00  0.4509667E-06   0.4966675E-10   0.4510164E-06
    84200.00  0.4431233E-06   0.4937600E-10   0.4431727E-06
    84600.00  0.4350675E-06   0.4908795E-10   0.4351166E-06
    85000.00  0.4274036E-06   0.4880256E-10   0.4274524E-06
    85400.00  0.4198374E-06   0.4851982E-10   0.4198859E-06
    85800.00  0.4124974E-06   0.4823968E-10   0.4125456E-06
    86200.00  0.4053056E-06   0.4796122E-10   0.4053536E-06
    86600.00  0.3982818E-06   0.4768619E-10   0.3983295E-06
    87000.00  0.3913425E-06   0.4741367E-10   0.3913899E-06
    87400.00  0.3845917E-06   0.4714364E-10   0.3846388E-06
    87800.00  0.3778750E-06   0.4687606E-10   0.3779219E-06
    88200.00  0.3712772E-06   0.4661091E-10   0.3713238E-06
    88600.00  0.3649274E-06   0.4634816E-10   0.3649737E-06
    89000.00  0.3587360E-06   0.4608731E-10   0.3587821E-06
    89400.00  0.3527101E-06   0.4582928E-10   0.3527559E-06
    89800.00  0.3465070E-06   0.4557356E-10   0.3465526E-06
    90200.00  0.3409331E-06   0.4531484E-10   0.3409784E-06
    90600.00  0.3353090E-06   0.4506373E-10   0.3353541E-06
    91000.00  0.3293429E-06   0.4481486E-10   0.3293877E-06
    91400.00  0.3241086E-06   0.4311501E-10   0.3241517E-06
    91800.00  0.3187656E-06   0.4287720E-10   0.3188085E-06
    92200.00  0.3136717E-06   0.4264439E-10   0.3137143E-06
    92600.00  0.3085107E-06   0.4241363E-10   0.3085531E-06
    93000.00  0.3034509E-06   0.4218489E-10   0.3034931E-06
    93400.00  0.2984641E-06   0.4195814E-10   0.2985061E-06
    93800.00  0.2937062E-06   0.4173337E-10   0.2937479E-06
    94200.00  0.2889631E-06   0.4151054E-10   0.2890046E-06
    94600.00  0.2842427E-06   0.4128965E-10   0.2842840E-06
    95000.00  0.2797232E-06   0.4107066E-10   0.2797643E-06
    95400.00  0.2752825E-06   0.4085356E-10   0.2753234E-06
    95800.00  0.2709377E-06   0.4063832E-10   0.2709783E-06
    96200.00  0.2666013E-06   0.4042492E-10   0.2666417E-06
    96600.00  0.2624548E-06   0.4021335E-10   0.2624950E-06
    97000.00  0.2583266E-06   0.4000357E-10   0.2583666E-06
    97400.00  0.2540257E-06   0.3979558E-10   0.2540655E-06
    97800.00  0.2502384E-06   0.3958935E-10   0.2502780E-06
    98200.00  0.2464438E-06   0.3938486E-10   0.2464832E-06
    98600.00  0.2426361E-06   0.3918210E-10   0.2426753E-06
    99000.00  0.2389217E-06   0.3898103E-10   0.2389607E-06
    99400.00  0.2352403E-06   0.3878165E-10   0.2352791E-06
    99800.00  0.2316401E-06   0.3858394E-10   0.2316787E-06
   100200.00  0.2281102E-06   0.1140314E-10   0.2281216E-06
   200000.00  0.1558628E-07   0.2862200E-11   0.1558914E-07
   400000.00  0.1009854E-08   0.7155499E-12   0.1010570E-08
   600000.00  0.2012235E-09   0.3180222E-12   0.2015415E-09
   800000.00  0.6383695E-10   0.1788875E-12   0.6401584E-10
  1000000.00  0.2615946E-10   0.1144880E-12   0.2627395E-10
  1200000.00  0.1260962E-10   0.7950554E-13   0.1268913E-10
  1400000.00  0.6800232E-11   0.5841224E-13   0.6858644E-11
  1600000.00  0.3982839E-11   0.4472187E-13   0.4027561E-11
