       91.00  0.1817163E-24   0.0000000E+00   0.1817163E-24
       94.00  0.2142688E-24   0.0000000E+00   0.2142688E-24
       96.00  0.2359705E-24   0.0000000E+00   0.2359705E-24
       98.00  0.2325881E-16   0.0000000E+00   0.2325881E-16
      100.00  0.4162991E-16   0.0000000E+00   0.4162991E-16
      102.00  0.1616321E-15   0.0000000E+00   0.1616321E-15
      104.00  0.3011850E-15   0.0000000E+00   0.3011850E-15
      106.00  0.1059121E-14   0.0000000E+00   0.1059121E-14
      108.00  0.2572296E-14   0.0000000E+00   0.2572296E-14
      110.00  0.1040546E-13   0.0000000E+00   0.1040546E-13
      114.00  0.1091661E-12   0.0000000E+00   0.1091661E-12
      118.00  0.9773126E-12   0.0000000E+00   0.9773126E-12
      121.00  0.5393588E-11   0.0000000E+00   0.5393588E-11
      125.00  0.9802538E-11   0.0000000E+00   0.9802538E-11
      127.00  0.1567240E-10   0.0000000E+00   0.1567240E-10
      128.00  0.7074183E-11   0.0000000E+00   0.7074183E-11
      131.00  0.1255555E-11   0.0000000E+00   0.1255555E-11
      132.00  0.1793616E-11   0.0000000E+00   0.1793616E-11
      134.00  0.3757482E-11   0.0000000E+00   0.3757482E-11
      137.00  0.7476191E-11   0.0000000E+00   0.7476191E-11
      140.00  0.2419189E-10   0.0000000E+00   0.2419189E-10
      143.00  0.7101969E-10   0.0000000E+00   0.7101969E-10
      147.00  0.3248001E-09   0.0000000E+00   0.3248001E-09
      151.00  0.1248271E-08   0.0000000E+00   0.1248271E-08
      155.00  0.5710194E-08   0.0000000E+00   0.5710194E-08
      159.00  0.1972301E-07   0.0000000E+00   0.1972301E-07
      162.00  0.5544652E-05   0.0000000E+00   0.5544652E-05
      166.00  0.1042209E-04   0.0000000E+00   0.1042209E-04
      170.00  0.1564899E-04   0.0000000E+00   0.1564899E-04
      173.00  0.2267043E-04   0.0000000E+00   0.2267043E-04
      177.00  0.3250162E-04   0.0000000E+00   0.3250162E-04
      180.00  0.4504914E-04   0.0000000E+00   0.4504914E-04
      182.00  0.5320452E-04   0.0000000E+00   0.5320452E-04
      186.00  0.7387266E-04   0.0000000E+00   0.7387266E-04
      191.00  0.1097765E-03   0.0000000E+00   0.1097765E-03
      194.00  0.4892645E-04   0.0000000E+00   0.4892645E-04
      198.00  0.6427071E-04   0.0000000E+00   0.6427071E-04
      202.00  0.3114983E-05   0.0000000E+00   0.3114983E-05
      205.00  0.4649217E-05   0.0000000E+00   0.4649217E-05
      210.00  0.2426943E-03   0.0000000E+00   0.2426943E-03
      216.00  0.1059491E-02   0.0000000E+00   0.1059491E-02
      220.00  0.3446406E-03   0.0000000E+00   0.3446406E-03
      223.00  0.5663761E-03   0.0000000E+00   0.5663761E-03
      227.00  0.3583449E-03   0.0000000E+00   0.3583449E-03
      228.00  0.2163945E-03   0.0000000E+00   0.2163945E-03
      228.00  0.6349947E-03   0.0000000E+00   0.6349947E-03
      230.00  0.1326875E-03   0.0000000E+00   0.1326875E-03
      234.00  0.1137302E-02   0.0000000E+00   0.1137302E-02
      240.00  0.2399839E-02   0.0000000E+00   0.2399839E-02
      246.00  0.2044391E-03   0.0000000E+00   0.2044391E-03
      252.00  0.4373698E-02   0.0000000E+00   0.4373698E-02
      257.00  0.1448623E-01   0.0000000E+00   0.1448623E-01
      260.00  0.1053074E-01   0.0000000E+00   0.1053074E-01
      264.00  0.5067348E-01   0.0000000E+00   0.5067348E-01
      269.00  0.6840166E-01   0.0000000E+00   0.6840166E-01
      274.00  0.6006501E-01   0.0000000E+00   0.6006501E-01
      279.00  0.1963196E-01   0.0000000E+00   0.1963196E-01
      284.00  0.3387745E-01   0.0000000E+00   0.3387745E-01
      290.00  0.7914158E-02   0.0000000E+00   0.7914158E-02
      296.00  0.4615385E-01   0.0000000E+00   0.4615385E-01
      301.00  0.2267998E-01   0.0000000E+00   0.2267998E-01
      308.00  0.4424334E-01   0.0000000E+00   0.4424334E-01
      318.00  0.2856930E+00   0.0000000E+00   0.2856930E+00
      328.00  0.8704092E-01   0.0000000E+00   0.8704092E-01
      338.00  0.5276322E-01   0.0000000E+00   0.5276322E-01
      348.00  0.6341368E-01   0.0000000E+00   0.6341368E-01
      353.30  0.8727448E-01   0.0000000E+00   0.8727448E-01
      353.30  0.2491268E+00   0.0000000E+00   0.2491268E+00
      357.00  0.3735627E-01   0.0000000E+00   0.3735627E-01
      366.00  0.4608973E+00   0.0000000E+00   0.4608973E+00
      375.00  0.5295611E+00   0.0000000E+00   0.5295611E+00
      385.00  0.1873015E+00   0.0000000E+00   0.1873015E+00
      395.00  0.3286680E+00   0.0000000E+00   0.3286680E+00
      405.00  0.6759626E+00   0.0000000E+00   0.6759626E+00
      414.00  0.9045795E+00   0.0000000E+00   0.9045795E+00
      422.00  0.4200503E+00   0.0000000E+00   0.4200503E+00
      430.00  0.2810115E+00   0.0000000E+00   0.2810115E+00
      441.00  0.2426191E+00   0.0000000E+00   0.2426191E+00
      451.00  0.5586961E+00   0.0000000E+00   0.5586961E+00
      460.00  0.5792995E+00   0.0000000E+00   0.5792995E+00
      470.00  0.1211735E+01   0.0000000E+00   0.1211735E+01
      480.00  0.4484774E+00   0.0000000E+00   0.4484774E+00
      490.00  0.1347782E+01   0.0000000E+00   0.1347782E+01
      500.00  0.1225122E+01   0.0000000E+00   0.1225122E+01
      504.60  0.8899080E+00   0.0000000E+00   0.8899080E+00
      504.60  0.5603967E+00   0.0000000E+00   0.5603967E+00
      506.00  0.8556053E+00   0.0000000E+00   0.8556053E+00
      512.00  0.1741231E+01   0.0000000E+00   0.1741231E+01
      520.00  0.1553063E+01   0.0000000E+00   0.1553063E+01
      530.00  0.1045088E+01   0.0000000E+00   0.1045088E+01
      540.00  0.2112453E+00   0.0000000E+00   0.2112453E+00
      550.00  0.2719595E-01   0.0000000E+00   0.2719595E-01
      560.00  0.1504716E+01   0.0000000E+00   0.1504716E+01
      570.00  0.1220619E+01   0.0000000E+00   0.1220619E+01
      580.00  0.1368046E+01   0.0000000E+00   0.1368046E+01
      590.00  0.2161694E+01   0.0000000E+00   0.2161694E+01
      600.00  0.1453594E+01   0.0000000E+00   0.1453594E+01
      610.00  0.1251793E+01   0.0000000E+00   0.1251793E+01
      620.00  0.4884038E+00   0.0000000E+00   0.4884038E+00
      630.00  0.5749679E+00   0.0000000E+00   0.5749679E+00
      640.00  0.8329913E+00   0.0000000E+00   0.8329913E+00
      650.00  0.1244565E+01   0.0000000E+00   0.1244565E+01
      658.00  0.6537514E+00   0.0000000E+00   0.6537514E+00
      665.00  0.7077972E+00   0.0000000E+00   0.7077972E+00
      675.00  0.1272895E+01   0.0000000E+00   0.1272895E+01
      685.00  0.1170955E+01   0.0000000E+00   0.1170955E+01
      695.00  0.9364081E+00   0.0000000E+00   0.9364081E+00
      705.00  0.7736244E+00   0.0000000E+00   0.7736244E+00
      716.00  0.1569734E+01   0.0000000E+00   0.1569734E+01
      726.00  0.1262465E+01   0.0000000E+00   0.1262465E+01
      735.00  0.1313402E+01   0.0000000E+00   0.1313402E+01
      745.00  0.1125362E+01   0.0000000E+00   0.1125362E+01
      755.00  0.9103629E+00   0.0000000E+00   0.9103629E+00
      765.00  0.5431408E+00   0.0000000E+00   0.5431408E+00
      775.00  0.8861169E+00   0.0000000E+00   0.8861169E+00
      785.00  0.5106837E-01   0.0000000E+00   0.5106837E-01
      795.00  0.9575815E+00   0.0000000E+00   0.9575815E+00
      805.00  0.1250483E+01   0.0000000E+00   0.1250483E+01
      815.00  0.1159935E+01   0.0000000E+00   0.1159935E+01
      825.00  0.9908126E+00   0.0000000E+00   0.9908126E+00
      835.00  0.6929293E+00   0.0000000E+00   0.6929293E+00
      845.00  0.7187150E+00   0.0000000E+00   0.7187150E+00
      855.00  0.9079194E+00   0.0000000E+00   0.9079194E+00
      865.00  0.9366351E+00   0.0000000E+00   0.9366351E+00
      875.00  0.1038302E+01   0.0000000E+00   0.1038302E+01
      885.00  0.9669910E+00   0.0000000E+00   0.9669910E+00
      895.00  0.1043709E+01   0.0000000E+00   0.1043709E+01
      905.00  0.9885808E+00   0.0000000E+00   0.9885808E+00
      912.40  0.8629028E+00   0.3664452E-12   0.8629028E+00
      912.40  0.1378692E+01   0.3664644E-12   0.1378692E+01
      915.00  0.1352360E+01   0.4197850E-12   0.1352360E+01
      925.00  0.1251083E+01   0.7024993E-12   0.1251083E+01
      935.00  0.3034300E+01   0.1162465E-11   0.3034300E+01
      945.00  0.2607440E+01   0.1902764E-11   0.2607440E+01
      955.00  0.1908660E+01   0.3081846E-11   0.1908660E+01
      965.00  0.1608791E+01   0.4940842E-11   0.1608791E+01
      975.00  0.2032054E+01   0.7843189E-11   0.2032054E+01
      985.00  0.8122509E+00   0.1233156E-10   0.8122509E+00
      995.00  0.1589548E+01   0.1920893E-10   0.1589548E+01
     1005.00  0.1188445E+01   0.2965310E-10   0.1188445E+01
     1015.00  0.1833083E+01   0.4537695E-10   0.1833083E+01
     1025.00  0.1670199E+01   0.6885111E-10   0.1670199E+01
     1035.00  0.1355749E+01   0.1036107E-09   0.1355749E+01
     1045.00  0.1707390E+01   0.1546751E-09   0.1707390E+01
     1055.00  0.1713419E+01   0.2291171E-09   0.1713419E+01
     1065.00  0.1618952E+01   0.3368310E-09   0.1618952E+01
     1075.00  0.1463697E+01   0.4915599E-09   0.1463697E+01
     1085.00  0.1179566E+01   0.7122616E-09   0.1179566E+01
     1095.00  0.1641271E+01   0.1024913E-08   0.1641271E+01
     1105.00  0.1544662E+01   0.1464878E-08   0.1544662E+01
     1115.00  0.1136513E+01   0.2079995E-08   0.1136513E+01
     1125.00  0.1111774E+01   0.2934582E-08   0.1111774E+01
     1135.00  0.1519572E+01   0.4114600E-08   0.1519572E+01
     1145.00  0.1479509E+01   0.5734264E-08   0.1479509E+01
     1155.00  0.1123318E+01   0.7944478E-08   0.1123318E+01
     1165.00  0.1019646E+01   0.1094352E-07   0.1019646E+01
     1175.00  0.1213684E+01   0.1499055E-07   0.1213684E+01
     1185.00  0.1328188E+01   0.2042248E-07   0.1328188E+01
     1195.00  0.1078822E+01   0.2767514E-07   0.1078822E+01
     1205.00  0.1076004E+01   0.3730955E-07   0.1076004E+01
     1215.00  0.1127491E+01   0.5004432E-07   0.1127491E+01
     1225.00  0.1123363E+01   0.1220187E-01   0.1135565E+01
     1235.00  0.5056917E+00   0.2327167E-01   0.5289634E+00
     1245.00  0.1385673E+01   0.3267835E-01   0.1418351E+01
     1255.00  0.9078421E+00   0.4070979E-01   0.9485519E+00
     1265.00  0.1162273E+01   0.4757943E-01   0.1209852E+01
     1275.00  0.1137012E+01   0.5345602E-01   0.1190468E+01
     1285.00  0.1005336E+01   0.5847730E-01   0.1063813E+01
     1295.00  0.1002461E+01   0.6275795E-01   0.1065219E+01
     1305.00  0.1042337E+01   0.6639465E-01   0.1108732E+01
     1315.00  0.9316141E+00   0.6946968E-01   0.1001084E+01
     1325.00  0.8967111E+00   0.7205360E-01   0.9687647E+00
     1335.00  0.9878354E+00   0.7420719E-01   0.1062043E+01
     1345.00  0.8466569E+00   0.7598314E-01   0.9226400E+00
     1355.00  0.9352171E+00   0.7742723E-01   0.1012644E+01
     1365.00  0.9071852E+00   0.7857940E-01   0.9857646E+00
     1375.00  0.8687591E+00   0.7947459E-01   0.9482337E+00
     1385.00  0.8003273E+00   0.8014344E-01   0.8804707E+00
     1395.00  0.7659478E+00   0.8061288E-01   0.8465607E+00
     1405.00  0.8840228E+00   0.8090665E-01   0.9649295E+00
     1415.00  0.7766102E+00   0.8104568E-01   0.8576559E+00
     1425.00  0.7073445E+00   0.8104849E-01   0.7883930E+00
     1435.00  0.7497107E+00   0.8093146E-01   0.8306422E+00
     1442.00  0.7571651E+00   0.8078610E-01   0.8379512E+00
     1447.00  0.7356958E+00   0.8065321E-01   0.8163490E+00
     1455.00  0.7475624E+00   0.8039446E-01   0.8279569E+00
     1465.00  0.7034966E+00   0.7999890E-01   0.7834955E+00
     1475.00  0.7248756E+00   0.7953270E-01   0.8044083E+00
     1485.00  0.6779588E+00   0.7900502E-01   0.7569638E+00
     1495.00  0.6961430E+00   0.7842403E-01   0.7745670E+00
     1505.00  0.6573999E+00   0.7779706E-01   0.7351970E+00
     1512.00  0.6219190E+00   0.7733438E-01   0.6992534E+00
     1517.00  0.6371155E+00   0.7699323E-01   0.7141087E+00
     1525.00  0.5966132E+00   0.7643086E-01   0.6730441E+00
     1535.00  0.5956088E+00   0.7570290E-01   0.6713117E+00
     1545.00  0.5177772E+00   0.7495168E-01   0.5927289E+00
     1555.00  0.6374436E+00   0.7418159E-01   0.7116252E+00
     1565.00  0.5024121E+00   0.7339668E-01   0.5758088E+00
     1575.00  0.5563420E+00   0.7260064E-01   0.6289426E+00
     1585.00  0.5006871E+00   0.7179692E-01   0.5724840E+00
     1595.00  0.5615375E+00   0.7098869E-01   0.6325262E+00
     1605.00  0.5686384E+00   0.7017897E-01   0.6388174E+00
     1615.00  0.5586262E+00   0.6937062E-01   0.6279968E+00
     1625.00  0.5473185E+00   0.6856635E-01   0.6158849E+00
     1635.00  0.5390899E+00   0.6776884E-01   0.6068587E+00
     1645.00  0.5291193E+00   0.6698067E-01   0.5961000E+00
     1655.00  0.5181618E+00   0.6620444E-01   0.5843662E+00
     1665.00  0.5106891E+00   0.6544275E-01   0.5761318E+00
     1672.00  0.5026384E+00   0.6491963E-01   0.5675580E+00
     1677.00  0.4999359E+00   0.6455164E-01   0.5644875E+00
     1685.00  0.4933840E+00   0.6397365E-01   0.5573576E+00
     1695.00  0.4830961E+00   0.6327179E-01   0.5463679E+00
     1705.00  0.4738878E+00   0.6259565E-01   0.5364835E+00
     1715.00  0.4639992E+00   0.6194837E-01   0.5259476E+00
     1725.00  0.4555437E+00   0.6133329E-01   0.5168770E+00
     1735.00  0.4490751E+00   0.6075400E-01   0.5098291E+00
     1745.00  0.4407604E+00   0.6021436E-01   0.5009748E+00
     1755.00  0.4342578E+00   0.5971854E-01   0.4939763E+00
     1765.00  0.4253761E+00   0.5927105E-01   0.4846471E+00
     1775.00  0.4173932E+00   0.5887680E-01   0.4762700E+00
     1785.00  0.4110474E+00   0.5854112E-01   0.4695885E+00
     1795.00  0.4052836E+00   0.5826966E-01   0.4635533E+00
     1805.00  0.3987479E+00   0.5806875E-01   0.4568166E+00
     1815.00  0.3893057E+00   0.5794534E-01   0.4472510E+00
     1825.00  0.3838390E+00   0.5790694E-01   0.4417459E+00
     1835.00  0.3766270E+00   0.5796171E-01   0.4345887E+00
     1845.00  0.3686277E+00   0.5811855E-01   0.4267462E+00
     1855.00  0.3621279E+00   0.5838712E-01   0.4205150E+00
     1865.00  0.3566468E+00   0.5877797E-01   0.4154248E+00
     1875.00  0.3528456E+00   0.5930253E-01   0.4121481E+00
     1885.00  0.3449137E+00   0.5997322E-01   0.4048869E+00
     1895.00  0.3380612E+00   0.6080353E-01   0.3988647E+00
     1905.00  0.3340806E+00   0.6180807E-01   0.3958887E+00
     1915.00  0.3275007E+00   0.6300265E-01   0.3905033E+00
     1925.00  0.3218080E+00   0.6440440E-01   0.3862124E+00
     1935.00  0.3176656E+00   0.6603181E-01   0.3836974E+00
     1945.00  0.3128343E+00   0.6790544E-01   0.3807397E+00
     1955.00  0.3063933E+00   0.7004726E-01   0.3764406E+00
     1967.00  0.3023565E+00   0.7300364E-01   0.3753601E+00
     1976.00  0.2986837E+00   0.7552205E-01   0.3742058E+00
     1984.00  0.2937292E+00   0.7799513E-01   0.3717243E+00
     1995.00  0.2882719E+00   0.8178437E-01   0.3700563E+00
     2005.00  0.2845810E+00   0.8565136E-01   0.3702324E+00
     2015.00  0.2795896E+00   0.8995496E-01   0.3695446E+00
     2025.00  0.2762749E+00   0.9473098E-01   0.3710059E+00
     2035.00  0.2705118E+00   0.1000172E+00   0.3705290E+00
     2045.00  0.2669511E+00   0.1058548E+00   0.3728059E+00
     2055.00  0.2700564E+00   0.3786777E-01   0.3079242E+00
     2065.00  0.2660656E+00   0.3736170E-01   0.3034273E+00
     2074.00  0.2634990E+00   0.3691351E-01   0.3004125E+00
     2078.00  0.2602561E+00   0.3671651E-01   0.2969726E+00
     2085.00  0.2583790E+00   0.3637498E-01   0.2947540E+00
     2095.00  0.2536614E+00   0.3589416E-01   0.2895556E+00
     2105.00  0.2503409E+00   0.3542160E-01   0.2857625E+00
     2115.00  0.2467016E+00   0.3495721E-01   0.2816588E+00
     2125.00  0.2431385E+00   0.3450093E-01   0.2776394E+00
     2135.00  0.2389369E+00   0.3405267E-01   0.2729896E+00
     2145.00  0.2351490E+00   0.3361237E-01   0.2687614E+00
     2155.00  0.2324423E+00   0.3317997E-01   0.2656223E+00
     2165.00  0.2288520E+00   0.3275540E-01   0.2616074E+00
     2175.00  0.2253082E+00   0.3233861E-01   0.2576468E+00
     2185.00  0.2216158E+00   0.3192955E-01   0.2535453E+00
     2195.00  0.2190122E+00   0.3152815E-01   0.2505403E+00
     2205.00  0.2156285E+00   0.3113437E-01   0.2467629E+00
     2215.00  0.2120642E+00   0.3074817E-01   0.2428124E+00
     2225.00  0.2084364E+00   0.3036950E-01   0.2388059E+00
     2235.00  0.2058773E+00   0.2999833E-01   0.2358756E+00
     2245.00  0.2028196E+00   0.2963464E-01   0.2324542E+00
     2255.00  0.1994766E+00   0.2927839E-01   0.2287550E+00
     2265.00  0.1970089E+00   0.2892956E-01   0.2259385E+00
     2275.00  0.1942550E+00   0.2858813E-01   0.2228431E+00
     2285.00  0.1917851E+00   0.2825410E-01   0.2200392E+00
     2295.00  0.1884291E+00   0.2792744E-01   0.2163565E+00
     2305.00  0.1859211E+00   0.2760817E-01   0.2135293E+00
     2315.00  0.1827640E+00   0.2729628E-01   0.2100603E+00
     2325.00  0.1777811E+00   0.2699179E-01   0.2047729E+00
     2335.00  0.1770301E+00   0.2669471E-01   0.2037248E+00
     2345.00  0.1746063E+00   0.2640505E-01   0.2010113E+00
     2355.00  0.1725102E+00   0.2612284E-01   0.1986330E+00
     2365.00  0.1697624E+00   0.2584811E-01   0.1956105E+00
     2375.00  0.1674386E+00   0.2558089E-01   0.1930195E+00
     2385.00  0.1648969E+00   0.2532123E-01   0.1902181E+00
     2395.00  0.1630374E+00   0.2506918E-01   0.1881066E+00
     2405.00  0.1603960E+00   0.2482479E-01   0.1852208E+00
     2415.00  0.1584152E+00   0.2458813E-01   0.1830033E+00
     2425.00  0.1564554E+00   0.2435926E-01   0.1808147E+00
     2435.00  0.1539872E+00   0.2413824E-01   0.1781254E+00
     2445.00  0.1523304E+00   0.2392516E-01   0.1762556E+00
     2455.00  0.1502139E+00   0.2372009E-01   0.1739340E+00
     2465.00  0.1480992E+00   0.2352313E-01   0.1716223E+00
     2475.00  0.1459083E+00   0.2333437E-01   0.1692427E+00
     2485.00  0.1442276E+00   0.2315391E-01   0.1673815E+00
     2495.00  0.1416357E+00   0.2298187E-01   0.1646176E+00
     2505.00  0.1405228E+00   0.2281836E-01   0.1633412E+00
     2513.00  0.1384238E+00   0.2269377E-01   0.1611176E+00
     2518.00  0.1379701E+00   0.2261874E-01   0.1605888E+00
     2525.00  0.1363355E+00   0.2251741E-01   0.1588529E+00
     2535.00  0.1345501E+00   0.2238024E-01   0.1569303E+00
     2545.00  0.1325905E+00   0.2225216E-01   0.1548427E+00
     2555.00  0.1312232E+00   0.2213329E-01   0.1533565E+00
     2565.00  0.1294325E+00   0.2202378E-01   0.1514563E+00
     2575.00  0.1280422E+00   0.2192381E-01   0.1499660E+00
     2585.00  0.1263686E+00   0.2183353E-01   0.1482021E+00
     2595.00  0.1247384E+00   0.2175313E-01   0.1464915E+00
     2605.00  0.1229555E+00   0.1976148E-01   0.1427170E+00
     2615.00  0.1214813E+00   0.1960037E-01   0.1410817E+00
     2625.00  0.1200094E+00   0.1944540E-01   0.1394548E+00
     2635.00  0.1185882E+00   0.1929665E-01   0.1378848E+00
     2645.00  0.1173578E+00   0.1915418E-01   0.1365120E+00
     2655.00  0.1159041E+00   0.1901808E-01   0.1349222E+00
     2665.00  0.1140071E+00   0.1888842E-01   0.1328955E+00
     2675.00  0.1127820E+00   0.1876531E-01   0.1315473E+00
     2685.00  0.1113616E+00   0.1864882E-01   0.1300104E+00
     2695.00  0.1097838E+00   0.1853907E-01   0.1283229E+00
     2705.00  0.1084244E+00   0.1843616E-01   0.1268606E+00
     2715.00  0.1069726E+00   0.1834019E-01   0.1253128E+00
     2725.00  0.1056651E+00   0.1825129E-01   0.1239164E+00
     2735.00  0.1045962E+00   0.1816957E-01   0.1227658E+00
     2745.00  0.1028514E+00   0.1809515E-01   0.1209465E+00
     2755.00  0.1016274E+00   0.1802817E-01   0.1196556E+00
     2765.00  0.1004640E+00   0.1796876E-01   0.1184328E+00
     2775.00  0.9941807E-01   0.1791707E-01   0.1173351E+00
     2785.00  0.9818824E-01   0.1787325E-01   0.1160615E+00
     2795.00  0.9636473E-01   0.1783743E-01   0.1142022E+00
     2805.00  0.9550527E-01   0.1780979E-01   0.1133151E+00
     2815.00  0.9473669E-01   0.1779049E-01   0.1125272E+00
     2825.00  0.9355871E-01   0.1777969E-01   0.1113384E+00
     2835.00  0.9210288E-01   0.1777757E-01   0.1098805E+00
     2845.00  0.9104622E-01   0.1778432E-01   0.1088305E+00
     2855.00  0.8998826E-01   0.1780005E-01   0.1077883E+00
     2865.00  0.8911823E-01   0.1782495E-01   0.1069432E+00
     2875.00  0.8797030E-01   0.1785927E-01   0.1058296E+00
     2885.00  0.8698842E-01   0.1790321E-01   0.1048916E+00
     2895.00  0.8594150E-01   0.1795697E-01   0.1038985E+00
     2910.00  0.8457616E-01   0.1805653E-01   0.1026327E+00
     2930.00  0.8253900E-01   0.1822572E-01   0.1007647E+00
     2950.00  0.8048182E-01   0.1843826E-01   0.9892008E-01
     2970.00  0.7868886E-01   0.1869612E-01   0.9738498E-01
     2990.00  0.7688162E-01   0.1900132E-01   0.9588294E-01
     3010.00  0.7515852E-01   0.1935602E-01   0.9451454E-01
     3030.00  0.7351033E-01   0.1976244E-01   0.9327277E-01
     3050.00  0.7177675E-01   0.2022293E-01   0.9199968E-01
     3070.00  0.7019958E-01   0.2073993E-01   0.9093951E-01
     3090.00  0.6863599E-01   0.2131596E-01   0.8995195E-01
     3110.00  0.6709559E-01   0.2195365E-01   0.8904924E-01
     3130.00  0.6554924E-01   0.2213053E-01   0.8767977E-01
     3150.00  0.6413108E-01   0.2286049E-01   0.8699157E-01
     3170.00  0.6271530E-01   0.2365829E-01   0.8637359E-01
     3190.00  0.6127456E-01   0.2452685E-01   0.8580141E-01
     3210.00  0.6000552E-01   0.2546920E-01   0.8547472E-01
     3230.00  0.5870685E-01   0.2648846E-01   0.8519531E-01
     3250.00  0.5744457E-01   0.2758784E-01   0.8503241E-01
     3270.00  0.5622849E-01   0.2877027E-01   0.8499876E-01
     3290.00  0.5505430E-01   0.3003919E-01   0.8509349E-01
     3310.00  0.5392805E-01   0.3139825E-01   0.8532630E-01
     3330.00  0.5276599E-01   0.3285101E-01   0.8561700E-01
     3350.00  0.5161348E-01   0.3440113E-01   0.8601461E-01
     3370.00  0.5054799E-01   0.3605234E-01   0.8660033E-01
     3390.00  0.4949833E-01   0.3780847E-01   0.8730680E-01
     3410.00  0.4849828E-01   0.3967342E-01   0.8817170E-01
     3430.00  0.4744766E-01   0.3741015E-01   0.8485781E-01
     3450.00  0.4660355E-01   0.3922312E-01   0.8582667E-01
     3470.00  0.4568751E-01   0.4114236E-01   0.8682987E-01
     3490.00  0.4476506E-01   0.4317157E-01   0.8793663E-01
     3510.00  0.4389544E-01   0.4531458E-01   0.8921002E-01
     3530.00  0.4301675E-01   0.4757582E-01   0.9059257E-01
     3550.00  0.4216130E-01   0.4995870E-01   0.9212000E-01
     3570.00  0.4133048E-01   0.5246717E-01   0.9379765E-01
     3590.00  0.4047008E-01   0.5510527E-01   0.9557535E-01
     3610.00  0.3968580E-01   0.5787709E-01   0.9756289E-01
     3630.00  0.3892355E-01   0.6078678E-01   0.9971033E-01
     3640.00  0.3856446E-01   0.6229464E-01   0.1008591E+00
     3650.00  0.4272614E-01   0.7323130E-02   0.5004927E-01
     3670.00  0.4189177E-01   0.7258348E-02   0.4915012E-01
     3690.00  0.4090532E-01   0.6368416E-02   0.4727374E-01
     3710.00  0.4023822E-01   0.6265010E-02   0.4650323E-01
     3730.00  0.3950190E-01   0.6164216E-02   0.4566612E-01
     3750.00  0.3925441E-01   0.6065978E-02   0.4532039E-01
     3770.00  0.3864612E-01   0.5970242E-02   0.4461636E-01
     3790.00  0.3838168E-01   0.5876955E-02   0.4425863E-01
     3810.00  0.3808135E-01   0.5786066E-02   0.4386742E-01
     3830.00  0.3672496E-01   0.5697527E-02   0.4242249E-01
     3850.00  0.3692150E-01   0.5611290E-02   0.4253279E-01
     3870.00  0.3651073E-01   0.5527310E-02   0.4203804E-01
     3890.00  0.3461760E-01   0.5445543E-02   0.4006314E-01
     3910.00  0.3532617E-01   0.5365947E-02   0.4069212E-01
     3930.00  0.3453152E-01   0.5288482E-02   0.3982000E-01
     3950.00  0.3400440E-01   0.5213108E-02   0.3921751E-01
     3970.00  0.3211183E-01   0.5139789E-02   0.3725162E-01
     3990.00  0.3281862E-01   0.5068494E-02   0.3788711E-01
     4010.00  0.3240755E-01   0.4999180E-02   0.3740673E-01
     4030.00  0.3171971E-01   0.4931815E-02   0.3665152E-01
     4050.00  0.3126973E-01   0.4866364E-02   0.3613609E-01
     4070.00  0.3062921E-01   0.4802798E-02   0.3543201E-01
     4090.00  0.2970169E-01   0.4741085E-02   0.3444277E-01
     4110.00  0.2863411E-01   0.4681195E-02   0.3331531E-01
     4130.00  0.2898988E-01   0.4623102E-02   0.3361298E-01
     4150.00  0.2858876E-01   0.4566777E-02   0.3315554E-01
     4170.00  0.2815172E-01   0.4512194E-02   0.3266391E-01
     4190.00  0.2770315E-01   0.4459328E-02   0.3216248E-01
     4210.00  0.2725042E-01   0.4408154E-02   0.3165857E-01
     4230.00  0.2675591E-01   0.4358649E-02   0.3111456E-01
     4250.00  0.2626975E-01   0.4310791E-02   0.3058054E-01
     4270.00  0.2575799E-01   0.4264557E-02   0.3002255E-01
     4290.00  0.2540001E-01   0.4219926E-02   0.2961994E-01
     4310.00  0.2489170E-01   0.4176877E-02   0.2906858E-01
     4330.00  0.2404841E-01   0.4135392E-02   0.2818380E-01
     4350.00  0.2334182E-01   0.4095452E-02   0.2743727E-01
     4370.00  0.2368101E-01   0.4057038E-02   0.2773805E-01
     4390.00  0.2333289E-01   0.4020132E-02   0.2735302E-01
     4410.00  0.2300508E-01   0.3984717E-02   0.2698980E-01
     4430.00  0.2261847E-01   0.3950778E-02   0.2656925E-01
     4450.00  0.2227939E-01   0.3918298E-02   0.2619769E-01
     4470.00  0.2181071E-01   0.3887262E-02   0.2569797E-01
     4490.00  0.2151742E-01   0.3857655E-02   0.2537507E-01
     4510.00  0.2122228E-01   0.3829463E-02   0.2505174E-01
     4530.00  0.2085603E-01   0.3802672E-02   0.2465870E-01
     4550.00  0.2051115E-01   0.3777270E-02   0.2428842E-01
     4570.00  0.2022482E-01   0.3753242E-02   0.2397806E-01
     4590.00  0.1988869E-01   0.3730578E-02   0.2361927E-01
     4610.00  0.1957932E-01   0.3709264E-02   0.2328858E-01
     4630.00  0.1924452E-01   0.3689290E-02   0.2293381E-01
     4650.00  0.1893960E-01   0.3670644E-02   0.2261024E-01
     4670.00  0.1867015E-01   0.3653316E-02   0.2232347E-01
     4690.00  0.1838557E-01   0.3637294E-02   0.2202286E-01
     4710.00  0.1803403E-01   0.3622569E-02   0.2165660E-01
     4730.00  0.1780629E-01   0.3609132E-02   0.2141542E-01
     4750.00  0.1752526E-01   0.3596971E-02   0.2112223E-01
     4770.00  0.1729407E-01   0.3586080E-02   0.2088015E-01
     4790.00  0.1702461E-01   0.3576448E-02   0.2060106E-01
     4810.00  0.1674166E-01   0.3568063E-02   0.2030972E-01
     4830.00  0.1646087E-01   0.3560917E-02   0.2002179E-01
     4850.00  0.1594077E-01   0.3555005E-02   0.1949577E-01
     4870.00  0.1542770E-01   0.3550318E-02   0.1897802E-01
     4890.00  0.1571484E-01   0.3546850E-02   0.1926169E-01
     4910.00  0.1552184E-01   0.3544593E-02   0.1906643E-01
     4930.00  0.1524927E-01   0.3543539E-02   0.1879281E-01
     4950.00  0.1506840E-01   0.3543681E-02   0.1861208E-01
     4970.00  0.1486329E-01   0.3545013E-02   0.1840830E-01
     4990.00  0.1462947E-01   0.3547527E-02   0.1817700E-01
     5010.00  0.1434726E-01   0.3551218E-02   0.1789848E-01
     5030.00  0.1419144E-01   0.3556078E-02   0.1774752E-01
     5050.00  0.1394834E-01   0.3562102E-02   0.1751044E-01
     5070.00  0.1379996E-01   0.3569287E-02   0.1736925E-01
     5090.00  0.1359968E-01   0.3577637E-02   0.1717732E-01
     5110.00  0.1339774E-01   0.3587134E-02   0.1698487E-01
     5130.00  0.1319129E-01   0.3597770E-02   0.1678906E-01
     5150.00  0.1298968E-01   0.3609541E-02   0.1659922E-01
     5170.00  0.1281842E-01   0.3622441E-02   0.1644086E-01
     5190.00  0.1264283E-01   0.3636464E-02   0.1627929E-01
     5210.00  0.1245510E-01   0.3651606E-02   0.1610671E-01
     5230.00  0.1228716E-01   0.3667860E-02   0.1595502E-01
     5250.00  0.1212199E-01   0.3685222E-02   0.1580721E-01
     5270.00  0.1193406E-01   0.3703687E-02   0.1563775E-01
     5290.00  0.1179550E-01   0.3723249E-02   0.1551875E-01
     5310.00  0.1162276E-01   0.3743903E-02   0.1536666E-01
     5330.00  0.1145412E-01   0.3765645E-02   0.1521977E-01
     5350.00  0.1130244E-01   0.3788470E-02   0.1509091E-01
     5370.00  0.1115646E-01   0.3812366E-02   0.1496883E-01
     5390.00  0.1100424E-01   0.3837314E-02   0.1484155E-01
     5410.00  0.1084845E-01   0.3863328E-02   0.1471178E-01
     5430.00  0.1070067E-01   0.3890402E-02   0.1459107E-01
     5450.00  0.1055715E-01   0.3918532E-02   0.1447568E-01
     5470.00  0.1041486E-01   0.3947714E-02   0.1436257E-01
     5490.00  0.1027994E-01   0.3977943E-02   0.1425788E-01
     5510.00  0.1014347E-01   0.4009213E-02   0.1415268E-01
     5530.00  0.1000620E-01   0.4041521E-02   0.1404772E-01
     5550.00  0.9873698E-02   0.4074861E-02   0.1394856E-01
     5570.00  0.9742749E-02   0.4109230E-02   0.1385198E-01
     5590.00  0.9616862E-02   0.4144622E-02   0.1376148E-01
     5610.00  0.9492579E-02   0.4181032E-02   0.1367361E-01
     5630.00  0.9369285E-02   0.4218457E-02   0.1358774E-01
     5650.00  0.9230236E-02   0.4256892E-02   0.1348713E-01
     5670.00  0.9108254E-02   0.4296331E-02   0.1340459E-01
     5690.00  0.9027517E-02   0.4336771E-02   0.1336429E-01
     5710.00  0.8916651E-02   0.2268114E-02   0.1118477E-01
     5730.00  0.8807676E-02   0.2266843E-02   0.1107452E-01
     5750.00  0.8688715E-02   0.2266025E-02   0.1095474E-01
     5770.00  0.8584404E-02   0.2265656E-02   0.1085006E-01
     5790.00  0.8473100E-02   0.2265730E-02   0.1073883E-01
     5810.00  0.8367002E-02   0.2266243E-02   0.1063325E-01
     5830.00  0.8259584E-02   0.2267191E-02   0.1052678E-01
     5850.00  0.8152008E-02   0.2268570E-02   0.1042058E-01
     5870.00  0.8022628E-02   0.2270375E-02   0.1029300E-01
     5890.00  0.7937256E-02   0.2272601E-02   0.1020986E-01
     5910.00  0.7849895E-02   0.2275245E-02   0.1012514E-01
     5930.00  0.7750810E-02   0.2278303E-02   0.1002911E-01
     5950.00  0.7645736E-02   0.2281770E-02   0.9927506E-02
     5970.00  0.7561558E-02   0.2285642E-02   0.9847200E-02
     5990.00  0.7463210E-02   0.2289915E-02   0.9753125E-02
     6010.00  0.7375772E-02   0.2294586E-02   0.9670358E-02
     6030.00  0.7283938E-02   0.2299650E-02   0.9583588E-02
     6050.00  0.7193586E-02   0.2305104E-02   0.9498690E-02
     6070.00  0.7108930E-02   0.2310943E-02   0.9419873E-02
     6090.00  0.7021584E-02   0.2317165E-02   0.9338749E-02
     6110.00  0.6936780E-02   0.2323764E-02   0.9260544E-02
     6130.00  0.6849889E-02   0.2330738E-02   0.9180627E-02
     6150.00  0.6754628E-02   0.2338083E-02   0.9092711E-02
     6170.00  0.6681976E-02   0.2345795E-02   0.9027771E-02
     6190.00  0.6608490E-02   0.2353871E-02   0.8962361E-02
     6210.00  0.6530273E-02   0.2362307E-02   0.8892580E-02
     6230.00  0.6449494E-02   0.2371100E-02   0.8820594E-02
     6250.00  0.6362789E-02   0.2380245E-02   0.8743034E-02
     6270.00  0.6298718E-02   0.2389741E-02   0.8688459E-02
     6290.00  0.6225984E-02   0.2399583E-02   0.8625567E-02
     6310.00  0.6149018E-02   0.2409769E-02   0.8558787E-02
     6330.00  0.6078353E-02   0.2420293E-02   0.8498646E-02
     6350.00  0.5993165E-02   0.2431155E-02   0.8424320E-02
     6370.00  0.5929578E-02   0.2442349E-02   0.8371927E-02
     6390.00  0.5868384E-02   0.2453874E-02   0.8322258E-02
     6410.00  0.5797610E-02   0.2465725E-02   0.8263335E-02
     6430.00  0.5733346E-02   0.2477899E-02   0.8211245E-02
     6450.00  0.5661400E-02   0.2490394E-02   0.8151794E-02
     6470.00  0.5599271E-02   0.2503206E-02   0.8102477E-02
     6490.00  0.5532796E-02   0.2516332E-02   0.8049128E-02
     6510.00  0.5469408E-02   0.2529769E-02   0.7999177E-02
     6530.00  0.5397990E-02   0.2543486E-02   0.7941476E-02
     6550.00  0.5275798E-02   0.2557497E-02   0.7833295E-02
     6570.00  0.5096496E-02   0.2571808E-02   0.7668304E-02
     6590.00  0.5199658E-02   0.2586416E-02   0.7786074E-02
     6610.00  0.5165820E-02   0.2601318E-02   0.7767138E-02
     6630.00  0.5111377E-02   0.2616510E-02   0.7727887E-02
     6650.00  0.5054400E-02   0.2601642E-02   0.7656042E-02
     6670.00  0.4993122E-02   0.2617102E-02   0.7610224E-02
     6690.00  0.4939040E-02   0.2632844E-02   0.7571884E-02
     6710.00  0.4888638E-02   0.2648865E-02   0.7537503E-02
     6730.00  0.4833665E-02   0.2665162E-02   0.7498827E-02
     6750.00  0.4780765E-02   0.2681732E-02   0.7462497E-02
     6770.00  0.4730802E-02   0.2698573E-02   0.7429375E-02
     6790.00  0.4674434E-02   0.2715681E-02   0.7390115E-02
     6810.00  0.4626742E-02   0.2733055E-02   0.7359797E-02
     6830.00  0.4575516E-02   0.2750691E-02   0.7326207E-02
     6850.00  0.4524728E-02   0.2768586E-02   0.7293314E-02
     6870.00  0.4477823E-02   0.2786738E-02   0.7264561E-02
     6890.00  0.4429774E-02   0.2805144E-02   0.7234918E-02
     6910.00  0.4381744E-02   0.2823802E-02   0.7205546E-02
     6930.00  0.4333122E-02   0.2842708E-02   0.7175830E-02
     6950.00  0.4286858E-02   0.2861860E-02   0.7148718E-02
     6970.00  0.4242231E-02   0.2881256E-02   0.7123487E-02
     6990.00  0.4197750E-02   0.2900893E-02   0.7098643E-02
     7010.00  0.4150632E-02   0.2920767E-02   0.7071399E-02
     7030.00  0.4107603E-02   0.2940881E-02   0.7048484E-02
     7050.00  0.4062528E-02   0.2961228E-02   0.7023756E-02
     7070.00  0.4014280E-02   0.2981806E-02   0.6996086E-02
     7090.00  0.3980216E-02   0.3002611E-02   0.6982827E-02
     7110.00  0.3933360E-02   0.3023641E-02   0.6957001E-02
     7130.00  0.3893420E-02   0.3044894E-02   0.6938314E-02
     7150.00  0.3853808E-02   0.3066366E-02   0.6920174E-02
     7170.00  0.3814880E-02   0.3088056E-02   0.6902936E-02
     7190.00  0.3775310E-02   0.3109961E-02   0.6885271E-02
     7210.00  0.3737191E-02   0.3132078E-02   0.6869269E-02
     7230.00  0.3691604E-02   0.3154406E-02   0.6846010E-02
     7250.00  0.3658396E-02   0.3176941E-02   0.6835337E-02
     7270.00  0.3622993E-02   0.3199681E-02   0.6822674E-02
     7290.00  0.3581762E-02   0.3222624E-02   0.6804386E-02
     7310.00  0.3549061E-02   0.3245768E-02   0.6794829E-02
     7330.00  0.3512670E-02   0.3269109E-02   0.6781779E-02
     7350.00  0.3476951E-02   0.3292646E-02   0.6769597E-02
     7370.00  0.3442067E-02   0.3316376E-02   0.6758443E-02
     7390.00  0.3406048E-02   0.3340297E-02   0.6746345E-02
     7410.00  0.3370737E-02   0.3364407E-02   0.6735144E-02
     7430.00  0.3336464E-02   0.3388703E-02   0.6725167E-02
     7450.00  0.3303737E-02   0.3401301E-02   0.6705038E-02
     7470.00  0.3269955E-02   0.3425862E-02   0.6695817E-02
     7490.00  0.3239012E-02   0.3450603E-02   0.6689615E-02
     7510.00  0.3207312E-02   0.3475521E-02   0.6682833E-02
     7530.00  0.3175676E-02   0.3500615E-02   0.6676291E-02
     7550.00  0.3144405E-02   0.3525881E-02   0.6670286E-02
     7570.00  0.3113717E-02   0.3551319E-02   0.6665036E-02
     7590.00  0.3083195E-02   0.3576925E-02   0.6660120E-02
     7610.00  0.3053124E-02   0.3602683E-02   0.6655807E-02
     7630.00  0.3023107E-02   0.3628589E-02   0.6651696E-02
     7650.00  0.2992743E-02   0.3654656E-02   0.6647399E-02
     7670.00  0.2963164E-02   0.3680882E-02   0.6644046E-02
     7690.00  0.2935536E-02   0.3707264E-02   0.6642800E-02
     7710.00  0.2906727E-02   0.3733800E-02   0.6640527E-02
     7730.00  0.2878886E-02   0.3760488E-02   0.6639374E-02
     7750.00  0.2850095E-02   0.3787327E-02   0.6637422E-02
     7770.00  0.2815992E-02   0.3814313E-02   0.6630305E-02
     7790.00  0.2796843E-02   0.3841445E-02   0.6638288E-02
     7810.00  0.2769983E-02   0.3868720E-02   0.6638703E-02
     7830.00  0.2743124E-02   0.3896137E-02   0.6639261E-02
     7850.00  0.2714727E-02   0.3923694E-02   0.6638421E-02
     7870.00  0.2689299E-02   0.3831890E-02   0.6521189E-02
     7890.00  0.2663092E-02   0.3858790E-02   0.6521882E-02
     7910.00  0.2639701E-02   0.3885823E-02   0.6525524E-02
     7930.00  0.2614598E-02   0.3912987E-02   0.6527585E-02
     7950.00  0.2587530E-02   0.3940280E-02   0.6527810E-02
     7970.00  0.2566841E-02   0.3967700E-02   0.6534541E-02
     7990.00  0.2539777E-02   0.3995245E-02   0.6535022E-02
     8010.00  0.2519169E-02   0.4022913E-02   0.6542082E-02
     8030.00  0.2495526E-02   0.4050702E-02   0.6546228E-02
     8050.00  0.2471923E-02   0.4078611E-02   0.6550534E-02
     8070.00  0.2449985E-02   0.4106637E-02   0.6556622E-02
     8090.00  0.2426676E-02   0.4134779E-02   0.6561455E-02
     8110.00  0.2404469E-02   0.4163034E-02   0.6567503E-02
     8130.00  0.2383202E-02   0.4191401E-02   0.6574603E-02
     8150.00  0.2360443E-02   0.4219878E-02   0.6580321E-02
     8170.00  0.2339604E-02   0.4248464E-02   0.6588068E-02
     8190.00  0.2315592E-02   0.4277155E-02   0.6592747E-02
     8210.00  0.2334288E-02   0.3581853E-02   0.5916141E-02
     8230.00  0.2312534E-02   0.7602528E-03   0.3072787E-02
     8250.00  0.2294429E-02   0.7594889E-03   0.3053918E-02
     8270.00  0.2274230E-02   0.7587683E-03   0.3032998E-02
     8290.00  0.2254316E-02   0.7279289E-03   0.2982245E-02
     8310.00  0.2233836E-02   0.7270731E-03   0.2960909E-02
     8330.00  0.2212213E-02   0.7262587E-03   0.2938472E-02
     8350.00  0.2191266E-02   0.7254851E-03   0.2916751E-02
     8370.00  0.2170781E-02   0.7247518E-03   0.2895533E-02
     8390.00  0.2149639E-02   0.7240581E-03   0.2873697E-02
     8410.00  0.2129218E-02   0.7234037E-03   0.2852622E-02
     8430.00  0.2107481E-02   0.7227879E-03   0.2830269E-02
     8450.00  0.2085784E-02   0.7222101E-03   0.2807994E-02
     8470.00  0.2065086E-02   0.7216700E-03   0.2786756E-02
     8490.00  0.2054638E-02   0.7211670E-03   0.2775805E-02
     8510.00  0.2023770E-02   0.7207004E-03   0.2744470E-02
     8530.00  0.2023991E-02   0.7202700E-03   0.2744261E-02
     8550.00  0.1974327E-02   0.7198752E-03   0.2694202E-02
     8570.00  0.1999530E-02   0.7195154E-03   0.2719045E-02
     8590.00  0.1957438E-02   0.7191902E-03   0.2676628E-02
     8610.00  0.1937993E-02   0.7188991E-03   0.2656892E-02
     8630.00  0.1955556E-02   0.7186418E-03   0.2674198E-02
     8650.00  0.1922926E-02   0.7184175E-03   0.2641344E-02
     8670.00  0.1863399E-02   0.7182260E-03   0.2581625E-02
     8690.00  0.1899652E-02   0.7180668E-03   0.2617719E-02
     8710.00  0.1896189E-02   0.7179394E-03   0.2614128E-02
     8730.00  0.1867059E-02   0.7178433E-03   0.2584902E-02
     8750.00  0.1800020E-02   0.7177783E-03   0.2517798E-02
     8770.00  0.1826428E-02   0.7177438E-03   0.2544172E-02
     8790.00  0.1833791E-02   0.7177393E-03   0.2551530E-02
     8810.00  0.1820420E-02   0.7177644E-03   0.2538184E-02
     8830.00  0.1799529E-02   0.7178189E-03   0.2517348E-02
     8850.00  0.1757742E-02   0.7179022E-03   0.2475644E-02
     8870.00  0.1709832E-02   0.7180139E-03   0.2427846E-02
     8890.00  0.1748998E-02   0.7181537E-03   0.2467152E-02
     8910.00  0.1744769E-02   0.7183211E-03   0.2463090E-02
     8930.00  0.1731163E-02   0.7185157E-03   0.2449679E-02
     8950.00  0.1718667E-02   0.7187373E-03   0.2437404E-02
     8970.00  0.1702457E-02   0.7189853E-03   0.2421442E-02
     8990.00  0.1678364E-02   0.7192595E-03   0.2397623E-02
     9010.00  0.1615539E-02   0.7195592E-03   0.2335098E-02
     9030.00  0.1623879E-02   0.7198844E-03   0.2343763E-02
     9050.00  0.1641591E-02   0.7202347E-03   0.2361826E-02
     9070.00  0.1629545E-02   0.7206095E-03   0.2350154E-02
     9090.00  0.1617426E-02   0.7210086E-03   0.2338435E-02
     9110.00  0.1607809E-02   0.7214317E-03   0.2329241E-02
     9130.00  0.1595694E-02   0.7218787E-03   0.2317573E-02
     9150.00  0.1582762E-02   0.7223490E-03   0.2305111E-02
     9170.00  0.1567789E-02   0.7228423E-03   0.2290631E-02
     9190.00  0.1551620E-02   0.7233582E-03   0.2274978E-02
     9210.00  0.1523381E-02   0.7238963E-03   0.2247277E-02
     9230.00  0.1464638E-02   0.7244563E-03   0.2189094E-02
     9250.00  0.1494810E-02   0.7250378E-03   0.2219848E-02
     9270.00  0.1496459E-02   0.7256408E-03   0.2222100E-02
     9290.00  0.1493229E-02   0.7262646E-03   0.2219494E-02
     9310.00  0.1482327E-02   0.7269090E-03   0.2209236E-02
     9330.00  0.1470746E-02   0.7275737E-03   0.2198320E-02
     9350.00  0.1459582E-02   0.7282587E-03   0.2187841E-02
     9370.00  0.1448325E-02   0.7289631E-03   0.2177288E-02
     9390.00  0.1436000E-02   0.7296871E-03   0.2165687E-02
     9410.00  0.1420792E-02   0.7304301E-03   0.2151222E-02
     9430.00  0.1413254E-02   0.7311922E-03   0.2144446E-02
     9450.00  0.1401616E-02   0.7319726E-03   0.2133589E-02
     9470.00  0.1389651E-02   0.7327712E-03   0.2122422E-02
     9490.00  0.1378507E-02   0.7335882E-03   0.2112095E-02
     9510.00  0.1362797E-02   0.7344225E-03   0.2097219E-02
     9530.00  0.1336527E-02   0.7352744E-03   0.2071801E-02
     9550.00  0.1289409E-02   0.7361435E-03   0.2025553E-02
     9570.00  0.1320973E-02   0.7370295E-03   0.2058003E-02
     9590.00  0.1322762E-02   0.7379321E-03   0.2060694E-02
     9610.00  0.1313989E-02   0.7388511E-03   0.2052840E-02
     9630.00  0.1301927E-02   0.7397861E-03   0.2041713E-02
     9650.00  0.1295451E-02   0.7407370E-03   0.2036188E-02
     9670.00  0.1284756E-02   0.7417038E-03   0.2026460E-02
     9690.00  0.1275548E-02   0.7426858E-03   0.2018234E-02
     9710.00  0.1266116E-02   0.7436828E-03   0.2009799E-02
     9730.00  0.1256648E-02   0.7446947E-03   0.2001343E-02
     9750.00  0.1246311E-02   0.7457210E-03   0.1992032E-02
     9770.00  0.1237409E-02   0.7467622E-03   0.1984171E-02
     9790.00  0.1227845E-02   0.7478170E-03   0.1975662E-02
     9810.00  0.1218434E-02   0.7488860E-03   0.1967320E-02
     9830.00  0.1208696E-02   0.7499687E-03   0.1958665E-02
     9850.00  0.1199324E-02   0.7510651E-03   0.1950389E-02
     9870.00  0.1190110E-02   0.7521744E-03   0.1942284E-02
     9890.00  0.1180474E-02   0.7532968E-03   0.1933771E-02
     9910.00  0.1171366E-02   0.7544320E-03   0.1925798E-02
     9930.00  0.1163444E-02   0.7555797E-03   0.1919024E-02
     9950.00  0.1154350E-02   0.7567399E-03   0.1911090E-02
     9970.00  0.1145471E-02   0.7579121E-03   0.1903383E-02
     9990.00  0.1136287E-02   0.7590966E-03   0.1895384E-02
    10025.00  0.1107823E-02   0.7611970E-03   0.1869020E-02
    10075.00  0.1081394E-02   0.7642580E-03   0.1845652E-02
    10125.00  0.1078456E-02   0.7673870E-03   0.1845843E-02
    10175.00  0.1061552E-02   0.7705881E-03   0.1832140E-02
    10225.00  0.1043061E-02   0.7738516E-03   0.1816913E-02
    10275.00  0.1024272E-02   0.7771731E-03   0.1801445E-02
    10325.00  0.1004602E-02   0.7805498E-03   0.1785152E-02
    10375.00  0.9863002E-03   0.7839790E-03   0.1770279E-02
    10425.00  0.9689290E-03   0.7874580E-03   0.1756387E-02
    10475.00  0.9509256E-03   0.7909844E-03   0.1741910E-02
    10525.00  0.9340061E-03   0.7945555E-03   0.1728562E-02
    10575.00  0.9177666E-03   0.7981690E-03   0.1715936E-02
    10625.00  0.9014698E-03   0.8018226E-03   0.1703292E-02
    10675.00  0.8845315E-03   0.8055140E-03   0.1690045E-02
    10725.00  0.8704567E-03   0.8092409E-03   0.1679698E-02
    10775.00  0.8553688E-03   0.8130012E-03   0.1668370E-02
    10825.00  0.8387578E-03   0.8167929E-03   0.1655551E-02
    10875.00  0.8238532E-03   0.8206139E-03   0.1644467E-02
    10925.00  0.7921724E-03   0.8244622E-03   0.1616635E-02
    10975.00  0.7910444E-03   0.8283360E-03   0.1619380E-02
    11025.00  0.7836664E-03   0.8322333E-03   0.1615900E-02
    11075.00  0.7712822E-03   0.8361524E-03   0.1607435E-02
    11125.00  0.7577990E-03   0.8400915E-03   0.1597890E-02
    11175.00  0.7454556E-03   0.6433224E-03   0.1388778E-02
    11225.00  0.7332905E-03   0.6454968E-03   0.1378787E-02
    11275.00  0.7195979E-03   0.6476947E-03   0.1367293E-02
    11325.00  0.7077232E-03   0.6499150E-03   0.1357638E-02
    11375.00  0.6965721E-03   0.6521561E-03   0.1348728E-02
    11425.00  0.6851614E-03   0.6544168E-03   0.1339578E-02
    11475.00  0.6747591E-03   0.6566957E-03   0.1331455E-02
    11525.00  0.6637593E-03   0.6589916E-03   0.1322751E-02
    11575.00  0.6526202E-03   0.6613032E-03   0.1313923E-02
    11625.00  0.6411571E-03   0.6636295E-03   0.1304787E-02
    11675.00  0.6310192E-03   0.6659694E-03   0.1296989E-02
    11725.00  0.6218596E-03   0.6683215E-03   0.1290181E-02
    11775.00  0.6108649E-03   0.6706849E-03   0.1281550E-02
    11825.00  0.6015338E-03   0.6730586E-03   0.1274592E-02
    11875.00  0.5914589E-03   0.6754415E-03   0.1266900E-02
    11925.00  0.5832164E-03   0.6778327E-03   0.1261049E-02
    11975.00  0.5731191E-03   0.6802310E-03   0.1253350E-02
    12025.00  0.5649550E-03   0.6826358E-03   0.1247591E-02
    12075.00  0.5558296E-03   0.6850461E-03   0.1240876E-02
    12125.00  0.5470208E-03   0.6874608E-03   0.1234482E-02
    12175.00  0.5388036E-03   0.6898794E-03   0.1228683E-02
    12225.00  0.5304218E-03   0.6923009E-03   0.1222723E-02
    12275.00  0.5222896E-03   0.6947245E-03   0.1217014E-02
    12325.00  0.5143046E-03   0.6971496E-03   0.1211454E-02
    12375.00  0.5063936E-03   0.6995752E-03   0.1205969E-02
    12425.00  0.4989948E-03   0.7020006E-03   0.1200995E-02
    12475.00  0.4913148E-03   0.7044253E-03   0.1195740E-02
    12525.00  0.4839487E-03   0.7048286E-03   0.1188777E-02
    12575.00  0.4764046E-03   0.7072449E-03   0.1183650E-02
    12625.00  0.4692483E-03   0.7096588E-03   0.1178907E-02
    12675.00  0.4624510E-03   0.7120694E-03   0.1174520E-02
    12725.00  0.4555153E-03   0.7144763E-03   0.1169992E-02
    12775.00  0.4466493E-03   0.7168787E-03   0.1163528E-02
    12825.00  0.4308804E-03   0.7192762E-03   0.1150157E-02
    12875.00  0.4341607E-03   0.7216683E-03   0.1155829E-02
    12925.00  0.4291734E-03   0.7240543E-03   0.1153228E-02
    12975.00  0.4230429E-03   0.7264339E-03   0.1149477E-02
    13025.00  0.4171095E-03   0.7288064E-03   0.1145916E-02
    13075.00  0.4111019E-03   0.7311608E-03   0.1142263E-02
    13125.00  0.4048716E-03   0.7335057E-03   0.1138377E-02
    13175.00  0.3989736E-03   0.7358417E-03   0.1134815E-02
    13225.00  0.3935549E-03   0.7381681E-03   0.1131723E-02
    13275.00  0.3877937E-03   0.7404847E-03   0.1128278E-02
    13325.00  0.3823000E-03   0.7427910E-03   0.1125091E-02
    13375.00  0.3768348E-03   0.7450867E-03   0.1121921E-02
    13425.00  0.3716678E-03   0.7473714E-03   0.1119039E-02
    13475.00  0.3665192E-03   0.7496448E-03   0.1116164E-02
    13525.00  0.3613118E-03   0.7519065E-03   0.1113218E-02
    13575.00  0.3561072E-03   0.7541562E-03   0.1110263E-02
    13625.00  0.3511024E-03   0.7555261E-03   0.1106629E-02
    13675.00  0.3462968E-03   0.7577486E-03   0.1104045E-02
    13725.00  0.3414546E-03   0.7599584E-03   0.1101413E-02
    13775.00  0.3369083E-03   0.7621551E-03   0.1099063E-02
    13825.00  0.3322519E-03   0.7643384E-03   0.1096590E-02
    13875.00  0.3276475E-03   0.7665080E-03   0.1094155E-02
    13925.00  0.3231700E-03   0.7686638E-03   0.1091834E-02
    13975.00  0.3189018E-03   0.7708055E-03   0.1089707E-02
    14025.00  0.3145410E-03   0.7729329E-03   0.1087474E-02
    14075.00  0.3103216E-03   0.7750459E-03   0.1085367E-02
    14125.00  0.3059087E-03   0.7678484E-03   0.1073757E-02
    14175.00  0.3020535E-03   0.7699185E-03   0.1071972E-02
    14225.00  0.2979670E-03   0.7719738E-03   0.1069941E-02
    14275.00  0.2939520E-03   0.7740143E-03   0.1067966E-02
    14325.00  0.2901586E-03   0.7760397E-03   0.1066198E-02
    14375.00  0.2863110E-03   0.7780499E-03   0.1064361E-02
    14425.00  0.2818557E-03   0.7800447E-03   0.1061900E-02
    14475.00  0.2786921E-03   0.7820241E-03   0.1060716E-02
    14525.00  0.2747597E-03   0.7839878E-03   0.1058747E-02
    14570.00  0.2717447E-03   0.7857417E-03   0.1057486E-02
    14620.00  0.2696563E-03   0.2983248E-03   0.5679811E-03
    14675.00  0.2658881E-03   0.2985453E-03   0.5644334E-03
    14725.00  0.2624084E-03   0.2957731E-03   0.5581815E-03
    14775.00  0.2589766E-03   0.2959748E-03   0.5549514E-03
    14825.00  0.2557384E-03   0.2961782E-03   0.5519166E-03
    14875.00  0.2522321E-03   0.2963830E-03   0.5486151E-03
    14925.00  0.2493854E-03   0.2965893E-03   0.5459747E-03
    14975.00  0.2460767E-03   0.2967967E-03   0.5428734E-03
    15025.00  0.2427611E-03   0.2970052E-03   0.5397663E-03
    15075.00  0.2395287E-03   0.2972146E-03   0.5367433E-03
    15125.00  0.2365712E-03   0.2974248E-03   0.5339960E-03
    15175.00  0.2335892E-03   0.2976357E-03   0.5312249E-03
    15225.00  0.2306072E-03   0.2978480E-03   0.5284552E-03
    15275.00  0.2276826E-03   0.2980617E-03   0.5257443E-03
    15325.00  0.2246769E-03   0.2982756E-03   0.5229525E-03
    15375.00  0.2220505E-03   0.2984896E-03   0.5205401E-03
    15425.00  0.2188765E-03   0.2987035E-03   0.5175800E-03
    15475.00  0.2167018E-03   0.2989174E-03   0.5156192E-03
    15525.00  0.2139540E-03   0.2991310E-03   0.5130850E-03
    15575.00  0.2104827E-03   0.2993443E-03   0.5098270E-03
    15625.00  0.2094258E-03   0.2995571E-03   0.5089829E-03
    15675.00  0.2057533E-03   0.2997694E-03   0.5055227E-03
    15725.00  0.2028108E-03   0.2999811E-03   0.5027919E-03
    15775.00  0.2018967E-03   0.3001921E-03   0.5020888E-03
    15825.00  0.1994063E-03   0.3004023E-03   0.4998086E-03
    15875.00  0.1943401E-03   0.3006117E-03   0.4949518E-03
    15925.00  0.1940387E-03   0.3008200E-03   0.4948587E-03
    15975.00  0.1928632E-03   0.3010274E-03   0.4938906E-03
    16050.00  0.1887080E-03   0.3013362E-03   0.4900442E-03
    16150.00  0.1830927E-03   0.3017437E-03   0.4848364E-03
    16250.00  0.1807607E-03   0.3021458E-03   0.4829065E-03
    16350.00  0.1757504E-03   0.3025419E-03   0.4782923E-03
    16450.00  0.1705391E-03   0.3029317E-03   0.4734708E-03
    16550.00  0.1685018E-03   0.3033145E-03   0.4718163E-03
    16650.00  0.1646628E-03   0.3036901E-03   0.4683529E-03
    16750.00  0.1600003E-03   0.3040580E-03   0.4640583E-03
    16850.00  0.1552503E-03   0.3044179E-03   0.4596682E-03
    16950.00  0.1536471E-03   0.3047696E-03   0.4584167E-03
    17050.00  0.1500885E-03   0.3051126E-03   0.4552011E-03
    17150.00  0.1469284E-03   0.3054468E-03   0.4523752E-03
    17250.00  0.1434291E-03   0.3057717E-03   0.4492008E-03
    17350.00  0.1379898E-03   0.3060874E-03   0.4440772E-03
    17450.00  0.1368292E-03   0.3063935E-03   0.4432227E-03
    17550.00  0.1342858E-03   0.3066899E-03   0.4409757E-03
    17650.00  0.1313851E-03   0.3069763E-03   0.4383614E-03
    17750.00  0.1284835E-03   0.3072527E-03   0.4357362E-03
    17850.00  0.1257246E-03   0.3075189E-03   0.4332435E-03
    17950.00  0.1231271E-03   0.3077748E-03   0.4309019E-03
    18050.00  0.1203169E-03   0.3080203E-03   0.4283372E-03
    18150.00  0.1160157E-03   0.3082553E-03   0.4242710E-03
    18250.00  0.1148170E-03   0.3084806E-03   0.4232976E-03
    18350.00  0.1129686E-03   0.3087026E-03   0.4216712E-03
    18450.00  0.1106127E-03   0.3089135E-03   0.4195262E-03
    18550.00  0.1082454E-03   0.2741570E-03   0.3824024E-03
    18650.00  0.1058115E-03   0.2742701E-03   0.3800816E-03
    18750.00  0.1021518E-03   0.2743746E-03   0.3765264E-03
    18850.00  0.1016104E-03   0.2744707E-03   0.3760811E-03
    18950.00  0.9955725E-04   0.2745582E-03   0.3741155E-03
    19050.00  0.9764971E-04   0.2746372E-03   0.3722869E-03
    19150.00  0.9574590E-04   0.2747076E-03   0.3704535E-03
    19250.00  0.9381543E-04   0.2747694E-03   0.3685849E-03
    19350.00  0.9173617E-04   0.2748227E-03   0.3665589E-03
    19450.00  0.8847919E-04   0.2748674E-03   0.3633466E-03
    19550.00  0.8818360E-04   0.2749036E-03   0.3630872E-03
    19650.00  0.8660824E-04   0.2749313E-03   0.3615395E-03
    19750.00  0.8487827E-04   0.2749504E-03   0.3598287E-03
    19850.00  0.8323673E-04   0.2749611E-03   0.3581979E-03
    19950.00  0.8162940E-04   0.2749634E-03   0.3565928E-03
    20050.00  0.8008627E-04   0.2749573E-03   0.3550436E-03
    20150.00  0.7857130E-04   0.2749429E-03   0.3535142E-03
    20250.00  0.7702088E-04   0.2746578E-03   0.3516787E-03
    20350.00  0.7559695E-04   0.2746276E-03   0.3502245E-03
    20450.00  0.7423575E-04   0.2745892E-03   0.3488249E-03
    20550.00  0.7281823E-04   0.2745427E-03   0.3473609E-03
    20650.00  0.7143084E-04   0.2744882E-03   0.3459191E-03
    20750.00  0.7006400E-04   0.2744258E-03   0.3444898E-03
    20850.00  0.6881514E-04   0.2743554E-03   0.3431706E-03
    20950.00  0.6755423E-04   0.2742773E-03   0.3418315E-03
    21050.00  0.6633523E-04   0.2741914E-03   0.3405266E-03
    21150.00  0.6506033E-04   0.2740978E-03   0.3391582E-03
    21250.00  0.6386246E-04   0.2739967E-03   0.3378592E-03
    21350.00  0.6273223E-04   0.2738880E-03   0.3366203E-03
    21450.00  0.6162888E-04   0.2737720E-03   0.3354009E-03
    21550.00  0.6045114E-04   0.2735257E-03   0.3339768E-03
    21650.00  0.5840462E-04   0.2733957E-03   0.3318003E-03
    21750.00  0.5819279E-04   0.2732586E-03   0.3314514E-03
    21850.00  0.5733667E-04   0.2731143E-03   0.3304510E-03
    21950.00  0.5637750E-04   0.2729631E-03   0.3293406E-03
    22050.00  0.5536996E-04   0.2728050E-03   0.3281749E-03
    22150.00  0.5440139E-04   0.2726400E-03   0.3270414E-03
    22250.00  0.5343060E-04   0.2711664E-03   0.3245970E-03
    22350.00  0.5253059E-04   0.2709925E-03   0.3235231E-03
    22450.00  0.5163567E-04   0.2708121E-03   0.3224477E-03
    22550.00  0.5073458E-04   0.2706251E-03   0.3213597E-03
    22650.00  0.4985252E-04   0.2704319E-03   0.3202844E-03
    22750.00  0.4901823E-04   0.2702323E-03   0.3192506E-03
    22850.00  0.4827944E-04   0.1655099E-03   0.2137894E-03
    22950.00  0.4745836E-04   0.1648275E-03   0.2122858E-03
    23050.00  0.4669280E-04   0.1646495E-03   0.2113423E-03
    23150.00  0.4590863E-04   0.1644694E-03   0.2103780E-03
    23250.00  0.4511375E-04   0.1642871E-03   0.2094009E-03
    23350.00  0.4440091E-04   0.1641028E-03   0.2085037E-03
    23450.00  0.4369367E-04   0.1639163E-03   0.2076100E-03
    23550.00  0.4294937E-04   0.1637278E-03   0.2066772E-03
    23650.00  0.4225663E-04   0.1635373E-03   0.2057939E-03
    23750.00  0.4154296E-04   0.1633447E-03   0.2048877E-03
    23850.00  0.4086018E-04   0.1631501E-03   0.2040103E-03
    23950.00  0.4022759E-04   0.1629536E-03   0.2031812E-03
    24050.00  0.3957572E-04   0.1627551E-03   0.2023308E-03
    24150.00  0.3890907E-04   0.1625546E-03   0.2014637E-03
    24250.00  0.3827975E-04   0.1623523E-03   0.2006320E-03
    24350.00  0.3768632E-04   0.1621481E-03   0.1998344E-03
    24450.00  0.3708395E-04   0.1619420E-03   0.1990259E-03
    24550.00  0.3651039E-04   0.1617340E-03   0.1982444E-03
    24650.00  0.3592532E-04   0.1615243E-03   0.1974496E-03
    24750.00  0.3533941E-04   0.1613128E-03   0.1966522E-03
    24850.00  0.3483476E-04   0.1610995E-03   0.1959342E-03
    24950.00  0.3422105E-04   0.1608844E-03   0.1951055E-03
    25050.00  0.3387101E-04   0.1606677E-03   0.1945387E-03
    25150.00  0.3328539E-04   0.1604493E-03   0.1937347E-03
    25250.00  0.3261992E-04   0.1602292E-03   0.1928492E-03
    25350.00  0.3225638E-04   0.1600076E-03   0.1922639E-03
    25450.00  0.3181778E-04   0.1597843E-03   0.1916020E-03
    25550.00  0.3128212E-04   0.1595594E-03   0.1908415E-03
    25650.00  0.3064582E-04   0.1593330E-03   0.1899788E-03
    25750.00  0.3035578E-04   0.1591051E-03   0.1894608E-03
    25850.00  0.2994026E-04   0.1588756E-03   0.1888159E-03
    25950.00  0.2950698E-04   0.1586447E-03   0.1881517E-03
    26050.00  0.2898320E-04   0.1584124E-03   0.1873956E-03
    26150.00  0.2837261E-04   0.1581787E-03   0.1865513E-03
    26250.00  0.2770628E-04   0.1579435E-03   0.1856498E-03
    26350.00  0.2772850E-04   0.1577071E-03   0.1854356E-03
    26450.00  0.2739928E-04   0.1574692E-03   0.1848685E-03
    26550.00  0.2700266E-04   0.1572301E-03   0.1842328E-03
    26650.00  0.2654901E-04   0.1569897E-03   0.1835387E-03
    26750.00  0.2593969E-04   0.1567480E-03   0.1826877E-03
    26850.00  0.2580254E-04   0.1565051E-03   0.1823077E-03
    26950.00  0.2549446E-04   0.1562610E-03   0.1817555E-03
    27050.00  0.2513868E-04   0.1560158E-03   0.1811544E-03
    27150.00  0.2477846E-04   0.1557693E-03   0.1805478E-03
    27250.00  0.2441719E-04   0.1555218E-03   0.1799390E-03
    27350.00  0.2407693E-04   0.1552731E-03   0.1793501E-03
    27450.00  0.2371638E-04   0.1550234E-03   0.1787398E-03
    27550.00  0.2314896E-04   0.1547727E-03   0.1779216E-03
    27650.00  0.2295302E-04   0.1459247E-03   0.1688777E-03
    27750.00  0.2273677E-04   0.1456838E-03   0.1684206E-03
    27850.00  0.2244441E-04   0.1454421E-03   0.1678865E-03
    27950.00  0.2214321E-04   0.1451995E-03   0.1673427E-03
    28050.00  0.2183785E-04   0.1449562E-03   0.1667940E-03
    28150.00  0.2153482E-04   0.1447120E-03   0.1662468E-03
    28250.00  0.2123199E-04   0.1444670E-03   0.1656990E-03
    28350.00  0.2095136E-04   0.1442214E-03   0.1651727E-03
    28450.00  0.2066379E-04   0.1439749E-03   0.1646387E-03
    28550.00  0.2037629E-04   0.1437278E-03   0.1641041E-03
    28650.00  0.2002391E-04   0.1434800E-03   0.1635039E-03
    28750.00  0.1955822E-04   0.1432315E-03   0.1627897E-03
    28850.00  0.1953778E-04   0.1429823E-03   0.1625201E-03
    28950.00  0.1930929E-04   0.1427326E-03   0.1620419E-03
    29050.00  0.1906100E-04   0.1424822E-03   0.1615432E-03
    29150.00  0.1880204E-04   0.1422312E-03   0.1610333E-03
    29250.00  0.1854788E-04   0.1419797E-03   0.1605275E-03
    29350.00  0.1831212E-04   0.1417276E-03   0.1600397E-03
    29450.00  0.1807322E-04   0.1414749E-03   0.1595481E-03
    29550.00  0.1783896E-04   0.1412218E-03   0.1590607E-03
    29650.00  0.1760431E-04   0.1409681E-03   0.1585724E-03
    29750.00  0.1736995E-04   0.1406631E-03   0.1580331E-03
    29850.00  0.1715034E-04   0.1404086E-03   0.1575589E-03
    29950.00  0.1693038E-04   0.1401536E-03   0.1570840E-03
    30050.00  0.1671208E-04   0.1398983E-03   0.1566103E-03
    30150.00  0.1649214E-04   0.1396424E-03   0.1561346E-03
    30250.00  0.1625921E-04   0.1393862E-03   0.1556455E-03
    30350.00  0.1588329E-04   0.1391297E-03   0.1550130E-03
    30450.00  0.1575510E-04   0.1388727E-03   0.1546278E-03
    30550.00  0.1565992E-04   0.1386155E-03   0.1542754E-03
    30650.00  0.1547275E-04   0.1383578E-03   0.1538306E-03
    30750.00  0.1527647E-04   0.1380999E-03   0.1533764E-03
    30850.00  0.1508507E-04   0.1378417E-03   0.1529268E-03
    30950.00  0.1490237E-04   0.1375832E-03   0.1524856E-03
    31050.00  0.1471812E-04   0.1373244E-03   0.1520425E-03
    31150.00  0.1452750E-04   0.1370654E-03   0.1515929E-03
    31250.00  0.1434763E-04   0.1368061E-03   0.1511537E-03
    31350.00  0.1417636E-04   0.1365203E-03   0.1506967E-03
    31450.00  0.1400372E-04   0.1362607E-03   0.1502644E-03
    31550.00  0.1383170E-04   0.1360009E-03   0.1498326E-03
    31650.00  0.1366212E-04   0.1357409E-03   0.1494031E-03
    31750.00  0.1349139E-04   0.1354808E-03   0.1489722E-03
    31850.00  0.1333402E-04   0.1352205E-03   0.1485545E-03
    31950.00  0.1317637E-04   0.1349601E-03   0.1481365E-03
    32100.00  0.1293938E-04   0.1343073E-03   0.1472466E-03
    32300.00  0.1262758E-04   0.1337878E-03   0.1464154E-03
    32500.00  0.1233040E-04   0.1332681E-03   0.1455985E-03
    32700.00  0.1204556E-04   0.1327481E-03   0.1447936E-03
    32900.00  0.1165339E-04   0.1027334E-03   0.1143868E-03
    33100.00  0.1145925E-04   0.1022131E-03   0.1136723E-03
    33300.00  0.1121236E-04   0.1018095E-03   0.1130219E-03
    33500.00  0.1095821E-04   0.1014064E-03   0.1123646E-03
    33700.00  0.1071544E-04   0.1010037E-03   0.1117191E-03
    33900.00  0.1047645E-04   0.1006014E-03   0.1110779E-03
    34100.00  0.1023879E-04   0.1001997E-03   0.1104385E-03
    34300.00  0.1000544E-04   0.9979851E-04   0.1098040E-03
    34500.00  0.9772699E-05   0.9939795E-04   0.1091707E-03
    34700.00  0.9558549E-05   0.9899805E-04   0.1085566E-03
    34900.00  0.9347023E-05   0.9859884E-04   0.1079459E-03
    35100.00  0.9141730E-05   0.9820037E-04   0.1073421E-03
    35300.00  0.8942539E-05   0.9780269E-04   0.1067452E-03
    35500.00  0.8746066E-05   0.9740582E-04   0.1061519E-03
    35700.00  0.8563067E-05   0.9700982E-04   0.1055729E-03
    35900.00  0.8384531E-05   0.9661470E-04   0.1049992E-03
    36100.00  0.8203855E-05   0.9622051E-04   0.1044244E-03
    36300.00  0.8029859E-05   0.9582729E-04   0.1038571E-03
    36500.00  0.7847698E-05   0.9543506E-04   0.1032828E-03
    36700.00  0.7696075E-05   0.9504386E-04   0.1027399E-03
    36900.00  0.7525645E-05   0.9465371E-04   0.1021794E-03
    37100.00  0.7377163E-05   0.9426465E-04   0.1016418E-03
    37300.00  0.7192361E-05   0.9387670E-04   0.1010691E-03
    37500.00  0.7014479E-05   0.9348990E-04   0.1005044E-03
    37700.00  0.6932964E-05   0.9310425E-04   0.1000372E-03
    37900.00  0.6798932E-05   0.9271980E-04   0.9951873E-04
    38100.00  0.6648230E-05   0.9233657E-04   0.9898480E-04
    38300.00  0.6515206E-05   0.9195457E-04   0.9846977E-04
    38500.00  0.6393178E-05   0.9157382E-04   0.9796700E-04
    38700.00  0.6269944E-05   0.8852386E-04   0.9479381E-04
    38900.00  0.6141875E-05   0.8815734E-04   0.9429922E-04
    39100.00  0.6003312E-05   0.8779211E-04   0.9379542E-04
    39300.00  0.5906093E-05   0.8742818E-04   0.9333427E-04
    39500.00  0.5788770E-05   0.8706557E-04   0.9285434E-04
    39700.00  0.5681667E-05   0.8670430E-04   0.9238597E-04
    39900.00  0.5572116E-05   0.8634439E-04   0.9191650E-04
    40100.00  0.5449670E-05   0.8598583E-04   0.9143550E-04
    40300.00  0.5338588E-05   0.8562866E-04   0.9096725E-04
    40500.00  0.5207997E-05   0.8527288E-04   0.9048088E-04
    40700.00  0.5156078E-05   0.8491850E-04   0.9007458E-04
    40900.00  0.5064342E-05   0.8456554E-04   0.8962988E-04
    41100.00  0.4970716E-05   0.8420148E-04   0.8917220E-04
    41300.00  0.4876244E-05   0.8385142E-04   0.8872766E-04
    41500.00  0.4778594E-05   0.8350280E-04   0.8828140E-04
    41700.00  0.4666923E-05   0.8315564E-04   0.8782256E-04
    41900.00  0.4608191E-05   0.8280994E-04   0.8741813E-04
    42100.00  0.4527761E-05   0.8246571E-04   0.8699347E-04
    42300.00  0.4446135E-05   0.8212295E-04   0.8656909E-04
    42500.00  0.4362255E-05   0.8178168E-04   0.8614393E-04
    42700.00  0.4286997E-05   0.8144189E-04   0.8572889E-04
    42900.00  0.4208911E-05   0.8110360E-04   0.8531252E-04
    43100.00  0.4133171E-05   0.8076027E-04   0.8489344E-04
    43300.00  0.4059351E-05   0.8042495E-04   0.8448430E-04
    43500.00  0.3981526E-05   0.8009114E-04   0.8407266E-04
    43700.00  0.3888496E-05   0.7975884E-04   0.8364733E-04
    43900.00  0.3838530E-05   0.7936039E-04   0.8319892E-04
    44100.00  0.3778564E-05   0.7903168E-04   0.8281024E-04
    44300.00  0.3713491E-05   0.7870448E-04   0.8241798E-04
    44500.00  0.3647571E-05   0.7837881E-04   0.8202638E-04
    44700.00  0.3587331E-05   0.7577245E-04   0.7935978E-04
    44900.00  0.3528247E-05   0.6763239E-04   0.7116063E-04
    45100.00  0.3468089E-05   0.6735665E-04   0.7082474E-04
    45300.00  0.3407131E-05   0.6708223E-04   0.7048936E-04
    45500.00  0.3348833E-05   0.6680913E-04   0.7015796E-04
    45700.00  0.3294673E-05   0.6653733E-04   0.6983201E-04
    45900.00  0.3239263E-05   0.6626686E-04   0.6950612E-04
    46100.00  0.3186162E-05   0.6599769E-04   0.6918385E-04
    46300.00  0.3130374E-05   0.6572984E-04   0.6886021E-04
    46500.00  0.3046769E-05   0.6546329E-04   0.6851006E-04
    46700.00  0.3001749E-05   0.6519806E-04   0.6819981E-04
    46900.00  0.2976743E-05   0.6493413E-04   0.6791087E-04
    47100.00  0.2933293E-05   0.6467151E-04   0.6760480E-04
    47300.00  0.2886261E-05   0.6441019E-04   0.6729645E-04
    47500.00  0.2837885E-05   0.6415017E-04   0.6698806E-04
    47700.00  0.2793732E-05   0.6389145E-04   0.6668519E-04
    47900.00  0.2750026E-05   0.6363403E-04   0.6638406E-04
    48100.00  0.2705874E-05   0.6337790E-04   0.6608378E-04
    48300.00  0.2663026E-05   0.6312307E-04   0.6578609E-04
    48500.00  0.2619511E-05   0.6286952E-04   0.6548903E-04
    48700.00  0.2580101E-05   0.6261725E-04   0.6519736E-04
    48900.00  0.2541092E-05   0.6236627E-04   0.6490736E-04
    49100.00  0.2502139E-05   0.6211657E-04   0.6461871E-04
    49300.00  0.2463515E-05   0.6186814E-04   0.6433165E-04
    49500.00  0.2424929E-05   0.6162098E-04   0.6404591E-04
    49700.00  0.2386766E-05   0.6137509E-04   0.6376186E-04
    49900.00  0.2348786E-05   0.6113047E-04   0.6347925E-04
    50100.00  0.2322872E-05   0.6088710E-04   0.6320997E-04
    50300.00  0.2308882E-05   0.6064499E-04   0.6295387E-04
    50500.00  0.2294796E-05   0.6040413E-04   0.6269892E-04
    50700.00  0.2281372E-05   0.6016452E-04   0.6244589E-04
    50900.00  0.2267794E-05   0.5992615E-04   0.6219394E-04
    51100.00  0.2251198E-05   0.5968902E-04   0.6194022E-04
    51300.00  0.2220802E-05   0.5945312E-04   0.6167392E-04
    51500.00  0.2226366E-05   0.5823549E-04   0.6046185E-04
    51700.00  0.2215978E-05   0.5800634E-04   0.6022232E-04
    51900.00  0.2203178E-05   0.5777840E-04   0.5998158E-04
    52100.00  0.2190667E-05   0.5755165E-04   0.5974231E-04
    52300.00  0.2178245E-05   0.5732608E-04   0.5950433E-04
    52500.00  0.2166267E-05   0.5710170E-04   0.5926797E-04
    52700.00  0.2154300E-05   0.5687850E-04   0.5903280E-04
    52900.00  0.2142040E-05   0.5665647E-04   0.5879851E-04
    53100.00  0.2130350E-05   0.5643561E-04   0.5856596E-04
    53300.00  0.2118666E-05   0.5621592E-04   0.5833458E-04
    53500.00  0.2107193E-05   0.5599738E-04   0.5810457E-04
    53700.00  0.2095712E-05   0.5578000E-04   0.5787571E-04
    53900.00  0.2084478E-05   0.5556376E-04   0.5764824E-04
    54100.00  0.2073328E-05   0.5534867E-04   0.5742200E-04
    54300.00  0.2061986E-05   0.5513071E-04   0.5719269E-04
    54500.00  0.2051266E-05   0.5491784E-04   0.5696910E-04
    54700.00  0.2040282E-05   0.5470609E-04   0.5674638E-04
    54900.00  0.2029611E-05   0.5449547E-04   0.5652508E-04
    55100.00  0.2019037E-05   0.5428597E-04   0.5630501E-04
    55300.00  0.2008704E-05   0.5407758E-04   0.5608628E-04
    55500.00  0.1997988E-05   0.5387030E-04   0.5586828E-04
    55700.00  0.1987868E-05   0.5366411E-04   0.5565198E-04
    55900.00  0.1977351E-05   0.5345903E-04   0.5543638E-04
    56100.00  0.1967384E-05   0.5325503E-04   0.5522241E-04
    56300.00  0.1957283E-05   0.5305212E-04   0.5500940E-04
    56500.00  0.1947519E-05   0.5284863E-04   0.5479615E-04
    56700.00  0.1937654E-05   0.5264778E-04   0.5458543E-04
    56900.00  0.1927709E-05   0.5244799E-04   0.5437570E-04
    57100.00  0.1918204E-05   0.5224927E-04   0.5416748E-04
    57300.00  0.1908569E-05   0.5205161E-04   0.5396018E-04
    57500.00  0.1899029E-05   0.5183406E-04   0.5373309E-04
    57700.00  0.1889529E-05   0.5163871E-04   0.5352824E-04
    57900.00  0.1880217E-05   0.5144441E-04   0.5332463E-04
    58100.00  0.1870902E-05   0.5125114E-04   0.5312205E-04
    58300.00  0.1861720E-05   0.5105890E-04   0.5292062E-04
    58500.00  0.1852992E-05   0.4688116E-04   0.4873415E-04
    58700.00  0.1843594E-05   0.4669712E-04   0.4854071E-04
    58900.00  0.1832455E-05   0.4652484E-04   0.4835729E-04
    59100.00  0.1813115E-05   0.4635347E-04   0.4816659E-04
    59300.00  0.1815687E-05   0.4618302E-04   0.4799870E-04
    59500.00  0.1807967E-05   0.4601346E-04   0.4782143E-04
    59700.00  0.1799553E-05   0.4584480E-04   0.4764435E-04
    59900.00  0.1790871E-05   0.4567703E-04   0.4746790E-04
    60100.00  0.1782256E-05   0.4551015E-04   0.4729241E-04
    60300.00  0.1773782E-05   0.4534415E-04   0.4711793E-04
    60500.00  0.1765281E-05   0.4517903E-04   0.4694431E-04
    60700.00  0.1756830E-05   0.4501478E-04   0.4677161E-04
    60900.00  0.1748436E-05   0.4485140E-04   0.4659983E-04
    61100.00  0.1740004E-05   0.4468888E-04   0.4642888E-04
    61300.00  0.1731924E-05   0.4452721E-04   0.4625914E-04
    61500.00  0.1723738E-05   0.4436640E-04   0.4609014E-04
    61700.00  0.1715618E-05   0.4420644E-04   0.4592206E-04
    61900.00  0.1707556E-05   0.4404732E-04   0.4575488E-04
    62100.00  0.1699528E-05   0.4388904E-04   0.4558857E-04
    62300.00  0.1691400E-05   0.4373159E-04   0.4542299E-04
    62500.00  0.1683532E-05   0.4357497E-04   0.4525850E-04
    62700.00  0.1675657E-05   0.4341917E-04   0.4509483E-04
    62900.00  0.1667886E-05   0.4326419E-04   0.4493208E-04
    63100.00  0.1659999E-05   0.4311002E-04   0.4477002E-04
    63300.00  0.1652383E-05   0.4295667E-04   0.4460905E-04
    63500.00  0.1644636E-05   0.4280412E-04   0.4444875E-04
    63700.00  0.1637033E-05   0.4265236E-04   0.4428940E-04
    63900.00  0.1629390E-05   0.4250141E-04   0.4413080E-04
    64200.00  0.1618092E-05   0.4227645E-04   0.4389454E-04
    64600.00  0.1603119E-05   0.4197925E-04   0.4358237E-04
    65000.00  0.1588311E-05   0.4168514E-04   0.4327345E-04
    65400.00  0.1573713E-05   0.4139409E-04   0.4296781E-04
    65800.00  0.1559241E-05   0.4110607E-04   0.4266531E-04
    66200.00  0.1544857E-05   0.4041202E-04   0.4195688E-04
    66600.00  0.1530693E-05   0.4013320E-04   0.4166390E-04
    67000.00  0.1516626E-05   0.3985727E-04   0.4137389E-04
    67400.00  0.1502666E-05   0.3958417E-04   0.4108684E-04
    67800.00  0.1488883E-05   0.3931389E-04   0.4080277E-04
    68200.00  0.1475196E-05   0.3904638E-04   0.4052158E-04
    68600.00  0.1461637E-05   0.3878162E-04   0.4024326E-04
    69000.00  0.1448166E-05   0.3851957E-04   0.3996773E-04
    69400.00  0.1434831E-05   0.3825862E-04   0.3969345E-04
    69800.00  0.1421612E-05   0.3800185E-04   0.3942346E-04
    70200.00  0.1408456E-05   0.3774769E-04   0.3915615E-04
    70600.00  0.1395448E-05   0.3749611E-04   0.3889156E-04
    71000.00  0.1382545E-05   0.3724709E-04   0.3862964E-04
    71400.00  0.1369695E-05   0.3700059E-04   0.3837028E-04
    71800.00  0.1356958E-05   0.3675629E-04   0.3811325E-04
    72200.00  0.1344264E-05   0.3651471E-04   0.3785898E-04
    72600.00  0.1331696E-05   0.3627557E-04   0.3760726E-04
    73000.00  0.1319220E-05   0.3603131E-04   0.3735053E-04
    73400.00  0.1306797E-05   0.3579697E-04   0.3710377E-04
    73800.00  0.1294475E-05   0.3556497E-04   0.3685945E-04
    74200.00  0.1281968E-05   0.3358310E-04   0.3486507E-04
    74600.00  0.1266761E-05   0.3336902E-04   0.3463578E-04
    75000.00  0.1254629E-05   0.3315705E-04   0.3441168E-04
    75400.00  0.1245623E-05   0.3294716E-04   0.3419279E-04
    75800.00  0.1233855E-05   0.3273934E-04   0.3397320E-04
    76200.00  0.1221933E-05   0.3253355E-04   0.3375549E-04
    76600.00  0.1210074E-05   0.3232978E-04   0.3353985E-04
    77000.00  0.1198270E-05   0.3212799E-04   0.3332626E-04
    77400.00  0.1186523E-05   0.3192817E-04   0.3311469E-04
    77800.00  0.1174837E-05   0.3173028E-04   0.3290512E-04
    78200.00  0.1163198E-05   0.3153431E-04   0.3269751E-04
    78600.00  0.1151617E-05   0.3134024E-04   0.3249186E-04
    79000.00  0.1140086E-05   0.3114803E-04   0.3228812E-04
    79400.00  0.1128608E-05   0.3095767E-04   0.3208628E-04
    79800.00  0.1117164E-05   0.3076914E-04   0.3188630E-04
    80200.00  0.1105767E-05   0.3058240E-04   0.3168817E-04
    80600.00  0.1094424E-05   0.3039745E-04   0.3149187E-04
    81000.00  0.1083134E-05   0.3021426E-04   0.3129739E-04
    81400.00  0.1071860E-05   0.3003280E-04   0.3110466E-04
    81800.00  0.1060645E-05   0.2985306E-04   0.3091371E-04
    82200.00  0.1049477E-05   0.2967502E-04   0.3072450E-04
    82600.00  0.1038337E-05   0.2931036E-04   0.3034870E-04
    83000.00  0.1027243E-05   0.2913698E-04   0.3016422E-04
    83400.00  0.1016164E-05   0.2896523E-04   0.2998139E-04
    83800.00  0.1005132E-05   0.2879507E-04   0.2980021E-04
    84200.00  0.9941534E-06   0.2862651E-04   0.2962066E-04
    84600.00  0.9831986E-06   0.2845951E-04   0.2944270E-04
    85000.00  0.9722744E-06   0.2829405E-04   0.2926632E-04
    85400.00  0.9613845E-06   0.2813012E-04   0.2909151E-04
    85800.00  0.9505189E-06   0.2796771E-04   0.2891823E-04
    86200.00  0.9396897E-06   0.2780627E-04   0.2874596E-04
    86600.00  0.9288845E-06   0.2764681E-04   0.2857570E-04
    87000.00  0.9181145E-06   0.2748882E-04   0.2840693E-04
    87400.00  0.9073668E-06   0.2733226E-04   0.2823963E-04
    87800.00  0.8966511E-06   0.2717713E-04   0.2807378E-04
    88200.00  0.8859567E-06   0.2702340E-04   0.2790936E-04
    88600.00  0.8752912E-06   0.2687107E-04   0.2774636E-04
    89000.00  0.8646473E-06   0.2671984E-04   0.2758449E-04
    89400.00  0.8540384E-06   0.2657024E-04   0.2742428E-04
    89800.00  0.8434360E-06   0.2642199E-04   0.2726542E-04
    90200.00  0.8328738E-06   0.2627199E-04   0.2710486E-04
    90600.00  0.8223329E-06   0.2612640E-04   0.2694874E-04
    91000.00  0.8117972E-06   0.2598212E-04   0.2679391E-04
    91400.00  0.8012973E-06   0.2499660E-04   0.2579790E-04
    91800.00  0.7908198E-06   0.2485873E-04   0.2564954E-04
    92200.00  0.7803598E-06   0.2472375E-04   0.2550411E-04
    92600.00  0.7699138E-06   0.2458997E-04   0.2535988E-04
    93000.00  0.7594894E-06   0.2445735E-04   0.2521684E-04
    93400.00  0.7490854E-06   0.2432589E-04   0.2507497E-04
    93800.00  0.7386993E-06   0.2419557E-04   0.2493427E-04
    94200.00  0.7283334E-06   0.2406639E-04   0.2479472E-04
    94600.00  0.7179781E-06   0.2393832E-04   0.2465630E-04
    95000.00  0.7076420E-06   0.2381136E-04   0.2451900E-04
    95400.00  0.6973207E-06   0.2368549E-04   0.2438281E-04
    95800.00  0.6870245E-06   0.2356070E-04   0.2424773E-04
    96200.00  0.6767358E-06   0.2343698E-04   0.2411372E-04
    96600.00  0.6664651E-06   0.2331432E-04   0.2398078E-04
    97000.00  0.6562102E-06   0.2319270E-04   0.2384891E-04
    97400.00  0.6459620E-06   0.2307211E-04   0.2371807E-04
    97800.00  0.6357394E-06   0.2295255E-04   0.2358829E-04
    98200.00  0.6255278E-06   0.2283399E-04   0.2345952E-04
    98600.00  0.6153297E-06   0.2271643E-04   0.2333176E-04
    99000.00  0.6051398E-06   0.2259986E-04   0.2320500E-04
    99400.00  0.5949651E-06   0.2248427E-04   0.2307923E-04
    99800.00  0.5848038E-06   0.2236964E-04   0.2295445E-04
   100200.00  0.5746553E-06   0.6611149E-05   0.7185804E-05
   200000.00  0.3006856E-07   0.1659405E-05   0.1689474E-05
   400000.00  0.2918104E-08   0.4148512E-06   0.4177694E-06
   600000.00  0.2868160E-09   0.1843783E-06   0.1846651E-06
   800000.00  0.1650655E-09   0.1037128E-06   0.1038779E-06
  1000000.00  0.5777227E-10   0.6637620E-07   0.6643397E-07
  1200000.00  0.5487325E-10   0.4609458E-07   0.4614946E-07
  1400000.00  0.5307414E-10   0.3386541E-07   0.3391848E-07
  1600000.00  0.5169722E-10   0.2592820E-07   0.2597990E-07
