       91.00  0.1664004E-07   0.0000000E+00   0.1664004E-07
       94.00  0.1158533E-06   0.0000000E+00   0.1158533E-06
       96.00  0.1806189E-06   0.0000000E+00   0.1806189E-06
       98.00  0.4759177E-06   0.0000000E+00   0.4759177E-06
      100.00  0.7454122E-06   0.0000000E+00   0.7454122E-06
      102.00  0.3842716E-06   0.0000000E+00   0.3842716E-06
      104.00  0.5648406E-06   0.0000000E+00   0.5648406E-06
      106.00  0.6836833E-06   0.0000000E+00   0.6836833E-06
      108.00  0.1074987E-05   0.0000000E+00   0.1074987E-05
      110.00  0.1138822E-05   0.0000000E+00   0.1138822E-05
      114.00  0.8602450E-06   0.0000000E+00   0.8602450E-06
      118.00  0.7900235E-06   0.0000000E+00   0.7900235E-06
      121.00  0.1243841E-05   0.0000000E+00   0.1243841E-05
      125.00  0.1477195E-05   0.0000000E+00   0.1477195E-05
      127.00  0.1225648E-05   0.0000000E+00   0.1225648E-05
      128.00  0.1381824E-05   0.0000000E+00   0.1381824E-05
      131.00  0.1189602E-05   0.0000000E+00   0.1189602E-05
      132.00  0.1303084E-05   0.0000000E+00   0.1303084E-05
      134.00  0.1407919E-05   0.0000000E+00   0.1407919E-05
      137.00  0.1334368E-05   0.0000000E+00   0.1334368E-05
      140.00  0.1302060E-05   0.0000000E+00   0.1302060E-05
      143.00  0.1188942E-05   0.0000000E+00   0.1188942E-05
      147.00  0.9317762E-06   0.0000000E+00   0.9317762E-06
      151.00  0.9587034E-06   0.0000000E+00   0.9587034E-06
      155.00  0.9900662E-06   0.0000000E+00   0.9900662E-06
      159.00  0.1072448E-05   0.0000000E+00   0.1072448E-05
      162.00  0.1075227E-05   0.0000000E+00   0.1075227E-05
      166.00  0.1123647E-05   0.0000000E+00   0.1123647E-05
      170.00  0.9255703E-06   0.0000000E+00   0.9255703E-06
      173.00  0.1005177E-05   0.0000000E+00   0.1005177E-05
      177.00  0.9161766E-06   0.0000000E+00   0.9161766E-06
      180.00  0.1007212E-05   0.0000000E+00   0.1007212E-05
      182.00  0.1078770E-05   0.0000000E+00   0.1078770E-05
      186.00  0.1057478E-05   0.0000000E+00   0.1057478E-05
      191.00  0.1002714E-05   0.0000000E+00   0.1002714E-05
      194.00  0.1067606E-05   0.0000000E+00   0.1067606E-05
      198.00  0.1065426E-05   0.0000000E+00   0.1065426E-05
      202.00  0.1119799E-05   0.0000000E+00   0.1119799E-05
      205.00  0.1041620E-05   0.0000000E+00   0.1041620E-05
      210.00  0.9910942E-06   0.0000000E+00   0.9910942E-06
      216.00  0.1002729E-05   0.0000000E+00   0.1002729E-05
      220.00  0.8849193E-06   0.0000000E+00   0.8849193E-06
      223.00  0.8924468E-06   0.0000000E+00   0.8924468E-06
      227.00  0.9857015E-06   0.0000000E+00   0.9857015E-06
      228.00  0.1023875E-05   0.0000000E+00   0.1023875E-05
      228.00  0.7140645E-06   0.0000000E+00   0.7140645E-06
      230.00  0.1202561E-05   0.0000000E+00   0.1202561E-05
      234.00  0.2179554E-05   0.0000000E+00   0.2179554E-05
      240.00  0.3544303E-05   0.0000000E+00   0.3544303E-05
      246.00  0.4253096E-05   0.0000000E+00   0.4253096E-05
      252.00  0.5590293E-05   0.0000000E+00   0.5590293E-05
      257.00  0.3975402E-05   0.0000000E+00   0.3975402E-05
      260.00  0.5608923E-05   0.0000000E+00   0.5608923E-05
      264.00  0.5721640E-05   0.0000000E+00   0.5721640E-05
      269.00  0.5688917E-05   0.0000000E+00   0.5688917E-05
      274.00  0.5940836E-05   0.0000000E+00   0.5940836E-05
      279.00  0.5084389E-05   0.0000000E+00   0.5084389E-05
      284.00  0.5148968E-05   0.0000000E+00   0.5148968E-05
      290.00  0.4647967E-05   0.0000000E+00   0.4647967E-05
      296.00  0.4427408E-05   0.0000000E+00   0.4427408E-05
      301.00  0.3433085E-05   0.0000000E+00   0.3433085E-05
      308.00  0.3904241E-05   0.0000000E+00   0.3904241E-05
      318.00  0.4333793E-05   0.0000000E+00   0.4333793E-05
      328.00  0.4302084E-05   0.0000000E+00   0.4302084E-05
      338.00  0.3821468E-05   0.0000000E+00   0.3821468E-05
      348.00  0.3522361E-05   0.0000000E+00   0.3522361E-05
      353.30  0.3437427E-05   0.0000000E+00   0.3437427E-05
      353.30  0.3305856E-05   0.0000000E+00   0.3305856E-05
      357.00  0.3261971E-05   0.0000000E+00   0.3261971E-05
      366.00  0.3155223E-05   0.0000000E+00   0.3155223E-05
      375.00  0.3077932E-05   0.0000000E+00   0.3077932E-05
      385.00  0.2772790E-05   0.0000000E+00   0.2772790E-05
      395.00  0.2636734E-05   0.0000000E+00   0.2636734E-05
      405.00  0.2540055E-05   0.0000000E+00   0.2540055E-05
      414.00  0.2514054E-05   0.0000000E+00   0.2514054E-05
      422.00  0.2288329E-05   0.0000000E+00   0.2288329E-05
      430.00  0.2150057E-05   0.0000000E+00   0.2150057E-05
      441.00  0.2065268E-05   0.0000000E+00   0.2065268E-05
      451.00  0.2126242E-05   0.0000000E+00   0.2126242E-05
      460.00  0.1897843E-05   0.0000000E+00   0.1897843E-05
      470.00  0.1871304E-05   0.0000000E+00   0.1871304E-05
      480.00  0.1808152E-05   0.0000000E+00   0.1808152E-05
      490.00  0.1646859E-05   0.0000000E+00   0.1646859E-05
      500.00  0.1679874E-05   0.0000000E+00   0.1679874E-05
      504.60  0.1747486E-05   0.0000000E+00   0.1747486E-05
      504.60  0.1536123E-05   0.0000000E+00   0.1536123E-05
      506.00  0.1544053E-05   0.0000000E+00   0.1544053E-05
      512.00  0.1567842E-05   0.0000000E+00   0.1567842E-05
      520.00  0.1516870E-05   0.0000000E+00   0.1516870E-05
      530.00  0.1424271E-05   0.0000000E+00   0.1424271E-05
      540.00  0.1198687E-05   0.0000000E+00   0.1198687E-05
      550.00  0.1115451E-05   0.0000000E+00   0.1115451E-05
      560.00  0.1210897E-05   0.0000000E+00   0.1210897E-05
      570.00  0.1138015E-05   0.0000000E+00   0.1138015E-05
      580.00  0.1112058E-05   0.0000000E+00   0.1112058E-05
      590.00  0.1121537E-05   0.0000000E+00   0.1121537E-05
      600.00  0.9641605E-06   0.0000000E+00   0.9641605E-06
      610.00  0.9755146E-06   0.0000000E+00   0.9755146E-06
      620.00  0.8714019E-06   0.0000000E+00   0.8714019E-06
      630.00  0.8336088E-06   0.0000000E+00   0.8336088E-06
      640.00  0.8852518E-06   0.0000000E+00   0.8852518E-06
      650.00  0.8405125E-06   0.0000000E+00   0.8405125E-06
      658.00  0.7882505E-06   0.0000000E+00   0.7882505E-06
      665.00  0.7030223E-06   0.0000000E+00   0.7030223E-06
      675.00  0.7714707E-06   0.0000000E+00   0.7714707E-06
      685.00  0.7293640E-06   0.0000000E+00   0.7293640E-06
      695.00  0.6847152E-06   0.0000000E+00   0.6847152E-06
      705.00  0.6333813E-06   0.0000000E+00   0.6333813E-06
      716.00  0.6658669E-06   0.0000000E+00   0.6658669E-06
      726.00  0.6443596E-06   0.0000000E+00   0.6443596E-06
      735.00  0.5953595E-06   0.0000000E+00   0.5953595E-06
      745.00  0.5629862E-06   0.0000000E+00   0.5629862E-06
      755.00  0.4601463E-06   0.0000000E+00   0.4601463E-06
      765.00  0.4842039E-06   0.0000000E+00   0.4842039E-06
      775.00  0.5354847E-06   0.0000000E+00   0.5354847E-06
      785.00  0.3906555E-06   0.0000000E+00   0.3906555E-06
      795.00  0.4820127E-06   0.0000000E+00   0.4820127E-06
      805.00  0.4756819E-06   0.0000000E+00   0.4756819E-06
      815.00  0.4593714E-06   0.0000000E+00   0.4593714E-06
      825.00  0.4384341E-06   0.0000000E+00   0.4384341E-06
      835.00  0.3827364E-06   0.0000000E+00   0.3827364E-06
      845.00  0.4176317E-06   0.0000000E+00   0.4176317E-06
      855.00  0.4091282E-06   0.0000000E+00   0.4091282E-06
      865.00  0.3895833E-06   0.0000000E+00   0.3895833E-06
      875.00  0.3649019E-06   0.0000000E+00   0.3649019E-06
      885.00  0.3698486E-06   0.0000000E+00   0.3698486E-06
      895.00  0.3582088E-06   0.0000000E+00   0.3582088E-06
      905.00  0.3382846E-06   0.0000000E+00   0.3382846E-06
      912.40  0.3182071E-06   0.5232196E-12   0.3182077E-06
      912.40  0.5325083E-06   0.5232327E-12   0.5325089E-06
      915.00  0.5186031E-06   0.5675270E-12   0.5186037E-06
      925.00  0.4651209E-06   0.7257956E-12   0.4651216E-06
      935.00  0.4813357E-06   0.9231127E-12   0.4813366E-06
      945.00  0.5308790E-06   0.1167843E-11   0.5308802E-06
      955.00  0.4806366E-06   0.1469866E-11   0.4806381E-06
      965.00  0.5088782E-06   0.1840792E-11   0.5088800E-06
      975.00  0.3848040E-06   0.2294211E-11   0.3848063E-06
      985.00  0.3759881E-06   0.2845956E-11   0.3759909E-06
      995.00  0.4680759E-06   0.3514405E-11   0.4680794E-06
     1005.00  0.5328766E-06   0.4320797E-11   0.5328809E-06
     1015.00  0.4472526E-06   0.5289586E-11   0.4472579E-06
     1025.00  0.4559818E-06   0.6448823E-11   0.4559882E-06
     1035.00  0.4061116E-06   0.7830566E-11   0.4061194E-06
     1045.00  0.5011380E-06   0.9471365E-11   0.5011475E-06
     1055.00  0.5064247E-06   0.1141264E-10   0.5064361E-06
     1065.00  0.4682181E-06   0.1370125E-10   0.4682318E-06
     1075.00  0.4655119E-06   0.1639007E-10   0.4655283E-06
     1085.00  0.3495280E-06   0.1953850E-10   0.3495475E-06
     1095.00  0.4562841E-06   0.2321314E-10   0.4563073E-06
     1105.00  0.4331398E-06   0.2748836E-10   0.4331673E-06
     1115.00  0.4218534E-06   0.3244707E-10   0.4218858E-06
     1125.00  0.3440215E-06   0.3818134E-10   0.3440597E-06
     1135.00  0.4166523E-06   0.4479323E-10   0.4166971E-06
     1145.00  0.4129536E-06   0.5239555E-10   0.4130060E-06
     1155.00  0.2868507E-06   0.6111261E-10   0.2869118E-06
     1165.00  0.2887331E-06   0.7108116E-10   0.2888042E-06
     1175.00  0.2926351E-06   0.8245117E-10   0.2927176E-06
     1185.00  0.3519962E-06   0.9538681E-10   0.3520916E-06
     1195.00  0.3525992E-06   0.1100673E-09   0.3527093E-06
     1205.00  0.3190458E-06   0.1266880E-09   0.3191725E-06
     1215.00  0.2816526E-06   0.1454612E-09   0.2817981E-06
     1225.00  0.2770719E-06   0.2016017E-07   0.2972321E-06
     1235.00  0.3215032E-06   0.3832262E-07   0.3598258E-06
     1245.00  0.2579009E-06   0.5376281E-07   0.3116637E-06
     1255.00  0.2826924E-06   0.6695276E-07   0.3496452E-06
     1265.00  0.3088462E-06   0.7824252E-07   0.3870887E-06
     1275.00  0.3052555E-06   0.8790890E-07   0.3931644E-06
     1285.00  0.2304552E-06   0.9617799E-07   0.3266332E-06
     1295.00  0.2647249E-06   0.1032380E-06   0.3679629E-06
     1305.00  0.2840575E-06   0.1092479E-06   0.3933054E-06
     1315.00  0.2460261E-06   0.1143428E-06   0.3603689E-06
     1325.00  0.2431611E-06   0.1186388E-06   0.3617999E-06
     1335.00  0.2858736E-06   0.1222361E-06   0.4081097E-06
     1345.00  0.2334634E-06   0.1252214E-06   0.3586848E-06
     1355.00  0.2679597E-06   0.1276703E-06   0.3956300E-06
     1365.00  0.2675539E-06   0.1296487E-06   0.3972026E-06
     1375.00  0.2503700E-06   0.1312147E-06   0.3815847E-06
     1385.00  0.2598505E-06   0.1324189E-06   0.3922694E-06
     1395.00  0.2358704E-06   0.1333061E-06   0.3691765E-06
     1405.00  0.2746544E-06   0.1339160E-06   0.4085704E-06
     1415.00  0.2225789E-06   0.1342835E-06   0.3568624E-06
     1425.00  0.2237135E-06   0.1344396E-06   0.3581531E-06
     1435.00  0.2551842E-06   0.1344121E-06   0.3895963E-06
     1442.00  0.2638912E-06   0.1342968E-06   0.3981880E-06
     1447.00  0.2605072E-06   0.1341710E-06   0.3946782E-06
     1455.00  0.2675651E-06   0.1339016E-06   0.4014667E-06
     1465.00  0.2485527E-06   0.1334603E-06   0.3820130E-06
     1475.00  0.2696606E-06   0.1329191E-06   0.4025797E-06
     1485.00  0.2491793E-06   0.1322939E-06   0.3814732E-06
     1495.00  0.2902377E-06   0.1315988E-06   0.4218365E-06
     1505.00  0.2930046E-06   0.1308467E-06   0.4238513E-06
     1512.00  0.2781956E-06   0.1302927E-06   0.4084883E-06
     1517.00  0.2850883E-06   0.1298854E-06   0.4149737E-06
     1525.00  0.3289416E-06   0.1292171E-06   0.4581587E-06
     1535.00  0.4156364E-06   0.1283597E-06   0.5439961E-06
     1545.00  0.4565312E-06   0.1274859E-06   0.5840171E-06
     1555.00  0.5213127E-06   0.1266031E-06   0.6479158E-06
     1565.00  0.4635542E-06   0.1257192E-06   0.5892734E-06
     1575.00  0.7674947E-06   0.1248407E-06   0.8923354E-06
     1585.00  0.9046589E-06   0.1239740E-06   0.1028633E-05
     1595.00  0.1143763E-05   0.1231247E-06   0.1266888E-05
     1605.00  0.1062254E-05   0.1222983E-06   0.1184552E-05
     1615.00  0.1050282E-05   0.1214998E-06   0.1171782E-05
     1625.00  0.8630247E-06   0.1207337E-06   0.9837584E-06
     1635.00  0.1063471E-05   0.1200045E-06   0.1183476E-05
     1645.00  0.1557195E-05   0.1193164E-06   0.1676511E-05
     1655.00  0.8885584E-06   0.1186733E-06   0.1007232E-05
     1665.00  0.1628361E-05   0.1180788E-06   0.1746440E-05
     1672.00  0.9205214E-06   0.1176937E-06   0.1038215E-05
     1677.00  0.9022954E-05   0.1174349E-06   0.9140389E-05
     1685.00  0.9401235E-05   0.1170503E-06   0.9518285E-05
     1695.00  0.6843875E-05   0.1166229E-06   0.6960498E-05
     1705.00  0.7803496E-05   0.1162576E-06   0.7919754E-05
     1715.00  0.1194644E-04   0.1159577E-06   0.1206240E-04
     1725.00  0.1318490E-04   0.1157260E-06   0.1330063E-04
     1735.00  0.1644192E-04   0.1155655E-06   0.1655749E-04
     1745.00  0.1507722E-04   0.1154791E-06   0.1519270E-04
     1755.00  0.1948096E-04   0.1154696E-06   0.1959643E-04
     1765.00  0.1369443E-04   0.1155398E-06   0.1380997E-04
     1775.00  0.1851108E-04   0.1156923E-06   0.1862677E-04
     1785.00  0.1812888E-04   0.1159299E-06   0.1824481E-04
     1795.00  0.2601931E-04   0.1162554E-06   0.2613557E-04
     1805.00  0.2235705E-04   0.1166714E-06   0.2247372E-04
     1815.00  0.2481207E-04   0.1171804E-06   0.2492925E-04
     1825.00  0.2255886E-04   0.1177851E-06   0.2267665E-04
     1835.00  0.2043739E-04   0.1184882E-06   0.2055588E-04
     1845.00  0.1693301E-04   0.1192923E-06   0.1705230E-04
     1855.00  0.2204458E-04   0.1201998E-06   0.2216478E-04
     1865.00  0.2765690E-04   0.1212136E-06   0.2777811E-04
     1875.00  0.2512478E-04   0.1223361E-06   0.2524712E-04
     1885.00  0.2651015E-04   0.1235700E-06   0.2663372E-04
     1895.00  0.3051946E-04   0.1249179E-06   0.3064438E-04
     1905.00  0.2830194E-04   0.1263825E-06   0.2842832E-04
     1915.00  0.3065315E-04   0.1279662E-06   0.3078112E-04
     1925.00  0.2739538E-04   0.1296718E-06   0.2752505E-04
     1935.00  0.1566990E-04   0.1315019E-06   0.1580140E-04
     1945.00  0.3368722E-04   0.1334570E-06   0.3382068E-04
     1955.00  0.3507348E-04   0.1355385E-06   0.3520902E-04
     1967.00  0.4088732E-04   0.1382100E-06   0.4102553E-04
     1976.00  0.3863016E-04   0.1403403E-06   0.3877050E-04
     1984.00  0.4008403E-04   0.1423269E-06   0.4022636E-04
     1995.00  0.3962805E-04   0.1452036E-06   0.3977325E-04
     2005.00  0.3580045E-04   0.1479675E-06   0.3594842E-04
     2015.00  0.3565409E-04   0.1508754E-06   0.3580497E-04
     2025.00  0.3182843E-04   0.1539300E-06   0.3198236E-04
     2035.00  0.3963439E-04   0.1571431E-06   0.3979153E-04
     2045.00  0.4430676E-04   0.1605128E-06   0.4446727E-04
     2055.00  0.4223307E-04   0.6494385E-07   0.4229801E-04
     2065.00  0.3938675E-04   0.6423282E-07   0.3945098E-04
     2074.00  0.4854674E-04   0.6360752E-07   0.4861035E-04
     2078.00  0.5853831E-04   0.6333404E-07   0.5860164E-04
     2085.00  0.5865134E-04   0.6286195E-07   0.5871420E-04
     2095.00  0.5468878E-04   0.6220186E-07   0.5475098E-04
     2105.00  0.4884233E-04   0.6155849E-07   0.4890389E-04
     2115.00  0.5192038E-04   0.6093173E-07   0.5198131E-04
     2125.00  0.5113250E-04   0.6032144E-07   0.5119282E-04
     2135.00  0.4198305E-04   0.5972752E-07   0.4204278E-04
     2145.00  0.5234563E-04   0.5914982E-07   0.5240478E-04
     2155.00  0.5286205E-04   0.5858823E-07   0.5292064E-04
     2165.00  0.4747102E-04   0.5804263E-07   0.4752906E-04
     2175.00  0.4814221E-04   0.5751293E-07   0.4819972E-04
     2185.00  0.5364981E-04   0.5699905E-07   0.5370681E-04
     2195.00  0.5812676E-04   0.5650080E-07   0.5818326E-04
     2205.00  0.5442247E-04   0.5601808E-07   0.5447849E-04
     2215.00  0.4534939E-04   0.5555076E-07   0.4540494E-04
     2225.00  0.4575508E-04   0.5509873E-07   0.4581018E-04
     2235.00  0.5850689E-04   0.5466188E-07   0.5856155E-04
     2245.00  0.5369369E-04   0.5424010E-07   0.5374793E-04
     2255.00  0.4465832E-04   0.5383328E-07   0.4471215E-04
     2265.00  0.4492572E-04   0.5344130E-07   0.4497916E-04
     2275.00  0.5039818E-04   0.5306406E-07   0.5045124E-04
     2285.00  0.5762274E-04   0.5270127E-07   0.5767544E-04
     2295.00  0.5011514E-04   0.5235278E-07   0.5016749E-04
     2305.00  0.5598191E-04   0.5201868E-07   0.5603393E-04
     2315.00  0.5139650E-04   0.5169887E-07   0.5144820E-04
     2325.00  0.3391609E-04   0.5139323E-07   0.3396748E-04
     2335.00  0.3695191E-04   0.5110168E-07   0.3700301E-04
     2345.00  0.2664677E-04   0.5082411E-07   0.2669759E-04
     2355.00  0.4708470E-04   0.5056043E-07   0.4713526E-04
     2365.00  0.2864336E-04   0.5031053E-07   0.2869367E-04
     2375.00  0.3826748E-04   0.5007433E-07   0.3831755E-04
     2385.00  0.2194837E-04   0.4985171E-07   0.2199822E-04
     2395.00  0.2887753E-04   0.4964261E-07   0.2892717E-04
     2405.00  0.2858088E-04   0.4944694E-07   0.2863033E-04
     2415.00  0.3261409E-04   0.4926461E-07   0.3266335E-04
     2425.00  0.4988080E-04   0.4909553E-07   0.4992990E-04
     2435.00  0.4865884E-04   0.4893959E-07   0.4870778E-04
     2445.00  0.5569970E-04   0.4879672E-07   0.5574850E-04
     2455.00  0.5658089E-04   0.4866682E-07   0.5662956E-04
     2465.00  0.5486972E-04   0.4854981E-07   0.5491827E-04
     2475.00  0.4864141E-04   0.4844561E-07   0.4868986E-04
     2485.00  0.4481587E-04   0.4835413E-07   0.4486422E-04
     2495.00  0.4367070E-04   0.4827529E-07   0.4371898E-04
     2505.00  0.6204763E-04   0.4820900E-07   0.6209584E-04
     2513.00  0.3615085E-04   0.4816496E-07   0.3619901E-04
     2518.00  0.2903882E-04   0.4814148E-07   0.2908696E-04
     2525.00  0.3020299E-04   0.4811379E-07   0.3025110E-04
     2535.00  0.3599977E-04   0.4808471E-07   0.3604785E-04
     2545.00  0.3869460E-04   0.4806794E-07   0.3874267E-04
     2555.00  0.5235154E-04   0.4806335E-07   0.5239960E-04
     2565.00  0.4477745E-04   0.4807086E-07   0.4482552E-04
     2575.00  0.5347284E-04   0.4809040E-07   0.5352093E-04
     2585.00  0.5106009E-04   0.4812188E-07   0.5110821E-04
     2595.00  0.4768815E-04   0.4816524E-07   0.4773632E-04
     2605.00  0.4276977E-04   0.4568034E-07   0.4281545E-04
     2615.00  0.3809278E-04   0.4570148E-07   0.3813848E-04
     2625.00  0.5261621E-04   0.4573403E-07   0.5266194E-04
     2635.00  0.6539171E-04   0.4577792E-07   0.6543749E-04
     2645.00  0.8675201E-04   0.4583310E-07   0.8679784E-04
     2655.00  0.9912961E-04   0.4589950E-07   0.9917551E-04
     2665.00  0.7347848E-04   0.4597705E-07   0.7352446E-04
     2675.00  0.8383060E-04   0.4606571E-07   0.8387667E-04
     2685.00  0.8683755E-04   0.4616540E-07   0.8688372E-04
     2695.00  0.7345055E-04   0.4627607E-07   0.7349683E-04
     2705.00  0.8349102E-04   0.4639766E-07   0.8353742E-04
     2715.00  0.6926081E-04   0.4653011E-07   0.6930734E-04
     2725.00  0.6819537E-04   0.4667335E-07   0.6824204E-04
     2735.00  0.7719448E-04   0.4682734E-07   0.7724131E-04
     2745.00  0.4626556E-04   0.4699201E-07   0.4631255E-04
     2755.00  0.5633911E-04   0.4716731E-07   0.5638628E-04
     2765.00  0.6597234E-04   0.4735317E-07   0.6601969E-04
     2775.00  0.7492685E-04   0.4754954E-07   0.7497440E-04
     2785.00  0.5281225E-04   0.4775636E-07   0.5286001E-04
     2795.00  0.2001252E-04   0.4797357E-07   0.2006049E-04
     2805.00  0.2593462E-04   0.4820112E-07   0.2598282E-04
     2815.00  0.7155280E-04   0.4843895E-07   0.7160124E-04
     2825.00  0.9376218E-04   0.4868701E-07   0.9381087E-04
     2835.00  0.9055337E-04   0.4894523E-07   0.9060232E-04
     2845.00  0.8371198E-04   0.4921356E-07   0.8376119E-04
     2855.00  0.6834812E-04   0.4949152E-07   0.6839761E-04
     2865.00  0.9566322E-04   0.4977901E-07   0.9571300E-04
     2875.00  0.1003469E-03   0.5007636E-07   0.1003970E-03
     2885.00  0.9771073E-04   0.5038354E-07   0.9776111E-04
     2895.00  0.9899834E-04   0.5070046E-07   0.9904904E-04
     2910.00  0.1232073E-03   0.5119402E-07   0.1232585E-03
     2930.00  0.1128799E-03   0.5188570E-07   0.1129318E-03
     2950.00  0.1093737E-03   0.5261535E-07   0.1094263E-03
     2970.00  0.1166011E-03   0.5338252E-07   0.1166545E-03
     2990.00  0.1188218E-03   0.5418674E-07   0.1188760E-03
     3010.00  0.1229937E-03   0.5502753E-07   0.1230487E-03
     3030.00  0.1234924E-03   0.5590445E-07   0.1235483E-03
     3050.00  0.1263805E-03   0.5681717E-07   0.1264373E-03
     3070.00  0.1318805E-03   0.5776529E-07   0.1319383E-03
     3090.00  0.1352107E-03   0.5874822E-07   0.1352694E-03
     3110.00  0.1370438E-03   0.5976547E-07   0.1371036E-03
     3130.00  0.1333846E-03   0.6024326E-07   0.1334448E-03
     3150.00  0.1364120E-03   0.6131252E-07   0.1364733E-03
     3170.00  0.1396095E-03   0.6241457E-07   0.1396719E-03
     3190.00  0.1260651E-03   0.6354893E-07   0.1261286E-03
     3210.00  0.1362593E-03   0.6471513E-07   0.1363240E-03
     3230.00  0.1224558E-03   0.6591271E-07   0.1225217E-03
     3250.00  0.1427231E-03   0.6714120E-07   0.1427902E-03
     3270.00  0.1553470E-03   0.6839891E-07   0.1554154E-03
     3290.00  0.1537305E-03   0.6968559E-07   0.1538002E-03
     3310.00  0.1545729E-03   0.7100137E-07   0.1546439E-03
     3330.00  0.1541275E-03   0.7234577E-07   0.1541998E-03
     3350.00  0.1513326E-03   0.7371828E-07   0.1514063E-03
     3370.00  0.1380603E-03   0.7511841E-07   0.1381354E-03
     3390.00  0.1437588E-03   0.7654569E-07   0.1438353E-03
     3410.00  0.1448540E-03   0.7799960E-07   0.1449320E-03
     3430.00  0.1481172E-03   0.7382742E-07   0.1481910E-03
     3450.00  0.1515742E-03   0.7518536E-07   0.1516494E-03
     3470.00  0.1518740E-03   0.7656686E-07   0.1519506E-03
     3490.00  0.1582195E-03   0.7797147E-07   0.1582975E-03
     3510.00  0.1637659E-03   0.7939866E-07   0.1638453E-03
     3530.00  0.1552690E-03   0.8084744E-07   0.1553498E-03
     3550.00  0.1684181E-03   0.8231784E-07   0.1685004E-03
     3570.00  0.1426930E-03   0.8380938E-07   0.1427768E-03
     3590.00  0.1432293E-03   0.8532161E-07   0.1433146E-03
     3610.00  0.1562386E-03   0.8685407E-07   0.1563255E-03
     3630.00  0.1599242E-03   0.8840630E-07   0.1600126E-03
     3640.00  0.1612531E-03   0.8918968E-07   0.1613423E-03
     3650.00  0.1764847E-03   0.1365892E-07   0.1764984E-03
     3670.00  0.1725897E-03   0.1354249E-07   0.1726032E-03
     3690.00  0.1610696E-03   0.1232400E-07   0.1610819E-03
     3710.00  0.1799447E-03   0.1219097E-07   0.1799569E-03
     3730.00  0.1587064E-03   0.1206222E-07   0.1587185E-03
     3750.00  0.1838552E-03   0.1193763E-07   0.1838671E-03
     3770.00  0.2035571E-03   0.1181710E-07   0.2035689E-03
     3790.00  0.2236004E-03   0.1170052E-07   0.2236121E-03
     3810.00  0.2408363E-03   0.1158778E-07   0.2408479E-03
     3830.00  0.1857605E-03   0.1147879E-07   0.1857720E-03
     3850.00  0.2418827E-03   0.1137346E-07   0.2418941E-03
     3870.00  0.2592262E-03   0.1127168E-07   0.2592375E-03
     3890.00  0.2118027E-03   0.1117336E-07   0.2118139E-03
     3910.00  0.2778331E-03   0.1107843E-07   0.2778442E-03
     3930.00  0.1681352E-03   0.1098678E-07   0.1681462E-03
     3950.00  0.2480747E-03   0.1089834E-07   0.2480856E-03
     3970.00  0.1648138E-03   0.1081304E-07   0.1648246E-03
     3990.00  0.3021804E-03   0.1073083E-07   0.3021911E-03
     4010.00  0.3303959E-03   0.1065159E-07   0.3304066E-03
     4030.00  0.3333358E-03   0.1057523E-07   0.3333464E-03
     4050.00  0.3259209E-03   0.1050169E-07   0.3259314E-03
     4070.00  0.3160857E-03   0.1043090E-07   0.3160961E-03
     4090.00  0.3126964E-03   0.1036277E-07   0.3127068E-03
     4110.00  0.2759161E-03   0.1029726E-07   0.2759264E-03
     4130.00  0.3255448E-03   0.1023429E-07   0.3255550E-03
     4150.00  0.3345919E-03   0.1017379E-07   0.3346021E-03
     4170.00  0.3343794E-03   0.1011570E-07   0.3343895E-03
     4190.00  0.3321636E-03   0.1005997E-07   0.3321737E-03
     4210.00  0.3367385E-03   0.1000653E-07   0.3367485E-03
     4230.00  0.3308060E-03   0.9955321E-08   0.3308160E-03
     4250.00  0.3366037E-03   0.9906290E-08   0.3366136E-03
     4270.00  0.3239688E-03   0.9859380E-08   0.3239787E-03
     4290.00  0.3177795E-03   0.9814538E-08   0.3177893E-03
     4310.00  0.2879122E-03   0.9771711E-08   0.2879220E-03
     4330.00  0.3035761E-03   0.9730848E-08   0.3035858E-03
     4350.00  0.2791062E-03   0.9691901E-08   0.2791159E-03
     4370.00  0.3455424E-03   0.9654823E-08   0.3455521E-03
     4390.00  0.3341098E-03   0.9619563E-08   0.3341194E-03
     4410.00  0.3395775E-03   0.9586073E-08   0.3395871E-03
     4430.00  0.3462757E-03   0.9554308E-08   0.3462853E-03
     4450.00  0.3488141E-03   0.9524224E-08   0.3488236E-03
     4470.00  0.3586426E-03   0.9495779E-08   0.3586521E-03
     4490.00  0.3595831E-03   0.9468928E-08   0.3595926E-03
     4510.00  0.3868497E-03   0.9443632E-08   0.3868591E-03
     4530.00  0.3576180E-03   0.9419851E-08   0.3576274E-03
     4550.00  0.3617217E-03   0.9397544E-08   0.3617311E-03
     4570.00  0.3812321E-03   0.9376675E-08   0.3812415E-03
     4590.00  0.3634179E-03   0.9357205E-08   0.3634273E-03
     4610.00  0.3715498E-03   0.9339098E-08   0.3715591E-03
     4630.00  0.3616509E-03   0.9322320E-08   0.3616602E-03
     4650.00  0.3662957E-03   0.9306834E-08   0.3663050E-03
     4670.00  0.3724124E-03   0.9292606E-08   0.3724217E-03
     4690.00  0.3627683E-03   0.9279604E-08   0.3627776E-03
     4710.00  0.3513218E-03   0.9267796E-08   0.3513311E-03
     4730.00  0.3662631E-03   0.9257150E-08   0.3662724E-03
     4750.00  0.3726811E-03   0.9247634E-08   0.3726903E-03
     4770.00  0.3700152E-03   0.9239220E-08   0.3700244E-03
     4790.00  0.3675381E-03   0.9231876E-08   0.3675473E-03
     4810.00  0.3615552E-03   0.9225545E-08   0.3615644E-03
     4830.00  0.3623622E-03   0.9220197E-08   0.3623714E-03
     4850.00  0.3231949E-03   0.9215833E-08   0.3232041E-03
     4870.00  0.2816268E-03   0.9212425E-08   0.2816360E-03
     4890.00  0.3446137E-03   0.9209948E-08   0.3446229E-03
     4910.00  0.3487906E-03   0.9208376E-08   0.3487998E-03
     4930.00  0.3439118E-03   0.9207683E-08   0.3439210E-03
     4950.00  0.3565079E-03   0.9207846E-08   0.3565171E-03
     4970.00  0.3543834E-03   0.9208841E-08   0.3543926E-03
     4990.00  0.3343116E-03   0.9210643E-08   0.3343208E-03
     5010.00  0.3212172E-03   0.9213231E-08   0.3212264E-03
     5030.00  0.3355206E-03   0.9216581E-08   0.3355298E-03
     5050.00  0.3334894E-03   0.9220673E-08   0.3334986E-03
     5070.00  0.3441274E-03   0.9225508E-08   0.3441366E-03
     5090.00  0.3310126E-03   0.9231159E-08   0.3310218E-03
     5110.00  0.3354062E-03   0.9237485E-08   0.3354154E-03
     5130.00  0.3256097E-03   0.9244465E-08   0.3256189E-03
     5150.00  0.3162734E-03   0.9252082E-08   0.3162827E-03
     5170.00  0.3036806E-03   0.9260315E-08   0.3036899E-03
     5190.00  0.3068494E-03   0.9269145E-08   0.3068587E-03
     5210.00  0.3170273E-03   0.9278556E-08   0.3170366E-03
     5230.00  0.3218407E-03   0.9288528E-08   0.3218500E-03
     5250.00  0.3292796E-03   0.9299045E-08   0.3292889E-03
     5270.00  0.3010569E-03   0.9310089E-08   0.3010662E-03
     5290.00  0.3270765E-03   0.9321643E-08   0.3270858E-03
     5310.00  0.3352638E-03   0.9333694E-08   0.3352731E-03
     5330.00  0.3091032E-03   0.9346221E-08   0.3091125E-03
     5350.00  0.3271461E-03   0.9359212E-08   0.3271555E-03
     5370.00  0.3247206E-03   0.9372642E-08   0.3247300E-03
     5390.00  0.3189916E-03   0.9386480E-08   0.3190010E-03
     5410.00  0.3121803E-03   0.9400734E-08   0.3121897E-03
     5430.00  0.3163713E-03   0.9415390E-08   0.3163807E-03
     5450.00  0.3238931E-03   0.9430435E-08   0.3239025E-03
     5470.00  0.3159083E-03   0.9445854E-08   0.3159177E-03
     5490.00  0.3169682E-03   0.9461635E-08   0.3169777E-03
     5510.00  0.3133394E-03   0.9477764E-08   0.3133489E-03
     5530.00  0.3158826E-03   0.9494229E-08   0.3158921E-03
     5550.00  0.3179352E-03   0.9511018E-08   0.3179447E-03
     5570.00  0.3112247E-03   0.9528118E-08   0.3112342E-03
     5590.00  0.3061694E-03   0.9545518E-08   0.3061789E-03
     5610.00  0.3125540E-03   0.9563206E-08   0.3125636E-03
     5630.00  0.3099133E-03   0.9581172E-08   0.3099229E-03
     5650.00  0.3103048E-03   0.9599403E-08   0.3103144E-03
     5670.00  0.3031842E-03   0.9617888E-08   0.3031938E-03
     5690.00  0.3083937E-03   0.9636620E-08   0.3084033E-03
     5710.00  0.3012092E-03   0.6824341E-08   0.3012160E-03
     5730.00  0.3164854E-03   0.6824744E-08   0.3164922E-03
     5750.00  0.3064260E-03   0.6825446E-08   0.3064328E-03
     5770.00  0.3082495E-03   0.6826436E-08   0.3082563E-03
     5790.00  0.2998661E-03   0.6827706E-08   0.2998729E-03
     5810.00  0.3058692E-03   0.6829248E-08   0.3058760E-03
     5830.00  0.3097785E-03   0.6831053E-08   0.3097853E-03
     5850.00  0.3027479E-03   0.6833114E-08   0.3027547E-03
     5870.00  0.3023806E-03   0.6835423E-08   0.3023874E-03
     5890.00  0.2862388E-03   0.6837971E-08   0.2862456E-03
     5910.00  0.2975858E-03   0.6840751E-08   0.2975926E-03
     5930.00  0.2968464E-03   0.6843756E-08   0.2968532E-03
     5950.00  0.2961752E-03   0.6846980E-08   0.2961820E-03
     5970.00  0.2975594E-03   0.6850414E-08   0.2975663E-03
     5990.00  0.2931052E-03   0.6854053E-08   0.2931121E-03
     6010.00  0.2884884E-03   0.6857889E-08   0.2884953E-03
     6030.00  0.2916287E-03   0.6861915E-08   0.2916356E-03
     6050.00  0.2942625E-03   0.6866126E-08   0.2942694E-03
     6070.00  0.2928283E-03   0.6870515E-08   0.2928352E-03
     6090.00  0.2844859E-03   0.6875074E-08   0.2844928E-03
     6110.00  0.2837887E-03   0.6879798E-08   0.2837956E-03
     6130.00  0.2729602E-03   0.6884682E-08   0.2729671E-03
     6150.00  0.2752277E-03   0.6889721E-08   0.2752346E-03
     6170.00  0.2689305E-03   0.6894908E-08   0.2689374E-03
     6190.00  0.2787624E-03   0.6900239E-08   0.2787693E-03
     6210.00  0.2771040E-03   0.6905707E-08   0.2771109E-03
     6230.00  0.2700777E-03   0.6911308E-08   0.2700846E-03
     6250.00  0.2615965E-03   0.6917037E-08   0.2616034E-03
     6270.00  0.2714998E-03   0.6922888E-08   0.2715067E-03
     6290.00  0.2725713E-03   0.6928857E-08   0.2725782E-03
     6310.00  0.2659498E-03   0.6934940E-08   0.2659567E-03
     6330.00  0.2673588E-03   0.6941130E-08   0.2673657E-03
     6350.00  0.2665351E-03   0.6947425E-08   0.2665420E-03
     6370.00  0.2648327E-03   0.6953819E-08   0.2648397E-03
     6390.00  0.2669621E-03   0.6960307E-08   0.2669691E-03
     6410.00  0.2612659E-03   0.6966887E-08   0.2612729E-03
     6430.00  0.2627404E-03   0.6973553E-08   0.2627474E-03
     6450.00  0.2603855E-03   0.6980303E-08   0.2603925E-03
     6470.00  0.2595526E-03   0.6987131E-08   0.2595596E-03
     6490.00  0.2541802E-03   0.6994033E-08   0.2541872E-03
     6510.00  0.2587067E-03   0.7001007E-08   0.2587137E-03
     6530.00  0.2561925E-03   0.7007968E-08   0.2561995E-03
     6550.00  0.2422850E-03   0.7014968E-08   0.2422920E-03
     6570.00  0.2148015E-03   0.7022024E-08   0.2148085E-03
     6590.00  0.2483135E-03   0.7029133E-08   0.2483205E-03
     6610.00  0.2532660E-03   0.7036292E-08   0.2532730E-03
     6630.00  0.2519871E-03   0.7043497E-08   0.2519941E-03
     6650.00  0.2511287E-03   0.7016722E-08   0.2511357E-03
     6670.00  0.2472339E-03   0.7024039E-08   0.2472409E-03
     6690.00  0.2505968E-03   0.7031394E-08   0.2506038E-03
     6710.00  0.2441474E-03   0.7038785E-08   0.2441544E-03
     6730.00  0.2474804E-03   0.7046209E-08   0.2474874E-03
     6750.00  0.2438121E-03   0.7053663E-08   0.2438192E-03
     6770.00  0.2443628E-03   0.7061145E-08   0.2443699E-03
     6790.00  0.2420087E-03   0.7068652E-08   0.2420158E-03
     6810.00  0.2411166E-03   0.7076181E-08   0.2411237E-03
     6830.00  0.2418461E-03   0.7083729E-08   0.2418532E-03
     6850.00  0.2365155E-03   0.7091295E-08   0.2365226E-03
     6870.00  0.2386422E-03   0.7098876E-08   0.2386493E-03
     6890.00  0.2397922E-03   0.7106469E-08   0.2397993E-03
     6910.00  0.2378401E-03   0.7114072E-08   0.2378472E-03
     6930.00  0.2360343E-03   0.7121683E-08   0.2360414E-03
     6950.00  0.2344574E-03   0.7129300E-08   0.2344645E-03
     6970.00  0.2348243E-03   0.7136919E-08   0.2348314E-03
     6990.00  0.2340057E-03   0.7144541E-08   0.2340128E-03
     7010.00  0.2288158E-03   0.7152162E-08   0.2288230E-03
     7030.00  0.2315927E-03   0.7159786E-08   0.2315999E-03
     7050.00  0.2314497E-03   0.7167406E-08   0.2314569E-03
     7070.00  0.2269443E-03   0.7175019E-08   0.2269515E-03
     7090.00  0.2240458E-03   0.7182623E-08   0.2240530E-03
     7110.00  0.2205805E-03   0.7190217E-08   0.2205877E-03
     7130.00  0.2180235E-03   0.7197798E-08   0.2180307E-03
     7150.00  0.2174105E-03   0.7205365E-08   0.2174177E-03
     7170.00  0.2174992E-03   0.7212916E-08   0.2175064E-03
     7190.00  0.2123963E-03   0.7220450E-08   0.2124035E-03
     7210.00  0.2158079E-03   0.7227965E-08   0.2158151E-03
     7230.00  0.2167731E-03   0.7235459E-08   0.2167803E-03
     7250.00  0.2168818E-03   0.7242932E-08   0.2168890E-03
     7270.00  0.2164547E-03   0.7250382E-08   0.2164620E-03
     7290.00  0.2119006E-03   0.7257806E-08   0.2119079E-03
     7310.00  0.2152304E-03   0.7265204E-08   0.2152377E-03
     7330.00  0.2150643E-03   0.7272576E-08   0.2150716E-03
     7350.00  0.2159094E-03   0.7279918E-08   0.2159167E-03
     7370.00  0.2186227E-03   0.7287230E-08   0.2186300E-03
     7390.00  0.2136664E-03   0.7294512E-08   0.2136737E-03
     7410.00  0.2121008E-03   0.7301762E-08   0.2121081E-03
     7430.00  0.2159398E-03   0.7308977E-08   0.2159471E-03
     7450.00  0.2154385E-03   0.7304490E-08   0.2154458E-03
     7470.00  0.2177482E-03   0.7311638E-08   0.2177555E-03
     7490.00  0.2169004E-03   0.7318751E-08   0.2169077E-03
     7510.00  0.2177711E-03   0.7325826E-08   0.2177784E-03
     7530.00  0.2201937E-03   0.7332864E-08   0.2202010E-03
     7550.00  0.2213187E-03   0.7339863E-08   0.2213260E-03
     7570.00  0.2201348E-03   0.7346822E-08   0.2201421E-03
     7590.00  0.2159749E-03   0.7353741E-08   0.2159823E-03
     7610.00  0.2119170E-03   0.7360577E-08   0.2119244E-03
     7630.00  0.2084155E-03   0.7367326E-08   0.2084229E-03
     7650.00  0.2046260E-03   0.7374030E-08   0.2046334E-03
     7670.00  0.1973958E-03   0.7380687E-08   0.1974032E-03
     7690.00  0.2007924E-03   0.7387297E-08   0.2007998E-03
     7710.00  0.1976045E-03   0.7393858E-08   0.1976119E-03
     7730.00  0.1976953E-03   0.7400372E-08   0.1977027E-03
     7750.00  0.1957048E-03   0.7406836E-08   0.1957122E-03
     7770.00  0.1965213E-03   0.7413250E-08   0.1965287E-03
     7790.00  0.1977924E-03   0.7419614E-08   0.1977998E-03
     7810.00  0.1968952E-03   0.7425927E-08   0.1969026E-03
     7830.00  0.1951162E-03   0.7432188E-08   0.1951236E-03
     7850.00  0.1932318E-03   0.7438396E-08   0.1932392E-03
     7870.00  0.1941105E-03   0.7286374E-08   0.1941178E-03
     7890.00  0.1918610E-03   0.7292415E-08   0.1918683E-03
     7910.00  0.1877034E-03   0.7298406E-08   0.1877107E-03
     7930.00  0.1869522E-03   0.7304346E-08   0.1869595E-03
     7950.00  0.1855339E-03   0.7310233E-08   0.1855412E-03
     7970.00  0.1897161E-03   0.7316068E-08   0.1897234E-03
     7990.00  0.1888065E-03   0.7321851E-08   0.1888138E-03
     8010.00  0.1889921E-03   0.7327579E-08   0.1889994E-03
     8030.00  0.1893500E-03   0.7333255E-08   0.1893573E-03
     8050.00  0.1886635E-03   0.7338877E-08   0.1886708E-03
     8070.00  0.1909372E-03   0.7344444E-08   0.1909445E-03
     8090.00  0.1890935E-03   0.7349956E-08   0.1891008E-03
     8110.00  0.1907936E-03   0.7355413E-08   0.1908010E-03
     8130.00  0.1954894E-03   0.7360815E-08   0.1954968E-03
     8150.00  0.1979846E-03   0.7366162E-08   0.1979920E-03
     8170.00  0.1997691E-03   0.7371452E-08   0.1997765E-03
     8190.00  0.1951961E-03   0.7376685E-08   0.1952035E-03
     8210.00  0.1883078E-03   0.6404934E-08   0.1883142E-03
     8230.00  0.1878680E-03   0.2592173E-08   0.1878706E-03
     8250.00  0.1877980E-03   0.2589547E-08   0.1878006E-03
     8270.00  0.1889507E-03   0.2586951E-08   0.1889533E-03
     8290.00  0.1862270E-03   0.2546015E-08   0.1862295E-03
     8310.00  0.1807883E-03   0.2543471E-08   0.1807908E-03
     8330.00  0.1792645E-03   0.2540955E-08   0.1792670E-03
     8350.00  0.1785453E-03   0.2538467E-08   0.1785478E-03
     8370.00  0.1791953E-03   0.2536005E-08   0.1791978E-03
     8390.00  0.1749897E-03   0.2533570E-08   0.1749922E-03
     8410.00  0.1782312E-03   0.2531161E-08   0.1782337E-03
     8430.00  0.1728507E-03   0.2528776E-08   0.1728532E-03
     8450.00  0.1695688E-03   0.2526416E-08   0.1695713E-03
     8470.00  0.1685821E-03   0.2524080E-08   0.1685846E-03
     8490.00  0.1713528E-03   0.2521768E-08   0.1713553E-03
     8510.00  0.1626369E-03   0.2519478E-08   0.1626394E-03
     8530.00  0.1714515E-03   0.2517211E-08   0.1714540E-03
     8550.00  0.1597619E-03   0.2514965E-08   0.1597644E-03
     8570.00  0.1744346E-03   0.2512742E-08   0.1744371E-03
     8590.00  0.1688412E-03   0.2510538E-08   0.1688437E-03
     8610.00  0.1693472E-03   0.2508356E-08   0.1693497E-03
     8630.00  0.1757121E-03   0.2506193E-08   0.1757146E-03
     8650.00  0.1748665E-03   0.2504050E-08   0.1748690E-03
     8670.00  0.1586354E-03   0.2501926E-08   0.1586379E-03
     8690.00  0.1718540E-03   0.2499821E-08   0.1718565E-03
     8710.00  0.1768502E-03   0.2497733E-08   0.1768527E-03
     8730.00  0.1768396E-03   0.2495664E-08   0.1768421E-03
     8750.00  0.1681001E-03   0.2493612E-08   0.1681026E-03
     8770.00  0.1772085E-03   0.2491577E-08   0.1772110E-03
     8790.00  0.1812262E-03   0.2489558E-08   0.1812287E-03
     8810.00  0.1791587E-03   0.2487555E-08   0.1791612E-03
     8830.00  0.1795089E-03   0.2485568E-08   0.1795114E-03
     8850.00  0.1743299E-03   0.2483597E-08   0.1743324E-03
     8870.00  0.1613584E-03   0.2481641E-08   0.1613609E-03
     8890.00  0.1695226E-03   0.2479699E-08   0.1695251E-03
     8910.00  0.1721258E-03   0.2477771E-08   0.1721283E-03
     8930.00  0.1701466E-03   0.2475857E-08   0.1701491E-03
     8950.00  0.1706645E-03   0.2473957E-08   0.1706670E-03
     8970.00  0.1707211E-03   0.2472071E-08   0.1707236E-03
     8990.00  0.1697039E-03   0.2470197E-08   0.1697064E-03
     9010.00  0.1594500E-03   0.2468336E-08   0.1594525E-03
     9030.00  0.1686742E-03   0.2466487E-08   0.1686767E-03
     9050.00  0.1772197E-03   0.2464650E-08   0.1772222E-03
     9070.00  0.1768470E-03   0.2462825E-08   0.1768495E-03
     9090.00  0.1752226E-03   0.2461011E-08   0.1752251E-03
     9110.00  0.1776484E-03   0.2459208E-08   0.1776509E-03
     9130.00  0.1802190E-03   0.2457417E-08   0.1802215E-03
     9150.00  0.1791925E-03   0.2455637E-08   0.1791950E-03
     9170.00  0.1781337E-03   0.2453868E-08   0.1781362E-03
     9190.00  0.1788031E-03   0.2452108E-08   0.1788056E-03
     9210.00  0.1712788E-03   0.2450358E-08   0.1712813E-03
     9230.00  0.1583483E-03   0.2448617E-08   0.1583507E-03
     9250.00  0.1643356E-03   0.2446887E-08   0.1643380E-03
     9270.00  0.1673045E-03   0.2445164E-08   0.1673069E-03
     9290.00  0.1664269E-03   0.2443450E-08   0.1664293E-03
     9310.00  0.1667919E-03   0.2441745E-08   0.1667943E-03
     9330.00  0.1670862E-03   0.2440047E-08   0.1670886E-03
     9350.00  0.1669151E-03   0.2438359E-08   0.1669175E-03
     9370.00  0.1647325E-03   0.2436677E-08   0.1647349E-03
     9390.00  0.1666487E-03   0.2435003E-08   0.1666511E-03
     9410.00  0.1631101E-03   0.2433336E-08   0.1631125E-03
     9430.00  0.1676802E-03   0.2431677E-08   0.1676826E-03
     9450.00  0.1660958E-03   0.2430024E-08   0.1660982E-03
     9470.00  0.1691852E-03   0.2428378E-08   0.1691876E-03
     9490.00  0.1692296E-03   0.2426738E-08   0.1692320E-03
     9510.00  0.1650036E-03   0.2425105E-08   0.1650060E-03
     9530.00  0.1642511E-03   0.2423477E-08   0.1642535E-03
     9550.00  0.1556880E-03   0.2421856E-08   0.1556904E-03
     9570.00  0.1634437E-03   0.2420241E-08   0.1634461E-03
     9590.00  0.1664241E-03   0.2418630E-08   0.1664265E-03
     9610.00  0.1643946E-03   0.2417026E-08   0.1643970E-03
     9630.00  0.1646552E-03   0.2415426E-08   0.1646576E-03
     9650.00  0.1633368E-03   0.2413832E-08   0.1633392E-03
     9670.00  0.1629009E-03   0.2412242E-08   0.1629033E-03
     9690.00  0.1642039E-03   0.2410658E-08   0.1642063E-03
     9710.00  0.1619210E-03   0.2409077E-08   0.1619234E-03
     9730.00  0.1600295E-03   0.2407500E-08   0.1600319E-03
     9750.00  0.1588735E-03   0.2405929E-08   0.1588759E-03
     9770.00  0.1597122E-03   0.2404361E-08   0.1597146E-03
     9790.00  0.1587106E-03   0.2402797E-08   0.1587130E-03
     9810.00  0.1608676E-03   0.2401237E-08   0.1608700E-03
     9830.00  0.1597002E-03   0.2399681E-08   0.1597026E-03
     9850.00  0.1595530E-03   0.2398128E-08   0.1595554E-03
     9870.00  0.1587814E-03   0.2396579E-08   0.1587838E-03
     9890.00  0.1580366E-03   0.2395033E-08   0.1580390E-03
     9910.00  0.1568821E-03   0.2393489E-08   0.1568845E-03
     9930.00  0.1580521E-03   0.2391949E-08   0.1580545E-03
     9950.00  0.1584525E-03   0.2390412E-08   0.1584549E-03
     9970.00  0.1584995E-03   0.2388878E-08   0.1585019E-03
     9990.00  0.1576903E-03   0.2387346E-08   0.1576927E-03
    10025.00  0.1560675E-03   0.2384672E-08   0.1560699E-03
    10075.00  0.1529806E-03   0.2380863E-08   0.1529830E-03
    10125.00  0.1568978E-03   0.2377067E-08   0.1569002E-03
    10175.00  0.1553525E-03   0.2373344E-08   0.1553549E-03
    10225.00  0.1558398E-03   0.2369640E-08   0.1558422E-03
    10275.00  0.1561156E-03   0.2365943E-08   0.1561180E-03
    10325.00  0.1543507E-03   0.2362250E-08   0.1543531E-03
    10375.00  0.1531885E-03   0.2358561E-08   0.1531909E-03
    10425.00  0.1534359E-03   0.2354874E-08   0.1534383E-03
    10475.00  0.1502861E-03   0.2351188E-08   0.1502885E-03
    10525.00  0.1475660E-03   0.2347503E-08   0.1475683E-03
    10575.00  0.1442707E-03   0.2343818E-08   0.1442730E-03
    10625.00  0.1420315E-03   0.2340131E-08   0.1420338E-03
    10675.00  0.1408309E-03   0.2336442E-08   0.1408332E-03
    10725.00  0.1422080E-03   0.2332750E-08   0.1422103E-03
    10775.00  0.1413545E-03   0.2329055E-08   0.1413568E-03
    10825.00  0.1397139E-03   0.2325355E-08   0.1397162E-03
    10875.00  0.1383141E-03   0.2321651E-08   0.1383164E-03
    10925.00  0.1344154E-03   0.2317941E-08   0.1344177E-03
    10975.00  0.1348631E-03   0.2314225E-08   0.1348654E-03
    11025.00  0.1348139E-03   0.2310503E-08   0.1348162E-03
    11075.00  0.1312099E-03   0.2306773E-08   0.1312122E-03
    11125.00  0.1307827E-03   0.2303037E-08   0.1307850E-03
    11175.00  0.1297626E-03   0.2028141E-08   0.1297646E-03
    11225.00  0.1297920E-03   0.2024414E-08   0.1297940E-03
    11275.00  0.1278456E-03   0.2020690E-08   0.1278476E-03
    11325.00  0.1272526E-03   0.2016968E-08   0.1272546E-03
    11375.00  0.1270190E-03   0.2013249E-08   0.1270210E-03
    11425.00  0.1251563E-03   0.2009530E-08   0.1251583E-03
    11475.00  0.1262786E-03   0.2005812E-08   0.1262806E-03
    11525.00  0.1251556E-03   0.2002094E-08   0.1251576E-03
    11575.00  0.1245316E-03   0.1998377E-08   0.1245336E-03
    11625.00  0.1215834E-03   0.1994661E-08   0.1215854E-03
    11675.00  0.1211902E-03   0.1990944E-08   0.1211922E-03
    11725.00  0.1219169E-03   0.1987226E-08   0.1219189E-03
    11775.00  0.1190124E-03   0.1983508E-08   0.1190144E-03
    11825.00  0.1173866E-03   0.1979790E-08   0.1173886E-03
    11875.00  0.1154706E-03   0.1976070E-08   0.1154726E-03
    11925.00  0.1170120E-03   0.1972349E-08   0.1170140E-03
    11975.00  0.1136174E-03   0.1968626E-08   0.1136194E-03
    12025.00  0.1149045E-03   0.1964902E-08   0.1149065E-03
    12075.00  0.1139562E-03   0.1961176E-08   0.1139582E-03
    12125.00  0.1137517E-03   0.1957449E-08   0.1137537E-03
    12175.00  0.1137279E-03   0.1953719E-08   0.1137299E-03
    12225.00  0.1130186E-03   0.1949987E-08   0.1130205E-03
    12275.00  0.1120884E-03   0.1946254E-08   0.1120903E-03
    12325.00  0.1109700E-03   0.1942518E-08   0.1109719E-03
    12375.00  0.1105340E-03   0.1938780E-08   0.1105359E-03
    12425.00  0.1088475E-03   0.1935040E-08   0.1088494E-03
    12475.00  0.1080060E-03   0.1931297E-08   0.1080079E-03
    12525.00  0.1069940E-03   0.1925627E-08   0.1069959E-03
    12575.00  0.1063550E-03   0.1921893E-08   0.1063569E-03
    12625.00  0.1054266E-03   0.1918156E-08   0.1054285E-03
    12675.00  0.1047244E-03   0.1914418E-08   0.1047263E-03
    12725.00  0.1042776E-03   0.1910676E-08   0.1042795E-03
    12775.00  0.1036234E-03   0.1906933E-08   0.1036253E-03
    12825.00  0.9878344E-04   0.1903187E-08   0.9878534E-04
    12875.00  0.1018709E-03   0.1899440E-08   0.1018728E-03
    12925.00  0.1012430E-03   0.1895690E-08   0.1012449E-03
    12975.00  0.1015978E-03   0.1891938E-08   0.1015997E-03
    13025.00  0.1000616E-03   0.1888184E-08   0.1000635E-03
    13075.00  0.1001418E-03   0.1884408E-08   0.1001437E-03
    13125.00  0.9788685E-04   0.1880627E-08   0.9788873E-04
    13175.00  0.9689816E-04   0.1876844E-08   0.9690004E-04
    13225.00  0.9653445E-04   0.1873059E-08   0.9653632E-04
    13275.00  0.9439345E-04   0.1869271E-08   0.9439532E-04
    13325.00  0.9343902E-04   0.1865480E-08   0.9344089E-04
    13375.00  0.9223336E-04   0.1861688E-08   0.9223522E-04
    13425.00  0.9211183E-04   0.1857894E-08   0.9211369E-04
    13475.00  0.9101475E-04   0.1854098E-08   0.9101660E-04
    13525.00  0.8992387E-04   0.1850299E-08   0.8992572E-04
    13575.00  0.8839780E-04   0.1846499E-08   0.8839965E-04
    13625.00  0.8811279E-04   0.1841876E-08   0.8811463E-04
    13675.00  0.8811292E-04   0.1838076E-08   0.8811476E-04
    13725.00  0.8776473E-04   0.1834275E-08   0.8776656E-04
    13775.00  0.8766580E-04   0.1830472E-08   0.8766763E-04
    13825.00  0.8778728E-04   0.1826668E-08   0.8778911E-04
    13875.00  0.8708748E-04   0.1822864E-08   0.8708930E-04
    13925.00  0.8231879E-04   0.1819058E-08   0.8232061E-04
    13975.00  0.8108511E-04   0.1815251E-08   0.8108693E-04
    14025.00  0.8044871E-04   0.1811444E-08   0.8045052E-04
    14075.00  0.8057636E-04   0.1807636E-08   0.8057817E-04
    14125.00  0.7945448E-04   0.1791543E-08   0.7945627E-04
    14175.00  0.8016351E-04   0.1787788E-08   0.8016530E-04
    14225.00  0.7930539E-04   0.1784032E-08   0.7930717E-04
    14275.00  0.7833461E-04   0.1780275E-08   0.7833639E-04
    14325.00  0.7911744E-04   0.1776519E-08   0.7911922E-04
    14375.00  0.7948773E-04   0.1772763E-08   0.7948950E-04
    14425.00  0.7749688E-04   0.1769007E-08   0.7749865E-04
    14475.00  0.7874328E-04   0.1765251E-08   0.7874505E-04
    14525.00  0.7815847E-04   0.1761496E-08   0.7816023E-04
    14570.00  0.7853359E-04   0.1758116E-08   0.7853535E-04
    14620.00  0.7637697E-04   0.1095716E-08   0.7637807E-04
    14675.00  0.7567932E-04   0.1092858E-08   0.7568041E-04
    14725.00  0.7525660E-04   0.1086907E-08   0.7525769E-04
    14775.00  0.7577241E-04   0.1084334E-08   0.7577349E-04
    14825.00  0.7598742E-04   0.1081768E-08   0.7598850E-04
    14875.00  0.7512513E-04   0.1079209E-08   0.7512621E-04
    14925.00  0.7682405E-04   0.1076658E-08   0.7682513E-04
    14975.00  0.7629270E-04   0.1074114E-08   0.7629377E-04
    15025.00  0.7561938E-04   0.1071576E-08   0.7562045E-04
    15075.00  0.7519644E-04   0.1069046E-08   0.7519751E-04
    15125.00  0.7654942E-04   0.1066523E-08   0.7655049E-04
    15175.00  0.7680955E-04   0.1064006E-08   0.7681061E-04
    15225.00  0.7662913E-04   0.1061497E-08   0.7663019E-04
    15275.00  0.7693283E-04   0.1058996E-08   0.7693389E-04
    15325.00  0.7694391E-04   0.1056501E-08   0.7694497E-04
    15375.00  0.7643506E-04   0.1054013E-08   0.7643611E-04
    15425.00  0.7514817E-04   0.1051532E-08   0.7514922E-04
    15475.00  0.7565762E-04   0.1049057E-08   0.7565867E-04
    15525.00  0.7515712E-04   0.1046589E-08   0.7515817E-04
    15575.00  0.7303335E-04   0.1044127E-08   0.7303439E-04
    15625.00  0.7332142E-04   0.1041672E-08   0.7332246E-04
    15675.00  0.7317460E-04   0.1039223E-08   0.7317564E-04
    15725.00  0.7428684E-04   0.1036781E-08   0.7428788E-04
    15775.00  0.7110652E-04   0.1034344E-08   0.7110755E-04
    15825.00  0.7034198E-04   0.1031915E-08   0.7034301E-04
    15875.00  0.6963373E-04   0.1029491E-08   0.6963476E-04
    15925.00  0.7231498E-04   0.1027074E-08   0.7231601E-04
    15975.00  0.7133688E-04   0.1024663E-08   0.7133790E-04
    16050.00  0.7096145E-04   0.1021059E-08   0.7096247E-04
    16150.00  0.7199556E-04   0.1016274E-08   0.7199658E-04
    16250.00  0.7029248E-04   0.1011514E-08   0.7029349E-04
    16350.00  0.7204684E-04   0.1006779E-08   0.7204785E-04
    16450.00  0.6902733E-04   0.1002068E-08   0.6902833E-04
    16550.00  0.7098326E-04   0.9973811E-09   0.7098426E-04
    16650.00  0.6982100E-04   0.9927183E-09   0.6982199E-04
    16750.00  0.6897045E-04   0.9880794E-09   0.6897144E-04
    16850.00  0.6786312E-04   0.9834644E-09   0.6786410E-04
    16950.00  0.6824138E-04   0.9788732E-09   0.6824236E-04
    17050.00  0.6706008E-04   0.9743055E-09   0.6706105E-04
    17150.00  0.6577620E-04   0.9697613E-09   0.6577717E-04
    17250.00  0.6409058E-04   0.9652406E-09   0.6409155E-04
    17350.00  0.6154147E-04   0.9607432E-09   0.6154243E-04
    17450.00  0.6090355E-04   0.9562691E-09   0.6090451E-04
    17550.00  0.5981388E-04   0.9518182E-09   0.5981483E-04
    17650.00  0.5787636E-04   0.9473903E-09   0.5787731E-04
    17750.00  0.5625717E-04   0.9429856E-09   0.5625811E-04
    17850.00  0.5476776E-04   0.9386038E-09   0.5476870E-04
    17950.00  0.5331476E-04   0.9342449E-09   0.5331569E-04
    18050.00  0.5168130E-04   0.9299088E-09   0.5168223E-04
    18150.00  0.4972154E-04   0.9255955E-09   0.4972247E-04
    18250.00  0.4947211E-04   0.9213066E-09   0.4947303E-04
    18350.00  0.4935439E-04   0.9170543E-09   0.4935531E-04
    18450.00  0.4769764E-04   0.9128235E-09   0.4769855E-04
    18550.00  0.4702845E-04   0.8616316E-09   0.4702931E-04
    18650.00  0.4582473E-04   0.8576470E-09   0.4582559E-04
    18750.00  0.4398141E-04   0.8536833E-09   0.4398226E-04
    18850.00  0.4466270E-04   0.8497407E-09   0.4466355E-04
    18950.00  0.4322034E-04   0.8458189E-09   0.4322119E-04
    19050.00  0.4344840E-04   0.8419180E-09   0.4344924E-04
    19150.00  0.4282686E-04   0.8380379E-09   0.4282770E-04
    19250.00  0.4222922E-04   0.8341785E-09   0.4223005E-04
    19350.00  0.4118014E-04   0.8303399E-09   0.4118097E-04
    19450.00  0.3965213E-04   0.8265220E-09   0.3965296E-04
    19550.00  0.3972654E-04   0.8227246E-09   0.3972736E-04
    19650.00  0.3925068E-04   0.8189478E-09   0.3925150E-04
    19750.00  0.3834031E-04   0.8151914E-09   0.3834113E-04
    19850.00  0.3782004E-04   0.8114556E-09   0.3782085E-04
    19950.00  0.3762219E-04   0.8077400E-09   0.3762300E-04
    20050.00  0.3711592E-04   0.8040449E-09   0.3711672E-04
    20150.00  0.3666736E-04   0.8003699E-09   0.3666816E-04
    20250.00  0.3620452E-04   0.7964938E-09   0.3620532E-04
    20350.00  0.3608887E-04   0.7928607E-09   0.3608966E-04
    20450.00  0.3572104E-04   0.7892477E-09   0.3572183E-04
    20550.00  0.3516535E-04   0.7856547E-09   0.3516614E-04
    20650.00  0.3494141E-04   0.7820817E-09   0.3494219E-04
    20750.00  0.3485040E-04   0.7785286E-09   0.3485118E-04
    20850.00  0.3438414E-04   0.7749953E-09   0.3438491E-04
    20950.00  0.3383338E-04   0.7714818E-09   0.3383415E-04
    21050.00  0.3399749E-04   0.7679879E-09   0.3399826E-04
    21150.00  0.3331316E-04   0.7645136E-09   0.3331392E-04
    21250.00  0.3302399E-04   0.7610589E-09   0.3302475E-04
    21350.00  0.3315888E-04   0.7576237E-09   0.3315964E-04
    21450.00  0.3263020E-04   0.7542078E-09   0.3263095E-04
    21550.00  0.3212682E-04   0.7507090E-09   0.3212757E-04
    21650.00  0.3143632E-04   0.7473327E-09   0.3143707E-04
    21750.00  0.3118999E-04   0.7439756E-09   0.3119073E-04
    21850.00  0.3112375E-04   0.7406375E-09   0.3112449E-04
    21950.00  0.3075324E-04   0.7373184E-09   0.3075398E-04
    22050.00  0.3022358E-04   0.7340182E-09   0.3022431E-04
    22150.00  0.3010473E-04   0.7307368E-09   0.3010546E-04
    22250.00  0.2962314E-04   0.7257661E-09   0.2962387E-04
    22350.00  0.2907471E-04   0.7225368E-09   0.2907543E-04
    22450.00  0.2896333E-04   0.7193259E-09   0.2896405E-04
    22550.00  0.2831691E-04   0.7161334E-09   0.2831763E-04
    22650.00  0.2796022E-04   0.7129592E-09   0.2796093E-04
    22750.00  0.2794103E-04   0.7098030E-09   0.2794174E-04
    22850.00  0.2683675E-04   0.5657504E-09   0.2683732E-04
    22950.00  0.2368851E-04   0.5627755E-09   0.2368907E-04
    23050.00  0.2472144E-04   0.5603257E-09   0.2472200E-04
    23150.00  0.2476968E-04   0.5578906E-09   0.2477024E-04
    23250.00  0.2174094E-04   0.5554702E-09   0.2174150E-04
    23350.00  0.2280553E-04   0.5530643E-09   0.2280608E-04
    23450.00  0.2200776E-04   0.5506729E-09   0.2200831E-04
    23550.00  0.2023116E-04   0.5482959E-09   0.2023171E-04
    23650.00  0.2112819E-04   0.5459331E-09   0.2112874E-04
    23750.00  0.2035825E-04   0.5435844E-09   0.2035879E-04
    23850.00  0.1867564E-04   0.5412499E-09   0.1867618E-04
    23950.00  0.1933871E-04   0.5389294E-09   0.1933925E-04
    24050.00  0.1889763E-04   0.5366227E-09   0.1889817E-04
    24150.00  0.1740509E-04   0.5343299E-09   0.1740562E-04
    24250.00  0.1805483E-04   0.5320508E-09   0.1805536E-04
    24350.00  0.1728284E-04   0.5297853E-09   0.1728337E-04
    24450.00  0.1650357E-04   0.5275334E-09   0.1650410E-04
    24550.00  0.1603717E-04   0.5252949E-09   0.1603770E-04
    24650.00  0.1591963E-04   0.5230698E-09   0.1592015E-04
    24750.00  0.1507645E-04   0.5208579E-09   0.1507697E-04
    24850.00  0.1380694E-04   0.5186593E-09   0.1380746E-04
    24950.00  0.1364672E-04   0.5164737E-09   0.1364724E-04
    25050.00  0.1362294E-04   0.5143012E-09   0.1362345E-04
    25150.00  0.1284441E-04   0.5121416E-09   0.1284492E-04
    25250.00  0.1285867E-04   0.5099948E-09   0.1285918E-04
    25350.00  0.1271072E-04   0.5078608E-09   0.1271123E-04
    25450.00  0.1236569E-04   0.5057395E-09   0.1236620E-04
    25550.00  0.1254960E-04   0.5036308E-09   0.1255010E-04
    25650.00  0.1233232E-04   0.5015346E-09   0.1233282E-04
    25750.00  0.1257409E-04   0.4994508E-09   0.1257459E-04
    25850.00  0.1208619E-04   0.4973793E-09   0.1208669E-04
    25950.00  0.1205006E-04   0.4953201E-09   0.1205056E-04
    26050.00  0.1215034E-04   0.4932731E-09   0.1215083E-04
    26150.00  0.1188948E-04   0.4912382E-09   0.1188997E-04
    26250.00  0.1182550E-04   0.4892153E-09   0.1182599E-04
    26350.00  0.1182598E-04   0.4872044E-09   0.1182647E-04
    26450.00  0.1162118E-04   0.4852053E-09   0.1162167E-04
    26550.00  0.1176155E-04   0.4832180E-09   0.1176203E-04
    26650.00  0.1114566E-04   0.4812424E-09   0.1114614E-04
    26750.00  0.1140987E-04   0.4792784E-09   0.1141035E-04
    26850.00  0.1136073E-04   0.4773259E-09   0.1136121E-04
    26950.00  0.1088178E-04   0.4753850E-09   0.1088226E-04
    27050.00  0.1099594E-04   0.4734554E-09   0.1099641E-04
    27150.00  0.1081433E-04   0.4715371E-09   0.1081480E-04
    27250.00  0.1104897E-04   0.4696301E-09   0.1104944E-04
    27350.00  0.1068132E-04   0.4677342E-09   0.1068179E-04
    27450.00  0.1062388E-04   0.4658494E-09   0.1062435E-04
    27550.00  0.1057596E-04   0.4639757E-09   0.1057642E-04
    27650.00  0.1042072E-04   0.4505158E-09   0.1042117E-04
    27750.00  0.1018380E-04   0.4487138E-09   0.1018425E-04
    27850.00  0.1032999E-04   0.4469224E-09   0.1033044E-04
    27950.00  0.1020121E-04   0.4451414E-09   0.1020166E-04
    28050.00  0.9992057E-05   0.4433707E-09   0.9992500E-05
    28150.00  0.9838474E-05   0.4416104E-09   0.9838916E-05
    28250.00  0.9915018E-05   0.4398603E-09   0.9915458E-05
    28350.00  0.9744356E-05   0.4381204E-09   0.9744794E-05
    28450.00  0.9770970E-05   0.4363906E-09   0.9771406E-05
    28550.00  0.9654963E-05   0.4346708E-09   0.9655398E-05
    28650.00  0.9650937E-05   0.4329609E-09   0.9651370E-05
    28750.00  0.9354813E-05   0.4312610E-09   0.9355244E-05
    28850.00  0.9242958E-05   0.4295708E-09   0.9243388E-05
    28950.00  0.9240231E-05   0.4278905E-09   0.9240659E-05
    29050.00  0.9289876E-05   0.4262198E-09   0.9290302E-05
    29150.00  0.9133710E-05   0.4245587E-09   0.9134135E-05
    29250.00  0.8883028E-05   0.4229072E-09   0.8883451E-05
    29350.00  0.9074588E-05   0.4212652E-09   0.9075009E-05
    29450.00  0.8760735E-05   0.4196326E-09   0.8761155E-05
    29550.00  0.8754201E-05   0.4180093E-09   0.8754619E-05
    29650.00  0.8790462E-05   0.4163954E-09   0.8790878E-05
    29750.00  0.8605106E-05   0.4147487E-09   0.8605521E-05
    29850.00  0.8497988E-05   0.4131534E-09   0.8498401E-05
    29950.00  0.8608654E-05   0.4115671E-09   0.8609066E-05
    30050.00  0.8408232E-05   0.4099899E-09   0.8408642E-05
    30150.00  0.8392365E-05   0.4084217E-09   0.8392773E-05
    30250.00  0.8246604E-05   0.4068624E-09   0.8247011E-05
    30350.00  0.8142873E-05   0.4053120E-09   0.8143278E-05
    30450.00  0.8414385E-05   0.4037703E-09   0.8414789E-05
    30550.00  0.8087631E-05   0.4022374E-09   0.8088033E-05
    30650.00  0.8041021E-05   0.4007132E-09   0.8041422E-05
    30750.00  0.8053728E-05   0.3991976E-09   0.8054127E-05
    30850.00  0.8012398E-05   0.3976906E-09   0.8012796E-05
    30950.00  0.8074707E-05   0.3961921E-09   0.8075103E-05
    31050.00  0.8066510E-05   0.3947020E-09   0.8066905E-05
    31150.00  0.7847119E-05   0.3932203E-09   0.7847512E-05
    31250.00  0.7898800E-05   0.3917469E-09   0.7899192E-05
    31350.00  0.7754601E-05   0.3902611E-09   0.7754991E-05
    31450.00  0.7793547E-05   0.3888041E-09   0.7793936E-05
    31550.00  0.7827889E-05   0.3873552E-09   0.7828276E-05
    31650.00  0.7736056E-05   0.3859145E-09   0.7736442E-05
    31750.00  0.7640215E-05   0.3844818E-09   0.7640599E-05
    31850.00  0.7616865E-05   0.3830571E-09   0.7617248E-05
    31950.00  0.7554810E-05   0.3816404E-09   0.7555192E-05
    32100.00  0.7504509E-05   0.3791836E-09   0.7504888E-05
    32300.00  0.7396649E-05   0.3764023E-09   0.7397025E-05
    32500.00  0.7351409E-05   0.3736517E-09   0.7351783E-05
    32700.00  0.7133934E-05   0.3709313E-09   0.7134305E-05
    32900.00  0.7044587E-05   0.3284396E-09   0.7044915E-05
    33100.00  0.6882241E-05   0.3259913E-09   0.6882567E-05
    33300.00  0.6849951E-05   0.3236757E-09   0.6850275E-05
    33500.00  0.6746903E-05   0.3213853E-09   0.6747224E-05
    33700.00  0.6555615E-05   0.3191198E-09   0.6555934E-05
    33900.00  0.6530206E-05   0.3168788E-09   0.6530523E-05
    34100.00  0.6417099E-05   0.3146620E-09   0.6417414E-05
    34300.00  0.6298704E-05   0.3124690E-09   0.6299016E-05
    34500.00  0.6208752E-05   0.3102997E-09   0.6209062E-05
    34700.00  0.6108101E-05   0.3081535E-09   0.6108409E-05
    34900.00  0.6006306E-05   0.3060303E-09   0.6006612E-05
    35100.00  0.5922197E-05   0.3039297E-09   0.5922501E-05
    35300.00  0.5775482E-05   0.3018514E-09   0.5775784E-05
    35500.00  0.5680263E-05   0.2997951E-09   0.5680563E-05
    35700.00  0.5589070E-05   0.2977605E-09   0.5589368E-05
    35900.00  0.5434276E-05   0.2957473E-09   0.5434572E-05
    36100.00  0.5456956E-05   0.2937553E-09   0.5457250E-05
    36300.00  0.5285208E-05   0.2917841E-09   0.5285500E-05
    36500.00  0.5212857E-05   0.2898335E-09   0.5213147E-05
    36700.00  0.5087965E-05   0.2879031E-09   0.5088253E-05
    36900.00  0.5003548E-05   0.2859928E-09   0.5003834E-05
    37100.00  0.4922745E-05   0.2841023E-09   0.4923029E-05
    37300.00  0.4870130E-05   0.2822313E-09   0.4870412E-05
    37500.00  0.4735980E-05   0.2803795E-09   0.4736260E-05
    37700.00  0.4579602E-05   0.2785466E-09   0.4579881E-05
    37900.00  0.4436898E-05   0.2767326E-09   0.4437175E-05
    38100.00  0.4503118E-05   0.2749370E-09   0.4503393E-05
    38300.00  0.4378574E-05   0.2731597E-09   0.4378847E-05
    38500.00  0.4288884E-05   0.2714004E-09   0.4289155E-05
    38700.00  0.4198634E-05   0.2660584E-09   0.4198900E-05
    38900.00  0.4149209E-05   0.2643609E-09   0.4149473E-05
    39100.00  0.4032785E-05   0.2626804E-09   0.4033048E-05
    39300.00  0.4006154E-05   0.2610168E-09   0.4006415E-05
    39500.00  0.3834388E-05   0.2593698E-09   0.3834647E-05
    39700.00  0.3827907E-05   0.2577391E-09   0.3828165E-05
    39900.00  0.3711675E-05   0.2561247E-09   0.3711931E-05
    40100.00  0.3755618E-05   0.2545262E-09   0.3755873E-05
    40300.00  0.3686746E-05   0.2529435E-09   0.3686999E-05
    40500.00  0.3515506E-05   0.2513763E-09   0.3515757E-05
    40700.00  0.3507833E-05   0.2498245E-09   0.3508083E-05
    40900.00  0.3424649E-05   0.2482879E-09   0.3424897E-05
    41100.00  0.3399511E-05   0.2467569E-09   0.3399758E-05
    41300.00  0.3310475E-05   0.2452502E-09   0.3310720E-05
    41500.00  0.3205524E-05   0.2437581E-09   0.3205768E-05
    41700.00  0.3114891E-05   0.2422804E-09   0.3115133E-05
    41900.00  0.3163280E-05   0.2408169E-09   0.3163521E-05
    42100.00  0.3036277E-05   0.2393675E-09   0.3036516E-05
    42300.00  0.2985595E-05   0.2379319E-09   0.2985833E-05
    42500.00  0.2913675E-05   0.2365101E-09   0.2913912E-05
    42700.00  0.2882898E-05   0.2351018E-09   0.2883133E-05
    42900.00  0.2776444E-05   0.2337068E-09   0.2776678E-05
    43100.00  0.2663690E-05   0.2323193E-09   0.2663922E-05
    43300.00  0.2656022E-05   0.2309506E-09   0.2656253E-05
    43500.00  0.2534900E-05   0.2295947E-09   0.2535130E-05
    43700.00  0.2470272E-05   0.2282515E-09   0.2470500E-05
    43900.00  0.2476370E-05   0.2268308E-09   0.2476597E-05
    44100.00  0.2344794E-05   0.2255135E-09   0.2345020E-05
    44300.00  0.2304707E-05   0.2242085E-09   0.2304931E-05
    44500.00  0.2261398E-05   0.2229156E-09   0.2261621E-05
    44700.00  0.2226462E-05   0.2185495E-09   0.2226681E-05
    44900.00  0.2197660E-05   0.2067685E-09   0.2197867E-05
    45100.00  0.2128256E-05   0.2056018E-09   0.2128462E-05
    45300.00  0.2077333E-05   0.2044458E-09   0.2077537E-05
    45500.00  0.2095573E-05   0.2033002E-09   0.2095776E-05
    45700.00  0.2099776E-05   0.2021651E-09   0.2099978E-05
    45900.00  0.2002893E-05   0.2010402E-09   0.2003094E-05
    46100.00  0.1998199E-05   0.1999254E-09   0.1998399E-05
    46300.00  0.1973673E-05   0.1988207E-09   0.1973872E-05
    46500.00  0.1908594E-05   0.1977258E-09   0.1908792E-05
    46700.00  0.1940844E-05   0.1966408E-09   0.1941041E-05
    46900.00  0.1902813E-05   0.1955654E-09   0.1903009E-05
    47100.00  0.1840076E-05   0.1944995E-09   0.1840270E-05
    47300.00  0.1832160E-05   0.1934431E-09   0.1832353E-05
    47500.00  0.1790849E-05   0.1923960E-09   0.1791041E-05
    47700.00  0.1799218E-05   0.1913581E-09   0.1799409E-05
    47900.00  0.1767110E-05   0.1903293E-09   0.1767300E-05
    48100.00  0.1741698E-05   0.1893096E-09   0.1741887E-05
    48300.00  0.1709960E-05   0.1882987E-09   0.1710148E-05
    48500.00  0.1685953E-05   0.1872966E-09   0.1686140E-05
    48700.00  0.1660131E-05   0.1863032E-09   0.1660317E-05
    48900.00  0.1627349E-05   0.1853185E-09   0.1627534E-05
    49100.00  0.1620007E-05   0.1843422E-09   0.1620191E-05
    49300.00  0.1599118E-05   0.1833742E-09   0.1599301E-05
    49500.00  0.1569546E-05   0.1824146E-09   0.1569728E-05
    49700.00  0.1556635E-05   0.1814632E-09   0.1556816E-05
    49900.00  0.1495740E-05   0.1805199E-09   0.1495921E-05
    50100.00  0.1488458E-05   0.1795847E-09   0.1488638E-05
    50300.00  0.1470751E-05   0.1786573E-09   0.1470930E-05
    50500.00  0.1446516E-05   0.1777378E-09   0.1446694E-05
    50700.00  0.1433399E-05   0.1768261E-09   0.1433576E-05
    50900.00  0.1417149E-05   0.1759220E-09   0.1417325E-05
    51100.00  0.1395782E-05   0.1750254E-09   0.1395957E-05
    51300.00  0.1379363E-05   0.1741364E-09   0.1379537E-05
    51500.00  0.1365773E-05   0.1719301E-09   0.1365945E-05
    51700.00  0.1358157E-05   0.1710639E-09   0.1358328E-05
    51900.00  0.1338480E-05   0.1702048E-09   0.1338650E-05
    52100.00  0.1320619E-05   0.1693528E-09   0.1320788E-05
    52300.00  0.1296073E-05   0.1685079E-09   0.1296242E-05
    52500.00  0.1278983E-05   0.1676698E-09   0.1279151E-05
    52700.00  0.1264688E-05   0.1668387E-09   0.1264855E-05
    52900.00  0.1234675E-05   0.1660143E-09   0.1234841E-05
    53100.00  0.1213983E-05   0.1651966E-09   0.1214148E-05
    53300.00  0.1197686E-05   0.1643856E-09   0.1197850E-05
    53500.00  0.1177677E-05   0.1635811E-09   0.1177841E-05
    53700.00  0.1159336E-05   0.1627831E-09   0.1159499E-05
    53900.00  0.1141189E-05   0.1619916E-09   0.1141351E-05
    54100.00  0.1125343E-05   0.1612064E-09   0.1125504E-05
    54300.00  0.1108113E-05   0.1604239E-09   0.1108273E-05
    54500.00  0.1100689E-05   0.1596512E-09   0.1100849E-05
    54700.00  0.1084817E-05   0.1588848E-09   0.1084976E-05
    54900.00  0.1073914E-05   0.1581244E-09   0.1074072E-05
    55100.00  0.1060490E-05   0.1573700E-09   0.1060647E-05
    55300.00  0.1056721E-05   0.1566216E-09   0.1056878E-05
    55500.00  0.1033675E-05   0.1558790E-09   0.1033831E-05
    55700.00  0.1027759E-05   0.1551423E-09   0.1027914E-05
    55900.00  0.1011177E-05   0.1544114E-09   0.1011331E-05
    56100.00  0.1001886E-05   0.1536862E-09   0.1002040E-05
    56300.00  0.9851091E-06   0.1529666E-09   0.9852621E-06
    56500.00  0.9774518E-06   0.1522507E-09   0.9776041E-06
    56700.00  0.9651392E-06   0.1515420E-09   0.9652907E-06
    56900.00  0.9492779E-06   0.1508388E-09   0.9494287E-06
    57100.00  0.9427734E-06   0.1501410E-09   0.9429235E-06
    57300.00  0.9308589E-06   0.1494485E-09   0.9310083E-06
    57500.00  0.9195704E-06   0.1487336E-09   0.9197191E-06
    57700.00  0.9071900E-06   0.1480523E-09   0.9073381E-06
    57900.00  0.8991328E-06   0.1473761E-09   0.8992802E-06
    58100.00  0.8859699E-06   0.1467051E-09   0.8861166E-06
    58300.00  0.8760270E-06   0.1460392E-09   0.8761730E-06
    58500.00  0.8659128E-06   0.1399924E-09   0.8660528E-06
    58700.00  0.8531639E-06   0.1393576E-09   0.8533033E-06
    58900.00  0.8431432E-06   0.1387363E-09   0.8432819E-06
    59100.00  0.8309880E-06   0.1381195E-09   0.8311261E-06
    59300.00  0.8248854E-06   0.1375074E-09   0.8250229E-06
    59500.00  0.8136072E-06   0.1368998E-09   0.8137441E-06
    59700.00  0.8059272E-06   0.1362966E-09   0.8060635E-06
    59900.00  0.7963404E-06   0.1356980E-09   0.7964761E-06
    60100.00  0.7868625E-06   0.1351037E-09   0.7869976E-06
    60300.00  0.7775439E-06   0.1345139E-09   0.7776784E-06
    60500.00  0.7668708E-06   0.1339283E-09   0.7670047E-06
    60700.00  0.7581101E-06   0.1333470E-09   0.7582434E-06
    60900.00  0.7489767E-06   0.1327700E-09   0.7491095E-06
    61100.00  0.7394158E-06   0.1321971E-09   0.7395480E-06
    61300.00  0.7319530E-06   0.1316284E-09   0.7320846E-06
    61500.00  0.7239150E-06   0.1310638E-09   0.7240461E-06
    61700.00  0.7164136E-06   0.1305033E-09   0.7165441E-06
    61900.00  0.7078271E-06   0.1299468E-09   0.7079570E-06
    62100.00  0.7001793E-06   0.1293943E-09   0.7003087E-06
    62300.00  0.6908354E-06   0.1288458E-09   0.6909642E-06
    62500.00  0.6821373E-06   0.1283011E-09   0.6822656E-06
    62700.00  0.6744338E-06   0.1277604E-09   0.6745616E-06
    62900.00  0.6670674E-06   0.1272235E-09   0.6671946E-06
    63100.00  0.6589692E-06   0.1266903E-09   0.6590959E-06
    63300.00  0.6528762E-06   0.1261610E-09   0.6530024E-06
    63500.00  0.6445894E-06   0.1256354E-09   0.6447150E-06
    63700.00  0.6384210E-06   0.1251134E-09   0.6385461E-06
    63900.00  0.6302029E-06   0.1245952E-09   0.6303275E-06
    64200.00  0.6197191E-06   0.1238245E-09   0.6198429E-06
    64600.00  0.6053845E-06   0.1228095E-09   0.6055073E-06
    65000.00  0.5918978E-06   0.1218085E-09   0.5920196E-06
    65400.00  0.5786412E-06   0.1208213E-09   0.5787620E-06
    65800.00  0.5662786E-06   0.1198475E-09   0.5663984E-06
    66200.00  0.5533971E-06   0.1183353E-09   0.5535154E-06
    66600.00  0.5413539E-06   0.1173933E-09   0.5414713E-06
    67000.00  0.5295729E-06   0.1164640E-09   0.5296894E-06
    67400.00  0.5177150E-06   0.1155471E-09   0.5178305E-06
    67800.00  0.5065046E-06   0.1146425E-09   0.5066192E-06
    68200.00  0.4954448E-06   0.1137498E-09   0.4955585E-06
    68600.00  0.4849916E-06   0.1128689E-09   0.4851045E-06
    69000.00  0.4743810E-06   0.1119996E-09   0.4744930E-06
    69400.00  0.4642680E-06   0.1111411E-09   0.4643791E-06
    69800.00  0.4544630E-06   0.1102942E-09   0.4545733E-06
    70200.00  0.4446220E-06   0.1094584E-09   0.4447315E-06
    70600.00  0.4354697E-06   0.1086333E-09   0.4355783E-06
    71000.00  0.4262724E-06   0.1078187E-09   0.4263802E-06
    71400.00  0.4174210E-06   0.1070146E-09   0.4175280E-06
    71800.00  0.4086791E-06   0.1062203E-09   0.4087853E-06
    72200.00  0.4002413E-06   0.1054364E-09   0.4003467E-06
    72600.00  0.3918824E-06   0.1046623E-09   0.3919871E-06
    73000.00  0.3839197E-06   0.1038881E-09   0.3840236E-06
    73400.00  0.3759673E-06   0.1031333E-09   0.3760704E-06
    73800.00  0.3684427E-06   0.1023879E-09   0.3685451E-06
    74200.00  0.3607773E-06   0.9928621E-10   0.3608766E-06
    74600.00  0.3527630E-06   0.9858063E-10   0.3528616E-06
    75000.00  0.3457669E-06   0.9788365E-10   0.3458648E-06
    75400.00  0.3394538E-06   0.9719512E-10   0.3395510E-06
    75800.00  0.3329528E-06   0.9651492E-10   0.3330493E-06
    76200.00  0.3263977E-06   0.9584289E-10   0.3264935E-06
    76600.00  0.3199801E-06   0.9517890E-10   0.3200753E-06
    77000.00  0.3136678E-06   0.9452282E-10   0.3137623E-06
    77400.00  0.3075914E-06   0.9387453E-10   0.3076853E-06
    77800.00  0.3016451E-06   0.9323388E-10   0.3017383E-06
    78200.00  0.2958053E-06   0.9260077E-10   0.2958979E-06
    78600.00  0.2901125E-06   0.9197506E-10   0.2902045E-06
    79000.00  0.2845498E-06   0.9135664E-10   0.2846412E-06
    79400.00  0.2791299E-06   0.9074540E-10   0.2792206E-06
    79800.00  0.2738654E-06   0.9014120E-10   0.2739555E-06
    80200.00  0.2686139E-06   0.8954396E-10   0.2687034E-06
    80600.00  0.2635589E-06   0.8895354E-10   0.2636479E-06
    81000.00  0.2587138E-06   0.8836986E-10   0.2588022E-06
    81400.00  0.2538281E-06   0.8779279E-10   0.2539159E-06
    81800.00  0.2492146E-06   0.8722224E-10   0.2493018E-06
    82200.00  0.2446309E-06   0.8665810E-10   0.2447176E-06
    82600.00  0.2401174E-06   0.8584575E-10   0.2402032E-06
    83000.00  0.2357407E-06   0.8529627E-10   0.2358260E-06
    83400.00  0.2314232E-06   0.8475289E-10   0.2315080E-06
    83800.00  0.2272318E-06   0.8421551E-10   0.2273160E-06
    84200.00  0.2231846E-06   0.8368405E-10   0.2232683E-06
    84600.00  0.2191757E-06   0.8315840E-10   0.2192589E-06
    85000.00  0.2152675E-06   0.8263849E-10   0.2153501E-06
    85400.00  0.2114109E-06   0.8212422E-10   0.2114930E-06
    85800.00  0.2076881E-06   0.8161552E-10   0.2077697E-06
    86200.00  0.2040492E-06   0.8111192E-10   0.2041303E-06
    86600.00  0.2004506E-06   0.8061410E-10   0.2005312E-06
    87000.00  0.1969572E-06   0.8012159E-10   0.1970373E-06
    87400.00  0.1935567E-06   0.7963431E-10   0.1936363E-06
    87800.00  0.1901921E-06   0.7915220E-10   0.1902713E-06
    88200.00  0.1868713E-06   0.7867518E-10   0.1869500E-06
    88600.00  0.1836822E-06   0.7820316E-10   0.1837604E-06
    89000.00  0.1805218E-06   0.7773573E-10   0.1805995E-06
    89400.00  0.1775041E-06   0.7727359E-10   0.1775814E-06
    89800.00  0.1744260E-06   0.7681623E-10   0.1745028E-06
    90200.00  0.1715509E-06   0.7635940E-10   0.1716273E-06
    90600.00  0.1686856E-06   0.7591131E-10   0.1687615E-06
    91000.00  0.1657767E-06   0.7546782E-10   0.1658522E-06
    91400.00  0.1630539E-06   0.7389190E-10   0.1631278E-06
    91800.00  0.1603809E-06   0.7346485E-10   0.1604544E-06
    92200.00  0.1577422E-06   0.7304349E-10   0.1578152E-06
    92600.00  0.1551392E-06   0.7262637E-10   0.1552118E-06
    93000.00  0.1526130E-06   0.7221344E-10   0.1526852E-06
    93400.00  0.1501006E-06   0.7180462E-10   0.1501724E-06
    93800.00  0.1476572E-06   0.7139987E-10   0.1477286E-06
    94200.00  0.1452664E-06   0.7099913E-10   0.1453374E-06
    94600.00  0.1429118E-06   0.7060234E-10   0.1429824E-06
    95000.00  0.1406139E-06   0.7020944E-10   0.1406841E-06
    95400.00  0.1383798E-06   0.6982040E-10   0.1384496E-06
    95800.00  0.1361843E-06   0.6943515E-10   0.1362537E-06
    96200.00  0.1339985E-06   0.6905364E-10   0.1340676E-06
    96600.00  0.1319008E-06   0.6867582E-10   0.1319695E-06
    97000.00  0.1298264E-06   0.6830164E-10   0.1298947E-06
    97400.00  0.1277123E-06   0.6793106E-10   0.1277802E-06
    97800.00  0.1257611E-06   0.6756402E-10   0.1258287E-06
    98200.00  0.1238361E-06   0.6720047E-10   0.1239033E-06
    98600.00  0.1219114E-06   0.6684038E-10   0.1219782E-06
    99000.00  0.1200344E-06   0.6648369E-10   0.1201009E-06
    99400.00  0.1181723E-06   0.6613037E-10   0.1182384E-06
    99800.00  0.1163665E-06   0.6578036E-10   0.1164323E-06
   100200.00  0.1145847E-06   0.1784796E-10   0.1146025E-06
   200000.00  0.7782391E-08   0.4479857E-11   0.7786871E-08
   400000.00  0.5030494E-09   0.1119964E-11   0.5041694E-09
   600000.00  0.1001886E-09   0.4977619E-12   0.1006864E-09
   800000.00  0.3178260E-10   0.2799911E-12   0.3206259E-10
  1000000.00  0.1302379E-10   0.1791943E-12   0.1320298E-10
  1200000.00  0.6279246E-11   0.1244405E-12   0.6403686E-11
  1400000.00  0.3386918E-11   0.9142565E-13   0.3478344E-11
  1600000.00  0.1983361E-11   0.6999776E-13   0.2053359E-11
