       91.00  0.1233775E-05   0.0000000E+00   0.1233775E-05
       94.00  0.3053388E-05   0.0000000E+00   0.3053388E-05
       96.00  0.3388113E-05   0.0000000E+00   0.3388113E-05
       98.00  0.4879022E-05   0.0000000E+00   0.4879022E-05
      100.00  0.6252382E-05   0.0000000E+00   0.6252382E-05
      102.00  0.4861120E-05   0.0000000E+00   0.4861120E-05
      104.00  0.5803078E-05   0.0000000E+00   0.5803078E-05
      106.00  0.5703548E-05   0.0000000E+00   0.5703548E-05
      108.00  0.6105386E-05   0.0000000E+00   0.6105386E-05
      110.00  0.6454889E-05   0.0000000E+00   0.6454889E-05
      114.00  0.5643929E-05   0.0000000E+00   0.5643929E-05
      118.00  0.5208790E-05   0.0000000E+00   0.5208790E-05
      121.00  0.5853636E-05   0.0000000E+00   0.5853636E-05
      125.00  0.5934022E-05   0.0000000E+00   0.5934022E-05
      127.00  0.5751750E-05   0.0000000E+00   0.5751750E-05
      128.00  0.5541724E-05   0.0000000E+00   0.5541724E-05
      131.00  0.5295891E-05   0.0000000E+00   0.5295891E-05
      132.00  0.5221760E-05   0.0000000E+00   0.5221760E-05
      134.00  0.5326626E-05   0.0000000E+00   0.5326626E-05
      137.00  0.5236428E-05   0.0000000E+00   0.5236428E-05
      140.00  0.5061775E-05   0.0000000E+00   0.5061775E-05
      143.00  0.4979660E-05   0.0000000E+00   0.4979660E-05
      147.00  0.4557088E-05   0.0000000E+00   0.4557088E-05
      151.00  0.4430718E-05   0.0000000E+00   0.4430718E-05
      155.00  0.4260112E-05   0.0000000E+00   0.4260112E-05
      159.00  0.4240375E-05   0.0000000E+00   0.4240375E-05
      162.00  0.4117123E-05   0.0000000E+00   0.4117123E-05
      166.00  0.3989883E-05   0.0000000E+00   0.3989883E-05
      170.00  0.3648677E-05   0.0000000E+00   0.3648677E-05
      173.00  0.3597299E-05   0.0000000E+00   0.3597299E-05
      177.00  0.3458444E-05   0.0000000E+00   0.3458444E-05
      180.00  0.3474171E-05   0.0000000E+00   0.3474171E-05
      182.00  0.3463542E-05   0.0000000E+00   0.3463542E-05
      186.00  0.3371264E-05   0.0000000E+00   0.3371264E-05
      191.00  0.3272569E-05   0.0000000E+00   0.3272569E-05
      194.00  0.3254503E-05   0.0000000E+00   0.3254503E-05
      198.00  0.3136516E-05   0.0000000E+00   0.3136516E-05
      202.00  0.3088756E-05   0.0000000E+00   0.3088756E-05
      205.00  0.2995941E-05   0.0000000E+00   0.2995941E-05
      210.00  0.2854875E-05   0.0000000E+00   0.2854875E-05
      216.00  0.2786440E-05   0.0000000E+00   0.2786440E-05
      220.00  0.2647966E-05   0.0000000E+00   0.2647966E-05
      223.00  0.2615836E-05   0.0000000E+00   0.2615836E-05
      227.00  0.2589538E-05   0.0000000E+00   0.2589538E-05
      228.00  0.2585918E-05   0.0000000E+00   0.2585918E-05
      228.00  0.2122051E-05   0.0000000E+00   0.2122051E-05
      230.00  0.2629099E-05   0.0000000E+00   0.2629099E-05
      234.00  0.3643196E-05   0.0000000E+00   0.3643196E-05
      240.00  0.4772830E-05   0.0000000E+00   0.4772830E-05
      246.00  0.5385514E-05   0.0000000E+00   0.5385514E-05
      252.00  0.5978563E-05   0.0000000E+00   0.5978563E-05
      257.00  0.4464653E-05   0.0000000E+00   0.4464653E-05
      260.00  0.5735715E-05   0.0000000E+00   0.5735715E-05
      264.00  0.5630831E-05   0.0000000E+00   0.5630831E-05
      269.00  0.5477312E-05   0.0000000E+00   0.5477312E-05
      274.00  0.5312975E-05   0.0000000E+00   0.5312975E-05
      279.00  0.4844365E-05   0.0000000E+00   0.4844365E-05
      284.00  0.4649927E-05   0.0000000E+00   0.4649927E-05
      290.00  0.4398835E-05   0.0000000E+00   0.4398835E-05
      296.00  0.4160525E-05   0.0000000E+00   0.4160525E-05
      301.00  0.3280777E-05   0.0000000E+00   0.3280777E-05
      308.00  0.3459312E-05   0.0000000E+00   0.3459312E-05
      318.00  0.3502913E-05   0.0000000E+00   0.3502913E-05
      328.00  0.3208770E-05   0.0000000E+00   0.3208770E-05
      338.00  0.2920280E-05   0.0000000E+00   0.2920280E-05
      348.00  0.2702887E-05   0.0000000E+00   0.2702887E-05
      353.30  0.2616495E-05   0.0000000E+00   0.2616495E-05
      353.30  0.2539223E-05   0.0000000E+00   0.2539223E-05
      357.00  0.2476577E-05   0.0000000E+00   0.2476577E-05
      366.00  0.2324196E-05   0.0000000E+00   0.2324196E-05
      375.00  0.2167451E-05   0.0000000E+00   0.2167451E-05
      385.00  0.1992495E-05   0.0000000E+00   0.1992495E-05
      395.00  0.1870177E-05   0.0000000E+00   0.1870177E-05
      405.00  0.1750405E-05   0.0000000E+00   0.1750405E-05
      414.00  0.1632489E-05   0.0000000E+00   0.1632489E-05
      422.00  0.1536720E-05   0.0000000E+00   0.1536720E-05
      430.00  0.1444458E-05   0.0000000E+00   0.1444458E-05
      441.00  0.1352958E-05   0.0000000E+00   0.1352958E-05
      451.00  0.1267929E-05   0.0000000E+00   0.1267929E-05
      460.00  0.1190575E-05   0.0000000E+00   0.1190575E-05
      470.00  0.1118709E-05   0.0000000E+00   0.1118709E-05
      480.00  0.1050143E-05   0.0000000E+00   0.1050143E-05
      490.00  0.9850654E-06   0.0000000E+00   0.9850654E-06
      500.00  0.9311046E-06   0.0000000E+00   0.9311046E-06
      504.60  0.9126330E-06   0.0000000E+00   0.9126330E-06
      504.60  0.9072988E-06   0.0000000E+00   0.9072988E-06
      506.00  0.8960389E-06   0.0000000E+00   0.8960389E-06
      512.00  0.8622593E-06   0.0000000E+00   0.8622593E-06
      520.00  0.8225088E-06   0.0000000E+00   0.8225088E-06
      530.00  0.7786141E-06   0.0000000E+00   0.7786141E-06
      540.00  0.7339041E-06   0.0000000E+00   0.7339041E-06
      550.00  0.6917922E-06   0.0000000E+00   0.6917922E-06
      560.00  0.6552792E-06   0.0000000E+00   0.6552792E-06
      570.00  0.6207426E-06   0.0000000E+00   0.6207426E-06
      580.00  0.5863154E-06   0.0000000E+00   0.5863154E-06
      590.00  0.5572289E-06   0.0000000E+00   0.5572289E-06
      600.00  0.5287211E-06   0.0000000E+00   0.5287211E-06
      610.00  0.4990426E-06   0.0000000E+00   0.4990426E-06
      620.00  0.4767224E-06   0.0000000E+00   0.4767224E-06
      630.00  0.4518906E-06   0.0000000E+00   0.4518906E-06
      640.00  0.4318118E-06   0.0000000E+00   0.4318118E-06
      650.00  0.4119630E-06   0.0000000E+00   0.4119630E-06
      658.00  0.3957155E-06   0.0000000E+00   0.3957155E-06
      665.00  0.3810807E-06   0.0000000E+00   0.3810807E-06
      675.00  0.3646722E-06   0.0000000E+00   0.3646722E-06
      685.00  0.3477481E-06   0.0000000E+00   0.3477481E-06
      695.00  0.3322998E-06   0.0000000E+00   0.3322998E-06
      705.00  0.3170934E-06   0.0000000E+00   0.3170934E-06
      716.00  0.3024460E-06   0.0000000E+00   0.3024460E-06
      726.00  0.2897288E-06   0.0000000E+00   0.2897288E-06
      735.00  0.2781283E-06   0.0000000E+00   0.2781283E-06
      745.00  0.2665440E-06   0.0000000E+00   0.2665440E-06
      755.00  0.2558649E-06   0.0000000E+00   0.2558649E-06
      765.00  0.2439909E-06   0.0000000E+00   0.2439909E-06
      775.00  0.2355270E-06   0.0000000E+00   0.2355270E-06
      785.00  0.2250331E-06   0.0000000E+00   0.2250331E-06
      795.00  0.2176108E-06   0.0000000E+00   0.2176108E-06
      805.00  0.2097364E-06   0.0000000E+00   0.2097364E-06
      815.00  0.2021709E-06   0.0000000E+00   0.2021709E-06
      825.00  0.1948548E-06   0.0000000E+00   0.1948548E-06
      835.00  0.1882186E-06   0.0000000E+00   0.1882186E-06
      845.00  0.1822435E-06   0.0000000E+00   0.1822435E-06
      855.00  0.1765052E-06   0.0000000E+00   0.1765052E-06
      865.00  0.1712608E-06   0.0000000E+00   0.1712608E-06
      875.00  0.1666662E-06   0.0000000E+00   0.1666662E-06
      885.00  0.1624533E-06   0.0000000E+00   0.1624533E-06
      895.00  0.1586355E-06   0.0000000E+00   0.1586355E-06
      905.00  0.1554718E-06   0.0000000E+00   0.1554718E-06
      912.40  0.1535518E-06   0.5774642E-08   0.1593264E-06
      912.40  0.1575274E-06   0.5774678E-08   0.1633021E-06
      915.00  0.1785813E-06   0.8244500E-08   0.1868258E-06
      925.00  0.2595586E-06   0.8767801E-08   0.2683264E-06
      935.00  0.3221223E-06   0.9309832E-08   0.3314321E-06
      945.00  0.6241341E-06   0.9870521E-08   0.6340046E-06
      955.00  0.9715616E-05   0.1044980E-07   0.9726066E-05
      965.00  0.1706386E-04   0.1104755E-07   0.1707491E-04
      975.00  0.1916415E-05   0.1166363E-07   0.1928079E-05
      985.00  0.1581355E-03   0.1229789E-07   0.1581478E-03
      995.00  0.3583177E-03   0.1295014E-07   0.3583307E-03
     1005.00  0.3514744E-03   0.1362019E-07   0.3514880E-03
     1015.00  0.8074126E-04   0.1430780E-07   0.8075557E-04
     1025.00  0.8474711E-06   0.1501275E-07   0.8624838E-06
     1035.00  0.5189226E-04   0.1573476E-07   0.5190799E-04
     1045.00  0.3831023E-03   0.1647473E-07   0.3831188E-03
     1055.00  0.6280344E-03   0.1723140E-07   0.6280516E-03
     1065.00  0.6442700E-03   0.1800429E-07   0.6442880E-03
     1075.00  0.7406676E-03   0.1879309E-07   0.7406864E-03
     1085.00  0.7330004E-03   0.1959744E-07   0.7330200E-03
     1095.00  0.7359777E-03   0.2041701E-07   0.7359981E-03
     1105.00  0.7410209E-03   0.2125144E-07   0.7410422E-03
     1115.00  0.7154596E-03   0.2210034E-07   0.7154817E-03
     1125.00  0.7069949E-03   0.2296329E-07   0.7070179E-03
     1135.00  0.7230426E-03   0.2383997E-07   0.7230664E-03
     1145.00  0.6684812E-03   0.2472997E-07   0.6685059E-03
     1155.00  0.6255818E-03   0.2563289E-07   0.6256074E-03
     1165.00  0.6144042E-03   0.2654833E-07   0.6144307E-03
     1175.00  0.5243475E-03   0.2747589E-07   0.5243750E-03
     1185.00  0.3724756E-03   0.2841514E-07   0.3725040E-03
     1195.00  0.1151727E-03   0.2936568E-07   0.1152021E-03
     1205.00  0.1517712E-04   0.3032708E-07   0.1520745E-04
     1215.00  0.1978787E-05   0.3129893E-07   0.2010086E-05
     1225.00  0.1008733E-04   0.4964315E-07   0.1013697E-04
     1235.00  0.1328395E-03   0.6638657E-07   0.1329059E-03
     1245.00  0.3487897E-03   0.8077285E-07   0.3488705E-03
     1255.00  0.4974720E-03   0.9321117E-07   0.4975652E-03
     1265.00  0.4848575E-03   0.1040048E-06   0.4849615E-03
     1275.00  0.6311678E-03   0.1133932E-06   0.6312812E-03
     1285.00  0.7120399E-03   0.1215722E-06   0.7121615E-03
     1295.00  0.7219254E-03   0.1287044E-06   0.7220541E-03
     1305.00  0.6966204E-03   0.1349269E-06   0.6967553E-03
     1315.00  0.7738287E-03   0.1403564E-06   0.7739691E-03
     1325.00  0.7894205E-03   0.1450928E-06   0.7895656E-03
     1335.00  0.7867266E-03   0.1492222E-06   0.7868758E-03
     1345.00  0.8385845E-03   0.1528191E-06   0.8387373E-03
     1355.00  0.8069166E-03   0.1559483E-06   0.8070725E-03
     1365.00  0.7890449E-03   0.1586661E-06   0.7892036E-03
     1375.00  0.8082786E-03   0.1610219E-06   0.8084396E-03
     1385.00  0.8323869E-03   0.1630589E-06   0.8325500E-03
     1395.00  0.8398601E-03   0.1648148E-06   0.8400249E-03
     1405.00  0.8416111E-03   0.1663232E-06   0.8417774E-03
     1415.00  0.8206053E-03   0.1676133E-06   0.8207729E-03
     1425.00  0.8262039E-03   0.1687110E-06   0.8263726E-03
     1435.00  0.7983349E-03   0.1696393E-06   0.7985045E-03
     1442.00  0.8345613E-03   0.1701992E-06   0.8347315E-03
     1447.00  0.8375693E-03   0.1705579E-06   0.8377399E-03
     1455.00  0.8404958E-03   0.1710662E-06   0.8406669E-03
     1465.00  0.8158185E-03   0.1715986E-06   0.8159901E-03
     1475.00  0.8188122E-03   0.1720296E-06   0.8189842E-03
     1485.00  0.8190911E-03   0.1723719E-06   0.8192635E-03
     1495.00  0.8147469E-03   0.1726365E-06   0.8149195E-03
     1505.00  0.8243829E-03   0.1728332E-06   0.8245557E-03
     1512.00  0.8143709E-03   0.1729353E-06   0.8145438E-03
     1517.00  0.8224596E-03   0.1729920E-06   0.8226326E-03
     1525.00  0.7955981E-03   0.1730573E-06   0.7957712E-03
     1535.00  0.7830884E-03   0.1730994E-06   0.7832615E-03
     1545.00  0.8101518E-03   0.1731033E-06   0.8103249E-03
     1555.00  0.7804446E-03   0.1730724E-06   0.7806177E-03
     1565.00  0.7302537E-03   0.1730134E-06   0.7304267E-03
     1575.00  0.7546560E-03   0.1729308E-06   0.7548289E-03
     1585.00  0.7810870E-03   0.1728284E-06   0.7812598E-03
     1595.00  0.8003473E-03   0.1727097E-06   0.8005200E-03
     1605.00  0.7587984E-03   0.1725777E-06   0.7589710E-03
     1615.00  0.7660316E-03   0.1724352E-06   0.7662040E-03
     1625.00  0.7232657E-03   0.1722843E-06   0.7234380E-03
     1635.00  0.7332305E-03   0.1721253E-06   0.7334026E-03
     1645.00  0.7439885E-03   0.1719609E-06   0.7441605E-03
     1655.00  0.6787150E-03   0.1717937E-06   0.6788868E-03
     1665.00  0.7516031E-03   0.1716252E-06   0.7517747E-03
     1672.00  0.6978632E-03   0.1715072E-06   0.6980347E-03
     1677.00  0.7186687E-03   0.1714231E-06   0.7188401E-03
     1685.00  0.7432156E-03   0.1712893E-06   0.7433869E-03
     1695.00  0.7156233E-03   0.1711240E-06   0.7157944E-03
     1705.00  0.7069833E-03   0.1709615E-06   0.7071543E-03
     1715.00  0.7177200E-03   0.1708027E-06   0.7178908E-03
     1725.00  0.7046329E-03   0.1706481E-06   0.7048035E-03
     1735.00  0.7267429E-03   0.1704982E-06   0.7269134E-03
     1745.00  0.7087088E-03   0.1703536E-06   0.7088792E-03
     1755.00  0.7261702E-03   0.1702145E-06   0.7263404E-03
     1765.00  0.6767559E-03   0.1700814E-06   0.6769260E-03
     1775.00  0.7165254E-03   0.1699544E-06   0.7166954E-03
     1785.00  0.7051391E-03   0.1698337E-06   0.7053089E-03
     1795.00  0.7185976E-03   0.1697187E-06   0.7187673E-03
     1805.00  0.7158666E-03   0.1696100E-06   0.7160362E-03
     1815.00  0.7074246E-03   0.1695078E-06   0.7075941E-03
     1825.00  0.6945302E-03   0.1694123E-06   0.6946996E-03
     1835.00  0.6905746E-03   0.1693234E-06   0.6907439E-03
     1845.00  0.6687069E-03   0.1692411E-06   0.6688761E-03
     1855.00  0.6739290E-03   0.1691653E-06   0.6740982E-03
     1865.00  0.6720216E-03   0.1690960E-06   0.6721907E-03
     1875.00  0.6780760E-03   0.1690331E-06   0.6782450E-03
     1885.00  0.6746472E-03   0.1689765E-06   0.6748162E-03
     1895.00  0.6707778E-03   0.1689261E-06   0.6709467E-03
     1905.00  0.6651524E-03   0.1688818E-06   0.6653213E-03
     1915.00  0.6591723E-03   0.1688434E-06   0.6593411E-03
     1925.00  0.6612478E-03   0.1688107E-06   0.6614166E-03
     1935.00  0.6457826E-03   0.1687837E-06   0.6459514E-03
     1945.00  0.6642022E-03   0.1687613E-06   0.6643710E-03
     1955.00  0.6579178E-03   0.1687429E-06   0.6580865E-03
     1967.00  0.6595902E-03   0.1687272E-06   0.6597589E-03
     1976.00  0.6463890E-03   0.1687200E-06   0.6465577E-03
     1984.00  0.6438597E-03   0.1687166E-06   0.6440284E-03
     1995.00  0.6349271E-03   0.1687166E-06   0.6350958E-03
     2005.00  0.6234233E-03   0.1687210E-06   0.6235920E-03
     2015.00  0.6103491E-03   0.1687294E-06   0.6105178E-03
     2025.00  0.6079137E-03   0.1687418E-06   0.6080824E-03
     2035.00  0.6180357E-03   0.1687484E-06   0.6182044E-03
     2045.00  0.6196804E-03   0.1687546E-06   0.6198492E-03
     2055.00  0.6009476E-03   0.1069988E-06   0.6010546E-03
     2065.00  0.5998311E-03   0.1066171E-06   0.5999377E-03
     2074.00  0.6111416E-03   0.1062801E-06   0.6112479E-03
     2078.00  0.6112768E-03   0.1061323E-06   0.6113829E-03
     2085.00  0.6102482E-03   0.1058765E-06   0.6103541E-03
     2095.00  0.5994301E-03   0.1055173E-06   0.5995356E-03
     2105.00  0.5962742E-03   0.1051653E-06   0.5963794E-03
     2115.00  0.5949788E-03   0.1048203E-06   0.5950836E-03
     2125.00  0.5925257E-03   0.1044822E-06   0.5926302E-03
     2135.00  0.5706180E-03   0.1041507E-06   0.5707222E-03
     2145.00  0.5871329E-03   0.1038258E-06   0.5872367E-03
     2155.00  0.5796698E-03   0.1035072E-06   0.5797733E-03
     2165.00  0.5607407E-03   0.1031949E-06   0.5608439E-03
     2175.00  0.5589062E-03   0.1028887E-06   0.5590091E-03
     2185.00  0.5614064E-03   0.1025885E-06   0.5615090E-03
     2195.00  0.5774791E-03   0.1022940E-06   0.5775814E-03
     2205.00  0.5593239E-03   0.1020052E-06   0.5594259E-03
     2215.00  0.5396993E-03   0.1017219E-06   0.5398010E-03
     2225.00  0.5366213E-03   0.1014439E-06   0.5367227E-03
     2235.00  0.5638266E-03   0.1011712E-06   0.5639278E-03
     2245.00  0.5446591E-03   0.1009035E-06   0.5447600E-03
     2255.00  0.5282506E-03   0.1006408E-06   0.5283512E-03
     2265.00  0.5205918E-03   0.1003829E-06   0.5206922E-03
     2275.00  0.5382816E-03   0.1001297E-06   0.5383817E-03
     2285.00  0.5422828E-03   0.9987948E-07   0.5423827E-03
     2295.00  0.5248493E-03   0.9963198E-07   0.5249489E-03
     2305.00  0.5294987E-03   0.9938870E-07   0.5295981E-03
     2315.00  0.5235932E-03   0.9914953E-07   0.5236923E-03
     2325.00  0.4776707E-03   0.9891434E-07   0.4777696E-03
     2335.00  0.5148609E-03   0.9868304E-07   0.5149596E-03
     2345.00  0.4818683E-03   0.9845550E-07   0.4819668E-03
     2355.00  0.5113558E-03   0.9823164E-07   0.5114540E-03
     2365.00  0.4838493E-03   0.9801134E-07   0.4839473E-03
     2375.00  0.4989211E-03   0.9779450E-07   0.4990189E-03
     2385.00  0.4636211E-03   0.9758103E-07   0.4637187E-03
     2395.00  0.4888286E-03   0.9737082E-07   0.4889260E-03
     2405.00  0.4787744E-03   0.9716378E-07   0.4788716E-03
     2415.00  0.4817623E-03   0.9695982E-07   0.4818593E-03
     2425.00  0.4960885E-03   0.9675884E-07   0.4961853E-03
     2435.00  0.4811997E-03   0.9656078E-07   0.4812963E-03
     2445.00  0.4921634E-03   0.9636553E-07   0.4922598E-03
     2455.00  0.4882772E-03   0.9617302E-07   0.4883734E-03
     2465.00  0.4773857E-03   0.9598318E-07   0.4774817E-03
     2475.00  0.4678140E-03   0.9579591E-07   0.4679098E-03
     2485.00  0.4746445E-03   0.9561113E-07   0.4747401E-03
     2495.00  0.4663217E-03   0.9542879E-07   0.4664171E-03
     2505.00  0.4879497E-03   0.9524881E-07   0.4880449E-03
     2513.00  0.4680908E-03   0.9510646E-07   0.4681859E-03
     2518.00  0.4634897E-03   0.9501822E-07   0.4635847E-03
     2525.00  0.4466801E-03   0.9489561E-07   0.4467750E-03
     2535.00  0.4465790E-03   0.9472226E-07   0.4466737E-03
     2545.00  0.4463370E-03   0.9455099E-07   0.4464316E-03
     2555.00  0.4682708E-03   0.9438173E-07   0.4683652E-03
     2565.00  0.4641960E-03   0.9421443E-07   0.4642902E-03
     2575.00  0.4773315E-03   0.9404901E-07   0.4774255E-03
     2585.00  0.4785011E-03   0.9388543E-07   0.4785950E-03
     2595.00  0.4728931E-03   0.9372363E-07   0.4729868E-03
     2605.00  0.4622302E-03   0.9208962E-07   0.4623223E-03
     2615.00  0.4550875E-03   0.9193902E-07   0.4551794E-03
     2625.00  0.4629533E-03   0.9179009E-07   0.4630451E-03
     2635.00  0.4693442E-03   0.9164275E-07   0.4694358E-03
     2645.00  0.4967722E-03   0.9149697E-07   0.4968637E-03
     2655.00  0.4981424E-03   0.9135270E-07   0.4982338E-03
     2665.00  0.4803739E-03   0.9120988E-07   0.4804651E-03
     2675.00  0.4883346E-03   0.9106846E-07   0.4884257E-03
     2685.00  0.4919384E-03   0.9092840E-07   0.4920293E-03
     2695.00  0.4775762E-03   0.9078966E-07   0.4776670E-03
     2705.00  0.4786629E-03   0.9065219E-07   0.4787536E-03
     2715.00  0.4629198E-03   0.9051594E-07   0.4630103E-03
     2725.00  0.4600197E-03   0.9038088E-07   0.4601101E-03
     2735.00  0.4708891E-03   0.9024696E-07   0.4709793E-03
     2745.00  0.4384232E-03   0.9011415E-07   0.4385133E-03
     2755.00  0.4438074E-03   0.8998241E-07   0.4438974E-03
     2765.00  0.4604419E-03   0.8985170E-07   0.4605318E-03
     2775.00  0.4704603E-03   0.8972199E-07   0.4705500E-03
     2785.00  0.4596062E-03   0.8959323E-07   0.4596958E-03
     2795.00  0.3904215E-03   0.8946540E-07   0.3905110E-03
     2805.00  0.4151067E-03   0.8933846E-07   0.4151960E-03
     2815.00  0.4706961E-03   0.8921238E-07   0.4707853E-03
     2825.00  0.4703441E-03   0.8908714E-07   0.4704332E-03
     2835.00  0.4608478E-03   0.8896269E-07   0.4609368E-03
     2845.00  0.4500138E-03   0.8883901E-07   0.4501026E-03
     2855.00  0.4348511E-03   0.8871518E-07   0.4349398E-03
     2865.00  0.4547799E-03   0.8859111E-07   0.4548685E-03
     2875.00  0.4551936E-03   0.8846765E-07   0.4552821E-03
     2885.00  0.4592092E-03   0.8834479E-07   0.4592975E-03
     2895.00  0.4635183E-03   0.8822250E-07   0.4636065E-03
     2910.00  0.4768036E-03   0.8804009E-07   0.4768916E-03
     2930.00  0.4657754E-03   0.8779865E-07   0.4658632E-03
     2950.00  0.4586576E-03   0.8755910E-07   0.4587452E-03
     2970.00  0.4567682E-03   0.8732129E-07   0.4568555E-03
     2990.00  0.4570249E-03   0.8708505E-07   0.4571120E-03
     3010.00  0.4570865E-03   0.8685025E-07   0.4571734E-03
     3030.00  0.4571770E-03   0.8661677E-07   0.4572636E-03
     3050.00  0.4573427E-03   0.8638456E-07   0.4574291E-03
     3070.00  0.4545260E-03   0.8615355E-07   0.4546122E-03
     3090.00  0.4519077E-03   0.8592353E-07   0.4519936E-03
     3110.00  0.4532973E-03   0.8569443E-07   0.4533830E-03
     3130.00  0.4486289E-03   0.8515747E-07   0.4487141E-03
     3150.00  0.4477325E-03   0.8493197E-07   0.4478174E-03
     3170.00  0.4517564E-03   0.8470716E-07   0.4518411E-03
     3190.00  0.4409614E-03   0.8448295E-07   0.4410459E-03
     3210.00  0.4469498E-03   0.8425929E-07   0.4470341E-03
     3230.00  0.4421198E-03   0.8403611E-07   0.4422038E-03
     3250.00  0.4557201E-03   0.8381334E-07   0.4558039E-03
     3270.00  0.4652827E-03   0.8358940E-07   0.4653663E-03
     3290.00  0.4634818E-03   0.8336473E-07   0.4635652E-03
     3310.00  0.4560641E-03   0.8314010E-07   0.4561472E-03
     3330.00  0.4516732E-03   0.8291548E-07   0.4517561E-03
     3350.00  0.4443960E-03   0.8269084E-07   0.4444787E-03
     3370.00  0.4240463E-03   0.8246615E-07   0.4241288E-03
     3390.00  0.4312642E-03   0.8224139E-07   0.4313464E-03
     3410.00  0.4343689E-03   0.8201653E-07   0.4344509E-03
     3430.00  0.4421620E-03   0.7826261E-07   0.4422403E-03
     3450.00  0.4383296E-03   0.7803926E-07   0.4384076E-03
     3470.00  0.4401313E-03   0.7781602E-07   0.4402091E-03
     3490.00  0.4482803E-03   0.7759288E-07   0.4483579E-03
     3510.00  0.4583371E-03   0.7736978E-07   0.4584145E-03
     3530.00  0.4518281E-03   0.7714633E-07   0.4519052E-03
     3550.00  0.4683476E-03   0.7692288E-07   0.4684245E-03
     3570.00  0.4374188E-03   0.7669940E-07   0.4374955E-03
     3590.00  0.4320033E-03   0.7647589E-07   0.4320798E-03
     3610.00  0.4471516E-03   0.7625236E-07   0.4472279E-03
     3630.00  0.4502281E-03   0.7602879E-07   0.4503041E-03
     3640.00  0.4585017E-03   0.7591699E-07   0.4585776E-03
     3650.00  0.4632065E-03   0.2783761E-07   0.4632343E-03
     3670.00  0.4613224E-03   0.2766751E-07   0.4613501E-03
     3690.00  0.4425460E-03   0.2684505E-07   0.4425728E-03
     3710.00  0.5050952E-03   0.2667965E-07   0.5051219E-03
     3730.00  0.4891933E-03   0.2651675E-07   0.4892198E-03
     3750.00  0.6135720E-03   0.2635629E-07   0.6135984E-03
     3770.00  0.6677652E-03   0.2619820E-07   0.6677914E-03
     3790.00  0.7764739E-03   0.2604242E-07   0.7764999E-03
     3810.00  0.8701580E-03   0.2588889E-07   0.8701839E-03
     3830.00  0.6777417E-03   0.2573754E-07   0.6777674E-03
     3850.00  0.9189379E-03   0.2558833E-07   0.9189635E-03
     3870.00  0.9915477E-03   0.2544119E-07   0.9915731E-03
     3890.00  0.6401823E-03   0.2529607E-07   0.6402076E-03
     3910.00  0.1010995E-02   0.2515293E-07   0.1011020E-02
     3930.00  0.9698702E-03   0.2501170E-07   0.9698952E-03
     3950.00  0.1001642E-02   0.2487235E-07   0.1001667E-02
     3970.00  0.6013921E-03   0.2473487E-07   0.6014168E-03
     3990.00  0.1005600E-02   0.2459933E-07   0.1005625E-02
     4010.00  0.1090603E-02   0.2446551E-07   0.1090627E-02
     4030.00  0.1077628E-02   0.2433337E-07   0.1077652E-02
     4050.00  0.1068273E-02   0.2420286E-07   0.1068297E-02
     4070.00  0.1025636E-02   0.2407396E-07   0.1025660E-02
     4090.00  0.8865701E-03   0.2394662E-07   0.8865940E-03
     4110.00  0.7069493E-03   0.2382080E-07   0.7069731E-03
     4130.00  0.9920294E-03   0.2369648E-07   0.9920531E-03
     4150.00  0.1004850E-02   0.2357360E-07   0.1004874E-02
     4170.00  0.1008263E-02   0.2345216E-07   0.1008286E-02
     4190.00  0.9997661E-03   0.2333209E-07   0.9997894E-03
     4210.00  0.9874636E-03   0.2321339E-07   0.9874868E-03
     4230.00  0.9735349E-03   0.2309602E-07   0.9735580E-03
     4250.00  0.9688245E-03   0.2297995E-07   0.9688475E-03
     4270.00  0.9474545E-03   0.2286514E-07   0.9474774E-03
     4290.00  0.9270303E-03   0.2275158E-07   0.9270531E-03
     4310.00  0.8756529E-03   0.2263924E-07   0.8756755E-03
     4330.00  0.7747377E-03   0.2252808E-07   0.7747602E-03
     4350.00  0.6903103E-03   0.2241811E-07   0.6903327E-03
     4370.00  0.9118107E-03   0.2230929E-07   0.9118330E-03
     4390.00  0.9151127E-03   0.2220160E-07   0.9151349E-03
     4410.00  0.9290581E-03   0.2209500E-07   0.9290802E-03
     4430.00  0.9501406E-03   0.2198946E-07   0.9501626E-03
     4450.00  0.9441137E-03   0.2188498E-07   0.9441356E-03
     4470.00  0.9467824E-03   0.2178152E-07   0.9468042E-03
     4490.00  0.9456340E-03   0.2167907E-07   0.9456557E-03
     4510.00  0.9581448E-03   0.2157762E-07   0.9581664E-03
     4530.00  0.9302831E-03   0.2147713E-07   0.9303046E-03
     4550.00  0.9325626E-03   0.2137759E-07   0.9325840E-03
     4570.00  0.9391346E-03   0.2127898E-07   0.9391559E-03
     4590.00  0.9268148E-03   0.2118129E-07   0.9268360E-03
     4610.00  0.9264374E-03   0.2108450E-07   0.9264585E-03
     4630.00  0.9224706E-03   0.2098859E-07   0.9224916E-03
     4650.00  0.9137958E-03   0.2089354E-07   0.9138167E-03
     4670.00  0.9174628E-03   0.2079935E-07   0.9174836E-03
     4690.00  0.9076434E-03   0.2070599E-07   0.9076641E-03
     4710.00  0.8955038E-03   0.2061345E-07   0.8955244E-03
     4730.00  0.8950177E-03   0.2052172E-07   0.8950382E-03
     4750.00  0.8885398E-03   0.2043078E-07   0.8885602E-03
     4770.00  0.8752061E-03   0.2034062E-07   0.8752264E-03
     4790.00  0.8688286E-03   0.2025122E-07   0.8688489E-03
     4810.00  0.8690342E-03   0.2016255E-07   0.8690544E-03
     4830.00  0.8433744E-03   0.2007461E-07   0.8433945E-03
     4850.00  0.7431269E-03   0.1998739E-07   0.7431469E-03
     4870.00  0.6508921E-03   0.1990088E-07   0.6509120E-03
     4890.00  0.8185916E-03   0.1981508E-07   0.8186114E-03
     4910.00  0.8404041E-03   0.1972997E-07   0.8404238E-03
     4930.00  0.8310081E-03   0.1964554E-07   0.8310277E-03
     4950.00  0.8330908E-03   0.1956179E-07   0.8331104E-03
     4970.00  0.8348071E-03   0.1947869E-07   0.8348266E-03
     4990.00  0.8122482E-03   0.1939624E-07   0.8122676E-03
     5010.00  0.7938562E-03   0.1931444E-07   0.7938755E-03
     5030.00  0.8009292E-03   0.1923326E-07   0.8009484E-03
     5050.00  0.7860326E-03   0.1915271E-07   0.7860518E-03
     5070.00  0.7855404E-03   0.1907282E-07   0.7855595E-03
     5090.00  0.7725380E-03   0.1899382E-07   0.7725570E-03
     5110.00  0.7644685E-03   0.1891540E-07   0.7644874E-03
     5130.00  0.7531433E-03   0.1883754E-07   0.7531621E-03
     5150.00  0.7365324E-03   0.1876025E-07   0.7365512E-03
     5170.00  0.7223174E-03   0.1868351E-07   0.7223361E-03
     5190.00  0.7372704E-03   0.1860732E-07   0.7372890E-03
     5210.00  0.7423652E-03   0.1853167E-07   0.7423837E-03
     5230.00  0.7746581E-03   0.1845656E-07   0.7746766E-03
     5250.00  0.7813676E-03   0.1838196E-07   0.7813860E-03
     5270.00  0.7493059E-03   0.1830789E-07   0.7493242E-03
     5290.00  0.7762259E-03   0.1823433E-07   0.7762441E-03
     5310.00  0.7829369E-03   0.1816127E-07   0.7829551E-03
     5330.00  0.7552209E-03   0.1808871E-07   0.7552390E-03
     5350.00  0.7689818E-03   0.1801665E-07   0.7689998E-03
     5370.00  0.7609847E-03   0.1794506E-07   0.7610026E-03
     5390.00  0.7560787E-03   0.1787395E-07   0.7560966E-03
     5410.00  0.7489912E-03   0.1780331E-07   0.7490090E-03
     5430.00  0.7431041E-03   0.1773314E-07   0.7431218E-03
     5450.00  0.7448496E-03   0.1766344E-07   0.7448673E-03
     5470.00  0.7494994E-03   0.1759419E-07   0.7495170E-03
     5490.00  0.7490952E-03   0.1752539E-07   0.7491127E-03
     5510.00  0.7398870E-03   0.1745703E-07   0.7399045E-03
     5530.00  0.7470568E-03   0.1738912E-07   0.7470742E-03
     5550.00  0.7473014E-03   0.1732165E-07   0.7473187E-03
     5570.00  0.7363966E-03   0.1725460E-07   0.7364139E-03
     5590.00  0.7283608E-03   0.1718799E-07   0.7283780E-03
     5610.00  0.7315181E-03   0.1712179E-07   0.7315352E-03
     5630.00  0.7361619E-03   0.1705601E-07   0.7361790E-03
     5650.00  0.7368932E-03   0.1699064E-07   0.7369102E-03
     5670.00  0.7277279E-03   0.1692568E-07   0.7277448E-03
     5690.00  0.7307631E-03   0.1686113E-07   0.7307800E-03
     5710.00  0.7175342E-03   0.1502439E-07   0.7175492E-03
     5730.00  0.7279896E-03   0.1496572E-07   0.7280046E-03
     5750.00  0.7236956E-03   0.1490743E-07   0.7237105E-03
     5770.00  0.7227293E-03   0.1484952E-07   0.7227441E-03
     5790.00  0.7156986E-03   0.1479200E-07   0.7157134E-03
     5810.00  0.7169386E-03   0.1473485E-07   0.7169533E-03
     5830.00  0.7170713E-03   0.1467807E-07   0.7170860E-03
     5850.00  0.7096948E-03   0.1462166E-07   0.7097094E-03
     5870.00  0.7074780E-03   0.1456561E-07   0.7074926E-03
     5890.00  0.6684834E-03   0.1450992E-07   0.6684979E-03
     5910.00  0.7008545E-03   0.1445458E-07   0.7008690E-03
     5930.00  0.6997853E-03   0.1439959E-07   0.6997997E-03
     5950.00  0.6970226E-03   0.1434496E-07   0.6970369E-03
     5970.00  0.6969279E-03   0.1429066E-07   0.6969422E-03
     5990.00  0.6945221E-03   0.1423671E-07   0.6945363E-03
     6010.00  0.6885959E-03   0.1418309E-07   0.6886101E-03
     6030.00  0.6894154E-03   0.1412981E-07   0.6894295E-03
     6050.00  0.6897434E-03   0.1407685E-07   0.6897575E-03
     6070.00  0.6840018E-03   0.1402423E-07   0.6840158E-03
     6090.00  0.6802560E-03   0.1397191E-07   0.6802700E-03
     6110.00  0.6778183E-03   0.1391990E-07   0.6778322E-03
     6130.00  0.6631639E-03   0.1386820E-07   0.6631778E-03
     6150.00  0.6715101E-03   0.1381682E-07   0.6715239E-03
     6170.00  0.6583485E-03   0.1376575E-07   0.6583623E-03
     6190.00  0.6673305E-03   0.1371498E-07   0.6673442E-03
     6210.00  0.6638725E-03   0.1366452E-07   0.6638862E-03
     6230.00  0.6574671E-03   0.1361436E-07   0.6574807E-03
     6250.00  0.6475382E-03   0.1356449E-07   0.6475518E-03
     6270.00  0.6552551E-03   0.1351492E-07   0.6552686E-03
     6290.00  0.6547453E-03   0.1346565E-07   0.6547588E-03
     6310.00  0.6496108E-03   0.1341666E-07   0.6496242E-03
     6330.00  0.6506959E-03   0.1336796E-07   0.6507093E-03
     6350.00  0.6528006E-03   0.1331954E-07   0.6528139E-03
     6370.00  0.6503122E-03   0.1327140E-07   0.6503255E-03
     6390.00  0.6464495E-03   0.1322354E-07   0.6464627E-03
     6410.00  0.6406502E-03   0.1317596E-07   0.6406634E-03
     6430.00  0.6417558E-03   0.1312865E-07   0.6417689E-03
     6450.00  0.6399748E-03   0.1308162E-07   0.6399879E-03
     6470.00  0.6349030E-03   0.1303485E-07   0.6349160E-03
     6490.00  0.6285467E-03   0.1298835E-07   0.6285597E-03
     6510.00  0.6341424E-03   0.1294211E-07   0.6341553E-03
     6530.00  0.6312486E-03   0.1289604E-07   0.6312615E-03
     6550.00  0.5964788E-03   0.1285020E-07   0.5964917E-03
     6570.00  0.5435734E-03   0.1280461E-07   0.5435862E-03
     6590.00  0.6142580E-03   0.1275928E-07   0.6142708E-03
     6610.00  0.6247796E-03   0.1271419E-07   0.6247923E-03
     6630.00  0.6276977E-03   0.1266936E-07   0.6277104E-03
     6650.00  0.6253043E-03   0.1260636E-07   0.6253169E-03
     6670.00  0.6209155E-03   0.1256218E-07   0.6209281E-03
     6690.00  0.6250738E-03   0.1251825E-07   0.6250863E-03
     6710.00  0.6178014E-03   0.1247455E-07   0.6178139E-03
     6730.00  0.6212037E-03   0.1243109E-07   0.6212161E-03
     6750.00  0.6149523E-03   0.1238787E-07   0.6149647E-03
     6770.00  0.6157832E-03   0.1234487E-07   0.6157955E-03
     6790.00  0.6141843E-03   0.1230211E-07   0.6141966E-03
     6810.00  0.6116456E-03   0.1225958E-07   0.6116579E-03
     6830.00  0.6117615E-03   0.1221728E-07   0.6117737E-03
     6850.00  0.6071357E-03   0.1217521E-07   0.6071479E-03
     6870.00  0.6054872E-03   0.1213335E-07   0.6054993E-03
     6890.00  0.6063568E-03   0.1209172E-07   0.6063689E-03
     6910.00  0.6035626E-03   0.1205031E-07   0.6035747E-03
     6930.00  0.6019948E-03   0.1200912E-07   0.6020068E-03
     6950.00  0.5983531E-03   0.1196815E-07   0.5983651E-03
     6970.00  0.5997529E-03   0.1192739E-07   0.5997648E-03
     6990.00  0.5965232E-03   0.1188685E-07   0.5965351E-03
     7010.00  0.5944274E-03   0.1184652E-07   0.5944392E-03
     7030.00  0.5964405E-03   0.1180640E-07   0.5964523E-03
     7050.00  0.5970974E-03   0.1176649E-07   0.5971092E-03
     7070.00  0.5935531E-03   0.1172678E-07   0.5935648E-03
     7090.00  0.5920858E-03   0.1168728E-07   0.5920975E-03
     7110.00  0.5902917E-03   0.1164799E-07   0.5903033E-03
     7130.00  0.5866762E-03   0.1160890E-07   0.5866878E-03
     7150.00  0.5834181E-03   0.1157001E-07   0.5834297E-03
     7170.00  0.5864826E-03   0.1153132E-07   0.5864941E-03
     7190.00  0.5785434E-03   0.1149283E-07   0.5785549E-03
     7210.00  0.5789205E-03   0.1145454E-07   0.5789320E-03
     7230.00  0.5832870E-03   0.1141644E-07   0.5832984E-03
     7250.00  0.5804162E-03   0.1137854E-07   0.5804276E-03
     7270.00  0.5811786E-03   0.1134083E-07   0.5811899E-03
     7290.00  0.5780450E-03   0.1130331E-07   0.5780563E-03
     7310.00  0.5780852E-03   0.1126598E-07   0.5780965E-03
     7330.00  0.5762194E-03   0.1122884E-07   0.5762306E-03
     7350.00  0.5740703E-03   0.1119189E-07   0.5740815E-03
     7370.00  0.5761087E-03   0.1115512E-07   0.5761199E-03
     7390.00  0.5725475E-03   0.1111854E-07   0.5725586E-03
     7410.00  0.5663772E-03   0.1108215E-07   0.5663883E-03
     7430.00  0.5699054E-03   0.1104593E-07   0.5699164E-03
     7450.00  0.5691640E-03   0.1100363E-07   0.5691750E-03
     7470.00  0.5678848E-03   0.1096781E-07   0.5678958E-03
     7490.00  0.5662991E-03   0.1093217E-07   0.5663100E-03
     7510.00  0.5651449E-03   0.1089670E-07   0.5651558E-03
     7530.00  0.5652144E-03   0.1086141E-07   0.5652253E-03
     7550.00  0.5651490E-03   0.1082629E-07   0.5651598E-03
     7570.00  0.5630435E-03   0.1079135E-07   0.5630543E-03
     7590.00  0.5602974E-03   0.1075658E-07   0.5603082E-03
     7610.00  0.5600682E-03   0.1072194E-07   0.5600789E-03
     7630.00  0.5594593E-03   0.1068743E-07   0.5594700E-03
     7650.00  0.5585861E-03   0.1065309E-07   0.5585968E-03
     7670.00  0.5486622E-03   0.1061892E-07   0.5486728E-03
     7690.00  0.5549018E-03   0.1058491E-07   0.5549124E-03
     7710.00  0.5485793E-03   0.1055106E-07   0.5485899E-03
     7730.00  0.5511298E-03   0.1051738E-07   0.5511403E-03
     7750.00  0.5478960E-03   0.1048386E-07   0.5479065E-03
     7770.00  0.5503437E-03   0.1045049E-07   0.5503542E-03
     7790.00  0.5483408E-03   0.1041729E-07   0.5483512E-03
     7810.00  0.5486112E-03   0.1038425E-07   0.5486216E-03
     7830.00  0.5450402E-03   0.1035136E-07   0.5450506E-03
     7850.00  0.5438061E-03   0.1031863E-07   0.5438164E-03
     7870.00  0.5445248E-03   0.1018733E-07   0.5445350E-03
     7890.00  0.5418841E-03   0.1015536E-07   0.5418943E-03
     7910.00  0.5366886E-03   0.1012355E-07   0.5366987E-03
     7930.00  0.5356308E-03   0.1009188E-07   0.5356409E-03
     7950.00  0.5328921E-03   0.1006037E-07   0.5329022E-03
     7970.00  0.5365854E-03   0.1002900E-07   0.5365954E-03
     7990.00  0.5348976E-03   0.9997781E-08   0.5349076E-03
     8010.00  0.5319272E-03   0.9966706E-08   0.5319372E-03
     8030.00  0.5319866E-03   0.9935777E-08   0.5319965E-03
     8050.00  0.5278084E-03   0.9904993E-08   0.5278183E-03
     8070.00  0.5278970E-03   0.9874351E-08   0.5279069E-03
     8090.00  0.5256602E-03   0.9843852E-08   0.5256700E-03
     8110.00  0.5258890E-03   0.9813496E-08   0.5258988E-03
     8130.00  0.5255484E-03   0.9783279E-08   0.5255582E-03
     8150.00  0.5242605E-03   0.9753203E-08   0.5242703E-03
     8170.00  0.5230063E-03   0.9723265E-08   0.5230160E-03
     8190.00  0.5135494E-03   0.9693465E-08   0.5135591E-03
     8210.00  0.5164504E-03   0.9048685E-08   0.5164594E-03
     8230.00  0.5163585E-03   0.6632999E-08   0.5163651E-03
     8250.00  0.5167534E-03   0.6612518E-08   0.5167600E-03
     8270.00  0.5173469E-03   0.6592143E-08   0.5173535E-03
     8290.00  0.5150298E-03   0.6550175E-08   0.5150364E-03
     8310.00  0.5106258E-03   0.6530126E-08   0.5106323E-03
     8330.00  0.5039150E-03   0.6510180E-08   0.5039215E-03
     8350.00  0.5073247E-03   0.6490333E-08   0.5073312E-03
     8370.00  0.5036527E-03   0.6470586E-08   0.5036592E-03
     8390.00  0.4896623E-03   0.6450936E-08   0.4896688E-03
     8410.00  0.5001365E-03   0.6431385E-08   0.5001429E-03
     8430.00  0.4918887E-03   0.6411930E-08   0.4918951E-03
     8450.00  0.5013223E-03   0.6392571E-08   0.5013287E-03
     8470.00  0.4916278E-03   0.6373307E-08   0.4916342E-03
     8490.00  0.4987114E-03   0.6354138E-08   0.4987178E-03
     8510.00  0.4759883E-03   0.6335064E-08   0.4759946E-03
     8530.00  0.4995948E-03   0.6316082E-08   0.4996011E-03
     8550.00  0.4463234E-03   0.6297194E-08   0.4463297E-03
     8570.00  0.5038065E-03   0.6278397E-08   0.5038128E-03
     8590.00  0.4907044E-03   0.6259692E-08   0.4907107E-03
     8610.00  0.4860142E-03   0.6241078E-08   0.4860204E-03
     8630.00  0.5013344E-03   0.6222553E-08   0.5013406E-03
     8650.00  0.4947265E-03   0.6204119E-08   0.4947327E-03
     8670.00  0.4394250E-03   0.6185773E-08   0.4394312E-03
     8690.00  0.4861821E-03   0.6167515E-08   0.4861883E-03
     8710.00  0.4985638E-03   0.6149345E-08   0.4985699E-03
     8730.00  0.4931706E-03   0.6131262E-08   0.4931767E-03
     8750.00  0.4675965E-03   0.6113266E-08   0.4676026E-03
     8770.00  0.4867196E-03   0.6095355E-08   0.4867257E-03
     8790.00  0.4930230E-03   0.6077530E-08   0.4930291E-03
     8810.00  0.4881816E-03   0.6059789E-08   0.4881877E-03
     8830.00  0.4845866E-03   0.6042132E-08   0.4845926E-03
     8850.00  0.4763402E-03   0.6024559E-08   0.4763462E-03
     8870.00  0.4598732E-03   0.6007069E-08   0.4598792E-03
     8890.00  0.4832684E-03   0.5989660E-08   0.4832744E-03
     8910.00  0.4864626E-03   0.5972334E-08   0.4864686E-03
     8930.00  0.4848915E-03   0.5955090E-08   0.4848975E-03
     8950.00  0.4817030E-03   0.5937925E-08   0.4817089E-03
     8970.00  0.4808462E-03   0.5920841E-08   0.4808521E-03
     8990.00  0.4759846E-03   0.5903837E-08   0.4759905E-03
     9010.00  0.4477259E-03   0.5886912E-08   0.4477318E-03
     9030.00  0.4615397E-03   0.5870065E-08   0.4615456E-03
     9050.00  0.4736972E-03   0.5853297E-08   0.4737031E-03
     9070.00  0.4733710E-03   0.5836606E-08   0.4733768E-03
     9090.00  0.4668671E-03   0.5819992E-08   0.4668729E-03
     9110.00  0.4699418E-03   0.5803454E-08   0.4699476E-03
     9130.00  0.4684686E-03   0.5786994E-08   0.4684744E-03
     9150.00  0.4682382E-03   0.5770610E-08   0.4682440E-03
     9170.00  0.4663447E-03   0.5754302E-08   0.4663505E-03
     9190.00  0.4641037E-03   0.5738067E-08   0.4641094E-03
     9210.00  0.4553601E-03   0.5721907E-08   0.4553658E-03
     9230.00  0.4360165E-03   0.5705820E-08   0.4360222E-03
     9250.00  0.4503583E-03   0.5689806E-08   0.4503640E-03
     9270.00  0.4562974E-03   0.5673866E-08   0.4563031E-03
     9290.00  0.4561385E-03   0.5657996E-08   0.4561442E-03
     9310.00  0.4567599E-03   0.5642199E-08   0.4567655E-03
     9330.00  0.4554650E-03   0.5626473E-08   0.4554706E-03
     9350.00  0.4533768E-03   0.5610817E-08   0.4533824E-03
     9370.00  0.4489417E-03   0.5595232E-08   0.4489473E-03
     9390.00  0.4508342E-03   0.5579717E-08   0.4508398E-03
     9410.00  0.4466220E-03   0.5564270E-08   0.4466276E-03
     9430.00  0.4478364E-03   0.5548893E-08   0.4478419E-03
     9450.00  0.4445161E-03   0.5533584E-08   0.4445216E-03
     9470.00  0.4444705E-03   0.5518344E-08   0.4444760E-03
     9490.00  0.4424322E-03   0.5503171E-08   0.4424377E-03
     9510.00  0.4392479E-03   0.5488065E-08   0.4392534E-03
     9530.00  0.4316930E-03   0.5473026E-08   0.4316985E-03
     9550.00  0.4119705E-03   0.5458054E-08   0.4119760E-03
     9570.00  0.4287992E-03   0.5443148E-08   0.4288046E-03
     9590.00  0.4337841E-03   0.5428307E-08   0.4337895E-03
     9610.00  0.4304811E-03   0.5413531E-08   0.4304865E-03
     9630.00  0.4314692E-03   0.5398820E-08   0.4314746E-03
     9650.00  0.4246232E-03   0.5384173E-08   0.4246286E-03
     9670.00  0.4242709E-03   0.5369590E-08   0.4242763E-03
     9690.00  0.4259668E-03   0.5355071E-08   0.4259722E-03
     9710.00  0.4227652E-03   0.5340615E-08   0.4227705E-03
     9730.00  0.4209008E-03   0.5326222E-08   0.4209061E-03
     9750.00  0.4199243E-03   0.5311891E-08   0.4199296E-03
     9770.00  0.4198498E-03   0.5297623E-08   0.4198551E-03
     9790.00  0.4144986E-03   0.5283415E-08   0.4145039E-03
     9810.00  0.4192220E-03   0.5269269E-08   0.4192273E-03
     9830.00  0.4174665E-03   0.5255184E-08   0.4174718E-03
     9850.00  0.4164511E-03   0.5241160E-08   0.4164563E-03
     9870.00  0.4142975E-03   0.5227196E-08   0.4143027E-03
     9890.00  0.4127567E-03   0.5213291E-08   0.4127619E-03
     9910.00  0.4099946E-03   0.5199447E-08   0.4099998E-03
     9930.00  0.4092009E-03   0.5185661E-08   0.4092061E-03
     9950.00  0.4081430E-03   0.5171934E-08   0.4081482E-03
     9970.00  0.4064998E-03   0.5158265E-08   0.4065050E-03
     9990.00  0.4045610E-03   0.5144654E-08   0.4045661E-03
    10025.00  0.3963142E-03   0.5120974E-08   0.3963193E-03
    10075.00  0.3903238E-03   0.5087449E-08   0.3903289E-03
    10125.00  0.3948193E-03   0.5054275E-08   0.3948244E-03
    10175.00  0.3912622E-03   0.5021539E-08   0.3912672E-03
    10225.00  0.3881788E-03   0.4989160E-08   0.3881838E-03
    10275.00  0.3854514E-03   0.4957113E-08   0.3854564E-03
    10325.00  0.3799387E-03   0.4925395E-08   0.3799436E-03
    10375.00  0.3768521E-03   0.4894000E-08   0.3768570E-03
    10425.00  0.3749920E-03   0.4862924E-08   0.3749969E-03
    10475.00  0.3707428E-03   0.4832163E-08   0.3707476E-03
    10525.00  0.3683757E-03   0.4801712E-08   0.3683805E-03
    10575.00  0.3640541E-03   0.4771566E-08   0.3640589E-03
    10625.00  0.3609081E-03   0.4741723E-08   0.3609128E-03
    10675.00  0.3567515E-03   0.4712176E-08   0.3567562E-03
    10725.00  0.3545010E-03   0.4682924E-08   0.3545057E-03
    10775.00  0.3504463E-03   0.4653960E-08   0.3504510E-03
    10825.00  0.3465688E-03   0.4625282E-08   0.3465734E-03
    10875.00  0.3435730E-03   0.4596886E-08   0.3435776E-03
    10925.00  0.3339062E-03   0.4568768E-08   0.3339108E-03
    10975.00  0.3356164E-03   0.4540924E-08   0.3356209E-03
    11025.00  0.3359968E-03   0.4513350E-08   0.3360013E-03
    11075.00  0.3336072E-03   0.4486043E-08   0.3336117E-03
    11125.00  0.3304567E-03   0.4458999E-08   0.3304612E-03
    11175.00  0.3270100E-03   0.4261731E-08   0.3270143E-03
    11225.00  0.3247368E-03   0.4236266E-08   0.3247410E-03
    11275.00  0.3208040E-03   0.4211045E-08   0.3208082E-03
    11325.00  0.3185601E-03   0.4186065E-08   0.3185643E-03
    11375.00  0.3147860E-03   0.4161324E-08   0.3147902E-03
    11425.00  0.3106739E-03   0.4136816E-08   0.3106780E-03
    11475.00  0.3106560E-03   0.4112539E-08   0.3106601E-03
    11525.00  0.3081253E-03   0.4088492E-08   0.3081294E-03
    11575.00  0.3049023E-03   0.4064670E-08   0.3049064E-03
    11625.00  0.2997584E-03   0.4041071E-08   0.2997624E-03
    11675.00  0.2987486E-03   0.4017691E-08   0.2987526E-03
    11725.00  0.2977305E-03   0.3994530E-08   0.2977345E-03
    11775.00  0.2935601E-03   0.3971582E-08   0.2935641E-03
    11825.00  0.2909566E-03   0.3948846E-08   0.2909605E-03
    11875.00  0.2867886E-03   0.3926320E-08   0.2867925E-03
    11925.00  0.2876838E-03   0.3903999E-08   0.2876877E-03
    11975.00  0.2817400E-03   0.3881883E-08   0.2817439E-03
    12025.00  0.2820525E-03   0.3859968E-08   0.2820564E-03
    12075.00  0.2791467E-03   0.3838252E-08   0.2791505E-03
    12125.00  0.2779202E-03   0.3816731E-08   0.2779240E-03
    12175.00  0.2760002E-03   0.3795405E-08   0.2760040E-03
    12225.00  0.2737410E-03   0.3774271E-08   0.2737448E-03
    12275.00  0.2713325E-03   0.3753325E-08   0.2713363E-03
    12325.00  0.2693950E-03   0.3732567E-08   0.2693987E-03
    12375.00  0.2672633E-03   0.3711993E-08   0.2672670E-03
    12425.00  0.2650248E-03   0.3691601E-08   0.2650285E-03
    12475.00  0.2630937E-03   0.3671389E-08   0.2630974E-03
    12525.00  0.2609113E-03   0.3650337E-08   0.2609150E-03
    12575.00  0.2591180E-03   0.3630492E-08   0.2591216E-03
    12625.00  0.2570131E-03   0.3610819E-08   0.2570167E-03
    12675.00  0.2550216E-03   0.3591319E-08   0.2550252E-03
    12725.00  0.2531407E-03   0.3571988E-08   0.2531443E-03
    12775.00  0.2504254E-03   0.3552824E-08   0.2504290E-03
    12825.00  0.2428993E-03   0.3533826E-08   0.2429028E-03
    12875.00  0.2464678E-03   0.3514992E-08   0.2464713E-03
    12925.00  0.2453353E-03   0.3496319E-08   0.2453388E-03
    12975.00  0.2444262E-03   0.3477806E-08   0.2444297E-03
    13025.00  0.2426507E-03   0.3459451E-08   0.2426542E-03
    13075.00  0.2410492E-03   0.3441235E-08   0.2410526E-03
    13125.00  0.2384412E-03   0.3423172E-08   0.2384446E-03
    13175.00  0.2370840E-03   0.3405261E-08   0.2370874E-03
    13225.00  0.2361469E-03   0.3387500E-08   0.2361503E-03
    13275.00  0.2336413E-03   0.3369887E-08   0.2336447E-03
    13325.00  0.2328119E-03   0.3352422E-08   0.2328153E-03
    13375.00  0.2313814E-03   0.3335101E-08   0.2313847E-03
    13425.00  0.2301054E-03   0.3317925E-08   0.2301087E-03
    13475.00  0.2286215E-03   0.3300890E-08   0.2286248E-03
    13525.00  0.2271934E-03   0.3283996E-08   0.2271967E-03
    13575.00  0.2253081E-03   0.3267241E-08   0.2253114E-03
    13625.00  0.2231128E-03   0.3250192E-08   0.2231161E-03
    13675.00  0.2228522E-03   0.3233714E-08   0.2228554E-03
    13725.00  0.2217300E-03   0.3217369E-08   0.2217332E-03
    13775.00  0.2204422E-03   0.3201157E-08   0.2204454E-03
    13825.00  0.2192503E-03   0.3185077E-08   0.2192535E-03
    13875.00  0.2170621E-03   0.3169126E-08   0.2170653E-03
    13925.00  0.2168660E-03   0.3153304E-08   0.2168692E-03
    13975.00  0.2156843E-03   0.3137609E-08   0.2156874E-03
    14025.00  0.2139032E-03   0.3122040E-08   0.2139063E-03
    14075.00  0.2133576E-03   0.3106595E-08   0.2133607E-03
    14125.00  0.2120066E-03   0.3083592E-08   0.2120097E-03
    14175.00  0.2112034E-03   0.3068455E-08   0.2112065E-03
    14225.00  0.2095920E-03   0.3053438E-08   0.2095951E-03
    14275.00  0.2081237E-03   0.3038538E-08   0.2081267E-03
    14325.00  0.2078850E-03   0.3023756E-08   0.2078880E-03
    14375.00  0.2071459E-03   0.3009090E-08   0.2071489E-03
    14425.00  0.2050002E-03   0.2994538E-08   0.2050032E-03
    14475.00  0.2052813E-03   0.2980100E-08   0.2052843E-03
    14525.00  0.2036951E-03   0.2965774E-08   0.2036981E-03
    14570.00  0.2027741E-03   0.2952976E-08   0.2027771E-03
    14620.00  0.2026466E-03   0.2525191E-08   0.2026491E-03
    14675.00  0.2016461E-03   0.2512219E-08   0.2016486E-03
    14725.00  0.2002342E-03   0.2498664E-08   0.2002367E-03
    14775.00  0.1999064E-03   0.2487066E-08   0.1999089E-03
    14825.00  0.1990792E-03   0.2475556E-08   0.1990817E-03
    14875.00  0.1969190E-03   0.2464135E-08   0.1969215E-03
    14925.00  0.1977925E-03   0.2452802E-08   0.1977950E-03
    14975.00  0.1967423E-03   0.2441554E-08   0.1967447E-03
    15025.00  0.1938702E-03   0.2430393E-08   0.1938726E-03
    15075.00  0.1937153E-03   0.2419316E-08   0.1937177E-03
    15125.00  0.1948300E-03   0.2408323E-08   0.1948324E-03
    15175.00  0.1940930E-03   0.2397412E-08   0.1940954E-03
    15225.00  0.1932989E-03   0.2386584E-08   0.1933013E-03
    15275.00  0.1925993E-03   0.2375837E-08   0.1926017E-03
    15325.00  0.1919495E-03   0.2365171E-08   0.1919519E-03
    15375.00  0.1918575E-03   0.2354584E-08   0.1918599E-03
    15425.00  0.1911307E-03   0.2344075E-08   0.1911330E-03
    15475.00  0.1910805E-03   0.2333645E-08   0.1910828E-03
    15525.00  0.1902377E-03   0.2323292E-08   0.1902400E-03
    15575.00  0.1884394E-03   0.2313015E-08   0.1884417E-03
    15625.00  0.1892531E-03   0.2302813E-08   0.1892554E-03
    15675.00  0.1881480E-03   0.2292686E-08   0.1881503E-03
    15725.00  0.1868596E-03   0.2282634E-08   0.1868619E-03
    15775.00  0.1853426E-03   0.2272654E-08   0.1853449E-03
    15825.00  0.1862091E-03   0.2262747E-08   0.1862114E-03
    15875.00  0.1833885E-03   0.2252912E-08   0.1833908E-03
    15925.00  0.1857311E-03   0.2243148E-08   0.1857333E-03
    15975.00  0.1846983E-03   0.2233454E-08   0.1847005E-03
    16050.00  0.1838235E-03   0.2219044E-08   0.1838257E-03
    16150.00  0.1815235E-03   0.2200071E-08   0.1815257E-03
    16250.00  0.1809556E-03   0.2181367E-08   0.1809578E-03
    16350.00  0.1785572E-03   0.2162926E-08   0.1785594E-03
    16450.00  0.1740288E-03   0.2144744E-08   0.1740309E-03
    16550.00  0.1731106E-03   0.2126817E-08   0.1731127E-03
    16650.00  0.1693930E-03   0.2109138E-08   0.1693951E-03
    16750.00  0.1657265E-03   0.2091703E-08   0.1657286E-03
    16850.00  0.1619088E-03   0.2074508E-08   0.1619109E-03
    16950.00  0.1606075E-03   0.2057548E-08   0.1606096E-03
    17050.00  0.1572999E-03   0.2040818E-08   0.1573019E-03
    17150.00  0.1544193E-03   0.2024315E-08   0.1544213E-03
    17250.00  0.1516497E-03   0.2008034E-08   0.1516517E-03
    17350.00  0.1474285E-03   0.1991970E-08   0.1474305E-03
    17450.00  0.1460541E-03   0.1976121E-08   0.1460561E-03
    17550.00  0.1437369E-03   0.1960482E-08   0.1437389E-03
    17650.00  0.1412068E-03   0.1945048E-08   0.1412087E-03
    17750.00  0.1386478E-03   0.1929818E-08   0.1386497E-03
    17850.00  0.1362548E-03   0.1914786E-08   0.1362567E-03
    17950.00  0.1338542E-03   0.1899949E-08   0.1338561E-03
    18050.00  0.1313312E-03   0.1885304E-08   0.1313331E-03
    18150.00  0.1279651E-03   0.1870848E-08   0.1279670E-03
    18250.00  0.1265233E-03   0.1856578E-08   0.1265252E-03
    18350.00  0.1246871E-03   0.1842502E-08   0.1246889E-03
    18450.00  0.1223388E-03   0.1828603E-08   0.1223406E-03
    18550.00  0.1204154E-03   0.1785403E-08   0.1204172E-03
    18650.00  0.1181503E-03   0.1772107E-08   0.1181521E-03
    18750.00  0.1143658E-03   0.1758976E-08   0.1143676E-03
    18850.00  0.1142246E-03   0.1746007E-08   0.1142263E-03
    18950.00  0.1119017E-03   0.1733197E-08   0.1119034E-03
    19050.00  0.1106262E-03   0.1720545E-08   0.1106279E-03
    19150.00  0.1086994E-03   0.1708046E-08   0.1087011E-03
    19250.00  0.1069588E-03   0.1695700E-08   0.1069605E-03
    19350.00  0.1048322E-03   0.1683502E-08   0.1048339E-03
    19450.00  0.1019821E-03   0.1671452E-08   0.1019838E-03
    19550.00  0.1014516E-03   0.1659545E-08   0.1014533E-03
    19650.00  0.1000254E-03   0.1647781E-08   0.1000270E-03
    19750.00  0.9777640E-04   0.1636156E-08   0.9777804E-04
    19850.00  0.9646684E-04   0.1624668E-08   0.9646846E-04
    19950.00  0.9514638E-04   0.1613316E-08   0.9514799E-04
    20050.00  0.9385155E-04   0.1602096E-08   0.9385315E-04
    20150.00  0.9237735E-04   0.1591007E-08   0.9237894E-04
    20250.00  0.9079877E-04   0.1579931E-08   0.9080035E-04
    20350.00  0.8932869E-04   0.1569099E-08   0.8933026E-04
    20450.00  0.8806640E-04   0.1558392E-08   0.8806796E-04
    20550.00  0.8666386E-04   0.1547808E-08   0.8666541E-04
    20650.00  0.8518157E-04   0.1537344E-08   0.8518311E-04
    20750.00  0.8395698E-04   0.1526999E-08   0.8395851E-04
    20850.00  0.8267618E-04   0.1516772E-08   0.8267770E-04
    20950.00  0.8128591E-04   0.1506659E-08   0.8128742E-04
    21050.00  0.8014855E-04   0.1496660E-08   0.8015005E-04
    21150.00  0.7887425E-04   0.1486772E-08   0.7887574E-04
    21250.00  0.7768705E-04   0.1476995E-08   0.7768853E-04
    21350.00  0.7652880E-04   0.1467325E-08   0.7653027E-04
    21450.00  0.7538479E-04   0.1457763E-08   0.7538625E-04
    21550.00  0.7417189E-04   0.1448248E-08   0.7417334E-04
    21650.00  0.7242837E-04   0.1438895E-08   0.7242981E-04
    21750.00  0.7185430E-04   0.1429643E-08   0.7185573E-04
    21850.00  0.7084258E-04   0.1420492E-08   0.7084400E-04
    21950.00  0.6984114E-04   0.1411440E-08   0.6984255E-04
    22050.00  0.6856251E-04   0.1402485E-08   0.6856391E-04
    22150.00  0.6779813E-04   0.1393626E-08   0.6779952E-04
    22250.00  0.6661923E-04   0.1383794E-08   0.6662061E-04
    22350.00  0.6573900E-04   0.1375134E-08   0.6574038E-04
    22450.00  0.6479996E-04   0.1366566E-08   0.6480133E-04
    22550.00  0.6386131E-04   0.1358089E-08   0.6386267E-04
    22650.00  0.6289879E-04   0.1349700E-08   0.6290014E-04
    22750.00  0.6200080E-04   0.1341399E-08   0.6200214E-04
    22850.00  0.6105697E-04   0.1244440E-08   0.6105821E-04
    22950.00  0.5603804E-04   0.1236706E-08   0.5603928E-04
    23050.00  0.5738849E-04   0.1229325E-08   0.5738972E-04
    23150.00  0.5693883E-04   0.1222019E-08   0.5694005E-04
    23250.00  0.5237145E-04   0.1214787E-08   0.5237266E-04
    23350.00  0.5411176E-04   0.1207629E-08   0.5411297E-04
    23450.00  0.5401256E-04   0.1200544E-08   0.5401376E-04
    23550.00  0.4973478E-04   0.1193529E-08   0.4973597E-04
    23650.00  0.5138708E-04   0.1186586E-08   0.5138827E-04
    23750.00  0.5135072E-04   0.1179711E-08   0.5135190E-04
    23850.00  0.4767388E-04   0.1172906E-08   0.4767505E-04
    23950.00  0.4889606E-04   0.1166167E-08   0.4889723E-04
    24050.00  0.4895038E-04   0.1159495E-08   0.4895154E-04
    24150.00  0.4613577E-04   0.1152889E-08   0.4613692E-04
    24250.00  0.4687303E-04   0.1146348E-08   0.4687418E-04
    24350.00  0.4684556E-04   0.1139871E-08   0.4684670E-04
    24450.00  0.4502945E-04   0.1133456E-08   0.4503058E-04
    24550.00  0.4461646E-04   0.1127104E-08   0.4461759E-04
    24650.00  0.4506107E-04   0.1120813E-08   0.4506219E-04
    24750.00  0.4382358E-04   0.1114583E-08   0.4382469E-04
    24850.00  0.4286245E-04   0.1108412E-08   0.4286356E-04
    24950.00  0.4304279E-04   0.1102300E-08   0.4304389E-04
    25050.00  0.4306889E-04   0.1096247E-08   0.4306999E-04
    25150.00  0.4131230E-04   0.1090250E-08   0.4131339E-04
    25250.00  0.4141414E-04   0.1084311E-08   0.4141522E-04
    25350.00  0.4123807E-04   0.1078427E-08   0.4123915E-04
    25450.00  0.4044767E-04   0.1072598E-08   0.4044874E-04
    25550.00  0.4000366E-04   0.1066824E-08   0.4000473E-04
    25650.00  0.3954138E-04   0.1061104E-08   0.3954244E-04
    25750.00  0.3930925E-04   0.1055436E-08   0.3931031E-04
    25850.00  0.3836571E-04   0.1049821E-08   0.3836676E-04
    25950.00  0.3824654E-04   0.1044257E-08   0.3824758E-04
    26050.00  0.3780813E-04   0.1038745E-08   0.3780917E-04
    26150.00  0.3721066E-04   0.1033283E-08   0.3721169E-04
    26250.00  0.3660600E-04   0.1027870E-08   0.3660703E-04
    26350.00  0.3644648E-04   0.1022507E-08   0.3644750E-04
    26450.00  0.3614237E-04   0.1017192E-08   0.3614339E-04
    26550.00  0.3562852E-04   0.1011925E-08   0.3562953E-04
    26650.00  0.3496211E-04   0.1006706E-08   0.3496312E-04
    26750.00  0.3478459E-04   0.1001532E-08   0.3478559E-04
    26850.00  0.3441915E-04   0.9964055E-09   0.3442015E-04
    26950.00  0.3397824E-04   0.9913240E-09   0.3397923E-04
    27050.00  0.3362497E-04   0.9862875E-09   0.3362596E-04
    27150.00  0.3319058E-04   0.9812954E-09   0.3319156E-04
    27250.00  0.3282734E-04   0.9763471E-09   0.3282832E-04
    27350.00  0.3235056E-04   0.9714422E-09   0.3235153E-04
    27450.00  0.3200732E-04   0.9665801E-09   0.3200829E-04
    27550.00  0.3151808E-04   0.9617602E-09   0.3151904E-04
    27650.00  0.3117042E-04   0.9496877E-09   0.3117137E-04
    27750.00  0.3084509E-04   0.9449971E-09   0.3084603E-04
    27850.00  0.3047740E-04   0.9403468E-09   0.3047834E-04
    27950.00  0.3013656E-04   0.9357364E-09   0.3013750E-04
    28050.00  0.2975082E-04   0.9311653E-09   0.2975175E-04
    28150.00  0.2937306E-04   0.9266332E-09   0.2937399E-04
    28250.00  0.2902717E-04   0.9221395E-09   0.2902809E-04
    28350.00  0.2867223E-04   0.9176837E-09   0.2867315E-04
    28450.00  0.2830317E-04   0.9132655E-09   0.2830408E-04
    28550.00  0.2795177E-04   0.9088844E-09   0.2795268E-04
    28650.00  0.2756529E-04   0.9045399E-09   0.2756619E-04
    28750.00  0.2711961E-04   0.9002317E-09   0.2712051E-04
    28850.00  0.2692164E-04   0.8959593E-09   0.2692254E-04
    28950.00  0.2660692E-04   0.8917223E-09   0.2660781E-04
    29050.00  0.2628392E-04   0.8875203E-09   0.2628481E-04
    29150.00  0.2595331E-04   0.8833529E-09   0.2595419E-04
    29250.00  0.2562155E-04   0.8792196E-09   0.2562243E-04
    29350.00  0.2533461E-04   0.8751202E-09   0.2533549E-04
    29450.00  0.2501636E-04   0.8710541E-09   0.2501723E-04
    29550.00  0.2471762E-04   0.8670211E-09   0.2471849E-04
    29650.00  0.2441276E-04   0.8630208E-09   0.2441362E-04
    29750.00  0.2412458E-04   0.8590323E-09   0.2412544E-04
    29850.00  0.2382979E-04   0.8550962E-09   0.2383065E-04
    29950.00  0.2355066E-04   0.8511916E-09   0.2355151E-04
    30050.00  0.2325852E-04   0.8473183E-09   0.2325937E-04
    30150.00  0.2298315E-04   0.8434758E-09   0.2298399E-04
    30250.00  0.2269946E-04   0.8396638E-09   0.2270030E-04
    30350.00  0.2231560E-04   0.8358821E-09   0.2231644E-04
    30450.00  0.2211064E-04   0.8321301E-09   0.2211147E-04
    30550.00  0.2189893E-04   0.8284077E-09   0.2189976E-04
    30650.00  0.2164387E-04   0.8247145E-09   0.2164469E-04
    30750.00  0.2139110E-04   0.8210502E-09   0.2139192E-04
    30850.00  0.2113613E-04   0.8174144E-09   0.2113695E-04
    30950.00  0.2089216E-04   0.8138069E-09   0.2089297E-04
    31050.00  0.2065238E-04   0.8102273E-09   0.2065319E-04
    31150.00  0.2037618E-04   0.8066754E-09   0.2037699E-04
    31250.00  0.2017646E-04   0.8031508E-09   0.2017726E-04
    31350.00  0.1993959E-04   0.7996430E-09   0.1994039E-04
    31450.00  0.1970958E-04   0.7961724E-09   0.1971038E-04
    31550.00  0.1946698E-04   0.7927282E-09   0.1946777E-04
    31650.00  0.1925188E-04   0.7893103E-09   0.1925267E-04
    31750.00  0.1903839E-04   0.7859182E-09   0.1903918E-04
    31850.00  0.1882003E-04   0.7825518E-09   0.1882081E-04
    31950.00  0.1861083E-04   0.7792108E-09   0.1861161E-04
    32100.00  0.1829229E-04   0.7740296E-09   0.1829306E-04
    32300.00  0.1787803E-04   0.7674997E-09   0.1787880E-04
    32500.00  0.1748377E-04   0.7610665E-09   0.1748453E-04
    32700.00  0.1709112E-04   0.7547280E-09   0.1709187E-04
    32900.00  0.1665092E-04   0.7234472E-09   0.1665164E-04
    33100.00  0.1632920E-04   0.7175056E-09   0.1632992E-04
    33300.00  0.1598406E-04   0.7117063E-09   0.1598477E-04
    33500.00  0.1564435E-04   0.7059901E-09   0.1564506E-04
    33700.00  0.1530709E-04   0.7003551E-09   0.1530779E-04
    33900.00  0.1496355E-04   0.6947998E-09   0.1496424E-04
    34100.00  0.1464835E-04   0.6893226E-09   0.1464904E-04
    34300.00  0.1435032E-04   0.6839219E-09   0.1435100E-04
    34500.00  0.1405102E-04   0.6785964E-09   0.1405170E-04
    34700.00  0.1375714E-04   0.6733444E-09   0.1375781E-04
    34900.00  0.1346964E-04   0.6681646E-09   0.1347031E-04
    35100.00  0.1319185E-04   0.6630556E-09   0.1319251E-04
    35300.00  0.1292472E-04   0.6580160E-09   0.1292538E-04
    35500.00  0.1265727E-04   0.6530445E-09   0.1265792E-04
    35700.00  0.1239745E-04   0.6481399E-09   0.1239810E-04
    35900.00  0.1215262E-04   0.6433008E-09   0.1215326E-04
    36100.00  0.1190570E-04   0.6385260E-09   0.1190634E-04
    36300.00  0.1167140E-04   0.6338144E-09   0.1167203E-04
    36500.00  0.1142952E-04   0.6291647E-09   0.1143015E-04
    36700.00  0.1121149E-04   0.6245758E-09   0.1121211E-04
    36900.00  0.1097600E-04   0.6200466E-09   0.1097662E-04
    37100.00  0.1077226E-04   0.6155760E-09   0.1077288E-04
    37300.00  0.1054942E-04   0.6111630E-09   0.1055003E-04
    37500.00  0.1032148E-04   0.6068064E-09   0.1032209E-04
    37700.00  0.1015766E-04   0.6025054E-09   0.1015826E-04
    37900.00  0.9964243E-05   0.5982588E-09   0.9964841E-05
    38100.00  0.9761213E-05   0.5940657E-09   0.9761807E-05
    38300.00  0.9579113E-05   0.5899253E-09   0.9579703E-05
    38500.00  0.9405902E-05   0.5858364E-09   0.9406488E-05
    38700.00  0.9219513E-05   0.5795398E-09   0.9220093E-05
    38900.00  0.9044214E-05   0.5755731E-09   0.9044790E-05
    39100.00  0.8866758E-05   0.5716551E-09   0.8867330E-05
    39300.00  0.8715763E-05   0.5677850E-09   0.8716331E-05
    39500.00  0.8551516E-05   0.5639618E-09   0.8552080E-05
    39700.00  0.8398716E-05   0.5601849E-09   0.8399276E-05
    39900.00  0.8235542E-05   0.5564533E-09   0.8236098E-05
    40100.00  0.8079604E-05   0.5527665E-09   0.8080157E-05
    40300.00  0.7932692E-05   0.5491235E-09   0.7933241E-05
    40500.00  0.7768119E-05   0.5455237E-09   0.7768665E-05
    40700.00  0.7652399E-05   0.5419664E-09   0.7652941E-05
    40900.00  0.7517122E-05   0.5384508E-09   0.7517660E-05
    41100.00  0.7382331E-05   0.5349718E-09   0.7382866E-05
    41300.00  0.7248370E-05   0.5315376E-09   0.7248902E-05
    41500.00  0.7119485E-05   0.5281432E-09   0.7120013E-05
    41700.00  0.6975372E-05   0.5247878E-09   0.6975897E-05
    41900.00  0.6870890E-05   0.5214709E-09   0.6871411E-05
    42100.00  0.6745601E-05   0.5181917E-09   0.6746119E-05
    42300.00  0.6630592E-05   0.5149498E-09   0.6631107E-05
    42500.00  0.6516300E-05   0.5117445E-09   0.6516812E-05
    42700.00  0.6406854E-05   0.5085751E-09   0.6407363E-05
    42900.00  0.6099316E-05   0.5054413E-09   0.6099821E-05
    43100.00  0.5823205E-05   0.5023397E-09   0.5823707E-05
    43300.00  0.5810173E-05   0.4992749E-09   0.5810672E-05
    43500.00  0.5514805E-05   0.4962439E-09   0.5515301E-05
    43700.00  0.5343529E-05   0.4932461E-09   0.5344022E-05
    43900.00  0.5246888E-05   0.4902257E-09   0.5247378E-05
    44100.00  0.5002180E-05   0.4872939E-09   0.5002667E-05
    44300.00  0.4909966E-05   0.4843939E-09   0.4910450E-05
    44500.00  0.4808189E-05   0.4815251E-09   0.4808671E-05
    44700.00  0.4618041E-05   0.4767431E-09   0.4618518E-05
    44900.00  0.4623672E-05   0.4673139E-09   0.4624139E-05
    45100.00  0.4485044E-05   0.4646063E-09   0.4485509E-05
    45300.00  0.4359389E-05   0.4619273E-09   0.4359851E-05
    45500.00  0.4341536E-05   0.4592763E-09   0.4341995E-05
    45700.00  0.4304493E-05   0.4566531E-09   0.4304950E-05
    45900.00  0.4127991E-05   0.4540572E-09   0.4128445E-05
    46100.00  0.4161458E-05   0.4514881E-09   0.4161909E-05
    46300.00  0.4081365E-05   0.4489456E-09   0.4081814E-05
    46500.00  0.4051081E-05   0.4464291E-09   0.4051527E-05
    46700.00  0.4022337E-05   0.4439384E-09   0.4022781E-05
    46900.00  0.3958076E-05   0.4414731E-09   0.3958517E-05
    47100.00  0.3890425E-05   0.4390328E-09   0.3890864E-05
    47300.00  0.3907273E-05   0.4366170E-09   0.3907710E-05
    47500.00  0.3800881E-05   0.4342256E-09   0.3801315E-05
    47700.00  0.3766567E-05   0.4318581E-09   0.3766999E-05
    47900.00  0.3726017E-05   0.4295142E-09   0.3726447E-05
    48100.00  0.3621724E-05   0.4271935E-09   0.3622151E-05
    48300.00  0.3647109E-05   0.4248958E-09   0.3647534E-05
    48500.00  0.3578993E-05   0.4226207E-09   0.3579416E-05
    48700.00  0.3494124E-05   0.4203679E-09   0.3494544E-05
    48900.00  0.3450858E-05   0.4181371E-09   0.3451276E-05
    49100.00  0.3412498E-05   0.4159279E-09   0.3412914E-05
    49300.00  0.3355323E-05   0.4137401E-09   0.3355737E-05
    49500.00  0.3300313E-05   0.4115734E-09   0.3300725E-05
    49700.00  0.3275136E-05   0.4094275E-09   0.3275545E-05
    49900.00  0.3230955E-05   0.4073022E-09   0.3231362E-05
    50100.00  0.3188718E-05   0.4051970E-09   0.3189123E-05
    50300.00  0.3149831E-05   0.4031118E-09   0.3150234E-05
    50500.00  0.3072635E-05   0.4010463E-09   0.3073036E-05
    50700.00  0.3048101E-05   0.3990002E-09   0.3048500E-05
    50900.00  0.3024375E-05   0.3969733E-09   0.3024772E-05
    51100.00  0.2960554E-05   0.3949653E-09   0.2960949E-05
    51300.00  0.2937263E-05   0.3929760E-09   0.2937656E-05
    51500.00  0.2887535E-05   0.3901703E-09   0.2887925E-05
    51700.00  0.2883667E-05   0.3882236E-09   0.2884055E-05
    51900.00  0.2818373E-05   0.3862947E-09   0.2818759E-05
    52100.00  0.2791029E-05   0.3843835E-09   0.2791413E-05
    52300.00  0.2748239E-05   0.3824897E-09   0.2748621E-05
    52500.00  0.2730111E-05   0.3806130E-09   0.2730492E-05
    52700.00  0.2712206E-05   0.3787533E-09   0.2712585E-05
    52900.00  0.2644556E-05   0.3769104E-09   0.2644933E-05
    53100.00  0.2617978E-05   0.3750839E-09   0.2618353E-05
    53300.00  0.2592744E-05   0.3732738E-09   0.2593117E-05
    53500.00  0.2565932E-05   0.3714798E-09   0.2566303E-05
    53700.00  0.2537556E-05   0.3697017E-09   0.2537926E-05
    53900.00  0.2509881E-05   0.3679392E-09   0.2510249E-05
    54100.00  0.2478014E-05   0.3661923E-09   0.2478380E-05
    54300.00  0.2430473E-05   0.3644597E-09   0.2430837E-05
    54500.00  0.2418846E-05   0.3627432E-09   0.2419209E-05
    54700.00  0.2385566E-05   0.3610416E-09   0.2385927E-05
    54900.00  0.2353140E-05   0.3593548E-09   0.2353499E-05
    55100.00  0.2324938E-05   0.3576825E-09   0.2325296E-05
    55300.00  0.2322955E-05   0.3560246E-09   0.2323311E-05
    55500.00  0.2262925E-05   0.3543809E-09   0.2263279E-05
    55700.00  0.2259569E-05   0.3527513E-09   0.2259922E-05
    55900.00  0.2221452E-05   0.3511355E-09   0.2221803E-05
    56100.00  0.2197848E-05   0.3495334E-09   0.2198198E-05
    56300.00  0.2162564E-05   0.3479448E-09   0.2162912E-05
    56500.00  0.2149497E-05   0.3463687E-09   0.2149843E-05
    56700.00  0.2121828E-05   0.3448066E-09   0.2122173E-05
    56900.00  0.2085320E-05   0.3432576E-09   0.2085663E-05
    57100.00  0.2073529E-05   0.3417214E-09   0.2073871E-05
    57300.00  0.2045967E-05   0.3401980E-09   0.2046307E-05
    57500.00  0.2021715E-05   0.3386699E-09   0.2022054E-05
    57700.00  0.1994724E-05   0.3371717E-09   0.1995061E-05
    57900.00  0.1978523E-05   0.3356858E-09   0.1978859E-05
    58100.00  0.1947772E-05   0.3342120E-09   0.1948106E-05
    58300.00  0.1925885E-05   0.3327503E-09   0.1926218E-05
    58500.00  0.1905503E-05   0.3279060E-09   0.1905831E-05
    58700.00  0.1877541E-05   0.3264845E-09   0.1877867E-05
    58900.00  0.1856612E-05   0.3250796E-09   0.1856937E-05
    59100.00  0.1831673E-05   0.3236859E-09   0.1831997E-05
    59300.00  0.1813263E-05   0.3223034E-09   0.1813585E-05
    59500.00  0.1790980E-05   0.3209318E-09   0.1791301E-05
    59700.00  0.1773488E-05   0.3195712E-09   0.1773808E-05
    59900.00  0.1751239E-05   0.3182212E-09   0.1751557E-05
    60100.00  0.1731492E-05   0.3168819E-09   0.1731809E-05
    60300.00  0.1709966E-05   0.3155531E-09   0.1710282E-05
    60500.00  0.1685755E-05   0.3142347E-09   0.1686069E-05
    60700.00  0.1666264E-05   0.3129265E-09   0.1666577E-05
    60900.00  0.1647912E-05   0.3116285E-09   0.1648224E-05
    61100.00  0.1625943E-05   0.3103405E-09   0.1626253E-05
    61300.00  0.1608688E-05   0.3090625E-09   0.1608997E-05
    61500.00  0.1590037E-05   0.3077943E-09   0.1590345E-05
    61700.00  0.1572824E-05   0.3065358E-09   0.1573131E-05
    61900.00  0.1554536E-05   0.3052869E-09   0.1554841E-05
    62100.00  0.1536658E-05   0.3040474E-09   0.1536962E-05
    62300.00  0.1517556E-05   0.3028174E-09   0.1517859E-05
    62500.00  0.1497537E-05   0.3015967E-09   0.1497839E-05
    62700.00  0.1480675E-05   0.3003852E-09   0.1480975E-05
    62900.00  0.1463324E-05   0.2991827E-09   0.1463623E-05
    63100.00  0.1446444E-05   0.2979893E-09   0.1446742E-05
    63300.00  0.1431065E-05   0.2968047E-09   0.1431362E-05
    63500.00  0.1412900E-05   0.2956290E-09   0.1413196E-05
    63700.00  0.1398763E-05   0.2944619E-09   0.1399057E-05
    63900.00  0.1378985E-05   0.2933035E-09   0.1379278E-05
    64200.00  0.1356819E-05   0.2915818E-09   0.1357111E-05
    64600.00  0.1325347E-05   0.2893156E-09   0.1325636E-05
    65000.00  0.1295302E-05   0.2870822E-09   0.1295589E-05
    65400.00  0.1265328E-05   0.2848810E-09   0.1265613E-05
    65800.00  0.1237237E-05   0.2827112E-09   0.1237520E-05
    66200.00  0.1208620E-05   0.2802251E-09   0.1208900E-05
    66600.00  0.1181237E-05   0.2781205E-09   0.1181515E-05
    67000.00  0.1155105E-05   0.2760454E-09   0.1155381E-05
    67400.00  0.1128947E-05   0.2739993E-09   0.1129221E-05
    67800.00  0.1103729E-05   0.2719816E-09   0.1104001E-05
    68200.00  0.1079236E-05   0.2699917E-09   0.1079506E-05
    68600.00  0.1055270E-05   0.2680291E-09   0.1055538E-05
    69000.00  0.1031893E-05   0.2660932E-09   0.1032159E-05
    69400.00  0.1009341E-05   0.2641829E-09   0.1009605E-05
    69800.00  0.9871819E-06   0.2622989E-09   0.9874442E-06
    70200.00  0.9656962E-06   0.2604401E-09   0.9659566E-06
    70600.00  0.9450057E-06   0.2586060E-09   0.9452643E-06
    71000.00  0.9245122E-06   0.2567962E-09   0.9247690E-06
    71400.00  0.9046985E-06   0.2550101E-09   0.9049535E-06
    71800.00  0.8854065E-06   0.2532473E-09   0.8856597E-06
    72200.00  0.8667249E-06   0.2515074E-09   0.8669764E-06
    72600.00  0.8483232E-06   0.2497901E-09   0.8485730E-06
    73000.00  0.8306074E-06   0.2480884E-09   0.8308555E-06
    73400.00  0.8132330E-06   0.2464148E-09   0.8134794E-06
    73800.00  0.7963139E-06   0.2447624E-09   0.7965587E-06
    74200.00  0.7798577E-06   0.2416394E-09   0.7800993E-06
    74600.00  0.7627108E-06   0.2400436E-09   0.7629508E-06
    75000.00  0.7471171E-06   0.2384678E-09   0.7473556E-06
    75400.00  0.7328407E-06   0.2369114E-09   0.7330776E-06
    75800.00  0.7180948E-06   0.2353742E-09   0.7183302E-06
    76200.00  0.7037336E-06   0.2338558E-09   0.7039675E-06
    76600.00  0.6895175E-06   0.2323560E-09   0.6897499E-06
    77000.00  0.6758172E-06   0.2308743E-09   0.6760481E-06
    77400.00  0.6622687E-06   0.2294105E-09   0.6624981E-06
    77800.00  0.6491118E-06   0.2279642E-09   0.6493398E-06
    78200.00  0.6362735E-06   0.2265351E-09   0.6365000E-06
    78600.00  0.6238793E-06   0.2251230E-09   0.6241044E-06
    79000.00  0.6117926E-06   0.2237276E-09   0.6120163E-06
    79400.00  0.5998854E-06   0.2223485E-09   0.6001077E-06
    79800.00  0.5883740E-06   0.2209855E-09   0.5885950E-06
    80200.00  0.5768965E-06   0.2196384E-09   0.5771161E-06
    80600.00  0.5660539E-06   0.2183068E-09   0.5662722E-06
    81000.00  0.5552148E-06   0.2169905E-09   0.5554318E-06
    81400.00  0.5446901E-06   0.2156892E-09   0.5449058E-06
    81800.00  0.5344011E-06   0.2144028E-09   0.5346155E-06
    82200.00  0.5243055E-06   0.2131309E-09   0.5245186E-06
    82600.00  0.5146713E-06   0.2117132E-09   0.5148830E-06
    83000.00  0.5049961E-06   0.2104712E-09   0.5052066E-06
    83400.00  0.4957074E-06   0.2092430E-09   0.4959166E-06
    83800.00  0.4865243E-06   0.2080284E-09   0.4867323E-06
    84200.00  0.4776646E-06   0.2068272E-09   0.4778714E-06
    84600.00  0.4688102E-06   0.2056392E-09   0.4690158E-06
    85000.00  0.4604560E-06   0.2044641E-09   0.4606605E-06
    85400.00  0.4520007E-06   0.2033018E-09   0.4522040E-06
    85800.00  0.4439345E-06   0.2021521E-09   0.4441367E-06
    86200.00  0.4359733E-06   0.2010145E-09   0.4361743E-06
    86600.00  0.4281988E-06   0.1998893E-09   0.4283987E-06
    87000.00  0.4205333E-06   0.1987761E-09   0.4207321E-06
    87400.00  0.4130832E-06   0.1976748E-09   0.4132809E-06
    87800.00  0.4059003E-06   0.1965850E-09   0.4060969E-06
    88200.00  0.3987378E-06   0.1955067E-09   0.3989333E-06
    88600.00  0.3917870E-06   0.1944396E-09   0.3919814E-06
    89000.00  0.3848578E-06   0.1933836E-09   0.3850512E-06
    89400.00  0.3783147E-06   0.1923385E-09   0.3785070E-06
    89800.00  0.3717121E-06   0.1913042E-09   0.3719034E-06
    90200.00  0.3653868E-06   0.1902780E-09   0.3655771E-06
    90600.00  0.3592034E-06   0.1892649E-09   0.3593927E-06
    91000.00  0.3529699E-06   0.1882620E-09   0.3531582E-06
    91400.00  0.3470816E-06   0.1865533E-09   0.3472682E-06
    91800.00  0.3411887E-06   0.1855758E-09   0.3413743E-06
    92200.00  0.3354458E-06   0.1846089E-09   0.3356304E-06
    92600.00  0.3298214E-06   0.1836516E-09   0.3300051E-06
    93000.00  0.3243785E-06   0.1827037E-09   0.3245612E-06
    93400.00  0.3188633E-06   0.1817652E-09   0.3190451E-06
    93800.00  0.3137147E-06   0.1808360E-09   0.3138955E-06
    94200.00  0.3085475E-06   0.1799158E-09   0.3087274E-06
    94600.00  0.3035095E-06   0.1790046E-09   0.3036885E-06
    95000.00  0.2986079E-06   0.1781022E-09   0.2987860E-06
    95400.00  0.2936492E-06   0.1772085E-09   0.2938264E-06
    95800.00  0.2888739E-06   0.1763234E-09   0.2890502E-06
    96200.00  0.2843321E-06   0.1754468E-09   0.2845075E-06
    96600.00  0.2797057E-06   0.1745785E-09   0.2798803E-06
    97000.00  0.2752202E-06   0.1737185E-09   0.2753939E-06
    97400.00  0.2708554E-06   0.1728665E-09   0.2710283E-06
    97800.00  0.2665414E-06   0.1720226E-09   0.2667134E-06
    98200.00  0.2623352E-06   0.1711866E-09   0.2625064E-06
    98600.00  0.2582354E-06   0.1703583E-09   0.2584058E-06
    99000.00  0.2541621E-06   0.1695378E-09   0.2543316E-06
    99400.00  0.2500876E-06   0.1687248E-09   0.2502563E-06
    99800.00  0.2462985E-06   0.1679193E-09   0.2464664E-06
   100200.00  0.2424461E-06   0.3557832E-10   0.2424817E-06
   200000.00  0.1598931E-07   0.8930193E-11   0.1599824E-07
   400000.00  0.1016121E-08   0.2232548E-11   0.1018354E-08
   600000.00  0.2007724E-09   0.9922437E-12   0.2017646E-09
   800000.00  0.6338048E-10   0.5581371E-12   0.6393862E-10
  1000000.00  0.2587737E-10   0.3572077E-12   0.2623458E-10
  1200000.00  0.1243037E-10   0.2480609E-12   0.1267843E-10
  1400000.00  0.6680075E-11   0.1822488E-12   0.6862324E-11
  1600000.00  0.3903399E-11   0.1395343E-12   0.4042933E-11
