       91.00  0.1798299E-16   0.0000000E+00   0.1798299E-16
       94.00  0.6294037E-16   0.0000000E+00   0.6294037E-16
       96.00  0.2068043E-15   0.0000000E+00   0.2068043E-15
       98.00  0.3776424E-15   0.0000000E+00   0.3776424E-15
      100.00  0.9620873E-15   0.0000000E+00   0.9620873E-15
      102.00  0.2292829E-14   0.0000000E+00   0.2292829E-14
      104.00  0.5161119E-14   0.0000000E+00   0.5161119E-14
      106.00  0.1103258E-13   0.0000000E+00   0.1103258E-13
      108.00  0.2335261E-13   0.0000000E+00   0.2335261E-13
      110.00  0.5130119E-13   0.0000000E+00   0.5130119E-13
      114.00  0.1984745E-12   0.0000000E+00   0.1984745E-12
      118.00  0.6913518E-12   0.0000000E+00   0.6913518E-12
      121.00  0.1717350E-11   0.0000000E+00   0.1717350E-11
      125.00  0.4874301E-11   0.0000000E+00   0.4874301E-11
      127.00  0.6941597E-11   0.0000000E+00   0.6941597E-11
      128.00  0.7959899E-11   0.0000000E+00   0.7959899E-11
      131.00  0.1717384E-10   0.0000000E+00   0.1717384E-10
      132.00  0.2169568E-10   0.0000000E+00   0.2169568E-10
      134.00  0.3483956E-10   0.0000000E+00   0.3483956E-10
      137.00  0.7107557E-10   0.0000000E+00   0.7107557E-10
      140.00  0.1367622E-09   0.0000000E+00   0.1367622E-09
      143.00  0.2465681E-09   0.0000000E+00   0.2465681E-09
      147.00  0.5525450E-09   0.0000000E+00   0.5525450E-09
      151.00  0.1149734E-08   0.0000000E+00   0.1149734E-08
      155.00  0.2347604E-08   0.0000000E+00   0.2347604E-08
      159.00  0.4303578E-08   0.0000000E+00   0.4303578E-08
      162.00  0.3254638E-08   0.0000000E+00   0.3254638E-08
      166.00  0.5929733E-08   0.0000000E+00   0.5929733E-08
      170.00  0.1027847E-07   0.0000000E+00   0.1027847E-07
      173.00  0.1489262E-07   0.0000000E+00   0.1489262E-07
      177.00  0.2472909E-07   0.0000000E+00   0.2472909E-07
      180.00  0.3520463E-07   0.0000000E+00   0.3520463E-07
      182.00  0.4430736E-07   0.0000000E+00   0.4430736E-07
      186.00  0.6971090E-07   0.0000000E+00   0.6971090E-07
      191.00  0.1192743E-06   0.0000000E+00   0.1192743E-06
      194.00  0.1596104E-06   0.0000000E+00   0.1596104E-06
      198.00  0.2366348E-06   0.0000000E+00   0.2366348E-06
      202.00  0.3355417E-06   0.0000000E+00   0.3355417E-06
      205.00  0.4538079E-06   0.0000000E+00   0.4538079E-06
      210.00  0.7117915E-06   0.0000000E+00   0.7117915E-06
      216.00  0.1170451E-05   0.0000000E+00   0.1170451E-05
      220.00  0.1599182E-05   0.0000000E+00   0.1599182E-05
      223.00  0.1970507E-05   0.0000000E+00   0.1970507E-05
      227.00  0.2695605E-05   0.0000000E+00   0.2695605E-05
      228.00  0.2917950E-05   0.0000000E+00   0.2917950E-05
      228.00  0.8189465E-05   0.0000000E+00   0.8189465E-05
      230.00  0.1776465E-04   0.0000000E+00   0.1776465E-04
      234.00  0.3691502E-04   0.0000000E+00   0.3691502E-04
      240.00  0.7423023E-04   0.0000000E+00   0.7423023E-04
      246.00  0.3568744E-04   0.0000000E+00   0.3568744E-04
      252.00  0.5077065E-03   0.0000000E+00   0.5077065E-03
      257.00  0.1035689E-02   0.0000000E+00   0.1035689E-02
      260.00  0.1667110E-03   0.0000000E+00   0.1667110E-03
      264.00  0.9110990E-02   0.0000000E+00   0.9110990E-02
      269.00  0.5074939E-02   0.0000000E+00   0.5074939E-02
      274.00  0.5702072E-02   0.0000000E+00   0.5702072E-02
      279.00  0.1016378E-03   0.0000000E+00   0.1016378E-03
      284.00  0.1541525E-02   0.0000000E+00   0.1541525E-02
      290.00  0.8471646E-02   0.0000000E+00   0.8471646E-02
      296.00  0.9878217E-02   0.0000000E+00   0.9878217E-02
      301.00  0.1905295E-02   0.0000000E+00   0.1905295E-02
      308.00  0.9541509E-02   0.0000000E+00   0.9541509E-02
      318.00  0.2178022E-01   0.0000000E+00   0.2178022E-01
      328.00  0.5314625E-02   0.0000000E+00   0.5314625E-02
      338.00  0.9175372E-02   0.0000000E+00   0.9175372E-02
      348.00  0.3169543E-02   0.0000000E+00   0.3169543E-02
      353.30  0.3169543E-02   0.0000000E+00   0.3169543E-02
      353.30  0.1289715E-01   0.0000000E+00   0.1289715E-01
      357.00  0.3877815E-02   0.0000000E+00   0.3877815E-02
      366.00  0.2191648E-01   0.0000000E+00   0.2191648E-01
      375.00  0.1932308E-01   0.0000000E+00   0.1932308E-01
      385.00  0.1454779E-01   0.0000000E+00   0.1454779E-01
      395.00  0.7547804E-02   0.0000000E+00   0.7547804E-02
      405.00  0.2548720E-01   0.0000000E+00   0.2548720E-01
      414.00  0.2744786E-01   0.0000000E+00   0.2744786E-01
      422.00  0.1941397E-01   0.0000000E+00   0.1941397E-01
      430.00  0.2686110E-01   0.0000000E+00   0.2686110E-01
      441.00  0.2785450E-01   0.0000000E+00   0.2785450E-01
      451.00  0.2079263E-01   0.0000000E+00   0.2079263E-01
      460.00  0.2924819E-01   0.0000000E+00   0.2924819E-01
      470.00  0.3152199E-01   0.0000000E+00   0.3152199E-01
      480.00  0.3196916E-01   0.0000000E+00   0.3196916E-01
      490.00  0.2571911E-01   0.0000000E+00   0.2571911E-01
      500.00  0.3610321E-01   0.0000000E+00   0.3610321E-01
      504.60  0.4491441E-01   0.0000000E+00   0.4491441E-01
      504.60  0.6546724E-01   0.0000000E+00   0.6546724E-01
      506.00  0.6203172E-01   0.0000000E+00   0.6203172E-01
      512.00  0.5172517E-01   0.0000000E+00   0.5172517E-01
      520.00  0.6578672E-01   0.0000000E+00   0.6578672E-01
      530.00  0.4284985E-01   0.0000000E+00   0.4284985E-01
      540.00  0.3404177E-01   0.0000000E+00   0.3404177E-01
      550.00  0.6388312E-01   0.0000000E+00   0.6388312E-01
      560.00  0.6659283E-01   0.0000000E+00   0.6659283E-01
      570.00  0.6904099E-01   0.0000000E+00   0.6904099E-01
      580.00  0.4781269E-01   0.0000000E+00   0.4781269E-01
      590.00  0.6848422E-01   0.0000000E+00   0.6848422E-01
      600.00  0.4484190E-01   0.0000000E+00   0.4484190E-01
      610.00  0.6221406E-01   0.0000000E+00   0.6221406E-01
      620.00  0.6690690E-01   0.0000000E+00   0.6690690E-01
      630.00  0.6286774E-01   0.0000000E+00   0.6286774E-01
      640.00  0.5662898E-01   0.0000000E+00   0.5662898E-01
      650.00  0.6147771E-01   0.0000000E+00   0.6147771E-01
      658.00  0.5309369E-01   0.0000000E+00   0.5309369E-01
      665.00  0.4515907E-01   0.0000000E+00   0.4515907E-01
      675.00  0.6577295E-01   0.0000000E+00   0.6577295E-01
      685.00  0.6002836E-01   0.0000000E+00   0.6002836E-01
      695.00  0.5601447E-01   0.0000000E+00   0.5601447E-01
      705.00  0.6889547E-01   0.0000000E+00   0.6889547E-01
      716.00  0.6537050E-01   0.0000000E+00   0.6537050E-01
      726.00  0.6504639E-01   0.0000000E+00   0.6504639E-01
      735.00  0.6486714E-01   0.0000000E+00   0.6486714E-01
      745.00  0.6473012E-01   0.0000000E+00   0.6473012E-01
      755.00  0.6438826E-01   0.0000000E+00   0.6438826E-01
      765.00  0.6641551E-01   0.0000000E+00   0.6641551E-01
      775.00  0.6344876E-01   0.0000000E+00   0.6344876E-01
      785.00  0.2740566E-01   0.0000000E+00   0.2740566E-01
      795.00  0.6369460E-01   0.0000000E+00   0.6369460E-01
      805.00  0.6340662E-01   0.0000000E+00   0.6340662E-01
      815.00  0.6281400E-01   0.0000000E+00   0.6281400E-01
      825.00  0.6271326E-01   0.0000000E+00   0.6271326E-01
      835.00  0.4370084E-01   0.0000000E+00   0.4370084E-01
      845.00  0.6238935E-01   0.0000000E+00   0.6238935E-01
      855.00  0.5877254E-01   0.0000000E+00   0.5877254E-01
      865.00  0.6195234E-01   0.0000000E+00   0.6195234E-01
      875.00  0.6169148E-01   0.0000000E+00   0.6169148E-01
      885.00  0.6127670E-01   0.0000000E+00   0.6127670E-01
      895.00  0.6114152E-01   0.0000000E+00   0.6114152E-01
      905.00  0.6080980E-01   0.0000000E+00   0.6080980E-01
      912.40  0.6043779E-01   0.7850251E-04   0.6051629E-01
      912.40  0.2818171E+00   0.7850318E-04   0.2818956E+00
      915.00  0.2592772E+00   0.1032755E-03   0.2593805E+00
      925.00  0.1725844E+00   0.1122748E-03   0.1726967E+00
      935.00  0.2774465E+00   0.1218115E-03   0.2775683E+00
      945.00  0.2629228E+00   0.1318996E-03   0.2630547E+00
      955.00  0.2734823E+00   0.1425531E-03   0.2736249E+00
      965.00  0.2774240E+00   0.1537851E-03   0.2775778E+00
      975.00  0.2176708E+00   0.1656082E-03   0.2178364E+00
      985.00  0.2708913E+00   0.1780343E-03   0.2710693E+00
      995.00  0.2632447E+00   0.1910747E-03   0.2634358E+00
     1005.00  0.2389916E+00   0.2047401E-03   0.2391963E+00
     1015.00  0.2523325E+00   0.2190406E-03   0.2525515E+00
     1025.00  0.2160743E+00   0.2339854E-03   0.2163083E+00
     1035.00  0.2401144E+00   0.2495833E-03   0.2403640E+00
     1045.00  0.2470953E+00   0.2658573E-03   0.2473612E+00
     1055.00  0.2420676E+00   0.2828029E-03   0.2423504E+00
     1065.00  0.2335426E+00   0.3004242E-03   0.2338430E+00
     1075.00  0.2070990E+00   0.3187270E-03   0.2074177E+00
     1085.00  0.2180646E+00   0.3377164E-03   0.2184023E+00
     1095.00  0.2227138E+00   0.3573967E-03   0.2230712E+00
     1105.00  0.2171158E+00   0.3777717E-03   0.2174936E+00
     1115.00  0.2108305E+00   0.3988439E-03   0.2112293E+00
     1125.00  0.1626228E+00   0.4206145E-03   0.1630434E+00
     1135.00  0.2041435E+00   0.4430863E-03   0.2045866E+00
     1145.00  0.1984239E+00   0.4662602E-03   0.1988902E+00
     1155.00  0.1688635E+00   0.4901363E-03   0.1693536E+00
     1165.00  0.1769482E+00   0.5147144E-03   0.1774629E+00
     1175.00  0.1498759E+00   0.5399934E-03   0.1504159E+00
     1185.00  0.1830152E+00   0.5659715E-03   0.1835812E+00
     1195.00  0.1732540E+00   0.5926465E-03   0.1738466E+00
     1205.00  0.1594468E+00   0.6200156E-03   0.1600668E+00
     1215.00  0.1477028E+00   0.6480754E-03   0.1483509E+00
     1225.00  0.1591687E+00   0.1435764E-02   0.1606045E+00
     1235.00  0.1568225E+00   0.2153734E-02   0.1589762E+00
     1245.00  0.1614359E+00   0.2768941E-02   0.1642048E+00
     1255.00  0.1548860E+00   0.3299285E-02   0.1581853E+00
     1265.00  0.1550345E+00   0.3758034E-02   0.1587925E+00
     1275.00  0.1525642E+00   0.4155677E-02   0.1567199E+00
     1285.00  0.1463509E+00   0.4500773E-02   0.1508517E+00
     1295.00  0.1413149E+00   0.4800446E-02   0.1461153E+00
     1305.00  0.1426228E+00   0.5060702E-02   0.1476835E+00
     1315.00  0.1392013E+00   0.5286648E-02   0.1444879E+00
     1325.00  0.1360364E+00   0.5482663E-02   0.1415191E+00
     1335.00  0.1342408E+00   0.5652520E-02   0.1398933E+00
     1345.00  0.1250319E+00   0.5799482E-02   0.1308314E+00
     1355.00  0.1298557E+00   0.5926388E-02   0.1357821E+00
     1365.00  0.1269692E+00   0.6035711E-02   0.1330049E+00
     1375.00  0.1243447E+00   0.6129611E-02   0.1304743E+00
     1385.00  0.1200111E+00   0.6209983E-02   0.1262211E+00
     1395.00  0.1116372E+00   0.6278489E-02   0.1179157E+00
     1405.00  0.1181297E+00   0.6336591E-02   0.1244663E+00
     1415.00  0.1144028E+00   0.6385578E-02   0.1207884E+00
     1425.00  0.1101413E+00   0.6426586E-02   0.1165679E+00
     1435.00  0.1096605E+00   0.6460619E-02   0.1161211E+00
     1442.00  0.1091215E+00   0.6480771E-02   0.1156023E+00
     1447.00  0.1080433E+00   0.6493494E-02   0.1145368E+00
     1455.00  0.1065106E+00   0.6511210E-02   0.1130218E+00
     1465.00  0.1040973E+00   0.6529252E-02   0.1106266E+00
     1475.00  0.1019638E+00   0.6543308E-02   0.1085071E+00
     1485.00  0.9975486E-01   0.6553926E-02   0.1063088E+00
     1495.00  0.9865391E-01   0.6561592E-02   0.1052155E+00
     1505.00  0.9620876E-01   0.6566740E-02   0.1027755E+00
     1512.00  0.9440250E-01   0.6569051E-02   0.1009716E+00
     1517.00  0.9391042E-01   0.6570128E-02   0.1004805E+00
     1525.00  0.9108284E-01   0.6570969E-02   0.9765381E-01
     1535.00  0.8989749E-01   0.6570695E-02   0.9646819E-01
     1545.00  0.5994673E-01   0.6569198E-02   0.6651593E-01
     1555.00  0.8912004E-01   0.6566600E-02   0.9568664E-01
     1565.00  0.7481954E-01   0.6563209E-02   0.8138275E-01
     1575.00  0.8435997E-01   0.6559224E-02   0.9091919E-01
     1585.00  0.7474084E-01   0.6554811E-02   0.8129565E-01
     1595.00  0.8171328E-01   0.6550117E-02   0.8826340E-01
     1605.00  0.8009607E-01   0.6545273E-02   0.8664134E-01
     1615.00  0.7869919E-01   0.6540393E-02   0.8523958E-01
     1625.00  0.7744496E-01   0.6535579E-02   0.8398054E-01
     1635.00  0.7620697E-01   0.6530870E-02   0.8273784E-01
     1645.00  0.7461347E-01   0.6526364E-02   0.8113983E-01
     1655.00  0.7351994E-01   0.6522154E-02   0.8004209E-01
     1665.00  0.7237278E-01   0.6518301E-02   0.7889108E-01
     1672.00  0.7130115E-01   0.6515843E-02   0.7781699E-01
     1677.00  0.7101153E-01   0.6514217E-02   0.7752575E-01
     1685.00  0.7000084E-01   0.6511859E-02   0.7651270E-01
     1695.00  0.6870565E-01   0.6509352E-02   0.7521500E-01
     1705.00  0.6746855E-01   0.6507367E-02   0.7397592E-01
     1715.00  0.6618238E-01   0.6505930E-02   0.7268831E-01
     1725.00  0.6505803E-01   0.6505063E-02   0.7156309E-01
     1735.00  0.6410266E-01   0.6504785E-02   0.7060745E-01
     1745.00  0.6298967E-01   0.6505110E-02   0.6949478E-01
     1755.00  0.6204524E-01   0.6506049E-02   0.6855129E-01
     1765.00  0.6075310E-01   0.6507610E-02   0.6726071E-01
     1775.00  0.5982036E-01   0.6509799E-02   0.6633016E-01
     1785.00  0.5893472E-01   0.6512619E-02   0.6544734E-01
     1795.00  0.5802922E-01   0.6516057E-02   0.6454528E-01
     1805.00  0.5714299E-01   0.6520116E-02   0.6366311E-01
     1815.00  0.5606143E-01   0.6524802E-02   0.6258623E-01
     1825.00  0.5521800E-01   0.6530110E-02   0.6174811E-01
     1835.00  0.5432266E-01   0.6536036E-02   0.6085870E-01
     1845.00  0.5312109E-01   0.6542571E-02   0.5966366E-01
     1855.00  0.5217622E-01   0.6549708E-02   0.5872593E-01
     1865.00  0.5149168E-01   0.6557440E-02   0.5804912E-01
     1875.00  0.5087351E-01   0.6565754E-02   0.5743926E-01
     1885.00  0.4971283E-01   0.6574642E-02   0.5628747E-01
     1895.00  0.4871322E-01   0.6584093E-02   0.5529731E-01
     1905.00  0.4828804E-01   0.6594096E-02   0.5488214E-01
     1915.00  0.4734347E-01   0.6604638E-02   0.5394811E-01
     1925.00  0.4653936E-01   0.6615708E-02   0.5315507E-01
     1935.00  0.4603010E-01   0.6627293E-02   0.5265739E-01
     1945.00  0.4546056E-01   0.6639340E-02   0.5209990E-01
     1955.00  0.4442840E-01   0.6651818E-02   0.5108022E-01
     1967.00  0.4391495E-01   0.6667404E-02   0.5058235E-01
     1976.00  0.4346449E-01   0.6679517E-02   0.5014401E-01
     1984.00  0.4274500E-01   0.6690582E-02   0.4943558E-01
     1995.00  0.4189076E-01   0.6706238E-02   0.4859700E-01
     2005.00  0.4144842E-01   0.6720903E-02   0.4816932E-01
     2015.00  0.4091286E-01   0.6735964E-02   0.4764882E-01
     2025.00  0.4038430E-01   0.6751409E-02   0.4713571E-01
     2035.00  0.3964251E-01   0.6767471E-02   0.4640998E-01
     2045.00  0.3905692E-01   0.6783997E-02   0.4584092E-01
     2055.00  0.3906080E-01   0.3917453E-02   0.4297825E-01
     2065.00  0.3858489E-01   0.3902562E-02   0.4248745E-01
     2074.00  0.3834522E-01   0.3889535E-02   0.4223475E-01
     2078.00  0.3793631E-01   0.3883857E-02   0.4182017E-01
     2085.00  0.3758946E-01   0.3874084E-02   0.4146354E-01
     2095.00  0.3693852E-01   0.3860478E-02   0.4079900E-01
     2105.00  0.3653091E-01   0.3847283E-02   0.4037819E-01
     2115.00  0.3604146E-01   0.3834489E-02   0.3987595E-01
     2125.00  0.3556115E-01   0.3822087E-02   0.3938324E-01
     2135.00  0.3501745E-01   0.3810070E-02   0.3882752E-01
     2145.00  0.3447706E-01   0.3798427E-02   0.3827549E-01
     2155.00  0.3403523E-01   0.3787150E-02   0.3782238E-01
     2165.00  0.3353592E-01   0.3776232E-02   0.3731215E-01
     2175.00  0.3304017E-01   0.3765664E-02   0.3680583E-01
     2185.00  0.3259818E-01   0.3755441E-02   0.3635362E-01
     2195.00  0.3216850E-01   0.3745551E-02   0.3591405E-01
     2205.00  0.3169759E-01   0.3735986E-02   0.3543358E-01
     2215.00  0.3123644E-01   0.3726739E-02   0.3496318E-01
     2225.00  0.3076930E-01   0.3717800E-02   0.3448710E-01
     2235.00  0.3035633E-01   0.3709164E-02   0.3406549E-01
     2245.00  0.2994748E-01   0.3700821E-02   0.3364830E-01
     2255.00  0.2951413E-01   0.3692766E-02   0.3320690E-01
     2265.00  0.2911903E-01   0.3684990E-02   0.3280402E-01
     2275.00  0.2871370E-01   0.3677485E-02   0.3239119E-01
     2285.00  0.2834016E-01   0.3670189E-02   0.3201035E-01
     2295.00  0.2787372E-01   0.3663090E-02   0.3153681E-01
     2305.00  0.2756028E-01   0.3656238E-02   0.3121652E-01
     2315.00  0.2717090E-01   0.3649626E-02   0.3082053E-01
     2325.00  0.2638106E-01   0.3643247E-02   0.3002431E-01
     2335.00  0.2641214E-01   0.3637095E-02   0.3004924E-01
     2345.00  0.2604342E-01   0.3631165E-02   0.2967458E-01
     2355.00  0.2572921E-01   0.3625449E-02   0.2935466E-01
     2365.00  0.2536210E-01   0.3619941E-02   0.2898204E-01
     2375.00  0.2503001E-01   0.3614636E-02   0.2864465E-01
     2385.00  0.2467367E-01   0.3609529E-02   0.2828320E-01
     2395.00  0.2436726E-01   0.3604612E-02   0.2797187E-01
     2405.00  0.2404126E-01   0.3599883E-02   0.2764114E-01
     2415.00  0.2372546E-01   0.3595334E-02   0.2732079E-01
     2425.00  0.2343213E-01   0.3590961E-02   0.2702309E-01
     2435.00  0.2311434E-01   0.3586758E-02   0.2670110E-01
     2445.00  0.2282326E-01   0.3582719E-02   0.2640598E-01
     2455.00  0.2253196E-01   0.3578841E-02   0.2611080E-01
     2465.00  0.2222697E-01   0.3575117E-02   0.2580209E-01
     2475.00  0.2194077E-01   0.3571544E-02   0.2551231E-01
     2485.00  0.2166427E-01   0.3568117E-02   0.2523239E-01
     2495.00  0.2127041E-01   0.3564830E-02   0.2483524E-01
     2505.00  0.2111830E-01   0.3561681E-02   0.2467998E-01
     2513.00  0.2085338E-01   0.3559256E-02   0.2441264E-01
     2518.00  0.2076533E-01   0.3557783E-02   0.2432311E-01
     2525.00  0.2056980E-01   0.3555774E-02   0.2412557E-01
     2535.00  0.2029949E-01   0.3553009E-02   0.2385250E-01
     2545.00  0.2003412E-01   0.3550371E-02   0.2358449E-01
     2555.00  0.1981137E-01   0.3547849E-02   0.2335922E-01
     2565.00  0.1955845E-01   0.3545440E-02   0.2310389E-01
     2575.00  0.1932203E-01   0.3543140E-02   0.2286517E-01
     2585.00  0.1908377E-01   0.3540946E-02   0.2262472E-01
     2595.00  0.1884491E-01   0.3538854E-02   0.2238376E-01
     2605.00  0.1860693E-01   0.3462950E-02   0.2206988E-01
     2615.00  0.1840981E-01   0.3461189E-02   0.2187100E-01
     2625.00  0.1818969E-01   0.3459523E-02   0.2164921E-01
     2635.00  0.1797008E-01   0.3457950E-02   0.2142803E-01
     2645.00  0.1778523E-01   0.3456466E-02   0.2124170E-01
     2655.00  0.1756670E-01   0.3455068E-02   0.2102177E-01
     2665.00  0.1733709E-01   0.3453752E-02   0.2079084E-01
     2675.00  0.1712585E-01   0.3452517E-02   0.2057837E-01
     2685.00  0.1694544E-01   0.3451358E-02   0.2039680E-01
     2695.00  0.1670922E-01   0.3450273E-02   0.2015949E-01
     2705.00  0.1653558E-01   0.3449259E-02   0.1998484E-01
     2715.00  0.1633047E-01   0.3448314E-02   0.1977878E-01
     2725.00  0.1610463E-01   0.3447434E-02   0.1955206E-01
     2735.00  0.1594607E-01   0.3446617E-02   0.1939269E-01
     2745.00  0.1573587E-01   0.3445861E-02   0.1918173E-01
     2755.00  0.1555418E-01   0.3445162E-02   0.1899934E-01
     2765.00  0.1535282E-01   0.3444520E-02   0.1879734E-01
     2775.00  0.1520598E-01   0.3443930E-02   0.1864991E-01
     2785.00  0.1502732E-01   0.3443391E-02   0.1847071E-01
     2795.00  0.1479515E-01   0.3442901E-02   0.1823805E-01
     2805.00  0.1465261E-01   0.3442458E-02   0.1809507E-01
     2815.00  0.1451436E-01   0.3442058E-02   0.1795642E-01
     2825.00  0.1431463E-01   0.3441701E-02   0.1775633E-01
     2835.00  0.1414863E-01   0.3441384E-02   0.1759001E-01
     2845.00  0.1400687E-01   0.3441105E-02   0.1744798E-01
     2855.00  0.1384526E-01   0.3440829E-02   0.1728609E-01
     2865.00  0.1369266E-01   0.3440551E-02   0.1713321E-01
     2875.00  0.1353349E-01   0.3440303E-02   0.1697379E-01
     2885.00  0.1338651E-01   0.3440082E-02   0.1682659E-01
     2895.00  0.1323873E-01   0.3439888E-02   0.1667862E-01
     2910.00  0.1301997E-01   0.3439642E-02   0.1645961E-01
     2930.00  0.1272273E-01   0.3439390E-02   0.1616212E-01
     2950.00  0.1241095E-01   0.3439214E-02   0.1585016E-01
     2970.00  0.1215945E-01   0.3439104E-02   0.1559855E-01
     2990.00  0.1189205E-01   0.3439047E-02   0.1533110E-01
     3010.00  0.1163700E-01   0.3439034E-02   0.1507603E-01
     3030.00  0.1138545E-01   0.3439055E-02   0.1482450E-01
     3050.00  0.1113340E-01   0.3439107E-02   0.1457251E-01
     3070.00  0.1089896E-01   0.3439182E-02   0.1433814E-01
     3090.00  0.1066758E-01   0.3439269E-02   0.1410685E-01
     3110.00  0.1044180E-01   0.3439359E-02   0.1388116E-01
     3130.00  0.1021268E-01   0.3422741E-02   0.1363542E-01
     3150.00  0.1000233E-01   0.3422853E-02   0.1342518E-01
     3170.00  0.9797766E-02   0.3422950E-02   0.1322072E-01
     3190.00  0.9573048E-02   0.3423028E-02   0.1299608E-01
     3210.00  0.9393261E-02   0.3423079E-02   0.1281634E-01
     3230.00  0.9200901E-02   0.3423099E-02   0.1262400E-01
     3250.00  0.9010964E-02   0.3423082E-02   0.1243405E-01
     3270.00  0.8831943E-02   0.3422965E-02   0.1225491E-01
     3290.00  0.8652779E-02   0.3422763E-02   0.1207554E-01
     3310.00  0.8484729E-02   0.3422504E-02   0.1190723E-01
     3330.00  0.8313289E-02   0.3422184E-02   0.1173547E-01
     3350.00  0.8138796E-02   0.3421801E-02   0.1156060E-01
     3370.00  0.7982557E-02   0.3421350E-02   0.1140391E-01
     3390.00  0.7825189E-02   0.3420830E-02   0.1124602E-01
     3410.00  0.7673278E-02   0.3420238E-02   0.1109352E-01
     3430.00  0.7499390E-02   0.3254500E-02   0.1075389E-01
     3450.00  0.7388168E-02   0.3253308E-02   0.1064148E-01
     3470.00  0.7263307E-02   0.3252054E-02   0.1051536E-01
     3490.00  0.7125436E-02   0.3250736E-02   0.1037617E-01
     3510.00  0.6996344E-02   0.3249346E-02   0.1024569E-01
     3530.00  0.6862046E-02   0.3247832E-02   0.1010988E-01
     3550.00  0.6732700E-02   0.3246240E-02   0.9978940E-02
     3570.00  0.6612212E-02   0.3244570E-02   0.9856782E-02
     3590.00  0.6479033E-02   0.3242822E-02   0.9721855E-02
     3610.00  0.6360644E-02   0.3240994E-02   0.9601638E-02
     3630.00  0.6241192E-02   0.3239085E-02   0.9480277E-02
     3640.00  0.6192867E-02   0.3238101E-02   0.9430968E-02
     3650.00  0.6886470E-02   0.9997357E-03   0.7886206E-02
     3670.00  0.6757296E-02   0.9940082E-03   0.7751304E-02
     3690.00  0.6590907E-02   0.9561605E-03   0.7547068E-02
     3710.00  0.6513890E-02   0.9505454E-03   0.7464435E-02
     3730.00  0.6397176E-02   0.9450361E-03   0.7342212E-02
     3750.00  0.6449528E-02   0.9396295E-03   0.7389157E-02
     3770.00  0.6365252E-02   0.9343222E-03   0.7299574E-02
     3790.00  0.6389090E-02   0.9291114E-03   0.7318201E-02
     3810.00  0.6420137E-02   0.9239940E-03   0.7344131E-02
     3830.00  0.6079704E-02   0.9189671E-03   0.6998671E-02
     3850.00  0.6301624E-02   0.9140281E-03   0.7215652E-02
     3870.00  0.6268358E-02   0.9091742E-03   0.7177532E-02
     3890.00  0.5724074E-02   0.9044030E-03   0.6628477E-02
     3910.00  0.6083374E-02   0.8997118E-03   0.6983086E-02
     3930.00  0.5989008E-02   0.8950984E-03   0.6884106E-02
     3950.00  0.5874848E-02   0.8905604E-03   0.6765408E-02
     3970.00  0.5321710E-02   0.8860974E-03   0.6207807E-02
     3990.00  0.5664287E-02   0.8817110E-03   0.6545998E-02
     4010.00  0.5619683E-02   0.8773930E-03   0.6497076E-02
     4030.00  0.5489278E-02   0.8731416E-03   0.6362420E-02
     4050.00  0.5444591E-02   0.8689547E-03   0.6313546E-02
     4070.00  0.5334602E-02   0.8648305E-03   0.6199433E-02
     4090.00  0.5099494E-02   0.8607673E-03   0.5960261E-02
     4110.00  0.4809885E-02   0.8567632E-03   0.5666648E-02
     4130.00  0.5048053E-02   0.8528167E-03   0.5900870E-02
     4150.00  0.4986186E-02   0.8489261E-03   0.5835112E-02
     4170.00  0.4919274E-02   0.8450898E-03   0.5764364E-02
     4190.00  0.4843947E-02   0.8413063E-03   0.5685253E-02
     4210.00  0.4764929E-02   0.8375741E-03   0.5602503E-02
     4230.00  0.4684610E-02   0.8338920E-03   0.5518502E-02
     4250.00  0.4605394E-02   0.8302584E-03   0.5435652E-02
     4270.00  0.4526828E-02   0.8266720E-03   0.5353500E-02
     4290.00  0.4453531E-02   0.8231316E-03   0.5276663E-02
     4310.00  0.4362446E-02   0.8196360E-03   0.5182082E-02
     4330.00  0.4144838E-02   0.8161839E-03   0.4961022E-02
     4350.00  0.3967496E-02   0.8127745E-03   0.4780271E-02
     4370.00  0.4154471E-02   0.8094070E-03   0.4963878E-02
     4390.00  0.4088874E-02   0.8060796E-03   0.4894954E-02
     4410.00  0.4047014E-02   0.8027913E-03   0.4849805E-02
     4430.00  0.3982493E-02   0.7995412E-03   0.4782034E-02
     4450.00  0.3923872E-02   0.7963281E-03   0.4720200E-02
     4470.00  0.3818005E-02   0.7931513E-03   0.4611156E-02
     4490.00  0.3797392E-02   0.7900097E-03   0.4587402E-02
     4510.00  0.3741495E-02   0.7869025E-03   0.4528397E-02
     4530.00  0.3681786E-02   0.7838288E-03   0.4465615E-02
     4550.00  0.3622188E-02   0.7807878E-03   0.4402976E-02
     4570.00  0.3570064E-02   0.7777788E-03   0.4347843E-02
     4590.00  0.3515328E-02   0.7748009E-03   0.4290129E-02
     4610.00  0.3462910E-02   0.7718533E-03   0.4234763E-02
     4630.00  0.3408759E-02   0.7689354E-03   0.4177694E-02
     4650.00  0.3354142E-02   0.7660465E-03   0.4120189E-02
     4670.00  0.3306541E-02   0.7631858E-03   0.4069727E-02
     4690.00  0.3256678E-02   0.7603527E-03   0.4017031E-02
     4710.00  0.3195179E-02   0.7575466E-03   0.3952726E-02
     4730.00  0.3159816E-02   0.7547668E-03   0.3914583E-02
     4750.00  0.3111388E-02   0.7520128E-03   0.3863401E-02
     4770.00  0.3066908E-02   0.7492839E-03   0.3816192E-02
     4790.00  0.3020760E-02   0.7465796E-03   0.3767340E-02
     4810.00  0.2973157E-02   0.7438980E-03   0.3717055E-02
     4830.00  0.2917907E-02   0.7412385E-03   0.3659146E-02
     4850.00  0.2789003E-02   0.7386019E-03   0.3527605E-02
     4870.00  0.2650572E-02   0.7359878E-03   0.3386560E-02
     4890.00  0.2786140E-02   0.7333956E-03   0.3519536E-02
     4910.00  0.2761038E-02   0.7308250E-03   0.3491863E-02
     4930.00  0.2708107E-02   0.7282753E-03   0.3436382E-02
     4950.00  0.2685988E-02   0.7257463E-03   0.3411734E-02
     4970.00  0.2649499E-02   0.7232374E-03   0.3372736E-02
     4990.00  0.2611257E-02   0.7207483E-03   0.3332005E-02
     5010.00  0.2563541E-02   0.7182786E-03   0.3281820E-02
     5030.00  0.2537769E-02   0.7158278E-03   0.3253597E-02
     5050.00  0.2496992E-02   0.7133956E-03   0.3210388E-02
     5070.00  0.2467822E-02   0.7109840E-03   0.3178806E-02
     5090.00  0.2433534E-02   0.7086011E-03   0.3142135E-02
     5110.00  0.2399618E-02   0.7062352E-03   0.3105853E-02
     5130.00  0.2365566E-02   0.7038859E-03   0.3069452E-02
     5150.00  0.2331720E-02   0.7015529E-03   0.3033273E-02
     5170.00  0.2299053E-02   0.6992360E-03   0.2998289E-02
     5190.00  0.2268259E-02   0.6969347E-03   0.2965194E-02
     5210.00  0.2237796E-02   0.6946489E-03   0.2932445E-02
     5230.00  0.2207001E-02   0.6923783E-03   0.2899379E-02
     5250.00  0.2177308E-02   0.6901225E-03   0.2867431E-02
     5270.00  0.2147010E-02   0.6878814E-03   0.2834891E-02
     5290.00  0.2119490E-02   0.6856547E-03   0.2805145E-02
     5310.00  0.2090588E-02   0.6834421E-03   0.2774030E-02
     5330.00  0.2061791E-02   0.6812434E-03   0.2743034E-02
     5350.00  0.2034881E-02   0.6790584E-03   0.2713939E-02
     5370.00  0.2008088E-02   0.6768864E-03   0.2684974E-02
     5390.00  0.1981842E-02   0.6747263E-03   0.2656568E-02
     5410.00  0.1955300E-02   0.6725791E-03   0.2627879E-02
     5430.00  0.1929389E-02   0.6704447E-03   0.2599834E-02
     5450.00  0.1903765E-02   0.6683228E-03   0.2572088E-02
     5470.00  0.1879593E-02   0.6662133E-03   0.2545806E-02
     5490.00  0.1855496E-02   0.6641159E-03   0.2519612E-02
     5510.00  0.1831297E-02   0.6620305E-03   0.2493328E-02
     5530.00  0.1807355E-02   0.6599570E-03   0.2467312E-02
     5550.00  0.1783899E-02   0.6578951E-03   0.2441794E-02
     5570.00  0.1761165E-02   0.6558446E-03   0.2417010E-02
     5590.00  0.1738897E-02   0.6538055E-03   0.2392702E-02
     5610.00  0.1716777E-02   0.6517775E-03   0.2368554E-02
     5630.00  0.1694915E-02   0.6497605E-03   0.2344675E-02
     5650.00  0.1672916E-02   0.6477543E-03   0.2320670E-02
     5670.00  0.1651767E-02   0.6457589E-03   0.2297526E-02
     5690.00  0.1633134E-02   0.6437740E-03   0.2276908E-02
     5710.00  0.1612977E-02   0.5591415E-03   0.2172119E-02
     5730.00  0.1592986E-02   0.5573212E-03   0.2150307E-02
     5750.00  0.1572816E-02   0.5555120E-03   0.2128328E-02
     5770.00  0.1553856E-02   0.5537137E-03   0.2107570E-02
     5790.00  0.1534822E-02   0.5519263E-03   0.2086748E-02
     5810.00  0.1515936E-02   0.5501494E-03   0.2066085E-02
     5830.00  0.1497101E-02   0.5483831E-03   0.2045484E-02
     5850.00  0.1478357E-02   0.5466272E-03   0.2024984E-02
     5870.00  0.1447937E-02   0.5448814E-03   0.1992818E-02
     5890.00  0.1441713E-02   0.5431458E-03   0.1984859E-02
     5910.00  0.1425598E-02   0.5414201E-03   0.1967018E-02
     5930.00  0.1408178E-02   0.5397043E-03   0.1947882E-02
     5950.00  0.1390871E-02   0.5379982E-03   0.1928869E-02
     5970.00  0.1374550E-02   0.5363017E-03   0.1910852E-02
     5990.00  0.1358208E-02   0.5346146E-03   0.1892823E-02
     6010.00  0.1342015E-02   0.5329369E-03   0.1874952E-02
     6030.00  0.1325926E-02   0.5312684E-03   0.1857194E-02
     6050.00  0.1309917E-02   0.5296091E-03   0.1839526E-02
     6070.00  0.1294771E-02   0.5279587E-03   0.1822730E-02
     6090.00  0.1279681E-02   0.5263173E-03   0.1805998E-02
     6110.00  0.1264616E-02   0.5246847E-03   0.1789301E-02
     6130.00  0.1249502E-02   0.5230608E-03   0.1772563E-02
     6150.00  0.1234558E-02   0.5214455E-03   0.1756004E-02
     6170.00  0.1220447E-02   0.5198388E-03   0.1740286E-02
     6190.00  0.1206624E-02   0.5182404E-03   0.1724864E-02
     6210.00  0.1192696E-02   0.5166504E-03   0.1709346E-02
     6230.00  0.1178806E-02   0.5150685E-03   0.1693875E-02
     6250.00  0.1164736E-02   0.5134949E-03   0.1678231E-02
     6270.00  0.1152030E-02   0.5119292E-03   0.1663959E-02
     6290.00  0.1139028E-02   0.5103716E-03   0.1649400E-02
     6310.00  0.1125929E-02   0.5088218E-03   0.1634751E-02
     6330.00  0.1113121E-02   0.5072799E-03   0.1620401E-02
     6350.00  0.1100009E-02   0.5057457E-03   0.1605755E-02
     6370.00  0.1087942E-02   0.5042191E-03   0.1592161E-02
     6390.00  0.1075945E-02   0.5027001E-03   0.1578645E-02
     6410.00  0.1063706E-02   0.5011885E-03   0.1564895E-02
     6430.00  0.1051756E-02   0.4996845E-03   0.1551440E-02
     6450.00  0.1039670E-02   0.4981877E-03   0.1537858E-02
     6470.00  0.1028293E-02   0.4966982E-03   0.1524991E-02
     6490.00  0.1016482E-02   0.4952160E-03   0.1511698E-02
     6510.00  0.1004533E-02   0.4937408E-03   0.1498274E-02
     6530.00  0.9905047E-03   0.4922673E-03   0.1482772E-02
     6550.00  0.9608662E-03   0.4907991E-03   0.1451665E-02
     6570.00  0.9085536E-03   0.4893378E-03   0.1397891E-02
     6590.00  0.9545480E-03   0.4878831E-03   0.1442431E-02
     6610.00  0.9500368E-03   0.4864350E-03   0.1436472E-02
     6630.00  0.9410448E-03   0.4849936E-03   0.1426038E-02
     6650.00  0.9312579E-03   0.4825500E-03   0.1413808E-02
     6670.00  0.9189594E-03   0.4811289E-03   0.1400088E-02
     6690.00  0.9091946E-03   0.4797142E-03   0.1388909E-02
     6710.00  0.9019172E-03   0.4783059E-03   0.1380223E-02
     6730.00  0.8922132E-03   0.4769039E-03   0.1369117E-02
     6750.00  0.8827088E-03   0.4755081E-03   0.1358217E-02
     6770.00  0.8735153E-03   0.4741186E-03   0.1347634E-02
     6790.00  0.8642641E-03   0.4727352E-03   0.1336999E-02
     6810.00  0.8551701E-03   0.4713578E-03   0.1326528E-02
     6830.00  0.8460724E-03   0.4699866E-03   0.1316059E-02
     6850.00  0.8370032E-03   0.4686213E-03   0.1305625E-02
     6870.00  0.8283892E-03   0.4672620E-03   0.1295651E-02
     6890.00  0.8197764E-03   0.4659086E-03   0.1285685E-02
     6910.00  0.8112436E-03   0.4645612E-03   0.1275805E-02
     6930.00  0.8027030E-03   0.4632195E-03   0.1265922E-02
     6950.00  0.7942221E-03   0.4618836E-03   0.1256106E-02
     6970.00  0.7861641E-03   0.4605534E-03   0.1246718E-02
     6990.00  0.7781026E-03   0.4592290E-03   0.1237332E-02
     7010.00  0.7701107E-03   0.4579102E-03   0.1228021E-02
     7030.00  0.7621508E-03   0.4565970E-03   0.1218748E-02
     7050.00  0.7542348E-03   0.4552894E-03   0.1209524E-02
     7070.00  0.7434326E-03   0.4539873E-03   0.1197420E-02
     7090.00  0.7391236E-03   0.4526908E-03   0.1191814E-02
     7110.00  0.7315155E-03   0.4513997E-03   0.1182915E-02
     7130.00  0.7240943E-03   0.4501141E-03   0.1174208E-02
     7150.00  0.7166852E-03   0.4488338E-03   0.1165519E-02
     7170.00  0.7095459E-03   0.4475589E-03   0.1157105E-02
     7190.00  0.7024739E-03   0.4462894E-03   0.1148763E-02
     7210.00  0.6954661E-03   0.4450252E-03   0.1140491E-02
     7230.00  0.6881869E-03   0.4437662E-03   0.1131953E-02
     7250.00  0.6815200E-03   0.4425124E-03   0.1124032E-02
     7270.00  0.6748635E-03   0.4412638E-03   0.1116127E-02
     7290.00  0.6666488E-03   0.4400204E-03   0.1106669E-02
     7310.00  0.6615561E-03   0.4387821E-03   0.1100338E-02
     7330.00  0.6550336E-03   0.4375490E-03   0.1092583E-02
     7350.00  0.6485033E-03   0.4363209E-03   0.1084824E-02
     7370.00  0.6421796E-03   0.4350978E-03   0.1077277E-02
     7390.00  0.6358478E-03   0.4338796E-03   0.1069727E-02
     7410.00  0.6295985E-03   0.4326665E-03   0.1062265E-02
     7430.00  0.6235531E-03   0.4314583E-03   0.1055011E-02
     7450.00  0.6174749E-03   0.4299105E-03   0.1047385E-02
     7470.00  0.6115779E-03   0.4287128E-03   0.1040291E-02
     7490.00  0.6057396E-03   0.4275200E-03   0.1033260E-02
     7510.00  0.5998324E-03   0.4263320E-03   0.1026164E-02
     7530.00  0.5941277E-03   0.4251488E-03   0.1019276E-02
     7550.00  0.5883422E-03   0.4239703E-03   0.1012313E-02
     7570.00  0.5827954E-03   0.4227966E-03   0.1005592E-02
     7590.00  0.5772870E-03   0.4216275E-03   0.9989145E-03
     7610.00  0.5718041E-03   0.4204638E-03   0.9922679E-03
     7630.00  0.5663377E-03   0.4193053E-03   0.9856430E-03
     7650.00  0.5608749E-03   0.4181515E-03   0.9790264E-03
     7670.00  0.5556301E-03   0.4170023E-03   0.9726324E-03
     7690.00  0.5504752E-03   0.4158577E-03   0.9663329E-03
     7710.00  0.5452313E-03   0.4147176E-03   0.9599489E-03
     7730.00  0.5402069E-03   0.4135821E-03   0.9537890E-03
     7750.00  0.5350206E-03   0.4124511E-03   0.9474717E-03
     7770.00  0.5296886E-03   0.4113246E-03   0.9410132E-03
     7790.00  0.5251984E-03   0.4102025E-03   0.9354009E-03
     7810.00  0.5202442E-03   0.4090849E-03   0.9293291E-03
     7830.00  0.5155071E-03   0.4079717E-03   0.9234788E-03
     7850.00  0.5107358E-03   0.4068629E-03   0.9175987E-03
     7870.00  0.5057884E-03   0.4011254E-03   0.9069138E-03
     7890.00  0.5011378E-03   0.4000441E-03   0.9011819E-03
     7910.00  0.4967124E-03   0.3989669E-03   0.8956793E-03
     7930.00  0.4920888E-03   0.3978940E-03   0.8899828E-03
     7950.00  0.4876266E-03   0.3968252E-03   0.8844518E-03
     7970.00  0.4832329E-03   0.3957606E-03   0.8789935E-03
     7990.00  0.4790249E-03   0.3947002E-03   0.8737251E-03
     8010.00  0.4745500E-03   0.3936438E-03   0.8681938E-03
     8030.00  0.4703536E-03   0.3925915E-03   0.8629451E-03
     8050.00  0.4660956E-03   0.3915433E-03   0.8576389E-03
     8070.00  0.4620783E-03   0.3904991E-03   0.8525774E-03
     8090.00  0.4577207E-03   0.3894589E-03   0.8471796E-03
     8110.00  0.4537003E-03   0.3884228E-03   0.8421231E-03
     8130.00  0.4498359E-03   0.3873906E-03   0.8372265E-03
     8150.00  0.4455441E-03   0.3863623E-03   0.8319064E-03
     8170.00  0.4418369E-03   0.3853380E-03   0.8271749E-03
     8190.00  0.4377673E-03   0.3843176E-03   0.8220849E-03
     8210.00  0.4409771E-03   0.3546273E-03   0.7956044E-03
     8230.00  0.4374075E-03   0.2422571E-03   0.6796646E-03
     8250.00  0.4335727E-03   0.2415833E-03   0.6751560E-03
     8270.00  0.4292092E-03   0.2409127E-03   0.6701219E-03
     8290.00  0.4256773E-03   0.2391259E-03   0.6648032E-03
     8310.00  0.4216772E-03   0.2384662E-03   0.6601434E-03
     8330.00  0.4176126E-03   0.2378097E-03   0.6554223E-03
     8350.00  0.4139417E-03   0.2371562E-03   0.6510979E-03
     8370.00  0.4094901E-03   0.2365057E-03   0.6459958E-03
     8390.00  0.4064817E-03   0.2358581E-03   0.6423398E-03
     8410.00  0.4029252E-03   0.2352135E-03   0.6381387E-03
     8430.00  0.3999866E-03   0.2345717E-03   0.6345583E-03
     8450.00  0.3963559E-03   0.2339329E-03   0.6302888E-03
     8470.00  0.3907290E-03   0.2332969E-03   0.6240259E-03
     8490.00  0.3920176E-03   0.2326638E-03   0.6246814E-03
     8510.00  0.3833204E-03   0.2320335E-03   0.6153539E-03
     8530.00  0.3868989E-03   0.2314060E-03   0.6183049E-03
     8550.00  0.3736748E-03   0.2307814E-03   0.6044562E-03
     8570.00  0.3831652E-03   0.2301595E-03   0.6133247E-03
     8590.00  0.3720372E-03   0.2295403E-03   0.6015775E-03
     8610.00  0.3680268E-03   0.2289239E-03   0.5969507E-03
     8630.00  0.3755928E-03   0.2283102E-03   0.6039030E-03
     8650.00  0.3680713E-03   0.2276991E-03   0.5957704E-03
     8670.00  0.3516695E-03   0.2270908E-03   0.5787603E-03
     8690.00  0.3652532E-03   0.2264851E-03   0.5917383E-03
     8710.00  0.3651928E-03   0.2258821E-03   0.5910749E-03
     8730.00  0.3583370E-03   0.2252816E-03   0.5836186E-03
     8750.00  0.3391352E-03   0.2246838E-03   0.5638190E-03
     8770.00  0.3497651E-03   0.2240886E-03   0.5738537E-03
     8790.00  0.3535747E-03   0.2234959E-03   0.5770706E-03
     8810.00  0.3512731E-03   0.2229058E-03   0.5741789E-03
     8830.00  0.3472958E-03   0.2223183E-03   0.5696141E-03
     8850.00  0.3360991E-03   0.2217332E-03   0.5578323E-03
     8870.00  0.3223142E-03   0.2211506E-03   0.5434648E-03
     8890.00  0.3368098E-03   0.2205706E-03   0.5573804E-03
     8910.00  0.3371136E-03   0.2199930E-03   0.5571066E-03
     8930.00  0.3350101E-03   0.2194178E-03   0.5544279E-03
     8950.00  0.3325561E-03   0.2188451E-03   0.5514012E-03
     8970.00  0.3292670E-03   0.2182748E-03   0.5475418E-03
     8990.00  0.3234096E-03   0.2177069E-03   0.5411165E-03
     9010.00  0.3052495E-03   0.2171414E-03   0.5223909E-03
     9030.00  0.3103207E-03   0.2165783E-03   0.5268990E-03
     9050.00  0.3172352E-03   0.2160175E-03   0.5332527E-03
     9070.00  0.3156051E-03   0.2154591E-03   0.5310642E-03
     9090.00  0.3139062E-03   0.2149030E-03   0.5288092E-03
     9110.00  0.3120975E-03   0.2143493E-03   0.5264468E-03
     9130.00  0.3097737E-03   0.2137978E-03   0.5235715E-03
     9150.00  0.3071678E-03   0.2132487E-03   0.5204165E-03
     9170.00  0.3041401E-03   0.2127019E-03   0.5168420E-03
     9190.00  0.3008809E-03   0.2121573E-03   0.5130382E-03
     9210.00  0.2935712E-03   0.2116150E-03   0.5051862E-03
     9230.00  0.2761759E-03   0.2110749E-03   0.4872508E-03
     9250.00  0.2882788E-03   0.2105370E-03   0.4988158E-03
     9270.00  0.2910688E-03   0.2100013E-03   0.5010701E-03
     9290.00  0.2901901E-03   0.2094678E-03   0.4996579E-03
     9310.00  0.2880246E-03   0.2089365E-03   0.4969611E-03
     9330.00  0.2862342E-03   0.2084073E-03   0.4946415E-03
     9350.00  0.2839863E-03   0.2078803E-03   0.4918666E-03
     9370.00  0.2819063E-03   0.2073554E-03   0.4892617E-03
     9390.00  0.2797052E-03   0.2068326E-03   0.4865378E-03
     9410.00  0.2773068E-03   0.2063119E-03   0.4836187E-03
     9430.00  0.2753184E-03   0.2057933E-03   0.4811117E-03
     9450.00  0.2730833E-03   0.2052768E-03   0.4783601E-03
     9470.00  0.2704064E-03   0.2047624E-03   0.4751688E-03
     9490.00  0.2683343E-03   0.2042501E-03   0.4725844E-03
     9510.00  0.2645951E-03   0.2037397E-03   0.4683348E-03
     9530.00  0.2578273E-03   0.2032315E-03   0.4610588E-03
     9550.00  0.2438132E-03   0.2027252E-03   0.4465384E-03
     9570.00  0.2558181E-03   0.2022209E-03   0.4580390E-03
     9590.00  0.2574066E-03   0.2017186E-03   0.4591252E-03
     9610.00  0.2561395E-03   0.2012184E-03   0.4573579E-03
     9630.00  0.2543033E-03   0.2007200E-03   0.4550233E-03
     9650.00  0.2529333E-03   0.2002237E-03   0.4531570E-03
     9670.00  0.2510123E-03   0.1997294E-03   0.4507417E-03
     9690.00  0.2492007E-03   0.1992369E-03   0.4484376E-03
     9710.00  0.2472116E-03   0.1987464E-03   0.4459580E-03
     9730.00  0.2455589E-03   0.1982578E-03   0.4438167E-03
     9750.00  0.2436957E-03   0.1977711E-03   0.4414668E-03
     9770.00  0.2419004E-03   0.1972863E-03   0.4391867E-03
     9790.00  0.2400970E-03   0.1968034E-03   0.4369004E-03
     9810.00  0.2383098E-03   0.1963224E-03   0.4346322E-03
     9830.00  0.2365243E-03   0.1958432E-03   0.4323675E-03
     9850.00  0.2347380E-03   0.1953659E-03   0.4301039E-03
     9870.00  0.2330100E-03   0.1948904E-03   0.4279004E-03
     9890.00  0.2312524E-03   0.1944168E-03   0.4256692E-03
     9910.00  0.2295276E-03   0.1939449E-03   0.4234725E-03
     9930.00  0.2278186E-03   0.1934749E-03   0.4212935E-03
     9950.00  0.2260668E-03   0.1930067E-03   0.4190735E-03
     9970.00  0.2243023E-03   0.1925403E-03   0.4168426E-03
     9990.00  0.2223769E-03   0.1920757E-03   0.4144526E-03
    10025.00  0.2152146E-03   0.1912669E-03   0.4064815E-03
    10075.00  0.2096497E-03   0.1901207E-03   0.3997704E-03
    10125.00  0.2116469E-03   0.1889854E-03   0.4006323E-03
    10175.00  0.2084424E-03   0.1878643E-03   0.3963067E-03
    10225.00  0.2048091E-03   0.1867544E-03   0.3915635E-03
    10275.00  0.2012313E-03   0.1856546E-03   0.3868859E-03
    10325.00  0.1974165E-03   0.1845649E-03   0.3819814E-03
    10375.00  0.1940739E-03   0.1834852E-03   0.3775591E-03
    10425.00  0.1907145E-03   0.1824154E-03   0.3731299E-03
    10475.00  0.1873595E-03   0.1813552E-03   0.3687147E-03
    10525.00  0.1841378E-03   0.1803046E-03   0.3644424E-03
    10575.00  0.1809785E-03   0.1792635E-03   0.3602420E-03
    10625.00  0.1778349E-03   0.1782318E-03   0.3560667E-03
    10675.00  0.1746660E-03   0.1772093E-03   0.3518753E-03
    10725.00  0.1718838E-03   0.1761959E-03   0.3480797E-03
    10775.00  0.1689966E-03   0.1751915E-03   0.3441881E-03
    10825.00  0.1655050E-03   0.1741960E-03   0.3397010E-03
    10875.00  0.1627622E-03   0.1732093E-03   0.3359715E-03
    10925.00  0.1542118E-03   0.1722313E-03   0.3264431E-03
    10975.00  0.1558141E-03   0.1712618E-03   0.3270759E-03
    11025.00  0.1549725E-03   0.1703009E-03   0.3252734E-03
    11075.00  0.1527692E-03   0.1693483E-03   0.3221175E-03
    11125.00  0.1502436E-03   0.1684040E-03   0.3186476E-03
    11175.00  0.1478621E-03   0.1595276E-03   0.3073897E-03
    11225.00  0.1454785E-03   0.1586433E-03   0.3041218E-03
    11275.00  0.1431123E-03   0.1577668E-03   0.3008791E-03
    11325.00  0.1407775E-03   0.1568979E-03   0.2976754E-03
    11375.00  0.1385006E-03   0.1560365E-03   0.2945371E-03
    11425.00  0.1363226E-03   0.1551825E-03   0.2915051E-03
    11475.00  0.1342126E-03   0.1543358E-03   0.2885484E-03
    11525.00  0.1320882E-03   0.1534963E-03   0.2855845E-03
    11575.00  0.1299800E-03   0.1526640E-03   0.2826440E-03
    11625.00  0.1278597E-03   0.1518388E-03   0.2796985E-03
    11675.00  0.1258910E-03   0.1510206E-03   0.2769116E-03
    11725.00  0.1240092E-03   0.1502092E-03   0.2742184E-03
    11775.00  0.1220081E-03   0.1494048E-03   0.2714129E-03
    11825.00  0.1201375E-03   0.1486070E-03   0.2687445E-03
    11875.00  0.1182389E-03   0.1478160E-03   0.2660549E-03
    11925.00  0.1165237E-03   0.1470315E-03   0.2635552E-03
    11975.00  0.1145227E-03   0.1462536E-03   0.2607763E-03
    12025.00  0.1130181E-03   0.1454821E-03   0.2585002E-03
    12075.00  0.1112772E-03   0.1447170E-03   0.2559942E-03
    12125.00  0.1095825E-03   0.1439582E-03   0.2535407E-03
    12175.00  0.1079520E-03   0.1432057E-03   0.2511577E-03
    12225.00  0.1063365E-03   0.1424593E-03   0.2487958E-03
    12275.00  0.1047681E-03   0.1417190E-03   0.2464871E-03
    12325.00  0.1032151E-03   0.1409848E-03   0.2441999E-03
    12375.00  0.1016754E-03   0.1402565E-03   0.2419319E-03
    12425.00  0.1002140E-03   0.1395341E-03   0.2397481E-03
    12475.00  0.9875962E-04   0.1388175E-03   0.2375771E-03
    12525.00  0.9726313E-04   0.1380503E-03   0.2353134E-03
    12575.00  0.9587340E-04   0.1373458E-03   0.2332192E-03
    12625.00  0.9445016E-04   0.1366470E-03   0.2310971E-03
    12675.00  0.9310037E-04   0.1359537E-03   0.2290541E-03
    12725.00  0.9168902E-04   0.1352660E-03   0.2269550E-03
    12775.00  0.8966107E-04   0.1345837E-03   0.2242448E-03
    12825.00  0.8552388E-04   0.1339068E-03   0.2194307E-03
    12875.00  0.8742510E-04   0.1332353E-03   0.2206604E-03
    12925.00  0.8659105E-04   0.1325690E-03   0.2191601E-03
    12975.00  0.8534037E-04   0.1319080E-03   0.2172484E-03
    13025.00  0.8426400E-04   0.1312521E-03   0.2155161E-03
    13075.00  0.8307913E-04   0.1306009E-03   0.2136800E-03
    13125.00  0.8189812E-04   0.1299546E-03   0.2118527E-03
    13175.00  0.8076965E-04   0.1293133E-03   0.2100830E-03
    13225.00  0.7966220E-04   0.1286770E-03   0.2083392E-03
    13275.00  0.7855277E-04   0.1280455E-03   0.2065983E-03
    13325.00  0.7746905E-04   0.1274189E-03   0.2048880E-03
    13375.00  0.7640446E-04   0.1267971E-03   0.2032016E-03
    13425.00  0.7536884E-04   0.1261800E-03   0.2015488E-03
    13475.00  0.7437138E-04   0.1255676E-03   0.1999390E-03
    13525.00  0.7335953E-04   0.1249598E-03   0.1983194E-03
    13575.00  0.7235806E-04   0.1243567E-03   0.1967147E-03
    13625.00  0.7136820E-04   0.1237340E-03   0.1951022E-03
    13675.00  0.7042913E-04   0.1231400E-03   0.1935692E-03
    13725.00  0.6948033E-04   0.1225506E-03   0.1920309E-03
    13775.00  0.6856894E-04   0.1219655E-03   0.1905344E-03
    13825.00  0.6765112E-04   0.1213848E-03   0.1890359E-03
    13875.00  0.6674112E-04   0.1208084E-03   0.1875495E-03
    13925.00  0.6587680E-04   0.1202363E-03   0.1861131E-03
    13975.00  0.6502175E-04   0.1196685E-03   0.1846902E-03
    14025.00  0.6416835E-04   0.1191048E-03   0.1832732E-03
    14075.00  0.6332835E-04   0.1185453E-03   0.1818737E-03
    14125.00  0.6248555E-04   0.1176293E-03   0.1801148E-03
    14175.00  0.6169551E-04   0.1170807E-03   0.1787762E-03
    14225.00  0.6090421E-04   0.1165361E-03   0.1774403E-03
    14275.00  0.6012329E-04   0.1159955E-03   0.1761188E-03
    14325.00  0.5935146E-04   0.1154589E-03   0.1748103E-03
    14375.00  0.5858462E-04   0.1149261E-03   0.1735107E-03
    14425.00  0.5778639E-04   0.1143972E-03   0.1721835E-03
    14475.00  0.5709300E-04   0.1138720E-03   0.1709650E-03
    14525.00  0.5634847E-04   0.1133507E-03   0.1696992E-03
    14570.00  0.5572265E-04   0.1128847E-03   0.1686074E-03
    14620.00  0.5522307E-04   0.9308627E-04   0.1483093E-03
    14675.00  0.5446925E-04   0.9262874E-04   0.1470980E-03
    14725.00  0.5378721E-04   0.9211804E-04   0.1459052E-03
    14775.00  0.5309730E-04   0.9170893E-04   0.1448062E-03
    14825.00  0.5241576E-04   0.9130278E-04   0.1437185E-03
    14875.00  0.5171436E-04   0.9089956E-04   0.1426139E-03
    14925.00  0.5109114E-04   0.9049923E-04   0.1415904E-03
    14975.00  0.5048736E-04   0.9010177E-04   0.1405891E-03
    15025.00  0.4976109E-04   0.8970714E-04   0.1394682E-03
    15075.00  0.4918000E-04   0.8931533E-04   0.1384953E-03
    15125.00  0.4858827E-04   0.8892629E-04   0.1375146E-03
    15175.00  0.4802309E-04   0.8854001E-04   0.1365631E-03
    15225.00  0.4757877E-04   0.8815657E-04   0.1357353E-03
    15275.00  0.4679098E-04   0.8777594E-04   0.1345669E-03
    15325.00  0.4625696E-04   0.8739797E-04   0.1336549E-03
    15375.00  0.4589236E-04   0.8702263E-04   0.1329150E-03
    15425.00  0.4506034E-04   0.8664991E-04   0.1317103E-03
    15475.00  0.4485130E-04   0.8627978E-04   0.1311311E-03
    15525.00  0.4433238E-04   0.8591221E-04   0.1302446E-03
    15575.00  0.4335574E-04   0.8554718E-04   0.1289029E-03
    15625.00  0.4348120E-04   0.8518467E-04   0.1286659E-03
    15675.00  0.4264170E-04   0.8482465E-04   0.1274664E-03
    15725.00  0.4184731E-04   0.8446710E-04   0.1263144E-03
    15775.00  0.4201289E-04   0.8411199E-04   0.1261249E-03
    15825.00  0.4147870E-04   0.8375931E-04   0.1252380E-03
    15875.00  0.4009965E-04   0.8340902E-04   0.1235087E-03
    15925.00  0.4037032E-04   0.8306112E-04   0.1234314E-03
    15975.00  0.4019173E-04   0.8271557E-04   0.1229073E-03
    16050.00  0.3930860E-04   0.8220161E-04   0.1215102E-03
    16150.00  0.3799614E-04   0.8152437E-04   0.1195205E-03
    16250.00  0.3773246E-04   0.8085618E-04   0.1185886E-03
    16350.00  0.3664661E-04   0.8019685E-04   0.1168435E-03
    16450.00  0.3543063E-04   0.7954624E-04   0.1149769E-03
    16550.00  0.3522881E-04   0.7890419E-04   0.1141330E-03
    16650.00  0.3443996E-04   0.7827053E-04   0.1127105E-03
    16750.00  0.3341375E-04   0.7764513E-04   0.1110589E-03
    16850.00  0.3230140E-04   0.7702784E-04   0.1093292E-03
    16950.00  0.3217713E-04   0.7641851E-04   0.1085956E-03
    17050.00  0.3144939E-04   0.7581700E-04   0.1072664E-03
    17150.00  0.3080408E-04   0.7522318E-04   0.1060273E-03
    17250.00  0.3008164E-04   0.7463691E-04   0.1047186E-03
    17350.00  0.2873347E-04   0.7405807E-04   0.1027915E-03
    17450.00  0.2871076E-04   0.7348652E-04   0.1021973E-03
    17550.00  0.2820855E-04   0.7292213E-04   0.1011307E-03
    17650.00  0.2761231E-04   0.7236480E-04   0.9997711E-04
    17750.00  0.2701837E-04   0.7181439E-04   0.9883276E-04
    17850.00  0.2644503E-04   0.7127080E-04   0.9771583E-04
    17950.00  0.2589319E-04   0.7073390E-04   0.9662709E-04
    18050.00  0.2531931E-04   0.7020358E-04   0.9552289E-04
    18150.00  0.2422962E-04   0.6967973E-04   0.9390935E-04
    18250.00  0.2414906E-04   0.6916232E-04   0.9331138E-04
    18350.00  0.2379410E-04   0.6865171E-04   0.9244581E-04
    18450.00  0.2331242E-04   0.6814720E-04   0.9145962E-04
    18550.00  0.2282546E-04   0.6627406E-04   0.8909952E-04
    18650.00  0.2229339E-04   0.6579300E-04   0.8808639E-04
    18750.00  0.2134376E-04   0.6531764E-04   0.8666140E-04
    18850.00  0.2142815E-04   0.6484787E-04   0.8627602E-04
    18950.00  0.2103467E-04   0.6438360E-04   0.8541827E-04
    19050.00  0.2060616E-04   0.6392476E-04   0.8453092E-04
    19150.00  0.2021804E-04   0.6347125E-04   0.8368929E-04
    19250.00  0.1981501E-04   0.6302299E-04   0.8283800E-04
    19350.00  0.1937399E-04   0.6257990E-04   0.8195389E-04
    19450.00  0.1854439E-04   0.6214190E-04   0.8068629E-04
    19550.00  0.1862346E-04   0.6170890E-04   0.8033236E-04
    19650.00  0.1831294E-04   0.6128083E-04   0.7959377E-04
    19750.00  0.1795904E-04   0.6085762E-04   0.7881666E-04
    19850.00  0.1761487E-04   0.6043919E-04   0.7805406E-04
    19950.00  0.1727818E-04   0.6002546E-04   0.7730364E-04
    20050.00  0.1695140E-04   0.5961637E-04   0.7656777E-04
    20150.00  0.1663205E-04   0.5921184E-04   0.7584389E-04
    20250.00  0.1631480E-04   0.5880534E-04   0.7512014E-04
    20350.00  0.1601554E-04   0.5840978E-04   0.7442532E-04
    20450.00  0.1571990E-04   0.5801858E-04   0.7373848E-04
    20550.00  0.1542162E-04   0.5763168E-04   0.7305330E-04
    20650.00  0.1514005E-04   0.5724901E-04   0.7238906E-04
    20750.00  0.1485453E-04   0.5687051E-04   0.7172504E-04
    20850.00  0.1458911E-04   0.5649612E-04   0.7108523E-04
    20950.00  0.1432509E-04   0.5612577E-04   0.7045086E-04
    21050.00  0.1406595E-04   0.5575941E-04   0.6982536E-04
    21150.00  0.1379603E-04   0.5539698E-04   0.6919301E-04
    21250.00  0.1355329E-04   0.5503842E-04   0.6859171E-04
    21350.00  0.1331224E-04   0.5468368E-04   0.6799592E-04
    21450.00  0.1307450E-04   0.5433270E-04   0.6740720E-04
    21550.00  0.1281893E-04   0.5398235E-04   0.6680128E-04
    21650.00  0.1229567E-04   0.5363877E-04   0.6593444E-04
    21750.00  0.1234433E-04   0.5329880E-04   0.6564313E-04
    21850.00  0.1217258E-04   0.5296237E-04   0.6513495E-04
    21950.00  0.1196905E-04   0.5262944E-04   0.6459849E-04
    22050.00  0.1176144E-04   0.5229997E-04   0.6406141E-04
    22150.00  0.1155599E-04   0.5197389E-04   0.6352988E-04
    22250.00  0.1135277E-04   0.5160118E-04   0.6295395E-04
    22350.00  0.1116135E-04   0.5128229E-04   0.6244364E-04
    22450.00  0.1097164E-04   0.5096665E-04   0.6193829E-04
    22550.00  0.1078391E-04   0.5065421E-04   0.6143812E-04
    22650.00  0.1059852E-04   0.5034494E-04   0.6094346E-04
    22750.00  0.1042022E-04   0.5003879E-04   0.6045901E-04
    22850.00  0.1026968E-04   0.4559927E-04   0.5586895E-04
    22950.00  0.1009907E-04   0.4531424E-04   0.5541331E-04
    23050.00  0.9932093E-05   0.4504684E-04   0.5497893E-04
    23150.00  0.9766342E-05   0.4478208E-04   0.5454843E-04
    23250.00  0.9599906E-05   0.4451995E-04   0.5411985E-04
    23350.00  0.9443998E-05   0.4426038E-04   0.5370438E-04
    23450.00  0.9288900E-05   0.4400336E-04   0.5329226E-04
    23550.00  0.9136806E-05   0.4374885E-04   0.5288565E-04
    23650.00  0.8984514E-05   0.4349681E-04   0.5248132E-04
    23750.00  0.8839330E-05   0.4324721E-04   0.5208654E-04
    23850.00  0.8697247E-05   0.4300002E-04   0.5169726E-04
    23950.00  0.8557936E-05   0.4275520E-04   0.5131314E-04
    24050.00  0.8418299E-05   0.4251273E-04   0.5093103E-04
    24150.00  0.8278524E-05   0.4227258E-04   0.5055110E-04
    24250.00  0.8163565E-05   0.4203471E-04   0.5019827E-04
    24350.00  0.8019794E-05   0.4179909E-04   0.4981888E-04
    24450.00  0.7891483E-05   0.4156569E-04   0.4945718E-04
    24550.00  0.7788128E-05   0.4133450E-04   0.4912262E-04
    24650.00  0.7651371E-05   0.4110547E-04   0.4875684E-04
    24750.00  0.7528565E-05   0.4087857E-04   0.4840714E-04
    24850.00  0.7439043E-05   0.4065379E-04   0.4809284E-04
    24950.00  0.7274922E-05   0.4043110E-04   0.4770602E-04
    25050.00  0.7231500E-05   0.4021046E-04   0.4744196E-04
    25150.00  0.7108379E-05   0.3999186E-04   0.4710024E-04
    25250.00  0.6934108E-05   0.3977526E-04   0.4670937E-04
    25350.00  0.6886208E-05   0.3956064E-04   0.4644685E-04
    25450.00  0.6794177E-05   0.3934798E-04   0.4614216E-04
    25550.00  0.6679191E-05   0.3913725E-04   0.4581644E-04
    25650.00  0.6513985E-05   0.3892842E-04   0.4544241E-04
    25750.00  0.6481864E-05   0.3872148E-04   0.4520335E-04
    25850.00  0.6396112E-05   0.3851640E-04   0.4491252E-04
    25950.00  0.6299984E-05   0.3831316E-04   0.4461315E-04
    26050.00  0.6183237E-05   0.3811173E-04   0.4429497E-04
    26150.00  0.6024170E-05   0.3791210E-04   0.4393627E-04
    26250.00  0.5868518E-05   0.3771423E-04   0.4358275E-04
    26350.00  0.5915475E-05   0.3751811E-04   0.4343359E-04
    26450.00  0.5851150E-05   0.3732372E-04   0.4317487E-04
    26550.00  0.5765387E-05   0.3713104E-04   0.4289643E-04
    26650.00  0.5668792E-05   0.3694004E-04   0.4260883E-04
    26750.00  0.5511619E-05   0.3675071E-04   0.4226233E-04
    26850.00  0.5506915E-05   0.3656302E-04   0.4206993E-04
    26950.00  0.5443669E-05   0.3637696E-04   0.4182063E-04
    27050.00  0.5368164E-05   0.3619250E-04   0.4156066E-04
    27150.00  0.5291654E-05   0.3600963E-04   0.4130129E-04
    27250.00  0.5215206E-05   0.3582833E-04   0.4104354E-04
    27350.00  0.5141190E-05   0.3564858E-04   0.4078977E-04
    27450.00  0.5062094E-05   0.3547036E-04   0.4053245E-04
    27550.00  0.4918145E-05   0.3529365E-04   0.4021180E-04
    27650.00  0.4895896E-05   0.3477890E-04   0.3967480E-04
    27750.00  0.4855065E-05   0.3460722E-04   0.3946229E-04
    27850.00  0.4792733E-05   0.3443698E-04   0.3922971E-04
    27950.00  0.4727745E-05   0.3426817E-04   0.3899591E-04
    28050.00  0.4662848E-05   0.3410076E-04   0.3876361E-04
    28150.00  0.4598326E-05   0.3393475E-04   0.3853308E-04
    28250.00  0.4534081E-05   0.3377012E-04   0.3830420E-04
    28350.00  0.4473110E-05   0.3360685E-04   0.3807996E-04
    28450.00  0.4412109E-05   0.3344492E-04   0.3785703E-04
    28550.00  0.4348668E-05   0.3328433E-04   0.3763300E-04
    28650.00  0.4270120E-05   0.3312505E-04   0.3739517E-04
    28750.00  0.4152200E-05   0.3296707E-04   0.3711927E-04
    28850.00  0.4168910E-05   0.3281038E-04   0.3697929E-04
    28950.00  0.4122034E-05   0.3265496E-04   0.3677699E-04
    29050.00  0.4068727E-05   0.3250080E-04   0.3656952E-04
    29150.00  0.4014552E-05   0.3234788E-04   0.3636243E-04
    29250.00  0.3960537E-05   0.3219619E-04   0.3615672E-04
    29350.00  0.3909301E-05   0.3204571E-04   0.3595501E-04
    29450.00  0.3858375E-05   0.3189644E-04   0.3575481E-04
    29550.00  0.3807804E-05   0.3174836E-04   0.3555616E-04
    29650.00  0.3757514E-05   0.3160145E-04   0.3535896E-04
    29750.00  0.3707917E-05   0.3145449E-04   0.3516240E-04
    29850.00  0.3660497E-05   0.3130989E-04   0.3497039E-04
    29950.00  0.3613439E-05   0.3116643E-04   0.3477987E-04
    30050.00  0.3566586E-05   0.3102410E-04   0.3459069E-04
    30150.00  0.3519279E-05   0.3088288E-04   0.3440216E-04
    30250.00  0.3468494E-05   0.3074277E-04   0.3421126E-04
    30350.00  0.3372559E-05   0.3060374E-04   0.3397630E-04
    30450.00  0.3353173E-05   0.3046579E-04   0.3381896E-04
    30550.00  0.3340326E-05   0.3032891E-04   0.3366923E-04
    30650.00  0.3301291E-05   0.3019308E-04   0.3349437E-04
    30750.00  0.3259619E-05   0.3005829E-04   0.3331791E-04
    30850.00  0.3219488E-05   0.2992454E-04   0.3314402E-04
    30950.00  0.3179476E-05   0.2979180E-04   0.3297128E-04
    31050.00  0.3139858E-05   0.2966008E-04   0.3279994E-04
    31150.00  0.3100214E-05   0.2952936E-04   0.3262958E-04
    31250.00  0.3061394E-05   0.2939963E-04   0.3246102E-04
    31350.00  0.3024083E-05   0.2927028E-04   0.3229437E-04
    31450.00  0.2986924E-05   0.2914251E-04   0.3212943E-04
    31550.00  0.2950111E-05   0.2901569E-04   0.3196580E-04
    31650.00  0.2913823E-05   0.2888982E-04   0.3180364E-04
    31750.00  0.2877575E-05   0.2876489E-04   0.3164247E-04
    31850.00  0.2843280E-05   0.2864089E-04   0.3148417E-04
    31950.00  0.2809198E-05   0.2851781E-04   0.3132701E-04
    32100.00  0.2758492E-05   0.2832476E-04   0.3108325E-04
    32300.00  0.2691798E-05   0.2808415E-04   0.3077594E-04
    32500.00  0.2627871E-05   0.2784705E-04   0.3047492E-04
    32700.00  0.2565847E-05   0.2761339E-04   0.3017923E-04
    32900.00  0.2471979E-05   0.2621451E-04   0.2868648E-04
    33100.00  0.2437868E-05   0.2599664E-04   0.2843451E-04
    33300.00  0.2387661E-05   0.2578498E-04   0.2817264E-04
    33500.00  0.2333083E-05   0.2557631E-04   0.2790939E-04
    33700.00  0.2280777E-05   0.2537056E-04   0.2765134E-04
    33900.00  0.2229160E-05   0.2516769E-04   0.2739685E-04
    34100.00  0.2178220E-05   0.2496763E-04   0.2714585E-04
    34300.00  0.2128353E-05   0.2477033E-04   0.2689868E-04
    34500.00  0.2078714E-05   0.2457574E-04   0.2665445E-04
    34700.00  0.2032968E-05   0.2438381E-04   0.2641677E-04
    34900.00  0.1987255E-05   0.2419448E-04   0.2618173E-04
    35100.00  0.1943469E-05   0.2400771E-04   0.2595118E-04
    35300.00  0.1900827E-05   0.2382345E-04   0.2572427E-04
    35500.00  0.1858210E-05   0.2364165E-04   0.2549986E-04
    35700.00  0.1818234E-05   0.2346226E-04   0.2528050E-04
    35900.00  0.1782222E-05   0.2328525E-04   0.2506747E-04
    36100.00  0.1740495E-05   0.2311057E-04   0.2485106E-04
    36300.00  0.1706082E-05   0.2293817E-04   0.2464425E-04
    36500.00  0.1664789E-05   0.2276802E-04   0.2443281E-04
    36700.00  0.1634803E-05   0.2260007E-04   0.2423487E-04
    36900.00  0.1595160E-05   0.2243428E-04   0.2402944E-04
    37100.00  0.1565986E-05   0.2227062E-04   0.2383661E-04
    37300.00  0.1523730E-05   0.2210905E-04   0.2363278E-04
    37500.00  0.1482145E-05   0.2194952E-04   0.2343167E-04
    37700.00  0.1470645E-05   0.2179201E-04   0.2326266E-04
    37900.00  0.1441786E-05   0.2163648E-04   0.2307826E-04
    38100.00  0.1407328E-05   0.2148289E-04   0.2289022E-04
    38300.00  0.1379718E-05   0.2133121E-04   0.2271093E-04
    38500.00  0.1354761E-05   0.2118141E-04   0.2253617E-04
    38700.00  0.1328197E-05   0.2092786E-04   0.2225606E-04
    38900.00  0.1300476E-05   0.2078268E-04   0.2208315E-04
    39100.00  0.1267823E-05   0.2063927E-04   0.2190709E-04
    39300.00  0.1249755E-05   0.2049759E-04   0.2174735E-04
    39500.00  0.1225224E-05   0.2035763E-04   0.2158285E-04
    39700.00  0.1201685E-05   0.2021935E-04   0.2142103E-04
    39900.00  0.1178412E-05   0.2008272E-04   0.2126113E-04
    40100.00  0.1150973E-05   0.1994771E-04   0.2109868E-04
    40300.00  0.1125614E-05   0.1981430E-04   0.2093992E-04
    40500.00  0.1096023E-05   0.1968247E-04   0.2077849E-04
    40700.00  0.1088453E-05   0.1955217E-04   0.2064063E-04
    40900.00  0.1068905E-05   0.1942340E-04   0.2049231E-04
    41100.00  0.1048659E-05   0.1929584E-04   0.2034449E-04
    41300.00  0.1028289E-05   0.1917003E-04   0.2019832E-04
    41500.00  0.1007688E-05   0.1904568E-04   0.2005336E-04
    41700.00  0.9812911E-06   0.1892274E-04   0.1990404E-04
    41900.00  0.9707492E-06   0.1880121E-04   0.1977196E-04
    42100.00  0.9538006E-06   0.1868106E-04   0.1963486E-04
    42300.00  0.9360856E-06   0.1856227E-04   0.1949835E-04
    42500.00  0.9183289E-06   0.1844481E-04   0.1936314E-04
    42700.00  0.9019695E-06   0.1832867E-04   0.1923064E-04
    42900.00  0.8851966E-06   0.1821382E-04   0.1909901E-04
    43100.00  0.8692808E-06   0.1810008E-04   0.1896936E-04
    43300.00  0.8533649E-06   0.1798776E-04   0.1884112E-04
    43500.00  0.8369614E-06   0.1787668E-04   0.1871364E-04
    43700.00  0.8150795E-06   0.1776681E-04   0.1858189E-04
    43900.00  0.8056689E-06   0.1765551E-04   0.1846118E-04
    44100.00  0.7934727E-06   0.1754805E-04   0.1834153E-04
    44300.00  0.7794641E-06   0.1744175E-04   0.1822122E-04
    44500.00  0.7654698E-06   0.1733660E-04   0.1810207E-04
    44700.00  0.7529368E-06   0.1714196E-04   0.1789489E-04
    44900.00  0.7400310E-06   0.1673038E-04   0.1747041E-04
    45100.00  0.7270827E-06   0.1663175E-04   0.1735883E-04
    45300.00  0.7142928E-06   0.1653415E-04   0.1724845E-04
    45500.00  0.7017497E-06   0.1643759E-04   0.1713934E-04
    45700.00  0.6899948E-06   0.1634202E-04   0.1703202E-04
    45900.00  0.6781917E-06   0.1624745E-04   0.1692565E-04
    46100.00  0.6665432E-06   0.1615386E-04   0.1682041E-04
    46300.00  0.6545086E-06   0.1606124E-04   0.1671575E-04
    46500.00  0.6344120E-06   0.1596956E-04   0.1660397E-04
    46700.00  0.6251855E-06   0.1587882E-04   0.1650400E-04
    46900.00  0.6213603E-06   0.1578900E-04   0.1641036E-04
    47100.00  0.6123805E-06   0.1570009E-04   0.1631247E-04
    47300.00  0.6023622E-06   0.1561208E-04   0.1621444E-04
    47500.00  0.5921672E-06   0.1552495E-04   0.1611712E-04
    47700.00  0.5826356E-06   0.1543870E-04   0.1602133E-04
    47900.00  0.5731769E-06   0.1535330E-04   0.1592648E-04
    48100.00  0.5637645E-06   0.1526875E-04   0.1583251E-04
    48300.00  0.5545332E-06   0.1518503E-04   0.1573957E-04
    48500.00  0.5453638E-06   0.1510214E-04   0.1564751E-04
    48700.00  0.5368168E-06   0.1502006E-04   0.1555688E-04
    48900.00  0.5283487E-06   0.1493879E-04   0.1546714E-04
    49100.00  0.5200270E-06   0.1485830E-04   0.1537833E-04
    49300.00  0.5117208E-06   0.1477859E-04   0.1529031E-04
    49500.00  0.5035316E-06   0.1469965E-04   0.1520318E-04
    49700.00  0.4954066E-06   0.1462147E-04   0.1511688E-04
    49900.00  0.4874288E-06   0.1454404E-04   0.1503147E-04
    50100.00  0.4811464E-06   0.1446734E-04   0.1494849E-04
    50300.00  0.4765797E-06   0.1439137E-04   0.1486795E-04
    50500.00  0.4720557E-06   0.1431612E-04   0.1478818E-04
    50700.00  0.4676453E-06   0.1424158E-04   0.1470923E-04
    50900.00  0.4632518E-06   0.1416774E-04   0.1463099E-04
    51100.00  0.4581283E-06   0.1409459E-04   0.1455272E-04
    51300.00  0.4491092E-06   0.1402212E-04   0.1447123E-04
    51500.00  0.4501102E-06   0.1391141E-04   0.1436152E-04
    51700.00  0.4466735E-06   0.1384055E-04   0.1428723E-04
    51900.00  0.4427028E-06   0.1377034E-04   0.1421305E-04
    52100.00  0.4387801E-06   0.1370078E-04   0.1413956E-04
    52300.00  0.4349070E-06   0.1363185E-04   0.1406675E-04
    52500.00  0.4310956E-06   0.1356354E-04   0.1399464E-04
    52700.00  0.4273465E-06   0.1349586E-04   0.1392320E-04
    52900.00  0.4236369E-06   0.1342878E-04   0.1385242E-04
    53100.00  0.4200138E-06   0.1336231E-04   0.1378232E-04
    53300.00  0.4164234E-06   0.1329643E-04   0.1371285E-04
    53500.00  0.4128858E-06   0.1323114E-04   0.1364403E-04
    53700.00  0.4094214E-06   0.1316643E-04   0.1357585E-04
    53900.00  0.4060046E-06   0.1310230E-04   0.1350830E-04
    54100.00  0.4026200E-06   0.1303873E-04   0.1344135E-04
    54300.00  0.3992714E-06   0.1297562E-04   0.1337489E-04
    54500.00  0.3960195E-06   0.1291316E-04   0.1330918E-04
    54700.00  0.3927870E-06   0.1285125E-04   0.1324404E-04
    54900.00  0.3896056E-06   0.1278987E-04   0.1317948E-04
    55100.00  0.3864715E-06   0.1272903E-04   0.1311550E-04
    55300.00  0.3833968E-06   0.1266871E-04   0.1305210E-04
    55500.00  0.3803144E-06   0.1260891E-04   0.1298922E-04
    55700.00  0.3773230E-06   0.1254962E-04   0.1292694E-04
    55900.00  0.3743418E-06   0.1249083E-04   0.1286518E-04
    56100.00  0.3714238E-06   0.1243255E-04   0.1280398E-04
    56300.00  0.3685397E-06   0.1237476E-04   0.1274330E-04
    56500.00  0.3657072E-06   0.1231742E-04   0.1268313E-04
    56700.00  0.3628849E-06   0.1226060E-04   0.1262349E-04
    56900.00  0.3601041E-06   0.1220426E-04   0.1256436E-04
    57100.00  0.3573802E-06   0.1214838E-04   0.1250576E-04
    57300.00  0.3546776E-06   0.1209297E-04   0.1244765E-04
    57500.00  0.3520095E-06   0.1203722E-04   0.1238923E-04
    57700.00  0.3493872E-06   0.1198274E-04   0.1233213E-04
    57900.00  0.3467925E-06   0.1192870E-04   0.1227550E-04
    58100.00  0.3442225E-06   0.1187511E-04   0.1221934E-04
    58300.00  0.3416762E-06   0.1182196E-04   0.1216364E-04
    58500.00  0.3393111E-06   0.1161141E-04   0.1195072E-04
    58700.00  0.3367625E-06   0.1155983E-04   0.1189659E-04
    58900.00  0.3337826E-06   0.1150895E-04   0.1184274E-04
    59100.00  0.3284700E-06   0.1145848E-04   0.1178695E-04
    59300.00  0.3292229E-06   0.1140842E-04   0.1173764E-04
    59500.00  0.3272139E-06   0.1135876E-04   0.1168597E-04
    59700.00  0.3249478E-06   0.1130949E-04   0.1163444E-04
    59900.00  0.3226436E-06   0.1126061E-04   0.1158325E-04
    60100.00  0.3203721E-06   0.1121212E-04   0.1153249E-04
    60300.00  0.3181259E-06   0.1116401E-04   0.1148214E-04
    60500.00  0.3159053E-06   0.1111628E-04   0.1143219E-04
    60700.00  0.3137195E-06   0.1106893E-04   0.1138264E-04
    60900.00  0.3115518E-06   0.1102194E-04   0.1133349E-04
    61100.00  0.3094013E-06   0.1097532E-04   0.1128472E-04
    61300.00  0.3072921E-06   0.1092906E-04   0.1123635E-04
    61500.00  0.3051985E-06   0.1088316E-04   0.1118835E-04
    61700.00  0.3031245E-06   0.1083761E-04   0.1114073E-04
    61900.00  0.3010714E-06   0.1079241E-04   0.1109348E-04
    62100.00  0.2990426E-06   0.1074756E-04   0.1104660E-04
    62300.00  0.2970338E-06   0.1070305E-04   0.1100008E-04
    62500.00  0.2950557E-06   0.1065887E-04   0.1095393E-04
    62700.00  0.2930983E-06   0.1061504E-04   0.1090813E-04
    62900.00  0.2911544E-06   0.1057153E-04   0.1086268E-04
    63100.00  0.2892350E-06   0.1052835E-04   0.1081759E-04
    63300.00  0.2873420E-06   0.1048550E-04   0.1077284E-04
    63500.00  0.2854580E-06   0.1044296E-04   0.1072842E-04
    63700.00  0.2835980E-06   0.1040075E-04   0.1068434E-04
    63900.00  0.2817585E-06   0.1035884E-04   0.1064060E-04
    64200.00  0.2790197E-06   0.1029657E-04   0.1057559E-04
    64600.00  0.2754396E-06   0.1021461E-04   0.1049005E-04
    65000.00  0.2719320E-06   0.1013384E-04   0.1040577E-04
    65400.00  0.2684961E-06   0.1005425E-04   0.1032274E-04
    65800.00  0.2651223E-06   0.9975800E-05   0.1024092E-04
    66200.00  0.2618094E-06   0.9882285E-05   0.1014409E-04
    66600.00  0.2585474E-06   0.9806246E-05   0.1006479E-04
    67000.00  0.2553528E-06   0.9731283E-05   0.9986636E-05
    67400.00  0.2522114E-06   0.9657375E-05   0.9909587E-05
    67800.00  0.2491264E-06   0.9584501E-05   0.9833627E-05
    68200.00  0.2460893E-06   0.9512639E-05   0.9758728E-05
    68600.00  0.2431087E-06   0.9441770E-05   0.9684879E-05
    69000.00  0.2401754E-06   0.9371875E-05   0.9612050E-05
    69400.00  0.2372841E-06   0.9302902E-05   0.9540187E-05
    69800.00  0.2344413E-06   0.9234896E-05   0.9469337E-05
    70200.00  0.2316443E-06   0.9167807E-05   0.9399451E-05
    70600.00  0.2288881E-06   0.9101618E-05   0.9330507E-05
    71000.00  0.2261753E-06   0.9036313E-05   0.9262488E-05
    71400.00  0.2235018E-06   0.8971873E-05   0.9195374E-05
    71800.00  0.2208668E-06   0.8908266E-05   0.9129132E-05
    72200.00  0.2182652E-06   0.8845508E-05   0.9063774E-05
    72600.00  0.2157003E-06   0.8783570E-05   0.8999270E-05
    73000.00  0.2131718E-06   0.8722134E-05   0.8935306E-05
    73400.00  0.2106781E-06   0.8661796E-05   0.8872474E-05
    73800.00  0.2082163E-06   0.8602231E-05   0.8810447E-05
    74200.00  0.2057136E-06   0.8474040E-05   0.8679753E-05
    74600.00  0.2024987E-06   0.8416679E-05   0.8619178E-05
    75000.00  0.2001389E-06   0.8360040E-05   0.8560178E-05
    75400.00  0.1986191E-06   0.8304109E-05   0.8502728E-05
    75800.00  0.1963665E-06   0.8248873E-05   0.8445240E-05
    76200.00  0.1940816E-06   0.8194321E-05   0.8388403E-05
    76600.00  0.1918240E-06   0.8140441E-05   0.8332265E-05
    77000.00  0.1895885E-06   0.8087219E-05   0.8276808E-05
    77400.00  0.1873763E-06   0.8034646E-05   0.8222022E-05
    77800.00  0.1851931E-06   0.7982709E-05   0.8167902E-05
    78200.00  0.1830307E-06   0.7931398E-05   0.8114428E-05
    78600.00  0.1808898E-06   0.7880701E-05   0.8061591E-05
    79000.00  0.1787734E-06   0.7830609E-05   0.8009382E-05
    79400.00  0.1766770E-06   0.7781111E-05   0.7957788E-05
    79800.00  0.1745989E-06   0.7732196E-05   0.7906795E-05
    80200.00  0.1725430E-06   0.7683855E-05   0.7856398E-05
    80600.00  0.1705054E-06   0.7636079E-05   0.7806585E-05
    81000.00  0.1684837E-06   0.7588858E-05   0.7757341E-05
    81400.00  0.1664832E-06   0.7542182E-05   0.7708665E-05
    81800.00  0.1645007E-06   0.7496043E-05   0.7660543E-05
    82200.00  0.1625334E-06   0.7450431E-05   0.7612964E-05
    82600.00  0.1605851E-06   0.7397877E-05   0.7558462E-05
    83000.00  0.1586534E-06   0.7353364E-05   0.7512018E-05
    83400.00  0.1567327E-06   0.7309352E-05   0.7466085E-05
    83800.00  0.1548307E-06   0.7265834E-05   0.7420665E-05
    84200.00  0.1529440E-06   0.7222801E-05   0.7375745E-05
    84600.00  0.1510708E-06   0.7180245E-05   0.7331316E-05
    85000.00  0.1492125E-06   0.7138159E-05   0.7287372E-05
    85400.00  0.1473675E-06   0.7096536E-05   0.7243904E-05
    85800.00  0.1455358E-06   0.7055368E-05   0.7200904E-05
    86200.00  0.1437194E-06   0.7014638E-05   0.7158357E-05
    86600.00  0.1419113E-06   0.6974359E-05   0.7116271E-05
    87000.00  0.1401185E-06   0.6934515E-05   0.7074633E-05
    87400.00  0.1383369E-06   0.6895098E-05   0.7033435E-05
    87800.00  0.1365675E-06   0.6856102E-05   0.6992669E-05
    88200.00  0.1348080E-06   0.6817520E-05   0.6952328E-05
    88600.00  0.1330591E-06   0.6779346E-05   0.6912405E-05
    89000.00  0.1313205E-06   0.6741567E-05   0.6872888E-05
    89400.00  0.1295951E-06   0.6704193E-05   0.6833788E-05
    89800.00  0.1278775E-06   0.6667208E-05   0.6795086E-05
    90200.00  0.1261705E-06   0.6630484E-05   0.6756654E-05
    90600.00  0.1244735E-06   0.6594258E-05   0.6718731E-05
    91000.00  0.1227863E-06   0.6558405E-05   0.6681191E-05
    91400.00  0.1211075E-06   0.6489511E-05   0.6610618E-05
    91800.00  0.1194382E-06   0.6454625E-05   0.6574063E-05
    92200.00  0.1177771E-06   0.6420134E-05   0.6537911E-05
    92600.00  0.1161244E-06   0.6385990E-05   0.6502114E-05
    93000.00  0.1144806E-06   0.6352189E-05   0.6466670E-05
    93400.00  0.1128413E-06   0.6318726E-05   0.6431567E-05
    93800.00  0.1112115E-06   0.6285595E-05   0.6396807E-05
    94200.00  0.1095904E-06   0.6252793E-05   0.6362383E-05
    94600.00  0.1079769E-06   0.6220314E-05   0.6328291E-05
    95000.00  0.1063720E-06   0.6188153E-05   0.6294525E-05
    95400.00  0.1047725E-06   0.6156307E-05   0.6261080E-05
    95800.00  0.1031803E-06   0.6124771E-05   0.6227952E-05
    96200.00  0.1015944E-06   0.6093541E-05   0.6195135E-05
    96600.00  0.1000143E-06   0.6062611E-05   0.6162626E-05
    97000.00  0.9844191E-07   0.6031979E-05   0.6130421E-05
    97400.00  0.9687518E-07   0.6001639E-05   0.6098515E-05
    97800.00  0.9531410E-07   0.5971589E-05   0.6066903E-05
    98200.00  0.9376073E-07   0.5941823E-05   0.6035584E-05
    98600.00  0.9221014E-07   0.5912338E-05   0.6004548E-05
    99000.00  0.9066630E-07   0.5883131E-05   0.5973797E-05
    99400.00  0.8912825E-07   0.5854196E-05   0.5943325E-05
    99800.00  0.8759566E-07   0.5825532E-05   0.5913128E-05
   100200.00  0.8606846E-07   0.1317274E-05   0.1403343E-05
   200000.00  0.4004397E-08   0.3306372E-06   0.3346416E-06
   400000.00  0.2898255E-09   0.8265930E-07   0.8294913E-07
   600000.00  0.2498613E-10   0.3673747E-07   0.3676245E-07
   800000.00  0.1094951E-10   0.2066483E-07   0.2067578E-07
  1000000.00  0.3309443E-11   0.1322549E-07   0.1322880E-07
  1200000.00  0.2424097E-11   0.9184367E-08   0.9186791E-08
  1400000.00  0.2028632E-11   0.6747698E-08   0.6749727E-08
  1600000.00  0.1821742E-11   0.5166206E-08   0.5168028E-08
