       91.00  0.7196890E-27   0.0000000E+00   0.7196890E-27
       94.00  0.8484581E-27   0.0000000E+00   0.8484581E-27
       96.00  0.9343106E-27   0.0000000E+00   0.9343106E-27
       98.00  0.1020158E-26   0.0000000E+00   0.1020158E-26
      100.00  0.1106007E-26   0.0000000E+00   0.1106007E-26
      102.00  0.1191854E-26   0.0000000E+00   0.1191854E-26
      104.00  0.1277700E-26   0.0000000E+00   0.1277700E-26
      106.00  0.1363548E-26   0.0000000E+00   0.1363548E-26
      108.00  0.1449396E-26   0.0000000E+00   0.1449396E-26
      110.00  0.1535243E-26   0.0000000E+00   0.1535243E-26
      114.00  0.1706945E-26   0.0000000E+00   0.1706945E-26
      118.00  0.1878641E-26   0.0000000E+00   0.1878641E-26
      121.00  0.2007416E-26   0.0000000E+00   0.2007416E-26
      125.00  0.2179110E-26   0.0000000E+00   0.2179110E-26
      127.00  0.2264957E-26   0.0000000E+00   0.2264957E-26
      128.00  0.2307879E-26   0.0000000E+00   0.2307879E-26
      131.00  0.2436655E-26   0.0000000E+00   0.2436655E-26
      132.00  0.2479580E-26   0.0000000E+00   0.2479580E-26
      134.00  0.2565427E-26   0.0000000E+00   0.2565427E-26
      137.00  0.2694197E-26   0.0000000E+00   0.2694197E-26
      140.00  0.2822968E-26   0.0000000E+00   0.2822968E-26
      143.00  0.2951747E-26   0.0000000E+00   0.2951747E-26
      147.00  0.3123440E-26   0.0000000E+00   0.3123440E-26
      151.00  0.3295135E-26   0.0000000E+00   0.3295135E-26
      155.00  0.5965154E-27   0.0000000E+00   0.5965154E-27
      159.00  0.2120567E-26   0.0000000E+00   0.2120567E-26
      162.00  0.6242542E-24   0.0000000E+00   0.6242542E-24
      166.00  0.2024967E-23   0.0000000E+00   0.2024967E-23
      170.00  0.3425685E-23   0.0000000E+00   0.3425685E-23
      173.00  0.4476224E-23   0.0000000E+00   0.4476224E-23
      177.00  0.5876962E-23   0.0000000E+00   0.5876962E-23
      180.00  0.8957114E-23   0.0000000E+00   0.8957114E-23
      182.00  0.8372219E-22   0.0000000E+00   0.8372219E-22
      186.00  0.3481037E-21   0.0000000E+00   0.3481037E-21
      191.00  0.6785824E-21   0.0000000E+00   0.6785824E-21
      194.00  0.1419098E-20   0.0000000E+00   0.1419098E-20
      198.00  0.2250477E-16   0.0000000E+00   0.2250477E-16
      202.00  0.4501808E-16   0.0000000E+00   0.4501808E-16
      205.00  0.9033084E-16   0.0000000E+00   0.9033084E-16
      210.00  0.3439115E-15   0.0000000E+00   0.3439115E-15
      216.00  0.1475308E-14   0.0000000E+00   0.1475308E-14
      220.00  0.3737196E-14   0.0000000E+00   0.3737196E-14
      223.00  0.7382042E-14   0.0000000E+00   0.7382042E-14
      227.00  0.6116339E-14   0.0000000E+00   0.6116339E-14
      228.00  0.4706074E-14   0.0000000E+00   0.4706074E-14
      228.00  0.1389465E-08   0.0000000E+00   0.1389465E-08
      230.00  0.2998976E-10   0.0000000E+00   0.2998976E-10
      234.00  0.2748940E-08   0.0000000E+00   0.2748940E-08
      240.00  0.1050362E-07   0.0000000E+00   0.1050362E-07
      246.00  0.1556454E-07   0.0000000E+00   0.1556454E-07
      252.00  0.3022083E-07   0.0000000E+00   0.3022083E-07
      257.00  0.4686190E-07   0.0000000E+00   0.4686190E-07
      260.00  0.4199210E-07   0.0000000E+00   0.4199210E-07
      264.00  0.1938234E-07   0.0000000E+00   0.1938234E-07
      269.00  0.4851814E-07   0.0000000E+00   0.4851814E-07
      274.00  0.7638517E-07   0.0000000E+00   0.7638517E-07
      279.00  0.7265076E-07   0.0000000E+00   0.7265076E-07
      284.00  0.2703570E-06   0.0000000E+00   0.2703570E-06
      290.00  0.1861020E-06   0.0000000E+00   0.1861020E-06
      296.00  0.7801328E-06   0.0000000E+00   0.7801328E-06
      301.00  0.3170172E-06   0.0000000E+00   0.3170172E-06
      308.00  0.4770608E-06   0.0000000E+00   0.4770608E-06
      318.00  0.9178111E-06   0.0000000E+00   0.9178111E-06
      328.00  0.1766801E-05   0.0000000E+00   0.1766801E-05
      338.00  0.2424365E-05   0.0000000E+00   0.2424365E-05
      348.00  0.3610812E-05   0.0000000E+00   0.3610812E-05
      353.30  0.4454062E-05   0.0000000E+00   0.4454062E-05
      353.30  0.3232391E-05   0.0000000E+00   0.3232391E-05
      357.00  0.3915093E-05   0.0000000E+00   0.3915093E-05
      366.00  0.5575713E-05   0.0000000E+00   0.5575713E-05
      375.00  0.1890413E-04   0.0000000E+00   0.1890413E-04
      385.00  0.3525024E-05   0.0000000E+00   0.3525024E-05
      395.00  0.1152673E-04   0.0000000E+00   0.1152673E-04
      405.00  0.2318523E-04   0.0000000E+00   0.2318523E-04
      414.00  0.2491364E-04   0.0000000E+00   0.2491364E-04
      422.00  0.3115475E-04   0.0000000E+00   0.3115475E-04
      430.00  0.4184819E-04   0.0000000E+00   0.4184819E-04
      441.00  0.4915876E-04   0.0000000E+00   0.4915876E-04
      451.00  0.5929541E-04   0.0000000E+00   0.5929541E-04
      460.00  0.2534886E-03   0.0000000E+00   0.2534886E-03
      470.00  0.8710201E-04   0.0000000E+00   0.8710201E-04
      480.00  0.1167161E-03   0.0000000E+00   0.1167161E-03
      490.00  0.1289538E-03   0.0000000E+00   0.1289538E-03
      500.00  0.1459215E-03   0.0000000E+00   0.1459215E-03
      504.60  0.1540330E-03   0.0000000E+00   0.1540330E-03
      504.60  0.1120538E-02   0.0000000E+00   0.1120538E-02
      506.00  0.2181210E-04   0.0000000E+00   0.2181210E-04
      512.00  0.2219264E-02   0.0000000E+00   0.2219264E-02
      520.00  0.2585174E-02   0.0000000E+00   0.2585174E-02
      530.00  0.1681814E-02   0.0000000E+00   0.1681814E-02
      540.00  0.8758676E-03   0.0000000E+00   0.8758676E-03
      550.00  0.2823020E-02   0.0000000E+00   0.2823020E-02
      560.00  0.3256009E-02   0.0000000E+00   0.3256009E-02
      570.00  0.3501628E-02   0.0000000E+00   0.3501628E-02
      580.00  0.1658432E-02   0.0000000E+00   0.1658432E-02
      590.00  0.4084685E-02   0.0000000E+00   0.4084685E-02
      600.00  0.4153462E-02   0.0000000E+00   0.4153462E-02
      610.00  0.2472278E-02   0.0000000E+00   0.2472278E-02
      620.00  0.4645206E-02   0.0000000E+00   0.4645206E-02
      630.00  0.4728296E-02   0.0000000E+00   0.4728296E-02
      640.00  0.5035509E-02   0.0000000E+00   0.5035509E-02
      650.00  0.4016637E-02   0.0000000E+00   0.4016637E-02
      658.00  0.4760858E-02   0.0000000E+00   0.4760858E-02
      665.00  0.4643524E-02   0.0000000E+00   0.4643524E-02
      675.00  0.5592561E-02   0.0000000E+00   0.5592561E-02
      685.00  0.3328931E-01   0.0000000E+00   0.3328931E-01
      695.00  0.4321926E-02   0.0000000E+00   0.4321926E-02
      705.00  0.7958040E-02   0.0000000E+00   0.7958040E-02
      716.00  0.6594340E-02   0.0000000E+00   0.6594340E-02
      726.00  0.6701870E-02   0.0000000E+00   0.6701870E-02
      735.00  0.6988886E-02   0.0000000E+00   0.6988886E-02
      745.00  0.6282632E-02   0.0000000E+00   0.6282632E-02
      755.00  0.7298542E-02   0.0000000E+00   0.7298542E-02
      765.00  0.1640041E-01   0.0000000E+00   0.1640041E-01
      775.00  0.8003794E-02   0.0000000E+00   0.8003794E-02
      785.00  0.2504445E-02   0.0000000E+00   0.2504445E-02
      795.00  0.8311654E-02   0.0000000E+00   0.8311654E-02
      805.00  0.8654957E-02   0.0000000E+00   0.8654957E-02
      815.00  0.6551992E-02   0.0000000E+00   0.6551992E-02
      825.00  0.9091396E-02   0.0000000E+00   0.9091396E-02
      835.00  0.1378291E-01   0.0000000E+00   0.1378291E-01
      845.00  0.1076683E-01   0.0000000E+00   0.1076683E-01
      855.00  0.7765384E-02   0.0000000E+00   0.7765384E-02
      865.00  0.1013254E-01   0.0000000E+00   0.1013254E-01
      875.00  0.1016206E-01   0.0000000E+00   0.1016206E-01
      885.00  0.1042937E-01   0.0000000E+00   0.1042937E-01
      895.00  0.1022343E-01   0.0000000E+00   0.1022343E-01
      905.00  0.1008065E-01   0.0000000E+00   0.1008065E-01
      912.40  0.1001566E-01   0.3457998E-06   0.1001600E-01
      912.40  0.3758861E+00   0.3458050E-06   0.3758864E+00
      915.00  0.3623818E+00   0.3943992E-06   0.3623822E+00
      925.00  0.3104418E+00   0.4565369E-06   0.3104423E+00
      935.00  0.3064739E+00   0.5266882E-06   0.3064744E+00
      945.00  0.2059333E+00   0.6056430E-06   0.2059339E+00
      955.00  0.3140649E+00   0.6942420E-06   0.3140656E+00
      965.00  0.3055952E+00   0.7933773E-06   0.3055960E+00
      975.00  0.7303519E-01   0.9039933E-06   0.7303609E-01
      985.00  0.8301206E-01   0.1027087E-05   0.8301309E-01
      995.00  0.3246051E+00   0.1163709E-05   0.3246063E+00
     1005.00  0.3079125E+00   0.1314962E-05   0.3079138E+00
     1015.00  0.2552876E+00   0.1482005E-05   0.2552891E+00
     1025.00  0.2684337E+00   0.1666048E-05   0.2684354E+00
     1035.00  0.2425106E+00   0.1868355E-05   0.2425125E+00
     1045.00  0.2987706E+00   0.2090295E-05   0.2987727E+00
     1055.00  0.2972062E+00   0.2333201E-05   0.2972085E+00
     1065.00  0.2772361E+00   0.2598490E-05   0.2772387E+00
     1075.00  0.2259999E+00   0.2887631E-05   0.2260028E+00
     1085.00  0.2453012E+00   0.3202148E-05   0.2453044E+00
     1095.00  0.2719167E+00   0.3543611E-05   0.2719202E+00
     1105.00  0.2666403E+00   0.3913637E-05   0.2666442E+00
     1115.00  0.2412719E+00   0.4313888E-05   0.2412762E+00
     1125.00  0.1039550E+00   0.4746065E-05   0.1039597E+00
     1135.00  0.2524242E+00   0.5211925E-05   0.2524294E+00
     1145.00  0.2460361E+00   0.5713256E-05   0.2460418E+00
     1155.00  0.1111580E+00   0.6251891E-05   0.1111643E+00
     1165.00  0.1411526E+00   0.6829692E-05   0.1411594E+00
     1175.00  0.1669366E+00   0.7448563E-05   0.1669440E+00
     1185.00  0.2218932E+00   0.8110435E-05   0.2219013E+00
     1195.00  0.2075363E+00   0.8817273E-05   0.2075451E+00
     1205.00  0.1744219E+00   0.9571067E-05   0.1744315E+00
     1215.00  0.1685793E+00   0.1037383E-04   0.1685897E+00
     1225.00  0.1650296E+00   0.9539313E-04   0.1651250E+00
     1235.00  0.2005965E+00   0.1726574E-03   0.2007692E+00
     1245.00  0.1835067E+00   0.2385051E-03   0.1837452E+00
     1255.00  0.1805496E+00   0.2949241E-03   0.1808445E+00
     1265.00  0.1908290E+00   0.3433887E-03   0.1911724E+00
     1275.00  0.1931168E+00   0.3850649E-03   0.1935019E+00
     1285.00  0.1459462E+00   0.4209050E-03   0.1463671E+00
     1295.00  0.1491731E+00   0.4517020E-03   0.1496248E+00
     1305.00  0.1771413E+00   0.4781249E-03   0.1776194E+00
     1315.00  0.1620096E+00   0.5007434E-03   0.1625103E+00
     1325.00  0.1583836E+00   0.5200461E-03   0.1589036E+00
     1335.00  0.1698158E+00   0.5364544E-03   0.1703523E+00
     1345.00  0.1305620E+00   0.5503337E-03   0.1311123E+00
     1355.00  0.1654164E+00   0.5620019E-03   0.1659784E+00
     1365.00  0.1609632E+00   0.5717362E-03   0.1615349E+00
     1375.00  0.1547137E+00   0.5797796E-03   0.1552935E+00
     1385.00  0.1514440E+00   0.5863455E-03   0.1520303E+00
     1395.00  0.1612499E+00   0.5916212E-03   0.1618415E+00
     1405.00  0.1703977E+00   0.5957724E-03   0.1709935E+00
     1415.00  0.1334073E+00   0.5989450E-03   0.1340062E+00
     1425.00  0.1202230E+00   0.6012684E-03   0.1208243E+00
     1435.00  0.1393567E+00   0.6028570E-03   0.1399596E+00
     1442.00  0.1399065E+00   0.6035869E-03   0.1405101E+00
     1447.00  0.1399495E+00   0.6039360E-03   0.1405534E+00
     1455.00  0.1379491E+00   0.6042257E-03   0.1385533E+00
     1465.00  0.1270133E+00   0.6041766E-03   0.1276175E+00
     1475.00  0.1301781E+00   0.6037369E-03   0.1307818E+00
     1485.00  0.1157811E+00   0.6029705E-03   0.1163841E+00
     1495.00  0.1286351E+00   0.6019345E-03   0.1292370E+00
     1505.00  0.1233109E+00   0.6006798E-03   0.1239116E+00
     1512.00  0.1151524E+00   0.5996961E-03   0.1157521E+00
     1517.00  0.1163761E+00   0.5989494E-03   0.1169750E+00
     1525.00  0.8979934E-01   0.5976920E-03   0.9039703E-01
     1535.00  0.1063126E+00   0.5960361E-03   0.1069086E+00
     1545.00  0.4281671E-01   0.5943171E-03   0.4341103E-01
     1555.00  0.1131526E+00   0.5925598E-03   0.1137452E+00
     1565.00  0.6983436E-01   0.5907941E-03   0.7042515E-01
     1575.00  0.1057382E+00   0.5890438E-03   0.1063272E+00
     1585.00  0.7178358E-01   0.5873301E-03   0.7237091E-01
     1595.00  0.1067480E+00   0.5856718E-03   0.1073337E+00
     1605.00  0.1059836E+00   0.5840861E-03   0.1065677E+00
     1615.00  0.1043616E+00   0.5825880E-03   0.1049442E+00
     1625.00  0.1019156E+00   0.5811913E-03   0.1024968E+00
     1635.00  0.1009298E+00   0.5799073E-03   0.1015097E+00
     1645.00  0.9941836E-01   0.5787472E-03   0.9999711E-01
     1655.00  0.9666101E-01   0.5777212E-03   0.9723873E-01
     1665.00  0.9659406E-01   0.5768382E-03   0.9717090E-01
     1672.00  0.9362398E-01   0.5763094E-03   0.9420029E-01
     1677.00  0.9435792E-01   0.5759782E-03   0.9493390E-01
     1685.00  0.9387115E-01   0.5755313E-03   0.9444668E-01
     1695.00  0.9173118E-01   0.5751205E-03   0.9230630E-01
     1705.00  0.8969925E-01   0.5748789E-03   0.9027413E-01
     1715.00  0.8777027E-01   0.5748115E-03   0.8834508E-01
     1725.00  0.8631540E-01   0.5749223E-03   0.8689032E-01
     1735.00  0.8572526E-01   0.5752152E-03   0.8630048E-01
     1745.00  0.8412079E-01   0.5756933E-03   0.8469648E-01
     1755.00  0.8377997E-01   0.5763595E-03   0.8435633E-01
     1765.00  0.8114326E-01   0.5772161E-03   0.8172048E-01
     1775.00  0.8069683E-01   0.5782652E-03   0.8127510E-01
     1785.00  0.7959366E-01   0.5795084E-03   0.8017317E-01
     1795.00  0.7914650E-01   0.5809472E-03   0.7972745E-01
     1805.00  0.7785294E-01   0.5825826E-03   0.7843552E-01
     1815.00  0.7611369E-01   0.5844154E-03   0.7669811E-01
     1825.00  0.7505634E-01   0.5864464E-03   0.7564279E-01
     1835.00  0.7358169E-01   0.5886762E-03   0.7417037E-01
     1845.00  0.7168670E-01   0.5911047E-03   0.7227780E-01
     1855.00  0.7048306E-01   0.5937319E-03   0.7107679E-01
     1865.00  0.6974533E-01   0.5965577E-03   0.7034189E-01
     1875.00  0.6974196E-01   0.5995818E-03   0.7034154E-01
     1885.00  0.6793798E-01   0.6028037E-03   0.6854078E-01
     1895.00  0.6644182E-01   0.6062228E-03   0.6704804E-01
     1905.00  0.6619695E-01   0.6098385E-03   0.6680679E-01
     1915.00  0.6489922E-01   0.6136498E-03   0.6551287E-01
     1925.00  0.6389311E-01   0.6176560E-03   0.6451077E-01
     1935.00  0.6337012E-01   0.6218560E-03   0.6399198E-01
     1945.00  0.6292448E-01   0.6262386E-03   0.6355072E-01
     1955.00  0.6139364E-01   0.6307981E-03   0.6202444E-01
     1967.00  0.6120219E-01   0.6365156E-03   0.6183871E-01
     1976.00  0.6074000E-01   0.6409784E-03   0.6138098E-01
     1984.00  0.5953999E-01   0.6450701E-03   0.6018506E-01
     1995.00  0.5825610E-01   0.6508861E-03   0.5890699E-01
     2005.00  0.5782442E-01   0.6563627E-03   0.5848078E-01
     2015.00  0.5673793E-01   0.6620177E-03   0.5739995E-01
     2025.00  0.5651145E-01   0.6678495E-03   0.5717930E-01
     2035.00  0.5531056E-01   0.6738916E-03   0.5598445E-01
     2045.00  0.5485499E-01   0.6801235E-03   0.5553511E-01
     2055.00  0.5404698E-01   0.3215583E-03   0.5436854E-01
     2065.00  0.5350375E-01   0.3194350E-03   0.5382319E-01
     2074.00  0.5335351E-01   0.3175846E-03   0.5367109E-01
     2078.00  0.5274878E-01   0.3167803E-03   0.5306556E-01
     2085.00  0.5252058E-01   0.3153996E-03   0.5283598E-01
     2095.00  0.5139150E-01   0.3134856E-03   0.5170499E-01
     2105.00  0.5092580E-01   0.3116393E-03   0.5123744E-01
     2115.00  0.5029934E-01   0.3098598E-03   0.5060920E-01
     2125.00  0.4982256E-01   0.3081462E-03   0.5013071E-01
     2135.00  0.4850532E-01   0.3064975E-03   0.4881182E-01
     2145.00  0.4821713E-01   0.3049126E-03   0.4852204E-01
     2155.00  0.4790778E-01   0.3033908E-03   0.4821117E-01
     2165.00  0.4697874E-01   0.3019309E-03   0.4728067E-01
     2175.00  0.4629573E-01   0.3005322E-03   0.4659626E-01
     2185.00  0.4562658E-01   0.2991938E-03   0.4592577E-01
     2195.00  0.4555392E-01   0.2979146E-03   0.4585183E-01
     2205.00  0.4469642E-01   0.2966936E-03   0.4499311E-01
     2215.00  0.4376743E-01   0.2955299E-03   0.4406296E-01
     2225.00  0.4289875E-01   0.2944226E-03   0.4319317E-01
     2235.00  0.4304088E-01   0.2933707E-03   0.4333425E-01
     2245.00  0.4204915E-01   0.2923734E-03   0.4234152E-01
     2255.00  0.4137914E-01   0.2914297E-03   0.4167057E-01
     2265.00  0.4101865E-01   0.2905387E-03   0.4130919E-01
     2275.00  0.4080901E-01   0.2896996E-03   0.4109871E-01
     2285.00  0.4052570E-01   0.2889086E-03   0.4081461E-01
     2295.00  0.3966312E-01   0.2881645E-03   0.3995128E-01
     2305.00  0.3911885E-01   0.2874693E-03   0.3940632E-01
     2315.00  0.3841367E-01   0.2868221E-03   0.3870049E-01
     2325.00  0.3632613E-01   0.2862221E-03   0.3661235E-01
     2335.00  0.3720546E-01   0.2856685E-03   0.3749113E-01
     2345.00  0.3644338E-01   0.2851603E-03   0.3672854E-01
     2355.00  0.3656526E-01   0.2846969E-03   0.3684996E-01
     2365.00  0.3562594E-01   0.2842773E-03   0.3591022E-01
     2375.00  0.3546290E-01   0.2839008E-03   0.3574680E-01
     2385.00  0.3453060E-01   0.2835666E-03   0.3481417E-01
     2395.00  0.3463302E-01   0.2832739E-03   0.3491629E-01
     2405.00  0.3393176E-01   0.2830222E-03   0.3421478E-01
     2415.00  0.3368278E-01   0.2828106E-03   0.3396559E-01
     2425.00  0.3361971E-01   0.2826383E-03   0.3390235E-01
     2435.00  0.3294409E-01   0.2825046E-03   0.3322659E-01
     2445.00  0.3297539E-01   0.2824086E-03   0.3325780E-01
     2455.00  0.3245124E-01   0.2823497E-03   0.3273359E-01
     2465.00  0.3205654E-01   0.2823271E-03   0.3233887E-01
     2475.00  0.3150925E-01   0.2823402E-03   0.3179159E-01
     2485.00  0.3154101E-01   0.2823883E-03   0.3182340E-01
     2495.00  0.3096726E-01   0.2824706E-03   0.3124973E-01
     2505.00  0.3107729E-01   0.2825866E-03   0.3135988E-01
     2513.00  0.3031522E-01   0.2827030E-03   0.3059792E-01
     2518.00  0.3041349E-01   0.2827864E-03   0.3069628E-01
     2525.00  0.2979520E-01   0.2829165E-03   0.3007812E-01
     2535.00  0.2947139E-01   0.2831293E-03   0.2975452E-01
     2545.00  0.2909582E-01   0.2833728E-03   0.2937919E-01
     2555.00  0.2910856E-01   0.2836468E-03   0.2939221E-01
     2565.00  0.2872321E-01   0.2839504E-03   0.2900716E-01
     2575.00  0.2877186E-01   0.2842831E-03   0.2905614E-01
     2585.00  0.2844378E-01   0.2846443E-03   0.2872842E-01
     2595.00  0.2811871E-01   0.2850334E-03   0.2840374E-01
     2605.00  0.2759616E-01   0.2748688E-03   0.2787103E-01
     2615.00  0.2738565E-01   0.2752437E-03   0.2766089E-01
     2625.00  0.2726614E-01   0.2756457E-03   0.2754179E-01
     2635.00  0.2704271E-01   0.2760742E-03   0.2731878E-01
     2645.00  0.2722748E-01   0.2765286E-03   0.2750401E-01
     2655.00  0.2690015E-01   0.2770085E-03   0.2717716E-01
     2665.00  0.2632799E-01   0.2775133E-03   0.2660550E-01
     2675.00  0.2625440E-01   0.2780424E-03   0.2653244E-01
     2685.00  0.2597966E-01   0.2785954E-03   0.2625826E-01
     2695.00  0.2555337E-01   0.2791718E-03   0.2583254E-01
     2705.00  0.2539863E-01   0.2797710E-03   0.2567840E-01
     2715.00  0.2494559E-01   0.2803926E-03   0.2522598E-01
     2725.00  0.2470664E-01   0.2810360E-03   0.2498768E-01
     2735.00  0.2474161E-01   0.2817008E-03   0.2502331E-01
     2745.00  0.2389598E-01   0.2823865E-03   0.2417837E-01
     2755.00  0.2369350E-01   0.2830927E-03   0.2397659E-01
     2765.00  0.2364642E-01   0.2838188E-03   0.2393024E-01
     2775.00  0.2365362E-01   0.2845645E-03   0.2393818E-01
     2785.00  0.2341128E-01   0.2853292E-03   0.2369661E-01
     2795.00  0.2248706E-01   0.2861127E-03   0.2277317E-01
     2805.00  0.2260681E-01   0.2869143E-03   0.2289372E-01
     2815.00  0.2286276E-01   0.2877336E-03   0.2315049E-01
     2825.00  0.2261871E-01   0.2885704E-03   0.2290728E-01
     2835.00  0.2222238E-01   0.2894241E-03   0.2251180E-01
     2845.00  0.2190086E-01   0.2902943E-03   0.2219115E-01
     2855.00  0.2171416E-01   0.2911776E-03   0.2200534E-01
     2865.00  0.2169375E-01   0.2920732E-03   0.2198582E-01
     2875.00  0.2139549E-01   0.2929837E-03   0.2168847E-01
     2885.00  0.2129575E-01   0.2939089E-03   0.2158966E-01
     2895.00  0.2104473E-01   0.2948482E-03   0.2133958E-01
     2910.00  0.2101411E-01   0.2962830E-03   0.2131039E-01
     2930.00  0.2050460E-01   0.2982423E-03   0.2080284E-01
     2950.00  0.2009038E-01   0.3002519E-03   0.2039063E-01
     2970.00  0.1977407E-01   0.3023089E-03   0.2007638E-01
     2990.00  0.1943281E-01   0.3044107E-03   0.1973722E-01
     3010.00  0.1918292E-01   0.3065546E-03   0.1948947E-01
     3030.00  0.1884043E-01   0.3087383E-03   0.1914917E-01
     3050.00  0.1847686E-01   0.3109602E-03   0.1878782E-01
     3070.00  0.1814180E-01   0.3132184E-03   0.1845502E-01
     3090.00  0.1788173E-01   0.3155096E-03   0.1819724E-01
     3110.00  0.1752567E-01   0.3178317E-03   0.1784350E-01
     3130.00  0.1720149E-01   0.3172974E-03   0.1751879E-01
     3150.00  0.1695142E-01   0.3196433E-03   0.1727106E-01
     3170.00  0.1665848E-01   0.3220141E-03   0.1698049E-01
     3190.00  0.1626081E-01   0.3244080E-03   0.1658522E-01
     3210.00  0.1608914E-01   0.3268230E-03   0.1641596E-01
     3230.00  0.1578413E-01   0.3292573E-03   0.1611339E-01
     3250.00  0.1556391E-01   0.3317092E-03   0.1589562E-01
     3270.00  0.1535920E-01   0.3341727E-03   0.1569337E-01
     3290.00  0.1511924E-01   0.3366473E-03   0.1545589E-01
     3310.00  0.1489558E-01   0.3391337E-03   0.1523471E-01
     3330.00  0.1462985E-01   0.3416304E-03   0.1497148E-01
     3350.00  0.1435412E-01   0.3441359E-03   0.1469826E-01
     3370.00  0.1411117E-01   0.3466488E-03   0.1445782E-01
     3390.00  0.1388961E-01   0.3491677E-03   0.1423878E-01
     3410.00  0.1372040E-01   0.3516914E-03   0.1407209E-01
     3430.00  0.1350944E-01   0.3332261E-03   0.1384267E-01
     3450.00  0.1337509E-01   0.3355088E-03   0.1371060E-01
     3470.00  0.1316753E-01   0.3377941E-03   0.1350532E-01
     3490.00  0.1298222E-01   0.3400808E-03   0.1332230E-01
     3510.00  0.1283341E-01   0.3423676E-03   0.1317578E-01
     3530.00  0.1262026E-01   0.3446493E-03   0.1296491E-01
     3550.00  0.1246938E-01   0.3469287E-03   0.1281631E-01
     3570.00  0.1220481E-01   0.3492048E-03   0.1255401E-01
     3590.00  0.1201938E-01   0.3514768E-03   0.1237086E-01
     3610.00  0.1189548E-01   0.3537436E-03   0.1224922E-01
     3630.00  0.1174176E-01   0.3560046E-03   0.1209776E-01
     3640.00  0.1167981E-01   0.3571326E-03   0.1203694E-01
     3650.00  0.1319696E-01   0.7581509E-04   0.1327278E-01
     3670.00  0.1286658E-01   0.7534597E-04   0.1294193E-01
     3690.00  0.1309497E-01   0.7054717E-04   0.1316552E-01
     3710.00  0.1432142E-01   0.7006093E-04   0.1439148E-01
     3730.00  0.1427577E-01   0.6958920E-04   0.1434536E-01
     3750.00  0.1538512E-01   0.6913153E-04   0.1545425E-01
     3770.00  0.1532614E-01   0.6868746E-04   0.1539483E-01
     3790.00  0.1586386E-01   0.6825657E-04   0.1593212E-01
     3810.00  0.1639184E-01   0.6783845E-04   0.1645968E-01
     3830.00  0.1481586E-01   0.6743270E-04   0.1488329E-01
     3850.00  0.1624865E-01   0.6703891E-04   0.1631569E-01
     3870.00  0.1634882E-01   0.6665673E-04   0.1641548E-01
     3890.00  0.1410730E-01   0.6628578E-04   0.1417359E-01
     3910.00  0.1600263E-01   0.6592570E-04   0.1606856E-01
     3930.00  0.1535551E-01   0.6557617E-04   0.1542109E-01
     3950.00  0.1545992E-01   0.6523683E-04   0.1552516E-01
     3970.00  0.1296307E-01   0.6490752E-04   0.1302798E-01
     3990.00  0.1520554E-01   0.6458821E-04   0.1527013E-01
     4010.00  0.1527634E-01   0.6427813E-04   0.1534062E-01
     4030.00  0.1500242E-01   0.6397701E-04   0.1506640E-01
     4050.00  0.1489702E-01   0.6368455E-04   0.1496070E-01
     4070.00  0.1460040E-01   0.6340048E-04   0.1466380E-01
     4090.00  0.1405324E-01   0.6312453E-04   0.1411636E-01
     4110.00  0.1269678E-01   0.6285646E-04   0.1275964E-01
     4130.00  0.1398680E-01   0.6259601E-04   0.1404940E-01
     4150.00  0.1391686E-01   0.6234293E-04   0.1397920E-01
     4170.00  0.1373337E-01   0.6209699E-04   0.1379547E-01
     4190.00  0.1356499E-01   0.6185798E-04   0.1362685E-01
     4210.00  0.1342264E-01   0.6162566E-04   0.1348427E-01
     4230.00  0.1325527E-01   0.6139982E-04   0.1331667E-01
     4250.00  0.1308199E-01   0.6118025E-04   0.1314317E-01
     4270.00  0.1285071E-01   0.6096677E-04   0.1291168E-01
     4290.00  0.1264610E-01   0.6075917E-04   0.1270686E-01
     4310.00  0.1226804E-01   0.6055726E-04   0.1232860E-01
     4330.00  0.1182529E-01   0.6036086E-04   0.1188565E-01
     4350.00  0.1099752E-01   0.6016983E-04   0.1105769E-01
     4370.00  0.1216995E-01   0.5998401E-04   0.1222993E-01
     4390.00  0.1191692E-01   0.5980318E-04   0.1197672E-01
     4410.00  0.1188170E-01   0.5962719E-04   0.1194133E-01
     4430.00  0.1185298E-01   0.5945587E-04   0.1191244E-01
     4450.00  0.1172785E-01   0.5928908E-04   0.1178714E-01
     4470.00  0.1157907E-01   0.5912666E-04   0.1163820E-01
     4490.00  0.1151664E-01   0.5896849E-04   0.1157561E-01
     4510.00  0.1157567E-01   0.5881440E-04   0.1163448E-01
     4530.00  0.1127490E-01   0.5866429E-04   0.1133356E-01
     4550.00  0.1112652E-01   0.5851800E-04   0.1118504E-01
     4570.00  0.1117986E-01   0.5837543E-04   0.1123824E-01
     4590.00  0.1095077E-01   0.5823644E-04   0.1100901E-01
     4610.00  0.1094964E-01   0.5810092E-04   0.1100774E-01
     4630.00  0.1076508E-01   0.5796875E-04   0.1082305E-01
     4650.00  0.1069785E-01   0.5783982E-04   0.1075569E-01
     4670.00  0.1061578E-01   0.5771404E-04   0.1067349E-01
     4690.00  0.1049018E-01   0.5759127E-04   0.1054777E-01
     4710.00  0.1029281E-01   0.5747144E-04   0.1035028E-01
     4730.00  0.1029351E-01   0.5735444E-04   0.1035086E-01
     4750.00  0.1025600E-01   0.5724017E-04   0.1031324E-01
     4770.00  0.1017439E-01   0.5712854E-04   0.1023152E-01
     4790.00  0.1005188E-01   0.5701947E-04   0.1010890E-01
     4810.00  0.9922162E-02   0.5691277E-04   0.9979075E-02
     4830.00  0.9806881E-02   0.5680834E-04   0.9863689E-02
     4850.00  0.9289504E-02   0.5670621E-04   0.9346210E-02
     4870.00  0.8469943E-02   0.5660630E-04   0.8526549E-02
     4890.00  0.9484590E-02   0.5650852E-04   0.9541099E-02
     4910.00  0.9435382E-02   0.5641279E-04   0.9491795E-02
     4930.00  0.9268336E-02   0.5631907E-04   0.9324655E-02
     4950.00  0.9335896E-02   0.5622726E-04   0.9392123E-02
     4970.00  0.9240289E-02   0.5613730E-04   0.9296426E-02
     4990.00  0.9013439E-02   0.5604913E-04   0.9069488E-02
     5010.00  0.8813332E-02   0.5596269E-04   0.8869295E-02
     5030.00  0.8875303E-02   0.5587790E-04   0.8931181E-02
     5050.00  0.8775666E-02   0.5579472E-04   0.8831461E-02
     5070.00  0.8805236E-02   0.5571324E-04   0.8860949E-02
     5090.00  0.8625033E-02   0.5563405E-04   0.8680667E-02
     5110.00  0.8575995E-02   0.5555625E-04   0.8631551E-02
     5130.00  0.8426986E-02   0.5547980E-04   0.8482466E-02
     5150.00  0.8307417E-02   0.5540464E-04   0.8362822E-02
     5170.00  0.8189490E-02   0.5533072E-04   0.8244821E-02
     5190.00  0.8189570E-02   0.5525801E-04   0.8244828E-02
     5210.00  0.8148181E-02   0.5518644E-04   0.8203367E-02
     5230.00  0.8100431E-02   0.5511597E-04   0.8155547E-02
     5250.00  0.8084208E-02   0.5504657E-04   0.8139255E-02
     5270.00  0.7839879E-02   0.5497819E-04   0.7894857E-02
     5290.00  0.7980758E-02   0.5491078E-04   0.8035669E-02
     5310.00  0.7974564E-02   0.5484432E-04   0.8029408E-02
     5330.00  0.7760486E-02   0.5477876E-04   0.7815265E-02
     5350.00  0.7859075E-02   0.5471406E-04   0.7913789E-02
     5370.00  0.7802160E-02   0.5465016E-04   0.7856810E-02
     5390.00  0.7675808E-02   0.5458695E-04   0.7730395E-02
     5410.00  0.7582051E-02   0.5452449E-04   0.7636575E-02
     5430.00  0.7532364E-02   0.5446276E-04   0.7586827E-02
     5450.00  0.7588100E-02   0.5440172E-04   0.7642502E-02
     5470.00  0.7457978E-02   0.5434133E-04   0.7512319E-02
     5490.00  0.7390820E-02   0.5428158E-04   0.7445102E-02
     5510.00  0.7338482E-02   0.5422242E-04   0.7392704E-02
     5530.00  0.7322556E-02   0.5416384E-04   0.7376720E-02
     5550.00  0.7304748E-02   0.5410581E-04   0.7358854E-02
     5570.00  0.7217168E-02   0.5404830E-04   0.7271216E-02
     5590.00  0.7118087E-02   0.5399128E-04   0.7172078E-02
     5610.00  0.7141660E-02   0.5393474E-04   0.7195595E-02
     5630.00  0.7070209E-02   0.5387865E-04   0.7124088E-02
     5650.00  0.7030649E-02   0.5382297E-04   0.7084472E-02
     5670.00  0.6924720E-02   0.5376771E-04   0.6978488E-02
     5690.00  0.6943766E-02   0.5371283E-04   0.6997479E-02
     5710.00  0.6802863E-02   0.4320703E-04   0.6846070E-02
     5730.00  0.6921759E-02   0.4313725E-04   0.6964896E-02
     5750.00  0.6796926E-02   0.4306817E-04   0.6839994E-02
     5770.00  0.6787048E-02   0.4299974E-04   0.6830048E-02
     5790.00  0.6663147E-02   0.4293196E-04   0.6706079E-02
     5810.00  0.6686638E-02   0.4286480E-04   0.6729503E-02
     5830.00  0.6695370E-02   0.4279824E-04   0.6738168E-02
     5850.00  0.6593724E-02   0.4273227E-04   0.6636456E-02
     5870.00  0.6533682E-02   0.4266685E-04   0.6576349E-02
     5890.00  0.6375685E-02   0.4260199E-04   0.6418287E-02
     5910.00  0.6449074E-02   0.4253765E-04   0.6491612E-02
     5930.00  0.6410132E-02   0.4247382E-04   0.6452606E-02
     5950.00  0.6362248E-02   0.4241049E-04   0.6404658E-02
     5970.00  0.6366932E-02   0.4234763E-04   0.6409280E-02
     5990.00  0.6280966E-02   0.4228523E-04   0.6323251E-02
     6010.00  0.6208112E-02   0.4222328E-04   0.6250335E-02
     6030.00  0.6208578E-02   0.4216176E-04   0.6250740E-02
     6050.00  0.6205452E-02   0.4210066E-04   0.6247553E-02
     6070.00  0.6150890E-02   0.4203997E-04   0.6192930E-02
     6090.00  0.6041084E-02   0.4197965E-04   0.6083064E-02
     6110.00  0.6003312E-02   0.4191972E-04   0.6045232E-02
     6130.00  0.5877805E-02   0.4186014E-04   0.5919665E-02
     6150.00  0.5885724E-02   0.4180091E-04   0.5927525E-02
     6170.00  0.5799474E-02   0.4174203E-04   0.5841216E-02
     6190.00  0.5861330E-02   0.4168347E-04   0.5903013E-02
     6210.00  0.5818121E-02   0.4162523E-04   0.5859746E-02
     6230.00  0.5708700E-02   0.4156729E-04   0.5750267E-02
     6250.00  0.5582546E-02   0.4150965E-04   0.5624056E-02
     6270.00  0.5670236E-02   0.4145229E-04   0.5711688E-02
     6290.00  0.5656774E-02   0.4139521E-04   0.5698169E-02
     6310.00  0.5564484E-02   0.4133839E-04   0.5605822E-02
     6330.00  0.5570404E-02   0.4128183E-04   0.5611686E-02
     6350.00  0.5540218E-02   0.4122552E-04   0.5581444E-02
     6370.00  0.5499077E-02   0.4116944E-04   0.5540246E-02
     6390.00  0.5485300E-02   0.4111359E-04   0.5526414E-02
     6410.00  0.5418030E-02   0.4105797E-04   0.5459088E-02
     6430.00  0.5400536E-02   0.4100256E-04   0.5441539E-02
     6450.00  0.5377438E-02   0.4094735E-04   0.5418385E-02
     6470.00  0.5339160E-02   0.4089234E-04   0.5380052E-02
     6490.00  0.5240182E-02   0.4083753E-04   0.5281020E-02
     6510.00  0.5278424E-02   0.4078289E-04   0.5319207E-02
     6530.00  0.5254146E-02   0.4072794E-04   0.5294874E-02
     6550.00  0.5091244E-02   0.4067301E-04   0.5131917E-02
     6570.00  0.4673656E-02   0.4061822E-04   0.4714274E-02
     6590.00  0.5119864E-02   0.4056358E-04   0.5160428E-02
     6610.00  0.5129484E-02   0.4050908E-04   0.5169993E-02
     6630.00  0.5115784E-02   0.4045470E-04   0.5156239E-02
     6650.00  0.5076444E-02   0.4022883E-04   0.5116673E-02
     6670.00  0.5014755E-02   0.4017525E-04   0.5054930E-02
     6690.00  0.5051506E-02   0.4012179E-04   0.5091628E-02
     6710.00  0.4961750E-02   0.4006845E-04   0.5001818E-02
     6730.00  0.4996069E-02   0.4001521E-04   0.5036084E-02
     6750.00  0.4931290E-02   0.3996208E-04   0.4971252E-02
     6770.00  0.4920856E-02   0.3990905E-04   0.4960765E-02
     6790.00  0.4882003E-02   0.3985611E-04   0.4921859E-02
     6810.00  0.4851232E-02   0.3980326E-04   0.4891035E-02
     6830.00  0.4843978E-02   0.3975050E-04   0.4883729E-02
     6850.00  0.4765088E-02   0.3969783E-04   0.4804786E-02
     6870.00  0.4769060E-02   0.3964523E-04   0.4808705E-02
     6890.00  0.4775130E-02   0.3959271E-04   0.4814723E-02
     6910.00  0.4727051E-02   0.3954027E-04   0.4766591E-02
     6930.00  0.4682994E-02   0.3948789E-04   0.4722482E-02
     6950.00  0.4615326E-02   0.3943558E-04   0.4654762E-02
     6970.00  0.4614715E-02   0.3938334E-04   0.4654098E-02
     6990.00  0.4573011E-02   0.3933116E-04   0.4612342E-02
     7010.00  0.4501250E-02   0.3927903E-04   0.4540529E-02
     7030.00  0.4517475E-02   0.3922699E-04   0.4556702E-02
     7050.00  0.4521520E-02   0.3917499E-04   0.4560695E-02
     7070.00  0.4456416E-02   0.3912306E-04   0.4495539E-02
     7090.00  0.4442856E-02   0.3907116E-04   0.4481927E-02
     7110.00  0.4394116E-02   0.3901931E-04   0.4433135E-02
     7130.00  0.4343808E-02   0.3896750E-04   0.4382775E-02
     7150.00  0.4328108E-02   0.3891573E-04   0.4367024E-02
     7170.00  0.4329656E-02   0.3886399E-04   0.4368520E-02
     7190.00  0.4237830E-02   0.3881230E-04   0.4276642E-02
     7210.00  0.4261718E-02   0.3876064E-04   0.4300479E-02
     7230.00  0.4270156E-02   0.3870901E-04   0.4308865E-02
     7250.00  0.4254759E-02   0.3865741E-04   0.4293416E-02
     7270.00  0.4222982E-02   0.3860584E-04   0.4261588E-02
     7290.00  0.4143618E-02   0.3855429E-04   0.4182172E-02
     7310.00  0.4152581E-02   0.3850278E-04   0.4191084E-02
     7330.00  0.4144350E-02   0.3845129E-04   0.4182801E-02
     7350.00  0.4118143E-02   0.3839982E-04   0.4156543E-02
     7370.00  0.4136592E-02   0.3834838E-04   0.4174940E-02
     7390.00  0.4076644E-02   0.3829696E-04   0.4114941E-02
     7410.00  0.4018942E-02   0.3824556E-04   0.4057188E-02
     7430.00  0.4038138E-02   0.3819418E-04   0.4076332E-02
     7450.00  0.4030918E-02   0.3808097E-04   0.4068999E-02
     7470.00  0.4016398E-02   0.3802976E-04   0.4054428E-02
     7490.00  0.3981091E-02   0.3797857E-04   0.4019070E-02
     7510.00  0.3978732E-02   0.3792739E-04   0.4016659E-02
     7530.00  0.3974972E-02   0.3787624E-04   0.4012848E-02
     7550.00  0.3971137E-02   0.3782510E-04   0.4008962E-02
     7570.00  0.3937312E-02   0.3777397E-04   0.3975086E-02
     7590.00  0.3911774E-02   0.3772286E-04   0.3949497E-02
     7610.00  0.3900841E-02   0.3767155E-04   0.3938513E-02
     7630.00  0.3887496E-02   0.3762001E-04   0.3925116E-02
     7650.00  0.3874125E-02   0.3756847E-04   0.3911693E-02
     7670.00  0.3802180E-02   0.3751694E-04   0.3839697E-02
     7690.00  0.3841435E-02   0.3746541E-04   0.3878900E-02
     7710.00  0.3775000E-02   0.3741388E-04   0.3812414E-02
     7730.00  0.3776784E-02   0.3736236E-04   0.3814146E-02
     7750.00  0.3746294E-02   0.3731083E-04   0.3783605E-02
     7770.00  0.3756187E-02   0.3725931E-04   0.3793446E-02
     7790.00  0.3745690E-02   0.3720779E-04   0.3782898E-02
     7810.00  0.3736522E-02   0.3715627E-04   0.3773678E-02
     7830.00  0.3700327E-02   0.3710475E-04   0.3737432E-02
     7850.00  0.3667509E-02   0.3705324E-04   0.3704562E-02
     7870.00  0.3654898E-02   0.3640716E-04   0.3691305E-02
     7890.00  0.3579580E-02   0.3635700E-04   0.3615937E-02
     7910.00  0.3513566E-02   0.3630685E-04   0.3549873E-02
     7930.00  0.3503900E-02   0.3625671E-04   0.3540157E-02
     7950.00  0.3466074E-02   0.3620656E-04   0.3502281E-02
     7970.00  0.3519308E-02   0.3615641E-04   0.3555464E-02
     7990.00  0.3498160E-02   0.3610627E-04   0.3534266E-02
     8010.00  0.3532217E-02   0.3605613E-04   0.3568273E-02
     8030.00  0.3521515E-02   0.3600599E-04   0.3557521E-02
     8050.00  0.3489252E-02   0.3595585E-04   0.3525208E-02
     8070.00  0.3476220E-02   0.3590572E-04   0.3512126E-02
     8090.00  0.3433951E-02   0.3585559E-04   0.3469807E-02
     8110.00  0.3428534E-02   0.3580546E-04   0.3464339E-02
     8130.00  0.3424567E-02   0.3575534E-04   0.3460322E-02
     8150.00  0.3409215E-02   0.3570522E-04   0.3444920E-02
     8170.00  0.3395442E-02   0.3565510E-04   0.3431097E-02
     8190.00  0.3352976E-02   0.3560499E-04   0.3388581E-02
     8210.00  0.3356490E-02   0.3193621E-04   0.3388426E-02
     8230.00  0.3350321E-02   0.1780952E-04   0.3368131E-02
     8250.00  0.3349105E-02   0.1777485E-04   0.3366880E-02
     8270.00  0.3345017E-02   0.1774034E-04   0.3362757E-02
     8290.00  0.3314576E-02   0.1753167E-04   0.3332108E-02
     8310.00  0.3257504E-02   0.1749787E-04   0.3275002E-02
     8330.00  0.3226082E-02   0.1746421E-04   0.3243546E-02
     8350.00  0.3240811E-02   0.1743069E-04   0.3258242E-02
     8370.00  0.3212934E-02   0.1739730E-04   0.3230331E-02
     8390.00  0.3170934E-02   0.1736405E-04   0.3188298E-02
     8410.00  0.3212833E-02   0.1733094E-04   0.3230164E-02
     8430.00  0.3198150E-02   0.1729795E-04   0.3215448E-02
     8450.00  0.3223608E-02   0.1726510E-04   0.3240873E-02
     8470.00  0.3147686E-02   0.1723237E-04   0.3164918E-02
     8490.00  0.3206140E-02   0.1719977E-04   0.3223340E-02
     8510.00  0.3007062E-02   0.1716730E-04   0.3024229E-02
     8530.00  0.3182694E-02   0.1713495E-04   0.3199829E-02
     8550.00  0.2716620E-02   0.1710272E-04   0.2733723E-02
     8570.00  0.3229913E-02   0.1707062E-04   0.3246984E-02
     8590.00  0.3135805E-02   0.1703863E-04   0.3152844E-02
     8610.00  0.3096256E-02   0.1700677E-04   0.3113263E-02
     8630.00  0.3193060E-02   0.1697502E-04   0.3210035E-02
     8650.00  0.3136030E-02   0.1694339E-04   0.3152973E-02
     8670.00  0.2687472E-02   0.1691187E-04   0.2704384E-02
     8690.00  0.3106600E-02   0.1688047E-04   0.3123480E-02
     8710.00  0.3142443E-02   0.1684918E-04   0.3159292E-02
     8730.00  0.3120673E-02   0.1681800E-04   0.3137491E-02
     8750.00  0.2944259E-02   0.1678693E-04   0.2961046E-02
     8770.00  0.3085230E-02   0.1675598E-04   0.3101986E-02
     8790.00  0.3092027E-02   0.1672513E-04   0.3108752E-02
     8810.00  0.3057853E-02   0.1669438E-04   0.3074547E-02
     8830.00  0.3044986E-02   0.1666375E-04   0.3061650E-02
     8850.00  0.3005900E-02   0.1663321E-04   0.3022533E-02
     8870.00  0.2868345E-02   0.1660279E-04   0.2884948E-02
     8890.00  0.3020942E-02   0.1657246E-04   0.3037514E-02
     8910.00  0.3022833E-02   0.1654224E-04   0.3039375E-02
     8930.00  0.2993942E-02   0.1651212E-04   0.3010454E-02
     8950.00  0.2973106E-02   0.1648210E-04   0.2989588E-02
     8970.00  0.2969342E-02   0.1645217E-04   0.2985794E-02
     8990.00  0.2952169E-02   0.1642235E-04   0.2968591E-02
     9010.00  0.2775308E-02   0.1639262E-04   0.2791701E-02
     9030.00  0.2872987E-02   0.1636299E-04   0.2889350E-02
     9050.00  0.2930008E-02   0.1633345E-04   0.2946341E-02
     9070.00  0.2902131E-02   0.1630402E-04   0.2918435E-02
     9090.00  0.2848833E-02   0.1627467E-04   0.2865108E-02
     9110.00  0.2868343E-02   0.1624541E-04   0.2884588E-02
     9130.00  0.2867708E-02   0.1621626E-04   0.2883924E-02
     9150.00  0.2857747E-02   0.1618720E-04   0.2873934E-02
     9170.00  0.2843940E-02   0.1615823E-04   0.2860098E-02
     9190.00  0.2838577E-02   0.1612935E-04   0.2854706E-02
     9210.00  0.2785096E-02   0.1610056E-04   0.2801197E-02
     9230.00  0.2654575E-02   0.1607186E-04   0.2670647E-02
     9250.00  0.2747403E-02   0.1604324E-04   0.2763446E-02
     9270.00  0.2765936E-02   0.1601471E-04   0.2781951E-02
     9290.00  0.2765188E-02   0.1598627E-04   0.2781174E-02
     9310.00  0.2763574E-02   0.1595791E-04   0.2779532E-02
     9330.00  0.2748776E-02   0.1592963E-04   0.2764706E-02
     9350.00  0.2731292E-02   0.1590144E-04   0.2747193E-02
     9370.00  0.2699738E-02   0.1587334E-04   0.2715611E-02
     9390.00  0.2709948E-02   0.1584531E-04   0.2725793E-02
     9410.00  0.2662105E-02   0.1581737E-04   0.2677922E-02
     9430.00  0.2684975E-02   0.1578951E-04   0.2700765E-02
     9450.00  0.2659687E-02   0.1576173E-04   0.2675449E-02
     9470.00  0.2663579E-02   0.1573403E-04   0.2679313E-02
     9490.00  0.2652615E-02   0.1570641E-04   0.2668321E-02
     9510.00  0.2635072E-02   0.1567887E-04   0.2650751E-02
     9530.00  0.2602919E-02   0.1565140E-04   0.2618570E-02
     9550.00  0.2474487E-02   0.1562402E-04   0.2490111E-02
     9570.00  0.2575243E-02   0.1559671E-04   0.2590840E-02
     9590.00  0.2591067E-02   0.1556948E-04   0.2606636E-02
     9610.00  0.2567550E-02   0.1554232E-04   0.2583092E-02
     9630.00  0.2556574E-02   0.1551524E-04   0.2572089E-02
     9650.00  0.2528390E-02   0.1548824E-04   0.2543878E-02
     9670.00  0.2520139E-02   0.1546131E-04   0.2535600E-02
     9690.00  0.2526875E-02   0.1543445E-04   0.2542309E-02
     9710.00  0.2510184E-02   0.1540766E-04   0.2525592E-02
     9730.00  0.2497794E-02   0.1538096E-04   0.2513175E-02
     9750.00  0.2481791E-02   0.1535432E-04   0.2497145E-02
     9770.00  0.2478177E-02   0.1532775E-04   0.2493505E-02
     9790.00  0.2452816E-02   0.1530126E-04   0.2468117E-02
     9810.00  0.2467239E-02   0.1527484E-04   0.2482514E-02
     9830.00  0.2457322E-02   0.1524849E-04   0.2472570E-02
     9850.00  0.2447734E-02   0.1522220E-04   0.2462956E-02
     9870.00  0.2430104E-02   0.1519599E-04   0.2445300E-02
     9890.00  0.2418442E-02   0.1516985E-04   0.2433612E-02
     9910.00  0.2411077E-02   0.1514377E-04   0.2426221E-02
     9930.00  0.2404113E-02   0.1511777E-04   0.2419231E-02
     9950.00  0.2395370E-02   0.1509183E-04   0.2410462E-02
     9970.00  0.2386559E-02   0.1506596E-04   0.2401625E-02
     9990.00  0.2374338E-02   0.1504017E-04   0.2389378E-02
    10025.00  0.2324949E-02   0.1499517E-04   0.2339944E-02
    10075.00  0.2278237E-02   0.1493125E-04   0.2293168E-02
    10125.00  0.2289203E-02   0.1486773E-04   0.2304071E-02
    10175.00  0.2255328E-02   0.1480495E-04   0.2270133E-02
    10225.00  0.2241264E-02   0.1474262E-04   0.2256007E-02
    10275.00  0.2227087E-02   0.1468067E-04   0.2241768E-02
    10325.00  0.2184441E-02   0.1461909E-04   0.2199060E-02
    10375.00  0.2163635E-02   0.1455787E-04   0.2178193E-02
    10425.00  0.2152603E-02   0.1449702E-04   0.2167100E-02
    10475.00  0.2121494E-02   0.1443653E-04   0.2135931E-02
    10525.00  0.2110319E-02   0.1437640E-04   0.2124695E-02
    10575.00  0.2081690E-02   0.1431661E-04   0.2096007E-02
    10625.00  0.2058846E-02   0.1425718E-04   0.2073103E-02
    10675.00  0.2021443E-02   0.1419809E-04   0.2035641E-02
    10725.00  0.2012365E-02   0.1413934E-04   0.2026504E-02
    10775.00  0.1985568E-02   0.1408092E-04   0.1999649E-02
    10825.00  0.1956693E-02   0.1402284E-04   0.1970716E-02
    10875.00  0.1941037E-02   0.1396509E-04   0.1955002E-02
    10925.00  0.1900635E-02   0.1390767E-04   0.1914543E-02
    10975.00  0.1900220E-02   0.1385057E-04   0.1914071E-02
    11025.00  0.1901835E-02   0.1379379E-04   0.1915629E-02
    11075.00  0.1887030E-02   0.1373733E-04   0.1900767E-02
    11125.00  0.1863874E-02   0.1368119E-04   0.1877555E-02
    11175.00  0.1840273E-02   0.1262143E-04   0.1852894E-02
    11225.00  0.1831234E-02   0.1256937E-04   0.1843803E-02
    11275.00  0.1800369E-02   0.1251762E-04   0.1812887E-02
    11325.00  0.1784909E-02   0.1246617E-04   0.1797375E-02
    11375.00  0.1766630E-02   0.1241502E-04   0.1779045E-02
    11425.00  0.1741060E-02   0.1236417E-04   0.1753424E-02
    11475.00  0.1743950E-02   0.1231361E-04   0.1756264E-02
    11525.00  0.1727948E-02   0.1226335E-04   0.1740211E-02
    11575.00  0.1703757E-02   0.1221337E-04   0.1715970E-02
    11625.00  0.1673526E-02   0.1216369E-04   0.1685690E-02
    11675.00  0.1665446E-02   0.1211429E-04   0.1677560E-02
    11725.00  0.1664454E-02   0.1206517E-04   0.1676519E-02
    11775.00  0.1633144E-02   0.1201633E-04   0.1645160E-02
    11825.00  0.1619985E-02   0.1196777E-04   0.1631953E-02
    11875.00  0.1591402E-02   0.1191949E-04   0.1603321E-02
    11925.00  0.1603314E-02   0.1187148E-04   0.1615185E-02
    11975.00  0.1558717E-02   0.1182374E-04   0.1570541E-02
    12025.00  0.1565970E-02   0.1177627E-04   0.1577746E-02
    12075.00  0.1544768E-02   0.1172907E-04   0.1556497E-02
    12125.00  0.1534774E-02   0.1168213E-04   0.1546456E-02
    12175.00  0.1529168E-02   0.1163546E-04   0.1540803E-02
    12225.00  0.1513446E-02   0.1158904E-04   0.1525035E-02
    12275.00  0.1496516E-02   0.1154289E-04   0.1508059E-02
    12325.00  0.1485613E-02   0.1149699E-04   0.1497110E-02
    12375.00  0.1471596E-02   0.1145135E-04   0.1483047E-02
    12425.00  0.1459390E-02   0.1140595E-04   0.1470796E-02
    12475.00  0.1448893E-02   0.1136081E-04   0.1460254E-02
    12525.00  0.1432273E-02   0.1130511E-04   0.1443578E-02
    12575.00  0.1420073E-02   0.1126054E-04   0.1431334E-02
    12625.00  0.1407101E-02   0.1121622E-04   0.1418317E-02
    12675.00  0.1393503E-02   0.1117214E-04   0.1404675E-02
    12725.00  0.1385899E-02   0.1112831E-04   0.1397027E-02
    12775.00  0.1374323E-02   0.1108471E-04   0.1385408E-02
    12825.00  0.1321229E-02   0.1104136E-04   0.1332270E-02
    12875.00  0.1343985E-02   0.1099823E-04   0.1354983E-02
    12925.00  0.1331501E-02   0.1095535E-04   0.1342456E-02
    12975.00  0.1328854E-02   0.1091269E-04   0.1339767E-02
    13025.00  0.1313693E-02   0.1087027E-04   0.1324563E-02
    13075.00  0.1307031E-02   0.1082798E-04   0.1317859E-02
    13125.00  0.1288886E-02   0.1078590E-04   0.1299672E-02
    13175.00  0.1277750E-02   0.1074404E-04   0.1288494E-02
    13225.00  0.1272616E-02   0.1070241E-04   0.1283318E-02
    13275.00  0.1252020E-02   0.1066101E-04   0.1262681E-02
    13325.00  0.1250925E-02   0.1061982E-04   0.1261545E-02
    13375.00  0.1238344E-02   0.1057885E-04   0.1248923E-02
    13425.00  0.1235833E-02   0.1053810E-04   0.1246371E-02
    13475.00  0.1224910E-02   0.1049757E-04   0.1235408E-02
    13525.00  0.1215828E-02   0.1045725E-04   0.1226285E-02
    13575.00  0.1196532E-02   0.1041715E-04   0.1206949E-02
    13625.00  0.1187495E-02   0.1037283E-04   0.1197868E-02
    13675.00  0.1182593E-02   0.1033317E-04   0.1192926E-02
    13725.00  0.1175124E-02   0.1029372E-04   0.1185418E-02
    13775.00  0.1166883E-02   0.1025448E-04   0.1177137E-02
    13825.00  0.1159894E-02   0.1021544E-04   0.1170109E-02
    13875.00  0.1146528E-02   0.1017661E-04   0.1156705E-02
    13925.00  0.1144398E-02   0.1013799E-04   0.1154536E-02
    13975.00  0.1137271E-02   0.1009957E-04   0.1147371E-02
    14025.00  0.1120180E-02   0.1006135E-04   0.1130241E-02
    14075.00  0.1120360E-02   0.1002333E-04   0.1130383E-02
    14125.00  0.1106343E-02   0.9939008E-05   0.1116282E-02
    14175.00  0.1105679E-02   0.9901686E-05   0.1115581E-02
    14225.00  0.1087459E-02   0.9864558E-05   0.1097324E-02
    14275.00  0.1075847E-02   0.9827624E-05   0.1085675E-02
    14325.00  0.1079077E-02   0.9790883E-05   0.1088868E-02
    14375.00  0.1076694E-02   0.9754333E-05   0.1086448E-02
    14425.00  0.1048919E-02   0.9717972E-05   0.1058637E-02
    14475.00  0.1060129E-02   0.9681801E-05   0.1069811E-02
    14525.00  0.1042152E-02   0.9645818E-05   0.1051798E-02
    14570.00  0.1041787E-02   0.9613593E-05   0.1051401E-02
    14620.00  0.1037538E-02   0.7143172E-05   0.1044681E-02
    14675.00  0.1032119E-02   0.7114081E-05   0.1039233E-02
    14725.00  0.1014406E-02   0.7070977E-05   0.1021477E-02
    14775.00  0.1012197E-02   0.7044899E-05   0.1019242E-02
    14825.00  0.1005758E-02   0.7018967E-05   0.1012777E-02
    14875.00  0.9926312E-03   0.6993182E-05   0.9996244E-03
    14925.00  0.9982131E-03   0.6967542E-05   0.1005181E-02
    14975.00  0.9864699E-03   0.6942045E-05   0.9934119E-03
    15025.00  0.9739423E-03   0.6916691E-05   0.9808590E-03
    15075.00  0.9636159E-03   0.6891478E-05   0.9705074E-03
    15125.00  0.9707366E-03   0.6866406E-05   0.9776030E-03
    15175.00  0.9672222E-03   0.6841473E-05   0.9740637E-03
    15225.00  0.9645081E-03   0.6816686E-05   0.9713248E-03
    15275.00  0.9541811E-03   0.6792044E-05   0.9609731E-03
    15325.00  0.9473074E-03   0.6767538E-05   0.9540749E-03
    15375.00  0.9526897E-03   0.6743165E-05   0.9594329E-03
    15425.00  0.9380303E-03   0.6718927E-05   0.9447492E-03
    15475.00  0.9433039E-03   0.6694820E-05   0.9499987E-03
    15525.00  0.9332348E-03   0.6670845E-05   0.9399056E-03
    15575.00  0.9030054E-03   0.6647000E-05   0.9096524E-03
    15625.00  0.9223702E-03   0.6623284E-05   0.9289935E-03
    15675.00  0.9085952E-03   0.6599697E-05   0.9151949E-03
    15725.00  0.8995077E-03   0.6576238E-05   0.9060839E-03
    15775.00  0.8787572E-03   0.6552905E-05   0.8853101E-03
    15825.00  0.8856961E-03   0.6529698E-05   0.8922258E-03
    15875.00  0.8566536E-03   0.6506616E-05   0.8631602E-03
    15925.00  0.8831753E-03   0.6483657E-05   0.8896590E-03
    15975.00  0.8676906E-03   0.6460822E-05   0.8741514E-03
    16050.00  0.8626218E-03   0.6426797E-05   0.8690486E-03
    16150.00  0.8445708E-03   0.6381853E-05   0.8509527E-03
    16250.00  0.8392950E-03   0.6337385E-05   0.8456324E-03
    16350.00  0.8329766E-03   0.6293386E-05   0.8392700E-03
    16450.00  0.7946891E-03   0.6249851E-05   0.8009390E-03
    16550.00  0.8049902E-03   0.6206772E-05   0.8111970E-03
    16650.00  0.7787956E-03   0.6164143E-05   0.7849597E-03
    16750.00  0.7702666E-03   0.6121959E-05   0.7763886E-03
    16850.00  0.7404991E-03   0.6080211E-05   0.7465793E-03
    16950.00  0.7464687E-03   0.6038896E-05   0.7525076E-03
    17050.00  0.7232374E-03   0.5998007E-05   0.7292354E-03
    17150.00  0.7151480E-03   0.5957538E-05   0.7211055E-03
    17250.00  0.6992266E-03   0.5917483E-05   0.7051441E-03
    17350.00  0.6737474E-03   0.5877837E-05   0.6796252E-03
    17450.00  0.6730754E-03   0.5838594E-05   0.6789140E-03
    17550.00  0.6609044E-03   0.5799750E-05   0.6667041E-03
    17650.00  0.6500321E-03   0.5761298E-05   0.6557934E-03
    17750.00  0.6365356E-03   0.5723234E-05   0.6422588E-03
    17850.00  0.6266268E-03   0.5685553E-05   0.6323124E-03
    17950.00  0.6162844E-03   0.5648249E-05   0.6219326E-03
    18050.00  0.6025398E-03   0.5611317E-05   0.6081511E-03
    18150.00  0.5863681E-03   0.5574753E-05   0.5919429E-03
    18250.00  0.5802575E-03   0.5538559E-05   0.5857961E-03
    18350.00  0.5711766E-03   0.5502787E-05   0.5766794E-03
    18450.00  0.5586686E-03   0.5467362E-05   0.5641360E-03
    18550.00  0.5508429E-03   0.5258519E-05   0.5561014E-03
    18650.00  0.5384074E-03   0.5224951E-05   0.5436324E-03
    18750.00  0.5202301E-03   0.5191707E-05   0.5254218E-03
    18850.00  0.5217084E-03   0.5158785E-05   0.5268672E-03
    18950.00  0.5051100E-03   0.5126180E-05   0.5102362E-03
    19050.00  0.5055172E-03   0.5093889E-05   0.5106111E-03
    19150.00  0.4954075E-03   0.5061906E-05   0.5004694E-03
    19250.00  0.4876242E-03   0.5030230E-05   0.4926544E-03
    19350.00  0.4760789E-03   0.4998856E-05   0.4810778E-03
    19450.00  0.4622208E-03   0.4967780E-05   0.4671886E-03
    19550.00  0.4616992E-03   0.4936998E-05   0.4666362E-03
    19650.00  0.4539530E-03   0.4906508E-05   0.4588595E-03
    19750.00  0.4452158E-03   0.4876305E-05   0.4500921E-03
    19850.00  0.4387162E-03   0.4846386E-05   0.4435626E-03
    19950.00  0.4315780E-03   0.4816748E-05   0.4363947E-03
    20050.00  0.4269292E-03   0.4787387E-05   0.4317166E-03
    20150.00  0.4208475E-03   0.4758300E-05   0.4256058E-03
    20250.00  0.4110861E-03   0.4728180E-05   0.4158143E-03
    20350.00  0.4031315E-03   0.4699643E-05   0.4078311E-03
    20450.00  0.4004482E-03   0.4671370E-05   0.4051196E-03
    20550.00  0.3933482E-03   0.4643359E-05   0.3979916E-03
    20650.00  0.3855002E-03   0.4615605E-05   0.3901158E-03
    20750.00  0.3798828E-03   0.4588107E-05   0.3844709E-03
    20850.00  0.3741640E-03   0.4560860E-05   0.3787249E-03
    20950.00  0.3666181E-03   0.4533862E-05   0.3711520E-03
    21050.00  0.3629481E-03   0.4507110E-05   0.3674552E-03
    21150.00  0.3564047E-03   0.4480601E-05   0.3608853E-03
    21250.00  0.3508082E-03   0.4454332E-05   0.3552625E-03
    21350.00  0.3463836E-03   0.4428301E-05   0.3508119E-03
    21450.00  0.3410543E-03   0.4402504E-05   0.3454568E-03
    21550.00  0.3356771E-03   0.4376368E-05   0.3400535E-03
    21650.00  0.3258190E-03   0.4351037E-05   0.3301700E-03
    21750.00  0.3237788E-03   0.4325933E-05   0.3281047E-03
    21850.00  0.3190413E-03   0.4301052E-05   0.3233424E-03
    21950.00  0.3152227E-03   0.4276393E-05   0.3194991E-03
    22050.00  0.3084605E-03   0.4251952E-05   0.3127125E-03
    22150.00  0.3055723E-03   0.4227728E-05   0.3098000E-03
    22250.00  0.2996590E-03   0.4197263E-05   0.3038563E-03
    22350.00  0.2955149E-03   0.4173529E-05   0.2996884E-03
    22450.00  0.2914497E-03   0.4150003E-05   0.2955997E-03
    22550.00  0.2867005E-03   0.4126682E-05   0.2908272E-03
    22650.00  0.2822843E-03   0.4103565E-05   0.2863879E-03
    22750.00  0.2789271E-03   0.4080648E-05   0.2830077E-03
    22850.00  0.2738722E-03   0.3536236E-05   0.2774084E-03
    22950.00  0.2404573E-03   0.3514279E-05   0.2439716E-03
    23050.00  0.2533049E-03   0.3495181E-05   0.2568001E-03
    23150.00  0.2504449E-03   0.3476247E-05   0.2539211E-03
    23250.00  0.2217920E-03   0.3457477E-05   0.2252495E-03
    23350.00  0.2348236E-03   0.3438868E-05   0.2382625E-03
    23450.00  0.2331158E-03   0.3420418E-05   0.2365362E-03
    23550.00  0.2064617E-03   0.3402126E-05   0.2098638E-03
    23650.00  0.2201327E-03   0.3383989E-05   0.2235167E-03
    23750.00  0.2182977E-03   0.3366007E-05   0.2216637E-03
    23850.00  0.1961942E-03   0.3348176E-05   0.1995424E-03
    23950.00  0.2070149E-03   0.3330497E-05   0.2103454E-03
    24050.00  0.2076993E-03   0.3312966E-05   0.2110123E-03
    24150.00  0.1895912E-03   0.3295582E-05   0.1928868E-03
    24250.00  0.1978761E-03   0.3278343E-05   0.2011544E-03
    24350.00  0.1978127E-03   0.3261249E-05   0.2010739E-03
    24450.00  0.1861959E-03   0.3244297E-05   0.1894402E-03
    24550.00  0.1861934E-03   0.3227485E-05   0.1894209E-03
    24650.00  0.1909365E-03   0.3210813E-05   0.1941473E-03
    24750.00  0.1841828E-03   0.3194278E-05   0.1873771E-03
    24850.00  0.1766390E-03   0.3177879E-05   0.1798169E-03
    24950.00  0.1809892E-03   0.3161615E-05   0.1841508E-03
    25050.00  0.1844572E-03   0.3145484E-05   0.1876027E-03
    25150.00  0.1701914E-03   0.3129485E-05   0.1733209E-03
    25250.00  0.1746240E-03   0.3113616E-05   0.1777376E-03
    25350.00  0.1755773E-03   0.3097876E-05   0.1786752E-03
    25450.00  0.1707115E-03   0.3082263E-05   0.1737938E-03
    25550.00  0.1679723E-03   0.3066776E-05   0.1710391E-03
    25650.00  0.1674792E-03   0.3051414E-05   0.1705306E-03
    25750.00  0.1681121E-03   0.3036176E-05   0.1711483E-03
    25850.00  0.1599375E-03   0.3021059E-05   0.1629586E-03
    25950.00  0.1616192E-03   0.3006063E-05   0.1646253E-03
    26050.00  0.1615402E-03   0.2991187E-05   0.1645314E-03
    26150.00  0.1572284E-03   0.2976428E-05   0.1602048E-03
    26250.00  0.1548756E-03   0.2961787E-05   0.1578374E-03
    26350.00  0.1558198E-03   0.2947261E-05   0.1587671E-03
    26450.00  0.1546700E-03   0.2932850E-05   0.1576029E-03
    26550.00  0.1513816E-03   0.2918552E-05   0.1543002E-03
    26650.00  0.1485644E-03   0.2904366E-05   0.1514688E-03
    26750.00  0.1497356E-03   0.2890291E-05   0.1526259E-03
    26850.00  0.1482847E-03   0.2876326E-05   0.1511610E-03
    26950.00  0.1448635E-03   0.2862469E-05   0.1477260E-03
    27050.00  0.1447345E-03   0.2848720E-05   0.1475832E-03
    27150.00  0.1431261E-03   0.2835077E-05   0.1459612E-03
    27250.00  0.1422450E-03   0.2821540E-05   0.1450665E-03
    27350.00  0.1388550E-03   0.2808106E-05   0.1416631E-03
    27450.00  0.1385253E-03   0.2794776E-05   0.1413201E-03
    27550.00  0.1369433E-03   0.2781547E-05   0.1397248E-03
    27650.00  0.1353530E-03   0.2725640E-05   0.1380786E-03
    27750.00  0.1333553E-03   0.2712842E-05   0.1360681E-03
    27850.00  0.1324598E-03   0.2700141E-05   0.1351599E-03
    27950.00  0.1317013E-03   0.2687537E-05   0.1343888E-03
    28050.00  0.1299579E-03   0.2675028E-05   0.1326329E-03
    28150.00  0.1279772E-03   0.2662612E-05   0.1306398E-03
    28250.00  0.1268120E-03   0.2650291E-05   0.1294623E-03
    28350.00  0.1257874E-03   0.2638061E-05   0.1284255E-03
    28450.00  0.1241396E-03   0.2625923E-05   0.1267655E-03
    28550.00  0.1225946E-03   0.2613876E-05   0.1252085E-03
    28650.00  0.1210855E-03   0.2601918E-05   0.1236874E-03
    28750.00  0.1189448E-03   0.2590049E-05   0.1215348E-03
    28850.00  0.1184253E-03   0.2578267E-05   0.1210036E-03
    28950.00  0.1171057E-03   0.2566573E-05   0.1196723E-03
    29050.00  0.1156610E-03   0.2554964E-05   0.1182160E-03
    29150.00  0.1144434E-03   0.2543441E-05   0.1169868E-03
    29250.00  0.1126543E-03   0.2532002E-05   0.1151863E-03
    29350.00  0.1119194E-03   0.2520647E-05   0.1144400E-03
    29450.00  0.1101545E-03   0.2509375E-05   0.1126639E-03
    29550.00  0.1089796E-03   0.2498184E-05   0.1114778E-03
    29650.00  0.1078914E-03   0.2487075E-05   0.1103785E-03
    29750.00  0.1065958E-03   0.2475798E-05   0.1090716E-03
    29850.00  0.1052992E-03   0.2464849E-05   0.1077640E-03
    29950.00  0.1040297E-03   0.2453980E-05   0.1064837E-03
    30050.00  0.1027227E-03   0.2443188E-05   0.1051659E-03
    30150.00  0.1016458E-03   0.2432473E-05   0.1040783E-03
    30250.00  0.1003557E-03   0.2421835E-05   0.1027775E-03
    30350.00  0.9820414E-04   0.2411273E-05   0.1006154E-03
    30450.00  0.9783464E-04   0.2400786E-05   0.1002354E-03
    30550.00  0.9669679E-04   0.2390373E-05   0.9908716E-04
    30650.00  0.9550372E-04   0.2380034E-05   0.9788375E-04
    30750.00  0.9457305E-04   0.2369768E-05   0.9694282E-04
    30850.00  0.9328082E-04   0.2359574E-05   0.9564039E-04
    30950.00  0.9214679E-04   0.2349452E-05   0.9449624E-04
    31050.00  0.9126775E-04   0.2339400E-05   0.9360715E-04
    31150.00  0.8970836E-04   0.2329419E-05   0.9203778E-04
    31250.00  0.8901525E-04   0.2319507E-05   0.9133476E-04
    31350.00  0.8800778E-04   0.2309550E-05   0.9031733E-04
    31450.00  0.8696920E-04   0.2299774E-05   0.8926897E-04
    31550.00  0.8574213E-04   0.2290066E-05   0.8803220E-04
    31650.00  0.8488166E-04   0.2280425E-05   0.8716209E-04
    31750.00  0.8396601E-04   0.2270850E-05   0.8623686E-04
    31850.00  0.8298191E-04   0.2261341E-05   0.8524325E-04
    31950.00  0.8209520E-04   0.2251897E-05   0.8434710E-04
    32100.00  0.8058624E-04   0.2236547E-05   0.8282279E-04
    32300.00  0.7875026E-04   0.2218064E-05   0.8096832E-04
    32500.00  0.7693579E-04   0.2199830E-05   0.7913562E-04
    32700.00  0.7516216E-04   0.2181842E-05   0.7734400E-04
    32900.00  0.7307419E-04   0.2016851E-05   0.7509104E-04
    33100.00  0.7171769E-04   0.2000168E-05   0.7371786E-04
    33300.00  0.7007383E-04   0.1984280E-05   0.7205811E-04
    33500.00  0.6865158E-04   0.1968601E-05   0.7062018E-04
    33700.00  0.6704859E-04   0.1953127E-05   0.6900172E-04
    33900.00  0.6546436E-04   0.1937854E-05   0.6740221E-04
    34100.00  0.6400498E-04   0.1922778E-05   0.6592776E-04
    34300.00  0.6278307E-04   0.1907897E-05   0.6469097E-04
    34500.00  0.6146114E-04   0.1893207E-05   0.6335435E-04
    34700.00  0.6011202E-04   0.1878704E-05   0.6199072E-04
    34900.00  0.5884089E-04   0.1864386E-05   0.6070528E-04
    35100.00  0.5761060E-04   0.1850249E-05   0.5946085E-04
    35300.00  0.5628247E-04   0.1836289E-05   0.5811876E-04
    35500.00  0.5517240E-04   0.1822505E-05   0.5699491E-04
    35700.00  0.5393134E-04   0.1808893E-05   0.5574023E-04
    35900.00  0.5288268E-04   0.1795449E-05   0.5467813E-04
    36100.00  0.5178717E-04   0.1782172E-05   0.5356934E-04
    36300.00  0.5081791E-04   0.1769059E-05   0.5258697E-04
    36500.00  0.4956140E-04   0.1756106E-05   0.5131751E-04
    36700.00  0.4862064E-04   0.1743311E-05   0.5036395E-04
    36900.00  0.4740926E-04   0.1730671E-05   0.4913993E-04
    37100.00  0.4652615E-04   0.1718185E-05   0.4824433E-04
    37300.00  0.4566988E-04   0.1705848E-05   0.4737573E-04
    37500.00  0.4437352E-04   0.1693660E-05   0.4606718E-04
    37700.00  0.4390955E-04   0.1681617E-05   0.4559117E-04
    37900.00  0.4304432E-04   0.1669717E-05   0.4471404E-04
    38100.00  0.4215932E-04   0.1657957E-05   0.4381728E-04
    38300.00  0.4140954E-04   0.1646337E-05   0.4305588E-04
    38500.00  0.4064960E-04   0.1634852E-05   0.4228445E-04
    38700.00  0.3980764E-04   0.1610192E-05   0.4141783E-04
    38900.00  0.3903660E-04   0.1599086E-05   0.4063569E-04
    39100.00  0.3821557E-04   0.1588109E-05   0.3980368E-04
    39300.00  0.3760280E-04   0.1577258E-05   0.3918006E-04
    39500.00  0.3679879E-04   0.1566531E-05   0.3836532E-04
    39700.00  0.3616040E-04   0.1555927E-05   0.3771633E-04
    39900.00  0.3532512E-04   0.1545444E-05   0.3687056E-04
    40100.00  0.3471318E-04   0.1535079E-05   0.3624826E-04
    40300.00  0.3408332E-04   0.1524832E-05   0.3560815E-04
    40500.00  0.3330040E-04   0.1514699E-05   0.3481510E-04
    40700.00  0.3286821E-04   0.1504680E-05   0.3437289E-04
    40900.00  0.3226899E-04   0.1494772E-05   0.3376376E-04
    41100.00  0.3171066E-04   0.1484916E-05   0.3319558E-04
    41300.00  0.3113875E-04   0.1475227E-05   0.3261398E-04
    41500.00  0.3053234E-04   0.1465644E-05   0.3199798E-04
    41700.00  0.2988724E-04   0.1456166E-05   0.3134341E-04
    41900.00  0.2942134E-04   0.1446792E-05   0.3086813E-04
    42100.00  0.2883022E-04   0.1437519E-05   0.3026774E-04
    42300.00  0.2843502E-04   0.1428347E-05   0.2986337E-04
    42500.00  0.2785877E-04   0.1419274E-05   0.2927804E-04
    42700.00  0.2741595E-04   0.1410298E-05   0.2882625E-04
    42900.00  0.2568507E-04   0.1401418E-05   0.2708649E-04
    43100.00  0.2436470E-04   0.1392603E-05   0.2575730E-04
    43300.00  0.2477086E-04   0.1383912E-05   0.2615477E-04
    43500.00  0.2315597E-04   0.1375312E-05   0.2453128E-04
    43700.00  0.2261220E-04   0.1366803E-05   0.2397900E-04
    43900.00  0.2221823E-04   0.1358042E-05   0.2357627E-04
    44100.00  0.2057189E-04   0.1349714E-05   0.2192160E-04
    44300.00  0.2067450E-04   0.1341472E-05   0.2201597E-04
    44500.00  0.2005785E-04   0.1333316E-05   0.2139117E-04
    44700.00  0.1883312E-04   0.1313821E-05   0.2014694E-04
    44900.00  0.1933588E-04   0.1266860E-05   0.2060274E-04
    45100.00  0.1867423E-04   0.1259332E-05   0.1993356E-04
    45300.00  0.1773533E-04   0.1251880E-05   0.1898721E-04
    45500.00  0.1794861E-04   0.1244504E-05   0.1919311E-04
    45700.00  0.1768103E-04   0.1237201E-05   0.1891823E-04
    45900.00  0.1662349E-04   0.1229972E-05   0.1785346E-04
    46100.00  0.1707131E-04   0.1222816E-05   0.1829413E-04
    46300.00  0.1655582E-04   0.1215730E-05   0.1777155E-04
    46500.00  0.1633036E-04   0.1208715E-05   0.1753908E-04
    46700.00  0.1617732E-04   0.1201770E-05   0.1737909E-04
    46900.00  0.1593838E-04   0.1194892E-05   0.1713327E-04
    47100.00  0.1552016E-04   0.1188082E-05   0.1670824E-04
    47300.00  0.1570596E-04   0.1181339E-05   0.1688730E-04
    47500.00  0.1534006E-04   0.1174661E-05   0.1651472E-04
    47700.00  0.1514092E-04   0.1168048E-05   0.1630897E-04
    47900.00  0.1486411E-04   0.1161500E-05   0.1602561E-04
    48100.00  0.1450835E-04   0.1155014E-05   0.1566336E-04
    48300.00  0.1472564E-04   0.1148590E-05   0.1587423E-04
    48500.00  0.1437701E-04   0.1142228E-05   0.1551924E-04
    48700.00  0.1405325E-04   0.1135926E-05   0.1518918E-04
    48900.00  0.1400659E-04   0.1129684E-05   0.1513627E-04
    49100.00  0.1367498E-04   0.1123501E-05   0.1479848E-04
    49300.00  0.1354003E-04   0.1117377E-05   0.1465741E-04
    49500.00  0.1333224E-04   0.1111310E-05   0.1444355E-04
    49700.00  0.1326742E-04   0.1105299E-05   0.1437272E-04
    49900.00  0.1300453E-04   0.1099345E-05   0.1410387E-04
    50100.00  0.1297212E-04   0.1093446E-05   0.1406557E-04
    50300.00  0.1278348E-04   0.1087601E-05   0.1387108E-04
    50500.00  0.1243902E-04   0.1081811E-05   0.1352083E-04
    50700.00  0.1232695E-04   0.1076073E-05   0.1340302E-04
    50900.00  0.1222362E-04   0.1070388E-05   0.1329401E-04
    51100.00  0.1198237E-04   0.1064755E-05   0.1304713E-04
    51300.00  0.1182503E-04   0.1059173E-05   0.1288420E-04
    51500.00  0.1168492E-04   0.1048736E-05   0.1273366E-04
    51700.00  0.1173605E-04   0.1043288E-05   0.1277934E-04
    51900.00  0.1145569E-04   0.1037888E-05   0.1249358E-04
    52100.00  0.1126636E-04   0.1032537E-05   0.1229890E-04
    52300.00  0.1114421E-04   0.1027233E-05   0.1217144E-04
    52500.00  0.1108477E-04   0.1021977E-05   0.1210675E-04
    52700.00  0.1111989E-04   0.1016768E-05   0.1213666E-04
    52900.00  0.1073643E-04   0.1011604E-05   0.1174803E-04
    53100.00  0.1057799E-04   0.1006486E-05   0.1158448E-04
    53300.00  0.1053958E-04   0.1001413E-05   0.1154099E-04
    53500.00  0.1041103E-04   0.9963836E-06   0.1140741E-04
    53700.00  0.1029591E-04   0.9913985E-06   0.1128731E-04
    53900.00  0.1019830E-04   0.9864568E-06   0.1118476E-04
    54100.00  0.1007768E-04   0.9815577E-06   0.1105924E-04
    54300.00  0.9882011E-05   0.9766841E-06   0.1085870E-04
    54500.00  0.9873381E-05   0.9718691E-06   0.1084525E-04
    54700.00  0.9684127E-05   0.9670954E-06   0.1065122E-04
    54900.00  0.9609003E-05   0.9623624E-06   0.1057137E-04
    55100.00  0.9438780E-05   0.9576697E-06   0.1039645E-04
    55300.00  0.9545439E-05   0.9530168E-06   0.1049846E-04
    55500.00  0.9226854E-05   0.9484032E-06   0.1017526E-04
    55700.00  0.9267615E-05   0.9438286E-06   0.1021144E-04
    55900.00  0.9078091E-05   0.9392923E-06   0.1001738E-04
    56100.00  0.9049754E-05   0.9347940E-06   0.9984548E-05
    56300.00  0.8843882E-05   0.9303333E-06   0.9774215E-05
    56500.00  0.8843117E-05   0.9259023E-06   0.9769019E-05
    56700.00  0.8721356E-05   0.9215156E-06   0.9642872E-05
    56900.00  0.8538751E-05   0.9171652E-06   0.9455916E-05
    57100.00  0.8542231E-05   0.9128506E-06   0.9455082E-05
    57300.00  0.8446971E-05   0.9085714E-06   0.9355542E-05
    57500.00  0.8344286E-05   0.9042205E-06   0.9248506E-05
    57700.00  0.8227325E-05   0.9000115E-06   0.9127336E-05
    57900.00  0.8193774E-05   0.8958367E-06   0.9089611E-05
    58100.00  0.8063826E-05   0.8916957E-06   0.8955522E-05
    58300.00  0.7978927E-05   0.8875882E-06   0.8866515E-05
    58500.00  0.7895794E-05   0.8635915E-06   0.8759385E-05
    58700.00  0.7762646E-05   0.8596204E-06   0.8622266E-05
    58900.00  0.7697574E-05   0.8557296E-06   0.8553304E-05
    59100.00  0.7597746E-05   0.8518696E-06   0.8449616E-05
    59300.00  0.7546966E-05   0.8480403E-06   0.8395006E-05
    59500.00  0.7435316E-05   0.8442412E-06   0.8279557E-05
    59700.00  0.7389957E-05   0.8404720E-06   0.8230429E-05
    59900.00  0.7304560E-05   0.8367325E-06   0.8141292E-05
    60100.00  0.7229062E-05   0.8330221E-06   0.8062084E-05
    60300.00  0.7143201E-05   0.8293408E-06   0.7972542E-05
    60500.00  0.7029202E-05   0.8256880E-06   0.7854890E-05
    60700.00  0.6963185E-05   0.8220636E-06   0.7785249E-05
    60900.00  0.6880401E-05   0.8184672E-06   0.7698868E-05
    61100.00  0.6790411E-05   0.8148985E-06   0.7605309E-05
    61300.00  0.6734253E-05   0.8113572E-06   0.7545610E-05
    61500.00  0.6668678E-05   0.8078430E-06   0.7476521E-05
    61700.00  0.6621919E-05   0.8043556E-06   0.7426275E-05
    61900.00  0.6539149E-05   0.8008948E-06   0.7340044E-05
    62100.00  0.6482024E-05   0.7974603E-06   0.7279484E-05
    62300.00  0.6389016E-05   0.7940517E-06   0.7183068E-05
    62500.00  0.6296434E-05   0.7906689E-06   0.7087103E-05
    62700.00  0.6233520E-05   0.7873114E-06   0.7020831E-05
    62900.00  0.6165732E-05   0.7839792E-06   0.6949711E-05
    63100.00  0.6097654E-05   0.7806719E-06   0.6878326E-05
    63300.00  0.6054292E-05   0.7773892E-06   0.6831681E-05
    63500.00  0.5973212E-05   0.7741309E-06   0.6747343E-05
    63700.00  0.5937032E-05   0.7708967E-06   0.6707929E-05
    63900.00  0.5834615E-05   0.7676864E-06   0.6602301E-05
    64200.00  0.5757796E-05   0.7629152E-06   0.6520711E-05
    64600.00  0.5623837E-05   0.7566350E-06   0.6380472E-05
    65000.00  0.5508833E-05   0.7504460E-06   0.6259279E-05
    65400.00  0.5384892E-05   0.7443464E-06   0.6129238E-05
    65800.00  0.5280449E-05   0.7383343E-06   0.6018783E-05
    66200.00  0.5159876E-05   0.7303658E-06   0.5890242E-05
    66600.00  0.5051475E-05   0.7245457E-06   0.5776021E-05
    67000.00  0.4949401E-05   0.7188077E-06   0.5668209E-05
    67400.00  0.4838737E-05   0.7131501E-06   0.5551887E-05
    67800.00  0.4737194E-05   0.7075714E-06   0.5444765E-05
    68200.00  0.4637744E-05   0.7020700E-06   0.5339814E-05
    68600.00  0.4544922E-05   0.6966446E-06   0.5241567E-05
    69000.00  0.4444698E-05   0.6912935E-06   0.5135991E-05
    69400.00  0.4353199E-05   0.6860102E-06   0.5039209E-05
    69800.00  0.4263255E-05   0.6808036E-06   0.4944059E-05
    70200.00  0.4173687E-05   0.6756672E-06   0.4849354E-05
    70600.00  0.4090318E-05   0.6705997E-06   0.4760918E-05
    71000.00  0.4004929E-05   0.6655998E-06   0.4670529E-05
    71400.00  0.3924963E-05   0.6606663E-06   0.4585629E-05
    71800.00  0.3843057E-05   0.6557943E-06   0.4498851E-05
    72200.00  0.3765853E-05   0.6509898E-06   0.4416843E-05
    72600.00  0.3688854E-05   0.6462479E-06   0.4335102E-05
    73000.00  0.3615455E-05   0.6415290E-06   0.4256984E-05
    73400.00  0.3542380E-05   0.6369104E-06   0.4179290E-05
    73800.00  0.3472523E-05   0.6323511E-06   0.4104874E-05
    74200.00  0.3401515E-05   0.6190938E-06   0.4020609E-05
    74600.00  0.3326952E-05   0.6147351E-06   0.3941687E-05
    75000.00  0.3263250E-05   0.6104314E-06   0.3873681E-05
    75400.00  0.3204368E-05   0.6061816E-06   0.3810550E-05
    75800.00  0.3143228E-05   0.6019850E-06   0.3745213E-05
    76200.00  0.3082174E-05   0.5978404E-06   0.3680014E-05
    76600.00  0.3022905E-05   0.5937471E-06   0.3616652E-05
    77000.00  0.2964037E-05   0.5897040E-06   0.3553741E-05
    77400.00  0.2907606E-05   0.5857105E-06   0.3493316E-05
    77800.00  0.2852694E-05   0.5817655E-06   0.3434459E-05
    78200.00  0.2798448E-05   0.5778683E-06   0.3376316E-05
    78600.00  0.2745571E-05   0.5740180E-06   0.3319589E-05
    79000.00  0.2693910E-05   0.5702139E-06   0.3264124E-05
    79400.00  0.2643448E-05   0.5664552E-06   0.3209903E-05
    79800.00  0.2594173E-05   0.5627410E-06   0.3156914E-05
    80200.00  0.2545730E-05   0.5590708E-06   0.3104801E-05
    80600.00  0.2498507E-05   0.5554437E-06   0.3053951E-05
    81000.00  0.2453166E-05   0.5518590E-06   0.3005025E-05
    81400.00  0.2407522E-05   0.5483161E-06   0.2955838E-05
    81800.00  0.2364029E-05   0.5448142E-06   0.2908843E-05
    82200.00  0.2321556E-05   0.5413526E-06   0.2862909E-05
    82600.00  0.2279490E-05   0.5369905E-06   0.2816480E-05
    83000.00  0.2238971E-05   0.5336159E-06   0.2772587E-05
    83400.00  0.2198037E-05   0.5302797E-06   0.2728317E-05
    83800.00  0.2158900E-05   0.5269813E-06   0.2685881E-05
    84200.00  0.2121160E-05   0.5237199E-06   0.2644880E-05
    84600.00  0.2083509E-05   0.5204951E-06   0.2604004E-05
    85000.00  0.2046763E-05   0.5173062E-06   0.2564069E-05
    85400.00  0.2010851E-05   0.5141527E-06   0.2525004E-05
    85800.00  0.1975510E-05   0.5110341E-06   0.2486544E-05
    86200.00  0.1941465E-05   0.5079483E-06   0.2449413E-05
    86600.00  0.1907707E-05   0.5048977E-06   0.2412605E-05
    87000.00  0.1875013E-05   0.5018804E-06   0.2376893E-05
    87400.00  0.1842589E-05   0.4988958E-06   0.2341485E-05
    87800.00  0.1810686E-05   0.4959435E-06   0.2306629E-05
    88200.00  0.1779256E-05   0.4930228E-06   0.2272279E-05
    88600.00  0.1749247E-05   0.4901335E-06   0.2239380E-05
    89000.00  0.1719263E-05   0.4872737E-06   0.2206537E-05
    89400.00  0.1690648E-05   0.4844451E-06   0.2175093E-05
    89800.00  0.1661544E-05   0.4816464E-06   0.2143190E-05
    90200.00  0.1634253E-05   0.4788620E-06   0.2113115E-05
    90600.00  0.1607158E-05   0.4761218E-06   0.2083280E-05
    91000.00  0.1579341E-05   0.4734101E-06   0.2052751E-05
    91400.00  0.1553690E-05   0.4665185E-06   0.2020209E-05
    91800.00  0.1527805E-05   0.4638895E-06   0.1991695E-05
    92200.00  0.1502915E-05   0.4612950E-06   0.1964210E-05
    92600.00  0.1478183E-05   0.4587269E-06   0.1936910E-05
    93000.00  0.1453598E-05   0.4561850E-06   0.1909783E-05
    93400.00  0.1429759E-05   0.4536688E-06   0.1883428E-05
    93800.00  0.1406486E-05   0.4511779E-06   0.1857664E-05
    94200.00  0.1383549E-05   0.4487121E-06   0.1832261E-05
    94600.00  0.1360962E-05   0.4462709E-06   0.1807233E-05
    95000.00  0.1338688E-05   0.4438541E-06   0.1782542E-05
    95400.00  0.1316900E-05   0.4414612E-06   0.1758361E-05
    95800.00  0.1295648E-05   0.4390919E-06   0.1734740E-05
    96200.00  0.1274655E-05   0.4367459E-06   0.1711401E-05
    96600.00  0.1254546E-05   0.4344228E-06   0.1688969E-05
    97000.00  0.1234147E-05   0.4321224E-06   0.1666269E-05
    97400.00  0.1213783E-05   0.4298444E-06   0.1643627E-05
    97800.00  0.1194733E-05   0.4275884E-06   0.1622321E-05
    98200.00  0.1175503E-05   0.4253540E-06   0.1600857E-05
    98600.00  0.1156916E-05   0.4231412E-06   0.1580057E-05
    99000.00  0.1138576E-05   0.4209494E-06   0.1559525E-05
    99400.00  0.1120112E-05   0.4187785E-06   0.1538890E-05
    99800.00  0.1102608E-05   0.4166281E-06   0.1519236E-05
   100200.00  0.1085000E-05   0.1047623E-06   0.1189762E-05
   200000.00  0.6775495E-07   0.2629545E-07   0.9405040E-07
   400000.00  0.4329316E-08   0.6573861E-08   0.1090318E-07
   600000.00  0.7959728E-09   0.2921716E-08   0.3717689E-08
   800000.00  0.2559905E-09   0.1643465E-08   0.1899456E-08
  1000000.00  0.1020290E-09   0.1051818E-08   0.1153847E-08
  1200000.00  0.5055783E-10   0.7304290E-09   0.7809869E-09
  1400000.00  0.2858378E-10   0.5366417E-09   0.5652255E-09
  1600000.00  0.1795427E-10   0.4108663E-09   0.4288206E-09
