       91.00  0.2580859E-30   0.0000000E+00   0.2580859E-30
       94.00  0.2580859E-30   0.0000000E+00   0.2580859E-30
       96.00  0.2580859E-30   0.0000000E+00   0.2580859E-30
       98.00  0.2580859E-30   0.0000000E+00   0.2580859E-30
      100.00  0.2580859E-30   0.0000000E+00   0.2580859E-30
      102.00  0.2580859E-30   0.0000000E+00   0.2580859E-30
      104.00  0.2580859E-30   0.0000000E+00   0.2580859E-30
      106.00  0.2580859E-30   0.0000000E+00   0.2580859E-30
      108.00  0.2580859E-30   0.0000000E+00   0.2580859E-30
      110.00  0.2580859E-30   0.0000000E+00   0.2580859E-30
      114.00  0.2580859E-30   0.0000000E+00   0.2580859E-30
      118.00  0.2580859E-30   0.0000000E+00   0.2580859E-30
      121.00  0.2580859E-30   0.0000000E+00   0.2580859E-30
      125.00  0.2580859E-30   0.0000000E+00   0.2580859E-30
      127.00  0.2580859E-30   0.0000000E+00   0.2580859E-30
      128.00  0.2580859E-30   0.0000000E+00   0.2580859E-30
      131.00  0.2580859E-30   0.0000000E+00   0.2580859E-30
      132.00  0.2580859E-30   0.0000000E+00   0.2580859E-30
      134.00  0.2580859E-30   0.0000000E+00   0.2580859E-30
      137.00  0.2580859E-30   0.0000000E+00   0.2580859E-30
      140.00  0.2580859E-30   0.0000000E+00   0.2580859E-30
      143.00  0.2580859E-30   0.0000000E+00   0.2580859E-30
      147.00  0.2580859E-30   0.0000000E+00   0.2580859E-30
      151.00  0.2580859E-30   0.0000000E+00   0.2580859E-30
      155.00  0.2580859E-30   0.0000000E+00   0.2580859E-30
      159.00  0.2580859E-30   0.0000000E+00   0.2580859E-30
      162.00  0.2580859E-30   0.0000000E+00   0.2580859E-30
      166.00  0.2580859E-30   0.0000000E+00   0.2580859E-30
      170.00  0.2580859E-30   0.0000000E+00   0.2580859E-30
      173.00  0.2580859E-30   0.0000000E+00   0.2580859E-30
      177.00  0.2580859E-30   0.0000000E+00   0.2580859E-30
      180.00  0.2580859E-30   0.0000000E+00   0.2580859E-30
      182.00  0.2580859E-30   0.0000000E+00   0.2580859E-30
      186.00  0.2580859E-30   0.0000000E+00   0.2580859E-30
      191.00  0.2580859E-30   0.0000000E+00   0.2580859E-30
      194.00  0.2580859E-30   0.0000000E+00   0.2580859E-30
      198.00  0.2580859E-30   0.0000000E+00   0.2580859E-30
      202.00  0.2580859E-30   0.0000000E+00   0.2580859E-30
      205.00  0.2580859E-30   0.0000000E+00   0.2580859E-30
      210.00  0.2580859E-30   0.0000000E+00   0.2580859E-30
      216.00  0.2580859E-30   0.0000000E+00   0.2580859E-30
      220.00  0.2580859E-30   0.0000000E+00   0.2580859E-30
      223.00  0.2580859E-30   0.0000000E+00   0.2580859E-30
      227.00  0.2580859E-30   0.0000000E+00   0.2580859E-30
      228.00  0.2580859E-30   0.0000000E+00   0.2580859E-30
      228.00  0.6904800E-18   0.0000000E+00   0.6904800E-18
      230.00  0.2288491E-17   0.0000000E+00   0.2288491E-17
      234.00  0.5484513E-17   0.0000000E+00   0.5484513E-17
      240.00  0.1472716E-16   0.0000000E+00   0.1472716E-16
      246.00  0.4059178E-16   0.0000000E+00   0.4059178E-16
      252.00  0.9767316E-16   0.0000000E+00   0.9767316E-16
      257.00  0.1768624E-15   0.0000000E+00   0.1768624E-15
      260.00  0.2846152E-15   0.0000000E+00   0.2846152E-15
      264.00  0.4875299E-15   0.0000000E+00   0.4875299E-15
      269.00  0.8713395E-15   0.0000000E+00   0.8713395E-15
      274.00  0.1630631E-14   0.0000000E+00   0.1630631E-14
      279.00  0.3001272E-14   0.0000000E+00   0.3001272E-14
      284.00  0.5765683E-14   0.0000000E+00   0.5765683E-14
      290.00  0.1132479E-13   0.0000000E+00   0.1132479E-13
      296.00  0.2159355E-13   0.0000000E+00   0.2159355E-13
      301.00  0.3635920E-13   0.0000000E+00   0.3635920E-13
      308.00  0.7212597E-13   0.0000000E+00   0.7212597E-13
      318.00  0.1911394E-12   0.0000000E+00   0.1911394E-12
      328.00  0.4642620E-12   0.0000000E+00   0.4642620E-12
      338.00  0.1084971E-11   0.0000000E+00   0.1084971E-11
      348.00  0.2401937E-11   0.0000000E+00   0.2401937E-11
      353.30  0.3382224E-11   0.0000000E+00   0.3382224E-11
      353.30  0.3010241E-11   0.0000000E+00   0.3010241E-11
      357.00  0.4825972E-11   0.0000000E+00   0.4825972E-11
      366.00  0.9242601E-11   0.0000000E+00   0.9242601E-11
      375.00  0.1692197E-10   0.0000000E+00   0.1692197E-10
      385.00  0.3231200E-10   0.0000000E+00   0.3231200E-10
      395.00  0.5953724E-10   0.0000000E+00   0.5953724E-10
      405.00  0.1062578E-09   0.0000000E+00   0.1062578E-09
      414.00  0.1753524E-09   0.0000000E+00   0.1753524E-09
      422.00  0.2670018E-09   0.0000000E+00   0.2670018E-09
      430.00  0.4007446E-09   0.0000000E+00   0.4007446E-09
      441.00  0.6869267E-09   0.0000000E+00   0.6869267E-09
      451.00  0.1093519E-08   0.0000000E+00   0.1093519E-08
      460.00  0.1627969E-08   0.0000000E+00   0.1627969E-08
      470.00  0.2491998E-08   0.0000000E+00   0.2491998E-08
      480.00  0.3736460E-08   0.0000000E+00   0.3736460E-08
      490.00  0.5518030E-08   0.0000000E+00   0.5518030E-08
      500.00  0.8001558E-08   0.0000000E+00   0.8001558E-08
      504.60  0.9191517E-08   0.0000000E+00   0.9191517E-08
      504.60  0.6298033E-08   0.0000000E+00   0.6298033E-08
      506.00  0.1665901E-06   0.0000000E+00   0.1665901E-06
      512.00  0.6474663E-06   0.0000000E+00   0.6474663E-06
      520.00  0.8024812E-06   0.0000000E+00   0.8024812E-06
      530.00  0.1113029E-05   0.0000000E+00   0.1113029E-05
      540.00  0.1235105E-05   0.0000000E+00   0.1235105E-05
      550.00  0.1842353E-05   0.0000000E+00   0.1842353E-05
      560.00  0.2222414E-05   0.0000000E+00   0.2222414E-05
      570.00  0.2819832E-05   0.0000000E+00   0.2819832E-05
      580.00  0.2817708E-05   0.0000000E+00   0.2817708E-05
      590.00  0.3841638E-05   0.0000000E+00   0.3841638E-05
      600.00  0.4794769E-05   0.0000000E+00   0.4794769E-05
      610.00  0.5837262E-05   0.0000000E+00   0.5837262E-05
      620.00  0.6754042E-05   0.0000000E+00   0.6754042E-05
      630.00  0.7964622E-05   0.0000000E+00   0.7964622E-05
      640.00  0.8842800E-05   0.0000000E+00   0.8842800E-05
      650.00  0.1048615E-04   0.0000000E+00   0.1048615E-04
      658.00  0.1199127E-04   0.0000000E+00   0.1199127E-04
      665.00  0.1302838E-04   0.0000000E+00   0.1302838E-04
      675.00  0.1432564E-04   0.0000000E+00   0.1432564E-04
      685.00  0.1617931E-04   0.0000000E+00   0.1617931E-04
      695.00  0.1925175E-04   0.0000000E+00   0.1925175E-04
      705.00  0.2129407E-04   0.0000000E+00   0.2129407E-04
      716.00  0.2432626E-04   0.0000000E+00   0.2432626E-04
      726.00  0.2681792E-04   0.0000000E+00   0.2681792E-04
      735.00  0.2938459E-04   0.0000000E+00   0.2938459E-04
      745.00  0.3343679E-04   0.0000000E+00   0.3343679E-04
      755.00  0.3719727E-04   0.0000000E+00   0.3719727E-04
      765.00  0.4107731E-04   0.0000000E+00   0.4107731E-04
      775.00  0.4555663E-04   0.0000000E+00   0.4555663E-04
      785.00  0.5009482E-04   0.0000000E+00   0.5009482E-04
      795.00  0.5417130E-04   0.0000000E+00   0.5417130E-04
      805.00  0.5886075E-04   0.0000000E+00   0.5886075E-04
      815.00  0.6328237E-04   0.0000000E+00   0.6328237E-04
      825.00  0.6971743E-04   0.0000000E+00   0.6971743E-04
      835.00  0.7183687E-04   0.0000000E+00   0.7183687E-04
      845.00  0.7959765E-04   0.0000000E+00   0.7959765E-04
      855.00  0.8542028E-04   0.0000000E+00   0.8542028E-04
      865.00  0.9267238E-04   0.0000000E+00   0.9267238E-04
      875.00  0.1006920E-03   0.0000000E+00   0.1006920E-03
      885.00  0.1091494E-03   0.0000000E+00   0.1091494E-03
      895.00  0.1166641E-03   0.0000000E+00   0.1166641E-03
      905.00  0.1209925E-03   0.0000000E+00   0.1209925E-03
      912.40  0.1221442E-03   0.1966976E-08   0.1221461E-03
      912.40  0.7293567E-03   0.1967006E-08   0.7293587E-03
      915.00  0.2010724E-03   0.2243419E-08   0.2010746E-03
      925.00  0.1257641E-02   0.2596870E-08   0.1257644E-02
      935.00  0.4305990E-02   0.2995905E-08   0.4305993E-02
      945.00  0.1338469E-01   0.3445015E-08   0.1338469E-01
      955.00  0.2123570E-01   0.3948983E-08   0.2123570E-01
      965.00  0.2717105E-01   0.4512884E-08   0.2717105E-01
      975.00  0.5486256E-02   0.5142090E-08   0.5486261E-02
      985.00  0.3104717E-01   0.5842270E-08   0.3104718E-01
      995.00  0.3012080E-01   0.6619402E-08   0.3012081E-01
     1005.00  0.3565951E-01   0.7479761E-08   0.3565952E-01
     1015.00  0.3074414E-01   0.8429933E-08   0.3074415E-01
     1025.00  0.8416773E-02   0.9476805E-08   0.8416782E-02
     1035.00  0.2294014E-01   0.1062757E-07   0.2294015E-01
     1045.00  0.3925750E-01   0.1189000E-07   0.3925751E-01
     1055.00  0.3807889E-01   0.1327170E-07   0.3807890E-01
     1065.00  0.3294117E-01   0.1478071E-07   0.3294118E-01
     1075.00  0.3688428E-01   0.1642541E-07   0.3688430E-01
     1085.00  0.3146412E-01   0.1821444E-07   0.3146414E-01
     1095.00  0.3678139E-01   0.2015675E-07   0.3678141E-01
     1105.00  0.3417302E-01   0.2226153E-07   0.3417304E-01
     1115.00  0.3358784E-01   0.2453824E-07   0.3358786E-01
     1125.00  0.3049504E-01   0.2699654E-07   0.3049507E-01
     1135.00  0.3427816E-01   0.2964644E-07   0.3427819E-01
     1145.00  0.3146291E-01   0.3249811E-07   0.3146294E-01
     1155.00  0.3241165E-01   0.3556197E-07   0.3241169E-01
     1165.00  0.3291204E-01   0.3884862E-07   0.3291208E-01
     1175.00  0.2590247E-01   0.4236887E-07   0.2590251E-01
     1185.00  0.3172211E-01   0.4613373E-07   0.3172216E-01
     1195.00  0.2626999E-01   0.5015436E-07   0.2627004E-01
     1205.00  0.1932845E-01   0.5444209E-07   0.1932850E-01
     1215.00  0.7475325E-02   0.5900838E-07   0.7475384E-02
     1225.00  0.2117507E-01   0.5426147E-06   0.2117561E-01
     1235.00  0.2818201E-01   0.9821090E-06   0.2818299E-01
     1245.00  0.2943131E-01   0.1356663E-05   0.2943267E-01
     1255.00  0.2842751E-01   0.1677585E-05   0.2842919E-01
     1265.00  0.2644359E-01   0.1953261E-05   0.2644554E-01
     1275.00  0.2878988E-01   0.2190324E-05   0.2879207E-01
     1285.00  0.2857909E-01   0.2394189E-05   0.2858148E-01
     1295.00  0.2484373E-01   0.2569369E-05   0.2484630E-01
     1305.00  0.2489981E-01   0.2719667E-05   0.2490253E-01
     1315.00  0.2734082E-01   0.2848326E-05   0.2734367E-01
     1325.00  0.2597444E-01   0.2958123E-05   0.2597740E-01
     1335.00  0.2425075E-01   0.3051457E-05   0.2425380E-01
     1345.00  0.2558480E-01   0.3130405E-05   0.2558793E-01
     1355.00  0.2516142E-01   0.3196776E-05   0.2516462E-01
     1365.00  0.2368919E-01   0.3252147E-05   0.2369244E-01
     1375.00  0.2350348E-01   0.3297899E-05   0.2350678E-01
     1385.00  0.2356771E-01   0.3335247E-05   0.2357105E-01
     1395.00  0.2118407E-01   0.3365257E-05   0.2118744E-01
     1405.00  0.2179914E-01   0.3388869E-05   0.2180253E-01
     1415.00  0.2200470E-01   0.3406916E-05   0.2200811E-01
     1425.00  0.2174763E-01   0.3420131E-05   0.2175105E-01
     1435.00  0.2167695E-01   0.3429168E-05   0.2168038E-01
     1442.00  0.2193465E-01   0.3433320E-05   0.2193808E-01
     1447.00  0.2163940E-01   0.3435305E-05   0.2164284E-01
     1455.00  0.2121742E-01   0.3436954E-05   0.2122086E-01
     1465.00  0.2020313E-01   0.3436674E-05   0.2020657E-01
     1475.00  0.1998311E-01   0.3434173E-05   0.1998654E-01
     1485.00  0.1958431E-01   0.3429814E-05   0.1958774E-01
     1495.00  0.1940083E-01   0.3423921E-05   0.1940425E-01
     1505.00  0.1844752E-01   0.3416784E-05   0.1845094E-01
     1512.00  0.1706585E-01   0.3411188E-05   0.1706926E-01
     1517.00  0.1753457E-01   0.3406941E-05   0.1753798E-01
     1525.00  0.1754357E-01   0.3399788E-05   0.1754697E-01
     1535.00  0.1605998E-01   0.3390369E-05   0.1606337E-01
     1545.00  0.1648168E-01   0.3380591E-05   0.1648506E-01
     1555.00  0.1569293E-01   0.3370595E-05   0.1569630E-01
     1565.00  0.1597848E-01   0.3360552E-05   0.1598184E-01
     1575.00  0.1643428E-01   0.3350596E-05   0.1643763E-01
     1585.00  0.1634089E-01   0.3340848E-05   0.1634423E-01
     1595.00  0.1641618E-01   0.3331415E-05   0.1641951E-01
     1605.00  0.1599369E-01   0.3322395E-05   0.1599701E-01
     1615.00  0.1580972E-01   0.3313874E-05   0.1581303E-01
     1625.00  0.1541173E-01   0.3305929E-05   0.1541504E-01
     1635.00  0.1572444E-01   0.3298625E-05   0.1572774E-01
     1645.00  0.1551567E-01   0.3292026E-05   0.1551896E-01
     1655.00  0.1495297E-01   0.3286191E-05   0.1495626E-01
     1665.00  0.1545964E-01   0.3281168E-05   0.1546292E-01
     1672.00  0.1480376E-01   0.3278160E-05   0.1480704E-01
     1677.00  0.1522412E-01   0.3276276E-05   0.1522740E-01
     1685.00  0.1520338E-01   0.3273734E-05   0.1520665E-01
     1695.00  0.1464085E-01   0.3271397E-05   0.1464412E-01
     1705.00  0.1412843E-01   0.3270023E-05   0.1413170E-01
     1715.00  0.1359745E-01   0.3269639E-05   0.1360072E-01
     1725.00  0.1340858E-01   0.3270270E-05   0.1341185E-01
     1735.00  0.1369173E-01   0.3271936E-05   0.1369500E-01
     1745.00  0.1329254E-01   0.3274656E-05   0.1329581E-01
     1755.00  0.1353700E-01   0.3278445E-05   0.1354028E-01
     1765.00  0.1276946E-01   0.3283317E-05   0.1277274E-01
     1775.00  0.1278847E-01   0.3289285E-05   0.1279176E-01
     1785.00  0.1277648E-01   0.3296357E-05   0.1277978E-01
     1795.00  0.1296312E-01   0.3304540E-05   0.1296642E-01
     1805.00  0.1288083E-01   0.3313843E-05   0.1288414E-01
     1815.00  0.1212521E-01   0.3324269E-05   0.1212853E-01
     1825.00  0.1229144E-01   0.3335821E-05   0.1229478E-01
     1835.00  0.1194071E-01   0.3348505E-05   0.1194406E-01
     1845.00  0.1116557E-01   0.3362318E-05   0.1116893E-01
     1855.00  0.1099713E-01   0.3377262E-05   0.1100051E-01
     1865.00  0.1109844E-01   0.3393336E-05   0.1110183E-01
     1875.00  0.1147729E-01   0.3410538E-05   0.1148070E-01
     1885.00  0.1060154E-01   0.3428864E-05   0.1060497E-01
     1895.00  0.1006741E-01   0.3448313E-05   0.1007086E-01
     1905.00  0.1060092E-01   0.3468880E-05   0.1060439E-01
     1915.00  0.1013383E-01   0.3490560E-05   0.1013732E-01
     1925.00  0.9864561E-02   0.3513348E-05   0.9868074E-02
     1935.00  0.1011354E-01   0.3537238E-05   0.1011708E-01
     1945.00  0.1028697E-01   0.3562167E-05   0.1029053E-01
     1955.00  0.9609189E-02   0.3588102E-05   0.9612777E-02
     1967.00  0.1005782E-01   0.3620625E-05   0.1006144E-01
     1976.00  0.1028605E-01   0.3646010E-05   0.1028970E-01
     1984.00  0.9735749E-02   0.3669284E-05   0.9739418E-02
     1995.00  0.9486767E-02   0.3702367E-05   0.9490469E-02
     2005.00  0.9614802E-02   0.3733518E-05   0.9618536E-02
     2015.00  0.9503512E-02   0.3765686E-05   0.9507278E-02
     2025.00  0.9692681E-02   0.3798858E-05   0.9696480E-02
     2035.00  0.9182493E-02   0.3833227E-05   0.9186326E-02
     2045.00  0.9195521E-02   0.3868675E-05   0.9199390E-02
     2055.00  0.8924739E-02   0.1829086E-05   0.8926568E-02
     2065.00  0.8982065E-02   0.1817009E-05   0.8983882E-02
     2074.00  0.9225343E-02   0.1806483E-05   0.9227149E-02
     2078.00  0.8769929E-02   0.1801908E-05   0.8771731E-02
     2085.00  0.8911323E-02   0.1794054E-05   0.8913117E-02
     2095.00  0.8547685E-02   0.1783167E-05   0.8549468E-02
     2105.00  0.8683248E-02   0.1772665E-05   0.8685021E-02
     2115.00  0.8622366E-02   0.1762543E-05   0.8624129E-02
     2125.00  0.8694016E-02   0.1752795E-05   0.8695769E-02
     2135.00  0.8459355E-02   0.1743417E-05   0.8461098E-02
     2145.00  0.8243981E-02   0.1734402E-05   0.8245715E-02
     2155.00  0.8376583E-02   0.1725746E-05   0.8378309E-02
     2165.00  0.8228725E-02   0.1717442E-05   0.8230442E-02
     2175.00  0.8120444E-02   0.1709485E-05   0.8122153E-02
     2185.00  0.7998779E-02   0.1701872E-05   0.8000481E-02
     2195.00  0.8055890E-02   0.1694596E-05   0.8057585E-02
     2205.00  0.7888488E-02   0.1687651E-05   0.7890176E-02
     2215.00  0.7742258E-02   0.1681032E-05   0.7743939E-02
     2225.00  0.7547060E-02   0.1674733E-05   0.7548735E-02
     2235.00  0.7612242E-02   0.1668750E-05   0.7613911E-02
     2245.00  0.7516908E-02   0.1663077E-05   0.7518571E-02
     2255.00  0.7335206E-02   0.1657709E-05   0.7336864E-02
     2265.00  0.7348390E-02   0.1652641E-05   0.7350043E-02
     2275.00  0.7301332E-02   0.1647868E-05   0.7302980E-02
     2285.00  0.7295049E-02   0.1643368E-05   0.7296692E-02
     2295.00  0.7044486E-02   0.1639136E-05   0.7046125E-02
     2305.00  0.7052248E-02   0.1635181E-05   0.7053883E-02
     2315.00  0.6889158E-02   0.1631500E-05   0.6890790E-02
     2325.00  0.6055477E-02   0.1628087E-05   0.6057105E-02
     2335.00  0.6620103E-02   0.1624938E-05   0.6621728E-02
     2345.00  0.6482908E-02   0.1622047E-05   0.6484530E-02
     2355.00  0.6569429E-02   0.1619411E-05   0.6571048E-02
     2365.00  0.6375598E-02   0.1617025E-05   0.6377215E-02
     2375.00  0.6373742E-02   0.1614883E-05   0.6375357E-02
     2385.00  0.6200314E-02   0.1612982E-05   0.6201927E-02
     2395.00  0.6256873E-02   0.1611317E-05   0.6258484E-02
     2405.00  0.6119098E-02   0.1609885E-05   0.6120708E-02
     2415.00  0.6077846E-02   0.1608682E-05   0.6079455E-02
     2425.00  0.6122534E-02   0.1607702E-05   0.6124142E-02
     2435.00  0.5954063E-02   0.1606941E-05   0.5955670E-02
     2445.00  0.5980372E-02   0.1606395E-05   0.5981978E-02
     2455.00  0.5942716E-02   0.1606060E-05   0.5944322E-02
     2465.00  0.5830824E-02   0.1605932E-05   0.5832430E-02
     2475.00  0.5753964E-02   0.1606006E-05   0.5755570E-02
     2485.00  0.5760494E-02   0.1606280E-05   0.5762100E-02
     2495.00  0.5562884E-02   0.1606748E-05   0.5564491E-02
     2505.00  0.5680994E-02   0.1607407E-05   0.5682601E-02
     2513.00  0.5464938E-02   0.1608070E-05   0.5466546E-02
     2518.00  0.5562805E-02   0.1608544E-05   0.5564414E-02
     2525.00  0.5433056E-02   0.1609284E-05   0.5434665E-02
     2535.00  0.5353042E-02   0.1610494E-05   0.5354652E-02
     2545.00  0.5288722E-02   0.1611880E-05   0.5290334E-02
     2555.00  0.5355900E-02   0.1613438E-05   0.5357513E-02
     2565.00  0.5275915E-02   0.1615165E-05   0.5277530E-02
     2575.00  0.5302610E-02   0.1617057E-05   0.5304227E-02
     2585.00  0.5262026E-02   0.1619112E-05   0.5263645E-02
     2595.00  0.5199886E-02   0.1621325E-05   0.5201507E-02
     2605.00  0.5105006E-02   0.1563507E-05   0.5106570E-02
     2615.00  0.5054602E-02   0.1565640E-05   0.5056168E-02
     2625.00  0.5035378E-02   0.1567926E-05   0.5036946E-02
     2635.00  0.5001612E-02   0.1570363E-05   0.5003182E-02
     2645.00  0.5089360E-02   0.1572948E-05   0.5090933E-02
     2655.00  0.5045724E-02   0.1575678E-05   0.5047300E-02
     2665.00  0.4918952E-02   0.1578549E-05   0.4920531E-02
     2675.00  0.4924608E-02   0.1581559E-05   0.4926190E-02
     2685.00  0.4896702E-02   0.1584705E-05   0.4898287E-02
     2695.00  0.4785099E-02   0.1587983E-05   0.4786687E-02
     2705.00  0.4776042E-02   0.1591392E-05   0.4777633E-02
     2715.00  0.4695678E-02   0.1594927E-05   0.4697273E-02
     2725.00  0.4626626E-02   0.1598587E-05   0.4628225E-02
     2735.00  0.4654400E-02   0.1602369E-05   0.4656002E-02
     2745.00  0.4458458E-02   0.1606269E-05   0.4460064E-02
     2755.00  0.4445320E-02   0.1610286E-05   0.4446930E-02
     2765.00  0.4445476E-02   0.1614417E-05   0.4447090E-02
     2775.00  0.4485784E-02   0.1618658E-05   0.4487403E-02
     2785.00  0.4417457E-02   0.1623008E-05   0.4419080E-02
     2795.00  0.4150731E-02   0.1627464E-05   0.4152358E-02
     2805.00  0.4227868E-02   0.1632024E-05   0.4229500E-02
     2815.00  0.4340212E-02   0.1636685E-05   0.4341849E-02
     2825.00  0.4285254E-02   0.1641445E-05   0.4286895E-02
     2835.00  0.4180566E-02   0.1646301E-05   0.4182212E-02
     2845.00  0.4175378E-02   0.1651251E-05   0.4177029E-02
     2855.00  0.4139055E-02   0.1656275E-05   0.4140711E-02
     2865.00  0.4153254E-02   0.1661369E-05   0.4154915E-02
     2875.00  0.4100326E-02   0.1666548E-05   0.4101993E-02
     2885.00  0.4075178E-02   0.1671811E-05   0.4076850E-02
     2895.00  0.4035168E-02   0.1677154E-05   0.4036845E-02
     2910.00  0.4020273E-02   0.1685315E-05   0.4021958E-02
     2930.00  0.3924967E-02   0.1696460E-05   0.3926663E-02
     2950.00  0.3837056E-02   0.1707891E-05   0.3838764E-02
     2970.00  0.3802678E-02   0.1719592E-05   0.3804398E-02
     2990.00  0.3735459E-02   0.1731547E-05   0.3737191E-02
     3010.00  0.3683690E-02   0.1743742E-05   0.3685434E-02
     3030.00  0.3633230E-02   0.1756163E-05   0.3634986E-02
     3050.00  0.3572118E-02   0.1768802E-05   0.3573887E-02
     3070.00  0.3513247E-02   0.1781647E-05   0.3515029E-02
     3090.00  0.3459440E-02   0.1794680E-05   0.3461235E-02
     3110.00  0.3403267E-02   0.1807889E-05   0.3405075E-02
     3130.00  0.3343227E-02   0.1804849E-05   0.3345032E-02
     3150.00  0.3298797E-02   0.1818193E-05   0.3300615E-02
     3170.00  0.3247657E-02   0.1831679E-05   0.3249489E-02
     3190.00  0.3158863E-02   0.1845296E-05   0.3160708E-02
     3210.00  0.3143862E-02   0.1859033E-05   0.3145721E-02
     3230.00  0.3083157E-02   0.1872880E-05   0.3085030E-02
     3250.00  0.3054047E-02   0.1886826E-05   0.3055934E-02
     3270.00  0.3021387E-02   0.1900839E-05   0.3023288E-02
     3290.00  0.2976130E-02   0.1914915E-05   0.2978045E-02
     3310.00  0.2935564E-02   0.1929058E-05   0.2937493E-02
     3330.00  0.2887581E-02   0.1943260E-05   0.2889524E-02
     3350.00  0.2833709E-02   0.1957512E-05   0.2835667E-02
     3370.00  0.2785302E-02   0.1971806E-05   0.2787274E-02
     3390.00  0.2749470E-02   0.1986134E-05   0.2751456E-02
     3410.00  0.2718269E-02   0.2000489E-05   0.2720269E-02
     3430.00  0.2661203E-02   0.1895455E-05   0.2663098E-02
     3450.00  0.2627040E-02   0.1908439E-05   0.2628948E-02
     3470.00  0.2606979E-02   0.1921438E-05   0.2608900E-02
     3490.00  0.2576780E-02   0.1934446E-05   0.2578714E-02
     3510.00  0.2556410E-02   0.1947453E-05   0.2558357E-02
     3530.00  0.2512661E-02   0.1960432E-05   0.2514621E-02
     3550.00  0.2493079E-02   0.1973398E-05   0.2495052E-02
     3570.00  0.2434164E-02   0.1986345E-05   0.2436150E-02
     3590.00  0.2392836E-02   0.1999268E-05   0.2394835E-02
     3610.00  0.2379352E-02   0.2012163E-05   0.2381364E-02
     3630.00  0.2355996E-02   0.2025023E-05   0.2358021E-02
     3640.00  0.2354808E-02   0.2031440E-05   0.2356839E-02
     3650.00  0.2350149E-02   0.4312510E-06   0.2350580E-02
     3670.00  0.2324625E-02   0.4285825E-06   0.2325054E-02
     3690.00  0.2264226E-02   0.4012860E-06   0.2264627E-02
     3710.00  0.2371623E-02   0.3985202E-06   0.2372022E-02
     3730.00  0.2344083E-02   0.3958369E-06   0.2344479E-02
     3750.00  0.2695894E-02   0.3932336E-06   0.2696287E-02
     3770.00  0.2747632E-02   0.3907076E-06   0.2748023E-02
     3790.00  0.3022706E-02   0.3882567E-06   0.3023094E-02
     3810.00  0.3260538E-02   0.3858783E-06   0.3260924E-02
     3830.00  0.2741340E-02   0.3835703E-06   0.2741724E-02
     3850.00  0.3357804E-02   0.3813304E-06   0.3358185E-02
     3870.00  0.3478040E-02   0.3791564E-06   0.3478419E-02
     3890.00  0.2583174E-02   0.3770464E-06   0.2583551E-02
     3910.00  0.3462112E-02   0.3749982E-06   0.3462487E-02
     3930.00  0.3252706E-02   0.3730100E-06   0.3253079E-02
     3950.00  0.3354225E-02   0.3710798E-06   0.3354596E-02
     3970.00  0.2357580E-02   0.3692066E-06   0.2357949E-02
     3990.00  0.3317332E-02   0.3673903E-06   0.3317699E-02
     4010.00  0.3413808E-02   0.3656265E-06   0.3414174E-02
     4030.00  0.3322362E-02   0.3639137E-06   0.3322726E-02
     4050.00  0.3346233E-02   0.3622501E-06   0.3346595E-02
     4070.00  0.3250227E-02   0.3606342E-06   0.3250588E-02
     4090.00  0.2974574E-02   0.3590646E-06   0.2974933E-02
     4110.00  0.2517518E-02   0.3575398E-06   0.2517876E-02
     4130.00  0.3111916E-02   0.3560583E-06   0.3112272E-02
     4150.00  0.3128860E-02   0.3546187E-06   0.3129215E-02
     4170.00  0.3101881E-02   0.3532198E-06   0.3102234E-02
     4190.00  0.3071584E-02   0.3518602E-06   0.3071936E-02
     4210.00  0.3047879E-02   0.3505387E-06   0.3048230E-02
     4230.00  0.3007904E-02   0.3492541E-06   0.3008253E-02
     4250.00  0.2975677E-02   0.3480052E-06   0.2976025E-02
     4270.00  0.2905691E-02   0.3467908E-06   0.2906038E-02
     4290.00  0.2867418E-02   0.3456099E-06   0.2867764E-02
     4310.00  0.2747638E-02   0.3444614E-06   0.2747982E-02
     4330.00  0.2507715E-02   0.3433443E-06   0.2508058E-02
     4350.00  0.2258398E-02   0.3422577E-06   0.2258740E-02
     4370.00  0.2765462E-02   0.3412007E-06   0.2765803E-02
     4390.00  0.2705878E-02   0.3401721E-06   0.2706218E-02
     4410.00  0.2715974E-02   0.3391710E-06   0.2716313E-02
     4430.00  0.2724274E-02   0.3381965E-06   0.2724612E-02
     4450.00  0.2704911E-02   0.3372478E-06   0.2705248E-02
     4470.00  0.2639115E-02   0.3363240E-06   0.2639451E-02
     4490.00  0.2669276E-02   0.3354242E-06   0.2669611E-02
     4510.00  0.2705617E-02   0.3345478E-06   0.2705952E-02
     4530.00  0.2619236E-02   0.3336939E-06   0.2619570E-02
     4550.00  0.2591873E-02   0.3328618E-06   0.2592206E-02
     4570.00  0.2614307E-02   0.3320508E-06   0.2614639E-02
     4590.00  0.2557293E-02   0.3312602E-06   0.2557624E-02
     4610.00  0.2563574E-02   0.3304893E-06   0.2563904E-02
     4630.00  0.2518460E-02   0.3297375E-06   0.2518790E-02
     4650.00  0.2503851E-02   0.3290042E-06   0.2504180E-02
     4670.00  0.2493920E-02   0.3282887E-06   0.2494248E-02
     4690.00  0.2462442E-02   0.3275903E-06   0.2462770E-02
     4710.00  0.2398179E-02   0.3269087E-06   0.2398506E-02
     4730.00  0.2417602E-02   0.3262432E-06   0.2417928E-02
     4750.00  0.2413114E-02   0.3255932E-06   0.2413440E-02
     4770.00  0.2397187E-02   0.3249583E-06   0.2397512E-02
     4790.00  0.2366007E-02   0.3243378E-06   0.2366331E-02
     4810.00  0.2331672E-02   0.3237309E-06   0.2331996E-02
     4830.00  0.2295189E-02   0.3231369E-06   0.2295512E-02
     4850.00  0.2069989E-02   0.3225560E-06   0.2070312E-02
     4870.00  0.1812292E-02   0.3219876E-06   0.1812614E-02
     4890.00  0.2211104E-02   0.3214314E-06   0.2211425E-02
     4910.00  0.2218871E-02   0.3208869E-06   0.2219192E-02
     4930.00  0.2168996E-02   0.3203538E-06   0.2169316E-02
     4950.00  0.2208613E-02   0.3198316E-06   0.2208933E-02
     4970.00  0.2187280E-02   0.3193199E-06   0.2187599E-02
     4990.00  0.2127597E-02   0.3188184E-06   0.2127916E-02
     5010.00  0.2065953E-02   0.3183266E-06   0.2066271E-02
     5030.00  0.2097121E-02   0.3178444E-06   0.2097439E-02
     5050.00  0.2068200E-02   0.3173712E-06   0.2068517E-02
     5070.00  0.2087119E-02   0.3169077E-06   0.2087436E-02
     5090.00  0.2037559E-02   0.3164573E-06   0.2037875E-02
     5110.00  0.2030265E-02   0.3160147E-06   0.2030581E-02
     5130.00  0.1990300E-02   0.3155799E-06   0.1990616E-02
     5150.00  0.1958725E-02   0.3151524E-06   0.1959040E-02
     5170.00  0.1925705E-02   0.3147319E-06   0.1926020E-02
     5190.00  0.1928258E-02   0.3143183E-06   0.1928572E-02
     5210.00  0.1923514E-02   0.3139112E-06   0.1923828E-02
     5230.00  0.1919788E-02   0.3135104E-06   0.1920102E-02
     5250.00  0.1922748E-02   0.3131156E-06   0.1923061E-02
     5270.00  0.1852130E-02   0.3127266E-06   0.1852443E-02
     5290.00  0.1899778E-02   0.3123432E-06   0.1900090E-02
     5310.00  0.1907355E-02   0.3119652E-06   0.1907667E-02
     5330.00  0.1841466E-02   0.3115922E-06   0.1841778E-02
     5350.00  0.1877024E-02   0.3112242E-06   0.1877335E-02
     5370.00  0.1861714E-02   0.3108607E-06   0.1862025E-02
     5390.00  0.1829336E-02   0.3105012E-06   0.1829647E-02
     5410.00  0.1807861E-02   0.3101459E-06   0.1808171E-02
     5430.00  0.1796734E-02   0.3097948E-06   0.1797044E-02
     5450.00  0.1815923E-02   0.3094476E-06   0.1816232E-02
     5470.00  0.1784257E-02   0.3091041E-06   0.1784566E-02
     5490.00  0.1769638E-02   0.3087642E-06   0.1769947E-02
     5510.00  0.1756709E-02   0.3084277E-06   0.1757017E-02
     5530.00  0.1756576E-02   0.3080945E-06   0.1756884E-02
     5550.00  0.1756406E-02   0.3077644E-06   0.1756714E-02
     5570.00  0.1732114E-02   0.3074372E-06   0.1732421E-02
     5590.00  0.1707993E-02   0.3071129E-06   0.1708300E-02
     5610.00  0.1717985E-02   0.3067913E-06   0.1718292E-02
     5630.00  0.1701448E-02   0.3064722E-06   0.1701754E-02
     5650.00  0.1692456E-02   0.3061555E-06   0.1692762E-02
     5670.00  0.1665301E-02   0.3058412E-06   0.1665607E-02
     5690.00  0.1674165E-02   0.3055290E-06   0.1674471E-02
     5710.00  0.1638582E-02   0.2457700E-06   0.1638828E-02
     5730.00  0.1675331E-02   0.2453731E-06   0.1675576E-02
     5750.00  0.1644497E-02   0.2449801E-06   0.1644742E-02
     5770.00  0.1643534E-02   0.2445909E-06   0.1643779E-02
     5790.00  0.1610317E-02   0.2442053E-06   0.1610561E-02
     5810.00  0.1622347E-02   0.2438233E-06   0.1622591E-02
     5830.00  0.1628254E-02   0.2434447E-06   0.1628497E-02
     5850.00  0.1601333E-02   0.2430694E-06   0.1601576E-02
     5870.00  0.1579608E-02   0.2426974E-06   0.1579851E-02
     5890.00  0.1536770E-02   0.2423284E-06   0.1537012E-02
     5910.00  0.1568716E-02   0.2419624E-06   0.1568958E-02
     5930.00  0.1561434E-02   0.2415993E-06   0.1561676E-02
     5950.00  0.1550847E-02   0.2412391E-06   0.1551088E-02
     5970.00  0.1555497E-02   0.2408815E-06   0.1555738E-02
     5990.00  0.1533943E-02   0.2405266E-06   0.1534184E-02
     6010.00  0.1515099E-02   0.2401742E-06   0.1515339E-02
     6030.00  0.1520212E-02   0.2398243E-06   0.1520452E-02
     6050.00  0.1521491E-02   0.2394768E-06   0.1521730E-02
     6070.00  0.1507814E-02   0.2391315E-06   0.1508053E-02
     6090.00  0.1479264E-02   0.2387884E-06   0.1479503E-02
     6110.00  0.1473756E-02   0.2384475E-06   0.1473994E-02
     6130.00  0.1437303E-02   0.2381086E-06   0.1437541E-02
     6150.00  0.1444931E-02   0.2377717E-06   0.1445169E-02
     6170.00  0.1421090E-02   0.2374368E-06   0.1421327E-02
     6190.00  0.1442648E-02   0.2371037E-06   0.1442885E-02
     6210.00  0.1431443E-02   0.2367724E-06   0.1431680E-02
     6230.00  0.1404415E-02   0.2364428E-06   0.1404651E-02
     6250.00  0.1371678E-02   0.2361150E-06   0.1371914E-02
     6270.00  0.1396956E-02   0.2357887E-06   0.1397192E-02
     6290.00  0.1397018E-02   0.2354640E-06   0.1397253E-02
     6310.00  0.1374786E-02   0.2351408E-06   0.1375021E-02
     6330.00  0.1378039E-02   0.2348191E-06   0.1378274E-02
     6350.00  0.1372660E-02   0.2344988E-06   0.1372894E-02
     6370.00  0.1364020E-02   0.2341798E-06   0.1364254E-02
     6390.00  0.1362171E-02   0.2338621E-06   0.1362405E-02
     6410.00  0.1344682E-02   0.2335457E-06   0.1344916E-02
     6430.00  0.1342720E-02   0.2332305E-06   0.1342953E-02
     6450.00  0.1337575E-02   0.2329165E-06   0.1337808E-02
     6470.00  0.1328140E-02   0.2326036E-06   0.1328373E-02
     6490.00  0.1302234E-02   0.2322918E-06   0.1302466E-02
     6510.00  0.1315534E-02   0.2319810E-06   0.1315766E-02
     6530.00  0.1306867E-02   0.2316684E-06   0.1307099E-02
     6550.00  0.1245785E-02   0.2313560E-06   0.1246016E-02
     6570.00  0.1124089E-02   0.2310443E-06   0.1124320E-02
     6590.00  0.1271069E-02   0.2307335E-06   0.1271300E-02
     6610.00  0.1282740E-02   0.2304235E-06   0.1282970E-02
     6630.00  0.1281258E-02   0.2301142E-06   0.1281488E-02
     6650.00  0.1273991E-02   0.2288294E-06   0.1274220E-02
     6670.00  0.1255638E-02   0.2285247E-06   0.1255867E-02
     6690.00  0.1268704E-02   0.2282206E-06   0.1268932E-02
     6710.00  0.1245361E-02   0.2279171E-06   0.1245589E-02
     6730.00  0.1258238E-02   0.2276143E-06   0.1258466E-02
     6750.00  0.1241530E-02   0.2273121E-06   0.1241757E-02
     6770.00  0.1240430E-02   0.2270104E-06   0.1240657E-02
     6790.00  0.1231176E-02   0.2267093E-06   0.1231403E-02
     6810.00  0.1224148E-02   0.2264087E-06   0.1224374E-02
     6830.00  0.1224732E-02   0.2261086E-06   0.1224958E-02
     6850.00  0.1202874E-02   0.2258090E-06   0.1203100E-02
     6870.00  0.1205555E-02   0.2255098E-06   0.1205781E-02
     6890.00  0.1209476E-02   0.2252110E-06   0.1209701E-02
     6910.00  0.1197449E-02   0.2249127E-06   0.1197674E-02
     6930.00  0.1185875E-02   0.2246148E-06   0.1186100E-02
     6950.00  0.1170040E-02   0.2243173E-06   0.1170264E-02
     6970.00  0.1170497E-02   0.2240201E-06   0.1170721E-02
     6990.00  0.1159571E-02   0.2237233E-06   0.1159795E-02
     7010.00  0.1141370E-02   0.2234268E-06   0.1141593E-02
     7030.00  0.1147710E-02   0.2231307E-06   0.1147933E-02
     7050.00  0.1150408E-02   0.2228350E-06   0.1150631E-02
     7070.00  0.1130858E-02   0.2225395E-06   0.1131081E-02
     7090.00  0.1129793E-02   0.2222443E-06   0.1130015E-02
     7110.00  0.1116195E-02   0.2219494E-06   0.1116417E-02
     7130.00  0.1104072E-02   0.2216547E-06   0.1104294E-02
     7150.00  0.1100703E-02   0.2213602E-06   0.1100924E-02
     7170.00  0.1102824E-02   0.2210660E-06   0.1103045E-02
     7190.00  0.1078446E-02   0.2207719E-06   0.1078667E-02
     7210.00  0.1086730E-02   0.2204780E-06   0.1086950E-02
     7230.00  0.1090579E-02   0.2201844E-06   0.1090799E-02
     7250.00  0.1086633E-02   0.2198908E-06   0.1086853E-02
     7270.00  0.1079828E-02   0.2195975E-06   0.1080048E-02
     7290.00  0.1058081E-02   0.2193043E-06   0.1058300E-02
     7310.00  0.1063272E-02   0.2190113E-06   0.1063491E-02
     7330.00  0.1061231E-02   0.2187184E-06   0.1061450E-02
     7350.00  0.1054636E-02   0.2184257E-06   0.1054854E-02
     7370.00  0.1061616E-02   0.2181331E-06   0.1061834E-02
     7390.00  0.1045471E-02   0.2178405E-06   0.1045689E-02
     7410.00  0.1030414E-02   0.2175482E-06   0.1030632E-02
     7430.00  0.1037891E-02   0.2172559E-06   0.1038108E-02
     7450.00  0.1036431E-02   0.2166120E-06   0.1036648E-02
     7470.00  0.1032505E-02   0.2163207E-06   0.1032721E-02
     7490.00  0.1024345E-02   0.2160295E-06   0.1024561E-02
     7510.00  0.1024992E-02   0.2157384E-06   0.1025208E-02
     7530.00  0.1024857E-02   0.2154474E-06   0.1025072E-02
     7550.00  0.1024709E-02   0.2151565E-06   0.1024924E-02
     7570.00  0.1016125E-02   0.2148657E-06   0.1016340E-02
     7590.00  0.1009260E-02   0.2145750E-06   0.1009475E-02
     7610.00  0.1007232E-02   0.2142831E-06   0.1007446E-02
     7630.00  0.1004165E-02   0.2139899E-06   0.1004379E-02
     7650.00  0.1001905E-02   0.2136968E-06   0.1002119E-02
     7670.00  0.9814974E-03   0.2134036E-06   0.9817108E-03
     7690.00  0.9941899E-03   0.2131105E-06   0.9944030E-03
     7710.00  0.9763564E-03   0.2128174E-06   0.9765692E-03
     7730.00  0.9776316E-03   0.2125244E-06   0.9778441E-03
     7750.00  0.9694464E-03   0.2122313E-06   0.9696586E-03
     7770.00  0.9739926E-03   0.2119382E-06   0.9742045E-03
     7790.00  0.9711610E-03   0.2116451E-06   0.9713726E-03
     7810.00  0.9691281E-03   0.2113521E-06   0.9693395E-03
     7830.00  0.9596284E-03   0.2110590E-06   0.9598395E-03
     7850.00  0.9516055E-03   0.2107660E-06   0.9518163E-03
     7870.00  0.9490241E-03   0.2070910E-06   0.9492312E-03
     7890.00  0.9290370E-03   0.2068057E-06   0.9292438E-03
     7910.00  0.9109228E-03   0.2065204E-06   0.9111293E-03
     7930.00  0.9090482E-03   0.2062352E-06   0.9092544E-03
     7950.00  0.8984550E-03   0.2059499E-06   0.8986609E-03
     7970.00  0.9146592E-03   0.2056647E-06   0.9148649E-03
     7990.00  0.9089236E-03   0.2053795E-06   0.9091290E-03
     8010.00  0.9182322E-03   0.2050943E-06   0.9184373E-03
     8030.00  0.9158184E-03   0.2048091E-06   0.9160232E-03
     8050.00  0.9075817E-03   0.2045239E-06   0.9077862E-03
     8070.00  0.9040160E-03   0.2042387E-06   0.9042202E-03
     8090.00  0.8924742E-03   0.2039536E-06   0.8926782E-03
     8110.00  0.8916563E-03   0.2036684E-06   0.8918600E-03
     8130.00  0.8920321E-03   0.2033833E-06   0.8922355E-03
     8150.00  0.8883246E-03   0.2030982E-06   0.8885277E-03
     8170.00  0.8853222E-03   0.2028131E-06   0.8855250E-03
     8190.00  0.8731079E-03   0.2025281E-06   0.8733104E-03
     8210.00  0.8690818E-03   0.1816594E-06   0.8692635E-03
     8230.00  0.8693366E-03   0.1013040E-06   0.8694379E-03
     8250.00  0.8696519E-03   0.1011068E-06   0.8697530E-03
     8270.00  0.8694932E-03   0.1009105E-06   0.8695941E-03
     8290.00  0.8622618E-03   0.9972357E-07   0.8623615E-03
     8310.00  0.8473902E-03   0.9953128E-07   0.8474897E-03
     8330.00  0.8401661E-03   0.9933982E-07   0.8402654E-03
     8350.00  0.8434461E-03   0.9914914E-07   0.8435452E-03
     8370.00  0.8370792E-03   0.9895924E-07   0.8371782E-03
     8390.00  0.8226517E-03   0.9877011E-07   0.8227505E-03
     8410.00  0.8361047E-03   0.9858173E-07   0.8362033E-03
     8430.00  0.8268802E-03   0.9839411E-07   0.8269786E-03
     8450.00  0.8356043E-03   0.9820722E-07   0.8357025E-03
     8470.00  0.8187204E-03   0.9802106E-07   0.8188184E-03
     8490.00  0.8325301E-03   0.9783563E-07   0.8326279E-03
     8510.00  0.7839118E-03   0.9765091E-07   0.7840095E-03
     8530.00  0.8295964E-03   0.9746691E-07   0.8296939E-03
     8550.00  0.7158505E-03   0.9728360E-07   0.7159478E-03
     8570.00  0.8413707E-03   0.9710098E-07   0.8414678E-03
     8590.00  0.8117179E-03   0.9691905E-07   0.8118148E-03
     8610.00  0.8032086E-03   0.9673779E-07   0.8033053E-03
     8630.00  0.8343774E-03   0.9655720E-07   0.8344740E-03
     8650.00  0.8185108E-03   0.9637728E-07   0.8186072E-03
     8670.00  0.7032228E-03   0.9619800E-07   0.7033190E-03
     8690.00  0.8098788E-03   0.9601939E-07   0.8099748E-03
     8710.00  0.8243314E-03   0.9584141E-07   0.8244272E-03
     8730.00  0.8150087E-03   0.9566406E-07   0.8151044E-03
     8750.00  0.7609588E-03   0.9548734E-07   0.7610543E-03
     8770.00  0.8029657E-03   0.9531124E-07   0.8030610E-03
     8790.00  0.8124539E-03   0.9513577E-07   0.8125490E-03
     8810.00  0.8035310E-03   0.9496089E-07   0.8036260E-03
     8830.00  0.8001004E-03   0.9478662E-07   0.8001952E-03
     8850.00  0.7815210E-03   0.9461296E-07   0.7816156E-03
     8870.00  0.7417830E-03   0.9443988E-07   0.7418774E-03
     8890.00  0.7923305E-03   0.9426739E-07   0.7924248E-03
     8910.00  0.7971016E-03   0.9409547E-07   0.7971957E-03
     8930.00  0.7897893E-03   0.9392414E-07   0.7898832E-03
     8950.00  0.7843195E-03   0.9375337E-07   0.7844133E-03
     8970.00  0.7831780E-03   0.9358316E-07   0.7832716E-03
     8990.00  0.7754998E-03   0.9341352E-07   0.7755932E-03
     9010.00  0.7182935E-03   0.9324442E-07   0.7183867E-03
     9030.00  0.7477488E-03   0.9307587E-07   0.7478419E-03
     9050.00  0.7725441E-03   0.9290787E-07   0.7726370E-03
     9070.00  0.7670258E-03   0.9274041E-07   0.7671185E-03
     9090.00  0.7527612E-03   0.9257347E-07   0.7528538E-03
     9110.00  0.7590976E-03   0.9240707E-07   0.7591900E-03
     9130.00  0.7596596E-03   0.9224123E-07   0.7597518E-03
     9150.00  0.7567871E-03   0.9207592E-07   0.7568792E-03
     9170.00  0.7527036E-03   0.9191115E-07   0.7527955E-03
     9190.00  0.7509776E-03   0.9174687E-07   0.7510693E-03
     9210.00  0.7310799E-03   0.9158310E-07   0.7311715E-03
     9230.00  0.6906679E-03   0.9141984E-07   0.6907593E-03
     9250.00  0.7214538E-03   0.9125706E-07   0.7215451E-03
     9270.00  0.7312848E-03   0.9109479E-07   0.7313759E-03
     9290.00  0.7325854E-03   0.9093299E-07   0.7326763E-03
     9310.00  0.7333276E-03   0.9077168E-07   0.7334184E-03
     9330.00  0.7299382E-03   0.9061086E-07   0.7300288E-03
     9350.00  0.7251660E-03   0.9045051E-07   0.7252565E-03
     9370.00  0.7160832E-03   0.9029063E-07   0.7161735E-03
     9390.00  0.7198640E-03   0.9013122E-07   0.7199541E-03
     9410.00  0.7072383E-03   0.8997229E-07   0.7073283E-03
     9430.00  0.7139621E-03   0.8981380E-07   0.7140519E-03
     9450.00  0.7062623E-03   0.8965577E-07   0.7063520E-03
     9470.00  0.7075387E-03   0.8949823E-07   0.7076282E-03
     9490.00  0.7046438E-03   0.8934110E-07   0.7047331E-03
     9510.00  0.6983302E-03   0.8918444E-07   0.6984194E-03
     9530.00  0.6846740E-03   0.8902822E-07   0.6847630E-03
     9550.00  0.6449704E-03   0.8887245E-07   0.6450593E-03
     9570.00  0.6787153E-03   0.8871711E-07   0.6788040E-03
     9590.00  0.6881662E-03   0.8856222E-07   0.6882548E-03
     9610.00  0.6818993E-03   0.8840775E-07   0.6819877E-03
     9630.00  0.6801143E-03   0.8825372E-07   0.6802026E-03
     9650.00  0.6721087E-03   0.8810011E-07   0.6721968E-03
     9670.00  0.6704853E-03   0.8794692E-07   0.6705732E-03
     9690.00  0.6726824E-03   0.8779413E-07   0.6727702E-03
     9710.00  0.6679561E-03   0.8764179E-07   0.6680437E-03
     9730.00  0.6644852E-03   0.8748988E-07   0.6645727E-03
     9750.00  0.6607956E-03   0.8733835E-07   0.6608829E-03
     9770.00  0.6599193E-03   0.8718724E-07   0.6600065E-03
     9790.00  0.6522253E-03   0.8703654E-07   0.6523123E-03
     9810.00  0.6579784E-03   0.8688625E-07   0.6580653E-03
     9830.00  0.6550645E-03   0.8673635E-07   0.6551512E-03
     9850.00  0.6530772E-03   0.8658684E-07   0.6531638E-03
     9870.00  0.6481827E-03   0.8643775E-07   0.6482691E-03
     9890.00  0.6451324E-03   0.8628904E-07   0.6452187E-03
     9910.00  0.6431901E-03   0.8614073E-07   0.6432762E-03
     9930.00  0.6415908E-03   0.8599281E-07   0.6416768E-03
     9950.00  0.6394011E-03   0.8584528E-07   0.6394869E-03
     9970.00  0.6370270E-03   0.8569813E-07   0.6371127E-03
     9990.00  0.6332773E-03   0.8555138E-07   0.6333629E-03
    10025.00  0.6160651E-03   0.8529544E-07   0.6161504E-03
    10075.00  0.6031529E-03   0.8493183E-07   0.6032378E-03
    10125.00  0.6114032E-03   0.8457056E-07   0.6114878E-03
    10175.00  0.6030952E-03   0.8421345E-07   0.6031794E-03
    10225.00  0.5995112E-03   0.8385890E-07   0.5995951E-03
    10275.00  0.5960459E-03   0.8350649E-07   0.5961294E-03
    10325.00  0.5843802E-03   0.8315621E-07   0.5844634E-03
    10375.00  0.5789915E-03   0.8280801E-07   0.5790743E-03
    10425.00  0.5765189E-03   0.8246189E-07   0.5766014E-03
    10475.00  0.5683831E-03   0.8211781E-07   0.5684652E-03
    10525.00  0.5656971E-03   0.8177575E-07   0.5657789E-03
    10575.00  0.5578296E-03   0.8143569E-07   0.5579110E-03
    10625.00  0.5522617E-03   0.8109760E-07   0.5523428E-03
    10675.00  0.5420191E-03   0.8076148E-07   0.5420999E-03
    10725.00  0.5398494E-03   0.8042729E-07   0.5399298E-03
    10775.00  0.5326697E-03   0.8009502E-07   0.5327498E-03
    10825.00  0.5247514E-03   0.7976464E-07   0.5248312E-03
    10875.00  0.5205338E-03   0.7943615E-07   0.5206132E-03
    10925.00  0.5059023E-03   0.7910952E-07   0.5059814E-03
    10975.00  0.5080321E-03   0.7878473E-07   0.5081109E-03
    11025.00  0.5104677E-03   0.7846177E-07   0.5105462E-03
    11075.00  0.5071984E-03   0.7814062E-07   0.5072765E-03
    11125.00  0.5014440E-03   0.7782127E-07   0.5015218E-03
    11175.00  0.4950135E-03   0.7179317E-07   0.4950853E-03
    11225.00  0.4927342E-03   0.7149704E-07   0.4928057E-03
    11275.00  0.4844951E-03   0.7120265E-07   0.4845663E-03
    11325.00  0.4805188E-03   0.7090999E-07   0.4805897E-03
    11375.00  0.4756048E-03   0.7061905E-07   0.4756754E-03
    11425.00  0.4691345E-03   0.7032980E-07   0.4692048E-03
    11475.00  0.4700327E-03   0.7004222E-07   0.4701027E-03
    11525.00  0.4661783E-03   0.6975630E-07   0.4662481E-03
    11575.00  0.4595109E-03   0.6947204E-07   0.4595804E-03
    11625.00  0.4516744E-03   0.6918942E-07   0.4517436E-03
    11675.00  0.4495463E-03   0.6890842E-07   0.4496152E-03
    11725.00  0.4496362E-03   0.6862903E-07   0.4497048E-03
    11775.00  0.4411861E-03   0.6835124E-07   0.4412545E-03
    11825.00  0.4376292E-03   0.6807503E-07   0.4376973E-03
    11875.00  0.4301803E-03   0.6780038E-07   0.4302481E-03
    11925.00  0.4336556E-03   0.6752729E-07   0.4337231E-03
    11975.00  0.4209671E-03   0.6725575E-07   0.4210344E-03
    12025.00  0.4238703E-03   0.6698573E-07   0.4239373E-03
    12075.00  0.4182735E-03   0.6671724E-07   0.4183402E-03
    12125.00  0.4159645E-03   0.6645024E-07   0.4160310E-03
    12175.00  0.4145748E-03   0.6618475E-07   0.4146410E-03
    12225.00  0.4103488E-03   0.6592074E-07   0.4104147E-03
    12275.00  0.4059968E-03   0.6565819E-07   0.4060625E-03
    12325.00  0.4031073E-03   0.6539711E-07   0.4031727E-03
    12375.00  0.3996200E-03   0.6513748E-07   0.3996851E-03
    12425.00  0.3962856E-03   0.6487928E-07   0.3963505E-03
    12475.00  0.3937467E-03   0.6462251E-07   0.3938113E-03
    12525.00  0.3892139E-03   0.6430566E-07   0.3892782E-03
    12575.00  0.3863625E-03   0.6405216E-07   0.3864266E-03
    12625.00  0.3829184E-03   0.6380005E-07   0.3829822E-03
    12675.00  0.3793387E-03   0.6354933E-07   0.3794022E-03
    12725.00  0.3774149E-03   0.6329998E-07   0.3774782E-03
    12775.00  0.3737857E-03   0.6305200E-07   0.3738488E-03
    12825.00  0.3574290E-03   0.6280537E-07   0.3574918E-03
    12875.00  0.3659296E-03   0.6256009E-07   0.3659922E-03
    12925.00  0.3630078E-03   0.6231614E-07   0.3630701E-03
    12975.00  0.3629131E-03   0.6207353E-07   0.3629752E-03
    13025.00  0.3588538E-03   0.6183223E-07   0.3589156E-03
    13075.00  0.3574797E-03   0.6159163E-07   0.3575413E-03
    13125.00  0.3524132E-03   0.6135228E-07   0.3524746E-03
    13175.00  0.3497780E-03   0.6111421E-07   0.3498391E-03
    13225.00  0.3485812E-03   0.6087741E-07   0.3486421E-03
    13275.00  0.3429498E-03   0.6064187E-07   0.3430104E-03
    13325.00  0.3430950E-03   0.6040759E-07   0.3431554E-03
    13375.00  0.3396934E-03   0.6017456E-07   0.3397536E-03
    13425.00  0.3394262E-03   0.5994277E-07   0.3394861E-03
    13475.00  0.3365269E-03   0.5971221E-07   0.3365866E-03
    13525.00  0.3343370E-03   0.5948287E-07   0.3343965E-03
    13575.00  0.3290870E-03   0.5925475E-07   0.3291463E-03
    13625.00  0.3266842E-03   0.5900266E-07   0.3267432E-03
    13675.00  0.3256970E-03   0.5877706E-07   0.3257558E-03
    13725.00  0.3243310E-03   0.5855266E-07   0.3243896E-03
    13775.00  0.3220107E-03   0.5832945E-07   0.3220690E-03
    13825.00  0.3204132E-03   0.5810741E-07   0.3204713E-03
    13875.00  0.3167106E-03   0.5788655E-07   0.3167685E-03
    13925.00  0.3165894E-03   0.5766684E-07   0.3166471E-03
    13975.00  0.3149276E-03   0.5744830E-07   0.3149850E-03
    14025.00  0.3101756E-03   0.5723090E-07   0.3102328E-03
    14075.00  0.3107076E-03   0.5701465E-07   0.3107646E-03
    14125.00  0.3069902E-03   0.5653501E-07   0.3070467E-03
    14175.00  0.3071642E-03   0.5632271E-07   0.3072205E-03
    14225.00  0.3021707E-03   0.5611152E-07   0.3022268E-03
    14275.00  0.2987951E-03   0.5590144E-07   0.2988510E-03
    14325.00  0.3003675E-03   0.5569244E-07   0.3004232E-03
    14375.00  0.2999912E-03   0.5548454E-07   0.3000467E-03
    14425.00  0.2925160E-03   0.5527772E-07   0.2925713E-03
    14475.00  0.2958794E-03   0.5507197E-07   0.2959345E-03
    14525.00  0.2912441E-03   0.5486729E-07   0.2912990E-03
    14570.00  0.2913324E-03   0.5468398E-07   0.2913871E-03
    14620.00  0.2904628E-03   0.4063175E-07   0.2905034E-03
    14675.00  0.2890385E-03   0.4046628E-07   0.2890790E-03
    14725.00  0.2842250E-03   0.4022109E-07   0.2842652E-03
    14775.00  0.2842317E-03   0.4007275E-07   0.2842718E-03
    14825.00  0.2826863E-03   0.3992525E-07   0.2827262E-03
    14875.00  0.2792043E-03   0.3977858E-07   0.2792441E-03
    14925.00  0.2812788E-03   0.3963273E-07   0.2813184E-03
    14975.00  0.2778632E-03   0.3948770E-07   0.2779027E-03
    15025.00  0.2748224E-03   0.3934348E-07   0.2748617E-03
    15075.00  0.2717496E-03   0.3920007E-07   0.2717888E-03
    15125.00  0.2742245E-03   0.3905745E-07   0.2742636E-03
    15175.00  0.2733865E-03   0.3891563E-07   0.2734254E-03
    15225.00  0.2724612E-03   0.3877464E-07   0.2725000E-03
    15275.00  0.2705114E-03   0.3863447E-07   0.2705500E-03
    15325.00  0.2684825E-03   0.3849507E-07   0.2685210E-03
    15375.00  0.2700329E-03   0.3835644E-07   0.2700713E-03
    15425.00  0.2668718E-03   0.3821856E-07   0.2669100E-03
    15475.00  0.2679338E-03   0.3808144E-07   0.2679719E-03
    15525.00  0.2648882E-03   0.3794506E-07   0.2649261E-03
    15575.00  0.2569166E-03   0.3780943E-07   0.2569544E-03
    15625.00  0.2625736E-03   0.3767453E-07   0.2626113E-03
    15675.00  0.2585271E-03   0.3754036E-07   0.2585646E-03
    15725.00  0.2569020E-03   0.3740692E-07   0.2569394E-03
    15775.00  0.2501940E-03   0.3727420E-07   0.2502313E-03
    15825.00  0.2527602E-03   0.3714219E-07   0.2527973E-03
    15875.00  0.2448327E-03   0.3701089E-07   0.2448697E-03
    15925.00  0.2525025E-03   0.3688030E-07   0.2525394E-03
    15975.00  0.2484835E-03   0.3675041E-07   0.2485203E-03
    16050.00  0.2473749E-03   0.3655687E-07   0.2474115E-03
    16150.00  0.2424856E-03   0.3630122E-07   0.2425219E-03
    16250.00  0.2415171E-03   0.3604828E-07   0.2415531E-03
    16350.00  0.2401340E-03   0.3579801E-07   0.2401698E-03
    16450.00  0.2287829E-03   0.3555037E-07   0.2288185E-03
    16550.00  0.2325905E-03   0.3530533E-07   0.2326258E-03
    16650.00  0.2248144E-03   0.3506285E-07   0.2248495E-03
    16750.00  0.2222543E-03   0.3482289E-07   0.2222891E-03
    16850.00  0.2135953E-03   0.3458542E-07   0.2136299E-03
    16950.00  0.2159816E-03   0.3435042E-07   0.2160160E-03
    17050.00  0.2091302E-03   0.3411783E-07   0.2091643E-03
    17150.00  0.2069322E-03   0.3388763E-07   0.2069661E-03
    17250.00  0.2023552E-03   0.3365979E-07   0.2023889E-03
    17350.00  0.1946629E-03   0.3343428E-07   0.1946963E-03
    17450.00  0.1948906E-03   0.3321106E-07   0.1949238E-03
    17550.00  0.1914552E-03   0.3299010E-07   0.1914882E-03
    17650.00  0.1884993E-03   0.3277139E-07   0.1885321E-03
    17750.00  0.1845429E-03   0.3255487E-07   0.1845755E-03
    17850.00  0.1818113E-03   0.3234053E-07   0.1818436E-03
    17950.00  0.1787168E-03   0.3212834E-07   0.1787489E-03
    18050.00  0.1746579E-03   0.3191826E-07   0.1746898E-03
    18150.00  0.1698644E-03   0.3171028E-07   0.1698961E-03
    18250.00  0.1682032E-03   0.3150440E-07   0.1682347E-03
    18350.00  0.1656877E-03   0.3130092E-07   0.1657190E-03
    18450.00  0.1620658E-03   0.3109942E-07   0.1620969E-03
    18550.00  0.1599131E-03   0.2991148E-07   0.1599430E-03
    18650.00  0.1561052E-03   0.2972053E-07   0.1561349E-03
    18750.00  0.1508339E-03   0.2953144E-07   0.1508634E-03
    18850.00  0.1514603E-03   0.2934417E-07   0.1514896E-03
    18950.00  0.1465348E-03   0.2915871E-07   0.1465640E-03
    19050.00  0.1468492E-03   0.2897503E-07   0.1468782E-03
    19150.00  0.1438938E-03   0.2879311E-07   0.1439226E-03
    19250.00  0.1416848E-03   0.2861293E-07   0.1417134E-03
    19350.00  0.1382314E-03   0.2843446E-07   0.1382598E-03
    19450.00  0.1340446E-03   0.2825770E-07   0.1340729E-03
    19550.00  0.1341470E-03   0.2808261E-07   0.1341751E-03
    19650.00  0.1319165E-03   0.2790917E-07   0.1319444E-03
    19750.00  0.1294102E-03   0.2773737E-07   0.1294379E-03
    19850.00  0.1275084E-03   0.2756719E-07   0.1275360E-03
    19950.00  0.1254668E-03   0.2739860E-07   0.1254942E-03
    20050.00  0.1242939E-03   0.2723159E-07   0.1243211E-03
    20150.00  0.1225172E-03   0.2706614E-07   0.1225443E-03
    20250.00  0.1195623E-03   0.2689480E-07   0.1195892E-03
    20350.00  0.1173472E-03   0.2673248E-07   0.1173739E-03
    20450.00  0.1166171E-03   0.2657166E-07   0.1166437E-03
    20550.00  0.1145653E-03   0.2641233E-07   0.1145917E-03
    20650.00  0.1122899E-03   0.2625446E-07   0.1123162E-03
    20750.00  0.1106822E-03   0.2609804E-07   0.1107083E-03
    20850.00  0.1089751E-03   0.2594306E-07   0.1090010E-03
    20950.00  0.1067613E-03   0.2578949E-07   0.1067871E-03
    21050.00  0.1058144E-03   0.2563732E-07   0.1058400E-03
    21150.00  0.1038606E-03   0.2548653E-07   0.1038861E-03
    21250.00  0.1022678E-03   0.2533711E-07   0.1022931E-03
    21350.00  0.1010265E-03   0.2518904E-07   0.1010517E-03
    21450.00  0.9944533E-04   0.2504230E-07   0.9947037E-04
    21550.00  0.9785517E-04   0.2489363E-07   0.9788006E-04
    21650.00  0.9490025E-04   0.2474954E-07   0.9492500E-04
    21750.00  0.9433924E-04   0.2460675E-07   0.9436385E-04
    21850.00  0.9303666E-04   0.2446522E-07   0.9306113E-04
    21950.00  0.9193123E-04   0.2432495E-07   0.9195555E-04
    22050.00  0.8989078E-04   0.2418593E-07   0.8991497E-04
    22150.00  0.8920866E-04   0.2404814E-07   0.8923271E-04
    22250.00  0.8731391E-04   0.2387485E-07   0.8733778E-04
    22350.00  0.8616303E-04   0.2373984E-07   0.8618677E-04
    22450.00  0.8500577E-04   0.2360602E-07   0.8502938E-04
    22550.00  0.8374398E-04   0.2347337E-07   0.8376745E-04
    22650.00  0.8233061E-04   0.2334187E-07   0.8235395E-04
    22750.00  0.8144231E-04   0.2321152E-07   0.8146552E-04
    22850.00  0.7989723E-04   0.2011480E-07   0.7991734E-04
    22950.00  0.6992811E-04   0.1998990E-07   0.6994810E-04
    23050.00  0.7380986E-04   0.1988127E-07   0.7382974E-04
    23150.00  0.7297395E-04   0.1977357E-07   0.7299372E-04
    23250.00  0.6444048E-04   0.1966680E-07   0.6446015E-04
    23350.00  0.6827071E-04   0.1956095E-07   0.6829027E-04
    23450.00  0.6782650E-04   0.1945600E-07   0.6784596E-04
    23550.00  0.5988888E-04   0.1935195E-07   0.5990823E-04
    23650.00  0.6401168E-04   0.1924879E-07   0.6403093E-04
    23750.00  0.6338921E-04   0.1914650E-07   0.6340836E-04
    23850.00  0.5689356E-04   0.1904508E-07   0.5691261E-04
    23950.00  0.6014383E-04   0.1894451E-07   0.6016277E-04
    24050.00  0.6035113E-04   0.1884479E-07   0.6036997E-04
    24150.00  0.5500089E-04   0.1874591E-07   0.5501964E-04
    24250.00  0.5744427E-04   0.1864785E-07   0.5746292E-04
    24350.00  0.5747078E-04   0.1855062E-07   0.5748933E-04
    24450.00  0.5402557E-04   0.1845419E-07   0.5404402E-04
    24550.00  0.5400011E-04   0.1835856E-07   0.5401847E-04
    24650.00  0.5545273E-04   0.1826373E-07   0.5547099E-04
    24750.00  0.5348982E-04   0.1816967E-07   0.5350799E-04
    24850.00  0.5120046E-04   0.1807639E-07   0.5121854E-04
    24950.00  0.5256704E-04   0.1798388E-07   0.5258502E-04
    25050.00  0.5364964E-04   0.1789213E-07   0.5366753E-04
    25150.00  0.4935686E-04   0.1780112E-07   0.4937466E-04
    25250.00  0.5073758E-04   0.1771085E-07   0.5075529E-04
    25350.00  0.5099893E-04   0.1762132E-07   0.5101655E-04
    25450.00  0.4960829E-04   0.1753251E-07   0.4962582E-04
    25550.00  0.4876041E-04   0.1744442E-07   0.4877785E-04
    25650.00  0.4866988E-04   0.1735704E-07   0.4868724E-04
    25750.00  0.4886736E-04   0.1727036E-07   0.4888463E-04
    25850.00  0.4644279E-04   0.1718437E-07   0.4645997E-04
    25950.00  0.4696573E-04   0.1709907E-07   0.4698283E-04
    26050.00  0.4695951E-04   0.1701445E-07   0.4697652E-04
    26150.00  0.4567902E-04   0.1693050E-07   0.4569595E-04
    26250.00  0.4493030E-04   0.1684722E-07   0.4494715E-04
    26350.00  0.4528102E-04   0.1676459E-07   0.4529778E-04
    26450.00  0.4497943E-04   0.1668262E-07   0.4499611E-04
    26550.00  0.4402366E-04   0.1660129E-07   0.4404026E-04
    26650.00  0.4316806E-04   0.1652060E-07   0.4318458E-04
    26750.00  0.4355695E-04   0.1644054E-07   0.4357339E-04
    26850.00  0.4313004E-04   0.1636110E-07   0.4314640E-04
    26950.00  0.4212926E-04   0.1628228E-07   0.4214554E-04
    27050.00  0.4212866E-04   0.1620407E-07   0.4214486E-04
    27150.00  0.4164170E-04   0.1612647E-07   0.4165783E-04
    27250.00  0.4139606E-04   0.1604947E-07   0.4141211E-04
    27350.00  0.4040036E-04   0.1597305E-07   0.4041633E-04
    27450.00  0.4031424E-04   0.1589723E-07   0.4033014E-04
    27550.00  0.3983204E-04   0.1582198E-07   0.3984786E-04
    27650.00  0.3935030E-04   0.1550397E-07   0.3936580E-04
    27750.00  0.3879832E-04   0.1543117E-07   0.3881375E-04
    27850.00  0.3856149E-04   0.1535893E-07   0.3857685E-04
    27950.00  0.3834106E-04   0.1528723E-07   0.3835635E-04
    28050.00  0.3783653E-04   0.1521608E-07   0.3785175E-04
    28150.00  0.3724054E-04   0.1514546E-07   0.3725569E-04
    28250.00  0.3692082E-04   0.1507537E-07   0.3693590E-04
    28350.00  0.3662167E-04   0.1500581E-07   0.3663668E-04
    28450.00  0.3613721E-04   0.1493676E-07   0.3615215E-04
    28550.00  0.3568993E-04   0.1486823E-07   0.3570480E-04
    28650.00  0.3523157E-04   0.1480021E-07   0.3524637E-04
    28750.00  0.3460938E-04   0.1473270E-07   0.3462411E-04
    28850.00  0.3446670E-04   0.1466568E-07   0.3448137E-04
    28950.00  0.3409225E-04   0.1459916E-07   0.3410685E-04
    29050.00  0.3366675E-04   0.1453313E-07   0.3368128E-04
    29150.00  0.3332333E-04   0.1446759E-07   0.3333780E-04
    29250.00  0.3279069E-04   0.1440252E-07   0.3280509E-04
    29350.00  0.3257788E-04   0.1433793E-07   0.3259222E-04
    29450.00  0.3206575E-04   0.1427381E-07   0.3208002E-04
    29550.00  0.3172507E-04   0.1421016E-07   0.3173928E-04
    29650.00  0.3141329E-04   0.1414696E-07   0.3142744E-04
    29750.00  0.3102798E-04   0.1408282E-07   0.3104206E-04
    29850.00  0.3064167E-04   0.1402054E-07   0.3065569E-04
    29950.00  0.3027694E-04   0.1395871E-07   0.3029090E-04
    30050.00  0.2989774E-04   0.1389733E-07   0.2991164E-04
    30150.00  0.2959097E-04   0.1383638E-07   0.2960481E-04
    30250.00  0.2918876E-04   0.1377587E-07   0.2920254E-04
    30350.00  0.2855770E-04   0.1371579E-07   0.2857142E-04
    30450.00  0.2844051E-04   0.1365614E-07   0.2845417E-04
    30550.00  0.2813389E-04   0.1359691E-07   0.2814749E-04
    30650.00  0.2779411E-04   0.1353810E-07   0.2780765E-04
    30750.00  0.2751804E-04   0.1347970E-07   0.2753152E-04
    30850.00  0.2713870E-04   0.1342172E-07   0.2715212E-04
    30950.00  0.2681077E-04   0.1336414E-07   0.2682413E-04
    31050.00  0.2655372E-04   0.1330696E-07   0.2656703E-04
    31150.00  0.2610435E-04   0.1325019E-07   0.2611760E-04
    31250.00  0.2589624E-04   0.1319381E-07   0.2590943E-04
    31350.00  0.2560613E-04   0.1313717E-07   0.2561927E-04
    31450.00  0.2529999E-04   0.1308156E-07   0.2531307E-04
    31550.00  0.2494578E-04   0.1302634E-07   0.2495881E-04
    31650.00  0.2468764E-04   0.1297150E-07   0.2470061E-04
    31750.00  0.2442061E-04   0.1291704E-07   0.2443353E-04
    31850.00  0.2413556E-04   0.1286295E-07   0.2414842E-04
    31950.00  0.2387367E-04   0.1280923E-07   0.2388648E-04
    32100.00  0.2343640E-04   0.1272191E-07   0.2344912E-04
    32300.00  0.2289295E-04   0.1261678E-07   0.2290557E-04
    32500.00  0.2236439E-04   0.1251306E-07   0.2237690E-04
    32700.00  0.2183815E-04   0.1241074E-07   0.2185056E-04
    32900.00  0.2122487E-04   0.1147224E-07   0.2123634E-04
    33100.00  0.2083845E-04   0.1137734E-07   0.2084983E-04
    33300.00  0.2036094E-04   0.1128697E-07   0.2037223E-04
    33500.00  0.1995089E-04   0.1119779E-07   0.1996209E-04
    33700.00  0.1949662E-04   0.1110976E-07   0.1950773E-04
    33900.00  0.1902431E-04   0.1102289E-07   0.1903533E-04
    34100.00  0.1860048E-04   0.1093714E-07   0.1861142E-04
    34300.00  0.1824674E-04   0.1085249E-07   0.1825759E-04
    34500.00  0.1786151E-04   0.1076893E-07   0.1787228E-04
    34700.00  0.1747140E-04   0.1068644E-07   0.1748209E-04
    34900.00  0.1709879E-04   0.1060499E-07   0.1710939E-04
    35100.00  0.1674585E-04   0.1052457E-07   0.1675637E-04
    35300.00  0.1636381E-04   0.1044517E-07   0.1637426E-04
    35500.00  0.1603729E-04   0.1036676E-07   0.1604766E-04
    35700.00  0.1568437E-04   0.1028933E-07   0.1569466E-04
    35900.00  0.1537497E-04   0.1021287E-07   0.1538518E-04
    36100.00  0.1505650E-04   0.1013734E-07   0.1506664E-04
    36300.00  0.1477016E-04   0.1006275E-07   0.1478022E-04
    36500.00  0.1440920E-04   0.9989071E-08   0.1441919E-04
    36700.00  0.1413218E-04   0.9916291E-08   0.1414210E-04
    36900.00  0.1378066E-04   0.9844394E-08   0.1379050E-04
    37100.00  0.1352260E-04   0.9773368E-08   0.1353237E-04
    37300.00  0.1326638E-04   0.9703196E-08   0.1327608E-04
    37500.00  0.1290233E-04   0.9633865E-08   0.1291196E-04
    37700.00  0.1276615E-04   0.9565362E-08   0.1277572E-04
    37900.00  0.1251000E-04   0.9497672E-08   0.1251950E-04
    38100.00  0.1225351E-04   0.9430784E-08   0.1226294E-04
    38300.00  0.1203509E-04   0.9364683E-08   0.1204445E-04
    38500.00  0.1181788E-04   0.9299357E-08   0.1182718E-04
    38700.00  0.1156955E-04   0.9159086E-08   0.1157871E-04
    38900.00  0.1135323E-04   0.9095913E-08   0.1136233E-04
    39100.00  0.1111173E-04   0.9033472E-08   0.1112076E-04
    39300.00  0.1093289E-04   0.8971749E-08   0.1094186E-04
    39500.00  0.1069896E-04   0.8910735E-08   0.1070787E-04
    39700.00  0.1051052E-04   0.8850418E-08   0.1051937E-04
    39900.00  0.1026639E-04   0.8790786E-08   0.1027518E-04
    40100.00  0.1008554E-04   0.8731830E-08   0.1009427E-04
    40300.00  0.9905503E-05   0.8673539E-08   0.9914177E-05
    40500.00  0.9682792E-05   0.8615903E-08   0.9691408E-05
    40700.00  0.9554776E-05   0.8558912E-08   0.9563335E-05
    40900.00  0.9381067E-05   0.8502555E-08   0.9389570E-05
    41100.00  0.9222109E-05   0.8446491E-08   0.9230555E-05
    41300.00  0.9057270E-05   0.8391376E-08   0.9065661E-05
    41500.00  0.8875979E-05   0.8336867E-08   0.8884316E-05
    41700.00  0.8686771E-05   0.8282955E-08   0.8695054E-05
    41900.00  0.8552066E-05   0.8229631E-08   0.8560296E-05
    42100.00  0.8380438E-05   0.8176888E-08   0.8388615E-05
    42300.00  0.8266284E-05   0.8124715E-08   0.8274409E-05
    42500.00  0.8099953E-05   0.8073104E-08   0.8108026E-05
    42700.00  0.7973708E-05   0.8022048E-08   0.7981730E-05
    42900.00  0.7460131E-05   0.7971538E-08   0.7468103E-05
    43100.00  0.7039775E-05   0.7921398E-08   0.7047696E-05
    43300.00  0.7145772E-05   0.7871959E-08   0.7153644E-05
    43500.00  0.6677693E-05   0.7823042E-08   0.6685516E-05
    43700.00  0.6490193E-05   0.7774641E-08   0.6497968E-05
    43900.00  0.6360576E-05   0.7724805E-08   0.6368301E-05
    44100.00  0.5918336E-05   0.7677433E-08   0.5926013E-05
    44300.00  0.5912269E-05   0.7630553E-08   0.5919900E-05
    44500.00  0.5749179E-05   0.7584159E-08   0.5756763E-05
    44700.00  0.5413661E-05   0.7473267E-08   0.5421134E-05
    44900.00  0.5536398E-05   0.7206148E-08   0.5543604E-05
    45100.00  0.5341797E-05   0.7163326E-08   0.5348960E-05
    45300.00  0.5096180E-05   0.7120938E-08   0.5103301E-05
    45500.00  0.5146846E-05   0.7078978E-08   0.5153925E-05
    45700.00  0.5076352E-05   0.7037442E-08   0.5083389E-05
    45900.00  0.4790535E-05   0.6996322E-08   0.4797531E-05
    46100.00  0.4907230E-05   0.6955614E-08   0.4914186E-05
    46300.00  0.4767434E-05   0.6915311E-08   0.4774349E-05
    46500.00  0.4703241E-05   0.6875407E-08   0.4710116E-05
    46700.00  0.4670757E-05   0.6835899E-08   0.4677593E-05
    46900.00  0.4600004E-05   0.6796779E-08   0.4606801E-05
    47100.00  0.4485259E-05   0.6758043E-08   0.4492017E-05
    47300.00  0.4541719E-05   0.6719686E-08   0.4548439E-05
    47500.00  0.4432964E-05   0.6681702E-08   0.4439646E-05
    47700.00  0.4376722E-05   0.6644087E-08   0.4383366E-05
    47900.00  0.4306604E-05   0.6606835E-08   0.4313211E-05
    48100.00  0.4196571E-05   0.6569942E-08   0.4203141E-05
    48300.00  0.4260900E-05   0.6533403E-08   0.4267433E-05
    48500.00  0.4161675E-05   0.6497213E-08   0.4168172E-05
    48700.00  0.4065562E-05   0.6461368E-08   0.4072023E-05
    48900.00  0.4042626E-05   0.6425863E-08   0.4049052E-05
    49100.00  0.3961584E-05   0.6390694E-08   0.3967975E-05
    49300.00  0.3914096E-05   0.6355856E-08   0.3920452E-05
    49500.00  0.3849473E-05   0.6321345E-08   0.3855794E-05
    49700.00  0.3836388E-05   0.6287157E-08   0.3842675E-05
    49900.00  0.3765113E-05   0.6253287E-08   0.3771366E-05
    50100.00  0.3746789E-05   0.6219732E-08   0.3753009E-05
    50300.00  0.3693707E-05   0.6186487E-08   0.3699893E-05
    50500.00  0.3592602E-05   0.6153549E-08   0.3598756E-05
    50700.00  0.3563181E-05   0.6120914E-08   0.3569302E-05
    50900.00  0.3530734E-05   0.6088577E-08   0.3536823E-05
    51100.00  0.3456156E-05   0.6056535E-08   0.3462213E-05
    51300.00  0.3413914E-05   0.6024784E-08   0.3419939E-05
    51500.00  0.3369853E-05   0.5965415E-08   0.3375818E-05
    51700.00  0.3383977E-05   0.5934423E-08   0.3389911E-05
    51900.00  0.3303258E-05   0.5903709E-08   0.3309162E-05
    52100.00  0.3255979E-05   0.5873270E-08   0.3261852E-05
    52300.00  0.3211276E-05   0.5843103E-08   0.3217119E-05
    52500.00  0.3194353E-05   0.5813205E-08   0.3200166E-05
    52700.00  0.3203459E-05   0.5783571E-08   0.3209243E-05
    52900.00  0.3094301E-05   0.5754200E-08   0.3100055E-05
    53100.00  0.3049233E-05   0.5725087E-08   0.3054958E-05
    53300.00  0.3037453E-05   0.5696229E-08   0.3043149E-05
    53500.00  0.2999322E-05   0.5667624E-08   0.3004990E-05
    53700.00  0.2966494E-05   0.5639268E-08   0.2972133E-05
    53900.00  0.2937224E-05   0.5611158E-08   0.2942835E-05
    54100.00  0.2902066E-05   0.5583291E-08   0.2907649E-05
    54300.00  0.2843954E-05   0.5555569E-08   0.2849510E-05
    54500.00  0.2841984E-05   0.5528180E-08   0.2847512E-05
    54700.00  0.2785700E-05   0.5501026E-08   0.2791201E-05
    54900.00  0.2763095E-05   0.5474104E-08   0.2768569E-05
    55100.00  0.2715103E-05   0.5447411E-08   0.2720550E-05
    55300.00  0.2746207E-05   0.5420945E-08   0.2751628E-05
    55500.00  0.2652292E-05   0.5394702E-08   0.2657687E-05
    55700.00  0.2664227E-05   0.5368680E-08   0.2669596E-05
    55900.00  0.2608665E-05   0.5342877E-08   0.2614008E-05
    56100.00  0.2599905E-05   0.5317290E-08   0.2605222E-05
    56300.00  0.2539656E-05   0.5291917E-08   0.2544948E-05
    56500.00  0.2538832E-05   0.5266712E-08   0.2544099E-05
    56700.00  0.2503760E-05   0.5241760E-08   0.2509002E-05
    56900.00  0.2450766E-05   0.5217014E-08   0.2455983E-05
    57100.00  0.2451365E-05   0.5192472E-08   0.2456557E-05
    57300.00  0.2422298E-05   0.5168131E-08   0.2427466E-05
    57500.00  0.2392409E-05   0.5143382E-08   0.2397552E-05
    57700.00  0.2358526E-05   0.5119440E-08   0.2363645E-05
    57900.00  0.2348052E-05   0.5095693E-08   0.2353148E-05
    58100.00  0.2309037E-05   0.5072139E-08   0.2314109E-05
    58300.00  0.2284790E-05   0.5048774E-08   0.2289839E-05
    58500.00  0.2260184E-05   0.4912276E-08   0.2265096E-05
    58700.00  0.2221045E-05   0.4889688E-08   0.2225935E-05
    58900.00  0.2201123E-05   0.4867556E-08   0.2205991E-05
    59100.00  0.2170407E-05   0.4845600E-08   0.2175253E-05
    59300.00  0.2156907E-05   0.4823818E-08   0.2161731E-05
    59500.00  0.2124689E-05   0.4802208E-08   0.2129491E-05
    59700.00  0.2110755E-05   0.4780768E-08   0.2115536E-05
    59900.00  0.2085883E-05   0.4759497E-08   0.2090642E-05
    60100.00  0.2063168E-05   0.4738392E-08   0.2067906E-05
    60300.00  0.2038110E-05   0.4717451E-08   0.2042827E-05
    60500.00  0.2004705E-05   0.4696674E-08   0.2009402E-05
    60700.00  0.1984841E-05   0.4676057E-08   0.1989517E-05
    60900.00  0.1960542E-05   0.4655600E-08   0.1965198E-05
    61100.00  0.1934123E-05   0.4635301E-08   0.1938758E-05
    61300.00  0.1917313E-05   0.4615157E-08   0.1921928E-05
    61500.00  0.1897988E-05   0.4595168E-08   0.1902583E-05
    61700.00  0.1883635E-05   0.4575331E-08   0.1888210E-05
    61900.00  0.1859736E-05   0.4555645E-08   0.1864292E-05
    62100.00  0.1842453E-05   0.4536109E-08   0.1846989E-05
    62300.00  0.1814951E-05   0.4516720E-08   0.1819468E-05
    62500.00  0.1788047E-05   0.4497478E-08   0.1792544E-05
    62700.00  0.1769367E-05   0.4478381E-08   0.1773845E-05
    62900.00  0.1749644E-05   0.4459426E-08   0.1754103E-05
    63100.00  0.1729201E-05   0.4440613E-08   0.1733642E-05
    63300.00  0.1716258E-05   0.4421941E-08   0.1720680E-05
    63500.00  0.1692585E-05   0.4403407E-08   0.1696988E-05
    63700.00  0.1681600E-05   0.4385010E-08   0.1685985E-05
    63900.00  0.1651685E-05   0.4366750E-08   0.1656052E-05
    64200.00  0.1628724E-05   0.4339610E-08   0.1633064E-05
    64600.00  0.1589553E-05   0.4303887E-08   0.1593857E-05
    65000.00  0.1555494E-05   0.4268683E-08   0.1559763E-05
    65400.00  0.1519353E-05   0.4233987E-08   0.1523587E-05
    65800.00  0.1488398E-05   0.4199789E-08   0.1492598E-05
    66200.00  0.1453259E-05   0.4154463E-08   0.1457413E-05
    66600.00  0.1421262E-05   0.4121357E-08   0.1425383E-05
    67000.00  0.1391323E-05   0.4088718E-08   0.1395412E-05
    67400.00  0.1358938E-05   0.4056536E-08   0.1362995E-05
    67800.00  0.1329043E-05   0.4024804E-08   0.1333068E-05
    68200.00  0.1299861E-05   0.3993511E-08   0.1303855E-05
    68600.00  0.1272614E-05   0.3962650E-08   0.1276577E-05
    69000.00  0.1243442E-05   0.3932212E-08   0.1247374E-05
    69400.00  0.1216632E-05   0.3902159E-08   0.1220534E-05
    69800.00  0.1190399E-05   0.3872543E-08   0.1194272E-05
    70200.00  0.1164277E-05   0.3843326E-08   0.1168120E-05
    70600.00  0.1140065E-05   0.3814502E-08   0.1143880E-05
    71000.00  0.1115060E-05   0.3786061E-08   0.1118846E-05
    71400.00  0.1091632E-05   0.3757998E-08   0.1095390E-05
    71800.00  0.1067914E-05   0.3730286E-08   0.1071644E-05
    72200.00  0.1045570E-05   0.3702956E-08   0.1049273E-05
    72600.00  0.1023168E-05   0.3675984E-08   0.1026844E-05
    73000.00  0.1001866E-05   0.3649142E-08   0.1005515E-05
    73400.00  0.9805605E-06   0.3622870E-08   0.9841834E-06
    73800.00  0.9603737E-06   0.3596936E-08   0.9639706E-06
    74200.00  0.9397858E-06   0.3521526E-08   0.9433073E-06
    74600.00  0.9179388E-06   0.3496733E-08   0.9214355E-06
    75000.00  0.8993896E-06   0.3472252E-08   0.9028619E-06
    75400.00  0.8828279E-06   0.3448079E-08   0.8862760E-06
    75800.00  0.8653829E-06   0.3424208E-08   0.8688071E-06
    76200.00  0.8476351E-06   0.3400633E-08   0.8510357E-06
    76600.00  0.8306105E-06   0.3377349E-08   0.8339878E-06
    77000.00  0.8138181E-06   0.3354351E-08   0.8171725E-06
    77400.00  0.7976288E-06   0.3331635E-08   0.8009604E-06
    77800.00  0.7817490E-06   0.3309195E-08   0.7850582E-06
    78200.00  0.7661682E-06   0.3287027E-08   0.7694552E-06
    78600.00  0.7511000E-06   0.3265126E-08   0.7543651E-06
    79000.00  0.7362782E-06   0.3243487E-08   0.7395217E-06
    79400.00  0.7218738E-06   0.3222107E-08   0.7250959E-06
    79800.00  0.7079228E-06   0.3200980E-08   0.7111238E-06
    80200.00  0.6939099E-06   0.3180103E-08   0.6970900E-06
    80600.00  0.6804036E-06   0.3159472E-08   0.6835631E-06
    81000.00  0.6675839E-06   0.3139081E-08   0.6707230E-06
    81400.00  0.6546032E-06   0.3118928E-08   0.6577221E-06
    81800.00  0.6422831E-06   0.3099009E-08   0.6453821E-06
    82200.00  0.6303089E-06   0.3079319E-08   0.6333882E-06
    82600.00  0.6184122E-06   0.3054506E-08   0.6214667E-06
    83000.00  0.6067465E-06   0.3035311E-08   0.6097818E-06
    83400.00  0.5952307E-06   0.3016334E-08   0.5982470E-06
    83800.00  0.5842720E-06   0.2997572E-08   0.5872696E-06
    84200.00  0.5735294E-06   0.2979021E-08   0.5765084E-06
    84600.00  0.5629224E-06   0.2960677E-08   0.5658831E-06
    85000.00  0.5525464E-06   0.2942538E-08   0.5554889E-06
    85400.00  0.5424988E-06   0.2924601E-08   0.5454234E-06
    85800.00  0.5325198E-06   0.2906861E-08   0.5354267E-06
    86200.00  0.5230405E-06   0.2889309E-08   0.5259298E-06
    86600.00  0.5136523E-06   0.2871957E-08   0.5165243E-06
    87000.00  0.5045573E-06   0.2854793E-08   0.5074121E-06
    87400.00  0.4954943E-06   0.2837817E-08   0.4983321E-06
    87800.00  0.4866006E-06   0.2821023E-08   0.4894216E-06
    88200.00  0.4779410E-06   0.2804410E-08   0.4807454E-06
    88600.00  0.4694952E-06   0.2787974E-08   0.4722832E-06
    89000.00  0.4611904E-06   0.2771707E-08   0.4639621E-06
    89400.00  0.4532608E-06   0.2755618E-08   0.4560164E-06
    89800.00  0.4452921E-06   0.2739698E-08   0.4480318E-06
    90200.00  0.4376725E-06   0.2723860E-08   0.4403964E-06
    90600.00  0.4301689E-06   0.2708273E-08   0.4328772E-06
    91000.00  0.4226097E-06   0.2692848E-08   0.4253025E-06
    91400.00  0.4155507E-06   0.2653648E-08   0.4182043E-06
    91800.00  0.4085421E-06   0.2638694E-08   0.4111808E-06
    92200.00  0.4016400E-06   0.2623935E-08   0.4042639E-06
    92600.00  0.3948227E-06   0.2609328E-08   0.3974320E-06
    93000.00  0.3882628E-06   0.2594869E-08   0.3908577E-06
    93400.00  0.3817802E-06   0.2580556E-08   0.3843608E-06
    93800.00  0.3753930E-06   0.2566388E-08   0.3779594E-06
    94200.00  0.3691442E-06   0.2552362E-08   0.3716966E-06
    94600.00  0.3629995E-06   0.2538476E-08   0.3655380E-06
    95000.00  0.3570644E-06   0.2524728E-08   0.3595891E-06
    95400.00  0.3512295E-06   0.2511117E-08   0.3537406E-06
    95800.00  0.3454602E-06   0.2497640E-08   0.3479578E-06
    96200.00  0.3398247E-06   0.2484295E-08   0.3423090E-06
    96600.00  0.3343453E-06   0.2471082E-08   0.3368164E-06
    97000.00  0.3289787E-06   0.2457996E-08   0.3314367E-06
    97400.00  0.3234547E-06   0.2445038E-08   0.3258997E-06
    97800.00  0.3184561E-06   0.2432206E-08   0.3208883E-06
    98200.00  0.3133568E-06   0.2419496E-08   0.3157763E-06
    98600.00  0.3085069E-06   0.2406909E-08   0.3109138E-06
    99000.00  0.3035634E-06   0.2394442E-08   0.3059578E-06
    99400.00  0.2987444E-06   0.2382093E-08   0.3011265E-06
    99800.00  0.2940520E-06   0.2369862E-08   0.2964219E-06
   100200.00  0.2894862E-06   0.5959084E-09   0.2900821E-06
   200000.00  0.1876674E-07   0.1495736E-09   0.1891631E-07
   400000.00  0.1178854E-08   0.3739340E-10   0.1216247E-08
   600000.00  0.2316883E-09   0.1661929E-10   0.2483076E-09
   800000.00  0.7280364E-10   0.9348350E-11   0.8215199E-10
  1000000.00  0.2960873E-10   0.5982944E-11   0.3559167E-10
  1200000.00  0.1418187E-10   0.4154822E-11   0.1833669E-10
  1400000.00  0.7609440E-11   0.3052523E-11   0.1066196E-10
  1600000.00  0.4435115E-11   0.2337088E-11   0.6772203E-11
