       91.00  0.3716900E-31   0.0000000E+00   0.3716900E-31
       94.00  0.3716900E-31   0.0000000E+00   0.3716900E-31
       96.00  0.3716900E-31   0.0000000E+00   0.3716900E-31
       98.00  0.3716900E-31   0.0000000E+00   0.3716900E-31
      100.00  0.3716900E-31   0.0000000E+00   0.3716900E-31
      102.00  0.3716900E-31   0.0000000E+00   0.3716900E-31
      104.00  0.3716900E-31   0.0000000E+00   0.3716900E-31
      106.00  0.3716900E-31   0.0000000E+00   0.3716900E-31
      108.00  0.3716900E-31   0.0000000E+00   0.3716900E-31
      110.00  0.3716900E-31   0.0000000E+00   0.3716900E-31
      114.00  0.3716900E-31   0.0000000E+00   0.3716900E-31
      118.00  0.3716900E-31   0.0000000E+00   0.3716900E-31
      121.00  0.3716900E-31   0.0000000E+00   0.3716900E-31
      125.00  0.3716900E-31   0.0000000E+00   0.3716900E-31
      127.00  0.3716900E-31   0.0000000E+00   0.3716900E-31
      128.00  0.3716900E-31   0.0000000E+00   0.3716900E-31
      131.00  0.3716900E-31   0.0000000E+00   0.3716900E-31
      132.00  0.3716900E-31   0.0000000E+00   0.3716900E-31
      134.00  0.3716900E-31   0.0000000E+00   0.3716900E-31
      137.00  0.3716900E-31   0.0000000E+00   0.3716900E-31
      140.00  0.3716900E-31   0.0000000E+00   0.3716900E-31
      143.00  0.3716900E-31   0.0000000E+00   0.3716900E-31
      147.00  0.3716900E-31   0.0000000E+00   0.3716900E-31
      151.00  0.3716900E-31   0.0000000E+00   0.3716900E-31
      155.00  0.3716900E-31   0.0000000E+00   0.3716900E-31
      159.00  0.3716900E-31   0.0000000E+00   0.3716900E-31
      162.00  0.6301179E-17   0.0000000E+00   0.6301179E-17
      166.00  0.3716900E-31   0.0000000E+00   0.3716900E-31
      170.00  0.6301179E-17   0.0000000E+00   0.6301179E-17
      173.00  0.3716900E-31   0.0000000E+00   0.3716900E-31
      177.00  0.6301179E-17   0.0000000E+00   0.6301179E-17
      180.00  0.1260239E-16   0.0000000E+00   0.1260239E-16
      182.00  0.1260239E-16   0.0000000E+00   0.1260239E-16
      186.00  0.3780718E-16   0.0000000E+00   0.3780718E-16
      191.00  0.1260239E-15   0.0000000E+00   0.1260239E-15
      194.00  0.2563095E-15   0.0000000E+00   0.2563095E-15
      198.00  0.5713688E-15   0.0000000E+00   0.5713688E-15
      202.00  0.1273040E-14   0.0000000E+00   0.1273040E-14
      205.00  0.2452807E-14   0.0000000E+00   0.2452807E-14
      210.00  0.6050600E-14   0.0000000E+00   0.6050600E-14
      216.00  0.1733495E-13   0.0000000E+00   0.1733495E-13
      220.00  0.3424662E-13   0.0000000E+00   0.3424662E-13
      223.00  0.5599305E-13   0.0000000E+00   0.5599305E-13
      227.00  0.4950760E-13   0.0000000E+00   0.4950760E-13
      228.00  0.4155040E-13   0.0000000E+00   0.4155040E-13
      228.00  0.4422577E-08   0.0000000E+00   0.4422577E-08
      230.00  0.3293860E-09   0.0000000E+00   0.3293860E-09
      234.00  0.8515768E-08   0.0000000E+00   0.8515768E-08
      240.00  0.3528313E-07   0.0000000E+00   0.3528313E-07
      246.00  0.5212888E-07   0.0000000E+00   0.5212888E-07
      252.00  0.6882631E-07   0.0000000E+00   0.6882631E-07
      257.00  0.1244854E-06   0.0000000E+00   0.1244854E-06
      260.00  0.1209568E-06   0.0000000E+00   0.1209568E-06
      264.00  0.3644025E-06   0.0000000E+00   0.3644025E-06
      269.00  0.3344359E-06   0.0000000E+00   0.3344359E-06
      274.00  0.4124303E-06   0.0000000E+00   0.4124303E-06
      279.00  0.4594032E-06   0.0000000E+00   0.4594032E-06
      284.00  0.9195638E-06   0.0000000E+00   0.9195638E-06
      290.00  0.1081548E-05   0.0000000E+00   0.1081548E-05
      296.00  0.1944712E-05   0.0000000E+00   0.1944712E-05
      301.00  0.2018119E-05   0.0000000E+00   0.2018119E-05
      308.00  0.2980072E-05   0.0000000E+00   0.2980072E-05
      318.00  0.4361715E-05   0.0000000E+00   0.4361715E-05
      328.00  0.3726929E-05   0.0000000E+00   0.3726929E-05
      338.00  0.8749959E-05   0.0000000E+00   0.8749959E-05
      348.00  0.1181056E-04   0.0000000E+00   0.1181056E-04
      353.30  0.1263701E-04   0.0000000E+00   0.1263701E-04
      353.30  0.1420576E-04   0.0000000E+00   0.1420576E-04
      357.00  0.1566469E-04   0.0000000E+00   0.1566469E-04
      366.00  0.1921343E-04   0.0000000E+00   0.1921343E-04
      375.00  0.3334871E-04   0.0000000E+00   0.3334871E-04
      385.00  0.3085217E-04   0.0000000E+00   0.3085217E-04
      395.00  0.4299846E-04   0.0000000E+00   0.4299846E-04
      405.00  0.6075617E-04   0.0000000E+00   0.6075617E-04
      414.00  0.7022495E-04   0.0000000E+00   0.7022495E-04
      422.00  0.8395586E-04   0.0000000E+00   0.8395586E-04
      430.00  0.9717230E-04   0.0000000E+00   0.9717230E-04
      441.00  0.1243495E-03   0.0000000E+00   0.1243495E-03
      451.00  0.1602121E-03   0.0000000E+00   0.1602121E-03
      460.00  0.1924362E-03   0.0000000E+00   0.1924362E-03
      470.00  0.2135674E-03   0.0000000E+00   0.2135674E-03
      480.00  0.2535118E-03   0.0000000E+00   0.2535118E-03
      490.00  0.3123412E-03   0.0000000E+00   0.3123412E-03
      500.00  0.3391288E-03   0.0000000E+00   0.3391288E-03
      504.60  0.3408721E-03   0.0000000E+00   0.3408721E-03
      504.60  0.3890902E-02   0.0000000E+00   0.3890902E-02
      506.00  0.1416129E-02   0.0000000E+00   0.1416129E-02
      512.00  0.6365674E-02   0.0000000E+00   0.6365674E-02
      520.00  0.6659761E-02   0.0000000E+00   0.6659761E-02
      530.00  0.6174186E-02   0.0000000E+00   0.6174186E-02
      540.00  0.1981206E-02   0.0000000E+00   0.1981206E-02
      550.00  0.7677842E-02   0.0000000E+00   0.7677842E-02
      560.00  0.7373717E-02   0.0000000E+00   0.7373717E-02
      570.00  0.8034049E-02   0.0000000E+00   0.8034049E-02
      580.00  0.4424855E-02   0.0000000E+00   0.4424855E-02
      590.00  0.8377208E-02   0.0000000E+00   0.8377208E-02
      600.00  0.7225843E-02   0.0000000E+00   0.7225843E-02
      610.00  0.7241488E-02   0.0000000E+00   0.7241488E-02
      620.00  0.8996711E-02   0.0000000E+00   0.8996711E-02
      630.00  0.9164559E-02   0.0000000E+00   0.9164559E-02
      640.00  0.9453033E-02   0.0000000E+00   0.9453033E-02
      650.00  0.8016612E-02   0.0000000E+00   0.8016612E-02
      658.00  0.7867133E-02   0.0000000E+00   0.7867133E-02
      665.00  0.9414977E-02   0.0000000E+00   0.9414977E-02
      675.00  0.1029396E-01   0.0000000E+00   0.1029396E-01
      685.00  0.1197274E-01   0.0000000E+00   0.1197274E-01
      695.00  0.7544944E-02   0.0000000E+00   0.7544944E-02
      705.00  0.1757714E-01   0.0000000E+00   0.1757714E-01
      716.00  0.1151328E-01   0.0000000E+00   0.1151328E-01
      726.00  0.1176889E-01   0.0000000E+00   0.1176889E-01
      735.00  0.1204155E-01   0.0000000E+00   0.1204155E-01
      745.00  0.1226284E-01   0.0000000E+00   0.1226284E-01
      755.00  0.1253386E-01   0.0000000E+00   0.1253386E-01
      765.00  0.1369367E-01   0.0000000E+00   0.1369367E-01
      775.00  0.1322556E-01   0.0000000E+00   0.1322556E-01
      785.00  0.8661950E-02   0.0000000E+00   0.8661950E-02
      795.00  0.1375577E-01   0.0000000E+00   0.1375577E-01
      805.00  0.1407760E-01   0.0000000E+00   0.1407760E-01
      815.00  0.1315585E-01   0.0000000E+00   0.1315585E-01
      825.00  0.1462140E-01   0.0000000E+00   0.1462140E-01
      835.00  0.2089698E-01   0.0000000E+00   0.2089698E-01
      845.00  0.1529838E-01   0.0000000E+00   0.1529838E-01
      855.00  0.1436348E-01   0.0000000E+00   0.1436348E-01
      865.00  0.1570528E-01   0.0000000E+00   0.1570528E-01
      875.00  0.1590964E-01   0.0000000E+00   0.1590964E-01
      885.00  0.1616470E-01   0.0000000E+00   0.1616470E-01
      895.00  0.1628860E-01   0.0000000E+00   0.1628860E-01
      905.00  0.1636697E-01   0.0000000E+00   0.1636697E-01
      912.40  0.1639565E-01   0.1403417E-04   0.1640969E-01
      912.40  0.3715397E+00   0.1403429E-04   0.3715537E+00
      915.00  0.3686667E+00   0.1846292E-04   0.3686852E+00
      925.00  0.3576166E+00   0.2007176E-04   0.3576367E+00
      935.00  0.3608233E+00   0.2177666E-04   0.3608451E+00
      945.00  0.3198097E+00   0.2358016E-04   0.3198333E+00
      955.00  0.3861530E+00   0.2548472E-04   0.3861785E+00
      965.00  0.3886836E+00   0.2749271E-04   0.3887111E+00
      975.00  0.2359733E+00   0.2960635E-04   0.2360029E+00
      985.00  0.3803173E+00   0.3182780E-04   0.3803491E+00
      995.00  0.3792536E+00   0.3415908E-04   0.3792878E+00
     1005.00  0.3738090E+00   0.3660210E-04   0.3738456E+00
     1015.00  0.3474378E+00   0.3915864E-04   0.3474770E+00
     1025.00  0.3108543E+00   0.4183038E-04   0.3108961E+00
     1035.00  0.3351537E+00   0.4461887E-04   0.3351983E+00
     1045.00  0.3533733E+00   0.4752824E-04   0.3534208E+00
     1055.00  0.3465352E+00   0.5055766E-04   0.3465858E+00
     1065.00  0.3332930E+00   0.5370788E-04   0.3333467E+00
     1075.00  0.2682211E+00   0.5697993E-04   0.2682781E+00
     1085.00  0.3096994E+00   0.6037473E-04   0.3097598E+00
     1095.00  0.3183671E+00   0.6389306E-04   0.3184310E+00
     1105.00  0.3099533E+00   0.6753557E-04   0.3100208E+00
     1115.00  0.3013788E+00   0.7130271E-04   0.3014501E+00
     1125.00  0.1238603E+00   0.7519472E-04   0.1239355E+00
     1135.00  0.2911860E+00   0.7921208E-04   0.2912652E+00
     1145.00  0.2824868E+00   0.8335495E-04   0.2825702E+00
     1155.00  0.1986248E+00   0.8762338E-04   0.1987124E+00
     1165.00  0.2349275E+00   0.9201729E-04   0.2350195E+00
     1175.00  0.1952932E+00   0.9653649E-04   0.1953897E+00
     1185.00  0.2601262E+00   0.1011807E-03   0.2602274E+00
     1195.00  0.2469358E+00   0.1059495E-03   0.2470417E+00
     1205.00  0.1928299E+00   0.1108424E-03   0.1929407E+00
     1215.00  0.1990737E+00   0.1158587E-03   0.1991896E+00
     1225.00  0.2155783E+00   0.2566765E-03   0.2158350E+00
     1235.00  0.2318637E+00   0.3850305E-03   0.2322487E+00
     1245.00  0.2203211E+00   0.4950131E-03   0.2208161E+00
     1255.00  0.2209944E+00   0.5898246E-03   0.2215842E+00
     1265.00  0.2192813E+00   0.6718369E-03   0.2199531E+00
     1275.00  0.2164982E+00   0.7429249E-03   0.2172411E+00
     1285.00  0.1999474E+00   0.8046189E-03   0.2007520E+00
     1295.00  0.1863713E+00   0.8581925E-03   0.1872295E+00
     1305.00  0.2016229E+00   0.9047193E-03   0.2025276E+00
     1315.00  0.1959759E+00   0.9451125E-03   0.1969210E+00
     1325.00  0.1914852E+00   0.9801548E-03   0.1924654E+00
     1335.00  0.1898822E+00   0.1010521E-02   0.1908927E+00
     1345.00  0.1727880E+00   0.1036794E-02   0.1738248E+00
     1355.00  0.1839788E+00   0.1059481E-02   0.1850383E+00
     1365.00  0.1799063E+00   0.1079025E-02   0.1809853E+00
     1375.00  0.1757360E+00   0.1095812E-02   0.1768318E+00
     1385.00  0.1709674E+00   0.1110180E-02   0.1720776E+00
     1395.00  0.1650364E+00   0.1122427E-02   0.1661588E+00
     1405.00  0.1745131E+00   0.1132815E-02   0.1756459E+00
     1415.00  0.1599388E+00   0.1141572E-02   0.1610804E+00
     1425.00  0.1523284E+00   0.1148903E-02   0.1534773E+00
     1435.00  0.1561619E+00   0.1154987E-02   0.1573169E+00
     1442.00  0.1548865E+00   0.1158590E-02   0.1560451E+00
     1447.00  0.1534376E+00   0.1160865E-02   0.1545985E+00
     1455.00  0.1511833E+00   0.1164032E-02   0.1523473E+00
     1465.00  0.1465320E+00   0.1167257E-02   0.1476993E+00
     1475.00  0.1439399E+00   0.1169770E-02   0.1451097E+00
     1485.00  0.1391851E+00   0.1171668E-02   0.1403568E+00
     1495.00  0.1400505E+00   0.1173039E-02   0.1412235E+00
     1505.00  0.1366333E+00   0.1173959E-02   0.1378073E+00
     1512.00  0.1331781E+00   0.1174372E-02   0.1343525E+00
     1517.00  0.1325978E+00   0.1174565E-02   0.1337724E+00
     1525.00  0.1234093E+00   0.1174715E-02   0.1245840E+00
     1535.00  0.1259359E+00   0.1174666E-02   0.1271106E+00
     1545.00  0.6543971E-01   0.1174398E-02   0.6661411E-01
     1555.00  0.1249573E+00   0.1173934E-02   0.1261312E+00
     1565.00  0.9710142E-01   0.1173328E-02   0.9827475E-01
     1575.00  0.1195969E+00   0.1172615E-02   0.1207695E+00
     1585.00  0.9828234E-01   0.1171826E-02   0.9945417E-01
     1595.00  0.1164018E+00   0.1170987E-02   0.1175728E+00
     1605.00  0.1141570E+00   0.1170121E-02   0.1153271E+00
     1615.00  0.1122369E+00   0.1169249E-02   0.1134061E+00
     1625.00  0.1104659E+00   0.1168388E-02   0.1116343E+00
     1635.00  0.1088596E+00   0.1167546E-02   0.1100271E+00
     1645.00  0.1067089E+00   0.1166741E-02   0.1078756E+00
     1655.00  0.1050523E+00   0.1165988E-02   0.1062183E+00
     1665.00  0.1036938E+00   0.1165299E-02   0.1048591E+00
     1672.00  0.1019552E+00   0.1164860E-02   0.1031201E+00
     1677.00  0.1017940E+00   0.1164569E-02   0.1029586E+00
     1685.00  0.1004442E+00   0.1164148E-02   0.1016083E+00
     1695.00  0.9857486E-01   0.1163700E-02   0.9973856E-01
     1705.00  0.9680062E-01   0.1163345E-02   0.9796396E-01
     1715.00  0.9497600E-01   0.1163088E-02   0.9613909E-01
     1725.00  0.9342844E-01   0.1162933E-02   0.9459137E-01
     1735.00  0.9223606E-01   0.1162883E-02   0.9339894E-01
     1745.00  0.9063858E-01   0.1162941E-02   0.9180152E-01
     1755.00  0.8945325E-01   0.1163109E-02   0.9061636E-01
     1765.00  0.8743171E-01   0.1163388E-02   0.8859510E-01
     1775.00  0.8632465E-01   0.1163780E-02   0.8748843E-01
     1785.00  0.8512520E-01   0.1164284E-02   0.8628948E-01
     1795.00  0.8396451E-01   0.1164898E-02   0.8512941E-01
     1805.00  0.8277648E-01   0.1165624E-02   0.8394210E-01
     1815.00  0.8119452E-01   0.1166462E-02   0.8236098E-01
     1825.00  0.8007856E-01   0.1167411E-02   0.8124597E-01
     1835.00  0.7882880E-01   0.1168470E-02   0.7999727E-01
     1845.00  0.7701318E-01   0.1169638E-02   0.7818282E-01
     1855.00  0.7566393E-01   0.1170914E-02   0.7683484E-01
     1865.00  0.7478422E-01   0.1172296E-02   0.7595652E-01
     1875.00  0.7406354E-01   0.1173783E-02   0.7523732E-01
     1885.00  0.7228330E-01   0.1175372E-02   0.7345867E-01
     1895.00  0.7081118E-01   0.1177061E-02   0.7198824E-01
     1905.00  0.7042718E-01   0.1178850E-02   0.7160603E-01
     1915.00  0.6901906E-01   0.1180734E-02   0.7019979E-01
     1925.00  0.6788926E-01   0.1182713E-02   0.6907197E-01
     1935.00  0.6727923E-01   0.1184784E-02   0.6846401E-01
     1945.00  0.6659070E-01   0.1186938E-02   0.6777764E-01
     1955.00  0.6500739E-01   0.1189169E-02   0.6619656E-01
     1967.00  0.6445712E-01   0.1191955E-02   0.6564907E-01
     1976.00  0.6390542E-01   0.1194121E-02   0.6509954E-01
     1984.00  0.6280672E-01   0.1196099E-02   0.6400282E-01
     1995.00  0.6155665E-01   0.1198898E-02   0.6275555E-01
     2005.00  0.6102588E-01   0.1201519E-02   0.6222740E-01
     2015.00  0.6031227E-01   0.1204212E-02   0.6151648E-01
     2025.00  0.5963218E-01   0.1206973E-02   0.6083915E-01
     2035.00  0.5853494E-01   0.1209844E-02   0.5974478E-01
     2045.00  0.5774084E-01   0.1212799E-02   0.5895364E-01
     2055.00  0.5698137E-01   0.7003367E-03   0.5768171E-01
     2065.00  0.5643966E-01   0.6976746E-03   0.5713733E-01
     2074.00  0.5621448E-01   0.6953456E-03   0.5690983E-01
     2078.00  0.5553568E-01   0.6943306E-03   0.5623001E-01
     2085.00  0.5510910E-01   0.6925834E-03   0.5580168E-01
     2095.00  0.5414739E-01   0.6901511E-03   0.5483754E-01
     2105.00  0.5364983E-01   0.6877922E-03   0.5433762E-01
     2115.00  0.5298908E-01   0.6855049E-03   0.5367458E-01
     2125.00  0.5236966E-01   0.6832879E-03   0.5305295E-01
     2135.00  0.5158096E-01   0.6811394E-03   0.5226210E-01
     2145.00  0.5081556E-01   0.6790580E-03   0.5149462E-01
     2155.00  0.5024135E-01   0.6770421E-03   0.5091839E-01
     2165.00  0.4951936E-01   0.6750901E-03   0.5019445E-01
     2175.00  0.4883196E-01   0.6732009E-03   0.4950516E-01
     2185.00  0.4823018E-01   0.6713733E-03   0.4890155E-01
     2195.00  0.4766904E-01   0.6696052E-03   0.4833865E-01
     2205.00  0.4698308E-01   0.6678953E-03   0.4765098E-01
     2215.00  0.4632412E-01   0.6662420E-03   0.4699036E-01
     2225.00  0.4565166E-01   0.6646441E-03   0.4631630E-01
     2235.00  0.4512957E-01   0.6631002E-03   0.4579267E-01
     2245.00  0.4454563E-01   0.6616088E-03   0.4520724E-01
     2255.00  0.4391499E-01   0.6601686E-03   0.4457516E-01
     2265.00  0.4337864E-01   0.6587784E-03   0.4403742E-01
     2275.00  0.4282289E-01   0.6574369E-03   0.4348033E-01
     2285.00  0.4231884E-01   0.6561325E-03   0.4297497E-01
     2295.00  0.4161792E-01   0.6548634E-03   0.4227278E-01
     2305.00  0.4120513E-01   0.6536384E-03   0.4185877E-01
     2315.00  0.4064408E-01   0.6524563E-03   0.4129654E-01
     2325.00  0.3923474E-01   0.6513160E-03   0.3988606E-01
     2335.00  0.3955178E-01   0.6502162E-03   0.4020200E-01
     2345.00  0.3898078E-01   0.6491560E-03   0.3962994E-01
     2355.00  0.3861020E-01   0.6481341E-03   0.3925833E-01
     2365.00  0.3803838E-01   0.6471495E-03   0.3868553E-01
     2375.00  0.3760692E-01   0.6462012E-03   0.3825312E-01
     2385.00  0.3704540E-01   0.6452880E-03   0.3769069E-01
     2395.00  0.3665793E-01   0.6444091E-03   0.3730234E-01
     2405.00  0.3618752E-01   0.6435635E-03   0.3683108E-01
     2415.00  0.3574292E-01   0.6427504E-03   0.3638567E-01
     2425.00  0.3536968E-01   0.6419686E-03   0.3601165E-01
     2435.00  0.3489028E-01   0.6412172E-03   0.3553150E-01
     2445.00  0.3449500E-01   0.6404952E-03   0.3513550E-01
     2455.00  0.3409187E-01   0.6398018E-03   0.3473167E-01
     2465.00  0.3363834E-01   0.6391362E-03   0.3427748E-01
     2475.00  0.3323136E-01   0.6384974E-03   0.3386986E-01
     2485.00  0.3285338E-01   0.6378847E-03   0.3349126E-01
     2495.00  0.3223183E-01   0.6372972E-03   0.3286913E-01
     2505.00  0.3208809E-01   0.6367341E-03   0.3272482E-01
     2513.00  0.3166169E-01   0.6363007E-03   0.3229799E-01
     2518.00  0.3156634E-01   0.6360373E-03   0.3220238E-01
     2525.00  0.3125956E-01   0.6356781E-03   0.3189524E-01
     2535.00  0.3085408E-01   0.6351839E-03   0.3148926E-01
     2545.00  0.3048447E-01   0.6347121E-03   0.3111918E-01
     2555.00  0.3020431E-01   0.6342613E-03   0.3083857E-01
     2565.00  0.2983148E-01   0.6338306E-03   0.3046531E-01
     2575.00  0.2951948E-01   0.6334195E-03   0.3015290E-01
     2585.00  0.2917907E-01   0.6330272E-03   0.2981210E-01
     2595.00  0.2883067E-01   0.6326532E-03   0.2946332E-01
     2605.00  0.2847032E-01   0.6190836E-03   0.2908940E-01
     2615.00  0.2822563E-01   0.6187687E-03   0.2884440E-01
     2625.00  0.2792046E-01   0.6184710E-03   0.2853893E-01
     2635.00  0.2760271E-01   0.6181897E-03   0.2822090E-01
     2645.00  0.2738867E-01   0.6179244E-03   0.2800659E-01
     2655.00  0.2707031E-01   0.6176745E-03   0.2768798E-01
     2665.00  0.2671604E-01   0.6174393E-03   0.2733348E-01
     2675.00  0.2642512E-01   0.6172184E-03   0.2704234E-01
     2685.00  0.2617179E-01   0.6170113E-03   0.2678880E-01
     2695.00  0.2580701E-01   0.6168173E-03   0.2642383E-01
     2705.00  0.2556632E-01   0.6166361E-03   0.2618296E-01
     2715.00  0.2525580E-01   0.6164671E-03   0.2587227E-01
     2725.00  0.2491599E-01   0.6163098E-03   0.2553230E-01
     2735.00  0.2470575E-01   0.6161637E-03   0.2532191E-01
     2745.00  0.2434337E-01   0.6160285E-03   0.2495940E-01
     2755.00  0.2408827E-01   0.6159037E-03   0.2470417E-01
     2765.00  0.2381662E-01   0.6157888E-03   0.2443241E-01
     2775.00  0.2362998E-01   0.6156834E-03   0.2424566E-01
     2785.00  0.2336104E-01   0.6155871E-03   0.2397663E-01
     2795.00  0.2293085E-01   0.6154994E-03   0.2354635E-01
     2805.00  0.2276603E-01   0.6154201E-03   0.2338145E-01
     2815.00  0.2262513E-01   0.6153487E-03   0.2324048E-01
     2825.00  0.2232132E-01   0.6152849E-03   0.2293660E-01
     2835.00  0.2206934E-01   0.6152283E-03   0.2268457E-01
     2845.00  0.2186641E-01   0.6151784E-03   0.2248159E-01
     2855.00  0.2162753E-01   0.6151290E-03   0.2224266E-01
     2865.00  0.2141299E-01   0.6150794E-03   0.2202807E-01
     2875.00  0.2117448E-01   0.6150350E-03   0.2178951E-01
     2885.00  0.2096232E-01   0.6149955E-03   0.2157732E-01
     2895.00  0.2074193E-01   0.6149608E-03   0.2135689E-01
     2910.00  0.2043058E-01   0.6149168E-03   0.2104550E-01
     2930.00  0.1998330E-01   0.6148717E-03   0.2059817E-01
     2950.00  0.1951807E-01   0.6148403E-03   0.2013291E-01
     2970.00  0.1915495E-01   0.6148205E-03   0.1976977E-01
     2990.00  0.1876000E-01   0.6148104E-03   0.1937481E-01
     3010.00  0.1838455E-01   0.6148080E-03   0.1899936E-01
     3030.00  0.1801224E-01   0.6148118E-03   0.1862705E-01
     3050.00  0.1763848E-01   0.6148211E-03   0.1825330E-01
     3070.00  0.1728761E-01   0.6148346E-03   0.1790244E-01
     3090.00  0.1694458E-01   0.6148501E-03   0.1755943E-01
     3110.00  0.1660556E-01   0.6148661E-03   0.1722043E-01
     3130.00  0.1626445E-01   0.6118953E-03   0.1687635E-01
     3150.00  0.1595790E-01   0.6119153E-03   0.1656982E-01
     3170.00  0.1565039E-01   0.6119328E-03   0.1626232E-01
     3190.00  0.1530182E-01   0.6119466E-03   0.1591377E-01
     3210.00  0.1504273E-01   0.6119558E-03   0.1565469E-01
     3230.00  0.1475016E-01   0.6119593E-03   0.1536212E-01
     3250.00  0.1446845E-01   0.6119564E-03   0.1508041E-01
     3270.00  0.1420224E-01   0.6119355E-03   0.1481418E-01
     3290.00  0.1393294E-01   0.6118993E-03   0.1454484E-01
     3310.00  0.1368181E-01   0.6118530E-03   0.1429366E-01
     3330.00  0.1342111E-01   0.6117958E-03   0.1403291E-01
     3350.00  0.1315502E-01   0.6117272E-03   0.1376675E-01
     3370.00  0.1292106E-01   0.6116467E-03   0.1353271E-01
     3390.00  0.1268273E-01   0.6115537E-03   0.1329428E-01
     3410.00  0.1245538E-01   0.6114479E-03   0.1306683E-01
     3430.00  0.1218721E-01   0.5818182E-03   0.1276903E-01
     3450.00  0.1204736E-01   0.5816052E-03   0.1262897E-01
     3470.00  0.1185593E-01   0.5813810E-03   0.1243731E-01
     3490.00  0.1164473E-01   0.5811455E-03   0.1222588E-01
     3510.00  0.1145121E-01   0.5808970E-03   0.1203211E-01
     3530.00  0.1124653E-01   0.5806262E-03   0.1182716E-01
     3550.00  0.1105120E-01   0.5803416E-03   0.1163154E-01
     3570.00  0.1086491E-01   0.5800431E-03   0.1144495E-01
     3590.00  0.1065968E-01   0.5797306E-03   0.1123941E-01
     3610.00  0.1047831E-01   0.5794037E-03   0.1105771E-01
     3630.00  0.1029638E-01   0.5790625E-03   0.1087544E-01
     3640.00  0.1022315E-01   0.5788866E-03   0.1080204E-01
     3650.00  0.1166410E-01   0.1787262E-03   0.1184283E-01
     3670.00  0.1143711E-01   0.1777023E-03   0.1161481E-01
     3690.00  0.1115132E-01   0.1709361E-03   0.1132226E-01
     3710.00  0.1118433E-01   0.1699323E-03   0.1135426E-01
     3730.00  0.1103955E-01   0.1689474E-03   0.1120850E-01
     3750.00  0.1135751E-01   0.1679808E-03   0.1152549E-01
     3770.00  0.1126212E-01   0.1670320E-03   0.1142915E-01
     3790.00  0.1147605E-01   0.1661005E-03   0.1164215E-01
     3810.00  0.1169605E-01   0.1651856E-03   0.1186124E-01
     3830.00  0.1088637E-01   0.1642870E-03   0.1105066E-01
     3850.00  0.1161811E-01   0.1634040E-03   0.1178151E-01
     3870.00  0.1167257E-01   0.1625362E-03   0.1183511E-01
     3890.00  0.1022658E-01   0.1616833E-03   0.1038826E-01
     3910.00  0.1136780E-01   0.1608446E-03   0.1152864E-01
     3930.00  0.1119260E-01   0.1600199E-03   0.1135262E-01
     3950.00  0.1101333E-01   0.1592086E-03   0.1117254E-01
     3970.00  0.9524790E-02   0.1584107E-03   0.9683201E-02
     3990.00  0.1062790E-01   0.1576265E-03   0.1078553E-01
     4010.00  0.1063752E-01   0.1568546E-03   0.1079437E-01
     4030.00  0.1039978E-01   0.1560946E-03   0.1055587E-01
     4050.00  0.1033981E-01   0.1553461E-03   0.1049516E-01
     4070.00  0.1011678E-01   0.1546088E-03   0.1027139E-01
     4090.00  0.9514679E-02   0.1538824E-03   0.9668561E-02
     4110.00  0.8785458E-02   0.1531666E-03   0.8938625E-02
     4130.00  0.9594700E-02   0.1524610E-03   0.9747161E-02
     4150.00  0.9520578E-02   0.1517655E-03   0.9672343E-02
     4170.00  0.9406121E-02   0.1510796E-03   0.9557201E-02
     4190.00  0.9271995E-02   0.1504033E-03   0.9422398E-02
     4210.00  0.9129872E-02   0.1497360E-03   0.9279608E-02
     4230.00  0.8981350E-02   0.1490778E-03   0.9130428E-02
     4250.00  0.8842093E-02   0.1484282E-03   0.8990521E-02
     4270.00  0.8696477E-02   0.1477870E-03   0.8844264E-02
     4290.00  0.8562790E-02   0.1471541E-03   0.8709944E-02
     4310.00  0.8367794E-02   0.1465292E-03   0.8514323E-02
     4330.00  0.7794040E-02   0.1459120E-03   0.7939952E-02
     4350.00  0.7363480E-02   0.1453025E-03   0.7508783E-02
     4370.00  0.8001936E-02   0.1447005E-03   0.8146637E-02
     4390.00  0.7895208E-02   0.1441057E-03   0.8039314E-02
     4410.00  0.7827416E-02   0.1435178E-03   0.7970934E-02
     4430.00  0.7717128E-02   0.1429368E-03   0.7860065E-02
     4450.00  0.7612123E-02   0.1423624E-03   0.7754485E-02
     4470.00  0.7407940E-02   0.1417944E-03   0.7549734E-02
     4490.00  0.7378124E-02   0.1412328E-03   0.7519357E-02
     4510.00  0.7279159E-02   0.1406773E-03   0.7419836E-02
     4530.00  0.7165565E-02   0.1401278E-03   0.7305693E-02
     4550.00  0.7051378E-02   0.1395842E-03   0.7190962E-02
     4570.00  0.6963226E-02   0.1390462E-03   0.7102272E-02
     4590.00  0.6859708E-02   0.1385139E-03   0.6998222E-02
     4610.00  0.6768124E-02   0.1379869E-03   0.6906111E-02
     4630.00  0.6664504E-02   0.1374653E-03   0.6801969E-02
     4650.00  0.6566994E-02   0.1369488E-03   0.6703943E-02
     4670.00  0.6477725E-02   0.1364374E-03   0.6614162E-02
     4690.00  0.6383550E-02   0.1359309E-03   0.6519481E-02
     4710.00  0.6259816E-02   0.1354292E-03   0.6395245E-02
     4730.00  0.6204118E-02   0.1349323E-03   0.6339050E-02
     4750.00  0.6115100E-02   0.1344399E-03   0.6249540E-02
     4770.00  0.6030580E-02   0.1339521E-03   0.6164532E-02
     4790.00  0.5942014E-02   0.1334686E-03   0.6075483E-02
     4810.00  0.5849614E-02   0.1329892E-03   0.5982603E-02
     4830.00  0.5732051E-02   0.1325138E-03   0.5864565E-02
     4850.00  0.5378376E-02   0.1320424E-03   0.5510418E-02
     4870.00  0.5011712E-02   0.1315751E-03   0.5143287E-02
     4890.00  0.5473810E-02   0.1311117E-03   0.5604922E-02
     4910.00  0.5449533E-02   0.1306521E-03   0.5580185E-02
     4930.00  0.5346844E-02   0.1301963E-03   0.5477040E-02
     4950.00  0.5313921E-02   0.1297442E-03   0.5443665E-02
     4970.00  0.5247795E-02   0.1292957E-03   0.5377091E-02
     4990.00  0.5172660E-02   0.1288507E-03   0.5301511E-02
     5010.00  0.5077427E-02   0.1284092E-03   0.5205836E-02
     5030.00  0.5035576E-02   0.1279710E-03   0.5163547E-02
     5050.00  0.4956256E-02   0.1275362E-03   0.5083792E-02
     5070.00  0.4903374E-02   0.1271051E-03   0.5030479E-02
     5090.00  0.4837397E-02   0.1266791E-03   0.4964076E-02
     5110.00  0.4773196E-02   0.1262561E-03   0.4899452E-02
     5130.00  0.4707563E-02   0.1258361E-03   0.4833399E-02
     5150.00  0.4642619E-02   0.1254191E-03   0.4768038E-02
     5170.00  0.4574828E-02   0.1250048E-03   0.4699833E-02
     5190.00  0.4517336E-02   0.1245934E-03   0.4641929E-02
     5210.00  0.4461996E-02   0.1241848E-03   0.4586181E-02
     5230.00  0.4402190E-02   0.1237789E-03   0.4525969E-02
     5250.00  0.4350276E-02   0.1233756E-03   0.4473652E-02
     5270.00  0.4286822E-02   0.1229750E-03   0.4409797E-02
     5290.00  0.4239538E-02   0.1225769E-03   0.4362115E-02
     5310.00  0.4183346E-02   0.1221813E-03   0.4305527E-02
     5330.00  0.4127207E-02   0.1217883E-03   0.4248995E-02
     5350.00  0.4078816E-02   0.1213976E-03   0.4200214E-02
     5370.00  0.4025846E-02   0.1210093E-03   0.4146855E-02
     5390.00  0.3975848E-02   0.1206232E-03   0.4096471E-02
     5410.00  0.3924094E-02   0.1202393E-03   0.4044333E-02
     5430.00  0.3874971E-02   0.1198577E-03   0.3994829E-02
     5450.00  0.3827324E-02   0.1194784E-03   0.3946802E-02
     5470.00  0.3781292E-02   0.1191013E-03   0.3900393E-02
     5490.00  0.3735254E-02   0.1187263E-03   0.3853980E-02
     5510.00  0.3688690E-02   0.1183535E-03   0.3807044E-02
     5530.00  0.3642760E-02   0.1179828E-03   0.3760743E-02
     5550.00  0.3599232E-02   0.1176142E-03   0.3716846E-02
     5570.00  0.3554328E-02   0.1172476E-03   0.3671576E-02
     5590.00  0.3511683E-02   0.1168831E-03   0.3628566E-02
     5610.00  0.3469427E-02   0.1165205E-03   0.3585948E-02
     5630.00  0.3428239E-02   0.1161599E-03   0.3544399E-02
     5650.00  0.3385908E-02   0.1158013E-03   0.3501709E-02
     5670.00  0.3344786E-02   0.1154446E-03   0.3460231E-02
     5690.00  0.3305837E-02   0.1150897E-03   0.3420927E-02
     5710.00  0.3266796E-02   0.9995968E-04   0.3366756E-02
     5730.00  0.3229252E-02   0.9963425E-04   0.3328886E-02
     5750.00  0.3190430E-02   0.9931081E-04   0.3289741E-02
     5770.00  0.3153991E-02   0.9898933E-04   0.3252980E-02
     5790.00  0.3117302E-02   0.9866978E-04   0.3215972E-02
     5810.00  0.3081060E-02   0.9835213E-04   0.3179412E-02
     5830.00  0.3045102E-02   0.9803636E-04   0.3143138E-02
     5850.00  0.3008872E-02   0.9772245E-04   0.3106594E-02
     5870.00  0.2948107E-02   0.9741035E-04   0.3045517E-02
     5890.00  0.2936394E-02   0.9710007E-04   0.3033494E-02
     5910.00  0.2907483E-02   0.9679157E-04   0.3004275E-02
     5930.00  0.2873973E-02   0.9648482E-04   0.2970458E-02
     5950.00  0.2840908E-02   0.9617981E-04   0.2937088E-02
     5970.00  0.2809299E-02   0.9587652E-04   0.2905176E-02
     5990.00  0.2777663E-02   0.9557492E-04   0.2873238E-02
     6010.00  0.2746378E-02   0.9527498E-04   0.2841653E-02
     6030.00  0.2715523E-02   0.9497671E-04   0.2810500E-02
     6050.00  0.2684948E-02   0.9468006E-04   0.2779628E-02
     6070.00  0.2655741E-02   0.9438503E-04   0.2750126E-02
     6090.00  0.2626252E-02   0.9409158E-04   0.2720344E-02
     6110.00  0.2597127E-02   0.9379972E-04   0.2690927E-02
     6130.00  0.2567257E-02   0.9350941E-04   0.2660766E-02
     6150.00  0.2538142E-02   0.9322064E-04   0.2631363E-02
     6170.00  0.2511688E-02   0.9293339E-04   0.2604621E-02
     6190.00  0.2485218E-02   0.9264764E-04   0.2577866E-02
     6210.00  0.2458233E-02   0.9236338E-04   0.2550596E-02
     6230.00  0.2431088E-02   0.9208060E-04   0.2523169E-02
     6250.00  0.2402337E-02   0.9179927E-04   0.2494136E-02
     6270.00  0.2379570E-02   0.9151938E-04   0.2471089E-02
     6290.00  0.2354361E-02   0.9124091E-04   0.2445602E-02
     6310.00  0.2328351E-02   0.9096386E-04   0.2419315E-02
     6330.00  0.2303962E-02   0.9068820E-04   0.2394650E-02
     6350.00  0.2278278E-02   0.9041392E-04   0.2368692E-02
     6370.00  0.2254892E-02   0.9014101E-04   0.2345033E-02
     6390.00  0.2231845E-02   0.8986945E-04   0.2321714E-02
     6410.00  0.2207339E-02   0.8959922E-04   0.2296938E-02
     6430.00  0.2184430E-02   0.8933033E-04   0.2273760E-02
     6450.00  0.2160620E-02   0.8906275E-04   0.2249683E-02
     6470.00  0.2138694E-02   0.8879647E-04   0.2227490E-02
     6490.00  0.2113981E-02   0.8853148E-04   0.2202512E-02
     6510.00  0.2090549E-02   0.8826777E-04   0.2178817E-02
     6530.00  0.2059958E-02   0.8800434E-04   0.2147962E-02
     6550.00  0.1976297E-02   0.8774187E-04   0.2064039E-02
     6570.00  0.1822779E-02   0.8748062E-04   0.1910260E-02
     6590.00  0.1984260E-02   0.8722056E-04   0.2071481E-02
     6610.00  0.1983598E-02   0.8696169E-04   0.2070560E-02
     6630.00  0.1967609E-02   0.8670400E-04   0.2054313E-02
     6650.00  0.1949292E-02   0.8626714E-04   0.2035559E-02
     6670.00  0.1925177E-02   0.8601309E-04   0.2011190E-02
     6690.00  0.1906329E-02   0.8576019E-04   0.1992089E-02
     6710.00  0.1892194E-02   0.8550842E-04   0.1977702E-02
     6730.00  0.1873265E-02   0.8525777E-04   0.1958523E-02
     6750.00  0.1854425E-02   0.8500825E-04   0.1939433E-02
     6770.00  0.1836341E-02   0.8475983E-04   0.1921101E-02
     6790.00  0.1818092E-02   0.8451251E-04   0.1902605E-02
     6810.00  0.1800066E-02   0.8426628E-04   0.1884332E-02
     6830.00  0.1782241E-02   0.8402114E-04   0.1866262E-02
     6850.00  0.1764387E-02   0.8377707E-04   0.1848164E-02
     6870.00  0.1747370E-02   0.8353406E-04   0.1830904E-02
     6890.00  0.1730424E-02   0.8329211E-04   0.1813716E-02
     6910.00  0.1713547E-02   0.8305122E-04   0.1796598E-02
     6930.00  0.1696574E-02   0.8281136E-04   0.1779385E-02
     6950.00  0.1679964E-02   0.8257254E-04   0.1762537E-02
     6970.00  0.1663938E-02   0.8233474E-04   0.1746273E-02
     6990.00  0.1647996E-02   0.8209797E-04   0.1730094E-02
     7010.00  0.1631907E-02   0.8186221E-04   0.1713769E-02
     7030.00  0.1616358E-02   0.8162744E-04   0.1697985E-02
     7050.00  0.1600648E-02   0.8139368E-04   0.1682042E-02
     7070.00  0.1578894E-02   0.8116090E-04   0.1660055E-02
     7090.00  0.1570603E-02   0.8092911E-04   0.1651532E-02
     7110.00  0.1555173E-02   0.8069830E-04   0.1635871E-02
     7130.00  0.1540630E-02   0.8046846E-04   0.1621098E-02
     7150.00  0.1526050E-02   0.8023959E-04   0.1606290E-02
     7170.00  0.1511754E-02   0.8001167E-04   0.1591766E-02
     7190.00  0.1497439E-02   0.7978471E-04   0.1577224E-02
     7210.00  0.1483476E-02   0.7955870E-04   0.1563035E-02
     7230.00  0.1468940E-02   0.7933363E-04   0.1548274E-02
     7250.00  0.1455968E-02   0.7910949E-04   0.1535077E-02
     7270.00  0.1442577E-02   0.7888628E-04   0.1521463E-02
     7290.00  0.1425887E-02   0.7866398E-04   0.1504551E-02
     7310.00  0.1415686E-02   0.7844261E-04   0.1494129E-02
     7330.00  0.1402707E-02   0.7822216E-04   0.1480929E-02
     7350.00  0.1389722E-02   0.7800260E-04   0.1467725E-02
     7370.00  0.1377144E-02   0.7778394E-04   0.1454928E-02
     7390.00  0.1364325E-02   0.7756618E-04   0.1441891E-02
     7410.00  0.1351215E-02   0.7734930E-04   0.1428564E-02
     7430.00  0.1339470E-02   0.7713331E-04   0.1416603E-02
     7450.00  0.1327362E-02   0.7685660E-04   0.1404219E-02
     7470.00  0.1315458E-02   0.7664249E-04   0.1392100E-02
     7490.00  0.1303652E-02   0.7642924E-04   0.1380081E-02
     7510.00  0.1291813E-02   0.7621686E-04   0.1368030E-02
     7530.00  0.1280454E-02   0.7600533E-04   0.1356459E-02
     7550.00  0.1268990E-02   0.7579465E-04   0.1344785E-02
     7570.00  0.1257618E-02   0.7558481E-04   0.1333203E-02
     7590.00  0.1246507E-02   0.7537582E-04   0.1321883E-02
     7610.00  0.1235480E-02   0.7516777E-04   0.1310648E-02
     7630.00  0.1224434E-02   0.7496067E-04   0.1299395E-02
     7650.00  0.1213394E-02   0.7475439E-04   0.1288148E-02
     7670.00  0.1202513E-02   0.7454895E-04   0.1277062E-02
     7690.00  0.1192362E-02   0.7434432E-04   0.1266706E-02
     7710.00  0.1181387E-02   0.7414051E-04   0.1255528E-02
     7730.00  0.1171453E-02   0.7393751E-04   0.1245391E-02
     7750.00  0.1161078E-02   0.7373532E-04   0.1234813E-02
     7770.00  0.1149103E-02   0.7353393E-04   0.1222637E-02
     7790.00  0.1141186E-02   0.7333334E-04   0.1214519E-02
     7810.00  0.1131129E-02   0.7313354E-04   0.1204263E-02
     7830.00  0.1121376E-02   0.7293452E-04   0.1194311E-02
     7850.00  0.1111756E-02   0.7273630E-04   0.1184492E-02
     7870.00  0.1101761E-02   0.7171058E-04   0.1173472E-02
     7890.00  0.1092188E-02   0.7151727E-04   0.1163705E-02
     7910.00  0.1083214E-02   0.7132471E-04   0.1154539E-02
     7930.00  0.1073644E-02   0.7113290E-04   0.1144777E-02
     7950.00  0.1064571E-02   0.7094183E-04   0.1135513E-02
     7970.00  0.1055828E-02   0.7075151E-04   0.1126580E-02
     7990.00  0.1047098E-02   0.7056192E-04   0.1117660E-02
     8010.00  0.1037894E-02   0.7037307E-04   0.1108267E-02
     8030.00  0.1029434E-02   0.7018495E-04   0.1099619E-02
     8050.00  0.1020719E-02   0.6999755E-04   0.1090717E-02
     8070.00  0.1012527E-02   0.6981088E-04   0.1082338E-02
     8090.00  0.1003551E-02   0.6962493E-04   0.1073176E-02
     8110.00  0.9953866E-03   0.6943969E-04   0.1064826E-02
     8130.00  0.9874710E-03   0.6925516E-04   0.1056726E-02
     8150.00  0.9787514E-03   0.6907134E-04   0.1047823E-02
     8170.00  0.9710911E-03   0.6888822E-04   0.1039979E-02
     8190.00  0.9623774E-03   0.6870580E-04   0.1031083E-02
     8210.00  0.9710971E-03   0.6339796E-04   0.1034495E-02
     8230.00  0.9636837E-03   0.4330915E-04   0.1006993E-02
     8250.00  0.9557901E-03   0.4318869E-04   0.9989788E-03
     8270.00  0.9468621E-03   0.4306880E-04   0.9899309E-03
     8290.00  0.9385001E-03   0.4274936E-04   0.9812495E-03
     8310.00  0.9290485E-03   0.4263144E-04   0.9716799E-03
     8330.00  0.9187676E-03   0.4251407E-04   0.9612817E-03
     8350.00  0.9114928E-03   0.4239724E-04   0.9538900E-03
     8370.00  0.8999021E-03   0.4228094E-04   0.9421830E-03
     8390.00  0.8937826E-03   0.4216517E-04   0.9359478E-03
     8410.00  0.8865984E-03   0.4204993E-04   0.9286483E-03
     8430.00  0.8838052E-03   0.4193520E-04   0.9257404E-03
     8450.00  0.8770770E-03   0.4182100E-04   0.9188980E-03
     8470.00  0.8581815E-03   0.4170730E-04   0.8998888E-03
     8490.00  0.8745818E-03   0.4159412E-04   0.9161759E-03
     8510.00  0.8414280E-03   0.4148144E-04   0.8829094E-03
     8530.00  0.8677854E-03   0.4136926E-04   0.9091547E-03
     8550.00  0.8150014E-03   0.4125759E-04   0.8562590E-03
     8570.00  0.8643432E-03   0.4114641E-04   0.9054896E-03
     8590.00  0.8288492E-03   0.4103572E-04   0.8698849E-03
     8610.00  0.8163609E-03   0.4092552E-04   0.8572864E-03
     8630.00  0.8517066E-03   0.4081580E-04   0.8925224E-03
     8650.00  0.8302693E-03   0.4070657E-04   0.8709759E-03
     8670.00  0.7694586E-03   0.4059781E-04   0.8100564E-03
     8690.00  0.8278684E-03   0.4048953E-04   0.8683579E-03
     8710.00  0.8322277E-03   0.4038172E-04   0.8726094E-03
     8730.00  0.8138724E-03   0.4027438E-04   0.8541468E-03
     8750.00  0.7478226E-03   0.4016751E-04   0.7879901E-03
     8770.00  0.7920186E-03   0.4006110E-04   0.8320797E-03
     8790.00  0.8078949E-03   0.3995515E-04   0.8478500E-03
     8810.00  0.8036074E-03   0.3984965E-04   0.8434571E-03
     8830.00  0.7938094E-03   0.3974461E-04   0.8335540E-03
     8850.00  0.7610066E-03   0.3964001E-04   0.8006466E-03
     8870.00  0.7145562E-03   0.3953587E-04   0.7540921E-03
     8890.00  0.7692464E-03   0.3943217E-04   0.8086786E-03
     8910.00  0.7733208E-03   0.3932891E-04   0.8126497E-03
     8930.00  0.7694055E-03   0.3922609E-04   0.8086316E-03
     8950.00  0.7646365E-03   0.3912370E-04   0.8037602E-03
     8970.00  0.7569145E-03   0.3902175E-04   0.7959362E-03
     8990.00  0.7414226E-03   0.3892023E-04   0.7803428E-03
     9010.00  0.6821060E-03   0.3881913E-04   0.7209251E-03
     9030.00  0.7034361E-03   0.3871846E-04   0.7421546E-03
     9050.00  0.7295916E-03   0.3861821E-04   0.7682098E-03
     9070.00  0.7269517E-03   0.3851838E-04   0.7654701E-03
     9090.00  0.7227829E-03   0.3841897E-04   0.7612019E-03
     9110.00  0.7203654E-03   0.3831997E-04   0.7586854E-03
     9130.00  0.7159674E-03   0.3822138E-04   0.7541888E-03
     9150.00  0.7101792E-03   0.3812322E-04   0.7483024E-03
     9170.00  0.7033684E-03   0.3802546E-04   0.7413939E-03
     9190.00  0.6952669E-03   0.3792811E-04   0.7331950E-03
     9210.00  0.6748249E-03   0.3783115E-04   0.7126561E-03
     9230.00  0.6176441E-03   0.3773460E-04   0.6553787E-03
     9250.00  0.6617514E-03   0.3763844E-04   0.6993898E-03
     9270.00  0.6733234E-03   0.3754267E-04   0.7108661E-03
     9290.00  0.6730565E-03   0.3744729E-04   0.7105038E-03
     9310.00  0.6687352E-03   0.3735231E-04   0.7060875E-03
     9330.00  0.6649228E-03   0.3725770E-04   0.7021805E-03
     9350.00  0.6601395E-03   0.3716348E-04   0.6973030E-03
     9370.00  0.6555956E-03   0.3706964E-04   0.6926652E-03
     9390.00  0.6508105E-03   0.3697618E-04   0.6877867E-03
     9410.00  0.6445276E-03   0.3688310E-04   0.6814107E-03
     9430.00  0.6411558E-03   0.3679039E-04   0.6779462E-03
     9450.00  0.6362469E-03   0.3669806E-04   0.6729450E-03
     9470.00  0.6303465E-03   0.3660609E-04   0.6669526E-03
     9490.00  0.6254632E-03   0.3651449E-04   0.6619777E-03
     9510.00  0.6163506E-03   0.3642326E-04   0.6527739E-03
     9530.00  0.5967336E-03   0.3633240E-04   0.6330660E-03
     9550.00  0.5505308E-03   0.3624188E-04   0.5867727E-03
     9570.00  0.5936017E-03   0.3615174E-04   0.6297534E-03
     9590.00  0.6008081E-03   0.3606194E-04   0.6368700E-03
     9610.00  0.5986471E-03   0.3597251E-04   0.6346196E-03
     9630.00  0.5947091E-03   0.3588342E-04   0.6305925E-03
     9650.00  0.5922559E-03   0.3579470E-04   0.6280506E-03
     9670.00  0.5875622E-03   0.3570631E-04   0.6232685E-03
     9690.00  0.5841354E-03   0.3561827E-04   0.6197537E-03
     9710.00  0.5799055E-03   0.3553058E-04   0.6154361E-03
     9730.00  0.5762329E-03   0.3544323E-04   0.6116761E-03
     9750.00  0.5720912E-03   0.3535623E-04   0.6074474E-03
     9770.00  0.5681796E-03   0.3526956E-04   0.6034492E-03
     9790.00  0.5642092E-03   0.3518323E-04   0.5993924E-03
     9810.00  0.5602542E-03   0.3509723E-04   0.5953514E-03
     9830.00  0.5563612E-03   0.3501157E-04   0.5913728E-03
     9850.00  0.5523529E-03   0.3492624E-04   0.5872791E-03
     9870.00  0.5485301E-03   0.3484123E-04   0.5833713E-03
     9890.00  0.5444768E-03   0.3475656E-04   0.5792334E-03
     9910.00  0.5407976E-03   0.3467221E-04   0.5754698E-03
     9930.00  0.5370052E-03   0.3458819E-04   0.5715934E-03
     9950.00  0.5332262E-03   0.3450449E-04   0.5677307E-03
     9970.00  0.5291712E-03   0.3442111E-04   0.5635923E-03
     9990.00  0.5246388E-03   0.3433804E-04   0.5589768E-03
    10025.00  0.5045220E-03   0.3419345E-04   0.5387154E-03
    10075.00  0.4897763E-03   0.3398854E-04   0.5237648E-03
    10125.00  0.5009709E-03   0.3378558E-04   0.5347565E-03
    10175.00  0.4941216E-03   0.3358516E-04   0.5277068E-03
    10225.00  0.4861107E-03   0.3338673E-04   0.5194974E-03
    10275.00  0.4781557E-03   0.3319012E-04   0.5113458E-03
    10325.00  0.4695712E-03   0.3299531E-04   0.5025665E-03
    10375.00  0.4622733E-03   0.3280229E-04   0.4950756E-03
    10425.00  0.4547940E-03   0.3261103E-04   0.4874050E-03
    10475.00  0.4470927E-03   0.3242150E-04   0.4795142E-03
    10525.00  0.4400654E-03   0.3223369E-04   0.4722991E-03
    10575.00  0.4329772E-03   0.3204757E-04   0.4650248E-03
    10625.00  0.4258327E-03   0.3186312E-04   0.4576958E-03
    10675.00  0.4181597E-03   0.3168032E-04   0.4498400E-03
    10725.00  0.4122563E-03   0.3149915E-04   0.4437555E-03
    10775.00  0.4059130E-03   0.3131960E-04   0.4372326E-03
    10825.00  0.3979241E-03   0.3114163E-04   0.4290657E-03
    10875.00  0.3915939E-03   0.3096523E-04   0.4225591E-03
    10925.00  0.3657450E-03   0.3079039E-04   0.3965354E-03
    10975.00  0.3741243E-03   0.3061708E-04   0.4047414E-03
    11025.00  0.3742759E-03   0.3044528E-04   0.4047212E-03
    11075.00  0.3694492E-03   0.3027498E-04   0.3997242E-03
    11125.00  0.3637673E-03   0.3010616E-04   0.3938735E-03
    11175.00  0.3582842E-03   0.2851930E-04   0.3868035E-03
    11225.00  0.3528899E-03   0.2836122E-04   0.3812511E-03
    11275.00  0.3473583E-03   0.2820452E-04   0.3755628E-03
    11325.00  0.3420332E-03   0.2804919E-04   0.3700824E-03
    11375.00  0.3370612E-03   0.2789519E-04   0.3649564E-03
    11425.00  0.3319541E-03   0.2774251E-04   0.3596966E-03
    11475.00  0.3272429E-03   0.2759114E-04   0.3548340E-03
    11525.00  0.3224098E-03   0.2744107E-04   0.3498509E-03
    11575.00  0.3175685E-03   0.2729228E-04   0.3448608E-03
    11625.00  0.3125371E-03   0.2714475E-04   0.3396818E-03
    11675.00  0.3079540E-03   0.2699847E-04   0.3349525E-03
    11725.00  0.3038358E-03   0.2685343E-04   0.3306892E-03
    11775.00  0.2988932E-03   0.2670961E-04   0.3256028E-03
    11825.00  0.2947436E-03   0.2656700E-04   0.3213106E-03
    11875.00  0.2903571E-03   0.2642558E-04   0.3167827E-03
    11925.00  0.2866558E-03   0.2628534E-04   0.3129411E-03
    11975.00  0.2818351E-03   0.2614627E-04   0.3079814E-03
    12025.00  0.2785249E-03   0.2600835E-04   0.3045332E-03
    12075.00  0.2744253E-03   0.2587157E-04   0.3002969E-03
    12125.00  0.2705985E-03   0.2573592E-04   0.2963344E-03
    12175.00  0.2668088E-03   0.2560138E-04   0.2924102E-03
    12225.00  0.2631210E-03   0.2546795E-04   0.2885889E-03
    12275.00  0.2594205E-03   0.2533560E-04   0.2847561E-03
    12325.00  0.2558103E-03   0.2520434E-04   0.2810146E-03
    12375.00  0.2522656E-03   0.2507414E-04   0.2773397E-03
    12425.00  0.2488710E-03   0.2494499E-04   0.2738160E-03
    12475.00  0.2454474E-03   0.2481689E-04   0.2702643E-03
    12525.00  0.2419637E-03   0.2467973E-04   0.2666434E-03
    12575.00  0.2386647E-03   0.2455379E-04   0.2632185E-03
    12625.00  0.2353708E-03   0.2442886E-04   0.2597997E-03
    12675.00  0.2322326E-03   0.2430492E-04   0.2565375E-03
    12725.00  0.2288245E-03   0.2418197E-04   0.2530065E-03
    12775.00  0.2236295E-03   0.2406000E-04   0.2476895E-03
    12825.00  0.2100079E-03   0.2393899E-04   0.2339469E-03
    12875.00  0.2185177E-03   0.2381893E-04   0.2423366E-03
    12925.00  0.2169017E-03   0.2369982E-04   0.2406015E-03
    12975.00  0.2140478E-03   0.2358165E-04   0.2376295E-03
    13025.00  0.2114765E-03   0.2346440E-04   0.2349409E-03
    13075.00  0.2086997E-03   0.2334797E-04   0.2320477E-03
    13125.00  0.2059070E-03   0.2323244E-04   0.2291394E-03
    13175.00  0.2032272E-03   0.2311780E-04   0.2263450E-03
    13225.00  0.2006419E-03   0.2300404E-04   0.2236459E-03
    13275.00  0.1980042E-03   0.2289115E-04   0.2208953E-03
    13325.00  0.1954496E-03   0.2277913E-04   0.2182287E-03
    13375.00  0.1929290E-03   0.2266796E-04   0.2155970E-03
    13425.00  0.1904811E-03   0.2255764E-04   0.2130387E-03
    13475.00  0.1880930E-03   0.2244816E-04   0.2105412E-03
    13525.00  0.1856907E-03   0.2233951E-04   0.2080302E-03
    13575.00  0.1832798E-03   0.2223168E-04   0.2055115E-03
    13625.00  0.1809694E-03   0.2212035E-04   0.2030898E-03
    13675.00  0.1787302E-03   0.2201417E-04   0.2007444E-03
    13725.00  0.1763480E-03   0.2190879E-04   0.1982568E-03
    13775.00  0.1742578E-03   0.2180420E-04   0.1960620E-03
    13825.00  0.1720668E-03   0.2170038E-04   0.1937672E-03
    13875.00  0.1699322E-03   0.2159734E-04   0.1915295E-03
    13925.00  0.1678404E-03   0.2149507E-04   0.1893355E-03
    13975.00  0.1658260E-03   0.2139355E-04   0.1872195E-03
    14025.00  0.1637611E-03   0.2129278E-04   0.1850539E-03
    14075.00  0.1617612E-03   0.2119276E-04   0.1829540E-03
    14125.00  0.1597350E-03   0.2102899E-04   0.1807640E-03
    14175.00  0.1578260E-03   0.2093092E-04   0.1787569E-03
    14225.00  0.1559170E-03   0.2083357E-04   0.1767506E-03
    14275.00  0.1540331E-03   0.2073692E-04   0.1747700E-03
    14325.00  0.1521951E-03   0.2064098E-04   0.1728361E-03
    14375.00  0.1503660E-03   0.2054574E-04   0.1709117E-03
    14425.00  0.1482494E-03   0.2045118E-04   0.1687006E-03
    14475.00  0.1467753E-03   0.2035730E-04   0.1671326E-03
    14525.00  0.1448465E-03   0.2026410E-04   0.1651106E-03
    14570.00  0.1434580E-03   0.2018079E-04   0.1636388E-03
    14620.00  0.1423457E-03   0.1664136E-04   0.1589871E-03
    14675.00  0.1405537E-03   0.1655956E-04   0.1571133E-03
    14725.00  0.1388498E-03   0.1646826E-04   0.1553181E-03
    14775.00  0.1371231E-03   0.1639513E-04   0.1535182E-03
    14825.00  0.1354392E-03   0.1632252E-04   0.1517617E-03
    14875.00  0.1335477E-03   0.1625043E-04   0.1497981E-03
    14925.00  0.1320088E-03   0.1617886E-04   0.1481877E-03
    14975.00  0.1305039E-03   0.1610781E-04   0.1466117E-03
    15025.00  0.1283904E-03   0.1603726E-04   0.1444277E-03
    15075.00  0.1270995E-03   0.1596721E-04   0.1430667E-03
    15125.00  0.1256464E-03   0.1589766E-04   0.1415441E-03
    15175.00  0.1243109E-03   0.1582861E-04   0.1401395E-03
    15225.00  0.1237108E-03   0.1576006E-04   0.1394709E-03
    15275.00  0.1210054E-03   0.1569201E-04   0.1366974E-03
    15325.00  0.1198704E-03   0.1562444E-04   0.1354948E-03
    15375.00  0.1197632E-03   0.1555734E-04   0.1353205E-03
    15425.00  0.1166776E-03   0.1549071E-04   0.1321683E-03
    15475.00  0.1173429E-03   0.1542454E-04   0.1327674E-03
    15525.00  0.1161857E-03   0.1535883E-04   0.1315445E-03
    15575.00  0.1121993E-03   0.1529357E-04   0.1274929E-03
    15625.00  0.1146371E-03   0.1522876E-04   0.1298659E-03
    15675.00  0.1116950E-03   0.1516440E-04   0.1268594E-03
    15725.00  0.1086663E-03   0.1510048E-04   0.1237668E-03
    15775.00  0.1110076E-03   0.1503699E-04   0.1260446E-03
    15825.00  0.1096427E-03   0.1497394E-04   0.1246166E-03
    15875.00  0.1037661E-03   0.1491132E-04   0.1186774E-03
    15925.00  0.1065265E-03   0.1484913E-04   0.1213756E-03
    15975.00  0.1066148E-03   0.1478735E-04   0.1214022E-03
    16050.00  0.1040873E-03   0.1469547E-04   0.1187828E-03
    16150.00  0.9977641E-04   0.1457440E-04   0.1143508E-03
    16250.00  0.1004003E-03   0.1445494E-04   0.1148552E-03
    16350.00  0.9726153E-04   0.1433707E-04   0.1115986E-03
    16450.00  0.9328398E-04   0.1422076E-04   0.1075047E-03
    16550.00  0.9394994E-04   0.1410598E-04   0.1080559E-03
    16650.00  0.9189564E-04   0.1399270E-04   0.1058883E-03
    16750.00  0.8889464E-04   0.1388089E-04   0.1027755E-03
    16850.00  0.8527717E-04   0.1377054E-04   0.9904771E-04
    16950.00  0.8599228E-04   0.1366160E-04   0.9965388E-04
    17050.00  0.8412703E-04   0.1355407E-04   0.9768110E-04
    17150.00  0.8241143E-04   0.1344791E-04   0.9585934E-04
    17250.00  0.8046700E-04   0.1334310E-04   0.9381010E-04
    17350.00  0.7595240E-04   0.1323962E-04   0.8919202E-04
    17450.00  0.7683145E-04   0.1313744E-04   0.8996889E-04
    17550.00  0.7561944E-04   0.1303654E-04   0.8865598E-04
    17650.00  0.7404515E-04   0.1293691E-04   0.8698206E-04
    17750.00  0.7251054E-04   0.1283851E-04   0.8534905E-04
    17850.00  0.7101777E-04   0.1274133E-04   0.8375910E-04
    17950.00  0.6957066E-04   0.1264535E-04   0.8221601E-04
    18050.00  0.6805043E-04   0.1255054E-04   0.8060097E-04
    18150.00  0.6444842E-04   0.1245689E-04   0.7690531E-04
    18250.00  0.6488152E-04   0.1236439E-04   0.7724591E-04
    18350.00  0.6406487E-04   0.1227310E-04   0.7633797E-04
    18450.00  0.6279854E-04   0.1218291E-04   0.7498145E-04
    18550.00  0.6153218E-04   0.1184804E-04   0.7338022E-04
    18650.00  0.6012148E-04   0.1176204E-04   0.7188352E-04
    18750.00  0.5687653E-04   0.1167706E-04   0.6855359E-04
    18850.00  0.5779922E-04   0.1159308E-04   0.6939230E-04
    18950.00  0.5680495E-04   0.1151008E-04   0.6831503E-04
    19050.00  0.5571924E-04   0.1142805E-04   0.6714729E-04
    19150.00  0.5468480E-04   0.1134698E-04   0.6603178E-04
    19250.00  0.5362085E-04   0.1126684E-04   0.6488769E-04
    19350.00  0.5243791E-04   0.1118763E-04   0.6362554E-04
    19450.00  0.4968435E-04   0.1110932E-04   0.6079367E-04
    19550.00  0.5046488E-04   0.1103191E-04   0.6149679E-04
    19650.00  0.4966449E-04   0.1095539E-04   0.6061988E-04
    19750.00  0.4873065E-04   0.1087973E-04   0.5961038E-04
    19850.00  0.4783153E-04   0.1080492E-04   0.5863645E-04
    19950.00  0.4694034E-04   0.1073096E-04   0.5767130E-04
    20050.00  0.4608048E-04   0.1065783E-04   0.5673831E-04
    20150.00  0.4523537E-04   0.1058551E-04   0.5582088E-04
    20250.00  0.4440117E-04   0.1051284E-04   0.5491401E-04
    20350.00  0.4359412E-04   0.1044212E-04   0.5403624E-04
    20450.00  0.4282247E-04   0.1037218E-04   0.5319465E-04
    20550.00  0.4203135E-04   0.1030302E-04   0.5233437E-04
    20650.00  0.4128603E-04   0.1023461E-04   0.5152064E-04
    20750.00  0.4053514E-04   0.1016694E-04   0.5070208E-04
    20850.00  0.3982979E-04   0.1010001E-04   0.4992980E-04
    20950.00  0.3911905E-04   0.1003380E-04   0.4915285E-04
    21050.00  0.3844216E-04   0.9968304E-05   0.4841046E-04
    21150.00  0.3773123E-04   0.9903511E-05   0.4763474E-04
    21250.00  0.3708745E-04   0.9839411E-05   0.4692686E-04
    21350.00  0.3644304E-04   0.9775992E-05   0.4621903E-04
    21450.00  0.3581883E-04   0.9713246E-05   0.4553208E-04
    21550.00  0.3512106E-04   0.9650613E-05   0.4477167E-04
    21650.00  0.3339411E-04   0.9589191E-05   0.4298330E-04
    21750.00  0.3385135E-04   0.9528412E-05   0.4337976E-04
    21850.00  0.3341613E-04   0.9468268E-05   0.4288440E-04
    21950.00  0.3287187E-04   0.9408749E-05   0.4228062E-04
    22050.00  0.3231839E-04   0.9349847E-05   0.4166824E-04
    22150.00  0.3176614E-04   0.9291553E-05   0.4105769E-04
    22250.00  0.3123843E-04   0.9224923E-05   0.4046335E-04
    22350.00  0.3072083E-04   0.9167913E-05   0.3988874E-04
    22450.00  0.3021776E-04   0.9111485E-05   0.3932924E-04
    22550.00  0.2970866E-04   0.9055630E-05   0.3876429E-04
    22650.00  0.2922553E-04   0.9000341E-05   0.3822587E-04
    22750.00  0.2874458E-04   0.8945609E-05   0.3769019E-04
    22850.00  0.2830477E-04   0.8151940E-05   0.3645671E-04
    22950.00  0.2784811E-04   0.8100984E-05   0.3594909E-04
    23050.00  0.2740274E-04   0.8053180E-05   0.3545592E-04
    23150.00  0.2695298E-04   0.8005849E-05   0.3495883E-04
    23250.00  0.2651024E-04   0.7958986E-05   0.3446923E-04
    23350.00  0.2608343E-04   0.7912583E-05   0.3399601E-04
    23450.00  0.2565457E-04   0.7866634E-05   0.3352120E-04
    23550.00  0.2524663E-04   0.7821134E-05   0.3306776E-04
    23650.00  0.2482550E-04   0.7776076E-05   0.3260158E-04
    23750.00  0.2444656E-04   0.7731454E-05   0.3217801E-04
    23850.00  0.2405660E-04   0.7687263E-05   0.3174386E-04
    23950.00  0.2367800E-04   0.7643496E-05   0.3132150E-04
    24050.00  0.2328800E-04   0.7600149E-05   0.3088815E-04
    24150.00  0.2290315E-04   0.7557216E-05   0.3046037E-04
    24250.00  0.2266374E-04   0.7514691E-05   0.3017843E-04
    24350.00  0.2221070E-04   0.7472569E-05   0.2968327E-04
    24450.00  0.2185805E-04   0.7430844E-05   0.2928889E-04
    24550.00  0.2164793E-04   0.7389512E-05   0.2903744E-04
    24650.00  0.2123907E-04   0.7348567E-05   0.2858764E-04
    24750.00  0.2091542E-04   0.7308005E-05   0.2822343E-04
    24850.00  0.2074433E-04   0.7267820E-05   0.2801215E-04
    24950.00  0.2013160E-04   0.7228009E-05   0.2735961E-04
    25050.00  0.2020817E-04   0.7188564E-05   0.2739673E-04
    25150.00  0.1986279E-04   0.7149484E-05   0.2701227E-04
    25250.00  0.1920515E-04   0.7110762E-05   0.2631591E-04
    25350.00  0.1924627E-04   0.7072394E-05   0.2631866E-04
    25450.00  0.1902068E-04   0.7034375E-05   0.2605506E-04
    25550.00  0.1868426E-04   0.6996702E-05   0.2568096E-04
    25650.00  0.1805522E-04   0.6959370E-05   0.2501459E-04
    25750.00  0.1816051E-04   0.6922375E-05   0.2508288E-04
    25850.00  0.1793373E-04   0.6885712E-05   0.2481944E-04
    25950.00  0.1767115E-04   0.6849377E-05   0.2452053E-04
    26050.00  0.1732451E-04   0.6813367E-05   0.2413788E-04
    26150.00  0.1674048E-04   0.6777678E-05   0.2351816E-04
    26250.00  0.1631911E-04   0.6742304E-05   0.2306141E-04
    26350.00  0.1660920E-04   0.6707244E-05   0.2331644E-04
    26450.00  0.1644613E-04   0.6672492E-05   0.2311862E-04
    26550.00  0.1621204E-04   0.6638045E-05   0.2285009E-04
    26650.00  0.1593117E-04   0.6603900E-05   0.2253507E-04
    26750.00  0.1534445E-04   0.6570052E-05   0.2191450E-04
    26850.00  0.1549500E-04   0.6536498E-05   0.2203150E-04
    26950.00  0.1533334E-04   0.6503235E-05   0.2183658E-04
    27050.00  0.1512542E-04   0.6470259E-05   0.2159568E-04
    27150.00  0.1491645E-04   0.6437567E-05   0.2135402E-04
    27250.00  0.1470985E-04   0.6405156E-05   0.2111501E-04
    27350.00  0.1450441E-04   0.6373021E-05   0.2087743E-04
    27450.00  0.1428156E-04   0.6341160E-05   0.2062272E-04
    27550.00  0.1375535E-04   0.6309570E-05   0.2006492E-04
    27650.00  0.1379680E-04   0.6217546E-05   0.2001435E-04
    27750.00  0.1371796E-04   0.6186854E-05   0.1990481E-04
    27850.00  0.1354541E-04   0.6156419E-05   0.1970183E-04
    27950.00  0.1336643E-04   0.6126240E-05   0.1949267E-04
    28050.00  0.1318662E-04   0.6096313E-05   0.1928293E-04
    28150.00  0.1300921E-04   0.6066634E-05   0.1907584E-04
    28250.00  0.1283279E-04   0.6037202E-05   0.1886999E-04
    28350.00  0.1266420E-04   0.6008014E-05   0.1867221E-04
    28450.00  0.1249408E-04   0.5979066E-05   0.1847315E-04
    28550.00  0.1232127E-04   0.5950356E-05   0.1827163E-04
    28650.00  0.1208733E-04   0.5921881E-05   0.1800921E-04
    28750.00  0.1165987E-04   0.5893639E-05   0.1755351E-04
    28850.00  0.1181972E-04   0.5865626E-05   0.1768535E-04
    28950.00  0.1169252E-04   0.5837841E-05   0.1753036E-04
    29050.00  0.1154558E-04   0.5810281E-05   0.1735586E-04
    29150.00  0.1139374E-04   0.5782943E-05   0.1717668E-04
    29250.00  0.1124474E-04   0.5755824E-05   0.1700056E-04
    29350.00  0.1110277E-04   0.5728924E-05   0.1683169E-04
    29450.00  0.1096023E-04   0.5702238E-05   0.1666247E-04
    29550.00  0.1082063E-04   0.5675764E-05   0.1649639E-04
    29650.00  0.1068074E-04   0.5649501E-05   0.1633024E-04
    29750.00  0.1054346E-04   0.5623228E-05   0.1616669E-04
    29850.00  0.1041054E-04   0.5597378E-05   0.1600792E-04
    29950.00  0.1028139E-04   0.5571732E-05   0.1585312E-04
    30050.00  0.1015069E-04   0.5546287E-05   0.1569698E-04
    30150.00  0.1001863E-04   0.5521041E-05   0.1553967E-04
    30250.00  0.9877836E-05   0.5495992E-05   0.1537383E-04
    30350.00  0.9540712E-05   0.5471137E-05   0.1501185E-04
    30450.00  0.9528754E-05   0.5446475E-05   0.1497523E-04
    30550.00  0.9519034E-05   0.5422004E-05   0.1494104E-04
    30650.00  0.9411860E-05   0.5397721E-05   0.1480958E-04
    30750.00  0.9296051E-05   0.5373625E-05   0.1466968E-04
    30850.00  0.9182297E-05   0.5349714E-05   0.1453201E-04
    30950.00  0.9069312E-05   0.5325985E-05   0.1439530E-04
    31050.00  0.8958692E-05   0.5302436E-05   0.1426113E-04
    31150.00  0.8847524E-05   0.5279067E-05   0.1412659E-04
    31250.00  0.8739899E-05   0.5255874E-05   0.1399577E-04
    31350.00  0.8635067E-05   0.5232751E-05   0.1386782E-04
    31450.00  0.8529776E-05   0.5209908E-05   0.1373968E-04
    31550.00  0.8426343E-05   0.5187236E-05   0.1361358E-04
    31650.00  0.8325428E-05   0.5164734E-05   0.1349016E-04
    31750.00  0.8224286E-05   0.5142400E-05   0.1336669E-04
    31850.00  0.8127668E-05   0.5120232E-05   0.1324790E-04
    31950.00  0.8031156E-05   0.5098229E-05   0.1312938E-04
    32100.00  0.7889671E-05   0.5063715E-05   0.1295339E-04
    32300.00  0.7702923E-05   0.5020701E-05   0.1272362E-04
    32500.00  0.7522750E-05   0.4978314E-05   0.1250106E-04
    32700.00  0.7346794E-05   0.4936541E-05   0.1228334E-04
    32900.00  0.7046616E-05   0.4686459E-05   0.1173307E-04
    33100.00  0.6979218E-05   0.4647510E-05   0.1162673E-04
    33300.00  0.6841755E-05   0.4609671E-05   0.1145143E-04
    33500.00  0.6687837E-05   0.4572366E-05   0.1126020E-04
    33700.00  0.6538413E-05   0.4535584E-05   0.1107400E-04
    33900.00  0.6392266E-05   0.4499315E-05   0.1089158E-04
    34100.00  0.6247410E-05   0.4463550E-05   0.1071096E-04
    34300.00  0.6107903E-05   0.4428278E-05   0.1053618E-04
    34500.00  0.5968750E-05   0.4393491E-05   0.1036224E-04
    34700.00  0.5838358E-05   0.4359178E-05   0.1019754E-04
    34900.00  0.5708031E-05   0.4325331E-05   0.1003336E-04
    35100.00  0.5584060E-05   0.4291942E-05   0.9876002E-05
    35300.00  0.5461791E-05   0.4259001E-05   0.9720792E-05
    35500.00  0.5339700E-05   0.4226500E-05   0.9566200E-05
    35700.00  0.5223686E-05   0.4194431E-05   0.9418117E-05
    35900.00  0.5128154E-05   0.4162786E-05   0.9290940E-05
    36100.00  0.4999657E-05   0.4131557E-05   0.9131214E-05
    36300.00  0.4913478E-05   0.4100737E-05   0.9014215E-05
    36500.00  0.4784829E-05   0.4070318E-05   0.8855147E-05
    36700.00  0.4711718E-05   0.4040293E-05   0.8752011E-05
    36900.00  0.4582456E-05   0.4010655E-05   0.8593111E-05
    37100.00  0.4514924E-05   0.3981396E-05   0.8496320E-05
    37300.00  0.4389352E-05   0.3952511E-05   0.8341863E-05
    37500.00  0.4251200E-05   0.3923992E-05   0.8175192E-05
    37700.00  0.4242924E-05   0.3895834E-05   0.8138758E-05
    37900.00  0.4160190E-05   0.3868029E-05   0.8028219E-05
    38100.00  0.4050767E-05   0.3840571E-05   0.7891338E-05
    38300.00  0.3975423E-05   0.3813455E-05   0.7788878E-05
    38500.00  0.3912452E-05   0.3786674E-05   0.7699126E-05
    38700.00  0.3835268E-05   0.3741346E-05   0.7576614E-05
    38900.00  0.3754790E-05   0.3715392E-05   0.7470182E-05
    39100.00  0.3645448E-05   0.3689754E-05   0.7335202E-05
    39300.00  0.3610242E-05   0.3664426E-05   0.7274668E-05
    39500.00  0.3541087E-05   0.3639405E-05   0.7180492E-05
    39700.00  0.3473048E-05   0.3614683E-05   0.7087731E-05
    39900.00  0.3405821E-05   0.3590257E-05   0.6996078E-05
    40100.00  0.3320989E-05   0.3566122E-05   0.6887111E-05
    40300.00  0.3243964E-05   0.3542272E-05   0.6786236E-05
    40500.00  0.3159382E-05   0.3518703E-05   0.6678085E-05
    40700.00  0.3147857E-05   0.3495410E-05   0.6643267E-05
    40900.00  0.3091444E-05   0.3472390E-05   0.6563834E-05
    41100.00  0.3032901E-05   0.3449584E-05   0.6482485E-05
    41300.00  0.2975163E-05   0.3427093E-05   0.6402256E-05
    41500.00  0.2916170E-05   0.3404862E-05   0.6321032E-05
    41700.00  0.2826701E-05   0.3382885E-05   0.6209586E-05
    41900.00  0.2809352E-05   0.3361159E-05   0.6170511E-05
    42100.00  0.2760771E-05   0.3339679E-05   0.6100450E-05
    42300.00  0.2709926E-05   0.3318441E-05   0.6028367E-05
    42500.00  0.2659339E-05   0.3297443E-05   0.5956782E-05
    42700.00  0.2611819E-05   0.3276680E-05   0.5888499E-05
    42900.00  0.2564111E-05   0.3256148E-05   0.5820259E-05
    43100.00  0.2518247E-05   0.3235814E-05   0.5754061E-05
    43300.00  0.2472056E-05   0.3215734E-05   0.5687790E-05
    43500.00  0.2426375E-05   0.3195876E-05   0.5622251E-05
    43700.00  0.2353062E-05   0.3176234E-05   0.5529296E-05
    43900.00  0.2334312E-05   0.3156338E-05   0.5490650E-05
    44100.00  0.2300640E-05   0.3137127E-05   0.5437767E-05
    44300.00  0.2260316E-05   0.3118123E-05   0.5378439E-05
    44500.00  0.2219995E-05   0.3099324E-05   0.5319319E-05
    44700.00  0.2184827E-05   0.3064528E-05   0.5249355E-05
    44900.00  0.2147448E-05   0.2990947E-05   0.5138395E-05
    45100.00  0.2109860E-05   0.2973315E-05   0.5083175E-05
    45300.00  0.2073640E-05   0.2955868E-05   0.5029508E-05
    45500.00  0.2037954E-05   0.2938604E-05   0.4976558E-05
    45700.00  0.2002870E-05   0.2921521E-05   0.4924391E-05
    45900.00  0.1969005E-05   0.2904614E-05   0.4873619E-05
    46100.00  0.1935837E-05   0.2887882E-05   0.4823719E-05
    46300.00  0.1901375E-05   0.2871323E-05   0.4772698E-05
    46500.00  0.1837129E-05   0.2854934E-05   0.4692063E-05
    46700.00  0.1808905E-05   0.2838712E-05   0.4647617E-05
    46900.00  0.1805517E-05   0.2822655E-05   0.4628172E-05
    47100.00  0.1779221E-05   0.2806760E-05   0.4585981E-05
    47300.00  0.1750009E-05   0.2791026E-05   0.4541035E-05
    47500.00  0.1720765E-05   0.2775450E-05   0.4496215E-05
    47700.00  0.1693337E-05   0.2760030E-05   0.4453367E-05
    47900.00  0.1665735E-05   0.2744763E-05   0.4410498E-05
    48100.00  0.1638610E-05   0.2729647E-05   0.4368257E-05
    48300.00  0.1612015E-05   0.2714682E-05   0.4326697E-05
    48500.00  0.1585385E-05   0.2699863E-05   0.4285248E-05
    48700.00  0.1560432E-05   0.2685189E-05   0.4245621E-05
    48900.00  0.1535703E-05   0.2670659E-05   0.4206362E-05
    49100.00  0.1511631E-05   0.2656270E-05   0.4167901E-05
    49300.00  0.1487733E-05   0.2642020E-05   0.4129753E-05
    49500.00  0.1464155E-05   0.2627908E-05   0.4092063E-05
    49700.00  0.1440734E-05   0.2613931E-05   0.4054665E-05
    49900.00  0.1418015E-05   0.2600088E-05   0.4018103E-05
    50100.00  0.1397843E-05   0.2586377E-05   0.3984220E-05
    50300.00  0.1380811E-05   0.2572796E-05   0.3953607E-05
    50500.00  0.1363916E-05   0.2559343E-05   0.3923259E-05
    50700.00  0.1347703E-05   0.2546017E-05   0.3893720E-05
    50900.00  0.1331742E-05   0.2532816E-05   0.3864558E-05
    51100.00  0.1313413E-05   0.2519739E-05   0.3833152E-05
    51300.00  0.1279564E-05   0.2506783E-05   0.3786347E-05
    51500.00  0.1283812E-05   0.2486992E-05   0.3770804E-05
    51700.00  0.1270361E-05   0.2474324E-05   0.3744685E-05
    51900.00  0.1255621E-05   0.2461772E-05   0.3717393E-05
    52100.00  0.1241330E-05   0.2449336E-05   0.3690666E-05
    52300.00  0.1227175E-05   0.2437013E-05   0.3664188E-05
    52500.00  0.1213285E-05   0.2424802E-05   0.3638087E-05
    52700.00  0.1199609E-05   0.2412701E-05   0.3612310E-05
    52900.00  0.1186007E-05   0.2400710E-05   0.3586717E-05
    53100.00  0.1172845E-05   0.2388826E-05   0.3561671E-05
    53300.00  0.1159852E-05   0.2377049E-05   0.3536901E-05
    53500.00  0.1146790E-05   0.2365377E-05   0.3512167E-05
    53700.00  0.1134265E-05   0.2353809E-05   0.3488074E-05
    53900.00  0.1121843E-05   0.2342343E-05   0.3464186E-05
    54100.00  0.1109789E-05   0.2330979E-05   0.3440768E-05
    54300.00  0.1097658E-05   0.2319697E-05   0.3417355E-05
    54500.00  0.1085974E-05   0.2308531E-05   0.3394505E-05
    54700.00  0.1074301E-05   0.2297462E-05   0.3371763E-05
    54900.00  0.1063008E-05   0.2286490E-05   0.3349498E-05
    55100.00  0.1051729E-05   0.2275612E-05   0.3327341E-05
    55300.00  0.1040593E-05   0.2264829E-05   0.3305422E-05
    55500.00  0.1029668E-05   0.2254138E-05   0.3283806E-05
    55700.00  0.1019038E-05   0.2243539E-05   0.3262577E-05
    55900.00  0.1008429E-05   0.2233030E-05   0.3241459E-05
    56100.00  0.9980929E-06   0.2222611E-05   0.3220703E-05
    56300.00  0.9878819E-06   0.2212280E-05   0.3200161E-05
    56500.00  0.9778966E-06   0.2202029E-05   0.3179925E-05
    56700.00  0.9681484E-06   0.2191870E-05   0.3160019E-05
    56900.00  0.9583660E-06   0.2181797E-05   0.3140163E-05
    57100.00  0.9488274E-06   0.2171809E-05   0.3120636E-05
    57300.00  0.9391925E-06   0.2161903E-05   0.3101095E-05
    57500.00  0.9299843E-06   0.2151936E-05   0.3081921E-05
    57700.00  0.9207457E-06   0.2142196E-05   0.3062942E-05
    57900.00  0.9116908E-06   0.2132536E-05   0.3044227E-05
    58100.00  0.9028672E-06   0.2122955E-05   0.3025822E-05
    58300.00  0.8940496E-06   0.2113453E-05   0.3007503E-05
    58500.00  0.8860562E-06   0.2075812E-05   0.2961869E-05
    58700.00  0.8774246E-06   0.2066591E-05   0.2944016E-05
    58900.00  0.8674086E-06   0.2057496E-05   0.2924904E-05
    59100.00  0.8484435E-06   0.2048473E-05   0.2896917E-05
    59300.00  0.8517402E-06   0.2039523E-05   0.2891263E-05
    59500.00  0.8444152E-06   0.2030644E-05   0.2875060E-05
    59700.00  0.8366959E-06   0.2021837E-05   0.2858532E-05
    59900.00  0.8288521E-06   0.2013099E-05   0.2841951E-05
    60100.00  0.8211520E-06   0.2004430E-05   0.2825582E-05
    60300.00  0.8135796E-06   0.1995829E-05   0.2809409E-05
    60500.00  0.8061183E-06   0.1987296E-05   0.2793415E-05
    60700.00  0.7987404E-06   0.1978830E-05   0.2777571E-05
    60900.00  0.7914764E-06   0.1970430E-05   0.2761907E-05
    61100.00  0.7842708E-06   0.1962096E-05   0.2746367E-05
    61300.00  0.7772565E-06   0.1953826E-05   0.2731082E-05
    61500.00  0.7702648E-06   0.1945620E-05   0.2715884E-05
    61700.00  0.7633464E-06   0.1937477E-05   0.2700823E-05
    61900.00  0.7564564E-06   0.1929396E-05   0.2685853E-05
    62100.00  0.7497630E-06   0.1921378E-05   0.2671141E-05
    62300.00  0.7431320E-06   0.1913421E-05   0.2656553E-05
    62500.00  0.7366687E-06   0.1905524E-05   0.2642193E-05
    62700.00  0.7302047E-06   0.1897687E-05   0.2627892E-05
    62900.00  0.7238593E-06   0.1889909E-05   0.2613768E-05
    63100.00  0.7175949E-06   0.1882190E-05   0.2599785E-05
    63300.00  0.7114160E-06   0.1874529E-05   0.2585945E-05
    63500.00  0.7053006E-06   0.1866925E-05   0.2572225E-05
    63700.00  0.6992606E-06   0.1859377E-05   0.2558638E-05
    63900.00  0.6933094E-06   0.1851886E-05   0.2545196E-05
    64200.00  0.6845754E-06   0.1840754E-05   0.2525329E-05
    64600.00  0.6730056E-06   0.1826101E-05   0.2499106E-05
    65000.00  0.6618538E-06   0.1811662E-05   0.2473516E-05
    65400.00  0.6509913E-06   0.1797433E-05   0.2448424E-05
    65800.00  0.6403358E-06   0.1783409E-05   0.2423744E-05
    66200.00  0.6299297E-06   0.1766691E-05   0.2396620E-05
    66600.00  0.6197772E-06   0.1753097E-05   0.2372874E-05
    67000.00  0.6098594E-06   0.1739695E-05   0.2349555E-05
    67400.00  0.6000969E-06   0.1726483E-05   0.2326580E-05
    67800.00  0.5906256E-06   0.1713455E-05   0.2304080E-05
    68200.00  0.5813813E-06   0.1700608E-05   0.2281989E-05
    68600.00  0.5723194E-06   0.1687938E-05   0.2260258E-05
    69000.00  0.5634887E-06   0.1675443E-05   0.2238931E-05
    69400.00  0.5548148E-06   0.1663112E-05   0.2217927E-05
    69800.00  0.5463446E-06   0.1650955E-05   0.2197299E-05
    70200.00  0.5380503E-06   0.1638961E-05   0.2177011E-05
    70600.00  0.5298725E-06   0.1627128E-05   0.2157001E-05
    71000.00  0.5219215E-06   0.1615453E-05   0.2137375E-05
    71400.00  0.5141350E-06   0.1603933E-05   0.2118068E-05
    71800.00  0.5065083E-06   0.1592562E-05   0.2099070E-05
    72200.00  0.4990351E-06   0.1581342E-05   0.2080377E-05
    72600.00  0.4917000E-06   0.1570269E-05   0.2061969E-05
    73000.00  0.4845106E-06   0.1559286E-05   0.2043797E-05
    73400.00  0.4774369E-06   0.1548499E-05   0.2025936E-05
    73800.00  0.4705646E-06   0.1537851E-05   0.2008415E-05
    74200.00  0.4635611E-06   0.1514934E-05   0.1978495E-05
    74600.00  0.4540627E-06   0.1504679E-05   0.1958742E-05
    75000.00  0.4476079E-06   0.1494553E-05   0.1942161E-05
    75400.00  0.4439357E-06   0.1484554E-05   0.1928490E-05
    75800.00  0.4377593E-06   0.1474680E-05   0.1912439E-05
    76200.00  0.4315700E-06   0.1464927E-05   0.1896497E-05
    76600.00  0.4254709E-06   0.1455295E-05   0.1880766E-05
    77000.00  0.4194836E-06   0.1445780E-05   0.1865264E-05
    77400.00  0.4135952E-06   0.1436382E-05   0.1849977E-05
    77800.00  0.4078047E-06   0.1427097E-05   0.1834901E-05
    78200.00  0.4020589E-06   0.1417924E-05   0.1819983E-05
    78600.00  0.3964536E-06   0.1408860E-05   0.1805314E-05
    79000.00  0.3909431E-06   0.1399905E-05   0.1790848E-05
    79400.00  0.3855130E-06   0.1391056E-05   0.1776569E-05
    79800.00  0.3801602E-06   0.1382312E-05   0.1762472E-05
    80200.00  0.3748932E-06   0.1373670E-05   0.1748563E-05
    80600.00  0.3697034E-06   0.1365128E-05   0.1734832E-05
    81000.00  0.3646004E-06   0.1356687E-05   0.1721287E-05
    81400.00  0.3595525E-06   0.1348342E-05   0.1707895E-05
    81800.00  0.3545952E-06   0.1340094E-05   0.1694689E-05
    82200.00  0.3497070E-06   0.1331940E-05   0.1681647E-05
    82600.00  0.3448342E-06   0.1322544E-05   0.1667379E-05
    83000.00  0.3400831E-06   0.1314587E-05   0.1654670E-05
    83400.00  0.3353742E-06   0.1306718E-05   0.1642093E-05
    83800.00  0.3307500E-06   0.1298938E-05   0.1629688E-05
    84200.00  0.3261770E-06   0.1291245E-05   0.1617422E-05
    84600.00  0.3216721E-06   0.1283637E-05   0.1605310E-05
    85000.00  0.3172267E-06   0.1276114E-05   0.1593340E-05
    85400.00  0.3128203E-06   0.1268672E-05   0.1581493E-05
    85800.00  0.3084796E-06   0.1261313E-05   0.1569792E-05
    86200.00  0.3041936E-06   0.1254031E-05   0.1558225E-05
    86600.00  0.2999500E-06   0.1246831E-05   0.1546781E-05
    87000.00  0.2957697E-06   0.1239707E-05   0.1535477E-05
    87400.00  0.2916046E-06   0.1232661E-05   0.1524265E-05
    87800.00  0.2875179E-06   0.1225689E-05   0.1513207E-05
    88200.00  0.2834703E-06   0.1218792E-05   0.1502262E-05
    88600.00  0.2794922E-06   0.1211967E-05   0.1491460E-05
    89000.00  0.2755265E-06   0.1205213E-05   0.1480740E-05
    89400.00  0.2716179E-06   0.1198532E-05   0.1470150E-05
    89800.00  0.2677440E-06   0.1191920E-05   0.1459664E-05
    90200.00  0.2639082E-06   0.1185355E-05   0.1449263E-05
    90600.00  0.2601172E-06   0.1178878E-05   0.1438996E-05
    91000.00  0.2563631E-06   0.1172469E-05   0.1428832E-05
    91400.00  0.2526440E-06   0.1160152E-05   0.1412796E-05
    91800.00  0.2489717E-06   0.1153916E-05   0.1402888E-05
    92200.00  0.2453225E-06   0.1147750E-05   0.1393072E-05
    92600.00  0.2417108E-06   0.1141646E-05   0.1383356E-05
    93000.00  0.2381110E-06   0.1135603E-05   0.1373714E-05
    93400.00  0.2345668E-06   0.1129621E-05   0.1364187E-05
    93800.00  0.2310535E-06   0.1123698E-05   0.1354751E-05
    94200.00  0.2275705E-06   0.1117834E-05   0.1345404E-05
    94600.00  0.2241339E-06   0.1112027E-05   0.1336161E-05
    95000.00  0.2207118E-06   0.1106278E-05   0.1326990E-05
    95400.00  0.2173188E-06   0.1100585E-05   0.1317903E-05
    95800.00  0.2139521E-06   0.1094947E-05   0.1308899E-05
    96200.00  0.2106163E-06   0.1089364E-05   0.1299980E-05
    96600.00  0.2073074E-06   0.1083834E-05   0.1291142E-05
    97000.00  0.2040309E-06   0.1078358E-05   0.1282389E-05
    97400.00  0.2007740E-06   0.1072934E-05   0.1273708E-05
    97800.00  0.1975443E-06   0.1067562E-05   0.1265106E-05
    98200.00  0.1943454E-06   0.1062240E-05   0.1256586E-05
    98600.00  0.1911630E-06   0.1056969E-05   0.1248132E-05
    99000.00  0.1879915E-06   0.1051748E-05   0.1239739E-05
    99400.00  0.1848445E-06   0.1046575E-05   0.1231420E-05
    99800.00  0.1817258E-06   0.1041451E-05   0.1223176E-05
   100200.00  0.1786337E-06   0.2354938E-06   0.4141275E-06
   200000.00  0.9061427E-08   0.5910917E-07   0.6817059E-07
   400000.00  0.6312555E-09   0.1477729E-07   0.1540855E-07
   600000.00  0.7338774E-10   0.6567685E-08   0.6641073E-08
   800000.00  0.2807187E-10   0.3694323E-08   0.3722395E-08
  1000000.00  0.9597089E-11   0.2364367E-08   0.2373964E-08
  1200000.00  0.5953266E-11   0.1641921E-08   0.1647875E-08
  1400000.00  0.4368742E-11   0.1206310E-08   0.1210678E-08
  1600000.00  0.3577052E-11   0.9235807E-09   0.9271578E-09
