       91.00  0.4466591E-24   0.0000000E+00   0.4466591E-24
       94.00  0.7146527E-24   0.0000000E+00   0.7146527E-24
       96.00  0.8933185E-24   0.0000000E+00   0.8933185E-24
       98.00  0.1071979E-23   0.0000000E+00   0.1071979E-23
      100.00  0.1250645E-23   0.0000000E+00   0.1250645E-23
      102.00  0.1429308E-23   0.0000000E+00   0.1429308E-23
      104.00  0.1607971E-23   0.0000000E+00   0.1607971E-23
      106.00  0.1786634E-23   0.0000000E+00   0.1786634E-23
      108.00  0.1965295E-23   0.0000000E+00   0.1965295E-23
      110.00  0.7167895E-17   0.0000000E+00   0.7167895E-17
      114.00  0.2150368E-16   0.0000000E+00   0.2150368E-16
      118.00  0.8601479E-16   0.0000000E+00   0.8601479E-16
      121.00  0.2222052E-15   0.0000000E+00   0.2222052E-15
      125.00  0.6881175E-15   0.0000000E+00   0.6881175E-15
      127.00  0.1182701E-14   0.0000000E+00   0.1182701E-14
      128.00  0.1569774E-14   0.0000000E+00   0.1569774E-14
      131.00  0.3311578E-14   0.0000000E+00   0.3311578E-14
      132.00  0.4178884E-14   0.0000000E+00   0.4178884E-14
      134.00  0.6644645E-14   0.0000000E+00   0.6644645E-14
      137.00  0.1266572E-13   0.0000000E+00   0.1266572E-13
      140.00  0.2331729E-13   0.0000000E+00   0.2331729E-13
      143.00  0.4196134E-13   0.0000000E+00   0.4196134E-13
      147.00  0.8572272E-13   0.0000000E+00   0.8572272E-13
      151.00  0.1653987E-12   0.0000000E+00   0.1653987E-12
      155.00  0.3014025E-12   0.0000000E+00   0.3014025E-12
      159.00  0.5255869E-12   0.0000000E+00   0.5255869E-12
      162.00  0.7692089E-12   0.0000000E+00   0.7692089E-12
      166.00  0.1185423E-11   0.0000000E+00   0.1185423E-11
      170.00  0.1837972E-11   0.0000000E+00   0.1837972E-11
      173.00  0.2461351E-11   0.0000000E+00   0.2461351E-11
      177.00  0.3611173E-11   0.0000000E+00   0.3611173E-11
      180.00  0.4766603E-11   0.0000000E+00   0.4766603E-11
      182.00  0.5682766E-11   0.0000000E+00   0.5682766E-11
      186.00  0.8070995E-11   0.0000000E+00   0.8070995E-11
      191.00  0.1247220E-10   0.0000000E+00   0.1247220E-10
      194.00  0.1627507E-10   0.0000000E+00   0.1627507E-10
      198.00  0.2336977E-10   0.0000000E+00   0.2336977E-10
      202.00  0.3378848E-10   0.0000000E+00   0.3378848E-10
      205.00  0.4579179E-10   0.0000000E+00   0.4579179E-10
      210.00  0.7430890E-10   0.0000000E+00   0.7430890E-10
      216.00  0.1355460E-09   0.0000000E+00   0.1355460E-09
      220.00  0.2040118E-09   0.0000000E+00   0.2040118E-09
      223.00  0.2771637E-09   0.0000000E+00   0.2771637E-09
      227.00  0.4123384E-09   0.0000000E+00   0.4123384E-09
      228.00  0.4528533E-09   0.0000000E+00   0.4528533E-09
      228.00  0.1875667E-06   0.0000000E+00   0.1875667E-06
      230.00  0.8110867E-07   0.0000000E+00   0.8110867E-07
      234.00  0.2940248E-06   0.0000000E+00   0.2940248E-06
      240.00  0.2134173E-05   0.0000000E+00   0.2134173E-05
      246.00  0.1575501E-05   0.0000000E+00   0.1575501E-05
      252.00  0.2548831E-05   0.0000000E+00   0.2548831E-05
      257.00  0.5939850E-05   0.0000000E+00   0.5939850E-05
      260.00  0.4260438E-05   0.0000000E+00   0.4260438E-05
      264.00  0.2222038E-04   0.0000000E+00   0.2222038E-04
      269.00  0.3324454E-04   0.0000000E+00   0.3324454E-04
      274.00  0.1124022E-04   0.0000000E+00   0.1124022E-04
      279.00  0.2319776E-04   0.0000000E+00   0.2319776E-04
      284.00  0.2958436E-04   0.0000000E+00   0.2958436E-04
      290.00  0.3218187E-04   0.0000000E+00   0.3218187E-04
      296.00  0.3777353E-04   0.0000000E+00   0.3777353E-04
      301.00  0.1557489E-03   0.0000000E+00   0.1557489E-03
      308.00  0.3405681E-03   0.0000000E+00   0.3405681E-03
      318.00  0.3532148E-03   0.0000000E+00   0.3532148E-03
      328.00  0.8588736E-04   0.0000000E+00   0.8588736E-04
      338.00  0.2192617E-03   0.0000000E+00   0.2192617E-03
      348.00  0.3816251E-03   0.0000000E+00   0.3816251E-03
      353.30  0.4794311E-03   0.0000000E+00   0.4794311E-03
      353.30  0.5477128E-03   0.0000000E+00   0.5477128E-03
      357.00  0.5025173E-03   0.0000000E+00   0.5025173E-03
      366.00  0.3925827E-03   0.0000000E+00   0.3925827E-03
      375.00  0.8498847E-03   0.0000000E+00   0.8498847E-03
      385.00  0.8607059E-03   0.0000000E+00   0.8607059E-03
      395.00  0.7779125E-03   0.0000000E+00   0.7779125E-03
      405.00  0.1000593E-02   0.0000000E+00   0.1000593E-02
      414.00  0.1357170E-02   0.0000000E+00   0.1357170E-02
      422.00  0.1466085E-02   0.0000000E+00   0.1466085E-02
      430.00  0.1551701E-02   0.0000000E+00   0.1551701E-02
      441.00  0.1861470E-02   0.0000000E+00   0.1861470E-02
      451.00  0.2168808E-02   0.0000000E+00   0.2168808E-02
      460.00  0.2318658E-02   0.0000000E+00   0.2318658E-02
      470.00  0.2585984E-02   0.0000000E+00   0.2585984E-02
      480.00  0.2995540E-02   0.0000000E+00   0.2995540E-02
      490.00  0.2536157E-02   0.0000000E+00   0.2536157E-02
      500.00  0.3639805E-02   0.0000000E+00   0.3639805E-02
      504.60  0.4518913E-02   0.0000000E+00   0.4518913E-02
      504.60  0.1212961E-01   0.0000000E+00   0.1212961E-01
      506.00  0.1468288E-01   0.0000000E+00   0.1468288E-01
      512.00  0.2234270E-01   0.0000000E+00   0.2234270E-01
      520.00  0.2310676E-01   0.0000000E+00   0.2310676E-01
      530.00  0.2438597E-01   0.0000000E+00   0.2438597E-01
      540.00  0.5520177E-02   0.0000000E+00   0.5520177E-02
      550.00  0.2692536E-01   0.0000000E+00   0.2692536E-01
      560.00  0.2432609E-01   0.0000000E+00   0.2432609E-01
      570.00  0.2732143E-01   0.0000000E+00   0.2732143E-01
      580.00  0.1071350E-01   0.0000000E+00   0.1071350E-01
      590.00  0.2751308E-01   0.0000000E+00   0.2751308E-01
      600.00  0.2679918E-01   0.0000000E+00   0.2679918E-01
      610.00  0.2416816E-01   0.0000000E+00   0.2416816E-01
      620.00  0.2790565E-01   0.0000000E+00   0.2790565E-01
      630.00  0.2762629E-01   0.0000000E+00   0.2762629E-01
      640.00  0.2821168E-01   0.0000000E+00   0.2821168E-01
      650.00  0.2109217E-01   0.0000000E+00   0.2109217E-01
      658.00  0.1850869E-01   0.0000000E+00   0.1850869E-01
      665.00  0.2516383E-01   0.0000000E+00   0.2516383E-01
      675.00  0.2865656E-01   0.0000000E+00   0.2865656E-01
      685.00  0.2372821E-01   0.0000000E+00   0.2372821E-01
      695.00  0.1605938E-01   0.0000000E+00   0.1605938E-01
      705.00  0.3854339E-01   0.0000000E+00   0.3854339E-01
      716.00  0.2985584E-01   0.0000000E+00   0.2985584E-01
      726.00  0.3007573E-01   0.0000000E+00   0.3007573E-01
      735.00  0.3026712E-01   0.0000000E+00   0.3026712E-01
      745.00  0.3049972E-01   0.0000000E+00   0.3049972E-01
      755.00  0.3068642E-01   0.0000000E+00   0.3068642E-01
      765.00  0.3585948E-01   0.0000000E+00   0.3585948E-01
      775.00  0.3123044E-01   0.0000000E+00   0.3123044E-01
      785.00  0.1383455E-01   0.0000000E+00   0.1383455E-01
      795.00  0.3154609E-01   0.0000000E+00   0.3154609E-01
      805.00  0.3186211E-01   0.0000000E+00   0.3186211E-01
      815.00  0.3112754E-01   0.0000000E+00   0.3112754E-01
      825.00  0.3224643E-01   0.0000000E+00   0.3224643E-01
      835.00  0.4030460E-01   0.0000000E+00   0.4030460E-01
      845.00  0.3274521E-01   0.0000000E+00   0.3274521E-01
      855.00  0.3039468E-01   0.0000000E+00   0.3039468E-01
      865.00  0.3291684E-01   0.0000000E+00   0.3291684E-01
      875.00  0.3307492E-01   0.0000000E+00   0.3307492E-01
      885.00  0.3321294E-01   0.0000000E+00   0.3321294E-01
      895.00  0.3328443E-01   0.0000000E+00   0.3328443E-01
      905.00  0.3327799E-01   0.0000000E+00   0.3327799E-01
      912.40  0.3322305E-01   0.3429658E-04   0.3325735E-01
      912.40  0.2815965E+00   0.3429687E-04   0.2816308E+00
      915.00  0.2815237E+00   0.4511952E-04   0.2815688E+00
      925.00  0.2812437E+00   0.4905119E-04   0.2812928E+00
      935.00  0.2861862E+00   0.5321761E-04   0.2862394E+00
      945.00  0.2794500E+00   0.5762499E-04   0.2795076E+00
      955.00  0.3076074E+00   0.6227935E-04   0.3076697E+00
      965.00  0.3142702E+00   0.6718643E-04   0.3143374E+00
      975.00  0.2136853E+00   0.7235175E-04   0.2137577E+00
      985.00  0.3026951E+00   0.7778051E-04   0.3027729E+00
      995.00  0.2989803E+00   0.8347767E-04   0.2990638E+00
     1005.00  0.2938082E+00   0.8944789E-04   0.2938976E+00
     1015.00  0.2814446E+00   0.9569555E-04   0.2815403E+00
     1025.00  0.2427340E+00   0.1022247E-03   0.2428362E+00
     1035.00  0.2685444E+00   0.1090392E-03   0.2686534E+00
     1045.00  0.2779687E+00   0.1161491E-03   0.2780848E+00
     1055.00  0.2717016E+00   0.1235524E-03   0.2718252E+00
     1065.00  0.2610129E+00   0.1312508E-03   0.2611442E+00
     1075.00  0.2105207E+00   0.1392471E-03   0.2106599E+00
     1085.00  0.2446619E+00   0.1475432E-03   0.2448094E+00
     1095.00  0.2489295E+00   0.1561413E-03   0.2490856E+00
     1105.00  0.2424612E+00   0.1650428E-03   0.2426262E+00
     1115.00  0.2340875E+00   0.1742489E-03   0.2342617E+00
     1125.00  0.1276954E+00   0.1837602E-03   0.1278792E+00
     1135.00  0.2275176E+00   0.1935778E-03   0.2277112E+00
     1145.00  0.2206319E+00   0.2037021E-03   0.2208356E+00
     1155.00  0.1646315E+00   0.2141333E-03   0.1648456E+00
     1165.00  0.1826949E+00   0.2248710E-03   0.1829198E+00
     1175.00  0.1543397E+00   0.2359150E-03   0.1545756E+00
     1185.00  0.2032662E+00   0.2472645E-03   0.2035135E+00
     1195.00  0.1940749E+00   0.2589184E-03   0.1943338E+00
     1205.00  0.1639774E+00   0.2708756E-03   0.1642483E+00
     1215.00  0.1571259E+00   0.2831345E-03   0.1574090E+00
     1225.00  0.1723437E+00   0.6272638E-03   0.1729710E+00
     1235.00  0.1819357E+00   0.9409341E-03   0.1828766E+00
     1245.00  0.1727569E+00   0.1209709E-02   0.1739666E+00
     1255.00  0.1716614E+00   0.1441408E-02   0.1731028E+00
     1265.00  0.1712226E+00   0.1641829E-02   0.1728644E+00
     1275.00  0.1684488E+00   0.1815553E-02   0.1702644E+00
     1285.00  0.1597826E+00   0.1966321E-02   0.1617489E+00
     1295.00  0.1524236E+00   0.2097243E-02   0.1545208E+00
     1305.00  0.1570086E+00   0.2210945E-02   0.1592195E+00
     1315.00  0.1523412E+00   0.2309658E-02   0.1546509E+00
     1325.00  0.1484854E+00   0.2395294E-02   0.1508807E+00
     1335.00  0.1475341E+00   0.2469501E-02   0.1500036E+00
     1345.00  0.1316135E+00   0.2533707E-02   0.1341472E+00
     1355.00  0.1427981E+00   0.2589151E-02   0.1453873E+00
     1365.00  0.1394368E+00   0.2636912E-02   0.1420737E+00
     1375.00  0.1364769E+00   0.2677936E-02   0.1391548E+00
     1385.00  0.1307565E+00   0.2713049E-02   0.1334695E+00
     1395.00  0.1160112E+00   0.2742978E-02   0.1187542E+00
     1405.00  0.1307481E+00   0.2768362E-02   0.1335165E+00
     1415.00  0.1250368E+00   0.2789764E-02   0.1278266E+00
     1425.00  0.1177527E+00   0.2807680E-02   0.1205604E+00
     1435.00  0.1197820E+00   0.2822548E-02   0.1226045E+00
     1442.00  0.1193846E+00   0.2831352E-02   0.1222160E+00
     1447.00  0.1182556E+00   0.2836911E-02   0.1210925E+00
     1455.00  0.1166793E+00   0.2844651E-02   0.1195240E+00
     1465.00  0.1136312E+00   0.2852533E-02   0.1164837E+00
     1475.00  0.1109961E+00   0.2858674E-02   0.1138548E+00
     1485.00  0.1087109E+00   0.2863312E-02   0.1115742E+00
     1495.00  0.1079663E+00   0.2866662E-02   0.1108330E+00
     1505.00  0.1049446E+00   0.2868911E-02   0.1078135E+00
     1512.00  0.1025969E+00   0.2869921E-02   0.1054668E+00
     1517.00  0.1023357E+00   0.2870391E-02   0.1052061E+00
     1525.00  0.9826162E-01   0.2870758E-02   0.1011324E+00
     1535.00  0.9747013E-01   0.2870639E-02   0.1003408E+00
     1545.00  0.4055166E-01   0.2869985E-02   0.4342164E-01
     1555.00  0.9695709E-01   0.2868850E-02   0.9982594E-01
     1565.00  0.7083502E-01   0.2867368E-02   0.7370239E-01
     1575.00  0.9175766E-01   0.2865627E-02   0.9462329E-01
     1585.00  0.7310690E-01   0.2863699E-02   0.7597060E-01
     1595.00  0.8918718E-01   0.2861649E-02   0.9204883E-01
     1605.00  0.8752313E-01   0.2859532E-02   0.9038266E-01
     1615.00  0.8599770E-01   0.2857400E-02   0.8885510E-01
     1625.00  0.8469093E-01   0.2855297E-02   0.8754623E-01
     1635.00  0.8340575E-01   0.2853240E-02   0.8625899E-01
     1645.00  0.8161238E-01   0.2851271E-02   0.8446365E-01
     1655.00  0.8050583E-01   0.2849432E-02   0.8335526E-01
     1665.00  0.7926022E-01   0.2847748E-02   0.8210797E-01
     1672.00  0.7806324E-01   0.2846674E-02   0.8090991E-01
     1677.00  0.7784578E-01   0.2845964E-02   0.8069174E-01
     1685.00  0.7672528E-01   0.2844934E-02   0.7957021E-01
     1695.00  0.7528924E-01   0.2843839E-02   0.7813308E-01
     1705.00  0.7392550E-01   0.2842972E-02   0.7676847E-01
     1715.00  0.7247718E-01   0.2842344E-02   0.7531952E-01
     1725.00  0.7127819E-01   0.2841965E-02   0.7412016E-01
     1735.00  0.7027102E-01   0.2841844E-02   0.7311286E-01
     1745.00  0.6905658E-01   0.2841986E-02   0.7189857E-01
     1755.00  0.6806098E-01   0.2842396E-02   0.7090338E-01
     1765.00  0.6661048E-01   0.2843078E-02   0.6945356E-01
     1775.00  0.6560126E-01   0.2844034E-02   0.6844529E-01
     1785.00  0.6468775E-01   0.2845266E-02   0.6753302E-01
     1795.00  0.6372551E-01   0.2846768E-02   0.6657228E-01
     1805.00  0.6278890E-01   0.2848542E-02   0.6563744E-01
     1815.00  0.6156089E-01   0.2850589E-02   0.6441148E-01
     1825.00  0.6067572E-01   0.2852908E-02   0.6352863E-01
     1835.00  0.5970355E-01   0.2855497E-02   0.6255905E-01
     1845.00  0.5828664E-01   0.2858352E-02   0.6114499E-01
     1855.00  0.5725577E-01   0.2861470E-02   0.6011724E-01
     1865.00  0.5657362E-01   0.2864848E-02   0.5943847E-01
     1875.00  0.5595814E-01   0.2868480E-02   0.5882662E-01
     1885.00  0.5457144E-01   0.2872363E-02   0.5744380E-01
     1895.00  0.5341766E-01   0.2876492E-02   0.5629415E-01
     1905.00  0.5309033E-01   0.2880862E-02   0.5597119E-01
     1915.00  0.5200624E-01   0.2885468E-02   0.5489171E-01
     1925.00  0.5110865E-01   0.2890304E-02   0.5399895E-01
     1935.00  0.5064672E-01   0.2895366E-02   0.5354209E-01
     1945.00  0.5007851E-01   0.2900628E-02   0.5297914E-01
     1955.00  0.4884528E-01   0.2906080E-02   0.5175136E-01
     1967.00  0.4839273E-01   0.2912889E-02   0.5130562E-01
     1976.00  0.4797296E-01   0.2918181E-02   0.5089114E-01
     1984.00  0.4711850E-01   0.2923015E-02   0.5004152E-01
     1995.00  0.4615798E-01   0.2929855E-02   0.4908784E-01
     2005.00  0.4573995E-01   0.2936262E-02   0.4867621E-01
     2015.00  0.4519813E-01   0.2942842E-02   0.4814097E-01
     2025.00  0.4465498E-01   0.2949590E-02   0.4760457E-01
     2035.00  0.4379213E-01   0.2956607E-02   0.4674874E-01
     2045.00  0.4316007E-01   0.2963827E-02   0.4612390E-01
     2055.00  0.4277857E-01   0.1711477E-02   0.4449005E-01
     2065.00  0.4230086E-01   0.1704971E-02   0.4400583E-01
     2074.00  0.4213287E-01   0.1699280E-02   0.4383215E-01
     2078.00  0.4161570E-01   0.1696799E-02   0.4331250E-01
     2085.00  0.4125703E-01   0.1692529E-02   0.4294956E-01
     2095.00  0.4051808E-01   0.1686585E-02   0.4220467E-01
     2105.00  0.4012586E-01   0.1680820E-02   0.4180668E-01
     2115.00  0.3961317E-01   0.1675231E-02   0.4128840E-01
     2125.00  0.3911902E-01   0.1669813E-02   0.4078883E-01
     2135.00  0.3852594E-01   0.1664563E-02   0.4019050E-01
     2145.00  0.3791859E-01   0.1659476E-02   0.3957807E-01
     2155.00  0.3746380E-01   0.1654550E-02   0.3911835E-01
     2165.00  0.3693102E-01   0.1649779E-02   0.3858080E-01
     2175.00  0.3639104E-01   0.1645163E-02   0.3803620E-01
     2185.00  0.3591656E-01   0.1640696E-02   0.3755726E-01
     2195.00  0.3545293E-01   0.1636375E-02   0.3708931E-01
     2205.00  0.3494576E-01   0.1632197E-02   0.3657796E-01
     2215.00  0.3445083E-01   0.1628156E-02   0.3607899E-01
     2225.00  0.3394305E-01   0.1624252E-02   0.3556730E-01
     2235.00  0.3348640E-01   0.1620478E-02   0.3510688E-01
     2245.00  0.3305338E-01   0.1616834E-02   0.3467021E-01
     2255.00  0.3258146E-01   0.1613314E-02   0.3419477E-01
     2265.00  0.3215842E-01   0.1609917E-02   0.3376834E-01
     2275.00  0.3171558E-01   0.1606639E-02   0.3332222E-01
     2285.00  0.3130983E-01   0.1603451E-02   0.3291328E-01
     2295.00  0.3078165E-01   0.1600349E-02   0.3238200E-01
     2305.00  0.3046210E-01   0.1597356E-02   0.3205946E-01
     2315.00  0.3003684E-01   0.1594467E-02   0.3163131E-01
     2325.00  0.2907133E-01   0.1591680E-02   0.3066301E-01
     2335.00  0.2920875E-01   0.1588993E-02   0.3079774E-01
     2345.00  0.2881992E-01   0.1586402E-02   0.3040632E-01
     2355.00  0.2847412E-01   0.1583904E-02   0.3005802E-01
     2365.00  0.2807899E-01   0.1581498E-02   0.2966049E-01
     2375.00  0.2771291E-01   0.1579181E-02   0.2929209E-01
     2385.00  0.2732973E-01   0.1576949E-02   0.2890668E-01
     2395.00  0.2699025E-01   0.1574801E-02   0.2856505E-01
     2405.00  0.2663763E-01   0.1572735E-02   0.2821036E-01
     2415.00  0.2629084E-01   0.1570748E-02   0.2786159E-01
     2425.00  0.2597187E-01   0.1568837E-02   0.2754071E-01
     2435.00  0.2562535E-01   0.1567001E-02   0.2719235E-01
     2445.00  0.2530572E-01   0.1565237E-02   0.2687096E-01
     2455.00  0.2498989E-01   0.1563542E-02   0.2655343E-01
     2465.00  0.2465814E-01   0.1561915E-02   0.2622006E-01
     2475.00  0.2434626E-01   0.1560354E-02   0.2590661E-01
     2485.00  0.2404043E-01   0.1558857E-02   0.2559929E-01
     2495.00  0.2357813E-01   0.1557421E-02   0.2513555E-01
     2505.00  0.2343931E-01   0.1556045E-02   0.2499536E-01
     2513.00  0.2313842E-01   0.1554986E-02   0.2469341E-01
     2518.00  0.2305525E-01   0.1554342E-02   0.2460959E-01
     2525.00  0.2284592E-01   0.1553465E-02   0.2439938E-01
     2535.00  0.2255089E-01   0.1552257E-02   0.2410315E-01
     2545.00  0.2225248E-01   0.1551104E-02   0.2380358E-01
     2555.00  0.2201022E-01   0.1550002E-02   0.2356022E-01
     2565.00  0.2173508E-01   0.1548950E-02   0.2328403E-01
     2575.00  0.2147442E-01   0.1547945E-02   0.2302237E-01
     2585.00  0.2121224E-01   0.1546986E-02   0.2275923E-01
     2595.00  0.2095089E-01   0.1546072E-02   0.2249696E-01
     2605.00  0.2069181E-01   0.1512911E-02   0.2220472E-01
     2615.00  0.2049027E-01   0.1512142E-02   0.2200241E-01
     2625.00  0.2024926E-01   0.1511414E-02   0.2176067E-01
     2635.00  0.2000569E-01   0.1510727E-02   0.2151642E-01
     2645.00  0.1980119E-01   0.1510078E-02   0.2131127E-01
     2655.00  0.1956070E-01   0.1509468E-02   0.2107017E-01
     2665.00  0.1930845E-01   0.1508893E-02   0.2081734E-01
     2675.00  0.1907432E-01   0.1508353E-02   0.2058267E-01
     2685.00  0.1888155E-01   0.1507847E-02   0.2038940E-01
     2695.00  0.1861275E-01   0.1507373E-02   0.2012012E-01
     2705.00  0.1842991E-01   0.1506930E-02   0.1993684E-01
     2715.00  0.1820600E-01   0.1506517E-02   0.1971252E-01
     2725.00  0.1794988E-01   0.1506132E-02   0.1945601E-01
     2735.00  0.1778004E-01   0.1505776E-02   0.1928582E-01
     2745.00  0.1755125E-01   0.1505445E-02   0.1905670E-01
     2755.00  0.1735111E-01   0.1505140E-02   0.1885625E-01
     2765.00  0.1711986E-01   0.1504859E-02   0.1862472E-01
     2775.00  0.1696457E-01   0.1504602E-02   0.1846917E-01
     2785.00  0.1676699E-01   0.1504366E-02   0.1827136E-01
     2795.00  0.1651113E-01   0.1504152E-02   0.1801528E-01
     2805.00  0.1635385E-01   0.1503958E-02   0.1785781E-01
     2815.00  0.1619912E-01   0.1503784E-02   0.1770290E-01
     2825.00  0.1597172E-01   0.1503628E-02   0.1747535E-01
     2835.00  0.1578910E-01   0.1503489E-02   0.1729259E-01
     2845.00  0.1564184E-01   0.1503368E-02   0.1714521E-01
     2855.00  0.1546320E-01   0.1503247E-02   0.1696645E-01
     2865.00  0.1529321E-01   0.1503126E-02   0.1679634E-01
     2875.00  0.1511790E-01   0.1503017E-02   0.1662092E-01
     2885.00  0.1495427E-01   0.1502921E-02   0.1645719E-01
     2895.00  0.1479004E-01   0.1502836E-02   0.1629288E-01
     2910.00  0.1454642E-01   0.1502728E-02   0.1604915E-01
     2930.00  0.1421911E-01   0.1502618E-02   0.1572173E-01
     2950.00  0.1386958E-01   0.1502541E-02   0.1537212E-01
     2970.00  0.1359622E-01   0.1502493E-02   0.1509871E-01
     2990.00  0.1329986E-01   0.1502468E-02   0.1480233E-01
     3010.00  0.1301593E-01   0.1502463E-02   0.1451839E-01
     3030.00  0.1273820E-01   0.1502472E-02   0.1424067E-01
     3050.00  0.1245971E-01   0.1502494E-02   0.1396220E-01
     3070.00  0.1219960E-01   0.1502528E-02   0.1370213E-01
     3090.00  0.1194194E-01   0.1502565E-02   0.1344451E-01
     3110.00  0.1169302E-01   0.1502604E-02   0.1319562E-01
     3130.00  0.1143896E-01   0.1495344E-02   0.1293430E-01
     3150.00  0.1120801E-01   0.1495393E-02   0.1270340E-01
     3170.00  0.1098093E-01   0.1495436E-02   0.1247637E-01
     3190.00  0.1072790E-01   0.1495470E-02   0.1222337E-01
     3210.00  0.1053288E-01   0.1495492E-02   0.1202837E-01
     3230.00  0.1031905E-01   0.1495501E-02   0.1181455E-01
     3250.00  0.1010829E-01   0.1495494E-02   0.1160378E-01
     3270.00  0.9910333E-02   0.1495443E-02   0.1140578E-01
     3290.00  0.9710259E-02   0.1495354E-02   0.1120561E-01
     3310.00  0.9524639E-02   0.1495241E-02   0.1101988E-01
     3330.00  0.9334355E-02   0.1495101E-02   0.1082946E-01
     3350.00  0.9139961E-02   0.1494934E-02   0.1063489E-01
     3370.00  0.8967708E-02   0.1494737E-02   0.1046244E-01
     3390.00  0.8793001E-02   0.1494510E-02   0.1028751E-01
     3410.00  0.8624071E-02   0.1494251E-02   0.1011832E-01
     3430.00  0.8423738E-02   0.1421842E-02   0.9845580E-02
     3450.00  0.8310878E-02   0.1421322E-02   0.9732200E-02
     3470.00  0.8176484E-02   0.1420774E-02   0.9597258E-02
     3490.00  0.8022609E-02   0.1420198E-02   0.9442807E-02
     3510.00  0.7880125E-02   0.1419591E-02   0.9299716E-02
     3530.00  0.7730494E-02   0.1418929E-02   0.9149423E-02
     3550.00  0.7586880E-02   0.1418234E-02   0.9005114E-02
     3570.00  0.7454220E-02   0.1417504E-02   0.8871724E-02
     3590.00  0.7303694E-02   0.1416741E-02   0.8720435E-02
     3610.00  0.7172129E-02   0.1415942E-02   0.8588071E-02
     3630.00  0.7038776E-02   0.1415108E-02   0.8453884E-02
     3640.00  0.6987422E-02   0.1414678E-02   0.8402100E-02
     3650.00  0.7861926E-02   0.4367696E-03   0.8298696E-02
     3670.00  0.7716454E-02   0.4342673E-03   0.8150721E-02
     3690.00  0.7510780E-02   0.4177323E-03   0.7928512E-02
     3710.00  0.7410746E-02   0.4152791E-03   0.7826025E-02
     3730.00  0.7273010E-02   0.4128722E-03   0.7685882E-02
     3750.00  0.7343015E-02   0.4105101E-03   0.7753525E-02
     3770.00  0.7248953E-02   0.4081915E-03   0.7657144E-02
     3790.00  0.7274465E-02   0.4059149E-03   0.7680380E-02
     3810.00  0.7309772E-02   0.4036792E-03   0.7713451E-02
     3830.00  0.6916784E-02   0.4014830E-03   0.7318267E-02
     3850.00  0.7174848E-02   0.3993252E-03   0.7574173E-02
     3870.00  0.7122690E-02   0.3972047E-03   0.7519895E-02
     3890.00  0.6519394E-02   0.3951202E-03   0.6914514E-02
     3910.00  0.6914352E-02   0.3930707E-03   0.7307423E-02
     3930.00  0.6796229E-02   0.3910551E-03   0.7187284E-02
     3950.00  0.6674160E-02   0.3890726E-03   0.7063233E-02
     3970.00  0.6057076E-02   0.3871228E-03   0.6444199E-02
     3990.00  0.6436674E-02   0.3852064E-03   0.6821880E-02
     4010.00  0.6370911E-02   0.3833199E-03   0.6754231E-02
     4030.00  0.6212708E-02   0.3814625E-03   0.6594171E-02
     4050.00  0.6173152E-02   0.3796333E-03   0.6552785E-02
     4070.00  0.6050887E-02   0.3778316E-03   0.6428719E-02
     4090.00  0.5801750E-02   0.3760564E-03   0.6177806E-02
     4110.00  0.5473654E-02   0.3743071E-03   0.5847961E-02
     4130.00  0.5724644E-02   0.3725829E-03   0.6097227E-02
     4150.00  0.5648924E-02   0.3708831E-03   0.6019807E-02
     4170.00  0.5572605E-02   0.3692071E-03   0.5941812E-02
     4190.00  0.5487190E-02   0.3675542E-03   0.5854744E-02
     4210.00  0.5397278E-02   0.3659237E-03   0.5763202E-02
     4230.00  0.5306064E-02   0.3643150E-03   0.5670379E-02
     4250.00  0.5216220E-02   0.3627275E-03   0.5578947E-02
     4270.00  0.5126558E-02   0.3611607E-03   0.5487719E-02
     4290.00  0.5044926E-02   0.3596139E-03   0.5404540E-02
     4310.00  0.4945216E-02   0.3580867E-03   0.5303303E-02
     4330.00  0.4714346E-02   0.3565786E-03   0.5070925E-02
     4350.00  0.4511962E-02   0.3550891E-03   0.4867051E-02
     4370.00  0.4709733E-02   0.3536178E-03   0.5063351E-02
     4390.00  0.4626781E-02   0.3521642E-03   0.4978945E-02
     4410.00  0.4581584E-02   0.3507276E-03   0.4932312E-02
     4430.00  0.4506850E-02   0.3493076E-03   0.4856158E-02
     4450.00  0.4440998E-02   0.3479039E-03   0.4788902E-02
     4470.00  0.4313538E-02   0.3465160E-03   0.4660054E-02
     4490.00  0.4298350E-02   0.3451434E-03   0.4643493E-02
     4510.00  0.4234568E-02   0.3437860E-03   0.4578354E-02
     4530.00  0.4166145E-02   0.3424431E-03   0.4508588E-02
     4550.00  0.4098791E-02   0.3411146E-03   0.4439906E-02
     4570.00  0.4039261E-02   0.3398000E-03   0.4379061E-02
     4590.00  0.3977098E-02   0.3384990E-03   0.4315597E-02
     4610.00  0.3917467E-02   0.3372112E-03   0.4254678E-02
     4630.00  0.3856333E-02   0.3359364E-03   0.4192269E-02
     4650.00  0.3793502E-02   0.3346743E-03   0.4128176E-02
     4670.00  0.3740218E-02   0.3334245E-03   0.4073643E-02
     4690.00  0.3683770E-02   0.3321868E-03   0.4015957E-02
     4710.00  0.3612135E-02   0.3309608E-03   0.3943096E-02
     4730.00  0.3573938E-02   0.3297464E-03   0.3903684E-02
     4750.00  0.3519276E-02   0.3285432E-03   0.3847819E-02
     4770.00  0.3469292E-02   0.3273510E-03   0.3796643E-02
     4790.00  0.3417352E-02   0.3261695E-03   0.3743521E-02
     4810.00  0.3364578E-02   0.3249979E-03   0.3689576E-02
     4830.00  0.3304584E-02   0.3238360E-03   0.3628420E-02
     4850.00  0.3169422E-02   0.3226842E-03   0.3492106E-02
     4870.00  0.3013188E-02   0.3215421E-03   0.3334730E-02
     4890.00  0.3156594E-02   0.3204096E-03   0.3477004E-02
     4910.00  0.3124196E-02   0.3192865E-03   0.3443483E-02
     4930.00  0.3060152E-02   0.3181726E-03   0.3378325E-02
     4950.00  0.3037869E-02   0.3170677E-03   0.3354937E-02
     4970.00  0.2996487E-02   0.3159716E-03   0.3312459E-02
     4990.00  0.2952846E-02   0.3148842E-03   0.3267730E-02
     5010.00  0.2897153E-02   0.3138052E-03   0.3210958E-02
     5030.00  0.2869836E-02   0.3127345E-03   0.3182570E-02
     5050.00  0.2822961E-02   0.3116719E-03   0.3134633E-02
     5070.00  0.2790761E-02   0.3106183E-03   0.3101379E-02
     5090.00  0.2751780E-02   0.3095773E-03   0.3061357E-02
     5110.00  0.2713459E-02   0.3085436E-03   0.3022003E-02
     5130.00  0.2674853E-02   0.3075173E-03   0.2982370E-02
     5150.00  0.2636584E-02   0.3064980E-03   0.2943082E-02
     5170.00  0.2600048E-02   0.3054858E-03   0.2905534E-02
     5190.00  0.2565127E-02   0.3044804E-03   0.2869607E-02
     5210.00  0.2530305E-02   0.3034817E-03   0.2833787E-02
     5230.00  0.2495966E-02   0.3024897E-03   0.2798456E-02
     5250.00  0.2462432E-02   0.3015042E-03   0.2763936E-02
     5270.00  0.2428046E-02   0.3005251E-03   0.2728571E-02
     5290.00  0.2397120E-02   0.2995523E-03   0.2696672E-02
     5310.00  0.2364639E-02   0.2985857E-03   0.2663225E-02
     5330.00  0.2331866E-02   0.2976251E-03   0.2629491E-02
     5350.00  0.2301651E-02   0.2966705E-03   0.2598321E-02
     5370.00  0.2271432E-02   0.2957216E-03   0.2567154E-02
     5390.00  0.2241724E-02   0.2947778E-03   0.2536502E-02
     5410.00  0.2211720E-02   0.2938398E-03   0.2505560E-02
     5430.00  0.2182501E-02   0.2929073E-03   0.2475408E-02
     5450.00  0.2153729E-02   0.2919803E-03   0.2445709E-02
     5470.00  0.2126408E-02   0.2910586E-03   0.2417467E-02
     5490.00  0.2099177E-02   0.2901423E-03   0.2389319E-02
     5510.00  0.2071843E-02   0.2892313E-03   0.2361074E-02
     5530.00  0.2044957E-02   0.2883254E-03   0.2333282E-02
     5550.00  0.2018606E-02   0.2874245E-03   0.2306031E-02
     5570.00  0.1992860E-02   0.2865287E-03   0.2279389E-02
     5590.00  0.1967685E-02   0.2856379E-03   0.2253323E-02
     5610.00  0.1942748E-02   0.2847519E-03   0.2227500E-02
     5630.00  0.1918253E-02   0.2838707E-03   0.2202124E-02
     5650.00  0.1893391E-02   0.2829942E-03   0.2176385E-02
     5670.00  0.1869412E-02   0.2821224E-03   0.2151534E-02
     5690.00  0.1846866E-02   0.2812553E-03   0.2128121E-02
     5710.00  0.1824134E-02   0.2442806E-03   0.2068415E-02
     5730.00  0.1801800E-02   0.2434853E-03   0.2045285E-02
     5750.00  0.1779036E-02   0.2426949E-03   0.2021731E-02
     5770.00  0.1757682E-02   0.2419093E-03   0.1999591E-02
     5790.00  0.1736204E-02   0.2411283E-03   0.1977332E-02
     5810.00  0.1714958E-02   0.2403521E-03   0.1955310E-02
     5830.00  0.1693789E-02   0.2395804E-03   0.1933369E-02
     5850.00  0.1672617E-02   0.2388133E-03   0.1911430E-02
     5870.00  0.1636312E-02   0.2380506E-03   0.1874363E-02
     5890.00  0.1631276E-02   0.2372923E-03   0.1868568E-02
     5910.00  0.1613250E-02   0.2365384E-03   0.1849788E-02
     5930.00  0.1593604E-02   0.2357888E-03   0.1829393E-02
     5950.00  0.1574130E-02   0.2350434E-03   0.1809173E-02
     5970.00  0.1555781E-02   0.2343022E-03   0.1790083E-02
     5990.00  0.1537331E-02   0.2335651E-03   0.1770896E-02
     6010.00  0.1519078E-02   0.2328322E-03   0.1751910E-02
     6030.00  0.1500993E-02   0.2321033E-03   0.1733096E-02
     6050.00  0.1483040E-02   0.2313783E-03   0.1714418E-02
     6070.00  0.1465960E-02   0.2306573E-03   0.1696617E-02
     6090.00  0.1448941E-02   0.2299402E-03   0.1678881E-02
     6110.00  0.1431923E-02   0.2292269E-03   0.1661150E-02
     6130.00  0.1414772E-02   0.2285175E-03   0.1643289E-02
     6150.00  0.1398032E-02   0.2278118E-03   0.1625844E-02
     6170.00  0.1382151E-02   0.2271098E-03   0.1609261E-02
     6190.00  0.1366668E-02   0.2264115E-03   0.1593080E-02
     6210.00  0.1350979E-02   0.2257168E-03   0.1576696E-02
     6230.00  0.1335290E-02   0.2250258E-03   0.1560316E-02
     6250.00  0.1319328E-02   0.2243383E-03   0.1543666E-02
     6270.00  0.1305205E-02   0.2236543E-03   0.1528859E-02
     6290.00  0.1290586E-02   0.2229738E-03   0.1513560E-02
     6310.00  0.1275752E-02   0.2222967E-03   0.1498049E-02
     6330.00  0.1261416E-02   0.2216230E-03   0.1483039E-02
     6350.00  0.1246821E-02   0.2209527E-03   0.1467774E-02
     6370.00  0.1233193E-02   0.2202858E-03   0.1453479E-02
     6390.00  0.1219660E-02   0.2196222E-03   0.1439282E-02
     6410.00  0.1205794E-02   0.2189618E-03   0.1424756E-02
     6430.00  0.1192387E-02   0.2183047E-03   0.1410692E-02
     6450.00  0.1178871E-02   0.2176508E-03   0.1396522E-02
     6470.00  0.1166083E-02   0.2170000E-03   0.1383083E-02
     6490.00  0.1152814E-02   0.2163525E-03   0.1369166E-02
     6510.00  0.1139921E-02   0.2157080E-03   0.1355629E-02
     6530.00  0.1124936E-02   0.2150642E-03   0.1340000E-02
     6550.00  0.1094840E-02   0.2144228E-03   0.1309263E-02
     6570.00  0.1036735E-02   0.2137844E-03   0.1250519E-02
     6590.00  0.1085079E-02   0.2131488E-03   0.1298228E-02
     6610.00  0.1078778E-02   0.2125162E-03   0.1291294E-02
     6630.00  0.1068214E-02   0.2118865E-03   0.1280100E-02
     6650.00  0.1057037E-02   0.2108189E-03   0.1267856E-02
     6670.00  0.1042658E-02   0.2101980E-03   0.1252856E-02
     6690.00  0.1031698E-02   0.2095800E-03   0.1241278E-02
     6710.00  0.1023880E-02   0.2089647E-03   0.1232845E-02
     6730.00  0.1012976E-02   0.2083522E-03   0.1221328E-02
     6750.00  0.1002254E-02   0.2077424E-03   0.1209996E-02
     6770.00  0.9918852E-03   0.2071353E-03   0.1199021E-02
     6790.00  0.9814594E-03   0.2065309E-03   0.1187990E-02
     6810.00  0.9712392E-03   0.2059292E-03   0.1177168E-02
     6830.00  0.9609979E-03   0.2053301E-03   0.1166328E-02
     6850.00  0.9507701E-03   0.2047337E-03   0.1155504E-02
     6870.00  0.9410906E-03   0.2041398E-03   0.1145230E-02
     6890.00  0.9313717E-03   0.2035485E-03   0.1134920E-02
     6910.00  0.9217842E-03   0.2029598E-03   0.1124744E-02
     6930.00  0.9121488E-03   0.2023737E-03   0.1114522E-02
     6950.00  0.9026323E-03   0.2017901E-03   0.1104422E-02
     6970.00  0.8935578E-03   0.2012089E-03   0.1094767E-02
     6990.00  0.8844515E-03   0.2006303E-03   0.1085082E-02
     7010.00  0.8754211E-03   0.2000541E-03   0.1075475E-02
     7030.00  0.8664966E-03   0.1994804E-03   0.1065977E-02
     7050.00  0.8576114E-03   0.1989092E-03   0.1056521E-02
     7070.00  0.8447169E-03   0.1983403E-03   0.1043057E-02
     7090.00  0.8405796E-03   0.1977738E-03   0.1038353E-02
     7110.00  0.8320370E-03   0.1972098E-03   0.1029247E-02
     7130.00  0.8236326E-03   0.1966481E-03   0.1020281E-02
     7150.00  0.8152795E-03   0.1960888E-03   0.1011368E-02
     7170.00  0.8072508E-03   0.1955318E-03   0.1002783E-02
     7190.00  0.7992433E-03   0.1949772E-03   0.9942205E-03
     7210.00  0.7913598E-03   0.1944249E-03   0.9857847E-03
     7230.00  0.7830636E-03   0.1938748E-03   0.9769384E-03
     7250.00  0.7756788E-03   0.1933271E-03   0.9690059E-03
     7270.00  0.7681686E-03   0.1927816E-03   0.9609502E-03
     7290.00  0.7585359E-03   0.1922384E-03   0.9507743E-03
     7310.00  0.7531352E-03   0.1916974E-03   0.9448326E-03
     7330.00  0.7457869E-03   0.1911586E-03   0.9369455E-03
     7350.00  0.7384505E-03   0.1906221E-03   0.9290726E-03
     7370.00  0.7313389E-03   0.1900877E-03   0.9214266E-03
     7390.00  0.7241808E-03   0.1895555E-03   0.9137363E-03
     7410.00  0.7170705E-03   0.1890256E-03   0.9060961E-03
     7430.00  0.7103051E-03   0.1884977E-03   0.8988028E-03
     7450.00  0.7034748E-03   0.1878215E-03   0.8912963E-03
     7470.00  0.6968032E-03   0.1872982E-03   0.8841014E-03
     7490.00  0.6902359E-03   0.1867771E-03   0.8770130E-03
     7510.00  0.6835339E-03   0.1862581E-03   0.8697920E-03
     7530.00  0.6771322E-03   0.1857412E-03   0.8628734E-03
     7550.00  0.6706258E-03   0.1852263E-03   0.8558521E-03
     7570.00  0.6643276E-03   0.1847135E-03   0.8490411E-03
     7590.00  0.6581258E-03   0.1842028E-03   0.8423286E-03
     7610.00  0.6519177E-03   0.1836944E-03   0.8356121E-03
     7630.00  0.6457764E-03   0.1831882E-03   0.8289646E-03
     7650.00  0.6396031E-03   0.1826841E-03   0.8222872E-03
     7670.00  0.6336260E-03   0.1821821E-03   0.8158081E-03
     7690.00  0.6278550E-03   0.1816820E-03   0.8095370E-03
     7710.00  0.6218723E-03   0.1811839E-03   0.8030562E-03
     7730.00  0.6162311E-03   0.1806878E-03   0.7969189E-03
     7750.00  0.6103775E-03   0.1801937E-03   0.7905712E-03
     7770.00  0.6045165E-03   0.1797016E-03   0.7842181E-03
     7790.00  0.5993078E-03   0.1792114E-03   0.7785192E-03
     7810.00  0.5937017E-03   0.1787231E-03   0.7724248E-03
     7830.00  0.5883429E-03   0.1782368E-03   0.7665797E-03
     7850.00  0.5829728E-03   0.1777523E-03   0.7607251E-03
     7870.00  0.5773143E-03   0.1752457E-03   0.7525600E-03
     7890.00  0.5720462E-03   0.1747733E-03   0.7468195E-03
     7910.00  0.5670667E-03   0.1743027E-03   0.7413694E-03
     7930.00  0.5618073E-03   0.1738340E-03   0.7356413E-03
     7950.00  0.5567827E-03   0.1733670E-03   0.7301497E-03
     7970.00  0.5518338E-03   0.1729019E-03   0.7247357E-03
     7990.00  0.5471267E-03   0.1724386E-03   0.7195653E-03
     8010.00  0.5419752E-03   0.1719771E-03   0.7139523E-03
     8030.00  0.5372738E-03   0.1715174E-03   0.7087912E-03
     8050.00  0.5324633E-03   0.1710594E-03   0.7035227E-03
     8070.00  0.5279519E-03   0.1706032E-03   0.6985551E-03
     8090.00  0.5229326E-03   0.1701488E-03   0.6930814E-03
     8110.00  0.5184211E-03   0.1696961E-03   0.6881172E-03
     8130.00  0.5140973E-03   0.1692452E-03   0.6833425E-03
     8150.00  0.5091896E-03   0.1687959E-03   0.6779855E-03
     8170.00  0.5050485E-03   0.1683484E-03   0.6733969E-03
     8190.00  0.5003750E-03   0.1679026E-03   0.6682776E-03
     8210.00  0.5043005E-03   0.1549314E-03   0.6592319E-03
     8230.00  0.5003162E-03   0.1058385E-03   0.6061547E-03
     8250.00  0.4960590E-03   0.1055441E-03   0.6016031E-03
     8270.00  0.4910966E-03   0.1052512E-03   0.5963478E-03
     8290.00  0.4872990E-03   0.1044705E-03   0.5917695E-03
     8310.00  0.4829158E-03   0.1041823E-03   0.5870981E-03
     8330.00  0.4782722E-03   0.1038955E-03   0.5821677E-03
     8350.00  0.4740177E-03   0.1036100E-03   0.5776277E-03
     8370.00  0.4691556E-03   0.1033258E-03   0.5724814E-03
     8390.00  0.4655525E-03   0.1030429E-03   0.5685954E-03
     8410.00  0.4615010E-03   0.1027612E-03   0.5642622E-03
     8430.00  0.4575781E-03   0.1024809E-03   0.5600590E-03
     8450.00  0.4532773E-03   0.1022018E-03   0.5554791E-03
     8470.00  0.4476645E-03   0.1019239E-03   0.5495884E-03
     8490.00  0.4475630E-03   0.1016473E-03   0.5492103E-03
     8510.00  0.4388385E-03   0.1013720E-03   0.5402105E-03
     8530.00  0.4414964E-03   0.1010978E-03   0.5425942E-03
     8550.00  0.4273930E-03   0.1008249E-03   0.5282179E-03
     8570.00  0.4372762E-03   0.1005532E-03   0.5378294E-03
     8590.00  0.4252622E-03   0.1002827E-03   0.5255449E-03
     8610.00  0.4211529E-03   0.1000134E-03   0.5211663E-03
     8630.00  0.4285205E-03   0.9974530E-04   0.5282658E-03
     8650.00  0.4202356E-03   0.9947835E-04   0.5197140E-03
     8670.00  0.4025210E-03   0.9921258E-04   0.5017336E-03
     8690.00  0.4169059E-03   0.9894797E-04   0.5158539E-03
     8710.00  0.4165794E-03   0.9868451E-04   0.5152639E-03
     8730.00  0.4089821E-03   0.9842219E-04   0.5074043E-03
     8750.00  0.3889889E-03   0.9816101E-04   0.4871499E-03
     8770.00  0.3996152E-03   0.9790096E-04   0.4975162E-03
     8790.00  0.4033533E-03   0.9764204E-04   0.5009953E-03
     8810.00  0.4005243E-03   0.9738423E-04   0.4979085E-03
     8830.00  0.3962741E-03   0.9712753E-04   0.4934016E-03
     8850.00  0.3842737E-03   0.9687192E-04   0.4811456E-03
     8870.00  0.3698859E-03   0.9661742E-04   0.4665033E-03
     8890.00  0.3847918E-03   0.9636399E-04   0.4811558E-03
     8910.00  0.3845725E-03   0.9611164E-04   0.4806841E-03
     8930.00  0.3820012E-03   0.9586038E-04   0.4778616E-03
     8950.00  0.3792510E-03   0.9561016E-04   0.4748612E-03
     8970.00  0.3757236E-03   0.9536101E-04   0.4710846E-03
     8990.00  0.3694306E-03   0.9511292E-04   0.4645435E-03
     9010.00  0.3502568E-03   0.9486586E-04   0.4451227E-03
     9030.00  0.3556376E-03   0.9461984E-04   0.4502574E-03
     9050.00  0.3623960E-03   0.9437484E-04   0.4567708E-03
     9070.00  0.3600048E-03   0.9413088E-04   0.4541357E-03
     9090.00  0.3580541E-03   0.9388794E-04   0.4519420E-03
     9110.00  0.3560428E-03   0.9364600E-04   0.4496888E-03
     9130.00  0.3534363E-03   0.9340508E-04   0.4468414E-03
     9150.00  0.3505196E-03   0.9316519E-04   0.4436848E-03
     9170.00  0.3471273E-03   0.9292629E-04   0.4400536E-03
     9190.00  0.3437318E-03   0.9268838E-04   0.4364202E-03
     9210.00  0.3358246E-03   0.9245145E-04   0.4282760E-03
     9230.00  0.3176803E-03   0.9221549E-04   0.4098958E-03
     9250.00  0.3302309E-03   0.9198049E-04   0.4222114E-03
     9270.00  0.3327344E-03   0.9174645E-04   0.4244808E-03
     9290.00  0.3314099E-03   0.9151336E-04   0.4229233E-03
     9310.00  0.3287766E-03   0.9128124E-04   0.4200578E-03
     9330.00  0.3267708E-03   0.9105004E-04   0.4178208E-03
     9350.00  0.3241793E-03   0.9081979E-04   0.4149991E-03
     9370.00  0.3218173E-03   0.9059047E-04   0.4124078E-03
     9390.00  0.3193494E-03   0.9036207E-04   0.4097115E-03
     9410.00  0.3166154E-03   0.9013460E-04   0.4067500E-03
     9430.00  0.3143989E-03   0.8990803E-04   0.4043069E-03
     9450.00  0.3119001E-03   0.8968239E-04   0.4015825E-03
     9470.00  0.3088334E-03   0.8945765E-04   0.3982910E-03
     9490.00  0.3066809E-03   0.8923380E-04   0.3959147E-03
     9510.00  0.3025518E-03   0.8901084E-04   0.3915626E-03
     9530.00  0.2954920E-03   0.8878879E-04   0.3842808E-03
     9550.00  0.2808217E-03   0.8856760E-04   0.3693893E-03
     9570.00  0.2932673E-03   0.8834730E-04   0.3816146E-03
     9590.00  0.2944842E-03   0.8812786E-04   0.3826121E-03
     9610.00  0.2927842E-03   0.8790930E-04   0.3806935E-03
     9630.00  0.2905859E-03   0.8769159E-04   0.3782775E-03
     9650.00  0.2890569E-03   0.8747477E-04   0.3765317E-03
     9670.00  0.2868491E-03   0.8725878E-04   0.3741079E-03
     9690.00  0.2847809E-03   0.8704363E-04   0.3718245E-03
     9710.00  0.2824827E-03   0.8682933E-04   0.3693120E-03
     9730.00  0.2806575E-03   0.8661587E-04   0.3672734E-03
     9750.00  0.2785297E-03   0.8640323E-04   0.3649329E-03
     9770.00  0.2765062E-03   0.8619143E-04   0.3626976E-03
     9790.00  0.2744598E-03   0.8598046E-04   0.3604403E-03
     9810.00  0.2724376E-03   0.8577031E-04   0.3582079E-03
     9830.00  0.2704193E-03   0.8556096E-04   0.3559803E-03
     9850.00  0.2683948E-03   0.8535243E-04   0.3537472E-03
     9870.00  0.2664323E-03   0.8514471E-04   0.3515770E-03
     9890.00  0.2644502E-03   0.8493778E-04   0.3493880E-03
     9910.00  0.2624864E-03   0.8473165E-04   0.3472180E-03
     9930.00  0.2605753E-03   0.8452631E-04   0.3451016E-03
     9950.00  0.2586322E-03   0.8432177E-04   0.3429540E-03
     9970.00  0.2566834E-03   0.8411801E-04   0.3408014E-03
     9990.00  0.2545570E-03   0.8391501E-04   0.3384720E-03
    10025.00  0.2469844E-03   0.8356165E-04   0.3305460E-03
    10075.00  0.2408625E-03   0.8306090E-04   0.3239234E-03
    10125.00  0.2422924E-03   0.8256491E-04   0.3248573E-03
    10175.00  0.2385682E-03   0.8207513E-04   0.3206433E-03
    10225.00  0.2344200E-03   0.8159019E-04   0.3160102E-03
    10275.00  0.2303591E-03   0.8110972E-04   0.3114688E-03
    10325.00  0.2259440E-03   0.8063366E-04   0.3065777E-03
    10375.00  0.2222177E-03   0.8016196E-04   0.3023797E-03
    10425.00  0.2184176E-03   0.7969455E-04   0.2981121E-03
    10475.00  0.2145838E-03   0.7923138E-04   0.2938152E-03
    10525.00  0.2109332E-03   0.7877241E-04   0.2897056E-03
    10575.00  0.2073371E-03   0.7831757E-04   0.2856547E-03
    10625.00  0.2037399E-03   0.7786681E-04   0.2816067E-03
    10675.00  0.2001252E-03   0.7742009E-04   0.2775453E-03
    10725.00  0.1969957E-03   0.7697736E-04   0.2739731E-03
    10775.00  0.1936989E-03   0.7653855E-04   0.2702375E-03
    10825.00  0.1896318E-03   0.7610364E-04   0.2657354E-03
    10875.00  0.1867714E-03   0.7567256E-04   0.2624440E-03
    10925.00  0.1776971E-03   0.7524528E-04   0.2529424E-03
    10975.00  0.1791608E-03   0.7482175E-04   0.2539825E-03
    11025.00  0.1777877E-03   0.7440191E-04   0.2521896E-03
    11075.00  0.1752563E-03   0.7398574E-04   0.2492420E-03
    11125.00  0.1723668E-03   0.7357318E-04   0.2459400E-03
    11175.00  0.1696398E-03   0.6969521E-04   0.2393350E-03
    11225.00  0.1669162E-03   0.6930891E-04   0.2362251E-03
    11275.00  0.1642250E-03   0.6892597E-04   0.2331510E-03
    11325.00  0.1615721E-03   0.6854636E-04   0.2301185E-03
    11375.00  0.1589717E-03   0.6817002E-04   0.2271417E-03
    11425.00  0.1564734E-03   0.6779691E-04   0.2242703E-03
    11475.00  0.1540800E-03   0.6742700E-04   0.2215070E-03
    11525.00  0.1516683E-03   0.6706025E-04   0.2187285E-03
    11575.00  0.1492593E-03   0.6669663E-04   0.2159559E-03
    11625.00  0.1468136E-03   0.6633610E-04   0.2131497E-03
    11675.00  0.1445896E-03   0.6597863E-04   0.2105682E-03
    11725.00  0.1424449E-03   0.6562418E-04   0.2080691E-03
    11775.00  0.1401580E-03   0.6527271E-04   0.2054307E-03
    11825.00  0.1380091E-03   0.6492419E-04   0.2029333E-03
    11875.00  0.1358346E-03   0.6457860E-04   0.2004132E-03
    11925.00  0.1339109E-03   0.6423588E-04   0.1981468E-03
    11975.00  0.1315496E-03   0.6389602E-04   0.1954456E-03
    12025.00  0.1299083E-03   0.6355897E-04   0.1934673E-03
    12075.00  0.1279110E-03   0.6322471E-04   0.1911357E-03
    12125.00  0.1259906E-03   0.6289321E-04   0.1888838E-03
    12175.00  0.1241300E-03   0.6256444E-04   0.1866944E-03
    12225.00  0.1222941E-03   0.6223835E-04   0.1845324E-03
    12275.00  0.1204971E-03   0.6191493E-04   0.1824120E-03
    12325.00  0.1187262E-03   0.6159414E-04   0.1803203E-03
    12375.00  0.1169657E-03   0.6127596E-04   0.1782417E-03
    12425.00  0.1153030E-03   0.6096036E-04   0.1762634E-03
    12475.00  0.1136433E-03   0.6064730E-04   0.1742906E-03
    12525.00  0.1119227E-03   0.6031212E-04   0.1722348E-03
    12575.00  0.1103502E-03   0.6000434E-04   0.1703545E-03
    12625.00  0.1087267E-03   0.5969903E-04   0.1684257E-03
    12675.00  0.1071993E-03   0.5939615E-04   0.1665955E-03
    12725.00  0.1056234E-03   0.5909569E-04   0.1647191E-03
    12775.00  0.1033929E-03   0.5879761E-04   0.1621905E-03
    12825.00  0.9902431E-04   0.5850189E-04   0.1575262E-03
    12875.00  0.1008410E-03   0.5820850E-04   0.1590495E-03
    12925.00  0.9979753E-04   0.5791743E-04   0.1577150E-03
    12975.00  0.9831145E-04   0.5762863E-04   0.1559401E-03
    13025.00  0.9710457E-04   0.5734210E-04   0.1544467E-03
    13075.00  0.9574809E-04   0.5705757E-04   0.1528057E-03
    13125.00  0.9439220E-04   0.5677523E-04   0.1511674E-03
    13175.00  0.9310709E-04   0.5649507E-04   0.1496022E-03
    13225.00  0.9185009E-04   0.5621706E-04   0.1480672E-03
    13275.00  0.9057744E-04   0.5594119E-04   0.1465186E-03
    13325.00  0.8934355E-04   0.5566743E-04   0.1450110E-03
    13375.00  0.8812858E-04   0.5539576E-04   0.1435243E-03
    13425.00  0.8694762E-04   0.5512616E-04   0.1420738E-03
    13475.00  0.8581333E-04   0.5485861E-04   0.1406719E-03
    13525.00  0.8465835E-04   0.5459309E-04   0.1392514E-03
    13575.00  0.8351042E-04   0.5432958E-04   0.1378400E-03
    13625.00  0.8238280E-04   0.5405753E-04   0.1364403E-03
    13675.00  0.8131681E-04   0.5379805E-04   0.1351149E-03
    13725.00  0.8022716E-04   0.5354051E-04   0.1337677E-03
    13775.00  0.7919048E-04   0.5328491E-04   0.1324754E-03
    13825.00  0.7814225E-04   0.5303121E-04   0.1311735E-03
    13875.00  0.7710541E-04   0.5277940E-04   0.1298848E-03
    13925.00  0.7611898E-04   0.5252946E-04   0.1286484E-03
    13975.00  0.7514859E-04   0.5228137E-04   0.1274300E-03
    14025.00  0.7417015E-04   0.5203512E-04   0.1262053E-03
    14075.00  0.7321342E-04   0.5179068E-04   0.1250041E-03
    14125.00  0.7224820E-04   0.5139047E-04   0.1236387E-03
    14175.00  0.7135021E-04   0.5115081E-04   0.1225010E-03
    14225.00  0.7044709E-04   0.5091290E-04   0.1213600E-03
    14275.00  0.6955331E-04   0.5067672E-04   0.1202300E-03
    14325.00  0.6867885E-04   0.5044225E-04   0.1191211E-03
    14375.00  0.6780527E-04   0.5020949E-04   0.1180148E-03
    14425.00  0.6687263E-04   0.4997841E-04   0.1168510E-03
    14475.00  0.6610345E-04   0.4974900E-04   0.1158524E-03
    14525.00  0.6524077E-04   0.4952124E-04   0.1147620E-03
    14570.00  0.6453532E-04   0.4931765E-04   0.1138530E-03
    14620.00  0.6410661E-04   0.4066800E-04   0.1047746E-03
    14675.00  0.6324668E-04   0.4046811E-04   0.1037148E-03
    14725.00  0.6245643E-04   0.4024500E-04   0.1027014E-03
    14775.00  0.6166806E-04   0.4006627E-04   0.1017343E-03
    14825.00  0.6089580E-04   0.3988883E-04   0.1007846E-03
    14875.00  0.6007870E-04   0.3971266E-04   0.9979136E-04
    14925.00  0.5939007E-04   0.3953776E-04   0.9892783E-04
    14975.00  0.5870039E-04   0.3936412E-04   0.9806451E-04
    15025.00  0.5784930E-04   0.3919171E-04   0.9704101E-04
    15075.00  0.5719192E-04   0.3902053E-04   0.9621245E-04
    15125.00  0.5653041E-04   0.3885057E-04   0.9538098E-04
    15175.00  0.5587588E-04   0.3868181E-04   0.9455769E-04
    15225.00  0.5535864E-04   0.3851429E-04   0.9387293E-04
    15275.00  0.5446574E-04   0.3834800E-04   0.9281374E-04
    15325.00  0.5384152E-04   0.3818287E-04   0.9202439E-04
    15375.00  0.5342721E-04   0.3801889E-04   0.9144610E-04
    15425.00  0.5247920E-04   0.3785605E-04   0.9033525E-04
    15475.00  0.5222617E-04   0.3769435E-04   0.8992052E-04
    15525.00  0.5162932E-04   0.3753376E-04   0.8916308E-04
    15575.00  0.5053109E-04   0.3737429E-04   0.8790538E-04
    15625.00  0.5062236E-04   0.3721591E-04   0.8783827E-04
    15675.00  0.4970916E-04   0.3705862E-04   0.8676778E-04
    15725.00  0.4879064E-04   0.3690242E-04   0.8569306E-04
    15775.00  0.4891763E-04   0.3674728E-04   0.8566491E-04
    15825.00  0.4832453E-04   0.3659319E-04   0.8491772E-04
    15875.00  0.4679408E-04   0.3644016E-04   0.8323424E-04
    15925.00  0.4707238E-04   0.3628816E-04   0.8336054E-04
    15975.00  0.4681708E-04   0.3613720E-04   0.8295428E-04
    16050.00  0.4583253E-04   0.3591266E-04   0.8174519E-04
    16150.00  0.4434831E-04   0.3561678E-04   0.7996509E-04
    16250.00  0.4398531E-04   0.3532486E-04   0.7931017E-04
    16350.00  0.4276896E-04   0.3503681E-04   0.7780577E-04
    16450.00  0.4137324E-04   0.3475257E-04   0.7612581E-04
    16550.00  0.4106964E-04   0.3447206E-04   0.7554170E-04
    16650.00  0.4014802E-04   0.3419523E-04   0.7434325E-04
    16750.00  0.3900569E-04   0.3392200E-04   0.7292769E-04
    16850.00  0.3772770E-04   0.3365231E-04   0.7138001E-04
    16950.00  0.3751207E-04   0.3338611E-04   0.7089818E-04
    17050.00  0.3664530E-04   0.3312332E-04   0.6976862E-04
    17150.00  0.3590201E-04   0.3286389E-04   0.6876590E-04
    17250.00  0.3507373E-04   0.3260775E-04   0.6768148E-04
    17350.00  0.3359034E-04   0.3235486E-04   0.6594520E-04
    17450.00  0.3349445E-04   0.3210516E-04   0.6559961E-04
    17550.00  0.3288283E-04   0.3185859E-04   0.6474142E-04
    17650.00  0.3218109E-04   0.3161510E-04   0.6379619E-04
    17750.00  0.3149022E-04   0.3137464E-04   0.6286486E-04
    17850.00  0.3082516E-04   0.3113715E-04   0.6196231E-04
    17950.00  0.3018549E-04   0.3090258E-04   0.6108807E-04
    18050.00  0.2953070E-04   0.3067090E-04   0.6020160E-04
    18150.00  0.2832897E-04   0.3044204E-04   0.5877101E-04
    18250.00  0.2819705E-04   0.3021599E-04   0.5841304E-04
    18350.00  0.2774741E-04   0.2999291E-04   0.5774032E-04
    18450.00  0.2718163E-04   0.2977250E-04   0.5695413E-04
    18550.00  0.2661803E-04   0.2895415E-04   0.5557218E-04
    18650.00  0.2600527E-04   0.2874398E-04   0.5474925E-04
    18750.00  0.2496573E-04   0.2853630E-04   0.5350203E-04
    18850.00  0.2500996E-04   0.2833107E-04   0.5334103E-04
    18950.00  0.2453098E-04   0.2812824E-04   0.5265922E-04
    19050.00  0.2403297E-04   0.2792777E-04   0.5196074E-04
    19150.00  0.2358627E-04   0.2772964E-04   0.5131591E-04
    19250.00  0.2311950E-04   0.2753380E-04   0.5065330E-04
    19350.00  0.2262275E-04   0.2734023E-04   0.4996298E-04
    19450.00  0.2170435E-04   0.2714887E-04   0.4885322E-04
    19550.00  0.2174895E-04   0.2695970E-04   0.4870865E-04
    19650.00  0.2137336E-04   0.2677268E-04   0.4814604E-04
    19750.00  0.2095901E-04   0.2658779E-04   0.4754680E-04
    19850.00  0.2055930E-04   0.2640498E-04   0.4696428E-04
    19950.00  0.2016746E-04   0.2622423E-04   0.4639169E-04
    20050.00  0.1978990E-04   0.2604550E-04   0.4583540E-04
    20150.00  0.1941792E-04   0.2586877E-04   0.4528669E-04
    20250.00  0.1905000E-04   0.2569118E-04   0.4474118E-04
    20350.00  0.1870052E-04   0.2551836E-04   0.4421888E-04
    20450.00  0.1835896E-04   0.2534745E-04   0.4370641E-04
    20550.00  0.1801057E-04   0.2517842E-04   0.4318899E-04
    20650.00  0.1768472E-04   0.2501124E-04   0.4269596E-04
    20750.00  0.1735376E-04   0.2484588E-04   0.4219964E-04
    20850.00  0.1704673E-04   0.2468231E-04   0.4172904E-04
    20950.00  0.1673818E-04   0.2452051E-04   0.4125869E-04
    21050.00  0.1643902E-04   0.2436045E-04   0.4079947E-04
    21150.00  0.1612169E-04   0.2420211E-04   0.4032380E-04
    21250.00  0.1584444E-04   0.2404547E-04   0.3988991E-04
    21350.00  0.1556465E-04   0.2389048E-04   0.3945513E-04
    21450.00  0.1529107E-04   0.2373715E-04   0.3902822E-04
    21550.00  0.1500167E-04   0.2358408E-04   0.3858575E-04
    21650.00  0.1442424E-04   0.2343398E-04   0.3785822E-04
    21750.00  0.1445583E-04   0.2328545E-04   0.3774128E-04
    21850.00  0.1424311E-04   0.2313847E-04   0.3738158E-04
    21950.00  0.1400478E-04   0.2299302E-04   0.3699780E-04
    22050.00  0.1376325E-04   0.2284908E-04   0.3661233E-04
    22150.00  0.1352414E-04   0.2270662E-04   0.3623076E-04
    22250.00  0.1328930E-04   0.2254379E-04   0.3583309E-04
    22350.00  0.1306660E-04   0.2240447E-04   0.3547107E-04
    22450.00  0.1284698E-04   0.2226657E-04   0.3511355E-04
    22550.00  0.1262702E-04   0.2213007E-04   0.3475709E-04
    22650.00  0.1241379E-04   0.2199495E-04   0.3440874E-04
    22750.00  0.1220626E-04   0.2186120E-04   0.3406746E-04
    22850.00  0.1202844E-04   0.1992164E-04   0.3195008E-04
    22950.00  0.1182864E-04   0.1979711E-04   0.3162575E-04
    23050.00  0.1163546E-04   0.1968029E-04   0.3131575E-04
    23150.00  0.1144203E-04   0.1956462E-04   0.3100665E-04
    23250.00  0.1124907E-04   0.1945010E-04   0.3069917E-04
    23350.00  0.1106761E-04   0.1933670E-04   0.3040431E-04
    23450.00  0.1088721E-04   0.1922441E-04   0.3011162E-04
    23550.00  0.1071140E-04   0.1911322E-04   0.2982462E-04
    23650.00  0.1053439E-04   0.1900311E-04   0.2953750E-04
    23750.00  0.1036632E-04   0.1889406E-04   0.2926038E-04
    23850.00  0.1020064E-04   0.1878607E-04   0.2898671E-04
    23950.00  0.1003945E-04   0.1867911E-04   0.2871856E-04
    24050.00  0.9877006E-05   0.1857318E-04   0.2845018E-04
    24150.00  0.9714097E-05   0.1846826E-04   0.2818236E-04
    24250.00  0.9580140E-05   0.1836434E-04   0.2794448E-04
    24350.00  0.9412184E-05   0.1826140E-04   0.2767358E-04
    24450.00  0.9263994E-05   0.1815943E-04   0.2742343E-04
    24550.00  0.9141688E-05   0.1805842E-04   0.2720011E-04
    24650.00  0.8984460E-05   0.1795836E-04   0.2694282E-04
    24750.00  0.8840563E-05   0.1785924E-04   0.2669980E-04
    24850.00  0.8732232E-05   0.1776104E-04   0.2649327E-04
    24950.00  0.8548697E-05   0.1766374E-04   0.2621244E-04
    25050.00  0.8487996E-05   0.1756735E-04   0.2605535E-04
    25150.00  0.8347564E-05   0.1747185E-04   0.2581941E-04
    25250.00  0.8152854E-05   0.1737722E-04   0.2553007E-04
    25350.00  0.8090346E-05   0.1728345E-04   0.2537380E-04
    25450.00  0.7981965E-05   0.1719055E-04   0.2517251E-04
    25550.00  0.7849307E-05   0.1709848E-04   0.2494779E-04
    25650.00  0.7663683E-05   0.1700725E-04   0.2467093E-04
    25750.00  0.7619365E-05   0.1691684E-04   0.2453620E-04
    25850.00  0.7516985E-05   0.1682724E-04   0.2434423E-04
    25950.00  0.7405759E-05   0.1673845E-04   0.2414421E-04
    26050.00  0.7275053E-05   0.1665045E-04   0.2392550E-04
    26150.00  0.7096310E-05   0.1656323E-04   0.2365954E-04
    26250.00  0.6920510E-05   0.1647678E-04   0.2339729E-04
    26350.00  0.6964456E-05   0.1639110E-04   0.2335556E-04
    26450.00  0.6883037E-05   0.1630618E-04   0.2318921E-04
    26550.00  0.6781972E-05   0.1622200E-04   0.2300397E-04
    26650.00  0.6671013E-05   0.1613855E-04   0.2280957E-04
    26750.00  0.6497235E-05   0.1605584E-04   0.2255307E-04
    26850.00  0.6483266E-05   0.1597384E-04   0.2245710E-04
    26950.00  0.6407002E-05   0.1589255E-04   0.2229955E-04
    27050.00  0.6317856E-05   0.1581196E-04   0.2212982E-04
    27150.00  0.6228118E-05   0.1573207E-04   0.2196019E-04
    27250.00  0.6139576E-05   0.1565286E-04   0.2179244E-04
    27350.00  0.6053879E-05   0.1557433E-04   0.2162821E-04
    27450.00  0.5963117E-05   0.1549647E-04   0.2145959E-04
    27550.00  0.5802959E-05   0.1541927E-04   0.2122223E-04
    27650.00  0.5774048E-05   0.1519438E-04   0.2096843E-04
    27750.00  0.5720579E-05   0.1511938E-04   0.2083996E-04
    27850.00  0.5646334E-05   0.1504500E-04   0.2069134E-04
    27950.00  0.5570565E-05   0.1497125E-04   0.2054182E-04
    28050.00  0.5494287E-05   0.1489812E-04   0.2039240E-04
    28150.00  0.5418871E-05   0.1482559E-04   0.2024446E-04
    28250.00  0.5343677E-05   0.1475366E-04   0.2009734E-04
    28350.00  0.5272736E-05   0.1468233E-04   0.1995507E-04
    28450.00  0.5201647E-05   0.1461159E-04   0.1981324E-04
    28550.00  0.5128829E-05   0.1454143E-04   0.1967026E-04
    28650.00  0.5041254E-05   0.1447184E-04   0.1951309E-04
    28750.00  0.4907383E-05   0.1440282E-04   0.1931021E-04
    28850.00  0.4920363E-05   0.1433437E-04   0.1925473E-04
    28950.00  0.4863074E-05   0.1426647E-04   0.1912954E-04
    29050.00  0.4799756E-05   0.1419911E-04   0.1899887E-04
    29150.00  0.4736114E-05   0.1413230E-04   0.1886842E-04
    29250.00  0.4672733E-05   0.1406603E-04   0.1873877E-04
    29350.00  0.4613198E-05   0.1400029E-04   0.1861349E-04
    29450.00  0.4553204E-05   0.1393508E-04   0.1848828E-04
    29550.00  0.4494186E-05   0.1387038E-04   0.1836457E-04
    29650.00  0.4435085E-05   0.1380620E-04   0.1824129E-04
    29750.00  0.4377009E-05   0.1374200E-04   0.1811900E-04
    29850.00  0.4321360E-05   0.1367882E-04   0.1800018E-04
    29950.00  0.4266675E-05   0.1361615E-04   0.1788283E-04
    30050.00  0.4211723E-05   0.1355397E-04   0.1776569E-04
    30150.00  0.4156773E-05   0.1349227E-04   0.1764904E-04
    30250.00  0.4099092E-05   0.1343106E-04   0.1753015E-04
    30350.00  0.3991339E-05   0.1337032E-04   0.1736166E-04
    30450.00  0.3968634E-05   0.1331005E-04   0.1727868E-04
    30550.00  0.3947681E-05   0.1325025E-04   0.1719793E-04
    30650.00  0.3900964E-05   0.1319090E-04   0.1709187E-04
    30750.00  0.3851902E-05   0.1313202E-04   0.1698392E-04
    30850.00  0.3804718E-05   0.1307358E-04   0.1687830E-04
    30950.00  0.3757551E-05   0.1301560E-04   0.1677315E-04
    31050.00  0.3710755E-05   0.1295805E-04   0.1666880E-04
    31150.00  0.3663915E-05   0.1290094E-04   0.1656485E-04
    31250.00  0.3618714E-05   0.1284426E-04   0.1646297E-04
    31350.00  0.3574887E-05   0.1278775E-04   0.1636264E-04
    31450.00  0.3531186E-05   0.1273193E-04   0.1626311E-04
    31550.00  0.3487781E-05   0.1267652E-04   0.1616430E-04
    31650.00  0.3445312E-05   0.1262153E-04   0.1606684E-04
    31750.00  0.3402771E-05   0.1256695E-04   0.1596972E-04
    31850.00  0.3362186E-05   0.1251278E-04   0.1587496E-04
    31950.00  0.3322176E-05   0.1245901E-04   0.1578118E-04
    32100.00  0.3262855E-05   0.1237466E-04   0.1563752E-04
    32300.00  0.3184448E-05   0.1226954E-04   0.1545399E-04
    32500.00  0.3109248E-05   0.1216596E-04   0.1527521E-04
    32700.00  0.3036708E-05   0.1206388E-04   0.1510058E-04
    32900.00  0.2930274E-05   0.1145273E-04   0.1438300E-04
    33100.00  0.2887716E-05   0.1135754E-04   0.1424526E-04
    33300.00  0.2826549E-05   0.1126507E-04   0.1409162E-04
    33500.00  0.2762141E-05   0.1117391E-04   0.1393605E-04
    33700.00  0.2700324E-05   0.1108402E-04   0.1378434E-04
    33900.00  0.2639578E-05   0.1099539E-04   0.1363497E-04
    34100.00  0.2579407E-05   0.1090798E-04   0.1348739E-04
    34300.00  0.2520785E-05   0.1082179E-04   0.1334257E-04
    34500.00  0.2462301E-05   0.1073677E-04   0.1319908E-04
    34700.00  0.2408285E-05   0.1065292E-04   0.1306121E-04
    34900.00  0.2354417E-05   0.1057021E-04   0.1292462E-04
    35100.00  0.2302542E-05   0.1048861E-04   0.1279115E-04
    35300.00  0.2251864E-05   0.1040811E-04   0.1265997E-04
    35500.00  0.2201894E-05   0.1032868E-04   0.1253058E-04
    35700.00  0.2154775E-05   0.1025031E-04   0.1240509E-04
    35900.00  0.2111134E-05   0.1017298E-04   0.1228411E-04
    36100.00  0.2062730E-05   0.1009666E-04   0.1215939E-04
    36300.00  0.2021337E-05   0.1002135E-04   0.1204268E-04
    36500.00  0.1973467E-05   0.9947008E-05   0.1192047E-04
    36700.00  0.1936920E-05   0.9873633E-05   0.1181055E-04
    36900.00  0.1891137E-05   0.9801203E-05   0.1169234E-04
    37100.00  0.1855695E-05   0.9729702E-05   0.1158540E-04
    37300.00  0.1807581E-05   0.9659112E-05   0.1146669E-04
    37500.00  0.1759073E-05   0.9589419E-05   0.1134849E-04
    37700.00  0.1742840E-05   0.9520604E-05   0.1126344E-04
    37900.00  0.1708447E-05   0.9452655E-05   0.1116110E-04
    38100.00  0.1668530E-05   0.9385554E-05   0.1105408E-04
    38300.00  0.1635558E-05   0.9319288E-05   0.1095485E-04
    38500.00  0.1605414E-05   0.9253842E-05   0.1085926E-04
    38700.00  0.1573777E-05   0.9143070E-05   0.1071685E-04
    38900.00  0.1541293E-05   0.9079642E-05   0.1062094E-04
    39100.00  0.1503776E-05   0.9016988E-05   0.1052076E-04
    39300.00  0.1480970E-05   0.8955093E-05   0.1043606E-04
    39500.00  0.1451721E-05   0.8893945E-05   0.1034567E-04
    39700.00  0.1423845E-05   0.8833531E-05   0.1025738E-04
    39900.00  0.1396263E-05   0.8773839E-05   0.1017010E-04
    40100.00  0.1364562E-05   0.8714857E-05   0.1007942E-04
    40300.00  0.1334801E-05   0.8656573E-05   0.9991374E-05
    40500.00  0.1300867E-05   0.8598976E-05   0.9899843E-05
    40700.00  0.1290163E-05   0.8542053E-05   0.9832216E-05
    40900.00  0.1266589E-05   0.8485795E-05   0.9752384E-05
    41100.00  0.1242387E-05   0.8430063E-05   0.9672450E-05
    41300.00  0.1218345E-05   0.8375101E-05   0.9593446E-05
    41500.00  0.1194343E-05   0.8320772E-05   0.9515115E-05
    41700.00  0.1164163E-05   0.8267065E-05   0.9431228E-05
    41900.00  0.1150566E-05   0.8213970E-05   0.9364536E-05
    42100.00  0.1130135E-05   0.8161478E-05   0.9291613E-05
    42300.00  0.1109083E-05   0.8109578E-05   0.9218661E-05
    42500.00  0.1087980E-05   0.8058262E-05   0.9146242E-05
    42700.00  0.1068642E-05   0.8007521E-05   0.9076163E-05
    42900.00  0.1048693E-05   0.7957345E-05   0.9006038E-05
    43100.00  0.1029808E-05   0.7907653E-05   0.8937461E-05
    43300.00  0.1010860E-05   0.7858584E-05   0.8869444E-05
    43500.00  0.9917586E-06   0.7810053E-05   0.8801812E-05
    43700.00  0.9665455E-06   0.7762054E-05   0.8728599E-05
    43900.00  0.9549285E-06   0.7713430E-05   0.8668359E-05
    44100.00  0.9399788E-06   0.7666483E-05   0.8606462E-05
    44300.00  0.9232667E-06   0.7620042E-05   0.8543309E-05
    44500.00  0.9065722E-06   0.7574101E-05   0.8480673E-05
    44700.00  0.8914641E-06   0.7489066E-05   0.8380530E-05
    44900.00  0.8761848E-06   0.7309251E-05   0.8185436E-05
    45100.00  0.8607736E-06   0.7266162E-05   0.8126935E-05
    45300.00  0.8457671E-06   0.7223526E-05   0.8069293E-05
    45500.00  0.8309291E-06   0.7181336E-05   0.8012265E-05
    45700.00  0.8168485E-06   0.7139586E-05   0.7956435E-05
    45900.00  0.8028845E-06   0.7098271E-05   0.7901155E-05
    46100.00  0.7892287E-06   0.7057382E-05   0.7846611E-05
    46300.00  0.7752180E-06   0.7016915E-05   0.7792133E-05
    46500.00  0.7524286E-06   0.6976862E-05   0.7729291E-05
    46700.00  0.7414822E-06   0.6937219E-05   0.7678701E-05
    46900.00  0.7360621E-06   0.6897979E-05   0.7634041E-05
    47100.00  0.7250612E-06   0.6859136E-05   0.7584197E-05
    47300.00  0.7131100E-06   0.6820685E-05   0.7533795E-05
    47500.00  0.7009822E-06   0.6782620E-05   0.7483602E-05
    47700.00  0.6897368E-06   0.6744936E-05   0.7434673E-05
    47900.00  0.6785536E-06   0.6707627E-05   0.7386181E-05
    48100.00  0.6673871E-06   0.6670689E-05   0.7338076E-05
    48300.00  0.6564619E-06   0.6634115E-05   0.7290577E-05
    48500.00  0.6455079E-06   0.6597901E-05   0.7243409E-05
    48700.00  0.6353940E-06   0.6562042E-05   0.7197436E-05
    48900.00  0.6253494E-06   0.6526533E-05   0.7151883E-05
    49100.00  0.6155006E-06   0.6491369E-05   0.7106870E-05
    49300.00  0.6057043E-06   0.6456546E-05   0.7062250E-05
    49500.00  0.5960324E-06   0.6422059E-05   0.7018091E-05
    49700.00  0.5863625E-06   0.6387902E-05   0.6974265E-05
    49900.00  0.5769863E-06   0.6354073E-05   0.6931059E-05
    50100.00  0.5693677E-06   0.6320565E-05   0.6889933E-05
    50300.00  0.5637294E-06   0.6287376E-05   0.6851106E-05
    50500.00  0.5580762E-06   0.6254501E-05   0.6812577E-05
    50700.00  0.5527020E-06   0.6221935E-05   0.6774637E-05
    50900.00  0.5473857E-06   0.6189675E-05   0.6737060E-05
    51100.00  0.5413125E-06   0.6157716E-05   0.6699028E-05
    51300.00  0.5309503E-06   0.6126054E-05   0.6657004E-05
    51500.00  0.5313721E-06   0.6077689E-05   0.6609061E-05
    51700.00  0.5268883E-06   0.6046731E-05   0.6573619E-05
    51900.00  0.5219171E-06   0.6016057E-05   0.6537975E-05
    52100.00  0.5171219E-06   0.5985665E-05   0.6502787E-05
    52300.00  0.5123618E-06   0.5955550E-05   0.6467912E-05
    52500.00  0.5077070E-06   0.5925709E-05   0.6433416E-05
    52700.00  0.5031100E-06   0.5896138E-05   0.6399248E-05
    52900.00  0.4985218E-06   0.5866834E-05   0.6365356E-05
    53100.00  0.4940859E-06   0.5837793E-05   0.6331879E-05
    53300.00  0.4896680E-06   0.5809013E-05   0.6298681E-05
    53500.00  0.4852954E-06   0.5780489E-05   0.6265784E-05
    53700.00  0.4810367E-06   0.5752218E-05   0.6233255E-05
    53900.00  0.4768448E-06   0.5724198E-05   0.6201043E-05
    54100.00  0.4727042E-06   0.5696425E-05   0.6169130E-05
    54300.00  0.4685951E-06   0.5668856E-05   0.6137451E-05
    54500.00  0.4646147E-06   0.5641568E-05   0.6106183E-05
    54700.00  0.4606265E-06   0.5614519E-05   0.6075145E-05
    54900.00  0.4567396E-06   0.5587704E-05   0.6044444E-05
    55100.00  0.4529037E-06   0.5561122E-05   0.6014025E-05
    55300.00  0.4490981E-06   0.5534769E-05   0.5983867E-05
    55500.00  0.4453315E-06   0.5508643E-05   0.5953974E-05
    55700.00  0.4416830E-06   0.5482740E-05   0.5924423E-05
    55900.00  0.4380288E-06   0.5457059E-05   0.5895088E-05
    56100.00  0.4344669E-06   0.5431596E-05   0.5866063E-05
    56300.00  0.4309389E-06   0.5406350E-05   0.5837288E-05
    56500.00  0.4274740E-06   0.5381299E-05   0.5808773E-05
    56700.00  0.4240338E-06   0.5356474E-05   0.5780508E-05
    56900.00  0.4206459E-06   0.5331858E-05   0.5752503E-05
    57100.00  0.4173267E-06   0.5307447E-05   0.5724774E-05
    57300.00  0.4139865E-06   0.5283240E-05   0.5697226E-05
    57500.00  0.4107396E-06   0.5258884E-05   0.5669623E-05
    57700.00  0.4075399E-06   0.5235080E-05   0.5642620E-05
    57900.00  0.4043817E-06   0.5211473E-05   0.5615855E-05
    58100.00  0.4012542E-06   0.5188060E-05   0.5589314E-05
    58300.00  0.3981665E-06   0.5164838E-05   0.5563004E-05
    58500.00  0.3952426E-06   0.5072852E-05   0.5468095E-05
    58700.00  0.3921870E-06   0.5050318E-05   0.5442505E-05
    58900.00  0.3886941E-06   0.5028090E-05   0.5416784E-05
    59100.00  0.3825951E-06   0.5006041E-05   0.5388636E-05
    59300.00  0.3831024E-06   0.4984169E-05   0.5367271E-05
    59500.00  0.3805207E-06   0.4962471E-05   0.5342992E-05
    59700.00  0.3777468E-06   0.4940946E-05   0.5318693E-05
    59900.00  0.3749527E-06   0.4919593E-05   0.5294545E-05
    60100.00  0.3721991E-06   0.4898408E-05   0.5270607E-05
    60300.00  0.3694840E-06   0.4877390E-05   0.5246874E-05
    60500.00  0.3667871E-06   0.4856538E-05   0.5223325E-05
    60700.00  0.3641365E-06   0.4835848E-05   0.5199985E-05
    60900.00  0.3615106E-06   0.4815321E-05   0.5176831E-05
    61100.00  0.3589052E-06   0.4794952E-05   0.5153858E-05
    61300.00  0.3563562E-06   0.4774742E-05   0.5131099E-05
    61500.00  0.3538225E-06   0.4754688E-05   0.5108511E-05
    61700.00  0.3513146E-06   0.4734789E-05   0.5086104E-05
    61900.00  0.3488098E-06   0.4715042E-05   0.5063852E-05
    62100.00  0.3463642E-06   0.4695447E-05   0.5041811E-05
    62300.00  0.3439398E-06   0.4676001E-05   0.5019941E-05
    62500.00  0.3415595E-06   0.4656703E-05   0.4998262E-05
    62700.00  0.3391914E-06   0.4637551E-05   0.4976742E-05
    62900.00  0.3368505E-06   0.4618543E-05   0.4955394E-05
    63100.00  0.3345355E-06   0.4599679E-05   0.4934215E-05
    63300.00  0.3322491E-06   0.4580957E-05   0.4913206E-05
    63500.00  0.3299830E-06   0.4562374E-05   0.4892357E-05
    63700.00  0.3277432E-06   0.4543930E-05   0.4871674E-05
    63900.00  0.3255307E-06   0.4525624E-05   0.4851154E-05
    64200.00  0.3222431E-06   0.4498417E-05   0.4820661E-05
    64600.00  0.3179192E-06   0.4462609E-05   0.4780528E-05
    65000.00  0.3137051E-06   0.4427324E-05   0.4741029E-05
    65400.00  0.3095914E-06   0.4392550E-05   0.4702142E-05
    65800.00  0.3055468E-06   0.4358278E-05   0.4663825E-05
    66200.00  0.3015721E-06   0.4317423E-05   0.4618995E-05
    66600.00  0.2976762E-06   0.4284203E-05   0.4581879E-05
    67000.00  0.2938538E-06   0.4251453E-05   0.4545306E-05
    67400.00  0.2900881E-06   0.4219163E-05   0.4509251E-05
    67800.00  0.2864059E-06   0.4187325E-05   0.4473731E-05
    68200.00  0.2827914E-06   0.4155930E-05   0.4438722E-05
    68600.00  0.2792405E-06   0.4124969E-05   0.4404209E-05
    69000.00  0.2757550E-06   0.4094432E-05   0.4370187E-05
    69400.00  0.2723173E-06   0.4064299E-05   0.4336617E-05
    69800.00  0.2689427E-06   0.4034588E-05   0.4303531E-05
    70200.00  0.2656221E-06   0.4005278E-05   0.4270900E-05
    70600.00  0.2623376E-06   0.3976361E-05   0.4238699E-05
    71000.00  0.2591241E-06   0.3947830E-05   0.4206954E-05
    71400.00  0.2559604E-06   0.3919677E-05   0.4175638E-05
    71800.00  0.2528499E-06   0.3891888E-05   0.4144738E-05
    72200.00  0.2497804E-06   0.3864471E-05   0.4114251E-05
    72600.00  0.2467527E-06   0.3837411E-05   0.4084163E-05
    73000.00  0.2437717E-06   0.3810570E-05   0.4054342E-05
    73400.00  0.2408274E-06   0.3784209E-05   0.4025037E-05
    73800.00  0.2379371E-06   0.3758186E-05   0.3996123E-05
    74200.00  0.2349881E-06   0.3702182E-05   0.3937170E-05
    74600.00  0.2313069E-06   0.3677121E-05   0.3908428E-05
    75000.00  0.2285301E-06   0.3652377E-05   0.3880907E-05
    75400.00  0.2266706E-06   0.3627941E-05   0.3854612E-05
    75800.00  0.2240099E-06   0.3603810E-05   0.3827820E-05
    76200.00  0.2213339E-06   0.3579977E-05   0.3801311E-05
    76600.00  0.2186917E-06   0.3556437E-05   0.3775129E-05
    77000.00  0.2160809E-06   0.3533185E-05   0.3749266E-05
    77400.00  0.2135010E-06   0.3510217E-05   0.3723718E-05
    77800.00  0.2109520E-06   0.3487527E-05   0.3698479E-05
    78200.00  0.2084185E-06   0.3465109E-05   0.3673528E-05
    78600.00  0.2059264E-06   0.3442961E-05   0.3648887E-05
    79000.00  0.2034638E-06   0.3421076E-05   0.3624540E-05
    79400.00  0.2010254E-06   0.3399451E-05   0.3600477E-05
    79800.00  0.1986086E-06   0.3378081E-05   0.3576690E-05
    80200.00  0.1962198E-06   0.3356962E-05   0.3553182E-05
    80600.00  0.1938527E-06   0.3336089E-05   0.3529942E-05
    81000.00  0.1915148E-06   0.3315459E-05   0.3506974E-05
    81400.00  0.1891913E-06   0.3295067E-05   0.3484258E-05
    81800.00  0.1868994E-06   0.3274909E-05   0.3461809E-05
    82200.00  0.1846251E-06   0.3254982E-05   0.3439607E-05
    82600.00  0.1823598E-06   0.3232022E-05   0.3414382E-05
    83000.00  0.1801311E-06   0.3212575E-05   0.3392706E-05
    83400.00  0.1779121E-06   0.3193347E-05   0.3371259E-05
    83800.00  0.1757191E-06   0.3174334E-05   0.3350054E-05
    84200.00  0.1735457E-06   0.3155534E-05   0.3329080E-05
    84600.00  0.1713889E-06   0.3136942E-05   0.3308331E-05
    85000.00  0.1692524E-06   0.3118555E-05   0.3287808E-05
    85400.00  0.1671281E-06   0.3100371E-05   0.3267499E-05
    85800.00  0.1650233E-06   0.3082385E-05   0.3247408E-05
    86200.00  0.1629366E-06   0.3064591E-05   0.3227527E-05
    86600.00  0.1608604E-06   0.3046994E-05   0.3207854E-05
    87000.00  0.1588057E-06   0.3029586E-05   0.3188392E-05
    87400.00  0.1567529E-06   0.3012365E-05   0.3169118E-05
    87800.00  0.1547249E-06   0.2995329E-05   0.3150054E-05
    88200.00  0.1527107E-06   0.2978473E-05   0.3131184E-05
    88600.00  0.1507122E-06   0.2961795E-05   0.3112507E-05
    89000.00  0.1487229E-06   0.2945290E-05   0.3094013E-05
    89400.00  0.1467498E-06   0.2928962E-05   0.3075712E-05
    89800.00  0.1447880E-06   0.2912804E-05   0.3057592E-05
    90200.00  0.1428378E-06   0.2896759E-05   0.3039597E-05
    90600.00  0.1409030E-06   0.2880933E-05   0.3021836E-05
    91000.00  0.1389773E-06   0.2865269E-05   0.3004246E-05
    91400.00  0.1370655E-06   0.2835170E-05   0.2972236E-05
    91800.00  0.1351659E-06   0.2819929E-05   0.2955095E-05
    92200.00  0.1332715E-06   0.2804861E-05   0.2938132E-05
    92600.00  0.1313913E-06   0.2789944E-05   0.2921335E-05
    93000.00  0.1295152E-06   0.2775177E-05   0.2904692E-05
    93400.00  0.1276540E-06   0.2760557E-05   0.2888211E-05
    93800.00  0.1258021E-06   0.2746083E-05   0.2871885E-05
    94200.00  0.1239614E-06   0.2731752E-05   0.2855713E-05
    94600.00  0.1221318E-06   0.2717562E-05   0.2839694E-05
    95000.00  0.1203105E-06   0.2703512E-05   0.2823822E-05
    95400.00  0.1184966E-06   0.2689599E-05   0.2808096E-05
    95800.00  0.1166900E-06   0.2675821E-05   0.2792511E-05
    96200.00  0.1148931E-06   0.2662177E-05   0.2777070E-05
    96600.00  0.1131044E-06   0.2648664E-05   0.2761769E-05
    97000.00  0.1113247E-06   0.2635282E-05   0.2746606E-05
    97400.00  0.1095526E-06   0.2622027E-05   0.2731579E-05
    97800.00  0.1077873E-06   0.2608898E-05   0.2716685E-05
    98200.00  0.1060326E-06   0.2595894E-05   0.2701926E-05
    98600.00  0.1042811E-06   0.2583012E-05   0.2687294E-05
    99000.00  0.1025357E-06   0.2570252E-05   0.2672788E-05
    99400.00  0.1007961E-06   0.2557611E-05   0.2658407E-05
    99800.00  0.9906682E-07   0.2545088E-05   0.2644155E-05
   100200.00  0.9734367E-07   0.5754976E-06   0.6728412E-06
   200000.00  0.4573740E-08   0.1444505E-06   0.1490242E-06
   400000.00  0.3272358E-09   0.3611262E-07   0.3643985E-07
   600000.00  0.2927157E-10   0.1605005E-07   0.1607932E-07
   800000.00  0.1255351E-10   0.9028154E-08   0.9040708E-08
  1000000.00  0.3845540E-11   0.5778019E-08   0.5781864E-08
  1200000.00  0.2741642E-11   0.4012513E-08   0.4015255E-08
  1400000.00  0.2251561E-11   0.2947969E-08   0.2950220E-08
  1600000.00  0.1997725E-11   0.2257039E-08   0.2259036E-08
