       91.00  0.5327059E-27   0.0000000E+00   0.5327059E-27
       94.00  0.6280817E-27   0.0000000E+00   0.6280817E-27
       96.00  0.6916715E-27   0.0000000E+00   0.6916715E-27
       98.00  0.7552574E-27   0.0000000E+00   0.7552574E-27
      100.00  0.8188441E-27   0.0000000E+00   0.8188441E-27
      102.00  0.8824291E-27   0.0000000E+00   0.8824291E-27
      104.00  0.9460148E-27   0.0000000E+00   0.9460148E-27
      106.00  0.1009600E-26   0.0000000E+00   0.1009600E-26
      108.00  0.1073185E-26   0.0000000E+00   0.1073185E-26
      110.00  0.1136772E-26   0.0000000E+00   0.1136772E-26
      114.00  0.1263948E-26   0.0000000E+00   0.1263948E-26
      118.00  0.1391122E-26   0.0000000E+00   0.1391122E-26
      121.00  0.1486502E-26   0.0000000E+00   0.1486502E-26
      125.00  0.1613672E-26   0.0000000E+00   0.1613672E-26
      127.00  0.1677260E-26   0.0000000E+00   0.1677260E-26
      128.00  0.1709050E-26   0.0000000E+00   0.1709050E-26
      131.00  0.1804431E-26   0.0000000E+00   0.1804431E-26
      132.00  0.1836223E-26   0.0000000E+00   0.1836223E-26
      134.00  0.1899810E-26   0.0000000E+00   0.1899810E-26
      137.00  0.1995188E-26   0.0000000E+00   0.1995188E-26
      140.00  0.2090566E-26   0.0000000E+00   0.2090566E-26
      143.00  0.2185949E-26   0.0000000E+00   0.2185949E-26
      147.00  0.2313120E-26   0.0000000E+00   0.2313120E-26
      151.00  0.2440289E-26   0.0000000E+00   0.2440289E-26
      155.00  0.4414731E-27   0.0000000E+00   0.4414731E-27
      159.00  0.1570308E-26   0.0000000E+00   0.1570308E-26
      162.00  0.7820277E-17   0.0000000E+00   0.7820277E-17
      166.00  0.1499856E-23   0.0000000E+00   0.1499856E-23
      170.00  0.7820280E-17   0.0000000E+00   0.7820280E-17
      173.00  0.3315457E-23   0.0000000E+00   0.3315457E-23
      177.00  0.4352962E-23   0.0000000E+00   0.4352962E-23
      180.00  0.6634368E-23   0.0000000E+00   0.6634368E-23
      182.00  0.6201149E-22   0.0000000E+00   0.6201149E-22
      186.00  0.7820535E-17   0.0000000E+00   0.7820535E-17
      191.00  0.3128170E-16   0.0000000E+00   0.3128170E-16
      194.00  0.7038358E-16   0.0000000E+00   0.7038358E-16
      198.00  0.2271462E-15   0.0000000E+00   0.2271462E-15
      202.00  0.6107047E-15   0.0000000E+00   0.6107047E-15
      205.00  0.1401492E-14   0.0000000E+00   0.1401492E-14
      210.00  0.4395088E-14   0.0000000E+00   0.4395088E-14
      216.00  0.1661922E-13   0.0000000E+00   0.1661922E-13
      220.00  0.3909612E-13   0.0000000E+00   0.3909612E-13
      223.00  0.7244798E-13   0.0000000E+00   0.7244798E-13
      227.00  0.4598021E-13   0.0000000E+00   0.4598021E-13
      228.00  0.2669596E-13   0.0000000E+00   0.2669596E-13
      228.00  0.5868257E-08   0.0000000E+00   0.5868257E-08
      230.00  0.1445736E-09   0.0000000E+00   0.1445736E-09
      234.00  0.1159194E-07   0.0000000E+00   0.1159194E-07
      240.00  0.2971619E-07   0.0000000E+00   0.2971619E-07
      246.00  0.6043164E-07   0.0000000E+00   0.6043164E-07
      252.00  0.1355170E-06   0.0000000E+00   0.1355170E-06
      257.00  0.1784013E-06   0.0000000E+00   0.1784013E-06
      260.00  0.1376650E-06   0.0000000E+00   0.1376650E-06
      264.00  0.1102010E-06   0.0000000E+00   0.1102010E-06
      269.00  0.2268612E-06   0.0000000E+00   0.2268612E-06
      274.00  0.2804316E-06   0.0000000E+00   0.2804316E-06
      279.00  0.2616671E-06   0.0000000E+00   0.2616671E-06
      284.00  0.1068068E-05   0.0000000E+00   0.1068068E-05
      290.00  0.9198976E-06   0.0000000E+00   0.9198976E-06
      296.00  0.3145937E-05   0.0000000E+00   0.3145937E-05
      301.00  0.1505056E-05   0.0000000E+00   0.1505056E-05
      308.00  0.2770328E-05   0.0000000E+00   0.2770328E-05
      318.00  0.4653242E-05   0.0000000E+00   0.4653242E-05
      328.00  0.5013361E-05   0.0000000E+00   0.5013361E-05
      338.00  0.9008185E-05   0.0000000E+00   0.9008185E-05
      348.00  0.1254314E-04   0.0000000E+00   0.1254314E-04
      353.30  0.1423021E-04   0.0000000E+00   0.1423021E-04
      353.30  0.1585500E-04   0.0000000E+00   0.1585500E-04
      357.00  0.1683889E-04   0.0000000E+00   0.1683889E-04
      366.00  0.1923212E-04   0.0000000E+00   0.1923212E-04
      375.00  0.5694095E-04   0.0000000E+00   0.5694095E-04
      385.00  0.1237862E-04   0.0000000E+00   0.1237862E-04
      395.00  0.3554087E-04   0.0000000E+00   0.3554087E-04
      405.00  0.8319958E-04   0.0000000E+00   0.8319958E-04
      414.00  0.7567946E-04   0.0000000E+00   0.7567946E-04
      422.00  0.9010434E-04   0.0000000E+00   0.9010434E-04
      430.00  0.1008523E-03   0.0000000E+00   0.1008523E-03
      441.00  0.1361850E-03   0.0000000E+00   0.1361850E-03
      451.00  0.1596520E-03   0.0000000E+00   0.1596520E-03
      460.00  0.4212153E-03   0.0000000E+00   0.4212153E-03
      470.00  0.2310838E-03   0.0000000E+00   0.2310838E-03
      480.00  0.2861692E-03   0.0000000E+00   0.2861692E-03
      490.00  0.3110490E-03   0.0000000E+00   0.3110490E-03
      500.00  0.3536799E-03   0.0000000E+00   0.3536799E-03
      504.60  0.3757026E-03   0.0000000E+00   0.3757026E-03
      504.60  0.2696154E-02   0.0000000E+00   0.2696154E-02
      506.00  0.1120145E-03   0.0000000E+00   0.1120145E-03
      512.00  0.5280294E-02   0.0000000E+00   0.5280294E-02
      520.00  0.6101659E-02   0.0000000E+00   0.6101659E-02
      530.00  0.5473762E-02   0.0000000E+00   0.5473762E-02
      540.00  0.1630660E-02   0.0000000E+00   0.1630660E-02
      550.00  0.8203214E-02   0.0000000E+00   0.8203214E-02
      560.00  0.7438544E-02   0.0000000E+00   0.7438544E-02
      570.00  0.9319346E-02   0.0000000E+00   0.9319346E-02
      580.00  0.2495035E-02   0.0000000E+00   0.2495035E-02
      590.00  0.1011422E-01   0.0000000E+00   0.1011422E-01
      600.00  0.9681214E-02   0.0000000E+00   0.9681214E-02
      610.00  0.4507360E-02   0.0000000E+00   0.4507360E-02
      620.00  0.1064124E-01   0.0000000E+00   0.1064124E-01
      630.00  0.1051609E-01   0.0000000E+00   0.1051609E-01
      640.00  0.1102398E-01   0.0000000E+00   0.1102398E-01
      650.00  0.7760865E-02   0.0000000E+00   0.7760865E-02
      658.00  0.8242337E-02   0.0000000E+00   0.8242337E-02
      665.00  0.8551136E-02   0.0000000E+00   0.8551136E-02
      675.00  0.1144289E-01   0.0000000E+00   0.1144289E-01
      685.00  0.3238390E-01   0.0000000E+00   0.3238390E-01
      695.00  0.7223516E-02   0.0000000E+00   0.7223516E-02
      705.00  0.1578334E-01   0.0000000E+00   0.1578334E-01
      716.00  0.1274118E-01   0.0000000E+00   0.1274118E-01
      726.00  0.1284408E-01   0.0000000E+00   0.1284408E-01
      735.00  0.1314369E-01   0.0000000E+00   0.1314369E-01
      745.00  0.1235126E-01   0.0000000E+00   0.1235126E-01
      755.00  0.1349797E-01   0.0000000E+00   0.1349797E-01
      765.00  0.2824717E-01   0.0000000E+00   0.2824717E-01
      775.00  0.1432542E-01   0.0000000E+00   0.1432542E-01
      785.00  0.9887194E-02   0.0000000E+00   0.9887194E-02
      795.00  0.1459512E-01   0.0000000E+00   0.1459512E-01
      805.00  0.1504204E-01   0.0000000E+00   0.1504204E-01
      815.00  0.1192360E-01   0.0000000E+00   0.1192360E-01
      825.00  0.1550277E-01   0.0000000E+00   0.1550277E-01
      835.00  0.1590316E-01   0.0000000E+00   0.1590316E-01
      845.00  0.1788550E-01   0.0000000E+00   0.1788550E-01
      855.00  0.1162005E-01   0.0000000E+00   0.1162005E-01
      865.00  0.1644468E-01   0.0000000E+00   0.1644468E-01
      875.00  0.1665508E-01   0.0000000E+00   0.1665508E-01
      885.00  0.1691694E-01   0.0000000E+00   0.1691694E-01
      895.00  0.1663980E-01   0.0000000E+00   0.1663980E-01
      905.00  0.1638291E-01   0.0000000E+00   0.1638291E-01
      912.40  0.1620585E-01   0.5939664E-06   0.1620644E-01
      912.40  0.3580835E+00   0.5939753E-06   0.3580841E+00
      915.00  0.3479217E+00   0.6774437E-06   0.3479224E+00
      925.00  0.3088375E+00   0.7841751E-06   0.3088383E+00
      935.00  0.3021737E+00   0.9046712E-06   0.3021746E+00
      945.00  0.2172533E+00   0.1040289E-05   0.2172543E+00
      955.00  0.3028975E+00   0.1192472E-05   0.3028987E+00
      965.00  0.2968904E+00   0.1362752E-05   0.2968918E+00
      975.00  0.8832666E-01   0.1552753E-05   0.8832821E-01
      985.00  0.7360060E-01   0.1764186E-05   0.7360236E-01
      995.00  0.3091155E+00   0.1998856E-05   0.3091175E+00
     1005.00  0.2864050E+00   0.2258658E-05   0.2864073E+00
     1015.00  0.2502023E+00   0.2545581E-05   0.2502048E+00
     1025.00  0.2550628E+00   0.2861704E-05   0.2550657E+00
     1035.00  0.2388719E+00   0.3209198E-05   0.2388751E+00
     1045.00  0.2786932E+00   0.3590415E-05   0.2786968E+00
     1055.00  0.2765393E+00   0.4007647E-05   0.2765433E+00
     1065.00  0.2606272E+00   0.4463321E-05   0.2606317E+00
     1075.00  0.2056833E+00   0.4959969E-05   0.2056883E+00
     1085.00  0.2337509E+00   0.5500201E-05   0.2337564E+00
     1095.00  0.2529508E+00   0.6086719E-05   0.2529569E+00
     1105.00  0.2483252E+00   0.6722298E-05   0.2483319E+00
     1115.00  0.2206455E+00   0.7409793E-05   0.2206529E+00
     1125.00  0.8896698E-01   0.8152126E-05   0.8897513E-01
     1135.00  0.2343056E+00   0.8952315E-05   0.2343146E+00
     1145.00  0.2288464E+00   0.9813432E-05   0.2288562E+00
     1155.00  0.1088521E+00   0.1073862E-04   0.1088628E+00
     1165.00  0.1275796E+00   0.1173109E-04   0.1275913E+00
     1175.00  0.1572668E+00   0.1279410E-04   0.1572796E+00
     1185.00  0.2070496E+00   0.1393097E-04   0.2070635E+00
     1195.00  0.1946140E+00   0.1514508E-04   0.1946291E+00
     1205.00  0.1607994E+00   0.1643984E-04   0.1608158E+00
     1215.00  0.1607012E+00   0.1781872E-04   0.1607190E+00
     1225.00  0.1565332E+00   0.1638530E-03   0.1566971E+00
     1235.00  0.1864816E+00   0.2965667E-03   0.1867782E+00
     1245.00  0.1688093E+00   0.4096706E-03   0.1692190E+00
     1255.00  0.1659567E+00   0.5065793E-03   0.1664633E+00
     1265.00  0.1771551E+00   0.5898249E-03   0.1777449E+00
     1275.00  0.1779539E+00   0.6614105E-03   0.1786153E+00
     1285.00  0.1403064E+00   0.7229716E-03   0.1410294E+00
     1295.00  0.1411452E+00   0.7758704E-03   0.1419211E+00
     1305.00  0.1645979E+00   0.8212560E-03   0.1654192E+00
     1315.00  0.1497396E+00   0.8601068E-03   0.1505997E+00
     1325.00  0.1458383E+00   0.8932623E-03   0.1467316E+00
     1335.00  0.1572759E+00   0.9214463E-03   0.1581973E+00
     1345.00  0.1173718E+00   0.9452862E-03   0.1183171E+00
     1355.00  0.1527110E+00   0.9653281E-03   0.1536763E+00
     1365.00  0.1486395E+00   0.9820483E-03   0.1496215E+00
     1375.00  0.1431517E+00   0.9958642E-03   0.1441476E+00
     1385.00  0.1379450E+00   0.1007142E-02   0.1389521E+00
     1395.00  0.1549300E+00   0.1016204E-02   0.1559462E+00
     1405.00  0.1587140E+00   0.1023334E-02   0.1597373E+00
     1415.00  0.1252034E+00   0.1028784E-02   0.1262322E+00
     1425.00  0.1091781E+00   0.1032775E-02   0.1102109E+00
     1435.00  0.1272025E+00   0.1035503E-02   0.1282380E+00
     1442.00  0.1283047E+00   0.1036757E-02   0.1293415E+00
     1447.00  0.1282299E+00   0.1037357E-02   0.1292673E+00
     1455.00  0.1268404E+00   0.1037854E-02   0.1278783E+00
     1465.00  0.1174540E+00   0.1037770E-02   0.1184918E+00
     1475.00  0.1195080E+00   0.1037015E-02   0.1205450E+00
     1485.00  0.1087913E+00   0.1035698E-02   0.1098270E+00
     1495.00  0.1182548E+00   0.1033919E-02   0.1192887E+00
     1505.00  0.1130171E+00   0.1031764E-02   0.1140489E+00
     1512.00  0.1061596E+00   0.1030074E-02   0.1071897E+00
     1517.00  0.1076829E+00   0.1028791E-02   0.1087117E+00
     1525.00  0.8700820E-01   0.1026632E-02   0.8803483E-01
     1535.00  0.9920598E-01   0.1023787E-02   0.1002298E+00
     1545.00  0.3273416E-01   0.1020835E-02   0.3375499E-01
     1555.00  0.1074469E+00   0.1017816E-02   0.1084647E+00
     1565.00  0.5992108E-01   0.1014783E-02   0.6093586E-01
     1575.00  0.9698631E-01   0.1011777E-02   0.9799809E-01
     1585.00  0.6255002E-01   0.1008833E-02   0.6355885E-01
     1595.00  0.9783331E-01   0.1005985E-02   0.9883930E-01
     1605.00  0.9737746E-01   0.1003261E-02   0.9838072E-01
     1615.00  0.9584202E-01   0.1000688E-02   0.9684271E-01
     1625.00  0.9368414E-01   0.9982891E-03   0.9468243E-01
     1635.00  0.9262125E-01   0.9960835E-03   0.9361733E-01
     1645.00  0.9118661E-01   0.9940908E-03   0.9218070E-01
     1655.00  0.8879814E-01   0.9923286E-03   0.8979047E-01
     1665.00  0.8846084E-01   0.9908119E-03   0.8945165E-01
     1672.00  0.8597169E-01   0.9899035E-03   0.8696159E-01
     1677.00  0.8643517E-01   0.9893347E-03   0.8742450E-01
     1685.00  0.8586972E-01   0.9885671E-03   0.8685829E-01
     1695.00  0.8399545E-01   0.9878614E-03   0.8498331E-01
     1705.00  0.8220767E-01   0.9874465E-03   0.8319512E-01
     1715.00  0.8052031E-01   0.9873306E-03   0.8150764E-01
     1725.00  0.7916497E-01   0.9875210E-03   0.8015249E-01
     1735.00  0.7846707E-01   0.9880241E-03   0.7945509E-01
     1745.00  0.7703057E-01   0.9888453E-03   0.7801942E-01
     1755.00  0.7654376E-01   0.9899896E-03   0.7753375E-01
     1765.00  0.7432047E-01   0.9914610E-03   0.7531193E-01
     1775.00  0.7375864E-01   0.9932630E-03   0.7475190E-01
     1785.00  0.7269561E-01   0.9953984E-03   0.7369101E-01
     1795.00  0.7215440E-01   0.9978697E-03   0.7315227E-01
     1805.00  0.7096507E-01   0.1000679E-02   0.7196575E-01
     1815.00  0.6947761E-01   0.1003827E-02   0.7048144E-01
     1825.00  0.6845054E-01   0.1007316E-02   0.6945786E-01
     1835.00  0.6714721E-01   0.1011145E-02   0.6815836E-01
     1845.00  0.6553260E-01   0.1015317E-02   0.6654792E-01
     1855.00  0.6446522E-01   0.1019829E-02   0.6548505E-01
     1865.00  0.6370739E-01   0.1024683E-02   0.6473207E-01
     1875.00  0.6350275E-01   0.1029878E-02   0.6453263E-01
     1885.00  0.6200143E-01   0.1035412E-02   0.6303684E-01
     1895.00  0.6071475E-01   0.1041285E-02   0.6175603E-01
     1905.00  0.6029934E-01   0.1047495E-02   0.6134684E-01
     1915.00  0.5919009E-01   0.1054042E-02   0.6024413E-01
     1925.00  0.5827632E-01   0.1060923E-02   0.5933724E-01
     1935.00  0.5768948E-01   0.1068137E-02   0.5875762E-01
     1945.00  0.5719939E-01   0.1075665E-02   0.5827505E-01
     1955.00  0.5591885E-01   0.1083497E-02   0.5700235E-01
     1967.00  0.5557008E-01   0.1093317E-02   0.5666340E-01
     1976.00  0.5506770E-01   0.1100983E-02   0.5616868E-01
     1984.00  0.5406398E-01   0.1108011E-02   0.5517199E-01
     1995.00  0.5293966E-01   0.1118001E-02   0.5405766E-01
     2005.00  0.5245670E-01   0.1127408E-02   0.5358411E-01
     2015.00  0.5149084E-01   0.1137121E-02   0.5262796E-01
     2025.00  0.5116784E-01   0.1147138E-02   0.5231498E-01
     2035.00  0.5016073E-01   0.1157517E-02   0.5131825E-01
     2045.00  0.4969236E-01   0.1168221E-02   0.5086058E-01
     2055.00  0.4920032E-01   0.5523278E-03   0.4975265E-01
     2065.00  0.4864562E-01   0.5486807E-03   0.4919430E-01
     2074.00  0.4842418E-01   0.5455023E-03   0.4896968E-01
     2078.00  0.4794894E-01   0.5441209E-03   0.4849306E-01
     2085.00  0.4767208E-01   0.5417493E-03   0.4821383E-01
     2095.00  0.4670750E-01   0.5384616E-03   0.4724596E-01
     2105.00  0.4621961E-01   0.5352903E-03   0.4675490E-01
     2115.00  0.4562902E-01   0.5322338E-03   0.4616125E-01
     2125.00  0.4514295E-01   0.5292904E-03   0.4567224E-01
     2135.00  0.4400642E-01   0.5264584E-03   0.4453288E-01
     2145.00  0.4371371E-01   0.5237362E-03   0.4423745E-01
     2155.00  0.4336857E-01   0.5211222E-03   0.4388969E-01
     2165.00  0.4254992E-01   0.5186146E-03   0.4306853E-01
     2175.00  0.4192712E-01   0.5162121E-03   0.4244333E-01
     2185.00  0.4133138E-01   0.5139132E-03   0.4184529E-01
     2195.00  0.4119068E-01   0.5117160E-03   0.4170240E-01
     2205.00  0.4043600E-01   0.5096187E-03   0.4094562E-01
     2215.00  0.3961642E-01   0.5076199E-03   0.4012404E-01
     2225.00  0.3886741E-01   0.5057179E-03   0.3937313E-01
     2235.00  0.3890182E-01   0.5039111E-03   0.3940573E-01
     2245.00  0.3804419E-01   0.5021980E-03   0.3854639E-01
     2255.00  0.3744421E-01   0.5005771E-03   0.3794479E-01
     2265.00  0.3707808E-01   0.4990467E-03   0.3757713E-01
     2275.00  0.3684782E-01   0.4976054E-03   0.3734543E-01
     2285.00  0.3655921E-01   0.4962467E-03   0.3705546E-01
     2295.00  0.3582045E-01   0.4949686E-03   0.3631542E-01
     2305.00  0.3533192E-01   0.4937745E-03   0.3582569E-01
     2315.00  0.3471145E-01   0.4926629E-03   0.3520411E-01
     2325.00  0.3304939E-01   0.4916323E-03   0.3354102E-01
     2335.00  0.3361727E-01   0.4906813E-03   0.3410795E-01
     2345.00  0.3294864E-01   0.4898085E-03   0.3343845E-01
     2355.00  0.3299943E-01   0.4890124E-03   0.3348844E-01
     2365.00  0.3218657E-01   0.4882918E-03   0.3267486E-01
     2375.00  0.3200692E-01   0.4876451E-03   0.3249457E-01
     2385.00  0.3120300E-01   0.4870711E-03   0.3169007E-01
     2395.00  0.3122264E-01   0.4865683E-03   0.3170921E-01
     2405.00  0.3062362E-01   0.4861359E-03   0.3110976E-01
     2415.00  0.3038021E-01   0.4857725E-03   0.3086598E-01
     2425.00  0.3029653E-01   0.4854766E-03   0.3078201E-01
     2435.00  0.2972470E-01   0.4852468E-03   0.3020995E-01
     2445.00  0.2969538E-01   0.4850819E-03   0.3018046E-01
     2455.00  0.2923096E-01   0.4849808E-03   0.2971594E-01
     2465.00  0.2886925E-01   0.4849420E-03   0.2935419E-01
     2475.00  0.2838722E-01   0.4849645E-03   0.2887218E-01
     2485.00  0.2835068E-01   0.4850471E-03   0.2883573E-01
     2495.00  0.2786006E-01   0.4851885E-03   0.2834525E-01
     2505.00  0.2791511E-01   0.4853876E-03   0.2840050E-01
     2513.00  0.2726305E-01   0.4855877E-03   0.2774864E-01
     2518.00  0.2730421E-01   0.4857309E-03   0.2778994E-01
     2525.00  0.2679114E-01   0.4859544E-03   0.2727709E-01
     2535.00  0.2649253E-01   0.4863198E-03   0.2697885E-01
     2545.00  0.2616369E-01   0.4867382E-03   0.2665043E-01
     2555.00  0.2613440E-01   0.4872087E-03   0.2662161E-01
     2565.00  0.2577913E-01   0.4877302E-03   0.2626686E-01
     2575.00  0.2577627E-01   0.4883016E-03   0.2626457E-01
     2585.00  0.2546708E-01   0.4889220E-03   0.2595600E-01
     2595.00  0.2515969E-01   0.4895904E-03   0.2564928E-01
     2605.00  0.2470739E-01   0.4721312E-03   0.2517952E-01
     2615.00  0.2450796E-01   0.4727751E-03   0.2498074E-01
     2625.00  0.2439046E-01   0.4734655E-03   0.2486393E-01
     2635.00  0.2419704E-01   0.4742015E-03   0.2467124E-01
     2645.00  0.2434324E-01   0.4749821E-03   0.2481822E-01
     2655.00  0.2405672E-01   0.4758064E-03   0.2453253E-01
     2665.00  0.2354787E-01   0.4766734E-03   0.2402454E-01
     2675.00  0.2346104E-01   0.4775823E-03   0.2393862E-01
     2685.00  0.2321368E-01   0.4785322E-03   0.2369221E-01
     2695.00  0.2283527E-01   0.4795222E-03   0.2331479E-01
     2705.00  0.2268932E-01   0.4805515E-03   0.2316987E-01
     2715.00  0.2227891E-01   0.4816191E-03   0.2276053E-01
     2725.00  0.2206234E-01   0.4827243E-03   0.2254506E-01
     2735.00  0.2206146E-01   0.4838662E-03   0.2254533E-01
     2745.00  0.2132519E-01   0.4850440E-03   0.2181023E-01
     2755.00  0.2115012E-01   0.4862570E-03   0.2163638E-01
     2765.00  0.2109405E-01   0.4875042E-03   0.2158155E-01
     2775.00  0.2107911E-01   0.4887850E-03   0.2156790E-01
     2785.00  0.2083585E-01   0.4900986E-03   0.2132595E-01
     2795.00  0.2002670E-01   0.4914442E-03   0.2051814E-01
     2805.00  0.2009957E-01   0.4928211E-03   0.2059239E-01
     2815.00  0.2033775E-01   0.4942285E-03   0.2083198E-01
     2825.00  0.2015111E-01   0.4956658E-03   0.2064678E-01
     2835.00  0.1981817E-01   0.4971322E-03   0.2031530E-01
     2845.00  0.1953764E-01   0.4986270E-03   0.2003627E-01
     2855.00  0.1934499E-01   0.5001441E-03   0.1984513E-01
     2865.00  0.1933002E-01   0.5016824E-03   0.1983170E-01
     2875.00  0.1906896E-01   0.5032464E-03   0.1957221E-01
     2885.00  0.1896734E-01   0.5048355E-03   0.1947218E-01
     2895.00  0.1873649E-01   0.5064490E-03   0.1924294E-01
     2910.00  0.1870784E-01   0.5089135E-03   0.1921675E-01
     2930.00  0.1825076E-01   0.5122789E-03   0.1876304E-01
     2950.00  0.1787649E-01   0.5157307E-03   0.1839222E-01
     2970.00  0.1759761E-01   0.5192639E-03   0.1811687E-01
     2990.00  0.1729171E-01   0.5228741E-03   0.1781458E-01
     3010.00  0.1706552E-01   0.5265566E-03   0.1759208E-01
     3030.00  0.1675211E-01   0.5303073E-03   0.1728242E-01
     3050.00  0.1643000E-01   0.5341238E-03   0.1696412E-01
     3070.00  0.1612495E-01   0.5380027E-03   0.1666295E-01
     3090.00  0.1589566E-01   0.5419383E-03   0.1643760E-01
     3110.00  0.1556719E-01   0.5459268E-03   0.1611312E-01
     3130.00  0.1527738E-01   0.5450090E-03   0.1582239E-01
     3150.00  0.1505627E-01   0.5490385E-03   0.1560531E-01
     3170.00  0.1478917E-01   0.5531108E-03   0.1534228E-01
     3190.00  0.1443155E-01   0.5572226E-03   0.1498877E-01
     3210.00  0.1427667E-01   0.5613707E-03   0.1483804E-01
     3230.00  0.1399412E-01   0.5655521E-03   0.1455967E-01
     3250.00  0.1380015E-01   0.5697636E-03   0.1436991E-01
     3270.00  0.1361246E-01   0.5739950E-03   0.1418645E-01
     3290.00  0.1339676E-01   0.5782455E-03   0.1397501E-01
     3310.00  0.1320705E-01   0.5825164E-03   0.1378957E-01
     3330.00  0.1296339E-01   0.5868049E-03   0.1355019E-01
     3350.00  0.1272106E-01   0.5911084E-03   0.1331217E-01
     3370.00  0.1251088E-01   0.5954248E-03   0.1310630E-01
     3390.00  0.1231360E-01   0.5997514E-03   0.1291335E-01
     3410.00  0.1215946E-01   0.6040862E-03   0.1276355E-01
     3430.00  0.1196900E-01   0.5723692E-03   0.1254137E-01
     3450.00  0.1184924E-01   0.5762900E-03   0.1242553E-01
     3470.00  0.1165503E-01   0.5802153E-03   0.1223525E-01
     3490.00  0.1147922E-01   0.5841432E-03   0.1206336E-01
     3510.00  0.1134737E-01   0.5880710E-03   0.1193544E-01
     3530.00  0.1116986E-01   0.5919903E-03   0.1176185E-01
     3550.00  0.1103328E-01   0.5959055E-03   0.1162919E-01
     3570.00  0.1081848E-01   0.5998151E-03   0.1141830E-01
     3590.00  0.1065032E-01   0.6037176E-03   0.1125404E-01
     3610.00  0.1051506E-01   0.6076113E-03   0.1112267E-01
     3630.00  0.1037055E-01   0.6114948E-03   0.1098204E-01
     3640.00  0.1029904E-01   0.6134324E-03   0.1091247E-01
     3650.00  0.1162602E-01   0.1302245E-03   0.1175624E-01
     3670.00  0.1135376E-01   0.1294187E-03   0.1148318E-01
     3690.00  0.1162779E-01   0.1211760E-03   0.1174897E-01
     3710.00  0.1276570E-01   0.1203409E-03   0.1288604E-01
     3730.00  0.1279996E-01   0.1195306E-03   0.1291949E-01
     3750.00  0.1381692E-01   0.1187445E-03   0.1393566E-01
     3770.00  0.1375905E-01   0.1179817E-03   0.1387703E-01
     3790.00  0.1429634E-01   0.1172416E-03   0.1441358E-01
     3810.00  0.1481374E-01   0.1165234E-03   0.1493026E-01
     3830.00  0.1340428E-01   0.1158264E-03   0.1352011E-01
     3850.00  0.1473192E-01   0.1151501E-03   0.1484707E-01
     3870.00  0.1485437E-01   0.1144936E-03   0.1496886E-01
     3890.00  0.1272660E-01   0.1138564E-03   0.1284046E-01
     3910.00  0.1441239E-01   0.1132379E-03   0.1452563E-01
     3930.00  0.1358957E-01   0.1126376E-03   0.1370221E-01
     3950.00  0.1388349E-01   0.1120547E-03   0.1399554E-01
     3970.00  0.1156570E-01   0.1114890E-03   0.1167719E-01
     3990.00  0.1370221E-01   0.1109406E-03   0.1381315E-01
     4010.00  0.1373986E-01   0.1104080E-03   0.1385027E-01
     4030.00  0.1349521E-01   0.1098907E-03   0.1360510E-01
     4050.00  0.1338878E-01   0.1093884E-03   0.1349817E-01
     4070.00  0.1313456E-01   0.1089005E-03   0.1324346E-01
     4090.00  0.1260868E-01   0.1084265E-03   0.1271711E-01
     4110.00  0.1134553E-01   0.1079660E-03   0.1145350E-01
     4130.00  0.1257299E-01   0.1075187E-03   0.1268051E-01
     4150.00  0.1254461E-01   0.1070839E-03   0.1265169E-01
     4170.00  0.1235205E-01   0.1066615E-03   0.1245871E-01
     4190.00  0.1220863E-01   0.1062510E-03   0.1231488E-01
     4210.00  0.1205605E-01   0.1058519E-03   0.1216190E-01
     4230.00  0.1187549E-01   0.1054640E-03   0.1198095E-01
     4250.00  0.1173244E-01   0.1050869E-03   0.1183753E-01
     4270.00  0.1153977E-01   0.1047202E-03   0.1164449E-01
     4290.00  0.1138388E-01   0.1043636E-03   0.1148824E-01
     4310.00  0.1107205E-01   0.1040168E-03   0.1117607E-01
     4330.00  0.1054836E-01   0.1036794E-03   0.1065204E-01
     4350.00  0.9777222E-02   0.1033513E-03   0.9880573E-02
     4370.00  0.1086657E-01   0.1030321E-03   0.1096960E-01
     4390.00  0.1066796E-01   0.1027215E-03   0.1077068E-01
     4410.00  0.1058413E-01   0.1024192E-03   0.1068655E-01
     4430.00  0.1049624E-01   0.1021250E-03   0.1059836E-01
     4450.00  0.1038071E-01   0.1018385E-03   0.1048255E-01
     4470.00  0.1021559E-01   0.1015595E-03   0.1031715E-01
     4490.00  0.1012201E-01   0.1012878E-03   0.1022330E-01
     4510.00  0.1011164E-01   0.1010231E-03   0.1021266E-01
     4530.00  0.9885489E-02   0.1007653E-03   0.9986254E-02
     4550.00  0.9728528E-02   0.1005140E-03   0.9829042E-02
     4570.00  0.9747074E-02   0.1002691E-03   0.9847343E-02
     4590.00  0.9545463E-02   0.1000304E-03   0.9645493E-02
     4610.00  0.9527994E-02   0.9979762E-04   0.9627792E-02
     4630.00  0.9352675E-02   0.9957060E-04   0.9452246E-02
     4650.00  0.9288836E-02   0.9934915E-04   0.9388185E-02
     4670.00  0.9191296E-02   0.9913309E-04   0.9290429E-02
     4690.00  0.9069698E-02   0.9892222E-04   0.9168620E-02
     4710.00  0.8886405E-02   0.9871639E-04   0.8985121E-02
     4730.00  0.8876761E-02   0.9851542E-04   0.8975276E-02
     4750.00  0.8802847E-02   0.9831915E-04   0.8901166E-02
     4770.00  0.8702695E-02   0.9812741E-04   0.8800822E-02
     4790.00  0.8597652E-02   0.9794006E-04   0.8695592E-02
     4810.00  0.8484247E-02   0.9775678E-04   0.8582004E-02
     4830.00  0.8360573E-02   0.9757742E-04   0.8458150E-02
     4850.00  0.7882216E-02   0.9740199E-04   0.7979618E-02
     4870.00  0.7132620E-02   0.9723036E-04   0.7229850E-02
     4890.00  0.8044778E-02   0.9706241E-04   0.8141840E-02
     4910.00  0.7998814E-02   0.9689800E-04   0.8095712E-02
     4930.00  0.7849560E-02   0.9673700E-04   0.7946297E-02
     4950.00  0.7854066E-02   0.9657931E-04   0.7950645E-02
     4970.00  0.7783990E-02   0.9642480E-04   0.7880415E-02
     4990.00  0.7614272E-02   0.9627335E-04   0.7710545E-02
     5010.00  0.7449696E-02   0.9612486E-04   0.7545821E-02
     5030.00  0.7469298E-02   0.9597923E-04   0.7565277E-02
     5050.00  0.7365298E-02   0.9583635E-04   0.7461134E-02
     5070.00  0.7350614E-02   0.9569640E-04   0.7446310E-02
     5090.00  0.7237417E-02   0.9556037E-04   0.7332977E-02
     5110.00  0.7165522E-02   0.9542674E-04   0.7260949E-02
     5130.00  0.7051873E-02   0.9529543E-04   0.7147168E-02
     5150.00  0.6954022E-02   0.9516633E-04   0.7049188E-02
     5170.00  0.6851946E-02   0.9503936E-04   0.6946985E-02
     5190.00  0.6802976E-02   0.9491446E-04   0.6897890E-02
     5210.00  0.6747602E-02   0.9479153E-04   0.6842394E-02
     5230.00  0.6682044E-02   0.9467050E-04   0.6776715E-02
     5250.00  0.6651497E-02   0.9455129E-04   0.6746048E-02
     5270.00  0.6485388E-02   0.9443383E-04   0.6579822E-02
     5290.00  0.6526620E-02   0.9431805E-04   0.6620938E-02
     5310.00  0.6458094E-02   0.9420389E-04   0.6552298E-02
     5330.00  0.6347986E-02   0.9409128E-04   0.6442077E-02
     5350.00  0.6354306E-02   0.9398015E-04   0.6448286E-02
     5370.00  0.6287754E-02   0.9387039E-04   0.6381624E-02
     5390.00  0.6207040E-02   0.9376182E-04   0.6300802E-02
     5410.00  0.6123221E-02   0.9365454E-04   0.6216876E-02
     5430.00  0.6070252E-02   0.9354851E-04   0.6163801E-02
     5450.00  0.6057174E-02   0.9344365E-04   0.6150618E-02
     5470.00  0.5974800E-02   0.9333993E-04   0.6068140E-02
     5490.00  0.5918126E-02   0.9323729E-04   0.6011363E-02
     5510.00  0.5859487E-02   0.9313569E-04   0.5952623E-02
     5530.00  0.5813434E-02   0.9303506E-04   0.5906469E-02
     5550.00  0.5776848E-02   0.9293538E-04   0.5869783E-02
     5570.00  0.5703654E-02   0.9283660E-04   0.5796491E-02
     5590.00  0.5638766E-02   0.9273866E-04   0.5731505E-02
     5610.00  0.5608274E-02   0.9264154E-04   0.5700916E-02
     5630.00  0.5557093E-02   0.9254519E-04   0.5649638E-02
     5650.00  0.5500504E-02   0.9244957E-04   0.5592954E-02
     5670.00  0.5428105E-02   0.9235464E-04   0.5520460E-02
     5690.00  0.5406688E-02   0.9226037E-04   0.5498948E-02
     5710.00  0.5329898E-02   0.7421498E-04   0.5404113E-02
     5730.00  0.5334459E-02   0.7409513E-04   0.5408554E-02
     5750.00  0.5261116E-02   0.7397646E-04   0.5335092E-02
     5770.00  0.5226172E-02   0.7385894E-04   0.5300031E-02
     5790.00  0.5155966E-02   0.7374251E-04   0.5229709E-02
     5810.00  0.5125858E-02   0.7362715E-04   0.5199485E-02
     5830.00  0.5094314E-02   0.7351282E-04   0.5167827E-02
     5850.00  0.5031008E-02   0.7339950E-04   0.5104408E-02
     5870.00  0.4969264E-02   0.7328715E-04   0.5042551E-02
     5890.00  0.4900226E-02   0.7317573E-04   0.4973402E-02
     5910.00  0.4895611E-02   0.7306521E-04   0.4968676E-02
     5930.00  0.4852312E-02   0.7295558E-04   0.4925268E-02
     5950.00  0.4807452E-02   0.7284679E-04   0.4880299E-02
     5970.00  0.4777533E-02   0.7273882E-04   0.4850272E-02
     5990.00  0.4720468E-02   0.7263164E-04   0.4793100E-02
     6010.00  0.4671564E-02   0.7252524E-04   0.4744089E-02
     6030.00  0.4640630E-02   0.7241957E-04   0.4713050E-02
     6050.00  0.4612498E-02   0.7231462E-04   0.4684813E-02
     6070.00  0.4571171E-02   0.7221037E-04   0.4643381E-02
     6090.00  0.4511018E-02   0.7210677E-04   0.4583125E-02
     6110.00  0.4467066E-02   0.7200381E-04   0.4539070E-02
     6130.00  0.4402124E-02   0.7190148E-04   0.4474025E-02
     6150.00  0.4365777E-02   0.7179975E-04   0.4437577E-02
     6170.00  0.4326173E-02   0.7169861E-04   0.4397872E-02
     6190.00  0.4322264E-02   0.7159802E-04   0.4393862E-02
     6210.00  0.4286875E-02   0.7149798E-04   0.4358373E-02
     6230.00  0.4224848E-02   0.7139847E-04   0.4296246E-02
     6250.00  0.4146858E-02   0.7129946E-04   0.4218157E-02
     6270.00  0.4170136E-02   0.7120094E-04   0.4241337E-02
     6290.00  0.4138962E-02   0.7110290E-04   0.4210065E-02
     6310.00  0.4078780E-02   0.7100530E-04   0.4149785E-02
     6330.00  0.4060926E-02   0.7090815E-04   0.4131834E-02
     6350.00  0.4021427E-02   0.7081142E-04   0.4092238E-02
     6370.00  0.3987700E-02   0.7071510E-04   0.4058415E-02
     6390.00  0.3965466E-02   0.7061917E-04   0.4036085E-02
     6410.00  0.3915774E-02   0.7052363E-04   0.3986298E-02
     6430.00  0.3892281E-02   0.7042845E-04   0.3962709E-02
     6450.00  0.3857409E-02   0.7033362E-04   0.3927743E-02
     6470.00  0.3832580E-02   0.7023913E-04   0.3902819E-02
     6490.00  0.3774782E-02   0.7014498E-04   0.3844927E-02
     6510.00  0.3765657E-02   0.7005113E-04   0.3835708E-02
     6530.00  0.3733839E-02   0.6995675E-04   0.3803796E-02
     6550.00  0.3590146E-02   0.6986240E-04   0.3660008E-02
     6570.00  0.3210405E-02   0.6976829E-04   0.3280173E-02
     6590.00  0.3616608E-02   0.6967444E-04   0.3686282E-02
     6610.00  0.3617182E-02   0.6958082E-04   0.3686763E-02
     6630.00  0.3600033E-02   0.6948742E-04   0.3669520E-02
     6650.00  0.3569034E-02   0.6909945E-04   0.3638133E-02
     6670.00  0.3530250E-02   0.6900742E-04   0.3599257E-02
     6690.00  0.3520137E-02   0.6891560E-04   0.3589053E-02
     6710.00  0.3480094E-02   0.6882397E-04   0.3548918E-02
     6730.00  0.3466576E-02   0.6873253E-04   0.3535309E-02
     6750.00  0.3429851E-02   0.6864127E-04   0.3498492E-02
     6770.00  0.3409303E-02   0.6855017E-04   0.3477853E-02
     6790.00  0.3378425E-02   0.6845924E-04   0.3446884E-02
     6810.00  0.3352801E-02   0.6836847E-04   0.3421169E-02
     6830.00  0.3329677E-02   0.6827784E-04   0.3397955E-02
     6850.00  0.3291835E-02   0.6818736E-04   0.3360022E-02
     6870.00  0.3275838E-02   0.6809702E-04   0.3343935E-02
     6890.00  0.3258137E-02   0.6800681E-04   0.3326144E-02
     6910.00  0.3227986E-02   0.6791673E-04   0.3295903E-02
     6930.00  0.3200854E-02   0.6782677E-04   0.3268681E-02
     6950.00  0.3167696E-02   0.6773692E-04   0.3235433E-02
     6970.00  0.3149638E-02   0.6764719E-04   0.3217285E-02
     6990.00  0.3123333E-02   0.6755755E-04   0.3190891E-02
     7010.00  0.3083743E-02   0.6746802E-04   0.3151211E-02
     7030.00  0.3072528E-02   0.6737862E-04   0.3139907E-02
     7050.00  0.3055453E-02   0.6728932E-04   0.3122742E-02
     7070.00  0.3021979E-02   0.6720010E-04   0.3089179E-02
     7090.00  0.3005520E-02   0.6711096E-04   0.3072631E-02
     7110.00  0.2972888E-02   0.6702190E-04   0.3039910E-02
     7130.00  0.2948357E-02   0.6693291E-04   0.3015290E-02
     7150.00  0.2928906E-02   0.6684398E-04   0.2995750E-02
     7170.00  0.2912416E-02   0.6675513E-04   0.2979171E-02
     7190.00  0.2871316E-02   0.6666633E-04   0.2937982E-02
     7210.00  0.2862538E-02   0.6657759E-04   0.2929116E-02
     7230.00  0.2845691E-02   0.6648891E-04   0.2912180E-02
     7250.00  0.2831962E-02   0.6640028E-04   0.2898362E-02
     7270.00  0.2810203E-02   0.6631170E-04   0.2876515E-02
     7290.00  0.2771756E-02   0.6622317E-04   0.2837979E-02
     7310.00  0.2759022E-02   0.6613468E-04   0.2825157E-02
     7330.00  0.2744980E-02   0.6604624E-04   0.2811026E-02
     7350.00  0.2725799E-02   0.6595784E-04   0.2791757E-02
     7370.00  0.2715814E-02   0.6586948E-04   0.2781683E-02
     7390.00  0.2684330E-02   0.6578115E-04   0.2750111E-02
     7410.00  0.2651508E-02   0.6569286E-04   0.2717201E-02
     7430.00  0.2644280E-02   0.6560461E-04   0.2709885E-02
     7450.00  0.2629895E-02   0.6541016E-04   0.2695305E-02
     7470.00  0.2613441E-02   0.6532219E-04   0.2678763E-02
     7490.00  0.2591618E-02   0.6523426E-04   0.2656852E-02
     7510.00  0.2577584E-02   0.6514637E-04   0.2642730E-02
     7530.00  0.2564754E-02   0.6505849E-04   0.2629812E-02
     7550.00  0.2553078E-02   0.6497065E-04   0.2618049E-02
     7570.00  0.2530683E-02   0.6488284E-04   0.2595566E-02
     7590.00  0.2512460E-02   0.6479505E-04   0.2577255E-02
     7610.00  0.2497000E-02   0.6470690E-04   0.2561707E-02
     7630.00  0.2481772E-02   0.6461838E-04   0.2546390E-02
     7650.00  0.2464380E-02   0.6452986E-04   0.2528910E-02
     7670.00  0.2433230E-02   0.6444134E-04   0.2497671E-02
     7690.00  0.2433096E-02   0.6435284E-04   0.2497449E-02
     7710.00  0.2401483E-02   0.6426433E-04   0.2465747E-02
     7730.00  0.2393640E-02   0.6417582E-04   0.2457816E-02
     7750.00  0.2373866E-02   0.6408732E-04   0.2437953E-02
     7770.00  0.2351272E-02   0.6399882E-04   0.2415271E-02
     7790.00  0.2352136E-02   0.6391033E-04   0.2416046E-02
     7810.00  0.2338664E-02   0.6382183E-04   0.2402486E-02
     7830.00  0.2316969E-02   0.6373335E-04   0.2380702E-02
     7850.00  0.2297485E-02   0.6364486E-04   0.2361130E-02
     7870.00  0.2285020E-02   0.6253511E-04   0.2347555E-02
     7890.00  0.2258148E-02   0.6244897E-04   0.2320597E-02
     7910.00  0.2235335E-02   0.6236283E-04   0.2297698E-02
     7930.00  0.2219830E-02   0.6227669E-04   0.2282107E-02
     7950.00  0.2200594E-02   0.6219055E-04   0.2262785E-02
     7970.00  0.2204886E-02   0.6210442E-04   0.2266990E-02
     7990.00  0.2186503E-02   0.6201830E-04   0.2248521E-02
     8010.00  0.2184511E-02   0.6193217E-04   0.2246443E-02
     8030.00  0.2172510E-02   0.6184605E-04   0.2234356E-02
     8050.00  0.2154700E-02   0.6175993E-04   0.2216460E-02
     8070.00  0.2143686E-02   0.6167382E-04   0.2205360E-02
     8090.00  0.2123987E-02   0.6158771E-04   0.2185575E-02
     8110.00  0.2114526E-02   0.6150161E-04   0.2176028E-02
     8130.00  0.2103010E-02   0.6141551E-04   0.2164426E-02
     8150.00  0.2089375E-02   0.6132942E-04   0.2150704E-02
     8170.00  0.2076386E-02   0.6124334E-04   0.2137629E-02
     8190.00  0.2052468E-02   0.6115726E-04   0.2113625E-02
     8210.00  0.2060433E-02   0.5485555E-04   0.2115289E-02
     8230.00  0.2047914E-02   0.3059069E-04   0.2078505E-02
     8250.00  0.2036479E-02   0.3053116E-04   0.2067010E-02
     8270.00  0.2023529E-02   0.3047187E-04   0.2054001E-02
     8290.00  0.2000307E-02   0.3011346E-04   0.2030420E-02
     8310.00  0.1969666E-02   0.3005539E-04   0.1999721E-02
     8330.00  0.1944445E-02   0.2999757E-04   0.1974443E-02
     8350.00  0.1953063E-02   0.2993999E-04   0.1983003E-02
     8370.00  0.1922048E-02   0.2988265E-04   0.1951931E-02
     8390.00  0.1921467E-02   0.2982554E-04   0.1951293E-02
     8410.00  0.1928230E-02   0.2976865E-04   0.1957999E-02
     8430.00  0.1947989E-02   0.2971200E-04   0.1977701E-02
     8450.00  0.1942105E-02   0.2965556E-04   0.1971761E-02
     8470.00  0.1879770E-02   0.2959935E-04   0.1909369E-02
     8490.00  0.1965334E-02   0.2954335E-04   0.1994877E-02
     8510.00  0.1822632E-02   0.2948758E-04   0.1852120E-02
     8530.00  0.1958057E-02   0.2943201E-04   0.1987489E-02
     8550.00  0.1695826E-02   0.2937666E-04   0.1725203E-02
     8570.00  0.1970294E-02   0.2932151E-04   0.1999616E-02
     8590.00  0.1886404E-02   0.2926657E-04   0.1915671E-02
     8610.00  0.1846902E-02   0.2921184E-04   0.1876114E-02
     8630.00  0.1943652E-02   0.2915731E-04   0.1972809E-02
     8650.00  0.1902240E-02   0.2910298E-04   0.1931343E-02
     8670.00  0.1649678E-02   0.2904884E-04   0.1678727E-02
     8690.00  0.1888894E-02   0.2899490E-04   0.1917889E-02
     8710.00  0.1903565E-02   0.2894116E-04   0.1932506E-02
     8730.00  0.1880375E-02   0.2888761E-04   0.1909263E-02
     8750.00  0.1715388E-02   0.2883424E-04   0.1744222E-02
     8770.00  0.1845487E-02   0.2878107E-04   0.1874268E-02
     8790.00  0.1860482E-02   0.2872808E-04   0.1889210E-02
     8810.00  0.1844176E-02   0.2867527E-04   0.1872851E-02
     8830.00  0.1828874E-02   0.2862265E-04   0.1857497E-02
     8850.00  0.1785113E-02   0.2857021E-04   0.1813683E-02
     8870.00  0.1660460E-02   0.2851794E-04   0.1688978E-02
     8890.00  0.1798101E-02   0.2846585E-04   0.1826567E-02
     8910.00  0.1796459E-02   0.2841394E-04   0.1824873E-02
     8930.00  0.1783352E-02   0.2836220E-04   0.1811714E-02
     8950.00  0.1774887E-02   0.2831064E-04   0.1803198E-02
     8970.00  0.1765496E-02   0.2825924E-04   0.1793755E-02
     8990.00  0.1746548E-02   0.2820801E-04   0.1774756E-02
     9010.00  0.1604797E-02   0.2815695E-04   0.1632954E-02
     9030.00  0.1676905E-02   0.2810605E-04   0.1705011E-02
     9050.00  0.1723540E-02   0.2805532E-04   0.1751595E-02
     9070.00  0.1705026E-02   0.2800475E-04   0.1733031E-02
     9090.00  0.1683097E-02   0.2795434E-04   0.1711051E-02
     9110.00  0.1689723E-02   0.2790410E-04   0.1717627E-02
     9130.00  0.1685743E-02   0.2785402E-04   0.1713597E-02
     9150.00  0.1677753E-02   0.2780410E-04   0.1705557E-02
     9170.00  0.1666509E-02   0.2775434E-04   0.1694263E-02
     9190.00  0.1655678E-02   0.2770474E-04   0.1683383E-02
     9210.00  0.1622366E-02   0.2765528E-04   0.1650021E-02
     9230.00  0.1485960E-02   0.2760598E-04   0.1513566E-02
     9250.00  0.1593045E-02   0.2755683E-04   0.1620602E-02
     9270.00  0.1605474E-02   0.2750783E-04   0.1632982E-02
     9290.00  0.1609364E-02   0.2745897E-04   0.1636823E-02
     9310.00  0.1602800E-02   0.2741026E-04   0.1630210E-02
     9330.00  0.1593209E-02   0.2736169E-04   0.1620571E-02
     9350.00  0.1583107E-02   0.2731327E-04   0.1610420E-02
     9370.00  0.1570974E-02   0.2726500E-04   0.1598239E-02
     9390.00  0.1565481E-02   0.2721686E-04   0.1592698E-02
     9410.00  0.1540242E-02   0.2716887E-04   0.1567411E-02
     9430.00  0.1546448E-02   0.2712101E-04   0.1573569E-02
     9450.00  0.1535828E-02   0.2707329E-04   0.1562901E-02
     9470.00  0.1530701E-02   0.2702572E-04   0.1557727E-02
     9490.00  0.1522259E-02   0.2697827E-04   0.1549237E-02
     9510.00  0.1509169E-02   0.2693096E-04   0.1536100E-02
     9530.00  0.1481430E-02   0.2688379E-04   0.1508314E-02
     9550.00  0.1364562E-02   0.2683675E-04   0.1391399E-02
     9570.00  0.1469269E-02   0.2678984E-04   0.1496059E-02
     9590.00  0.1477334E-02   0.2674307E-04   0.1504077E-02
     9610.00  0.1466731E-02   0.2669642E-04   0.1493427E-02
     9630.00  0.1455911E-02   0.2664991E-04   0.1482561E-02
     9650.00  0.1448851E-02   0.2660353E-04   0.1475455E-02
     9670.00  0.1438512E-02   0.2655727E-04   0.1465069E-02
     9690.00  0.1437207E-02   0.2651113E-04   0.1463718E-02
     9710.00  0.1429227E-02   0.2646513E-04   0.1455692E-02
     9730.00  0.1421604E-02   0.2641925E-04   0.1448023E-02
     9750.00  0.1410995E-02   0.2637350E-04   0.1437368E-02
     9770.00  0.1405970E-02   0.2632787E-04   0.1432298E-02
     9790.00  0.1395937E-02   0.2628236E-04   0.1422219E-02
     9810.00  0.1392479E-02   0.2623698E-04   0.1418716E-02
     9830.00  0.1385350E-02   0.2619171E-04   0.1411542E-02
     9850.00  0.1376699E-02   0.2614657E-04   0.1402846E-02
     9870.00  0.1368011E-02   0.2610155E-04   0.1394113E-02
     9890.00  0.1359267E-02   0.2605664E-04   0.1385324E-02
     9910.00  0.1353749E-02   0.2601185E-04   0.1379761E-02
     9930.00  0.1346697E-02   0.2596719E-04   0.1372664E-02
     9950.00  0.1340479E-02   0.2592264E-04   0.1366402E-02
     9970.00  0.1333905E-02   0.2587820E-04   0.1359783E-02
     9990.00  0.1326063E-02   0.2583389E-04   0.1351897E-02
    10025.00  0.1289784E-02   0.2575660E-04   0.1315541E-02
    10075.00  0.1254470E-02   0.2564680E-04   0.1280117E-02
    10125.00  0.1272615E-02   0.2553771E-04   0.1298153E-02
    10175.00  0.1255790E-02   0.2542987E-04   0.1281220E-02
    10225.00  0.1242080E-02   0.2532281E-04   0.1267403E-02
    10275.00  0.1229091E-02   0.2521640E-04   0.1254307E-02
    10325.00  0.1206531E-02   0.2511062E-04   0.1231642E-02
    10375.00  0.1192967E-02   0.2500548E-04   0.1217972E-02
    10425.00  0.1180429E-02   0.2490096E-04   0.1205330E-02
    10475.00  0.1160713E-02   0.2479705E-04   0.1185510E-02
    10525.00  0.1149857E-02   0.2469376E-04   0.1174551E-02
    10575.00  0.1134378E-02   0.2459107E-04   0.1158969E-02
    10625.00  0.1118795E-02   0.2448898E-04   0.1143284E-02
    10675.00  0.1096712E-02   0.2438748E-04   0.1121099E-02
    10725.00  0.1088928E-02   0.2428657E-04   0.1113215E-02
    10775.00  0.1074460E-02   0.2418623E-04   0.1098646E-02
    10825.00  0.1057829E-02   0.2408647E-04   0.1081915E-02
    10875.00  0.1046259E-02   0.2398728E-04   0.1070246E-02
    10925.00  0.9985856E-03   0.2388864E-04   0.1022474E-02
    10975.00  0.1015124E-02   0.2379057E-04   0.1038915E-02
    11025.00  0.1014776E-02   0.2369304E-04   0.1038469E-02
    11075.00  0.1003950E-02   0.2359607E-04   0.1027546E-02
    11125.00  0.9899032E-03   0.2349963E-04   0.1013403E-02
    11175.00  0.9770431E-03   0.2167933E-04   0.9987224E-03
    11225.00  0.9680444E-03   0.2158991E-04   0.9896343E-03
    11275.00  0.9502716E-03   0.2150101E-04   0.9717726E-03
    11325.00  0.9395240E-03   0.2141264E-04   0.9609366E-03
    11375.00  0.9305040E-03   0.2132478E-04   0.9518288E-03
    11425.00  0.9161225E-03   0.2123744E-04   0.9373599E-03
    11475.00  0.9122523E-03   0.2115060E-04   0.9334029E-03
    11525.00  0.9016622E-03   0.2106426E-04   0.9227265E-03
    11575.00  0.8893423E-03   0.2097842E-04   0.9103207E-03
    11625.00  0.8730739E-03   0.2089308E-04   0.8939670E-03
    11675.00  0.8642472E-03   0.2080823E-04   0.8850554E-03
    11725.00  0.8609769E-03   0.2072386E-04   0.8817008E-03
    11775.00  0.8435509E-03   0.2063997E-04   0.8641909E-03
    11825.00  0.8363912E-03   0.2055657E-04   0.8569478E-03
    11875.00  0.8222947E-03   0.2047363E-04   0.8427683E-03
    11925.00  0.8225298E-03   0.2039117E-04   0.8429210E-03
    11975.00  0.8041036E-03   0.2030917E-04   0.8244128E-03
    12025.00  0.8015485E-03   0.2022763E-04   0.8217761E-03
    12075.00  0.7904037E-03   0.2014656E-04   0.8105503E-03
    12125.00  0.7830558E-03   0.2006593E-04   0.8031217E-03
    12175.00  0.7768025E-03   0.1998576E-04   0.7967883E-03
    12225.00  0.7676562E-03   0.1990604E-04   0.7875622E-03
    12275.00  0.7581078E-03   0.1982676E-04   0.7779346E-03
    12325.00  0.7505133E-03   0.1974792E-04   0.7702612E-03
    12375.00  0.7421361E-03   0.1966952E-04   0.7618056E-03
    12425.00  0.7345774E-03   0.1959155E-04   0.7541689E-03
    12475.00  0.7268994E-03   0.1951401E-04   0.7464134E-03
    12525.00  0.7180853E-03   0.1941833E-04   0.7375036E-03
    12575.00  0.7095099E-03   0.1934178E-04   0.7288517E-03
    12625.00  0.7021396E-03   0.1926566E-04   0.7214053E-03
    12675.00  0.6948293E-03   0.1918995E-04   0.7140192E-03
    12725.00  0.6885268E-03   0.1911465E-04   0.7076414E-03
    12775.00  0.6796889E-03   0.1903977E-04   0.6987287E-03
    12825.00  0.6440783E-03   0.1896529E-04   0.6630436E-03
    12875.00  0.6644723E-03   0.1889123E-04   0.6833635E-03
    12925.00  0.6579795E-03   0.1881756E-04   0.6767971E-03
    12975.00  0.6528311E-03   0.1874430E-04   0.6715754E-03
    13025.00  0.6453849E-03   0.1867143E-04   0.6640563E-03
    13075.00  0.6395658E-03   0.1859878E-04   0.6581646E-03
    13125.00  0.6311919E-03   0.1852650E-04   0.6497184E-03
    13175.00  0.6238942E-03   0.1845461E-04   0.6423488E-03
    13225.00  0.6195102E-03   0.1838311E-04   0.6378933E-03
    13275.00  0.6106855E-03   0.1831198E-04   0.6289975E-03
    13325.00  0.6064386E-03   0.1824124E-04   0.6246798E-03
    13375.00  0.5997423E-03   0.1817087E-04   0.6179132E-03
    13425.00  0.5953501E-03   0.1810087E-04   0.6134510E-03
    13475.00  0.5891093E-03   0.1803125E-04   0.6071406E-03
    13525.00  0.5829594E-03   0.1796200E-04   0.6009214E-03
    13575.00  0.5748010E-03   0.1789311E-04   0.5926941E-03
    13625.00  0.5695986E-03   0.1781699E-04   0.5874156E-03
    13675.00  0.5647267E-03   0.1774887E-04   0.5824756E-03
    13725.00  0.5578473E-03   0.1768111E-04   0.5755284E-03
    13775.00  0.5536718E-03   0.1761370E-04   0.5712855E-03
    13825.00  0.5486520E-03   0.1754665E-04   0.5661987E-03
    13875.00  0.5429348E-03   0.1747996E-04   0.5604148E-03
    13925.00  0.5385416E-03   0.1741361E-04   0.5559552E-03
    13975.00  0.5337490E-03   0.1734762E-04   0.5510966E-03
    14025.00  0.5266752E-03   0.1728197E-04   0.5439572E-03
    14075.00  0.5236564E-03   0.1721667E-04   0.5408731E-03
    14125.00  0.5170008E-03   0.1707184E-04   0.5340726E-03
    14175.00  0.5139330E-03   0.1700773E-04   0.5309407E-03
    14225.00  0.5063462E-03   0.1694396E-04   0.5232902E-03
    14275.00  0.5008133E-03   0.1688052E-04   0.5176938E-03
    14325.00  0.4987092E-03   0.1681741E-04   0.5155266E-03
    14375.00  0.4953502E-03   0.1675463E-04   0.5121048E-03
    14425.00  0.4837377E-03   0.1669217E-04   0.5004299E-03
    14475.00  0.4856409E-03   0.1663004E-04   0.5022709E-03
    14525.00  0.4773832E-03   0.1656824E-04   0.4939514E-03
    14570.00  0.4758542E-03   0.1651288E-04   0.4923671E-03
    14620.00  0.4723689E-03   0.1226954E-04   0.4846384E-03
    14675.00  0.4685754E-03   0.1221957E-04   0.4807950E-03
    14725.00  0.4614164E-03   0.1214553E-04   0.4735619E-03
    14775.00  0.4572931E-03   0.1210074E-04   0.4693938E-03
    14825.00  0.4528297E-03   0.1205620E-04   0.4648859E-03
    14875.00  0.4459808E-03   0.1201191E-04   0.4579927E-03
    14925.00  0.4448859E-03   0.1196787E-04   0.4568538E-03
    14975.00  0.4402869E-03   0.1192407E-04   0.4522110E-03
    15025.00  0.4323585E-03   0.1188052E-04   0.4442390E-03
    15075.00  0.4290419E-03   0.1183722E-04   0.4408791E-03
    15125.00  0.4289665E-03   0.1179415E-04   0.4407607E-03
    15175.00  0.4267341E-03   0.1175132E-04   0.4384854E-03
    15225.00  0.4272867E-03   0.1170875E-04   0.4389954E-03
    15275.00  0.4173772E-03   0.1166642E-04   0.4290436E-03
    15325.00  0.4151954E-03   0.1162433E-04   0.4268197E-03
    15375.00  0.4183504E-03   0.1158246E-04   0.4299329E-03
    15425.00  0.4067568E-03   0.1154083E-04   0.4182976E-03
    15475.00  0.4124441E-03   0.1149942E-04   0.4239435E-03
    15525.00  0.4090155E-03   0.1145824E-04   0.4204737E-03
    15575.00  0.3925348E-03   0.1141729E-04   0.4039521E-03
    15625.00  0.4046075E-03   0.1137655E-04   0.4159841E-03
    15675.00  0.3955141E-03   0.1133604E-04   0.4068501E-03
    15725.00  0.3855010E-03   0.1129574E-04   0.3967967E-03
    15775.00  0.3885787E-03   0.1125566E-04   0.3998344E-03
    15825.00  0.3878739E-03   0.1121580E-04   0.3990897E-03
    15875.00  0.3675191E-03   0.1117615E-04   0.3786953E-03
    15925.00  0.3813821E-03   0.1113672E-04   0.3925188E-03
    15975.00  0.3786501E-03   0.1109749E-04   0.3897476E-03
    16050.00  0.3727539E-03   0.1103905E-04   0.3837930E-03
    16150.00  0.3601258E-03   0.1096185E-04   0.3710877E-03
    16250.00  0.3611141E-03   0.1088547E-04   0.3719996E-03
    16350.00  0.3537711E-03   0.1080990E-04   0.3645810E-03
    16450.00  0.3384108E-03   0.1073512E-04   0.3491459E-03
    16550.00  0.3414346E-03   0.1066112E-04   0.3520957E-03
    16650.00  0.3329832E-03   0.1058790E-04   0.3435711E-03
    16750.00  0.3256995E-03   0.1051544E-04   0.3362149E-03
    16850.00  0.3123657E-03   0.1044374E-04   0.3228094E-03
    16950.00  0.3149134E-03   0.1037277E-04   0.3252862E-03
    17050.00  0.3064460E-03   0.1030254E-04   0.3167485E-03
    17150.00  0.3016828E-03   0.1023302E-04   0.3119158E-03
    17250.00  0.2945548E-03   0.1016422E-04   0.3047190E-03
    17350.00  0.2812641E-03   0.1009612E-04   0.2913602E-03
    17450.00  0.2825307E-03   0.1002872E-04   0.2925594E-03
    17550.00  0.2776709E-03   0.9961998E-05   0.2876329E-03
    17650.00  0.2722846E-03   0.9895951E-05   0.2821806E-03
    17750.00  0.2669472E-03   0.9830570E-05   0.2767778E-03
    17850.00  0.2620636E-03   0.9765846E-05   0.2718294E-03
    17950.00  0.2574778E-03   0.9701771E-05   0.2671796E-03
    18050.00  0.2518598E-03   0.9638335E-05   0.2614981E-03
    18150.00  0.2420140E-03   0.9575530E-05   0.2515895E-03
    18250.00  0.2416880E-03   0.9513361E-05   0.2512014E-03
    18350.00  0.2380506E-03   0.9451916E-05   0.2475025E-03
    18450.00  0.2329611E-03   0.9391068E-05   0.2423522E-03
    18550.00  0.2290688E-03   0.9032348E-05   0.2381011E-03
    18650.00  0.2242264E-03   0.8974688E-05   0.2332011E-03
    18750.00  0.2140103E-03   0.8917588E-05   0.2229279E-03
    18850.00  0.2162821E-03   0.8861038E-05   0.2251431E-03
    18950.00  0.2106091E-03   0.8805034E-05   0.2194141E-03
    19050.00  0.2091360E-03   0.8749568E-05   0.2178856E-03
    19150.00  0.2050709E-03   0.8694634E-05   0.2137655E-03
    19250.00  0.2015003E-03   0.8640225E-05   0.2101405E-03
    19350.00  0.1971108E-03   0.8586335E-05   0.2056971E-03
    19450.00  0.1891737E-03   0.8532956E-05   0.1977067E-03
    19550.00  0.1904990E-03   0.8480084E-05   0.1989791E-03
    19650.00  0.1872487E-03   0.8427712E-05   0.1956764E-03
    19750.00  0.1836124E-03   0.8375834E-05   0.1919882E-03
    19850.00  0.1807492E-03   0.8324444E-05   0.1890736E-03
    19950.00  0.1776316E-03   0.8273535E-05   0.1859051E-03
    20050.00  0.1750568E-03   0.8223103E-05   0.1832799E-03
    20150.00  0.1723014E-03   0.8173141E-05   0.1804745E-03
    20250.00  0.1687028E-03   0.8121405E-05   0.1768242E-03
    20350.00  0.1654781E-03   0.8072388E-05   0.1735505E-03
    20450.00  0.1636118E-03   0.8023826E-05   0.1716356E-03
    20550.00  0.1606910E-03   0.7975711E-05   0.1686667E-03
    20650.00  0.1575770E-03   0.7928040E-05   0.1655050E-03
    20750.00  0.1550970E-03   0.7880807E-05   0.1629778E-03
    20850.00  0.1526380E-03   0.7834006E-05   0.1604720E-03
    20950.00  0.1497209E-03   0.7787633E-05   0.1575085E-03
    21050.00  0.1476837E-03   0.7741682E-05   0.1554254E-03
    21150.00  0.1450512E-03   0.7696149E-05   0.1527473E-03
    21250.00  0.1426703E-03   0.7651028E-05   0.1503213E-03
    21350.00  0.1405442E-03   0.7606315E-05   0.1481505E-03
    21450.00  0.1383726E-03   0.7562005E-05   0.1459346E-03
    21550.00  0.1360934E-03   0.7517112E-05   0.1436105E-03
    21650.00  0.1308252E-03   0.7473602E-05   0.1382988E-03
    21750.00  0.1313323E-03   0.7430481E-05   0.1387628E-03
    21850.00  0.1293448E-03   0.7387744E-05   0.1367325E-03
    21950.00  0.1275818E-03   0.7345388E-05   0.1349272E-03
    22050.00  0.1250872E-03   0.7303408E-05   0.1323906E-03
    22150.00  0.1234252E-03   0.7261799E-05   0.1306870E-03
    22250.00  0.1213824E-03   0.7209471E-05   0.1285919E-03
    22350.00  0.1195319E-03   0.7168703E-05   0.1267006E-03
    22450.00  0.1177440E-03   0.7128293E-05   0.1248723E-03
    22550.00  0.1156885E-03   0.7088236E-05   0.1227767E-03
    22650.00  0.1139763E-03   0.7048529E-05   0.1210248E-03
    22750.00  0.1123658E-03   0.7009166E-05   0.1193750E-03
    22850.00  0.1105291E-03   0.6074051E-05   0.1166032E-03
    22950.00  0.1029602E-03   0.6036337E-05   0.1089965E-03
    23050.00  0.1046598E-03   0.6003532E-05   0.1106633E-03
    23150.00  0.1033118E-03   0.5971011E-05   0.1092828E-03
    23250.00  0.9657054E-04   0.5938770E-05   0.1025093E-03
    23350.00  0.9845225E-04   0.5906806E-05   0.1043591E-03
    23450.00  0.9755211E-04   0.5875115E-05   0.1034272E-03
    23550.00  0.9117037E-04   0.5843695E-05   0.9701407E-04
    23650.00  0.9314336E-04   0.5812543E-05   0.9895590E-04
    23750.00  0.9247396E-04   0.5781655E-05   0.9825561E-04
    23850.00  0.8688570E-04   0.5751028E-05   0.9263673E-04
    23950.00  0.8839962E-04   0.5720660E-05   0.9412028E-04
    24050.00  0.8798624E-04   0.5690548E-05   0.9367679E-04
    24150.00  0.8339362E-04   0.5660689E-05   0.8905431E-04
    24250.00  0.8488981E-04   0.5631079E-05   0.9052089E-04
    24350.00  0.8389207E-04   0.5601716E-05   0.8949379E-04
    24450.00  0.8079169E-04   0.5572598E-05   0.8636429E-04
    24550.00  0.8059746E-04   0.5543722E-05   0.8614118E-04
    24650.00  0.8077482E-04   0.5515084E-05   0.8628990E-04
    24750.00  0.7868980E-04   0.5486683E-05   0.8417648E-04
    24850.00  0.7703375E-04   0.5458516E-05   0.8249227E-04
    24950.00  0.7642907E-04   0.5430580E-05   0.8185965E-04
    25050.00  0.7750114E-04   0.5402872E-05   0.8290401E-04
    25150.00  0.7400361E-04   0.5375391E-05   0.7937900E-04
    25250.00  0.7339073E-04   0.5348133E-05   0.7873886E-04
    25350.00  0.7393161E-04   0.5321097E-05   0.7925271E-04
    25450.00  0.7238733E-04   0.5294279E-05   0.7768161E-04
    25550.00  0.7131453E-04   0.5267679E-05   0.7658221E-04
    25650.00  0.6973053E-04   0.5241292E-05   0.7497182E-04
    25750.00  0.7027584E-04   0.5215117E-05   0.7549096E-04
    25850.00  0.6812710E-04   0.5189152E-05   0.7331625E-04
    25950.00  0.6804541E-04   0.5163394E-05   0.7320880E-04
    26050.00  0.6733827E-04   0.5137841E-05   0.7247611E-04
    26150.00  0.6522825E-04   0.5112492E-05   0.7034074E-04
    26250.00  0.6406480E-04   0.5087343E-05   0.6915214E-04
    26350.00  0.6479289E-04   0.5062393E-05   0.6985528E-04
    26450.00  0.6415269E-04   0.5037639E-05   0.6919033E-04
    26550.00  0.6304754E-04   0.5013080E-05   0.6806062E-04
    26650.00  0.6194827E-04   0.4988713E-05   0.6693698E-04
    26750.00  0.6092855E-04   0.4964537E-05   0.6589309E-04
    26850.00  0.6105801E-04   0.4940550E-05   0.6599856E-04
    26950.00  0.6005164E-04   0.4916749E-05   0.6496839E-04
    27050.00  0.5952177E-04   0.4893132E-05   0.6441490E-04
    27150.00  0.5881213E-04   0.4869698E-05   0.6368183E-04
    27250.00  0.5819531E-04   0.4846445E-05   0.6304176E-04
    27350.00  0.5718270E-04   0.4823371E-05   0.6200607E-04
    27450.00  0.5667678E-04   0.4800474E-05   0.6147725E-04
    27550.00  0.5522430E-04   0.4777753E-05   0.6000205E-04
    27650.00  0.5510300E-04   0.4681722E-05   0.5978472E-04
    27750.00  0.5451031E-04   0.4659740E-05   0.5917005E-04
    27850.00  0.5392738E-04   0.4637925E-05   0.5856530E-04
    27950.00  0.5341139E-04   0.4616274E-05   0.5802766E-04
    28050.00  0.5270566E-04   0.4594788E-05   0.5730045E-04
    28150.00  0.5197699E-04   0.4573463E-05   0.5655045E-04
    28250.00  0.5137354E-04   0.4552298E-05   0.5592584E-04
    28350.00  0.5082273E-04   0.4531292E-05   0.5535402E-04
    28450.00  0.5013734E-04   0.4510443E-05   0.5464778E-04
    28550.00  0.4951250E-04   0.4489750E-05   0.5400225E-04
    28650.00  0.4881368E-04   0.4469210E-05   0.5328289E-04
    28750.00  0.4745393E-04   0.4448823E-05   0.5190275E-04
    28850.00  0.4768525E-04   0.4428586E-05   0.5211384E-04
    28950.00  0.4713229E-04   0.4408499E-05   0.5154079E-04
    29050.00  0.4655307E-04   0.4388560E-05   0.5094163E-04
    29150.00  0.4597754E-04   0.4368767E-05   0.5034631E-04
    29250.00  0.4535465E-04   0.4349119E-05   0.4970377E-04
    29350.00  0.4490315E-04   0.4329614E-05   0.4923276E-04
    29450.00  0.4426305E-04   0.4310252E-05   0.4857330E-04
    29550.00  0.4375603E-04   0.4291031E-05   0.4804706E-04
    29650.00  0.4325564E-04   0.4271948E-05   0.4752759E-04
    29750.00  0.4272022E-04   0.4252579E-05   0.4697280E-04
    29850.00  0.4220171E-04   0.4233773E-05   0.4643548E-04
    29950.00  0.4167529E-04   0.4215102E-05   0.4589039E-04
    30050.00  0.4115713E-04   0.4196566E-05   0.4535370E-04
    30150.00  0.4068073E-04   0.4178162E-05   0.4485889E-04
    30250.00  0.4016464E-04   0.4159890E-05   0.4432453E-04
    30350.00  0.3905011E-04   0.4141747E-05   0.4319186E-04
    30450.00  0.3901916E-04   0.4123734E-05   0.4314289E-04
    30550.00  0.3870726E-04   0.4105849E-05   0.4281311E-04
    30650.00  0.3822996E-04   0.4088089E-05   0.4231805E-04
    30750.00  0.3781570E-04   0.4070456E-05   0.4188616E-04
    30850.00  0.3731716E-04   0.4052946E-05   0.4137011E-04
    30950.00  0.3687037E-04   0.4035559E-05   0.4090593E-04
    31050.00  0.3647101E-04   0.4018294E-05   0.4048930E-04
    31150.00  0.3591103E-04   0.4001149E-05   0.3991218E-04
    31250.00  0.3558232E-04   0.3984124E-05   0.3956644E-04
    31350.00  0.3517304E-04   0.3967022E-05   0.3914006E-04
    31450.00  0.3475168E-04   0.3950230E-05   0.3870191E-04
    31550.00  0.3430145E-04   0.3933555E-05   0.3823500E-04
    31650.00  0.3393446E-04   0.3916995E-05   0.3785145E-04
    31750.00  0.3354546E-04   0.3900548E-05   0.3744601E-04
    31850.00  0.3316246E-04   0.3884215E-05   0.3704668E-04
    31950.00  0.3279496E-04   0.3867994E-05   0.3666295E-04
    32100.00  0.3220315E-04   0.3841627E-05   0.3604478E-04
    32300.00  0.3146897E-04   0.3809879E-05   0.3527885E-04
    32500.00  0.3074023E-04   0.3778560E-05   0.3451879E-04
    32700.00  0.3003443E-04   0.3747663E-05   0.3378209E-04
    32900.00  0.2903136E-04   0.3464265E-05   0.3249562E-04
    33100.00  0.2861912E-04   0.3435608E-05   0.3205473E-04
    33300.00  0.2799041E-04   0.3408318E-05   0.3139873E-04
    33500.00  0.2739768E-04   0.3381387E-05   0.3077907E-04
    33700.00  0.2676537E-04   0.3354807E-05   0.3012018E-04
    33900.00  0.2614963E-04   0.3328574E-05   0.2947820E-04
    34100.00  0.2556354E-04   0.3302679E-05   0.2886622E-04
    34300.00  0.2504198E-04   0.3277119E-05   0.2831910E-04
    34500.00  0.2450155E-04   0.3251886E-05   0.2775344E-04
    34700.00  0.2397275E-04   0.3226975E-05   0.2719973E-04
    34900.00  0.2345096E-04   0.3202381E-05   0.2665334E-04
    35100.00  0.2296044E-04   0.3178098E-05   0.2613854E-04
    35300.00  0.2244610E-04   0.3154121E-05   0.2560022E-04
    35500.00  0.2197174E-04   0.3130444E-05   0.2510218E-04
    35700.00  0.2147372E-04   0.3107062E-05   0.2458078E-04
    35900.00  0.2111232E-04   0.3083971E-05   0.2419629E-04
    36100.00  0.2059431E-04   0.3061166E-05   0.2365548E-04
    36300.00  0.2026062E-04   0.3038641E-05   0.2329926E-04
    36500.00  0.1971178E-04   0.3016392E-05   0.2272817E-04
    36700.00  0.1941149E-04   0.2994415E-05   0.2240591E-04
    36900.00  0.1886212E-04   0.2972705E-05   0.2183482E-04
    37100.00  0.1858712E-04   0.2951257E-05   0.2153838E-04
    37300.00  0.1817404E-04   0.2930067E-05   0.2110411E-04
    37500.00  0.1759391E-04   0.2909131E-05   0.2050304E-04
    37700.00  0.1750959E-04   0.2888445E-05   0.2039804E-04
    37900.00  0.1716252E-04   0.2868005E-05   0.2003053E-04
    38100.00  0.1675141E-04   0.2847807E-05   0.1959922E-04
    38300.00  0.1646452E-04   0.2827846E-05   0.1929237E-04
    38500.00  0.1618314E-04   0.2808120E-05   0.1899126E-04
    38700.00  0.1585294E-04   0.2765762E-05   0.1861870E-04
    38900.00  0.1553937E-04   0.2746686E-05   0.1828606E-04
    39100.00  0.1513550E-04   0.2727831E-05   0.1786333E-04
    39300.00  0.1495863E-04   0.2709193E-05   0.1766782E-04
    39500.00  0.1465466E-04   0.2690768E-05   0.1734543E-04
    39700.00  0.1438706E-04   0.2672554E-05   0.1705961E-04
    39900.00  0.1407562E-04   0.2654547E-05   0.1673017E-04
    40100.00  0.1379245E-04   0.2636744E-05   0.1642919E-04
    40300.00  0.1350577E-04   0.2619142E-05   0.1612491E-04
    40500.00  0.1318611E-04   0.2601738E-05   0.1578785E-04
    40700.00  0.1306927E-04   0.2584528E-05   0.1565380E-04
    40900.00  0.1282950E-04   0.2567510E-05   0.1539701E-04
    41100.00  0.1260106E-04   0.2550581E-05   0.1515164E-04
    41300.00  0.1236819E-04   0.2533938E-05   0.1490213E-04
    41500.00  0.1213138E-04   0.2517478E-05   0.1464886E-04
    41700.00  0.1181795E-04   0.2501198E-05   0.1431915E-04
    41900.00  0.1169034E-04   0.2485096E-05   0.1417544E-04
    42100.00  0.1146415E-04   0.2469169E-05   0.1393332E-04
    42300.00  0.1128913E-04   0.2453414E-05   0.1374254E-04
    42500.00  0.1106840E-04   0.2437829E-05   0.1350623E-04
    42700.00  0.1088016E-04   0.2422412E-05   0.1330257E-04
    42900.00  0.1042406E-04   0.2407159E-05   0.1283122E-04
    43100.00  0.1006048E-04   0.2392019E-05   0.1245250E-04
    43300.00  0.1006630E-04   0.2377090E-05   0.1244339E-04
    43500.00  0.9621653E-05   0.2362318E-05   0.1198397E-04
    43700.00  0.9381421E-05   0.2347703E-05   0.1172912E-04
    43900.00  0.9292257E-05   0.2332654E-05   0.1162491E-04
    44100.00  0.8849035E-05   0.2318349E-05   0.1116738E-04
    44300.00  0.8808419E-05   0.2304193E-05   0.1111261E-04
    44500.00  0.8607368E-05   0.2290183E-05   0.1089755E-04
    44700.00  0.8256940E-05   0.2256697E-05   0.1051364E-04
    44900.00  0.8303525E-05   0.2176035E-05   0.1047956E-04
    45100.00  0.8102050E-05   0.2163104E-05   0.1026515E-04
    45300.00  0.7810895E-05   0.2150304E-05   0.9961199E-05
    45500.00  0.7791181E-05   0.2137634E-05   0.9928815E-05
    45700.00  0.7675060E-05   0.2125091E-05   0.9800151E-05
    45900.00  0.7366965E-05   0.2112674E-05   0.9479639E-05
    46100.00  0.7405818E-05   0.2100382E-05   0.9506200E-05
    46300.00  0.7232942E-05   0.2088211E-05   0.9321153E-05
    46500.00  0.7064392E-05   0.2076162E-05   0.9140554E-05
    46700.00  0.6973949E-05   0.2064231E-05   0.9038180E-05
    46900.00  0.6920183E-05   0.2052418E-05   0.8972601E-05
    47100.00  0.6772317E-05   0.2040721E-05   0.8813038E-05
    47300.00  0.6757559E-05   0.2029139E-05   0.8786698E-05
    47500.00  0.6623453E-05   0.2017669E-05   0.8641122E-05
    47700.00  0.6527461E-05   0.2006310E-05   0.8533771E-05
    47900.00  0.6417409E-05   0.1995061E-05   0.8412470E-05
    48100.00  0.6288298E-05   0.1983921E-05   0.8272219E-05
    48300.00  0.6285758E-05   0.1972887E-05   0.8258645E-05
    48500.00  0.6160326E-05   0.1961959E-05   0.8122285E-05
    48700.00  0.6043026E-05   0.1951135E-05   0.7994161E-05
    48900.00  0.5986793E-05   0.1940413E-05   0.7927206E-05
    49100.00  0.5865435E-05   0.1929793E-05   0.7795228E-05
    49300.00  0.5793655E-05   0.1919273E-05   0.7712928E-05
    49500.00  0.5706386E-05   0.1908852E-05   0.7615238E-05
    49700.00  0.5641653E-05   0.1898528E-05   0.7540181E-05
    49900.00  0.5543484E-05   0.1888301E-05   0.7431785E-05
    50100.00  0.5496458E-05   0.1878168E-05   0.7374626E-05
    50300.00  0.5416861E-05   0.1868129E-05   0.7284990E-05
    50500.00  0.5305129E-05   0.1858183E-05   0.7163312E-05
    50700.00  0.5242438E-05   0.1848328E-05   0.7090766E-05
    50900.00  0.5184435E-05   0.1838563E-05   0.7022998E-05
    51100.00  0.5094776E-05   0.1828887E-05   0.6923663E-05
    51300.00  0.4993441E-05   0.1819300E-05   0.6812741E-05
    51500.00  0.4965475E-05   0.1801372E-05   0.6766847E-05
    51700.00  0.4943746E-05   0.1792013E-05   0.6735759E-05
    51900.00  0.4848443E-05   0.1782739E-05   0.6631182E-05
    52100.00  0.4773024E-05   0.1773547E-05   0.6546571E-05
    52300.00  0.4716711E-05   0.1764438E-05   0.6481149E-05
    52500.00  0.4673213E-05   0.1755409E-05   0.6428622E-05
    52700.00  0.4648232E-05   0.1746461E-05   0.6394693E-05
    52900.00  0.4535694E-05   0.1737592E-05   0.6273286E-05
    53100.00  0.4474146E-05   0.1728800E-05   0.6202946E-05
    53300.00  0.4434464E-05   0.1720086E-05   0.6154550E-05
    53500.00  0.4378653E-05   0.1711448E-05   0.6090101E-05
    53700.00  0.4326497E-05   0.1702886E-05   0.6029383E-05
    53900.00  0.4278561E-05   0.1694397E-05   0.5972958E-05
    54100.00  0.4223870E-05   0.1685982E-05   0.5909852E-05
    54300.00  0.4154135E-05   0.1677611E-05   0.5831746E-05
    54500.00  0.4125746E-05   0.1669341E-05   0.5795087E-05
    54700.00  0.4062088E-05   0.1661141E-05   0.5723229E-05
    54900.00  0.4017063E-05   0.1653011E-05   0.5670074E-05
    55100.00  0.3959197E-05   0.1644951E-05   0.5604148E-05
    55300.00  0.3954362E-05   0.1636959E-05   0.5591321E-05
    55500.00  0.3861221E-05   0.1629034E-05   0.5490255E-05
    55700.00  0.3848658E-05   0.1621176E-05   0.5469834E-05
    55900.00  0.3783431E-05   0.1613385E-05   0.5396816E-05
    56100.00  0.3752339E-05   0.1605658E-05   0.5357997E-05
    56300.00  0.3688079E-05   0.1597996E-05   0.5286075E-05
    56500.00  0.3665631E-05   0.1590385E-05   0.5256016E-05
    56700.00  0.3617682E-05   0.1582850E-05   0.5200532E-05
    56900.00  0.3557034E-05   0.1575378E-05   0.5132412E-05
    57100.00  0.3537041E-05   0.1567967E-05   0.5105008E-05
    57300.00  0.3495175E-05   0.1560617E-05   0.5055792E-05
    57500.00  0.3453635E-05   0.1553143E-05   0.5006778E-05
    57700.00  0.3407502E-05   0.1545914E-05   0.4953416E-05
    57900.00  0.3381281E-05   0.1538743E-05   0.4920024E-05
    58100.00  0.3332755E-05   0.1531630E-05   0.4864385E-05
    58300.00  0.3295583E-05   0.1524575E-05   0.4820158E-05
    58500.00  0.3261413E-05   0.1483356E-05   0.4744769E-05
    58700.00  0.3214405E-05   0.1476536E-05   0.4690941E-05
    58900.00  0.3180456E-05   0.1469852E-05   0.4650308E-05
    59100.00  0.3122473E-05   0.1463222E-05   0.4585695E-05
    59300.00  0.3113243E-05   0.1456645E-05   0.4569888E-05
    59500.00  0.3072436E-05   0.1450119E-05   0.4522555E-05
    59700.00  0.3046166E-05   0.1443645E-05   0.4489811E-05
    59900.00  0.3010895E-05   0.1437222E-05   0.4448117E-05
    60100.00  0.2977987E-05   0.1430849E-05   0.4408836E-05
    60300.00  0.2943387E-05   0.1424525E-05   0.4367912E-05
    60500.00  0.2903044E-05   0.1418251E-05   0.4321295E-05
    60700.00  0.2872702E-05   0.1412026E-05   0.4284728E-05
    60900.00  0.2839996E-05   0.1405848E-05   0.4245844E-05
    61100.00  0.2804613E-05   0.1399718E-05   0.4204331E-05
    61300.00  0.2777711E-05   0.1393636E-05   0.4171347E-05
    61500.00  0.2748486E-05   0.1387600E-05   0.4136086E-05
    61700.00  0.2723256E-05   0.1381609E-05   0.4104865E-05
    61900.00  0.2691894E-05   0.1375665E-05   0.4067559E-05
    62100.00  0.2665021E-05   0.1369766E-05   0.4034787E-05
    62300.00  0.2631340E-05   0.1363911E-05   0.3995251E-05
    62500.00  0.2598066E-05   0.1358100E-05   0.3956166E-05
    62700.00  0.2571045E-05   0.1352333E-05   0.3923378E-05
    62900.00  0.2543095E-05   0.1346610E-05   0.3889705E-05
    63100.00  0.2515004E-05   0.1340929E-05   0.3855933E-05
    63300.00  0.2493002E-05   0.1335290E-05   0.3828292E-05
    63500.00  0.2462715E-05   0.1329694E-05   0.3792409E-05
    63700.00  0.2442114E-05   0.1324138E-05   0.3766252E-05
    63900.00  0.2408132E-05   0.1318624E-05   0.3726756E-05
    64200.00  0.2372891E-05   0.1310429E-05   0.3683320E-05
    64600.00  0.2320708E-05   0.1299642E-05   0.3620350E-05
    65000.00  0.2272871E-05   0.1289011E-05   0.3561882E-05
    65400.00  0.2223878E-05   0.1278534E-05   0.3502412E-05
    65800.00  0.2179577E-05   0.1268207E-05   0.3447784E-05
    66200.00  0.2132469E-05   0.1254520E-05   0.3386989E-05
    66600.00  0.2088430E-05   0.1244523E-05   0.3332953E-05
    67000.00  0.2046321E-05   0.1234667E-05   0.3280988E-05
    67400.00  0.2003130E-05   0.1224949E-05   0.3228079E-05
    67800.00  0.1962437E-05   0.1215367E-05   0.3177804E-05
    68200.00  0.1922505E-05   0.1205918E-05   0.3128423E-05
    68600.00  0.1884350E-05   0.1196598E-05   0.3080948E-05
    69000.00  0.1845269E-05   0.1187407E-05   0.3032676E-05
    69400.00  0.1808457E-05   0.1178332E-05   0.2986789E-05
    69800.00  0.1772460E-05   0.1169389E-05   0.2941849E-05
    70200.00  0.1736993E-05   0.1160566E-05   0.2897559E-05
    70600.00  0.1703242E-05   0.1151862E-05   0.2855104E-05
    71000.00  0.1669418E-05   0.1143274E-05   0.2812692E-05
    71400.00  0.1637146E-05   0.1134800E-05   0.2771946E-05
    71800.00  0.1604773E-05   0.1126432E-05   0.2731205E-05
    72200.00  0.1573737E-05   0.1118179E-05   0.2691916E-05
    72600.00  0.1543348E-05   0.1110034E-05   0.2653382E-05
    73000.00  0.1513958E-05   0.1101929E-05   0.2615887E-05
    73400.00  0.1484895E-05   0.1093995E-05   0.2578890E-05
    73800.00  0.1456953E-05   0.1086164E-05   0.2543117E-05
    74200.00  0.1429016E-05   0.1063393E-05   0.2492409E-05
    74600.00  0.1395729E-05   0.1055906E-05   0.2451635E-05
    75000.00  0.1370337E-05   0.1048513E-05   0.2418850E-05
    75400.00  0.1350282E-05   0.1041214E-05   0.2391496E-05
    75800.00  0.1325743E-05   0.1034005E-05   0.2359748E-05
    76200.00  0.1301301E-05   0.1026887E-05   0.2328188E-05
    76600.00  0.1277530E-05   0.1019856E-05   0.2297386E-05
    77000.00  0.1254022E-05   0.1012911E-05   0.2266933E-05
    77400.00  0.1231396E-05   0.1006051E-05   0.2237447E-05
    77800.00  0.1209175E-05   0.9992752E-06   0.2208450E-05
    78200.00  0.1187344E-05   0.9925811E-06   0.2179925E-05
    78600.00  0.1166145E-05   0.9859677E-06   0.2152113E-05
    79000.00  0.1145354E-05   0.9794335E-06   0.2124788E-05
    79400.00  0.1125005E-05   0.9729773E-06   0.2097982E-05
    79800.00  0.1105110E-05   0.9665977E-06   0.2071708E-05
    80200.00  0.1085550E-05   0.9602935E-06   0.2045844E-05
    80600.00  0.1066591E-05   0.9540634E-06   0.2020654E-05
    81000.00  0.1047979E-05   0.9479061E-06   0.1995885E-05
    81400.00  0.1029615E-05   0.9418205E-06   0.1971436E-05
    81800.00  0.1011886E-05   0.9358054E-06   0.1947691E-05
    82200.00  0.9945697E-06   0.9298597E-06   0.1924429E-05
    82600.00  0.9774175E-06   0.9223670E-06   0.1899785E-05
    83000.00  0.9608492E-06   0.9165707E-06   0.1877420E-05
    83400.00  0.9441857E-06   0.9108402E-06   0.1855026E-05
    83800.00  0.9282948E-06   0.9051746E-06   0.1833469E-05
    84200.00  0.9126852E-06   0.8995727E-06   0.1812258E-05
    84600.00  0.8972086E-06   0.8940335E-06   0.1791242E-05
    85000.00  0.8821469E-06   0.8885561E-06   0.1770703E-05
    85400.00  0.8674031E-06   0.8831395E-06   0.1750543E-05
    85800.00  0.8528683E-06   0.8777827E-06   0.1730651E-05
    86200.00  0.8387292E-06   0.8724824E-06   0.1711212E-05
    86600.00  0.8246563E-06   0.8672426E-06   0.1691899E-05
    87000.00  0.8111371E-06   0.8620599E-06   0.1673197E-05
    87400.00  0.7977177E-06   0.8569334E-06   0.1654651E-05
    87800.00  0.7845075E-06   0.8518622E-06   0.1636370E-05
    88200.00  0.7714941E-06   0.8468456E-06   0.1618340E-05
    88600.00  0.7589043E-06   0.8418826E-06   0.1600787E-05
    89000.00  0.7463788E-06   0.8369704E-06   0.1583349E-05
    89400.00  0.7343040E-06   0.8321119E-06   0.1566416E-05
    89800.00  0.7221775E-06   0.8273046E-06   0.1549482E-05
    90200.00  0.7105855E-06   0.8225221E-06   0.1533108E-05
    90600.00  0.6991601E-06   0.8178153E-06   0.1516975E-05
    91000.00  0.6876127E-06   0.8131575E-06   0.1500770E-05
    91400.00  0.6766123E-06   0.8013202E-06   0.1477933E-05
    91800.00  0.6656944E-06   0.7968044E-06   0.1462499E-05
    92200.00  0.6550306E-06   0.7923479E-06   0.1447378E-05
    92600.00  0.6445185E-06   0.7879368E-06   0.1432455E-05
    93000.00  0.6341149E-06   0.7835706E-06   0.1417686E-05
    93400.00  0.6238288E-06   0.7792487E-06   0.1403077E-05
    93800.00  0.6138304E-06   0.7749703E-06   0.1388801E-05
    94200.00  0.6040168E-06   0.7707348E-06   0.1374752E-05
    94600.00  0.5943159E-06   0.7665417E-06   0.1360858E-05
    95000.00  0.5847823E-06   0.7623904E-06   0.1347173E-05
    95400.00  0.5753574E-06   0.7582801E-06   0.1333638E-05
    95800.00  0.5661837E-06   0.7542105E-06   0.1320394E-05
    96200.00  0.5570629E-06   0.7501809E-06   0.1307244E-05
    96600.00  0.5482215E-06   0.7461907E-06   0.1294412E-05
    97000.00  0.5394131E-06   0.7422394E-06   0.1281653E-05
    97400.00  0.5305402E-06   0.7383265E-06   0.1268867E-05
    97800.00  0.5222125E-06   0.7344514E-06   0.1256664E-05
    98200.00  0.5137496E-06   0.7306136E-06   0.1244363E-05
    98600.00  0.5054956E-06   0.7268126E-06   0.1232308E-05
    99000.00  0.4973776E-06   0.7230479E-06   0.1220426E-05
    99400.00  0.4893331E-06   0.7193190E-06   0.1208652E-05
    99800.00  0.4814785E-06   0.7156255E-06   0.1197104E-05
   100200.00  0.4737114E-06   0.1799460E-06   0.6536574E-06
   200000.00  0.2831699E-07   0.4516663E-07   0.7348362E-07
   400000.00  0.1848457E-08   0.1129166E-07   0.1314012E-07
   600000.00  0.3129536E-09   0.5018515E-08   0.5331468E-08
   800000.00  0.1038375E-09   0.2822915E-08   0.2926752E-08
  1000000.00  0.4035750E-10   0.1806665E-08   0.1847023E-08
  1200000.00  0.2088667E-10   0.1254629E-08   0.1275515E-08
  1400000.00  0.1254919E-10   0.9217680E-09   0.9343172E-09
  1600000.00  0.8493219E-11   0.7057286E-09   0.7142219E-09
