       91.00  0.1304950E-23   0.0000000E+00   0.1304950E-23
       94.00  0.2087920E-23   0.0000000E+00   0.2087920E-23
       96.00  0.2609905E-23   0.0000000E+00   0.2609905E-23
       98.00  0.3131875E-23   0.0000000E+00   0.3131875E-23
      100.00  0.3653864E-23   0.0000000E+00   0.3653864E-23
      102.00  0.4175840E-23   0.0000000E+00   0.4175840E-23
      104.00  0.4697822E-23   0.0000000E+00   0.4697822E-23
      106.00  0.5219800E-23   0.0000000E+00   0.5219800E-23
      108.00  0.5741769E-23   0.0000000E+00   0.5741769E-23
      110.00  0.1882990E-16   0.0000000E+00   0.1882990E-16
      114.00  0.5648970E-16   0.0000000E+00   0.5648970E-16
      118.00  0.2259590E-15   0.0000000E+00   0.2259590E-15
      121.00  0.5837280E-15   0.0000000E+00   0.5837280E-15
      125.00  0.1807670E-14   0.0000000E+00   0.1807670E-14
      127.00  0.3106929E-14   0.0000000E+00   0.3106929E-14
      128.00  0.4123760E-14   0.0000000E+00   0.4123760E-14
      131.00  0.8699438E-14   0.0000000E+00   0.8699438E-14
      132.00  0.1097784E-13   0.0000000E+00   0.1097784E-13
      134.00  0.1745533E-13   0.0000000E+00   0.1745533E-13
      137.00  0.3327257E-13   0.0000000E+00   0.3327257E-13
      140.00  0.6125402E-13   0.0000000E+00   0.6125402E-13
      143.00  0.1102315E-12   0.0000000E+00   0.1102315E-12
      147.00  0.2251919E-12   0.0000000E+00   0.2251919E-12
      151.00  0.4344993E-12   0.0000000E+00   0.4344993E-12
      155.00  0.7917802E-12   0.0000000E+00   0.7917802E-12
      159.00  0.1380713E-11   0.0000000E+00   0.1380713E-11
      162.00  0.2020700E-11   0.0000000E+00   0.2020700E-11
      166.00  0.3114082E-11   0.0000000E+00   0.3114082E-11
      170.00  0.4828316E-11   0.0000000E+00   0.4828316E-11
      173.00  0.6465912E-11   0.0000000E+00   0.6465912E-11
      177.00  0.9486454E-11   0.0000000E+00   0.9486454E-11
      180.00  0.1252172E-10   0.0000000E+00   0.1252172E-10
      182.00  0.1492847E-10   0.0000000E+00   0.1492847E-10
      186.00  0.2120226E-10   0.0000000E+00   0.2120226E-10
      191.00  0.3276397E-10   0.0000000E+00   0.3276397E-10
      194.00  0.4275387E-10   0.0000000E+00   0.4275387E-10
      198.00  0.6139091E-10   0.0000000E+00   0.6139091E-10
      202.00  0.8875945E-10   0.0000000E+00   0.8875945E-10
      205.00  0.1202900E-09   0.0000000E+00   0.1202900E-09
      210.00  0.1951979E-09   0.0000000E+00   0.1951979E-09
      216.00  0.3560479E-09   0.0000000E+00   0.3560479E-09
      220.00  0.5358783E-09   0.0000000E+00   0.5358783E-09
      223.00  0.7280114E-09   0.0000000E+00   0.7280114E-09
      227.00  0.1083124E-08   0.0000000E+00   0.1083124E-08
      228.00  0.1189569E-08   0.0000000E+00   0.1189569E-08
      228.00  0.4862060E-06   0.0000000E+00   0.4862060E-06
      230.00  0.2125867E-06   0.0000000E+00   0.2125867E-06
      234.00  0.7598253E-06   0.0000000E+00   0.7598253E-06
      240.00  0.5553581E-05   0.0000000E+00   0.5553581E-05
      246.00  0.4061933E-05   0.0000000E+00   0.4061933E-05
      252.00  0.6600228E-05   0.0000000E+00   0.6600228E-05
      257.00  0.1542624E-04   0.0000000E+00   0.1542624E-04
      260.00  0.1101475E-04   0.0000000E+00   0.1101475E-04
      264.00  0.5786248E-04   0.0000000E+00   0.5786248E-04
      269.00  0.8691061E-04   0.0000000E+00   0.8691061E-04
      274.00  0.2889775E-04   0.0000000E+00   0.2889775E-04
      279.00  0.6023762E-04   0.0000000E+00   0.6023762E-04
      284.00  0.7636657E-04   0.0000000E+00   0.7636657E-04
      290.00  0.8290814E-04   0.0000000E+00   0.8290814E-04
      296.00  0.9638079E-04   0.0000000E+00   0.9638079E-04
      301.00  0.4067670E-03   0.0000000E+00   0.4067670E-03
      308.00  0.8929436E-03   0.0000000E+00   0.8929436E-03
      318.00  0.9236344E-03   0.0000000E+00   0.9236344E-03
      328.00  0.2211296E-03   0.0000000E+00   0.2211296E-03
      338.00  0.5651810E-03   0.0000000E+00   0.5651810E-03
      348.00  0.9876914E-03   0.0000000E+00   0.9876914E-03
      353.30  0.1243433E-02   0.0000000E+00   0.1243433E-02
      353.30  0.1422023E-02   0.0000000E+00   0.1422023E-02
      357.00  0.1300908E-02   0.0000000E+00   0.1300908E-02
      366.00  0.1006305E-02   0.0000000E+00   0.1006305E-02
      375.00  0.2195576E-02   0.0000000E+00   0.2195576E-02
      385.00  0.2218344E-02   0.0000000E+00   0.2218344E-02
      395.00  0.1987034E-02   0.0000000E+00   0.1987034E-02
      405.00  0.2550911E-02   0.0000000E+00   0.2550911E-02
      414.00  0.3480863E-02   0.0000000E+00   0.3480863E-02
      422.00  0.3747505E-02   0.0000000E+00   0.3747505E-02
      430.00  0.3954718E-02   0.0000000E+00   0.3954718E-02
      441.00  0.4736556E-02   0.0000000E+00   0.4736556E-02
      451.00  0.5505944E-02   0.0000000E+00   0.5505944E-02
      460.00  0.5864730E-02   0.0000000E+00   0.5864730E-02
      470.00  0.6536014E-02   0.0000000E+00   0.6536014E-02
      480.00  0.7567511E-02   0.0000000E+00   0.7567511E-02
      490.00  0.6274932E-02   0.0000000E+00   0.6274932E-02
      500.00  0.9157214E-02   0.0000000E+00   0.9157214E-02
      504.60  0.1147909E-01   0.0000000E+00   0.1147909E-01
      504.60  0.3226412E-01   0.0000000E+00   0.3226412E-01
      506.00  0.3681370E-01   0.0000000E+00   0.3681370E-01
      512.00  0.5046243E-01   0.0000000E+00   0.5046243E-01
      520.00  0.5213843E-01   0.0000000E+00   0.5213843E-01
      530.00  0.5579569E-01   0.0000000E+00   0.5579569E-01
      540.00  0.1222784E-01   0.0000000E+00   0.1222784E-01
      550.00  0.6082076E-01   0.0000000E+00   0.6082076E-01
      560.00  0.5456710E-01   0.0000000E+00   0.5456710E-01
      570.00  0.6155616E-01   0.0000000E+00   0.6155616E-01
      580.00  0.2312150E-01   0.0000000E+00   0.2312150E-01
      590.00  0.6176781E-01   0.0000000E+00   0.6176781E-01
      600.00  0.6120444E-01   0.0000000E+00   0.6120444E-01
      610.00  0.5484606E-01   0.0000000E+00   0.5484606E-01
      620.00  0.6226434E-01   0.0000000E+00   0.6226434E-01
      630.00  0.6141755E-01   0.0000000E+00   0.6141755E-01
      640.00  0.6266986E-01   0.0000000E+00   0.6266986E-01
      650.00  0.4613924E-01   0.0000000E+00   0.4613924E-01
      658.00  0.4001436E-01   0.0000000E+00   0.4001436E-01
      665.00  0.5505544E-01   0.0000000E+00   0.5505544E-01
      675.00  0.6310888E-01   0.0000000E+00   0.6310888E-01
      685.00  0.5010338E-01   0.0000000E+00   0.5010338E-01
      695.00  0.3410374E-01   0.0000000E+00   0.3410374E-01
      705.00  0.7877870E-01   0.0000000E+00   0.7877870E-01
      716.00  0.6515640E-01   0.0000000E+00   0.6515640E-01
      726.00  0.6550813E-01   0.0000000E+00   0.6550813E-01
      735.00  0.6577168E-01   0.0000000E+00   0.6577168E-01
      745.00  0.6615705E-01   0.0000000E+00   0.6615705E-01
      755.00  0.6644874E-01   0.0000000E+00   0.6644874E-01
      765.00  0.7737479E-01   0.0000000E+00   0.7737479E-01
      775.00  0.6725729E-01   0.0000000E+00   0.6725729E-01
      785.00  0.2760479E-01   0.0000000E+00   0.2760479E-01
      795.00  0.6763760E-01   0.0000000E+00   0.6763760E-01
      805.00  0.6818014E-01   0.0000000E+00   0.6818014E-01
      815.00  0.6715382E-01   0.0000000E+00   0.6715382E-01
      825.00  0.6872275E-01   0.0000000E+00   0.6872275E-01
      835.00  0.7995346E-01   0.0000000E+00   0.7995346E-01
      845.00  0.6941758E-01   0.0000000E+00   0.6941758E-01
      855.00  0.6436356E-01   0.0000000E+00   0.6436356E-01
      865.00  0.6961019E-01   0.0000000E+00   0.6961019E-01
      875.00  0.6980818E-01   0.0000000E+00   0.6980818E-01
      885.00  0.6995958E-01   0.0000000E+00   0.6995958E-01
      895.00  0.7005542E-01   0.0000000E+00   0.7005542E-01
      905.00  0.6999118E-01   0.0000000E+00   0.6999118E-01
      912.40  0.6984057E-01   0.7409967E-04   0.6991467E-01
      912.40  0.4676453E+00   0.7410030E-04   0.4677194E+00
      915.00  0.4678780E+00   0.9748325E-04   0.4679755E+00
      925.00  0.4687730E+00   0.1059778E-03   0.4688790E+00
      935.00  0.4736969E+00   0.1149796E-03   0.4738119E+00
      945.00  0.4645122E+00   0.1245020E-03   0.4646367E+00
      955.00  0.4990131E+00   0.1345580E-03   0.4991477E+00
      965.00  0.5091844E+00   0.1451600E-03   0.5093296E+00
      975.00  0.3702105E+00   0.1563200E-03   0.3703668E+00
      985.00  0.4904251E+00   0.1680491E-03   0.4905931E+00
      995.00  0.4845885E+00   0.1803582E-03   0.4847689E+00
     1005.00  0.4740790E+00   0.1932572E-03   0.4742723E+00
     1015.00  0.4569230E+00   0.2067556E-03   0.4571298E+00
     1025.00  0.3954151E+00   0.2208622E-03   0.3956360E+00
     1035.00  0.4350554E+00   0.2355853E-03   0.4352910E+00
     1045.00  0.4475408E+00   0.2509466E-03   0.4477917E+00
     1055.00  0.4377204E+00   0.2669418E-03   0.4379873E+00
     1065.00  0.4213843E+00   0.2835748E-03   0.4216679E+00
     1075.00  0.3367173E+00   0.3008511E-03   0.3370182E+00
     1085.00  0.3955945E+00   0.3187754E-03   0.3959133E+00
     1095.00  0.4006435E+00   0.3373520E-03   0.4009809E+00
     1105.00  0.3905040E+00   0.3565843E-03   0.3908606E+00
     1115.00  0.3756646E+00   0.3764746E-03   0.3760411E+00
     1125.00  0.2273990E+00   0.3970242E-03   0.2277960E+00
     1135.00  0.3661193E+00   0.4182357E-03   0.3665375E+00
     1145.00  0.3553915E+00   0.4401098E-03   0.3558316E+00
     1155.00  0.2660143E+00   0.4626469E-03   0.2664769E+00
     1165.00  0.2925258E+00   0.4858465E-03   0.2930116E+00
     1175.00  0.2476313E+00   0.5097077E-03   0.2481410E+00
     1185.00  0.3269806E+00   0.5342288E-03   0.3275148E+00
     1195.00  0.3124417E+00   0.5594077E-03   0.3130011E+00
     1205.00  0.2710745E+00   0.5852419E-03   0.2716597E+00
     1215.00  0.2562716E+00   0.6117278E-03   0.2568833E+00
     1225.00  0.2776624E+00   0.1355239E-02   0.2790176E+00
     1235.00  0.2925008E+00   0.2032941E-02   0.2945337E+00
     1245.00  0.2778915E+00   0.2613644E-02   0.2805051E+00
     1255.00  0.2754246E+00   0.3114243E-02   0.2785388E+00
     1265.00  0.2751672E+00   0.3547264E-02   0.2787145E+00
     1275.00  0.2703928E+00   0.3922604E-02   0.2743154E+00
     1285.00  0.2580804E+00   0.4248346E-02   0.2623287E+00
     1295.00  0.2483212E+00   0.4531212E-02   0.2528524E+00
     1305.00  0.2523498E+00   0.4776871E-02   0.2571267E+00
     1315.00  0.2443049E+00   0.4990145E-02   0.2492950E+00
     1325.00  0.2381434E+00   0.5175166E-02   0.2433186E+00
     1335.00  0.2370335E+00   0.5335496E-02   0.2423690E+00
     1345.00  0.2091265E+00   0.5474216E-02   0.2146007E+00
     1355.00  0.2290899E+00   0.5594005E-02   0.2346839E+00
     1365.00  0.2237075E+00   0.5697196E-02   0.2294047E+00
     1375.00  0.2190497E+00   0.5785830E-02   0.2248355E+00
     1385.00  0.2083820E+00   0.5861694E-02   0.2142437E+00
     1395.00  0.1793128E+00   0.5926358E-02   0.1852392E+00
     1405.00  0.2079045E+00   0.5981202E-02   0.2138857E+00
     1415.00  0.2010387E+00   0.6027441E-02   0.2070661E+00
     1425.00  0.1888905E+00   0.6066149E-02   0.1949566E+00
     1435.00  0.1913139E+00   0.6098273E-02   0.1974122E+00
     1442.00  0.1911189E+00   0.6117295E-02   0.1972362E+00
     1447.00  0.1893221E+00   0.6129305E-02   0.1954514E+00
     1455.00  0.1869349E+00   0.6146027E-02   0.1930809E+00
     1465.00  0.1824512E+00   0.6163057E-02   0.1886143E+00
     1475.00  0.1778181E+00   0.6176324E-02   0.1839944E+00
     1485.00  0.1747110E+00   0.6186347E-02   0.1808973E+00
     1495.00  0.1729684E+00   0.6193583E-02   0.1791620E+00
     1505.00  0.1680035E+00   0.6198442E-02   0.1742019E+00
     1512.00  0.1644524E+00   0.6200624E-02   0.1706530E+00
     1517.00  0.1640818E+00   0.6201641E-02   0.1702834E+00
     1525.00  0.1588761E+00   0.6202434E-02   0.1650785E+00
     1535.00  0.1566364E+00   0.6202176E-02   0.1628386E+00
     1545.00  0.5608891E-01   0.6200763E-02   0.6228967E-01
     1555.00  0.1562646E+00   0.6198310E-02   0.1624629E+00
     1565.00  0.1105011E+00   0.6195110E-02   0.1166962E+00
     1575.00  0.1468711E+00   0.6191348E-02   0.1530624E+00
     1585.00  0.1152049E+00   0.6187183E-02   0.1213921E+00
     1595.00  0.1426976E+00   0.6182752E-02   0.1488804E+00
     1605.00  0.1401681E+00   0.6178179E-02   0.1463463E+00
     1615.00  0.1377075E+00   0.6173573E-02   0.1438811E+00
     1625.00  0.1355639E+00   0.6169028E-02   0.1417329E+00
     1635.00  0.1334118E+00   0.6164584E-02   0.1395764E+00
     1645.00  0.1305585E+00   0.6160330E-02   0.1367188E+00
     1655.00  0.1287402E+00   0.6156357E-02   0.1348966E+00
     1665.00  0.1266875E+00   0.6152720E-02   0.1328402E+00
     1672.00  0.1248370E+00   0.6150399E-02   0.1309874E+00
     1677.00  0.1243560E+00   0.6148865E-02   0.1305049E+00
     1685.00  0.1225607E+00   0.6146639E-02   0.1287073E+00
     1695.00  0.1202882E+00   0.6144273E-02   0.1264325E+00
     1705.00  0.1181201E+00   0.6142399E-02   0.1242625E+00
     1715.00  0.1158365E+00   0.6141043E-02   0.1219775E+00
     1725.00  0.1138842E+00   0.6140225E-02   0.1200244E+00
     1735.00  0.1122049E+00   0.6139962E-02   0.1183449E+00
     1745.00  0.1102702E+00   0.6140269E-02   0.1164105E+00
     1755.00  0.1086204E+00   0.6141155E-02   0.1147616E+00
     1765.00  0.1063729E+00   0.6142629E-02   0.1125155E+00
     1775.00  0.1047078E+00   0.6144695E-02   0.1108525E+00
     1785.00  0.1031986E+00   0.6147357E-02   0.1093460E+00
     1795.00  0.1016200E+00   0.6150601E-02   0.1077706E+00
     1805.00  0.1000877E+00   0.6154433E-02   0.1062421E+00
     1815.00  0.9817285E-01   0.6158857E-02   0.1043317E+00
     1825.00  0.9671643E-01   0.6163867E-02   0.1028803E+00
     1835.00  0.9515636E-01   0.6169460E-02   0.1013258E+00
     1845.00  0.9300306E-01   0.6175629E-02   0.9917869E-01
     1855.00  0.9135669E-01   0.6182366E-02   0.9753906E-01
     1865.00  0.9019899E-01   0.6189663E-02   0.9638865E-01
     1875.00  0.8914034E-01   0.6197511E-02   0.9533785E-01
     1885.00  0.8704972E-01   0.6205901E-02   0.9325562E-01
     1895.00  0.8526826E-01   0.6214822E-02   0.9148308E-01
     1905.00  0.8459355E-01   0.6224264E-02   0.9081781E-01
     1915.00  0.8292021E-01   0.6234215E-02   0.8915443E-01
     1925.00  0.8150242E-01   0.6244664E-02   0.8774708E-01
     1935.00  0.8066790E-01   0.6255599E-02   0.8692350E-01
     1945.00  0.7969415E-01   0.6266970E-02   0.8596112E-01
     1955.00  0.7783582E-01   0.6278748E-02   0.8411457E-01
     1967.00  0.7699290E-01   0.6293460E-02   0.8328636E-01
     1976.00  0.7624882E-01   0.6304894E-02   0.8255371E-01
     1984.00  0.7495492E-01   0.6315338E-02   0.8127026E-01
     1995.00  0.7345272E-01   0.6330117E-02   0.7978284E-01
     2005.00  0.7271484E-01   0.6343959E-02   0.7905880E-01
     2015.00  0.7180698E-01   0.6358175E-02   0.7816516E-01
     2025.00  0.7089745E-01   0.6372754E-02   0.7727020E-01
     2035.00  0.6957025E-01   0.6387915E-02   0.7595816E-01
     2045.00  0.6854934E-01   0.6403514E-02   0.7495285E-01
     2055.00  0.6812799E-01   0.3697741E-02   0.7182573E-01
     2065.00  0.6729880E-01   0.3683686E-02   0.7098249E-01
     2074.00  0.6693229E-01   0.3671389E-02   0.7060368E-01
     2078.00  0.6618549E-01   0.3666029E-02   0.6985152E-01
     2085.00  0.6558806E-01   0.3656804E-02   0.6924486E-01
     2095.00  0.6444045E-01   0.3643962E-02   0.6808441E-01
     2105.00  0.6375835E-01   0.3631507E-02   0.6738986E-01
     2115.00  0.6291760E-01   0.3619430E-02   0.6653703E-01
     2125.00  0.6209590E-01   0.3607724E-02   0.6570362E-01
     2135.00  0.6115378E-01   0.3596381E-02   0.6475016E-01
     2145.00  0.6019772E-01   0.3585391E-02   0.6378311E-01
     2155.00  0.5944312E-01   0.3574747E-02   0.6301787E-01
     2165.00  0.5858887E-01   0.3564441E-02   0.6215331E-01
     2175.00  0.5772392E-01   0.3554466E-02   0.6127839E-01
     2185.00  0.5695610E-01   0.3544816E-02   0.6050092E-01
     2195.00  0.5620237E-01   0.3535481E-02   0.5973785E-01
     2205.00  0.5539342E-01   0.3526452E-02   0.5891987E-01
     2215.00  0.5459952E-01   0.3517723E-02   0.5811724E-01
     2225.00  0.5379067E-01   0.3509286E-02   0.5729996E-01
     2235.00  0.5305244E-01   0.3501134E-02   0.5655357E-01
     2245.00  0.5235278E-01   0.3493260E-02   0.5584604E-01
     2255.00  0.5160309E-01   0.3485656E-02   0.5508875E-01
     2265.00  0.5091729E-01   0.3478316E-02   0.5439561E-01
     2275.00  0.5020644E-01   0.3471233E-02   0.5367767E-01
     2285.00  0.4955181E-01   0.3464345E-02   0.5301616E-01
     2295.00  0.4873280E-01   0.3457645E-02   0.5219044E-01
     2305.00  0.4819877E-01   0.3451177E-02   0.5164995E-01
     2315.00  0.4752117E-01   0.3444935E-02   0.5096611E-01
     2325.00  0.4611773E-01   0.3438914E-02   0.4955664E-01
     2335.00  0.4620223E-01   0.3433108E-02   0.4963534E-01
     2345.00  0.4558156E-01   0.3427510E-02   0.4900907E-01
     2355.00  0.4501625E-01   0.3422114E-02   0.4843836E-01
     2365.00  0.4439138E-01   0.3416915E-02   0.4780830E-01
     2375.00  0.4380086E-01   0.3411908E-02   0.4721277E-01
     2385.00  0.4319610E-01   0.3407087E-02   0.4660319E-01
     2395.00  0.4264594E-01   0.3402446E-02   0.4604839E-01
     2405.00  0.4208196E-01   0.3397982E-02   0.4547994E-01
     2415.00  0.4152823E-01   0.3393689E-02   0.4492192E-01
     2425.00  0.4100920E-01   0.3389561E-02   0.4439876E-01
     2435.00  0.4046150E-01   0.3385593E-02   0.4384709E-01
     2445.00  0.3994787E-01   0.3381781E-02   0.4332965E-01
     2455.00  0.3943869E-01   0.3378120E-02   0.4281681E-01
     2465.00  0.3891244E-01   0.3374606E-02   0.4228705E-01
     2475.00  0.3841296E-01   0.3371233E-02   0.4178419E-01
     2485.00  0.3792359E-01   0.3367998E-02   0.4129159E-01
     2495.00  0.3722781E-01   0.3364896E-02   0.4059271E-01
     2505.00  0.3696542E-01   0.3361923E-02   0.4032734E-01
     2513.00  0.3650288E-01   0.3359634E-02   0.3986251E-01
     2518.00  0.3635409E-01   0.3358244E-02   0.3971233E-01
     2525.00  0.3602265E-01   0.3356347E-02   0.3937900E-01
     2535.00  0.3555459E-01   0.3353738E-02   0.3890833E-01
     2545.00  0.3508196E-01   0.3351247E-02   0.3843321E-01
     2555.00  0.3468408E-01   0.3348866E-02   0.3803295E-01
     2565.00  0.3424463E-01   0.3346593E-02   0.3759122E-01
     2575.00  0.3382360E-01   0.3344422E-02   0.3716802E-01
     2585.00  0.3340537E-01   0.3342351E-02   0.3674772E-01
     2595.00  0.3298907E-01   0.3340376E-02   0.3632945E-01
     2605.00  0.3257772E-01   0.3268729E-02   0.3584645E-01
     2615.00  0.3225040E-01   0.3267067E-02   0.3551747E-01
     2625.00  0.3186395E-01   0.3265494E-02   0.3512944E-01
     2635.00  0.3147717E-01   0.3264010E-02   0.3474118E-01
     2645.00  0.3114110E-01   0.3262609E-02   0.3440371E-01
     2655.00  0.3075833E-01   0.3261289E-02   0.3401962E-01
     2665.00  0.3036073E-01   0.3260047E-02   0.3362078E-01
     2675.00  0.2998590E-01   0.3258881E-02   0.3324478E-01
     2685.00  0.2967285E-01   0.3257787E-02   0.3293064E-01
     2695.00  0.2925592E-01   0.3256763E-02   0.3251268E-01
     2705.00  0.2895652E-01   0.3255806E-02   0.3221233E-01
     2715.00  0.2860137E-01   0.3254914E-02   0.3185628E-01
     2725.00  0.2820176E-01   0.3254083E-02   0.3145584E-01
     2735.00  0.2792415E-01   0.3253312E-02   0.3117746E-01
     2745.00  0.2756854E-01   0.3252598E-02   0.3082114E-01
     2755.00  0.2724857E-01   0.3251939E-02   0.3050051E-01
     2765.00  0.2688270E-01   0.3251333E-02   0.3013403E-01
     2775.00  0.2662531E-01   0.3250776E-02   0.2987609E-01
     2785.00  0.2631336E-01   0.3250268E-02   0.2956363E-01
     2795.00  0.2592494E-01   0.3249805E-02   0.2917474E-01
     2805.00  0.2566551E-01   0.3249386E-02   0.2891490E-01
     2815.00  0.2540946E-01   0.3249009E-02   0.2865847E-01
     2825.00  0.2505585E-01   0.3248672E-02   0.2830452E-01
     2835.00  0.2476724E-01   0.3248373E-02   0.2801561E-01
     2845.00  0.2452579E-01   0.3248110E-02   0.2777390E-01
     2855.00  0.2424306E-01   0.3247849E-02   0.2749091E-01
     2865.00  0.2397152E-01   0.3247587E-02   0.2721911E-01
     2875.00  0.2369332E-01   0.3247353E-02   0.2694067E-01
     2885.00  0.2343405E-01   0.3247144E-02   0.2668119E-01
     2895.00  0.2317376E-01   0.3246961E-02   0.2642072E-01
     2910.00  0.2278719E-01   0.3246728E-02   0.2603392E-01
     2930.00  0.2226895E-01   0.3246491E-02   0.2551544E-01
     2950.00  0.2171958E-01   0.3246325E-02   0.2496590E-01
     2970.00  0.2128079E-01   0.3246220E-02   0.2452701E-01
     2990.00  0.2081168E-01   0.3246167E-02   0.2405785E-01
     3010.00  0.2036258E-01   0.3246154E-02   0.2360873E-01
     3030.00  0.1992200E-01   0.3246174E-02   0.2316817E-01
     3050.00  0.1948044E-01   0.3246223E-02   0.2272666E-01
     3070.00  0.1906957E-01   0.3246295E-02   0.2231586E-01
     3090.00  0.1866312E-01   0.3246376E-02   0.2190950E-01
     3110.00  0.1826831E-01   0.3246461E-02   0.2151477E-01
     3130.00  0.1786659E-01   0.3230775E-02   0.2109737E-01
     3150.00  0.1750048E-01   0.3230881E-02   0.2073136E-01
     3170.00  0.1714178E-01   0.3230973E-02   0.2037275E-01
     3190.00  0.1674689E-01   0.3231046E-02   0.1997794E-01
     3210.00  0.1643359E-01   0.3231094E-02   0.1966468E-01
     3230.00  0.1609663E-01   0.3231113E-02   0.1932774E-01
     3250.00  0.1576331E-01   0.3231098E-02   0.1899441E-01
     3270.00  0.1544959E-01   0.3230987E-02   0.1868058E-01
     3290.00  0.1513510E-01   0.3230797E-02   0.1836590E-01
     3310.00  0.1484153E-01   0.3230552E-02   0.1807208E-01
     3330.00  0.1454166E-01   0.3230250E-02   0.1777191E-01
     3350.00  0.1423605E-01   0.3229888E-02   0.1746594E-01
     3370.00  0.1396392E-01   0.3229462E-02   0.1719338E-01
     3390.00  0.1368818E-01   0.3228972E-02   0.1691715E-01
     3410.00  0.1342186E-01   0.3228413E-02   0.1665027E-01
     3430.00  0.1311263E-01   0.3071970E-02   0.1618460E-01
     3450.00  0.1292934E-01   0.3070845E-02   0.1600018E-01
     3470.00  0.1271399E-01   0.3069662E-02   0.1578365E-01
     3490.00  0.1247238E-01   0.3068418E-02   0.1554080E-01
     3510.00  0.1224682E-01   0.3067106E-02   0.1531393E-01
     3530.00  0.1201151E-01   0.3065676E-02   0.1507719E-01
     3550.00  0.1178491E-01   0.3064174E-02   0.1484908E-01
     3570.00  0.1157559E-01   0.3062598E-02   0.1463819E-01
     3590.00  0.1134108E-01   0.3060947E-02   0.1440203E-01
     3610.00  0.1113362E-01   0.3059221E-02   0.1419284E-01
     3630.00  0.1092421E-01   0.3057420E-02   0.1398163E-01
     3640.00  0.1084113E-01   0.3056491E-02   0.1389762E-01
     3650.00  0.1217509E-01   0.9436652E-03   0.1311876E-01
     3670.00  0.1194832E-01   0.9382589E-03   0.1288658E-01
     3690.00  0.1165031E-01   0.9025339E-03   0.1255284E-01
     3710.00  0.1147994E-01   0.8972337E-03   0.1237717E-01
     3730.00  0.1125919E-01   0.8920335E-03   0.1215122E-01
     3750.00  0.1130247E-01   0.8869300E-03   0.1218940E-01
     3770.00  0.1114380E-01   0.8819205E-03   0.1202572E-01
     3790.00  0.1114650E-01   0.8770019E-03   0.1202350E-01
     3810.00  0.1116632E-01   0.8721715E-03   0.1203849E-01
     3830.00  0.1061425E-01   0.8674266E-03   0.1148168E-01
     3850.00  0.1093196E-01   0.8627645E-03   0.1179472E-01
     3870.00  0.1084274E-01   0.8581829E-03   0.1170092E-01
     3890.00  0.1000403E-01   0.8536792E-03   0.1085771E-01
     3910.00  0.1051610E-01   0.8492512E-03   0.1136535E-01
     3930.00  0.1033958E-01   0.8448965E-03   0.1118448E-01
     3950.00  0.1014728E-01   0.8406130E-03   0.1098789E-01
     3970.00  0.9293995E-02   0.8364004E-03   0.1013040E-01
     3990.00  0.9784998E-02   0.8322599E-03   0.1061726E-01
     4010.00  0.9679977E-02   0.8281841E-03   0.1050816E-01
     4030.00  0.9447244E-02   0.8241711E-03   0.1027142E-01
     4050.00  0.9373008E-02   0.8202191E-03   0.1019323E-01
     4070.00  0.9188930E-02   0.8163262E-03   0.1000526E-01
     4090.00  0.8827985E-02   0.8124909E-03   0.9640476E-02
     4110.00  0.8369208E-02   0.8087114E-03   0.9177919E-02
     4130.00  0.8692076E-02   0.8049862E-03   0.9497062E-02
     4150.00  0.8571842E-02   0.8013138E-03   0.9373156E-02
     4170.00  0.8453721E-02   0.7976926E-03   0.9251414E-02
     4190.00  0.8322492E-02   0.7941214E-03   0.9116613E-02
     4210.00  0.8185278E-02   0.7905985E-03   0.8975877E-02
     4230.00  0.8046354E-02   0.7871229E-03   0.8833477E-02
     4250.00  0.7908826E-02   0.7836930E-03   0.8692519E-02
     4270.00  0.7772992E-02   0.7803078E-03   0.8553300E-02
     4290.00  0.7647718E-02   0.7769660E-03   0.8424684E-02
     4310.00  0.7498178E-02   0.7736664E-03   0.8271844E-02
     4330.00  0.7166580E-02   0.7704080E-03   0.7936988E-02
     4350.00  0.6880694E-02   0.7671898E-03   0.7647884E-02
     4370.00  0.7135959E-02   0.7640111E-03   0.7899970E-02
     4390.00  0.7012606E-02   0.7608704E-03   0.7773476E-02
     4410.00  0.6938792E-02   0.7577665E-03   0.7696558E-02
     4430.00  0.6824894E-02   0.7546986E-03   0.7579593E-02
     4450.00  0.6723276E-02   0.7516658E-03   0.7474942E-02
     4470.00  0.6537060E-02   0.7486671E-03   0.7285727E-02
     4490.00  0.6505384E-02   0.7457017E-03   0.7251086E-02
     4510.00  0.6407070E-02   0.7427688E-03   0.7149839E-02
     4530.00  0.6303444E-02   0.7398675E-03   0.7043312E-02
     4550.00  0.6200568E-02   0.7369971E-03   0.6937565E-02
     4570.00  0.6109382E-02   0.7341569E-03   0.6843539E-02
     4590.00  0.6014927E-02   0.7313459E-03   0.6746273E-02
     4610.00  0.5923696E-02   0.7285637E-03   0.6652260E-02
     4630.00  0.5830542E-02   0.7258094E-03   0.6556351E-02
     4650.00  0.5735132E-02   0.7230825E-03   0.6458215E-02
     4670.00  0.5653537E-02   0.7203823E-03   0.6373919E-02
     4690.00  0.5567654E-02   0.7177081E-03   0.6285362E-02
     4710.00  0.5461215E-02   0.7150593E-03   0.6176274E-02
     4730.00  0.5400344E-02   0.7124355E-03   0.6112779E-02
     4750.00  0.5316806E-02   0.7098359E-03   0.6026642E-02
     4770.00  0.5240676E-02   0.7072601E-03   0.5947936E-02
     4790.00  0.5161871E-02   0.7047074E-03   0.5866578E-02
     4810.00  0.5081477E-02   0.7021762E-03   0.5783653E-02
     4830.00  0.4991579E-02   0.6996659E-03   0.5691245E-02
     4850.00  0.4798538E-02   0.6971772E-03   0.5495715E-02
     4870.00  0.4581949E-02   0.6947097E-03   0.5276659E-02
     4890.00  0.4767234E-02   0.6922629E-03   0.5459497E-02
     4910.00  0.4716300E-02   0.6898364E-03   0.5406136E-02
     4930.00  0.4622058E-02   0.6874297E-03   0.5309488E-02
     4950.00  0.4584316E-02   0.6850425E-03   0.5269359E-02
     4970.00  0.4521094E-02   0.6826744E-03   0.5203768E-02
     4990.00  0.4455282E-02   0.6803249E-03   0.5135607E-02
     5010.00  0.4372760E-02   0.6779937E-03   0.5050754E-02
     5030.00  0.4328812E-02   0.6756803E-03   0.5004492E-02
     5050.00  0.4258564E-02   0.6733846E-03   0.4931949E-02
     5070.00  0.4208564E-02   0.6711082E-03   0.4879672E-02
     5090.00  0.4149554E-02   0.6688590E-03   0.4818413E-02
     5110.00  0.4091351E-02   0.6666257E-03   0.4757977E-02
     5130.00  0.4032832E-02   0.6644082E-03   0.4697240E-02
     5150.00  0.3974816E-02   0.6622061E-03   0.4637022E-02
     5170.00  0.3919677E-02   0.6600191E-03   0.4579696E-02
     5190.00  0.3866514E-02   0.6578469E-03   0.4524361E-02
     5210.00  0.3813682E-02   0.6556893E-03   0.4469371E-02
     5230.00  0.3761022E-02   0.6535460E-03   0.4414568E-02
     5250.00  0.3709656E-02   0.6514168E-03   0.4361073E-02
     5270.00  0.3658228E-02   0.6493014E-03   0.4307529E-02
     5290.00  0.3610583E-02   0.6471995E-03   0.4257783E-02
     5310.00  0.3561260E-02   0.6451110E-03   0.4206371E-02
     5330.00  0.3511870E-02   0.6430357E-03   0.4154906E-02
     5350.00  0.3465514E-02   0.6409732E-03   0.4106487E-02
     5370.00  0.3419850E-02   0.6389230E-03   0.4058773E-02
     5390.00  0.3374836E-02   0.6368840E-03   0.4011720E-02
     5410.00  0.3329468E-02   0.6348573E-03   0.3964325E-02
     5430.00  0.3285062E-02   0.6328426E-03   0.3917905E-02
     5450.00  0.3241166E-02   0.6308397E-03   0.3872006E-02
     5470.00  0.3199672E-02   0.6288485E-03   0.3828520E-02
     5490.00  0.3158413E-02   0.6268688E-03   0.3785282E-02
     5510.00  0.3117050E-02   0.6249003E-03   0.3741950E-02
     5530.00  0.3076110E-02   0.6229431E-03   0.3699053E-02
     5550.00  0.3035906E-02   0.6209968E-03   0.3656903E-02
     5570.00  0.2997086E-02   0.6190614E-03   0.3616147E-02
     5590.00  0.2959022E-02   0.6171366E-03   0.3576159E-02
     5610.00  0.2921174E-02   0.6152223E-03   0.3536396E-02
     5630.00  0.2883809E-02   0.6133185E-03   0.3497127E-02
     5650.00  0.2846149E-02   0.6114248E-03   0.3457574E-02
     5670.00  0.2809920E-02   0.6095413E-03   0.3419461E-02
     5690.00  0.2776218E-02   0.6076677E-03   0.3383886E-02
     5710.00  0.2741870E-02   0.5277819E-03   0.3269652E-02
     5730.00  0.2707736E-02   0.5260637E-03   0.3233800E-02
     5750.00  0.2673278E-02   0.5243559E-03   0.3197634E-02
     5770.00  0.2640946E-02   0.5226585E-03   0.3163604E-02
     5790.00  0.2608445E-02   0.5209713E-03   0.3129416E-02
     5810.00  0.2576208E-02   0.5192941E-03   0.3095502E-02
     5830.00  0.2544079E-02   0.5176269E-03   0.3061706E-02
     5850.00  0.2512013E-02   0.5159694E-03   0.3027982E-02
     5870.00  0.2459116E-02   0.5143216E-03   0.2973438E-02
     5890.00  0.2449794E-02   0.5126833E-03   0.2962477E-02
     5910.00  0.2422077E-02   0.5110544E-03   0.2933131E-02
     5930.00  0.2392340E-02   0.5094348E-03   0.2901775E-02
     5950.00  0.2362801E-02   0.5078244E-03   0.2870625E-02
     5970.00  0.2334996E-02   0.5062230E-03   0.2841219E-02
     5990.00  0.2307125E-02   0.5046306E-03   0.2811756E-02
     6010.00  0.2279528E-02   0.5030469E-03   0.2782575E-02
     6030.00  0.2252078E-02   0.5014721E-03   0.2753550E-02
     6050.00  0.2224777E-02   0.4999058E-03   0.2724683E-02
     6070.00  0.2199001E-02   0.4983480E-03   0.2697349E-02
     6090.00  0.2173270E-02   0.4967986E-03   0.2670069E-02
     6110.00  0.2147599E-02   0.4952576E-03   0.2642857E-02
     6130.00  0.2121793E-02   0.4937248E-03   0.2615518E-02
     6150.00  0.2096374E-02   0.4922001E-03   0.2588574E-02
     6170.00  0.2072328E-02   0.4906834E-03   0.2563011E-02
     6190.00  0.2048794E-02   0.4891747E-03   0.2537969E-02
     6210.00  0.2025062E-02   0.4876739E-03   0.2512736E-02
     6230.00  0.2001375E-02   0.4861807E-03   0.2487556E-02
     6250.00  0.1977446E-02   0.4846953E-03   0.2462141E-02
     6270.00  0.1955798E-02   0.4832175E-03   0.2439016E-02
     6290.00  0.1933672E-02   0.4817473E-03   0.2415419E-02
     6310.00  0.1911353E-02   0.4802844E-03   0.2391637E-02
     6330.00  0.1889554E-02   0.4788290E-03   0.2368383E-02
     6350.00  0.1867446E-02   0.4773808E-03   0.2344827E-02
     6370.00  0.1846820E-02   0.4759398E-03   0.2322760E-02
     6390.00  0.1826375E-02   0.4745060E-03   0.2300881E-02
     6410.00  0.1805539E-02   0.4730792E-03   0.2278618E-02
     6430.00  0.1785181E-02   0.4716595E-03   0.2256840E-02
     6450.00  0.1764723E-02   0.4702467E-03   0.2234970E-02
     6470.00  0.1745458E-02   0.4688407E-03   0.2214299E-02
     6490.00  0.1725594E-02   0.4674416E-03   0.2193036E-02
     6510.00  0.1705927E-02   0.4660492E-03   0.2171976E-02
     6530.00  0.1683562E-02   0.4646583E-03   0.2148220E-02
     6550.00  0.1640654E-02   0.4632725E-03   0.2103927E-02
     6570.00  0.1561594E-02   0.4618931E-03   0.2023487E-02
     6590.00  0.1623938E-02   0.4605200E-03   0.2084458E-02
     6610.00  0.1613580E-02   0.4591532E-03   0.2072733E-02
     6630.00  0.1597472E-02   0.4577926E-03   0.2055265E-02
     6650.00  0.1580501E-02   0.4554860E-03   0.2035987E-02
     6670.00  0.1559132E-02   0.4541446E-03   0.2013277E-02
     6690.00  0.1542504E-02   0.4528093E-03   0.1995313E-02
     6710.00  0.1530369E-02   0.4514800E-03   0.1981849E-02
     6730.00  0.1513857E-02   0.4501566E-03   0.1964014E-02
     6750.00  0.1497680E-02   0.4488391E-03   0.1946519E-02
     6770.00  0.1482032E-02   0.4475275E-03   0.1929559E-02
     6790.00  0.1466292E-02   0.4462217E-03   0.1912514E-02
     6810.00  0.1450844E-02   0.4449216E-03   0.1895766E-02
     6830.00  0.1435378E-02   0.4436272E-03   0.1879005E-02
     6850.00  0.1419940E-02   0.4423385E-03   0.1862279E-02
     6870.00  0.1405332E-02   0.4410555E-03   0.1846387E-02
     6890.00  0.1390697E-02   0.4397780E-03   0.1830475E-02
     6910.00  0.1376196E-02   0.4385061E-03   0.1814702E-02
     6930.00  0.1361677E-02   0.4372397E-03   0.1798917E-02
     6950.00  0.1347270E-02   0.4359787E-03   0.1783249E-02
     6970.00  0.1333574E-02   0.4347231E-03   0.1768297E-02
     6990.00  0.1319877E-02   0.4334730E-03   0.1753350E-02
     7010.00  0.1306311E-02   0.4322282E-03   0.1738539E-02
     7030.00  0.1292773E-02   0.4309886E-03   0.1723762E-02
     7050.00  0.1279345E-02   0.4297544E-03   0.1709099E-02
     7070.00  0.1260538E-02   0.4285253E-03   0.1689063E-02
     7090.00  0.1253658E-02   0.4273015E-03   0.1680959E-02
     7110.00  0.1240767E-02   0.4260828E-03   0.1666850E-02
     7130.00  0.1228126E-02   0.4248693E-03   0.1652995E-02
     7150.00  0.1215532E-02   0.4236608E-03   0.1639193E-02
     7170.00  0.1203394E-02   0.4224575E-03   0.1625851E-02
     7190.00  0.1191379E-02   0.4212591E-03   0.1612638E-02
     7210.00  0.1179467E-02   0.4200658E-03   0.1599533E-02
     7230.00  0.1167030E-02   0.4188774E-03   0.1585907E-02
     7250.00  0.1155784E-02   0.4176940E-03   0.1573478E-02
     7270.00  0.1144469E-02   0.4165154E-03   0.1560984E-02
     7290.00  0.1130272E-02   0.4153417E-03   0.1545614E-02
     7310.00  0.1121854E-02   0.4141729E-03   0.1536027E-02
     7330.00  0.1110786E-02   0.4130089E-03   0.1523795E-02
     7350.00  0.1099681E-02   0.4118497E-03   0.1511531E-02
     7370.00  0.1088956E-02   0.4106952E-03   0.1499651E-02
     7390.00  0.1078194E-02   0.4095454E-03   0.1487739E-02
     7410.00  0.1067576E-02   0.4084003E-03   0.1475976E-02
     7430.00  0.1057301E-02   0.4072599E-03   0.1464561E-02
     7450.00  0.1046975E-02   0.4057988E-03   0.1452774E-02
     7470.00  0.1036962E-02   0.4046683E-03   0.1441630E-02
     7490.00  0.1027055E-02   0.4035424E-03   0.1430597E-02
     7510.00  0.1017003E-02   0.4024210E-03   0.1419424E-02
     7530.00  0.1007305E-02   0.4013042E-03   0.1408609E-02
     7550.00  0.9974795E-03   0.4001918E-03   0.1397671E-02
     7570.00  0.9880452E-03   0.3990839E-03   0.1387129E-02
     7590.00  0.9786942E-03   0.3979804E-03   0.1376675E-02
     7610.00  0.9693601E-03   0.3968819E-03   0.1366242E-02
     7630.00  0.9600763E-03   0.3957884E-03   0.1355865E-02
     7650.00  0.9507942E-03   0.3946993E-03   0.1345493E-02
     7670.00  0.9418748E-03   0.3936146E-03   0.1335489E-02
     7690.00  0.9331231E-03   0.3925341E-03   0.1325657E-02
     7710.00  0.9241862E-03   0.3914580E-03   0.1315644E-02
     7730.00  0.9156471E-03   0.3903862E-03   0.1306033E-02
     7750.00  0.9068464E-03   0.3893186E-03   0.1296165E-02
     7770.00  0.8980348E-03   0.3882553E-03   0.1286290E-02
     7790.00  0.8901618E-03   0.3871962E-03   0.1277358E-02
     7810.00  0.8817141E-03   0.3861413E-03   0.1267855E-02
     7830.00  0.8736778E-03   0.3850905E-03   0.1258768E-02
     7850.00  0.8655773E-03   0.3840439E-03   0.1249621E-02
     7870.00  0.8571189E-03   0.3786281E-03   0.1235747E-02
     7890.00  0.8492110E-03   0.3776075E-03   0.1226818E-02
     7910.00  0.8416828E-03   0.3765907E-03   0.1218274E-02
     7930.00  0.8338164E-03   0.3755780E-03   0.1209394E-02
     7950.00  0.8262531E-03   0.3745692E-03   0.1200822E-02
     7970.00  0.8187752E-03   0.3735643E-03   0.1192339E-02
     7990.00  0.8116839E-03   0.3725633E-03   0.1184247E-02
     8010.00  0.8040000E-03   0.3715662E-03   0.1175566E-02
     8030.00  0.7968912E-03   0.3705729E-03   0.1167464E-02
     8050.00  0.7896668E-03   0.3695834E-03   0.1159250E-02
     8070.00  0.7828629E-03   0.3685978E-03   0.1151461E-02
     8090.00  0.7753866E-03   0.3676160E-03   0.1143003E-02
     8110.00  0.7685672E-03   0.3666379E-03   0.1135205E-02
     8130.00  0.7620358E-03   0.3656636E-03   0.1127699E-02
     8150.00  0.7546779E-03   0.3646931E-03   0.1119371E-02
     8170.00  0.7484254E-03   0.3637262E-03   0.1112152E-02
     8190.00  0.7414888E-03   0.3627631E-03   0.1104252E-02
     8210.00  0.7472874E-03   0.3347379E-03   0.1082025E-02
     8230.00  0.7412697E-03   0.2286700E-03   0.9699397E-03
     8250.00  0.7348300E-03   0.2280340E-03   0.9628640E-03
     8270.00  0.7274735E-03   0.2274010E-03   0.9548745E-03
     8290.00  0.7217238E-03   0.2257144E-03   0.9474382E-03
     8310.00  0.7151635E-03   0.2250918E-03   0.9402553E-03
     8330.00  0.7083706E-03   0.2244721E-03   0.9328427E-03
     8350.00  0.7019284E-03   0.2238552E-03   0.9257836E-03
     8370.00  0.6948214E-03   0.2232412E-03   0.9180626E-03
     8390.00  0.6895068E-03   0.2226299E-03   0.9121367E-03
     8410.00  0.6834258E-03   0.2220214E-03   0.9054472E-03
     8430.00  0.6775801E-03   0.2214157E-03   0.8989958E-03
     8450.00  0.6711291E-03   0.2208127E-03   0.8919418E-03
     8470.00  0.6632740E-03   0.2202124E-03   0.8834864E-03
     8490.00  0.6622639E-03   0.2196148E-03   0.8818787E-03
     8510.00  0.6504991E-03   0.2190198E-03   0.8695189E-03
     8530.00  0.6527401E-03   0.2184276E-03   0.8711677E-03
     8550.00  0.6347174E-03   0.2178379E-03   0.8525553E-03
     8570.00  0.6456453E-03   0.2172509E-03   0.8628962E-03
     8590.00  0.6295116E-03   0.2166664E-03   0.8461780E-03
     8610.00  0.6235939E-03   0.2160846E-03   0.8396785E-03
     8630.00  0.6320585E-03   0.2155053E-03   0.8475638E-03
     8650.00  0.6206280E-03   0.2149285E-03   0.8355565E-03
     8670.00  0.5978933E-03   0.2143543E-03   0.8122476E-03
     8690.00  0.6149889E-03   0.2137826E-03   0.8287715E-03
     8710.00  0.6138385E-03   0.2132134E-03   0.8270519E-03
     8730.00  0.6031949E-03   0.2126466E-03   0.8158415E-03
     8750.00  0.5768696E-03   0.2120824E-03   0.7889520E-03
     8770.00  0.5897288E-03   0.2115205E-03   0.8012493E-03
     8790.00  0.5940778E-03   0.2109611E-03   0.8050389E-03
     8810.00  0.5898447E-03   0.2104041E-03   0.8002488E-03
     8830.00  0.5836242E-03   0.2098495E-03   0.7934737E-03
     8850.00  0.5671716E-03   0.2092972E-03   0.7764688E-03
     8870.00  0.5479912E-03   0.2087473E-03   0.7567385E-03
     8890.00  0.5667115E-03   0.2081998E-03   0.7749113E-03
     8910.00  0.5660118E-03   0.2076546E-03   0.7736664E-03
     8930.00  0.5621342E-03   0.2071117E-03   0.7692459E-03
     8950.00  0.5579810E-03   0.2065711E-03   0.7645521E-03
     8970.00  0.5527500E-03   0.2060328E-03   0.7587828E-03
     8990.00  0.5437959E-03   0.2054968E-03   0.7492927E-03
     9010.00  0.5181691E-03   0.2049630E-03   0.7231321E-03
     9030.00  0.5245681E-03   0.2044315E-03   0.7289996E-03
     9050.00  0.5330329E-03   0.2039021E-03   0.7369350E-03
     9070.00  0.5295073E-03   0.2033750E-03   0.7328823E-03
     9090.00  0.5265338E-03   0.2028501E-03   0.7293839E-03
     9110.00  0.5233592E-03   0.2023274E-03   0.7256866E-03
     9130.00  0.5194141E-03   0.2018069E-03   0.7212210E-03
     9150.00  0.5150742E-03   0.2012886E-03   0.7163628E-03
     9170.00  0.5101116E-03   0.2007725E-03   0.7108841E-03
     9190.00  0.5051071E-03   0.2002584E-03   0.7053655E-03
     9210.00  0.4940549E-03   0.1997465E-03   0.6938014E-03
     9230.00  0.4697290E-03   0.1992367E-03   0.6689657E-03
     9250.00  0.4857576E-03   0.1987290E-03   0.6844866E-03
     9270.00  0.4887798E-03   0.1982233E-03   0.6870031E-03
     9290.00  0.4866831E-03   0.1977197E-03   0.6844028E-03
     9310.00  0.4827706E-03   0.1972182E-03   0.6799888E-03
     9330.00  0.4797379E-03   0.1967187E-03   0.6764566E-03
     9350.00  0.4758949E-03   0.1962212E-03   0.6721161E-03
     9370.00  0.4723728E-03   0.1957258E-03   0.6680986E-03
     9390.00  0.4686794E-03   0.1952323E-03   0.6639117E-03
     9410.00  0.4647012E-03   0.1947409E-03   0.6594421E-03
     9430.00  0.4613142E-03   0.1942513E-03   0.6555655E-03
     9450.00  0.4575995E-03   0.1937638E-03   0.6513633E-03
     9470.00  0.4531016E-03   0.1932782E-03   0.6463798E-03
     9490.00  0.4498746E-03   0.1927946E-03   0.6426692E-03
     9510.00  0.4439360E-03   0.1923129E-03   0.6362489E-03
     9530.00  0.4340659E-03   0.1918332E-03   0.6258991E-03
     9550.00  0.4143276E-03   0.1913553E-03   0.6056829E-03
     9570.00  0.4304152E-03   0.1908793E-03   0.6212945E-03
     9590.00  0.4318044E-03   0.1904052E-03   0.6222096E-03
     9610.00  0.4292578E-03   0.1899330E-03   0.6191908E-03
     9630.00  0.4259950E-03   0.1894626E-03   0.6154576E-03
     9650.00  0.4236476E-03   0.1889941E-03   0.6126417E-03
     9670.00  0.4204014E-03   0.1885275E-03   0.6089289E-03
     9690.00  0.4172835E-03   0.1880626E-03   0.6053461E-03
     9710.00  0.4138924E-03   0.1875996E-03   0.6014920E-03
     9730.00  0.4111344E-03   0.1871384E-03   0.5982728E-03
     9750.00  0.4079933E-03   0.1866790E-03   0.5946723E-03
     9770.00  0.4049757E-03   0.1862214E-03   0.5911971E-03
     9790.00  0.4019438E-03   0.1857656E-03   0.5877094E-03
     9810.00  0.3989295E-03   0.1853116E-03   0.5842411E-03
     9830.00  0.3959248E-03   0.1848592E-03   0.5807840E-03
     9850.00  0.3929227E-03   0.1844087E-03   0.5773314E-03
     9870.00  0.3900158E-03   0.1839599E-03   0.5739757E-03
     9890.00  0.3870836E-03   0.1835128E-03   0.5705964E-03
     9910.00  0.3841660E-03   0.1830675E-03   0.5672335E-03
     9930.00  0.3813283E-03   0.1826238E-03   0.5639521E-03
     9950.00  0.3784157E-03   0.1821819E-03   0.5605976E-03
     9970.00  0.3755167E-03   0.1817417E-03   0.5572584E-03
     9990.00  0.3724130E-03   0.1813031E-03   0.5537161E-03
    10025.00  0.3617446E-03   0.1805396E-03   0.5422842E-03
    10075.00  0.3529289E-03   0.1794577E-03   0.5323866E-03
    10125.00  0.3542284E-03   0.1783861E-03   0.5326145E-03
    10175.00  0.3486834E-03   0.1773279E-03   0.5260113E-03
    10225.00  0.3425221E-03   0.1762802E-03   0.5188023E-03
    10275.00  0.3364891E-03   0.1752421E-03   0.5117312E-03
    10325.00  0.3300006E-03   0.1742135E-03   0.5042141E-03
    10375.00  0.3244102E-03   0.1731944E-03   0.4976046E-03
    10425.00  0.3187616E-03   0.1721845E-03   0.4909461E-03
    10475.00  0.3131031E-03   0.1711838E-03   0.4842869E-03
    10525.00  0.3076769E-03   0.1701922E-03   0.4778691E-03
    10575.00  0.3023558E-03   0.1692095E-03   0.4715653E-03
    10625.00  0.2970492E-03   0.1682356E-03   0.4652848E-03
    10675.00  0.2917495E-03   0.1672704E-03   0.4590199E-03
    10725.00  0.2870718E-03   0.1663139E-03   0.4533857E-03
    10775.00  0.2822015E-03   0.1653658E-03   0.4475673E-03
    10825.00  0.2763014E-03   0.1644262E-03   0.4407276E-03
    10875.00  0.2719468E-03   0.1634948E-03   0.4354416E-03
    10925.00  0.2593498E-03   0.1625716E-03   0.4219214E-03
    10975.00  0.2608800E-03   0.1616566E-03   0.4225366E-03
    11025.00  0.2586723E-03   0.1607495E-03   0.4194218E-03
    11075.00  0.2548848E-03   0.1598503E-03   0.4147351E-03
    11125.00  0.2505955E-03   0.1589590E-03   0.4095545E-03
    11175.00  0.2465804E-03   0.1505804E-03   0.3971608E-03
    11225.00  0.2425603E-03   0.1497458E-03   0.3923061E-03
    11275.00  0.2385970E-03   0.1489184E-03   0.3875154E-03
    11325.00  0.2346616E-03   0.1480982E-03   0.3827598E-03
    11375.00  0.2308068E-03   0.1472851E-03   0.3780919E-03
    11425.00  0.2271475E-03   0.1464790E-03   0.3736265E-03
    11475.00  0.2235954E-03   0.1456798E-03   0.3692752E-03
    11525.00  0.2200228E-03   0.1448874E-03   0.3649102E-03
    11575.00  0.2164704E-03   0.1441018E-03   0.3605722E-03
    11625.00  0.2128929E-03   0.1433229E-03   0.3562158E-03
    11675.00  0.2096007E-03   0.1425505E-03   0.3521512E-03
    11725.00  0.2064235E-03   0.1417847E-03   0.3482082E-03
    11775.00  0.2030738E-03   0.1410253E-03   0.3440991E-03
    11825.00  0.1999045E-03   0.1402724E-03   0.3401769E-03
    11875.00  0.1967097E-03   0.1395257E-03   0.3362354E-03
    11925.00  0.1938309E-03   0.1387852E-03   0.3326161E-03
    11975.00  0.1904344E-03   0.1380509E-03   0.3284853E-03
    12025.00  0.1879459E-03   0.1373227E-03   0.3252686E-03
    12075.00  0.1850138E-03   0.1366005E-03   0.3216143E-03
    12125.00  0.1821615E-03   0.1358843E-03   0.3180458E-03
    12175.00  0.1794208E-03   0.1351740E-03   0.3145948E-03
    12225.00  0.1767087E-03   0.1344694E-03   0.3111781E-03
    12275.00  0.1740720E-03   0.1337707E-03   0.3078427E-03
    12325.00  0.1714643E-03   0.1330776E-03   0.3045419E-03
    12375.00  0.1688731E-03   0.1323902E-03   0.3012633E-03
    12425.00  0.1664230E-03   0.1317083E-03   0.2981313E-03
    12475.00  0.1639925E-03   0.1310319E-03   0.2950244E-03
    12525.00  0.1614707E-03   0.1303077E-03   0.2917784E-03
    12575.00  0.1591520E-03   0.1296427E-03   0.2887947E-03
    12625.00  0.1567642E-03   0.1289831E-03   0.2857473E-03
    12675.00  0.1545177E-03   0.1283287E-03   0.2828464E-03
    12725.00  0.1522021E-03   0.1276795E-03   0.2798816E-03
    12775.00  0.1489976E-03   0.1270355E-03   0.2760331E-03
    12825.00  0.1429781E-03   0.1263966E-03   0.2693747E-03
    12875.00  0.1452069E-03   0.1257627E-03   0.2709696E-03
    12925.00  0.1436398E-03   0.1251338E-03   0.2687736E-03
    12975.00  0.1414767E-03   0.1245099E-03   0.2659866E-03
    13025.00  0.1396874E-03   0.1238908E-03   0.2635782E-03
    13075.00  0.1376953E-03   0.1232761E-03   0.2609714E-03
    13125.00  0.1357078E-03   0.1226661E-03   0.2583739E-03
    13175.00  0.1338247E-03   0.1220608E-03   0.2558855E-03
    13225.00  0.1319711E-03   0.1214601E-03   0.2534312E-03
    13275.00  0.1301088E-03   0.1208641E-03   0.2509729E-03
    13325.00  0.1282961E-03   0.1202726E-03   0.2485687E-03
    13375.00  0.1265145E-03   0.1196856E-03   0.2462001E-03
    13425.00  0.1247836E-03   0.1191032E-03   0.2438868E-03
    13475.00  0.1231198E-03   0.1185251E-03   0.2416449E-03
    13525.00  0.1214301E-03   0.1179514E-03   0.2393815E-03
    13575.00  0.1197501E-03   0.1173821E-03   0.2371322E-03
    13625.00  0.1180925E-03   0.1167943E-03   0.2348868E-03
    13675.00  0.1165249E-03   0.1162337E-03   0.2327586E-03
    13725.00  0.1149428E-03   0.1156773E-03   0.2306201E-03
    13775.00  0.1134202E-03   0.1151250E-03   0.2285452E-03
    13825.00  0.1118846E-03   0.1145769E-03   0.2264615E-03
    13875.00  0.1103628E-03   0.1140328E-03   0.2243956E-03
    13925.00  0.1089200E-03   0.1134928E-03   0.2224128E-03
    13975.00  0.1074981E-03   0.1129568E-03   0.2204549E-03
    14025.00  0.1060727E-03   0.1124248E-03   0.2184975E-03
    14075.00  0.1046675E-03   0.1118967E-03   0.2165642E-03
    14125.00  0.1032579E-03   0.1110320E-03   0.2142899E-03
    14175.00  0.1019432E-03   0.1105142E-03   0.2124574E-03
    14225.00  0.1006282E-03   0.1100002E-03   0.2106284E-03
    14275.00  0.9932388E-04   0.1094899E-03   0.2088138E-03
    14325.00  0.9803830E-04   0.1089833E-03   0.2070216E-03
    14375.00  0.9675646E-04   0.1084804E-03   0.2052369E-03
    14425.00  0.9542445E-04   0.1079812E-03   0.2034056E-03
    14475.00  0.9427432E-04   0.1074855E-03   0.2017598E-03
    14525.00  0.9302822E-04   0.1069934E-03   0.2000216E-03
    14570.00  0.9198495E-04   0.1065535E-03   0.1985385E-03
    14620.00  0.9138763E-04   0.8786550E-04   0.1792531E-03
    14675.00  0.9013220E-04   0.8743362E-04   0.1775658E-03
    14725.00  0.8899236E-04   0.8695157E-04   0.1759439E-03
    14775.00  0.8784691E-04   0.8656541E-04   0.1744123E-03
    14825.00  0.8671609E-04   0.8618204E-04   0.1728981E-03
    14875.00  0.8555033E-04   0.8580143E-04   0.1713518E-03
    14925.00  0.8452989E-04   0.8542355E-04   0.1699534E-03
    14975.00  0.8351940E-04   0.8504838E-04   0.1685678E-03
    15025.00  0.8233011E-04   0.8467589E-04   0.1670060E-03
    15075.00  0.8134189E-04   0.8430605E-04   0.1656479E-03
    15125.00  0.8036443E-04   0.8393883E-04   0.1643033E-03
    15175.00  0.7941271E-04   0.8357422E-04   0.1629869E-03
    15225.00  0.7862539E-04   0.8321228E-04   0.1618377E-03
    15275.00  0.7738161E-04   0.8285299E-04   0.1602346E-03
    15325.00  0.7646784E-04   0.8249622E-04   0.1589641E-03
    15375.00  0.7579977E-04   0.8214194E-04   0.1579417E-03
    15425.00  0.7450341E-04   0.8179012E-04   0.1562935E-03
    15475.00  0.7404785E-04   0.8144075E-04   0.1554886E-03
    15525.00  0.7317588E-04   0.8109380E-04   0.1542697E-03
    15575.00  0.7169686E-04   0.8074924E-04   0.1524461E-03
    15625.00  0.7167562E-04   0.8040706E-04   0.1520827E-03
    15675.00  0.7041152E-04   0.8006723E-04   0.1504788E-03
    15725.00  0.6916909E-04   0.7972973E-04   0.1488988E-03
    15775.00  0.6921351E-04   0.7939454E-04   0.1486081E-03
    15825.00  0.6834999E-04   0.7906164E-04   0.1474116E-03
    15875.00  0.6634251E-04   0.7873100E-04   0.1450735E-03
    15925.00  0.6656078E-04   0.7840261E-04   0.1449634E-03
    15975.00  0.6614519E-04   0.7807644E-04   0.1442216E-03
    16050.00  0.6474970E-04   0.7759131E-04   0.1423410E-03
    16150.00  0.6270110E-04   0.7695205E-04   0.1396532E-03
    16250.00  0.6206006E-04   0.7632133E-04   0.1383814E-03
    16350.00  0.6035233E-04   0.7569899E-04   0.1360513E-03
    16450.00  0.5843851E-04   0.7508487E-04   0.1335234E-03
    16550.00  0.5789612E-04   0.7447882E-04   0.1323749E-03
    16650.00  0.5658705E-04   0.7388071E-04   0.1304678E-03
    16750.00  0.5498965E-04   0.7329038E-04   0.1282800E-03
    16850.00  0.5323912E-04   0.7270771E-04   0.1259468E-03
    16950.00  0.5283692E-04   0.7213255E-04   0.1249695E-03
    17050.00  0.5160855E-04   0.7156478E-04   0.1231733E-03
    17150.00  0.5055397E-04   0.7100426E-04   0.1215582E-03
    17250.00  0.4937909E-04   0.7045088E-04   0.1198300E-03
    17350.00  0.4735762E-04   0.6990450E-04   0.1172621E-03
    17450.00  0.4713720E-04   0.6936500E-04   0.1165022E-03
    17550.00  0.4626071E-04   0.6883227E-04   0.1150930E-03
    17650.00  0.4526876E-04   0.6830620E-04   0.1135750E-03
    17750.00  0.4428496E-04   0.6778666E-04   0.1120716E-03
    17850.00  0.4333732E-04   0.6727355E-04   0.1106109E-03
    17950.00  0.4243346E-04   0.6676676E-04   0.1092002E-03
    18050.00  0.4150080E-04   0.6626619E-04   0.1077670E-03
    18150.00  0.3986333E-04   0.6577172E-04   0.1056351E-03
    18250.00  0.3961506E-04   0.6528333E-04   0.1048984E-03
    18350.00  0.3897291E-04   0.6480135E-04   0.1037743E-03
    18450.00  0.3817552E-04   0.6432514E-04   0.1025007E-03
    18550.00  0.3737158E-04   0.6255705E-04   0.9992863E-04
    18650.00  0.3650604E-04   0.6210298E-04   0.9860902E-04
    18750.00  0.3510614E-04   0.6165428E-04   0.9676042E-04
    18850.00  0.3509736E-04   0.6121085E-04   0.9630821E-04
    18950.00  0.3442047E-04   0.6077263E-04   0.9519310E-04
    19050.00  0.3370998E-04   0.6033952E-04   0.9404950E-04
    19150.00  0.3307570E-04   0.5991144E-04   0.9298714E-04
    19250.00  0.3241680E-04   0.5948833E-04   0.9190513E-04
    19350.00  0.3171120E-04   0.5907009E-04   0.9078129E-04
    19450.00  0.3046412E-04   0.5865665E-04   0.8912077E-04
    19550.00  0.3047675E-04   0.5824793E-04   0.8872468E-04
    19650.00  0.2994606E-04   0.5784388E-04   0.8778994E-04
    19750.00  0.2936067E-04   0.5744440E-04   0.8680507E-04
    19850.00  0.2879372E-04   0.5704943E-04   0.8584315E-04
    19950.00  0.2824040E-04   0.5665891E-04   0.8489931E-04
    20050.00  0.2770596E-04   0.5627277E-04   0.8397873E-04
    20150.00  0.2718044E-04   0.5589092E-04   0.8307136E-04
    20250.00  0.2665868E-04   0.5550723E-04   0.8216591E-04
    20350.00  0.2616996E-04   0.5513385E-04   0.8130381E-04
    20450.00  0.2568511E-04   0.5476459E-04   0.8044970E-04
    20550.00  0.2519569E-04   0.5439939E-04   0.7959508E-04
    20650.00  0.2473411E-04   0.5403818E-04   0.7877229E-04
    20750.00  0.2426570E-04   0.5368091E-04   0.7794661E-04
    20850.00  0.2383277E-04   0.5332751E-04   0.7716028E-04
    20950.00  0.2339991E-04   0.5297794E-04   0.7637785E-04
    21050.00  0.2297656E-04   0.5263212E-04   0.7560868E-04
    21150.00  0.2252955E-04   0.5229002E-04   0.7481957E-04
    21250.00  0.2213492E-04   0.5195157E-04   0.7408649E-04
    21350.00  0.2174317E-04   0.5161673E-04   0.7335990E-04
    21450.00  0.2135646E-04   0.5128543E-04   0.7264189E-04
    21550.00  0.2095051E-04   0.5095473E-04   0.7190524E-04
    21650.00  0.2016472E-04   0.5063043E-04   0.7079515E-04
    21750.00  0.2017952E-04   0.5030952E-04   0.7048904E-04
    21850.00  0.1988137E-04   0.4999196E-04   0.6987333E-04
    21950.00  0.1954646E-04   0.4967771E-04   0.6922417E-04
    22050.00  0.1920720E-04   0.4936671E-04   0.6857391E-04
    22150.00  0.1887004E-04   0.4905892E-04   0.6792896E-04
    22250.00  0.1853666E-04   0.4870711E-04   0.6724377E-04
    22350.00  0.1822575E-04   0.4840610E-04   0.6663185E-04
    22450.00  0.1791556E-04   0.4810816E-04   0.6602372E-04
    22550.00  0.1760860E-04   0.4781325E-04   0.6542185E-04
    22650.00  0.1730586E-04   0.4752133E-04   0.6482719E-04
    22750.00  0.1701439E-04   0.4723235E-04   0.6424674E-04
    22850.00  0.1676810E-04   0.4304182E-04   0.5980992E-04
    22950.00  0.1648912E-04   0.4277277E-04   0.5926189E-04
    23050.00  0.1621711E-04   0.4252037E-04   0.5873748E-04
    23150.00  0.1594588E-04   0.4227047E-04   0.5821635E-04
    23250.00  0.1567474E-04   0.4202303E-04   0.5769777E-04
    23350.00  0.1542141E-04   0.4177802E-04   0.5719943E-04
    23450.00  0.1516870E-04   0.4153542E-04   0.5670412E-04
    23550.00  0.1492228E-04   0.4129518E-04   0.5621746E-04
    23650.00  0.1467328E-04   0.4105727E-04   0.5573055E-04
    23750.00  0.1443463E-04   0.4082167E-04   0.5525630E-04
    23850.00  0.1420529E-04   0.4058835E-04   0.5479364E-04
    23950.00  0.1397757E-04   0.4035726E-04   0.5433483E-04
    24050.00  0.1375102E-04   0.4012839E-04   0.5387941E-04
    24150.00  0.1352400E-04   0.3990171E-04   0.5342571E-04
    24250.00  0.1332994E-04   0.3967718E-04   0.5300712E-04
    24350.00  0.1310034E-04   0.3945477E-04   0.5255511E-04
    24450.00  0.1289221E-04   0.3923447E-04   0.5212668E-04
    24550.00  0.1271794E-04   0.3901624E-04   0.5173418E-04
    24650.00  0.1249830E-04   0.3880005E-04   0.5129835E-04
    24750.00  0.1229640E-04   0.3858589E-04   0.5088229E-04
    24850.00  0.1214370E-04   0.3837371E-04   0.5051741E-04
    24950.00  0.1189305E-04   0.3816351E-04   0.5005656E-04
    25050.00  0.1179878E-04   0.3795525E-04   0.4975403E-04
    25150.00  0.1160232E-04   0.3774890E-04   0.4935122E-04
    25250.00  0.1133910E-04   0.3754445E-04   0.4888355E-04
    25350.00  0.1124336E-04   0.3734187E-04   0.4858523E-04
    25450.00  0.1108943E-04   0.3714113E-04   0.4823056E-04
    25550.00  0.1090668E-04   0.3694222E-04   0.4784890E-04
    25650.00  0.1065711E-04   0.3674511E-04   0.4740222E-04
    25750.00  0.1058257E-04   0.3654978E-04   0.4713235E-04
    25850.00  0.1044065E-04   0.3635620E-04   0.4679685E-04
    25950.00  0.1028477E-04   0.3616436E-04   0.4644913E-04
    26050.00  0.1010317E-04   0.3597422E-04   0.4607739E-04
    26150.00  0.9863160E-05   0.3578578E-04   0.4564894E-04
    26250.00  0.9619858E-05   0.3559902E-04   0.4521887E-04
    26350.00  0.9667987E-05   0.3541390E-04   0.4508188E-04
    26450.00  0.9554239E-05   0.3523041E-04   0.4478465E-04
    26550.00  0.9413452E-05   0.3504853E-04   0.4446198E-04
    26650.00  0.9260526E-05   0.3486825E-04   0.4412877E-04
    26750.00  0.9026395E-05   0.3468953E-04   0.4371593E-04
    26850.00  0.8996919E-05   0.3451237E-04   0.4350929E-04
    26950.00  0.8889228E-05   0.3433674E-04   0.4322597E-04
    27050.00  0.8765013E-05   0.3416263E-04   0.4292765E-04
    27150.00  0.8639822E-05   0.3399002E-04   0.4262984E-04
    27250.00  0.8515931E-05   0.3381889E-04   0.4233482E-04
    27350.00  0.8396376E-05   0.3364922E-04   0.4204559E-04
    27450.00  0.8270305E-05   0.3348099E-04   0.4175130E-04
    27550.00  0.8056116E-05   0.3331420E-04   0.4137031E-04
    27650.00  0.8008131E-05   0.3282832E-04   0.4083645E-04
    27750.00  0.7931189E-05   0.3266626E-04   0.4059745E-04
    27850.00  0.7828719E-05   0.3250557E-04   0.4033429E-04
    27950.00  0.7722373E-05   0.3234623E-04   0.4006860E-04
    28050.00  0.7616140E-05   0.3218821E-04   0.3980435E-04
    28150.00  0.7511332E-05   0.3203151E-04   0.3954284E-04
    28250.00  0.7406546E-05   0.3187611E-04   0.3928266E-04
    28350.00  0.7307371E-05   0.3172200E-04   0.3902937E-04
    28450.00  0.7208302E-05   0.3156916E-04   0.3877746E-04
    28550.00  0.7107064E-05   0.3141757E-04   0.3852463E-04
    28650.00  0.6986000E-05   0.3126722E-04   0.3825322E-04
    28750.00  0.6807198E-05   0.3111810E-04   0.3792530E-04
    28850.00  0.6816175E-05   0.3097020E-04   0.3778637E-04
    28950.00  0.6736970E-05   0.3082350E-04   0.3756047E-04
    29050.00  0.6649028E-05   0.3067798E-04   0.3732701E-04
    29150.00  0.6560241E-05   0.3053364E-04   0.3709388E-04
    29250.00  0.6471824E-05   0.3039045E-04   0.3686228E-04
    29350.00  0.6388860E-05   0.3024842E-04   0.3663728E-04
    29450.00  0.6305603E-05   0.3010752E-04   0.3641312E-04
    29550.00  0.6223346E-05   0.2996774E-04   0.3619108E-04
    29650.00  0.6141209E-05   0.2982907E-04   0.3597028E-04
    29750.00  0.6060495E-05   0.2969035E-04   0.3575085E-04
    29850.00  0.5983267E-05   0.2955387E-04   0.3553713E-04
    29950.00  0.5906672E-05   0.2941845E-04   0.3532513E-04
    30050.00  0.5830247E-05   0.2928411E-04   0.3511435E-04
    30150.00  0.5753757E-05   0.2915081E-04   0.3490456E-04
    30250.00  0.5673339E-05   0.2901855E-04   0.3469189E-04
    30350.00  0.5529013E-05   0.2888732E-04   0.3441633E-04
    30450.00  0.5493652E-05   0.2875711E-04   0.3425076E-04
    30550.00  0.5463403E-05   0.2862790E-04   0.3409130E-04
    30650.00  0.5397949E-05   0.2849969E-04   0.3389764E-04
    30750.00  0.5329548E-05   0.2837246E-04   0.3370201E-04
    30850.00  0.5264271E-05   0.2824621E-04   0.3351048E-04
    30950.00  0.5198919E-05   0.2812092E-04   0.3331984E-04
    31050.00  0.5134037E-05   0.2799659E-04   0.3313062E-04
    31150.00  0.5069081E-05   0.2787320E-04   0.3294228E-04
    31250.00  0.5005872E-05   0.2775074E-04   0.3275661E-04
    31350.00  0.4944964E-05   0.2762865E-04   0.3257361E-04
    31450.00  0.4884373E-05   0.2750804E-04   0.3239241E-04
    31550.00  0.4824483E-05   0.2738834E-04   0.3221282E-04
    31650.00  0.4765319E-05   0.2726953E-04   0.3203485E-04
    31750.00  0.4705959E-05   0.2715160E-04   0.3185756E-04
    31850.00  0.4649837E-05   0.2703456E-04   0.3168440E-04
    31950.00  0.4594424E-05   0.2691838E-04   0.3151280E-04
    32100.00  0.4511452E-05   0.2673615E-04   0.3124760E-04
    32300.00  0.4402520E-05   0.2650904E-04   0.3091156E-04
    32500.00  0.4298163E-05   0.2628524E-04   0.3058340E-04
    32700.00  0.4197675E-05   0.2606468E-04   0.3026235E-04
    32900.00  0.4052828E-05   0.2474426E-04   0.2879708E-04
    33100.00  0.3991629E-05   0.2453861E-04   0.2853024E-04
    33300.00  0.3906306E-05   0.2433882E-04   0.2824513E-04
    33500.00  0.3816851E-05   0.2414185E-04   0.2795870E-04
    33700.00  0.3731247E-05   0.2394765E-04   0.2767889E-04
    33900.00  0.3647075E-05   0.2375615E-04   0.2740322E-04
    34100.00  0.3563755E-05   0.2356731E-04   0.2713107E-04
    34300.00  0.3482123E-05   0.2338108E-04   0.2686320E-04
    34500.00  0.3400586E-05   0.2319740E-04   0.2659799E-04
    34700.00  0.3325735E-05   0.2301623E-04   0.2634197E-04
    34900.00  0.3251045E-05   0.2283752E-04   0.2608857E-04
    35100.00  0.3179192E-05   0.2266123E-04   0.2584042E-04
    35300.00  0.3109131E-05   0.2248730E-04   0.2559643E-04
    35500.00  0.3039617E-05   0.2231570E-04   0.2535531E-04
    35700.00  0.2974474E-05   0.2214637E-04   0.2512085E-04
    35900.00  0.2914087E-05   0.2197929E-04   0.2489338E-04
    36100.00  0.2847249E-05   0.2181441E-04   0.2466165E-04
    36300.00  0.2789474E-05   0.2165168E-04   0.2444115E-04
    36500.00  0.2723271E-05   0.2149107E-04   0.2421434E-04
    36700.00  0.2672302E-05   0.2133254E-04   0.2400484E-04
    36900.00  0.2609535E-05   0.2117605E-04   0.2378558E-04
    37100.00  0.2559844E-05   0.2102157E-04   0.2358141E-04
    37300.00  0.2493332E-05   0.2086905E-04   0.2336238E-04
    37500.00  0.2427314E-05   0.2071848E-04   0.2314579E-04
    37700.00  0.2403514E-05   0.2056980E-04   0.2297331E-04
    37900.00  0.2355891E-05   0.2042299E-04   0.2277888E-04
    38100.00  0.2301077E-05   0.2027801E-04   0.2257909E-04
    38300.00  0.2255292E-05   0.2013484E-04   0.2239013E-04
    38500.00  0.2212997E-05   0.1999344E-04   0.2220644E-04
    38700.00  0.2169464E-05   0.1975411E-04   0.2192358E-04
    38900.00  0.2124590E-05   0.1961708E-04   0.2174167E-04
    39100.00  0.2073397E-05   0.1948171E-04   0.2155510E-04
    39300.00  0.2040993E-05   0.1934798E-04   0.2138897E-04
    39500.00  0.2000312E-05   0.1921587E-04   0.2121618E-04
    39700.00  0.1961840E-05   0.1908534E-04   0.2104718E-04
    39900.00  0.1923781E-05   0.1895637E-04   0.2088015E-04
    40100.00  0.1880288E-05   0.1882894E-04   0.2070922E-04
    40300.00  0.1839242E-05   0.1870301E-04   0.2054225E-04
    40500.00  0.1792254E-05   0.1857857E-04   0.2037082E-04
    40700.00  0.1776807E-05   0.1845558E-04   0.2023239E-04
    40900.00  0.1744398E-05   0.1833404E-04   0.2007843E-04
    41100.00  0.1710904E-05   0.1821362E-04   0.1992453E-04
    41300.00  0.1677586E-05   0.1809487E-04   0.1977246E-04
    41500.00  0.1644195E-05   0.1797749E-04   0.1962169E-04
    41700.00  0.1603318E-05   0.1786146E-04   0.1946477E-04
    41900.00  0.1583825E-05   0.1774674E-04   0.1933057E-04
    42100.00  0.1555501E-05   0.1763333E-04   0.1918883E-04
    42300.00  0.1526367E-05   0.1752120E-04   0.1904756E-04
    42500.00  0.1497158E-05   0.1741033E-04   0.1890748E-04
    42700.00  0.1470455E-05   0.1730070E-04   0.1877115E-04
    42900.00  0.1443103E-05   0.1719229E-04   0.1863539E-04
    43100.00  0.1417308E-05   0.1708493E-04   0.1850224E-04
    43300.00  0.1391055E-05   0.1697891E-04   0.1836996E-04
    43500.00  0.1364591E-05   0.1687406E-04   0.1823865E-04
    43700.00  0.1330774E-05   0.1677035E-04   0.1810113E-04
    43900.00  0.1314094E-05   0.1666530E-04   0.1797939E-04
    44100.00  0.1293523E-05   0.1656386E-04   0.1785739E-04
    44300.00  0.1270294E-05   0.1646353E-04   0.1773382E-04
    44500.00  0.1247300E-05   0.1636427E-04   0.1761157E-04
    44700.00  0.1226625E-05   0.1618055E-04   0.1740717E-04
    44900.00  0.1205412E-05   0.1579205E-04   0.1699746E-04
    45100.00  0.1184312E-05   0.1569895E-04   0.1688326E-04
    45300.00  0.1163441E-05   0.1560683E-04   0.1677027E-04
    45500.00  0.1142735E-05   0.1551568E-04   0.1665841E-04
    45700.00  0.1123504E-05   0.1542548E-04   0.1654898E-04
    45900.00  0.1104290E-05   0.1533621E-04   0.1644050E-04
    46100.00  0.1085287E-05   0.1524787E-04   0.1633316E-04
    46300.00  0.1065910E-05   0.1516044E-04   0.1622635E-04
    46500.00  0.1034736E-05   0.1507390E-04   0.1610864E-04
    46700.00  0.1019700E-05   0.1498825E-04   0.1600795E-04
    46900.00  0.1011678E-05   0.1490347E-04   0.1591515E-04
    47100.00  0.9966176E-06   0.1481955E-04   0.1581616E-04
    47300.00  0.9800037E-06   0.1473647E-04   0.1571648E-04
    47500.00  0.9633582E-06   0.1465423E-04   0.1561759E-04
    47700.00  0.9477986E-06   0.1457281E-04   0.1552061E-04
    47900.00  0.9323404E-06   0.1449220E-04   0.1542454E-04
    48100.00  0.9169908E-06   0.1441240E-04   0.1532939E-04
    48300.00  0.9017657E-06   0.1433338E-04   0.1523514E-04
    48500.00  0.8867956E-06   0.1425513E-04   0.1514193E-04
    48700.00  0.8728784E-06   0.1417766E-04   0.1505054E-04
    48900.00  0.8591075E-06   0.1410094E-04   0.1496005E-04
    49100.00  0.8454774E-06   0.1402497E-04   0.1487044E-04
    49300.00  0.8319429E-06   0.1394973E-04   0.1478167E-04
    49500.00  0.8186000E-06   0.1387522E-04   0.1469382E-04
    49700.00  0.8052307E-06   0.1380142E-04   0.1460665E-04
    49900.00  0.7921577E-06   0.1372833E-04   0.1452049E-04
    50100.00  0.7821124E-06   0.1365594E-04   0.1443805E-04
    50300.00  0.7750612E-06   0.1358423E-04   0.1435929E-04
    50500.00  0.7681445E-06   0.1351320E-04   0.1428134E-04
    50700.00  0.7613851E-06   0.1344284E-04   0.1420422E-04
    50900.00  0.7547010E-06   0.1337314E-04   0.1412784E-04
    51100.00  0.7470307E-06   0.1330409E-04   0.1405112E-04
    51300.00  0.7336672E-06   0.1323568E-04   0.1396935E-04
    51500.00  0.7345680E-06   0.1313119E-04   0.1386575E-04
    51700.00  0.7290560E-06   0.1306430E-04   0.1379336E-04
    51900.00  0.7229034E-06   0.1299803E-04   0.1372093E-04
    52100.00  0.7168641E-06   0.1293236E-04   0.1364923E-04
    52300.00  0.7108674E-06   0.1286730E-04   0.1357817E-04
    52500.00  0.7050109E-06   0.1280283E-04   0.1350784E-04
    52700.00  0.6992325E-06   0.1273894E-04   0.1343817E-04
    52900.00  0.6934593E-06   0.1267562E-04   0.1336908E-04
    53100.00  0.6878517E-06   0.1261288E-04   0.1330073E-04
    53300.00  0.6823077E-06   0.1255070E-04   0.1323300E-04
    53500.00  0.6768467E-06   0.1248907E-04   0.1316592E-04
    53700.00  0.6714871E-06   0.1242799E-04   0.1309948E-04
    53900.00  0.6661877E-06   0.1236745E-04   0.1303364E-04
    54100.00  0.6609442E-06   0.1230745E-04   0.1296839E-04
    54300.00  0.6557761E-06   0.1224788E-04   0.1290366E-04
    54500.00  0.6507214E-06   0.1218892E-04   0.1283965E-04
    54700.00  0.6456375E-06   0.1213048E-04   0.1277612E-04
    54900.00  0.6407203E-06   0.1207255E-04   0.1271327E-04
    55100.00  0.6358466E-06   0.1201511E-04   0.1265096E-04
    55300.00  0.6310530E-06   0.1195818E-04   0.1258923E-04
    55500.00  0.6262901E-06   0.1190173E-04   0.1252802E-04
    55700.00  0.6216275E-06   0.1184577E-04   0.1246739E-04
    55900.00  0.6169980E-06   0.1179028E-04   0.1240728E-04
    56100.00  0.6124571E-06   0.1173527E-04   0.1234772E-04
    56300.00  0.6079615E-06   0.1168072E-04   0.1228868E-04
    56500.00  0.6035338E-06   0.1162660E-04   0.1223013E-04
    56700.00  0.5991108E-06   0.1157296E-04   0.1217207E-04
    56900.00  0.5947902E-06   0.1151978E-04   0.1211457E-04
    57100.00  0.5905280E-06   0.1146704E-04   0.1205756E-04
    57300.00  0.5863120E-06   0.1141473E-04   0.1200105E-04
    57500.00  0.5821526E-06   0.1136211E-04   0.1194426E-04
    57700.00  0.5780455E-06   0.1131068E-04   0.1188873E-04
    57900.00  0.5739865E-06   0.1125968E-04   0.1183367E-04
    58100.00  0.5699736E-06   0.1120909E-04   0.1177907E-04
    58300.00  0.5660000E-06   0.1115892E-04   0.1172492E-04
    58500.00  0.5622442E-06   0.1096018E-04   0.1152243E-04
    58700.00  0.5582990E-06   0.1091149E-04   0.1146979E-04
    58900.00  0.5537135E-06   0.1086347E-04   0.1141718E-04
    59100.00  0.5457526E-06   0.1081583E-04   0.1136158E-04
    59300.00  0.5465077E-06   0.1076857E-04   0.1131508E-04
    59500.00  0.5432653E-06   0.1072170E-04   0.1126496E-04
    59700.00  0.5396770E-06   0.1067519E-04   0.1121487E-04
    59900.00  0.5360579E-06   0.1062906E-04   0.1116511E-04
    60100.00  0.5324889E-06   0.1058328E-04   0.1111577E-04
    60300.00  0.5289634E-06   0.1053787E-04   0.1106684E-04
    60500.00  0.5254683E-06   0.1049282E-04   0.1101829E-04
    60700.00  0.5220232E-06   0.1044812E-04   0.1097014E-04
    60900.00  0.5186100E-06   0.1040377E-04   0.1092238E-04
    61100.00  0.5151917E-06   0.1035976E-04   0.1087495E-04
    61300.00  0.5118643E-06   0.1031610E-04   0.1082796E-04
    61500.00  0.5085623E-06   0.1027277E-04   0.1078133E-04
    61700.00  0.5052884E-06   0.1022978E-04   0.1073506E-04
    61900.00  0.5020455E-06   0.1018711E-04   0.1068916E-04
    62100.00  0.4988463E-06   0.1014478E-04   0.1064362E-04
    62300.00  0.4956704E-06   0.1010276E-04   0.1059843E-04
    62500.00  0.4925455E-06   0.1006107E-04   0.1055361E-04
    62700.00  0.4894406E-06   0.1001969E-04   0.1050913E-04
    62900.00  0.4863574E-06   0.9978621E-05   0.1046498E-04
    63100.00  0.4833127E-06   0.9937864E-05   0.1042118E-04
    63300.00  0.4803079E-06   0.9897413E-05   0.1037772E-04
    63500.00  0.4772926E-06   0.9857265E-05   0.1033456E-04
    63700.00  0.4743400E-06   0.9817416E-05   0.1029176E-04
    63900.00  0.4714193E-06   0.9777863E-05   0.1024928E-04
    64200.00  0.4670732E-06   0.9719083E-05   0.1018616E-04
    64600.00  0.4613759E-06   0.9641716E-05   0.1010309E-04
    65000.00  0.4557859E-06   0.9565480E-05   0.1002127E-04
    65400.00  0.4503093E-06   0.9490350E-05   0.9940660E-05
    65800.00  0.4449183E-06   0.9416304E-05   0.9861222E-05
    66200.00  0.4395916E-06   0.9328034E-05   0.9767625E-05
    66600.00  0.4343768E-06   0.9256259E-05   0.9690636E-05
    67000.00  0.4292543E-06   0.9185501E-05   0.9614755E-05
    67400.00  0.4242206E-06   0.9115738E-05   0.9539959E-05
    67800.00  0.4192623E-06   0.9046951E-05   0.9466213E-05
    68200.00  0.4143771E-06   0.8979120E-05   0.9393497E-05
    68600.00  0.4095784E-06   0.8912226E-05   0.9321804E-05
    69000.00  0.4048528E-06   0.8846250E-05   0.9251103E-05
    69400.00  0.4001692E-06   0.8781146E-05   0.9181315E-05
    69800.00  0.3955745E-06   0.8716954E-05   0.9112528E-05
    70200.00  0.3910459E-06   0.8653628E-05   0.9044674E-05
    70600.00  0.3865832E-06   0.8591151E-05   0.8977734E-05
    71000.00  0.3821832E-06   0.8529508E-05   0.8911691E-05
    71400.00  0.3778423E-06   0.8468682E-05   0.8846525E-05
    71800.00  0.3735646E-06   0.8408643E-05   0.8782207E-05
    72200.00  0.3693325E-06   0.8349405E-05   0.8718738E-05
    72600.00  0.3651432E-06   0.8290940E-05   0.8656083E-05
    73000.00  0.3610202E-06   0.8232951E-05   0.8593971E-05
    73400.00  0.3569436E-06   0.8175996E-05   0.8532940E-05
    73800.00  0.3529223E-06   0.8119772E-05   0.8472694E-05
    74200.00  0.3488393E-06   0.7998770E-05   0.8347610E-05
    74600.00  0.3437572E-06   0.7944627E-05   0.8288384E-05
    75000.00  0.3398749E-06   0.7891164E-05   0.8231039E-05
    75400.00  0.3372145E-06   0.7838370E-05   0.8175584E-05
    75800.00  0.3334896E-06   0.7786232E-05   0.8119722E-05
    76200.00  0.3297169E-06   0.7734740E-05   0.8064457E-05
    76600.00  0.3259962E-06   0.7683881E-05   0.8009877E-05
    77000.00  0.3223139E-06   0.7633645E-05   0.7955959E-05
    77400.00  0.3186681E-06   0.7584020E-05   0.7902688E-05
    77800.00  0.3150593E-06   0.7534996E-05   0.7850055E-05
    78200.00  0.3114820E-06   0.7486563E-05   0.7798045E-05
    78600.00  0.3079402E-06   0.7438710E-05   0.7746650E-05
    79000.00  0.3044340E-06   0.7391427E-05   0.7695861E-05
    79400.00  0.3009557E-06   0.7344704E-05   0.7645660E-05
    79800.00  0.2975055E-06   0.7298533E-05   0.7596039E-05
    80200.00  0.2940778E-06   0.7252904E-05   0.7546982E-05
    80600.00  0.2906868E-06   0.7207807E-05   0.7498494E-05
    81000.00  0.2873233E-06   0.7163234E-05   0.7450557E-05
    81400.00  0.2839884E-06   0.7119176E-05   0.7403165E-05
    81800.00  0.2806825E-06   0.7075625E-05   0.7356307E-05
    82200.00  0.2773993E-06   0.7032571E-05   0.7309971E-05
    82600.00  0.2741411E-06   0.6982965E-05   0.7257106E-05
    83000.00  0.2709121E-06   0.6940948E-05   0.7211860E-05
    83400.00  0.2676966E-06   0.6899405E-05   0.7167102E-05
    83800.00  0.2645087E-06   0.6858327E-05   0.7122836E-05
    84200.00  0.2613457E-06   0.6817708E-05   0.7079053E-05
    84600.00  0.2582037E-06   0.6777539E-05   0.7035742E-05
    85000.00  0.2550744E-06   0.6737813E-05   0.6992888E-05
    85400.00  0.2519727E-06   0.6698525E-05   0.6950497E-05
    85800.00  0.2488913E-06   0.6659665E-05   0.6908557E-05
    86200.00  0.2458349E-06   0.6621220E-05   0.6867054E-05
    86600.00  0.2427871E-06   0.6583200E-05   0.6825987E-05
    87000.00  0.2397645E-06   0.6545590E-05   0.6785355E-05
    87400.00  0.2367569E-06   0.6508384E-05   0.6745141E-05
    87800.00  0.2337672E-06   0.6471575E-05   0.6705342E-05
    88200.00  0.2307933E-06   0.6435157E-05   0.6665950E-05
    88600.00  0.2278361E-06   0.6399124E-05   0.6626961E-05
    89000.00  0.2248942E-06   0.6363464E-05   0.6588358E-05
    89400.00  0.2219713E-06   0.6328186E-05   0.6550157E-05
    89800.00  0.2190529E-06   0.6293276E-05   0.6512329E-05
    90200.00  0.2161584E-06   0.6258611E-05   0.6474769E-05
    90600.00  0.2132778E-06   0.6224417E-05   0.6437695E-05
    91000.00  0.2104128E-06   0.6190574E-05   0.6400987E-05
    91400.00  0.2075600E-06   0.6125544E-05   0.6333104E-05
    91800.00  0.2047209E-06   0.6092615E-05   0.6297336E-05
    92200.00  0.2018920E-06   0.6060058E-05   0.6261950E-05
    92600.00  0.1990773E-06   0.6027830E-05   0.6226907E-05
    93000.00  0.1962775E-06   0.5995924E-05   0.6192202E-05
    93400.00  0.1934857E-06   0.5964338E-05   0.6157824E-05
    93800.00  0.1907050E-06   0.5933065E-05   0.6123770E-05
    94200.00  0.1879380E-06   0.5902103E-05   0.6090041E-05
    94600.00  0.1851826E-06   0.5871445E-05   0.6056628E-05
    95000.00  0.1824396E-06   0.5841089E-05   0.6023528E-05
    95400.00  0.1797040E-06   0.5811029E-05   0.5990733E-05
    95800.00  0.1769749E-06   0.5781262E-05   0.5958236E-05
    96200.00  0.1742608E-06   0.5751783E-05   0.5926043E-05
    96600.00  0.1715566E-06   0.5722588E-05   0.5894144E-05
    97000.00  0.1688615E-06   0.5693673E-05   0.5862535E-05
    97400.00  0.1661749E-06   0.5665036E-05   0.5831210E-05
    97800.00  0.1634984E-06   0.5636670E-05   0.5800169E-05
    98200.00  0.1608324E-06   0.5608574E-05   0.5769406E-05
    98600.00  0.1581718E-06   0.5580743E-05   0.5738915E-05
    99000.00  0.1555188E-06   0.5553173E-05   0.5708692E-05
    99400.00  0.1528762E-06   0.5525862E-05   0.5678738E-05
    99800.00  0.1502427E-06   0.5498805E-05   0.5649048E-05
   100200.00  0.1476154E-06   0.1243395E-05   0.1391010E-05
   200000.00  0.6799338E-08   0.3120933E-06   0.3188927E-06
   400000.00  0.4914708E-09   0.7802333E-07   0.7851480E-07
   600000.00  0.4002352E-10   0.3467704E-07   0.3471706E-07
   800000.00  0.1791329E-10   0.1950583E-07   0.1952375E-07
  1000000.00  0.5259829E-11   0.1248373E-07   0.1248899E-07
  1200000.00  0.3944393E-11   0.8669259E-08   0.8673203E-08
  1400000.00  0.3353143E-11   0.6369251E-08   0.6372604E-08
  1600000.00  0.3040569E-11   0.4876458E-08   0.4879499E-08
