       91.00  0.9899999E-08   0.0000000E+00   0.9899999E-08
       94.00  0.6235536E-07   0.0000000E+00   0.6235536E-07
       96.00  0.9350220E-07   0.0000000E+00   0.9350220E-07
       98.00  0.2448668E-06   0.0000000E+00   0.2448668E-06
      100.00  0.3773676E-06   0.0000000E+00   0.3773676E-06
      102.00  0.2065444E-06   0.0000000E+00   0.2065444E-06
      104.00  0.2958446E-06   0.0000000E+00   0.2958446E-06
      106.00  0.3433601E-06   0.0000000E+00   0.3433601E-06
      108.00  0.5065460E-06   0.0000000E+00   0.5065460E-06
      110.00  0.5439252E-06   0.0000000E+00   0.5439252E-06
      114.00  0.4210102E-06   0.0000000E+00   0.4210102E-06
      118.00  0.3894437E-06   0.0000000E+00   0.3894437E-06
      121.00  0.5772750E-06   0.0000000E+00   0.5772750E-06
      125.00  0.6653353E-06   0.0000000E+00   0.6653353E-06
      127.00  0.5654241E-06   0.0000000E+00   0.5654241E-06
      128.00  0.6161500E-06   0.0000000E+00   0.6161500E-06
      131.00  0.5374286E-06   0.0000000E+00   0.5374286E-06
      132.00  0.5922274E-06   0.0000000E+00   0.5922274E-06
      134.00  0.6265524E-06   0.0000000E+00   0.6265524E-06
      137.00  0.6039880E-06   0.0000000E+00   0.6039880E-06
      140.00  0.5876196E-06   0.0000000E+00   0.5876196E-06
      143.00  0.5813143E-06   0.0000000E+00   0.5813143E-06
      147.00  0.5038042E-06   0.0000000E+00   0.5038042E-06
      151.00  0.5278205E-06   0.0000000E+00   0.5278205E-06
      155.00  0.5348013E-06   0.0000000E+00   0.5348013E-06
      159.00  0.5769117E-06   0.0000000E+00   0.5769117E-06
      162.00  0.5801465E-06   0.0000000E+00   0.5801465E-06
      166.00  0.5904761E-06   0.0000000E+00   0.5904761E-06
      170.00  0.4883912E-06   0.0000000E+00   0.4883912E-06
      173.00  0.5394070E-06   0.0000000E+00   0.5394070E-06
      177.00  0.4817884E-06   0.0000000E+00   0.4817884E-06
      180.00  0.5344557E-06   0.0000000E+00   0.5344557E-06
      182.00  0.5651219E-06   0.0000000E+00   0.5651219E-06
      186.00  0.5451296E-06   0.0000000E+00   0.5451296E-06
      191.00  0.5296652E-06   0.0000000E+00   0.5296652E-06
      194.00  0.5660432E-06   0.0000000E+00   0.5660432E-06
      198.00  0.5684271E-06   0.0000000E+00   0.5684271E-06
      202.00  0.5991772E-06   0.0000000E+00   0.5991772E-06
      205.00  0.5669041E-06   0.0000000E+00   0.5669041E-06
      210.00  0.5410733E-06   0.0000000E+00   0.5410733E-06
      216.00  0.5468119E-06   0.0000000E+00   0.5468119E-06
      220.00  0.4906371E-06   0.0000000E+00   0.4906371E-06
      223.00  0.5043727E-06   0.0000000E+00   0.5043727E-06
      227.00  0.5414826E-06   0.0000000E+00   0.5414826E-06
      228.00  0.5541165E-06   0.0000000E+00   0.5541165E-06
      228.00  0.3960756E-06   0.0000000E+00   0.3960756E-06
      230.00  0.6628884E-06   0.0000000E+00   0.6628884E-06
      234.00  0.1196514E-05   0.0000000E+00   0.1196514E-05
      240.00  0.1950374E-05   0.0000000E+00   0.1950374E-05
      246.00  0.2341020E-05   0.0000000E+00   0.2341020E-05
      252.00  0.3100876E-05   0.0000000E+00   0.3100876E-05
      257.00  0.2192855E-05   0.0000000E+00   0.2192855E-05
      260.00  0.3101397E-05   0.0000000E+00   0.3101397E-05
      264.00  0.3169834E-05   0.0000000E+00   0.3169834E-05
      269.00  0.3150918E-05   0.0000000E+00   0.3150918E-05
      274.00  0.3229400E-05   0.0000000E+00   0.3229400E-05
      279.00  0.2813755E-05   0.0000000E+00   0.2813755E-05
      284.00  0.2844866E-05   0.0000000E+00   0.2844866E-05
      290.00  0.2579645E-05   0.0000000E+00   0.2579645E-05
      296.00  0.2449021E-05   0.0000000E+00   0.2449021E-05
      301.00  0.1904972E-05   0.0000000E+00   0.1904972E-05
      308.00  0.2161297E-05   0.0000000E+00   0.2161297E-05
      318.00  0.2409250E-05   0.0000000E+00   0.2409250E-05
      328.00  0.2336982E-05   0.0000000E+00   0.2336982E-05
      338.00  0.2092279E-05   0.0000000E+00   0.2092279E-05
      348.00  0.1899589E-05   0.0000000E+00   0.1899589E-05
      353.30  0.1818552E-05   0.0000000E+00   0.1818552E-05
      353.30  0.1844995E-05   0.0000000E+00   0.1844995E-05
      357.00  0.1823414E-05   0.0000000E+00   0.1823414E-05
      366.00  0.1770920E-05   0.0000000E+00   0.1770920E-05
      375.00  0.1703780E-05   0.0000000E+00   0.1703780E-05
      385.00  0.1516339E-05   0.0000000E+00   0.1516339E-05
      395.00  0.1478133E-05   0.0000000E+00   0.1478133E-05
      405.00  0.1441902E-05   0.0000000E+00   0.1441902E-05
      414.00  0.1376992E-05   0.0000000E+00   0.1376992E-05
      422.00  0.1297000E-05   0.0000000E+00   0.1297000E-05
      430.00  0.1186490E-05   0.0000000E+00   0.1186490E-05
      441.00  0.1154697E-05   0.0000000E+00   0.1154697E-05
      451.00  0.1108477E-05   0.0000000E+00   0.1108477E-05
      460.00  0.1044981E-05   0.0000000E+00   0.1044981E-05
      470.00  0.1005963E-05   0.0000000E+00   0.1005963E-05
      480.00  0.9509224E-06   0.0000000E+00   0.9509224E-06
      490.00  0.9127759E-06   0.0000000E+00   0.9127759E-06
      500.00  0.8623578E-06   0.0000000E+00   0.8623578E-06
      504.60  0.8387545E-06   0.0000000E+00   0.8387545E-06
      504.60  0.8336961E-06   0.0000000E+00   0.8336961E-06
      506.00  0.8241774E-06   0.0000000E+00   0.8241774E-06
      512.00  0.7956213E-06   0.0000000E+00   0.7956213E-06
      520.00  0.7802424E-06   0.0000000E+00   0.7802424E-06
      530.00  0.7342688E-06   0.0000000E+00   0.7342688E-06
      540.00  0.6837474E-06   0.0000000E+00   0.6837474E-06
      550.00  0.6374439E-06   0.0000000E+00   0.6374439E-06
      560.00  0.6526684E-06   0.0000000E+00   0.6526684E-06
      570.00  0.6298383E-06   0.0000000E+00   0.6298383E-06
      580.00  0.5772004E-06   0.0000000E+00   0.5772004E-06
      590.00  0.5814722E-06   0.0000000E+00   0.5814722E-06
      600.00  0.5344498E-06   0.0000000E+00   0.5344498E-06
      610.00  0.4952957E-06   0.0000000E+00   0.4952957E-06
      620.00  0.4845381E-06   0.0000000E+00   0.4845381E-06
      630.00  0.4552864E-06   0.0000000E+00   0.4552864E-06
      640.00  0.4538972E-06   0.0000000E+00   0.4538972E-06
      650.00  0.4445448E-06   0.0000000E+00   0.4445448E-06
      658.00  0.4008552E-06   0.0000000E+00   0.4008552E-06
      665.00  0.3890335E-06   0.0000000E+00   0.3890335E-06
      675.00  0.3889682E-06   0.0000000E+00   0.3889682E-06
      685.00  0.3757292E-06   0.0000000E+00   0.3757292E-06
      695.00  0.3610345E-06   0.0000000E+00   0.3610345E-06
      705.00  0.3468161E-06   0.0000000E+00   0.3468161E-06
      716.00  0.3380608E-06   0.0000000E+00   0.3380608E-06
      726.00  0.3249197E-06   0.0000000E+00   0.3249197E-06
      735.00  0.3139157E-06   0.0000000E+00   0.3139157E-06
      745.00  0.3006660E-06   0.0000000E+00   0.3006660E-06
      755.00  0.2962303E-06   0.0000000E+00   0.2962303E-06
      765.00  0.2772061E-06   0.0000000E+00   0.2772061E-06
      775.00  0.2684803E-06   0.0000000E+00   0.2684803E-06
      785.00  0.2225449E-06   0.0000000E+00   0.2225449E-06
      795.00  0.2463354E-06   0.0000000E+00   0.2463354E-06
      805.00  0.2469860E-06   0.0000000E+00   0.2469860E-06
      815.00  0.2382637E-06   0.0000000E+00   0.2382637E-06
      825.00  0.2291967E-06   0.0000000E+00   0.2291967E-06
      835.00  0.2134562E-06   0.0000000E+00   0.2134562E-06
      845.00  0.2094748E-06   0.0000000E+00   0.2094748E-06
      855.00  0.2064448E-06   0.0000000E+00   0.2064448E-06
      865.00  0.1911625E-06   0.0000000E+00   0.1911625E-06
      875.00  0.1962754E-06   0.0000000E+00   0.1962754E-06
      885.00  0.1895370E-06   0.0000000E+00   0.1895370E-06
      895.00  0.1842895E-06   0.0000000E+00   0.1842895E-06
      905.00  0.1785947E-06   0.0000000E+00   0.1785947E-06
      912.40  0.1740926E-06   0.2830300E-12   0.1740928E-06
      912.40  0.2797532E-06   0.2830371E-12   0.2797535E-06
      915.00  0.2654475E-06   0.3069976E-12   0.2654478E-06
      925.00  0.2104250E-06   0.3926113E-12   0.2104254E-06
      935.00  0.2870767E-06   0.4993479E-12   0.2870772E-06
      945.00  0.2741047E-06   0.6317324E-12   0.2741053E-06
      955.00  0.2520409E-06   0.7951083E-12   0.2520417E-06
      965.00  0.2600606E-06   0.9957569E-12   0.2600616E-06
      975.00  0.2559915E-06   0.1241029E-11   0.2559927E-06
      985.00  0.2274197E-06   0.1539490E-11   0.2274212E-06
      995.00  0.2177419E-06   0.1901080E-11   0.2177438E-06
     1005.00  0.2325794E-06   0.2337289E-11   0.2325817E-06
     1015.00  0.2553974E-06   0.2861345E-11   0.2554003E-06
     1025.00  0.2074537E-06   0.3488422E-11   0.2074572E-06
     1035.00  0.2273017E-06   0.4235861E-11   0.2273059E-06
     1045.00  0.2421349E-06   0.5123433E-11   0.2421400E-06
     1055.00  0.2363170E-06   0.6173544E-11   0.2363232E-06
     1065.00  0.2314039E-06   0.7411546E-11   0.2314113E-06
     1075.00  0.2213966E-06   0.8866033E-11   0.2214055E-06
     1085.00  0.1737165E-06   0.1056914E-10   0.1737271E-06
     1095.00  0.2169592E-06   0.1255690E-10   0.2169718E-06
     1105.00  0.2149990E-06   0.1486953E-10   0.2150139E-06
     1115.00  0.1934292E-06   0.1755189E-10   0.1934468E-06
     1125.00  0.1960616E-06   0.2065378E-10   0.1960823E-06
     1135.00  0.2033938E-06   0.2423042E-10   0.2034180E-06
     1145.00  0.1970282E-06   0.2834281E-10   0.1970565E-06
     1155.00  0.1806046E-06   0.3305821E-10   0.1806377E-06
     1165.00  0.1864883E-06   0.3845059E-10   0.1865268E-06
     1175.00  0.1620869E-06   0.4460108E-10   0.1621315E-06
     1185.00  0.1805715E-06   0.5159847E-10   0.1806231E-06
     1195.00  0.1449084E-06   0.5953973E-10   0.1449679E-06
     1205.00  0.1516346E-06   0.6853051E-10   0.1517031E-06
     1215.00  0.1263324E-06   0.7868567E-10   0.1264111E-06
     1225.00  0.1491057E-06   0.1090543E-07   0.1600111E-06
     1235.00  0.1220522E-06   0.2073021E-07   0.1427824E-06
     1245.00  0.1739020E-06   0.2908241E-07   0.2029844E-06
     1255.00  0.1432435E-06   0.3621738E-07   0.1794609E-06
     1265.00  0.1506111E-06   0.4232445E-07   0.1929356E-06
     1275.00  0.1601749E-06   0.4755338E-07   0.2077283E-06
     1285.00  0.1603628E-06   0.5202645E-07   0.2123893E-06
     1295.00  0.1498690E-06   0.5584552E-07   0.2057145E-06
     1305.00  0.1434734E-06   0.5909648E-07   0.2025699E-06
     1315.00  0.1511076E-06   0.6185252E-07   0.2129601E-06
     1325.00  0.1487093E-06   0.6417641E-07   0.2128857E-06
     1335.00  0.1380889E-06   0.6612231E-07   0.2042112E-06
     1345.00  0.1494017E-06   0.6773716E-07   0.2171389E-06
     1355.00  0.1457714E-06   0.6906186E-07   0.2148333E-06
     1365.00  0.1393720E-06   0.7013209E-07   0.2095041E-06
     1375.00  0.1404202E-06   0.7097916E-07   0.2113994E-06
     1385.00  0.1408810E-06   0.7163056E-07   0.2125116E-06
     1395.00  0.1402279E-06   0.7211051E-07   0.2123384E-06
     1405.00  0.1404244E-06   0.7244041E-07   0.2128648E-06
     1415.00  0.1373730E-06   0.7263920E-07   0.2100122E-06
     1425.00  0.1384475E-06   0.7272368E-07   0.2111712E-06
     1435.00  0.1371160E-06   0.7270878E-07   0.2098248E-06
     1442.00  0.1417100E-06   0.7264641E-07   0.2143564E-06
     1447.00  0.1427666E-06   0.7257836E-07   0.2153450E-06
     1455.00  0.1430565E-06   0.7243266E-07   0.2154892E-06
     1465.00  0.1393484E-06   0.7219394E-07   0.2115423E-06
     1475.00  0.1397677E-06   0.7190119E-07   0.2116689E-06
     1485.00  0.1443395E-06   0.7156296E-07   0.2159025E-06
     1495.00  0.1493530E-06   0.7118695E-07   0.2205400E-06
     1505.00  0.1518983E-06   0.7078013E-07   0.2226784E-06
     1512.00  0.1470621E-06   0.7048042E-07   0.2175425E-06
     1517.00  0.1508856E-06   0.7026009E-07   0.2211457E-06
     1525.00  0.1778739E-06   0.6989862E-07   0.2477725E-06
     1535.00  0.1961216E-06   0.6943482E-07   0.2655564E-06
     1545.00  0.2228601E-06   0.6896212E-07   0.2918222E-06
     1555.00  0.2287686E-06   0.6848461E-07   0.2972532E-06
     1565.00  0.2218078E-06   0.6800643E-07   0.2898142E-06
     1575.00  0.3158001E-06   0.6753124E-07   0.3833313E-06
     1585.00  0.3724926E-06   0.6706239E-07   0.4395550E-06
     1595.00  0.4428601E-06   0.6660300E-07   0.5094631E-06
     1605.00  0.4142152E-06   0.6615597E-07   0.4803712E-06
     1615.00  0.4129456E-06   0.6572399E-07   0.4786696E-06
     1625.00  0.3531910E-06   0.6530961E-07   0.4185006E-06
     1635.00  0.4258612E-06   0.6491517E-07   0.4907764E-06
     1645.00  0.5912736E-06   0.6454294E-07   0.6558165E-06
     1655.00  0.3609441E-06   0.6419503E-07   0.4251391E-06
     1665.00  0.6233970E-06   0.6387348E-07   0.6872705E-06
     1672.00  0.3748568E-06   0.6366512E-07   0.4385219E-06
     1677.00  0.3642019E-05   0.6352513E-07   0.3705544E-05
     1685.00  0.3776397E-05   0.6331709E-07   0.3839714E-05
     1695.00  0.2766419E-05   0.6308589E-07   0.2829505E-05
     1705.00  0.3203157E-05   0.6288832E-07   0.3266045E-05
     1715.00  0.5036344E-05   0.6272606E-07   0.5099070E-05
     1725.00  0.5626052E-05   0.6260074E-07   0.5688653E-05
     1735.00  0.7071630E-05   0.6251394E-07   0.7134144E-05
     1745.00  0.6456842E-05   0.6246721E-07   0.6519309E-05
     1755.00  0.8479708E-05   0.6246206E-07   0.8542170E-05
     1765.00  0.5947973E-05   0.6250001E-07   0.6010473E-05
     1775.00  0.8065228E-05   0.6258252E-07   0.8127811E-05
     1785.00  0.7955313E-05   0.6271105E-07   0.8018024E-05
     1795.00  0.1158708E-04   0.6288711E-07   0.1164997E-04
     1805.00  0.9852040E-05   0.6311212E-07   0.9915152E-05
     1815.00  0.1092477E-04   0.6338747E-07   0.1098816E-04
     1825.00  0.1002754E-04   0.6371460E-07   0.1009125E-04
     1835.00  0.9108646E-05   0.6409493E-07   0.9172741E-05
     1845.00  0.7446541E-05   0.6452986E-07   0.7511071E-05
     1855.00  0.9920938E-05   0.6502082E-07   0.9985959E-05
     1865.00  0.1263690E-04   0.6556920E-07   0.1270247E-04
     1875.00  0.1143984E-04   0.6617641E-07   0.1150602E-04
     1885.00  0.1208053E-04   0.6684388E-07   0.1214737E-04
     1895.00  0.1404121E-04   0.6757302E-07   0.1410878E-04
     1905.00  0.1304904E-04   0.6836523E-07   0.1311741E-04
     1915.00  0.1410077E-04   0.6922195E-07   0.1416999E-04
     1925.00  0.1236941E-04   0.7014458E-07   0.1243955E-04
     1935.00  0.6740004E-05   0.7113455E-07   0.6811139E-05
     1945.00  0.1552641E-04   0.7219213E-07   0.1559860E-04
     1955.00  0.1624527E-04   0.7331811E-07   0.1631859E-04
     1967.00  0.1907947E-04   0.7476320E-07   0.1915423E-04
     1976.00  0.1783050E-04   0.7591558E-07   0.1790642E-04
     1984.00  0.1883809E-04   0.7699019E-07   0.1891508E-04
     1995.00  0.1871521E-04   0.7854635E-07   0.1879376E-04
     2005.00  0.1683440E-04   0.8004141E-07   0.1691444E-04
     2015.00  0.1683072E-04   0.8161443E-07   0.1691233E-04
     2025.00  0.1482432E-04   0.8326680E-07   0.1490759E-04
     2035.00  0.1879797E-04   0.8500490E-07   0.1888297E-04
     2045.00  0.2105553E-04   0.8682770E-07   0.2114236E-04
     2055.00  0.2001193E-04   0.3513068E-07   0.2004706E-04
     2065.00  0.1859976E-04   0.3474606E-07   0.1863451E-04
     2074.00  0.2294460E-04   0.3440781E-07   0.2297901E-04
     2078.00  0.2888983E-04   0.3425987E-07   0.2892409E-04
     2085.00  0.2946829E-04   0.3400450E-07   0.2950229E-04
     2095.00  0.2738097E-04   0.3364743E-07   0.2741462E-04
     2105.00  0.2443786E-04   0.3329941E-07   0.2447116E-04
     2115.00  0.2615194E-04   0.3296037E-07   0.2618490E-04
     2125.00  0.2533055E-04   0.3263024E-07   0.2536318E-04
     2135.00  0.2102631E-04   0.3230896E-07   0.2105862E-04
     2145.00  0.2640836E-04   0.3199646E-07   0.2644036E-04
     2155.00  0.2671057E-04   0.3169268E-07   0.2674226E-04
     2165.00  0.2383179E-04   0.3139754E-07   0.2386319E-04
     2175.00  0.2425015E-04   0.3111100E-07   0.2428126E-04
     2185.00  0.2733307E-04   0.3083302E-07   0.2736390E-04
     2195.00  0.2941226E-04   0.3056350E-07   0.2944282E-04
     2205.00  0.2753507E-04   0.3030238E-07   0.2756537E-04
     2215.00  0.2261335E-04   0.3004959E-07   0.2264340E-04
     2225.00  0.2305807E-04   0.2980507E-07   0.2308788E-04
     2235.00  0.2976161E-04   0.2956876E-07   0.2979118E-04
     2245.00  0.2742586E-04   0.2934060E-07   0.2745520E-04
     2255.00  0.2235432E-04   0.2912053E-07   0.2238344E-04
     2265.00  0.2244590E-04   0.2890850E-07   0.2247481E-04
     2275.00  0.2529407E-04   0.2870444E-07   0.2532277E-04
     2285.00  0.2933949E-04   0.2850818E-07   0.2936800E-04
     2295.00  0.2535673E-04   0.2831967E-07   0.2538505E-04
     2305.00  0.2866757E-04   0.2813895E-07   0.2869571E-04
     2315.00  0.2604602E-04   0.2796595E-07   0.2607399E-04
     2325.00  0.1736417E-04   0.2780062E-07   0.1739197E-04
     2335.00  0.1824185E-04   0.2764291E-07   0.1826949E-04
     2345.00  0.1282902E-04   0.2749276E-07   0.1285651E-04
     2355.00  0.2355452E-04   0.2735012E-07   0.2358187E-04
     2365.00  0.1385558E-04   0.2721494E-07   0.1388279E-04
     2375.00  0.1879914E-04   0.2708717E-07   0.1882623E-04
     2385.00  0.1041977E-04   0.2696675E-07   0.1044674E-04
     2395.00  0.1388408E-04   0.2685364E-07   0.1391093E-04
     2405.00  0.1375701E-04   0.2674779E-07   0.1378376E-04
     2415.00  0.1602130E-04   0.2664917E-07   0.1604795E-04
     2425.00  0.2533151E-04   0.2655770E-07   0.2535807E-04
     2435.00  0.2479658E-04   0.2647335E-07   0.2482305E-04
     2445.00  0.2859853E-04   0.2639606E-07   0.2862493E-04
     2455.00  0.2921241E-04   0.2632580E-07   0.2923874E-04
     2465.00  0.2800450E-04   0.2626250E-07   0.2803076E-04
     2475.00  0.2473700E-04   0.2620613E-07   0.2476321E-04
     2485.00  0.2210575E-04   0.2615665E-07   0.2213191E-04
     2495.00  0.2181777E-04   0.2611400E-07   0.2184388E-04
     2505.00  0.3166304E-04   0.2607814E-07   0.3168912E-04
     2513.00  0.1726914E-04   0.2605432E-07   0.1729519E-04
     2518.00  0.1355647E-04   0.2604162E-07   0.1358251E-04
     2525.00  0.1450862E-04   0.2602664E-07   0.1453465E-04
     2535.00  0.1800408E-04   0.2601091E-07   0.1803009E-04
     2545.00  0.1946910E-04   0.2600184E-07   0.1949510E-04
     2555.00  0.2709590E-04   0.2599936E-07   0.2712190E-04
     2565.00  0.2271601E-04   0.2600342E-07   0.2274201E-04
     2575.00  0.2735114E-04   0.2601399E-07   0.2737715E-04
     2585.00  0.2582437E-04   0.2603102E-07   0.2585040E-04
     2595.00  0.2391857E-04   0.2605447E-07   0.2394462E-04
     2605.00  0.2129023E-04   0.2471029E-07   0.2131494E-04
     2615.00  0.1885893E-04   0.2472173E-07   0.1888365E-04
     2625.00  0.2641609E-04   0.2473933E-07   0.2644083E-04
     2635.00  0.3411159E-04   0.2476308E-07   0.3413635E-04
     2645.00  0.4571371E-04   0.2479292E-07   0.4573850E-04
     2655.00  0.5302161E-04   0.2482884E-07   0.5304644E-04
     2665.00  0.3860793E-04   0.2487079E-07   0.3863280E-04
     2675.00  0.4424653E-04   0.2491875E-07   0.4427145E-04
     2685.00  0.4617596E-04   0.2497268E-07   0.4620093E-04
     2695.00  0.3854720E-04   0.2503255E-07   0.3857223E-04
     2705.00  0.4421970E-04   0.2509832E-07   0.4424480E-04
     2715.00  0.3615782E-04   0.2516996E-07   0.3618299E-04
     2725.00  0.3534545E-04   0.2524745E-07   0.3537070E-04
     2735.00  0.4021366E-04   0.2533075E-07   0.4023899E-04
     2745.00  0.2335000E-04   0.2541983E-07   0.2337542E-04
     2755.00  0.2896744E-04   0.2551465E-07   0.2899295E-04
     2765.00  0.3446213E-04   0.2561519E-07   0.3448775E-04
     2775.00  0.3911246E-04   0.2572141E-07   0.3913818E-04
     2785.00  0.2668256E-04   0.2583329E-07   0.2670839E-04
     2795.00  0.9951314E-05   0.2595079E-07   0.9977265E-05
     2805.00  0.1290019E-04   0.2607388E-07   0.1292626E-04
     2815.00  0.3692176E-04   0.2620253E-07   0.3694796E-04
     2825.00  0.4961793E-04   0.2633671E-07   0.4964427E-04
     2835.00  0.4801085E-04   0.2647640E-07   0.4803733E-04
     2845.00  0.4411284E-04   0.2662155E-07   0.4413946E-04
     2855.00  0.3477497E-04   0.2677191E-07   0.3480174E-04
     2865.00  0.5100353E-04   0.2692742E-07   0.5103046E-04
     2875.00  0.5404449E-04   0.2708827E-07   0.5407158E-04
     2885.00  0.5208922E-04   0.2725443E-07   0.5211647E-04
     2895.00  0.5333477E-04   0.2742587E-07   0.5336220E-04
     2910.00  0.6689567E-04   0.2769286E-07   0.6692336E-04
     2930.00  0.6094453E-04   0.2806701E-07   0.6097260E-04
     2950.00  0.5892550E-04   0.2846171E-07   0.5895396E-04
     2970.00  0.6306578E-04   0.2887670E-07   0.6309466E-04
     2990.00  0.6416352E-04   0.2931173E-07   0.6419283E-04
     3010.00  0.6668025E-04   0.2976655E-07   0.6671002E-04
     3030.00  0.6693340E-04   0.3024091E-07   0.6696364E-04
     3050.00  0.6868819E-04   0.3073464E-07   0.6871892E-04
     3070.00  0.7177663E-04   0.3124752E-07   0.7180788E-04
     3090.00  0.7351986E-04   0.3177922E-07   0.7355164E-04
     3110.00  0.7494858E-04   0.3232949E-07   0.7498091E-04
     3130.00  0.7284091E-04   0.3258795E-07   0.7287350E-04
     3150.00  0.7427153E-04   0.3316635E-07   0.7430470E-04
     3170.00  0.7638664E-04   0.3376249E-07   0.7642040E-04
     3190.00  0.6867314E-04   0.3437611E-07   0.6870752E-04
     3210.00  0.7454565E-04   0.3500696E-07   0.7458066E-04
     3230.00  0.6644952E-04   0.3565477E-07   0.6648517E-04
     3250.00  0.7852752E-04   0.3631931E-07   0.7856384E-04
     3270.00  0.8605856E-04   0.3699966E-07   0.8609556E-04
     3290.00  0.8506536E-04   0.3769567E-07   0.8510306E-04
     3310.00  0.8530089E-04   0.3840743E-07   0.8533930E-04
     3330.00  0.8522285E-04   0.3913467E-07   0.8526198E-04
     3350.00  0.8364530E-04   0.3987711E-07   0.8368518E-04
     3370.00  0.7539802E-04   0.4063450E-07   0.7543865E-04
     3390.00  0.7898207E-04   0.4140657E-07   0.7902348E-04
     3410.00  0.7957170E-04   0.4219305E-07   0.7961389E-04
     3430.00  0.8141117E-04   0.3993615E-07   0.8145111E-04
     3450.00  0.8350310E-04   0.4067071E-07   0.8354377E-04
     3470.00  0.8377305E-04   0.4141802E-07   0.8381447E-04
     3490.00  0.8778185E-04   0.4217783E-07   0.8782403E-04
     3510.00  0.9108443E-04   0.4294985E-07   0.9112738E-04
     3530.00  0.8598375E-04   0.4373356E-07   0.8602748E-04
     3550.00  0.9412541E-04   0.4452895E-07   0.9416994E-04
     3570.00  0.7864310E-04   0.4533579E-07   0.7868844E-04
     3590.00  0.7874694E-04   0.4615381E-07   0.7879309E-04
     3610.00  0.8647598E-04   0.4698278E-07   0.8652296E-04
     3630.00  0.8871948E-04   0.4782244E-07   0.8876730E-04
     3640.00  0.8976955E-04   0.4824620E-07   0.8981780E-04
     3650.00  0.9873359E-04   0.7388648E-08   0.9874098E-04
     3670.00  0.9716433E-04   0.7325664E-08   0.9717166E-04
     3690.00  0.9029086E-04   0.6666535E-08   0.9029753E-04
     3710.00  0.1000457E-03   0.6594576E-08   0.1000523E-03
     3730.00  0.8694985E-04   0.6524929E-08   0.8695637E-04
     3750.00  0.1000681E-03   0.6457535E-08   0.1000746E-03
     3770.00  0.1119212E-03   0.6392334E-08   0.1119276E-03
     3790.00  0.1220848E-03   0.6329269E-08   0.1220911E-03
     3810.00  0.1304095E-03   0.6268285E-08   0.1304158E-03
     3830.00  0.9941203E-04   0.6209329E-08   0.9941824E-04
     3850.00  0.1295347E-03   0.6152349E-08   0.1295409E-03
     3870.00  0.1377308E-03   0.6097292E-08   0.1377369E-03
     3890.00  0.1159659E-03   0.6044111E-08   0.1159719E-03
     3910.00  0.1487044E-03   0.5992756E-08   0.1487104E-03
     3930.00  0.8765569E-04   0.5943181E-08   0.8766163E-04
     3950.00  0.1317397E-03   0.5895341E-08   0.1317456E-03
     3970.00  0.8852402E-04   0.5849199E-08   0.8852987E-04
     3990.00  0.1636941E-03   0.5804728E-08   0.1636999E-03
     4010.00  0.1783140E-03   0.5761861E-08   0.1783198E-03
     4030.00  0.1795647E-03   0.5720557E-08   0.1795704E-03
     4050.00  0.1752214E-03   0.5680777E-08   0.1752271E-03
     4070.00  0.1699751E-03   0.5642481E-08   0.1699807E-03
     4090.00  0.1724383E-03   0.5605632E-08   0.1724439E-03
     4110.00  0.1533708E-03   0.5570193E-08   0.1533764E-03
     4130.00  0.1765894E-03   0.5536128E-08   0.1765949E-03
     4150.00  0.1805438E-03   0.5503402E-08   0.1805493E-03
     4170.00  0.1805011E-03   0.5471982E-08   0.1805066E-03
     4190.00  0.1792449E-03   0.5441833E-08   0.1792503E-03
     4210.00  0.1815318E-03   0.5412925E-08   0.1815372E-03
     4230.00  0.1778187E-03   0.5385224E-08   0.1778241E-03
     4250.00  0.1818232E-03   0.5358701E-08   0.1818286E-03
     4270.00  0.1749546E-03   0.5333326E-08   0.1749599E-03
     4290.00  0.1707592E-03   0.5309069E-08   0.1707645E-03
     4310.00  0.1546473E-03   0.5285902E-08   0.1546526E-03
     4330.00  0.1686461E-03   0.5263798E-08   0.1686514E-03
     4350.00  0.1564827E-03   0.5242730E-08   0.1564879E-03
     4370.00  0.1902404E-03   0.5222673E-08   0.1902456E-03
     4390.00  0.1819790E-03   0.5203600E-08   0.1819842E-03
     4410.00  0.1854830E-03   0.5185483E-08   0.1854882E-03
     4430.00  0.1899507E-03   0.5168300E-08   0.1899559E-03
     4450.00  0.1912179E-03   0.5152027E-08   0.1912231E-03
     4470.00  0.1975243E-03   0.5136640E-08   0.1975294E-03
     4490.00  0.1984370E-03   0.5122115E-08   0.1984421E-03
     4510.00  0.2150333E-03   0.5108432E-08   0.2150384E-03
     4530.00  0.1973085E-03   0.5095567E-08   0.1973136E-03
     4550.00  0.2004992E-03   0.5083501E-08   0.2005043E-03
     4570.00  0.2120210E-03   0.5072212E-08   0.2120261E-03
     4590.00  0.2019212E-03   0.5061680E-08   0.2019263E-03
     4610.00  0.2065631E-03   0.5051885E-08   0.2065682E-03
     4630.00  0.2011802E-03   0.5042809E-08   0.2011852E-03
     4650.00  0.2038195E-03   0.5034432E-08   0.2038245E-03
     4670.00  0.2080555E-03   0.5026735E-08   0.2080605E-03
     4690.00  0.2029164E-03   0.5019702E-08   0.2029214E-03
     4710.00  0.1964395E-03   0.5013315E-08   0.1964445E-03
     4730.00  0.2046472E-03   0.5007556E-08   0.2046522E-03
     4750.00  0.2084477E-03   0.5002409E-08   0.2084527E-03
     4770.00  0.2070078E-03   0.4997857E-08   0.2070128E-03
     4790.00  0.2058354E-03   0.4993884E-08   0.2058404E-03
     4810.00  0.2031411E-03   0.4990460E-08   0.2031461E-03
     4830.00  0.2045258E-03   0.4987567E-08   0.2045308E-03
     4850.00  0.1844235E-03   0.4985206E-08   0.1844285E-03
     4870.00  0.1616507E-03   0.4983363E-08   0.1616557E-03
     4890.00  0.1948639E-03   0.4982022E-08   0.1948689E-03
     4910.00  0.1966345E-03   0.4981172E-08   0.1966395E-03
     4930.00  0.1935790E-03   0.4980797E-08   0.1935840E-03
     4950.00  0.2009975E-03   0.4980886E-08   0.2010025E-03
     4970.00  0.1996012E-03   0.4981424E-08   0.1996062E-03
     4990.00  0.1877976E-03   0.4982399E-08   0.1878026E-03
     5010.00  0.1801148E-03   0.4983798E-08   0.1801198E-03
     5030.00  0.1886776E-03   0.4985611E-08   0.1886826E-03
     5050.00  0.1875193E-03   0.4987824E-08   0.1875243E-03
     5070.00  0.1938090E-03   0.4990440E-08   0.1938140E-03
     5090.00  0.1859034E-03   0.4993496E-08   0.1859084E-03
     5110.00  0.1886587E-03   0.4996918E-08   0.1886637E-03
     5130.00  0.1830002E-03   0.5000694E-08   0.1830052E-03
     5150.00  0.1775153E-03   0.5004814E-08   0.1775203E-03
     5170.00  0.1696467E-03   0.5009268E-08   0.1696517E-03
     5190.00  0.1719665E-03   0.5014045E-08   0.1719715E-03
     5210.00  0.1787335E-03   0.5019135E-08   0.1787385E-03
     5230.00  0.1830664E-03   0.5024530E-08   0.1830714E-03
     5250.00  0.1878756E-03   0.5030219E-08   0.1878806E-03
     5270.00  0.1706525E-03   0.5036193E-08   0.1706575E-03
     5290.00  0.1870372E-03   0.5042443E-08   0.1870422E-03
     5310.00  0.1927936E-03   0.5048961E-08   0.1927986E-03
     5330.00  0.1764387E-03   0.5055738E-08   0.1764438E-03
     5350.00  0.1877864E-03   0.5062765E-08   0.1877915E-03
     5370.00  0.1864057E-03   0.5070030E-08   0.1864108E-03
     5390.00  0.1829409E-03   0.5077516E-08   0.1829460E-03
     5410.00  0.1791213E-03   0.5085226E-08   0.1791264E-03
     5430.00  0.1816440E-03   0.5093154E-08   0.1816491E-03
     5450.00  0.1862630E-03   0.5101293E-08   0.1862681E-03
     5470.00  0.1817863E-03   0.5109633E-08   0.1817914E-03
     5490.00  0.1826611E-03   0.5118170E-08   0.1826662E-03
     5510.00  0.1804748E-03   0.5126895E-08   0.1804799E-03
     5530.00  0.1825474E-03   0.5135801E-08   0.1825525E-03
     5550.00  0.1839654E-03   0.5144883E-08   0.1839705E-03
     5570.00  0.1800205E-03   0.5154133E-08   0.1800257E-03
     5590.00  0.1768393E-03   0.5163546E-08   0.1768445E-03
     5610.00  0.1810552E-03   0.5173114E-08   0.1810604E-03
     5630.00  0.1796278E-03   0.5182832E-08   0.1796330E-03
     5650.00  0.1801331E-03   0.5192694E-08   0.1801383E-03
     5670.00  0.1759129E-03   0.5202694E-08   0.1759181E-03
     5690.00  0.1792200E-03   0.5212826E-08   0.1792252E-03
     5710.00  0.1747877E-03   0.3691554E-08   0.1747914E-03
     5730.00  0.1844851E-03   0.3691772E-08   0.1844888E-03
     5750.00  0.1785227E-03   0.3692152E-08   0.1785264E-03
     5770.00  0.1797169E-03   0.3692687E-08   0.1797206E-03
     5790.00  0.1745108E-03   0.3693375E-08   0.1745145E-03
     5810.00  0.1785592E-03   0.3694209E-08   0.1785629E-03
     5830.00  0.1812475E-03   0.3695185E-08   0.1812512E-03
     5850.00  0.1768670E-03   0.3696300E-08   0.1768707E-03
     5870.00  0.1767498E-03   0.3697549E-08   0.1767535E-03
     5890.00  0.1662382E-03   0.3698927E-08   0.1662419E-03
     5910.00  0.1740063E-03   0.3700431E-08   0.1740100E-03
     5930.00  0.1736831E-03   0.3702057E-08   0.1736868E-03
     5950.00  0.1733538E-03   0.3703801E-08   0.1733575E-03
     5970.00  0.1744547E-03   0.3705658E-08   0.1744584E-03
     5990.00  0.1718157E-03   0.3707626E-08   0.1718194E-03
     6010.00  0.1690882E-03   0.3709701E-08   0.1690919E-03
     6030.00  0.1712385E-03   0.3711879E-08   0.1712422E-03
     6050.00  0.1730085E-03   0.3714157E-08   0.1730122E-03
     6070.00  0.1721233E-03   0.3716531E-08   0.1721270E-03
     6090.00  0.1670354E-03   0.3718998E-08   0.1670391E-03
     6110.00  0.1667682E-03   0.3721553E-08   0.1667719E-03
     6130.00  0.1599613E-03   0.3724195E-08   0.1599650E-03
     6150.00  0.1619060E-03   0.3726921E-08   0.1619097E-03
     6170.00  0.1574348E-03   0.3729727E-08   0.1574385E-03
     6190.00  0.1639082E-03   0.3732610E-08   0.1639119E-03
     6210.00  0.1628693E-03   0.3735568E-08   0.1628730E-03
     6230.00  0.1585972E-03   0.3738598E-08   0.1586009E-03
     6250.00  0.1535204E-03   0.3741697E-08   0.1535241E-03
     6270.00  0.1595645E-03   0.3744862E-08   0.1595682E-03
     6290.00  0.1605039E-03   0.3748091E-08   0.1605076E-03
     6310.00  0.1565204E-03   0.3751381E-08   0.1565242E-03
     6330.00  0.1575691E-03   0.3754730E-08   0.1575729E-03
     6350.00  0.1572934E-03   0.3758135E-08   0.1572972E-03
     6370.00  0.1562371E-03   0.3761594E-08   0.1562409E-03
     6390.00  0.1576536E-03   0.3765104E-08   0.1576574E-03
     6410.00  0.1543278E-03   0.3768663E-08   0.1543316E-03
     6430.00  0.1553251E-03   0.3772269E-08   0.1553289E-03
     6450.00  0.1539665E-03   0.3775920E-08   0.1539703E-03
     6470.00  0.1534329E-03   0.3779614E-08   0.1534367E-03
     6490.00  0.1502437E-03   0.3783347E-08   0.1502475E-03
     6510.00  0.1533408E-03   0.3787120E-08   0.1533446E-03
     6530.00  0.1521417E-03   0.3790885E-08   0.1521455E-03
     6550.00  0.1445245E-03   0.3794672E-08   0.1445283E-03
     6570.00  0.1293607E-03   0.3798489E-08   0.1293645E-03
     6590.00  0.1478047E-03   0.3802334E-08   0.1478085E-03
     6610.00  0.1504580E-03   0.3806207E-08   0.1504618E-03
     6630.00  0.1495930E-03   0.3810104E-08   0.1495968E-03
     6650.00  0.1491500E-03   0.3795621E-08   0.1491538E-03
     6670.00  0.1466744E-03   0.3799578E-08   0.1466782E-03
     6690.00  0.1487800E-03   0.3803557E-08   0.1487838E-03
     6710.00  0.1446896E-03   0.3807555E-08   0.1446934E-03
     6730.00  0.1469462E-03   0.3811571E-08   0.1469500E-03
     6750.00  0.1446853E-03   0.3815603E-08   0.1446891E-03
     6770.00  0.1451225E-03   0.3819651E-08   0.1451263E-03
     6790.00  0.1436597E-03   0.3823711E-08   0.1436635E-03
     6810.00  0.1432703E-03   0.3827784E-08   0.1432741E-03
     6830.00  0.1438677E-03   0.3831867E-08   0.1438715E-03
     6850.00  0.1405495E-03   0.3835960E-08   0.1405533E-03
     6870.00  0.1419371E-03   0.3840061E-08   0.1419409E-03
     6890.00  0.1427712E-03   0.3844168E-08   0.1427750E-03
     6910.00  0.1416607E-03   0.3848281E-08   0.1416645E-03
     6930.00  0.1405552E-03   0.3852398E-08   0.1405591E-03
     6950.00  0.1396832E-03   0.3856518E-08   0.1396871E-03
     6970.00  0.1400624E-03   0.3860640E-08   0.1400663E-03
     6990.00  0.1394816E-03   0.3864763E-08   0.1394855E-03
     7010.00  0.1364265E-03   0.3868885E-08   0.1364304E-03
     7030.00  0.1383734E-03   0.3873009E-08   0.1383773E-03
     7050.00  0.1385531E-03   0.3877131E-08   0.1385570E-03
     7070.00  0.1356493E-03   0.3881250E-08   0.1356532E-03
     7090.00  0.1337381E-03   0.3885363E-08   0.1337420E-03
     7110.00  0.1316070E-03   0.3889471E-08   0.1316109E-03
     7130.00  0.1298898E-03   0.3893572E-08   0.1298937E-03
     7150.00  0.1295045E-03   0.3897665E-08   0.1295084E-03
     7170.00  0.1297753E-03   0.3901749E-08   0.1297792E-03
     7190.00  0.1266928E-03   0.3905825E-08   0.1266967E-03
     7210.00  0.1288004E-03   0.3909890E-08   0.1288043E-03
     7230.00  0.1297411E-03   0.3913944E-08   0.1297450E-03
     7250.00  0.1298439E-03   0.3917986E-08   0.1298478E-03
     7270.00  0.1297332E-03   0.3922016E-08   0.1297371E-03
     7290.00  0.1270611E-03   0.3926032E-08   0.1270650E-03
     7310.00  0.1291792E-03   0.3930034E-08   0.1291831E-03
     7330.00  0.1291228E-03   0.3934022E-08   0.1291267E-03
     7350.00  0.1295872E-03   0.3937994E-08   0.1295911E-03
     7370.00  0.1313270E-03   0.3941949E-08   0.1313309E-03
     7390.00  0.1284283E-03   0.3945888E-08   0.1284322E-03
     7410.00  0.1274577E-03   0.3949810E-08   0.1274616E-03
     7430.00  0.1298491E-03   0.3953712E-08   0.1298531E-03
     7450.00  0.1295970E-03   0.3951285E-08   0.1296010E-03
     7470.00  0.1309437E-03   0.3955152E-08   0.1309477E-03
     7490.00  0.1304119E-03   0.3959000E-08   0.1304159E-03
     7510.00  0.1310640E-03   0.3962827E-08   0.1310680E-03
     7530.00  0.1325338E-03   0.3966634E-08   0.1325378E-03
     7550.00  0.1332420E-03   0.3970420E-08   0.1332460E-03
     7570.00  0.1325048E-03   0.3974185E-08   0.1325088E-03
     7590.00  0.1300717E-03   0.3977927E-08   0.1300757E-03
     7610.00  0.1278082E-03   0.3981625E-08   0.1278122E-03
     7630.00  0.1258548E-03   0.3985276E-08   0.1258588E-03
     7650.00  0.1237566E-03   0.3988902E-08   0.1237606E-03
     7670.00  0.1191780E-03   0.3992503E-08   0.1191820E-03
     7690.00  0.1214520E-03   0.3996079E-08   0.1214560E-03
     7710.00  0.1193841E-03   0.3999628E-08   0.1193881E-03
     7730.00  0.1195909E-03   0.4003152E-08   0.1195949E-03
     7750.00  0.1184005E-03   0.4006649E-08   0.1184045E-03
     7770.00  0.1190586E-03   0.4010118E-08   0.1190626E-03
     7790.00  0.1198272E-03   0.4013561E-08   0.1198312E-03
     7810.00  0.1193371E-03   0.4016975E-08   0.1193411E-03
     7830.00  0.1182152E-03   0.4020362E-08   0.1182192E-03
     7850.00  0.1170580E-03   0.4023720E-08   0.1170620E-03
     7870.00  0.1177340E-03   0.3941486E-08   0.1177379E-03
     7890.00  0.1162965E-03   0.3944754E-08   0.1163004E-03
     7910.00  0.1137616E-03   0.3947995E-08   0.1137655E-03
     7930.00  0.1133703E-03   0.3951207E-08   0.1133743E-03
     7950.00  0.1124363E-03   0.3954392E-08   0.1124403E-03
     7970.00  0.1152053E-03   0.3957549E-08   0.1152093E-03
     7990.00  0.1147181E-03   0.3960677E-08   0.1147221E-03
     8010.00  0.1147692E-03   0.3963775E-08   0.1147732E-03
     8030.00  0.1150224E-03   0.3966845E-08   0.1150264E-03
     8050.00  0.1146034E-03   0.3969887E-08   0.1146074E-03
     8070.00  0.1158802E-03   0.3972898E-08   0.1158842E-03
     8090.00  0.1146436E-03   0.3975880E-08   0.1146476E-03
     8110.00  0.1156466E-03   0.3978832E-08   0.1156506E-03
     8130.00  0.1184591E-03   0.3981754E-08   0.1184631E-03
     8150.00  0.1198611E-03   0.3984646E-08   0.1198651E-03
     8170.00  0.1208654E-03   0.3987508E-08   0.1208694E-03
     8190.00  0.1178426E-03   0.3990339E-08   0.1178466E-03
     8210.00  0.1142741E-03   0.3464680E-08   0.1142776E-03
     8230.00  0.1142051E-03   0.1402208E-08   0.1142065E-03
     8250.00  0.1142004E-03   0.1400788E-08   0.1142018E-03
     8270.00  0.1150219E-03   0.1399384E-08   0.1150233E-03
     8290.00  0.1134116E-03   0.1377240E-08   0.1134130E-03
     8310.00  0.1100353E-03   0.1375863E-08   0.1100367E-03
     8330.00  0.1091515E-03   0.1374502E-08   0.1091529E-03
     8350.00  0.1087608E-03   0.1373156E-08   0.1087622E-03
     8370.00  0.1091975E-03   0.1371825E-08   0.1091989E-03
     8390.00  0.1063755E-03   0.1370508E-08   0.1063769E-03
     8410.00  0.1086829E-03   0.1369204E-08   0.1086843E-03
     8430.00  0.1051963E-03   0.1367914E-08   0.1051977E-03
     8450.00  0.1035953E-03   0.1366638E-08   0.1035967E-03
     8470.00  0.1030819E-03   0.1365374E-08   0.1030833E-03
     8490.00  0.1046112E-03   0.1364123E-08   0.1046126E-03
     8510.00  0.9949534E-04   0.1362885E-08   0.9949670E-04
     8530.00  0.1047052E-03   0.1361658E-08   0.1047066E-03
     8550.00  0.9787784E-04   0.1360444E-08   0.9787920E-04
     8570.00  0.1064051E-03   0.1359241E-08   0.1064065E-03
     8590.00  0.1033538E-03   0.1358049E-08   0.1033552E-03
     8610.00  0.1036811E-03   0.1356868E-08   0.1036825E-03
     8630.00  0.1070643E-03   0.1355698E-08   0.1070657E-03
     8650.00  0.1067906E-03   0.1354539E-08   0.1067920E-03
     8670.00  0.9727501E-04   0.1353390E-08   0.9727636E-04
     8690.00  0.1045018E-03   0.1352251E-08   0.1045032E-03
     8710.00  0.1075328E-03   0.1351122E-08   0.1075342E-03
     8730.00  0.1076652E-03   0.1350002E-08   0.1076666E-03
     8750.00  0.1031795E-03   0.1348892E-08   0.1031808E-03
     8770.00  0.1079666E-03   0.1347792E-08   0.1079679E-03
     8790.00  0.1100180E-03   0.1346700E-08   0.1100193E-03
     8810.00  0.1085174E-03   0.1345616E-08   0.1085187E-03
     8830.00  0.1089580E-03   0.1344542E-08   0.1089593E-03
     8850.00  0.1065073E-03   0.1343475E-08   0.1065086E-03
     8870.00  0.9936002E-04   0.1342417E-08   0.9936136E-04
     8890.00  0.1036901E-03   0.1341366E-08   0.1036914E-03
     8910.00  0.1051095E-03   0.1340324E-08   0.1051108E-03
     8930.00  0.1037305E-03   0.1339289E-08   0.1037318E-03
     8950.00  0.1039568E-03   0.1338261E-08   0.1039581E-03
     8970.00  0.1040852E-03   0.1337240E-08   0.1040865E-03
     8990.00  0.1036262E-03   0.1336227E-08   0.1036275E-03
     9010.00  0.9788667E-04   0.1335220E-08   0.9788801E-04
     9030.00  0.1031622E-03   0.1334220E-08   0.1031635E-03
     9050.00  0.1079017E-03   0.1333226E-08   0.1079030E-03
     9070.00  0.1075607E-03   0.1332239E-08   0.1075620E-03
     9090.00  0.1062889E-03   0.1331257E-08   0.1062902E-03
     9110.00  0.1076936E-03   0.1330282E-08   0.1076949E-03
     9130.00  0.1093307E-03   0.1329313E-08   0.1093320E-03
     9150.00  0.1086978E-03   0.1328350E-08   0.1086991E-03
     9170.00  0.1081102E-03   0.1327393E-08   0.1081115E-03
     9190.00  0.1086636E-03   0.1326442E-08   0.1086649E-03
     9210.00  0.1043212E-03   0.1325495E-08   0.1043225E-03
     9230.00  0.9753066E-04   0.1324553E-08   0.9753198E-04
     9250.00  0.1004258E-03   0.1323617E-08   0.1004271E-03
     9270.00  0.1019675E-03   0.1322685E-08   0.1019688E-03
     9290.00  0.1013295E-03   0.1321758E-08   0.1013308E-03
     9310.00  0.1016527E-03   0.1320836E-08   0.1016540E-03
     9330.00  0.1017331E-03   0.1319918E-08   0.1017344E-03
     9350.00  0.1016153E-03   0.1319004E-08   0.1016166E-03
     9370.00  0.1002199E-03   0.1318094E-08   0.1002212E-03
     9390.00  0.1014583E-03   0.1317189E-08   0.1014596E-03
     9410.00  0.9927285E-04   0.1316287E-08   0.9927417E-04
     9430.00  0.1020460E-03   0.1315389E-08   0.1020473E-03
     9450.00  0.1009309E-03   0.1314495E-08   0.1009322E-03
     9470.00  0.1028714E-03   0.1313605E-08   0.1028727E-03
     9490.00  0.1029387E-03   0.1312718E-08   0.1029400E-03
     9510.00  0.1005744E-03   0.1311834E-08   0.1005757E-03
     9530.00  0.1002870E-03   0.1310954E-08   0.1002883E-03
     9550.00  0.9559856E-04   0.1310077E-08   0.9559987E-04
     9570.00  0.9964540E-04   0.1309203E-08   0.9964671E-04
     9590.00  0.1014227E-03   0.1308332E-08   0.1014240E-03
     9610.00  0.1000785E-03   0.1307464E-08   0.1000798E-03
     9630.00  0.1002858E-03   0.1306599E-08   0.1002871E-03
     9650.00  0.9925151E-04   0.1305736E-08   0.9925282E-04
     9670.00  0.9902776E-04   0.1304876E-08   0.9902906E-04
     9690.00  0.9996747E-04   0.1304019E-08   0.9996877E-04
     9710.00  0.9856504E-04   0.1303164E-08   0.9856634E-04
     9730.00  0.9742223E-04   0.1302311E-08   0.9742353E-04
     9750.00  0.9675171E-04   0.1301461E-08   0.9675301E-04
     9770.00  0.9727574E-04   0.1300613E-08   0.9727704E-04
     9790.00  0.9648645E-04   0.1299767E-08   0.9648775E-04
     9810.00  0.9802480E-04   0.1298923E-08   0.9802610E-04
     9830.00  0.9726842E-04   0.1298082E-08   0.9726972E-04
     9850.00  0.9729305E-04   0.1297242E-08   0.9729435E-04
     9870.00  0.9676724E-04   0.1296404E-08   0.9676854E-04
     9890.00  0.9636218E-04   0.1295567E-08   0.9636348E-04
     9910.00  0.9554535E-04   0.1294732E-08   0.9554664E-04
     9930.00  0.9625849E-04   0.1293899E-08   0.9625978E-04
     9950.00  0.9651047E-04   0.1293068E-08   0.9651176E-04
     9970.00  0.9653345E-04   0.1292238E-08   0.9653474E-04
     9990.00  0.9605766E-04   0.1291409E-08   0.9605895E-04
    10025.00  0.9519194E-04   0.1289963E-08   0.9519323E-04
    10075.00  0.9341199E-04   0.1287902E-08   0.9341328E-04
    10125.00  0.9542400E-04   0.1285849E-08   0.9542529E-04
    10175.00  0.9441800E-04   0.1283835E-08   0.9441928E-04
    10225.00  0.9465338E-04   0.1281831E-08   0.9465466E-04
    10275.00  0.9479048E-04   0.1279831E-08   0.9479176E-04
    10325.00  0.9361432E-04   0.1277834E-08   0.9361560E-04
    10375.00  0.9291318E-04   0.1275838E-08   0.9291446E-04
    10425.00  0.9307391E-04   0.1273844E-08   0.9307518E-04
    10475.00  0.9128858E-04   0.1271850E-08   0.9128985E-04
    10525.00  0.8987123E-04   0.1269857E-08   0.8987250E-04
    10575.00  0.8797965E-04   0.1267863E-08   0.8798092E-04
    10625.00  0.8672030E-04   0.1265869E-08   0.8672157E-04
    10675.00  0.8587261E-04   0.1263873E-08   0.8587387E-04
    10725.00  0.8658325E-04   0.1261876E-08   0.8658451E-04
    10775.00  0.8600267E-04   0.1259877E-08   0.8600393E-04
    10825.00  0.8494212E-04   0.1257876E-08   0.8494338E-04
    10875.00  0.8420490E-04   0.1255872E-08   0.8420616E-04
    10925.00  0.8225505E-04   0.1253865E-08   0.8225630E-04
    10975.00  0.8228834E-04   0.1251855E-08   0.8228959E-04
    11025.00  0.8222071E-04   0.1249842E-08   0.8222196E-04
    11075.00  0.8022370E-04   0.1247824E-08   0.8022495E-04
    11125.00  0.7990499E-04   0.1245803E-08   0.7990624E-04
    11175.00  0.7924523E-04   0.1097101E-08   0.7924633E-04
    11225.00  0.7924731E-04   0.1095085E-08   0.7924841E-04
    11275.00  0.7800409E-04   0.1093071E-08   0.7800518E-04
    11325.00  0.7767095E-04   0.1091057E-08   0.7767204E-04
    11375.00  0.7742896E-04   0.1089045E-08   0.7743005E-04
    11425.00  0.7627823E-04   0.1087034E-08   0.7627932E-04
    11475.00  0.7701966E-04   0.1085022E-08   0.7702075E-04
    11525.00  0.7636909E-04   0.1083012E-08   0.7637017E-04
    11575.00  0.7590219E-04   0.1081001E-08   0.7590327E-04
    11625.00  0.7414584E-04   0.1078990E-08   0.7414692E-04
    11675.00  0.7394323E-04   0.1076980E-08   0.7394431E-04
    11725.00  0.7440179E-04   0.1074969E-08   0.7440286E-04
    11775.00  0.7265634E-04   0.1072958E-08   0.7265741E-04
    11825.00  0.7172872E-04   0.1070946E-08   0.7172979E-04
    11875.00  0.7057328E-04   0.1068934E-08   0.7057435E-04
    11925.00  0.7155202E-04   0.1066921E-08   0.7155309E-04
    11975.00  0.6936387E-04   0.1064907E-08   0.6936493E-04
    12025.00  0.7019835E-04   0.1062893E-08   0.7019941E-04
    12075.00  0.6957613E-04   0.1060877E-08   0.6957719E-04
    12125.00  0.6946046E-04   0.1058861E-08   0.6946152E-04
    12175.00  0.6945847E-04   0.1056843E-08   0.6945953E-04
    12225.00  0.6900652E-04   0.1054825E-08   0.6900757E-04
    12275.00  0.6842623E-04   0.1052805E-08   0.6842728E-04
    12325.00  0.6775591E-04   0.1050784E-08   0.6775696E-04
    12375.00  0.6749223E-04   0.1048762E-08   0.6749328E-04
    12425.00  0.6647290E-04   0.1046739E-08   0.6647395E-04
    12475.00  0.6603026E-04   0.1044715E-08   0.6603130E-04
    12525.00  0.6536644E-04   0.1041648E-08   0.6536748E-04
    12575.00  0.6502277E-04   0.1039627E-08   0.6502381E-04
    12625.00  0.6446470E-04   0.1037606E-08   0.6446574E-04
    12675.00  0.6398480E-04   0.1035584E-08   0.6398584E-04
    12725.00  0.6375132E-04   0.1033560E-08   0.6375235E-04
    12775.00  0.6340921E-04   0.1031535E-08   0.6341024E-04
    12825.00  0.6054396E-04   0.1029509E-08   0.6054499E-04
    12875.00  0.6226979E-04   0.1027482E-08   0.6227082E-04
    12925.00  0.6182075E-04   0.1025453E-08   0.6182178E-04
    12975.00  0.6208472E-04   0.1023423E-08   0.6208574E-04
    13025.00  0.6114618E-04   0.1021393E-08   0.6114720E-04
    13075.00  0.6122760E-04   0.1019350E-08   0.6122862E-04
    13125.00  0.5983563E-04   0.1017305E-08   0.5983665E-04
    13175.00  0.5930865E-04   0.1015259E-08   0.5930967E-04
    13225.00  0.5914395E-04   0.1013211E-08   0.5914496E-04
    13275.00  0.5787172E-04   0.1011162E-08   0.5787273E-04
    13325.00  0.5734992E-04   0.1009112E-08   0.5735093E-04
    13375.00  0.5663441E-04   0.1007060E-08   0.5663542E-04
    13425.00  0.5664307E-04   0.1005008E-08   0.5664408E-04
    13475.00  0.5602308E-04   0.1002954E-08   0.5602408E-04
    13525.00  0.5537582E-04   0.1000900E-08   0.5537682E-04
    13575.00  0.5449747E-04   0.9988441E-09   0.5449847E-04
    13625.00  0.5429528E-04   0.9963433E-09   0.5429628E-04
    13675.00  0.5430296E-04   0.9942877E-09   0.5430395E-04
    13725.00  0.5409675E-04   0.9922313E-09   0.5409774E-04
    13775.00  0.5399307E-04   0.9901743E-09   0.5399406E-04
    13825.00  0.5405919E-04   0.9881167E-09   0.5406018E-04
    13875.00  0.5361305E-04   0.9860585E-09   0.5361404E-04
    13925.00  0.5094477E-04   0.9839998E-09   0.5094575E-04
    13975.00  0.5023494E-04   0.9819407E-09   0.5023592E-04
    14025.00  0.4982237E-04   0.9798812E-09   0.4982335E-04
    14075.00  0.4993812E-04   0.9778216E-09   0.4993910E-04
    14125.00  0.4920907E-04   0.9691162E-09   0.4921004E-04
    14175.00  0.4966725E-04   0.9670846E-09   0.4966822E-04
    14225.00  0.4912523E-04   0.9650529E-09   0.4912620E-04
    14275.00  0.4844776E-04   0.9630209E-09   0.4844872E-04
    14325.00  0.4894891E-04   0.9609890E-09   0.4894987E-04
    14375.00  0.4923823E-04   0.9589571E-09   0.4923919E-04
    14425.00  0.4795773E-04   0.9569253E-09   0.4795869E-04
    14475.00  0.4870608E-04   0.9548935E-09   0.4870703E-04
    14525.00  0.4833686E-04   0.9528622E-09   0.4833781E-04
    14570.00  0.4854163E-04   0.9510341E-09   0.4854258E-04
    14620.00  0.4732857E-04   0.5927160E-09   0.4732916E-04
    14675.00  0.4687996E-04   0.5911696E-09   0.4688055E-04
    14725.00  0.4658326E-04   0.5879507E-09   0.4658385E-04
    14775.00  0.4687145E-04   0.5865588E-09   0.4687204E-04
    14825.00  0.4700294E-04   0.5851708E-09   0.4700353E-04
    14875.00  0.4640211E-04   0.5837868E-09   0.4640269E-04
    14925.00  0.4748872E-04   0.5824066E-09   0.4748930E-04
    14975.00  0.4711323E-04   0.5810303E-09   0.4711381E-04
    15025.00  0.4655740E-04   0.5796577E-09   0.4655798E-04
    15075.00  0.4635750E-04   0.5782890E-09   0.4635808E-04
    15125.00  0.4720175E-04   0.5769240E-09   0.4720233E-04
    15175.00  0.4733540E-04   0.5755628E-09   0.4733598E-04
    15225.00  0.4720138E-04   0.5742056E-09   0.4720195E-04
    15275.00  0.4736964E-04   0.5728526E-09   0.4737021E-04
    15325.00  0.4734694E-04   0.5715031E-09   0.4734751E-04
    15375.00  0.4706961E-04   0.5701573E-09   0.4707018E-04
    15425.00  0.4634777E-04   0.5688150E-09   0.4634834E-04
    15475.00  0.4658644E-04   0.5674763E-09   0.4658701E-04
    15525.00  0.4621204E-04   0.5661411E-09   0.4621261E-04
    15575.00  0.4499907E-04   0.5648094E-09   0.4499963E-04
    15625.00  0.4522363E-04   0.5634813E-09   0.4522419E-04
    15675.00  0.4503517E-04   0.5621566E-09   0.4503573E-04
    15725.00  0.4570094E-04   0.5608353E-09   0.4570150E-04
    15775.00  0.4366545E-04   0.5595176E-09   0.4366601E-04
    15825.00  0.4337919E-04   0.5582032E-09   0.4337975E-04
    15875.00  0.4288457E-04   0.5568923E-09   0.4288513E-04
    15925.00  0.4442113E-04   0.5555847E-09   0.4442169E-04
    15975.00  0.4386213E-04   0.5542806E-09   0.4386268E-04
    16050.00  0.4372016E-04   0.5523307E-09   0.4372071E-04
    16150.00  0.4423040E-04   0.5497426E-09   0.4423095E-04
    16250.00  0.4324175E-04   0.5471678E-09   0.4324230E-04
    16350.00  0.4416158E-04   0.5446063E-09   0.4416212E-04
    16450.00  0.4241795E-04   0.5420579E-09   0.4241849E-04
    16550.00  0.4341818E-04   0.5395226E-09   0.4341872E-04
    16650.00  0.4268507E-04   0.5370003E-09   0.4268561E-04
    16750.00  0.4208696E-04   0.5344910E-09   0.4208749E-04
    16850.00  0.4139783E-04   0.5319945E-09   0.4139836E-04
    16950.00  0.4158562E-04   0.5295109E-09   0.4158615E-04
    17050.00  0.4077339E-04   0.5270401E-09   0.4077392E-04
    17150.00  0.4003541E-04   0.5245820E-09   0.4003593E-04
    17250.00  0.3900956E-04   0.5221365E-09   0.3901008E-04
    17350.00  0.3757489E-04   0.5197037E-09   0.3757541E-04
    17450.00  0.3717719E-04   0.5172835E-09   0.3717771E-04
    17550.00  0.3653897E-04   0.5148758E-09   0.3653948E-04
    17650.00  0.3544135E-04   0.5124806E-09   0.3544186E-04
    17750.00  0.3448218E-04   0.5100979E-09   0.3448269E-04
    17850.00  0.3362671E-04   0.5077276E-09   0.3362722E-04
    17950.00  0.3276137E-04   0.5053698E-09   0.3276188E-04
    18050.00  0.3178443E-04   0.5030242E-09   0.3178493E-04
    18150.00  0.3065140E-04   0.5006910E-09   0.3065190E-04
    18250.00  0.3045523E-04   0.4983709E-09   0.3045573E-04
    18350.00  0.3034247E-04   0.4960707E-09   0.3034297E-04
    18450.00  0.2930490E-04   0.4937821E-09   0.2930539E-04
    18550.00  0.2890219E-04   0.4660904E-09   0.2890266E-04
    18650.00  0.2817055E-04   0.4639349E-09   0.2817101E-04
    18750.00  0.2706338E-04   0.4617908E-09   0.2706384E-04
    18850.00  0.2745139E-04   0.4596581E-09   0.2745185E-04
    18950.00  0.2652500E-04   0.4575367E-09   0.2652546E-04
    19050.00  0.2670436E-04   0.4554265E-09   0.2670482E-04
    19150.00  0.2631450E-04   0.4533276E-09   0.2631495E-04
    19250.00  0.2594522E-04   0.4512399E-09   0.2594567E-04
    19350.00  0.2528697E-04   0.4491635E-09   0.2528742E-04
    19450.00  0.2438827E-04   0.4470982E-09   0.2438872E-04
    19550.00  0.2440808E-04   0.4450441E-09   0.2440853E-04
    19650.00  0.2411585E-04   0.4430010E-09   0.2411629E-04
    19750.00  0.2355449E-04   0.4409691E-09   0.2355493E-04
    19850.00  0.2324883E-04   0.4389482E-09   0.2324927E-04
    19950.00  0.2309835E-04   0.4369383E-09   0.2309879E-04
    20050.00  0.2280969E-04   0.4349394E-09   0.2281012E-04
    20150.00  0.2252301E-04   0.4329515E-09   0.2252344E-04
    20250.00  0.2220560E-04   0.4308548E-09   0.2220603E-04
    20350.00  0.2210704E-04   0.4288895E-09   0.2210747E-04
    20450.00  0.2188218E-04   0.4269351E-09   0.2188261E-04
    20550.00  0.2152262E-04   0.4249915E-09   0.2152304E-04
    20650.00  0.2136606E-04   0.4230587E-09   0.2136648E-04
    20750.00  0.2128173E-04   0.4211367E-09   0.2128215E-04
    20850.00  0.2097821E-04   0.4192254E-09   0.2097863E-04
    20950.00  0.2061549E-04   0.4173248E-09   0.2061591E-04
    21050.00  0.2070182E-04   0.4154348E-09   0.2070224E-04
    21150.00  0.2026516E-04   0.4135554E-09   0.2026557E-04
    21250.00  0.2007662E-04   0.4116866E-09   0.2007703E-04
    21350.00  0.2013584E-04   0.4098284E-09   0.2013625E-04
    21450.00  0.1980735E-04   0.4079806E-09   0.1980776E-04
    21550.00  0.1949234E-04   0.4060880E-09   0.1949275E-04
    21650.00  0.1907877E-04   0.4042616E-09   0.1907917E-04
    21750.00  0.1890712E-04   0.4024456E-09   0.1890752E-04
    21850.00  0.1884452E-04   0.4006399E-09   0.1884492E-04
    21950.00  0.1860695E-04   0.3988445E-09   0.1860735E-04
    22050.00  0.1826100E-04   0.3970593E-09   0.1826140E-04
    22150.00  0.1820586E-04   0.3952843E-09   0.1820626E-04
    22250.00  0.1789447E-04   0.3925954E-09   0.1789486E-04
    22350.00  0.1757729E-04   0.3908485E-09   0.1757768E-04
    22450.00  0.1748930E-04   0.3891117E-09   0.1748969E-04
    22550.00  0.1712167E-04   0.3873847E-09   0.1712206E-04
    22650.00  0.1688245E-04   0.3856676E-09   0.1688284E-04
    22750.00  0.1687360E-04   0.3839603E-09   0.1687398E-04
    22850.00  0.1623032E-04   0.3060366E-09   0.1623063E-04
    22950.00  0.1432249E-04   0.3044274E-09   0.1432279E-04
    23050.00  0.1496860E-04   0.3031022E-09   0.1496890E-04
    23150.00  0.1498363E-04   0.3017850E-09   0.1498393E-04
    23250.00  0.1315861E-04   0.3004757E-09   0.1315891E-04
    23350.00  0.1380710E-04   0.2991742E-09   0.1380740E-04
    23450.00  0.1337792E-04   0.2978806E-09   0.1337822E-04
    23550.00  0.1225797E-04   0.2965948E-09   0.1225827E-04
    23650.00  0.1282543E-04   0.2953166E-09   0.1282573E-04
    23750.00  0.1240329E-04   0.2940462E-09   0.1240358E-04
    23850.00  0.1134767E-04   0.2927833E-09   0.1134796E-04
    23950.00  0.1178193E-04   0.2915281E-09   0.1178222E-04
    24050.00  0.1154816E-04   0.2902803E-09   0.1154845E-04
    24150.00  0.1063119E-04   0.2890400E-09   0.1063148E-04
    24250.00  0.1104099E-04   0.2878072E-09   0.1104128E-04
    24350.00  0.1062076E-04   0.2865817E-09   0.1062105E-04
    24450.00  0.1013224E-04   0.2853635E-09   0.1013253E-04
    24550.00  0.9857288E-05   0.2841526E-09   0.9857572E-05
    24650.00  0.9833512E-05   0.2829490E-09   0.9833795E-05
    24750.00  0.9318029E-05   0.2817525E-09   0.9318311E-05
    24850.00  0.8573501E-05   0.2805632E-09   0.8573782E-05
    24950.00  0.8522170E-05   0.2793809E-09   0.8522449E-05
    25050.00  0.8519493E-05   0.2782057E-09   0.8519771E-05
    25150.00  0.8024241E-05   0.2770375E-09   0.8024518E-05
    25250.00  0.8058704E-05   0.2758762E-09   0.8058980E-05
    25350.00  0.7972648E-05   0.2747219E-09   0.7972923E-05
    25450.00  0.7745891E-05   0.2735744E-09   0.7746165E-05
    25550.00  0.7848948E-05   0.2724337E-09   0.7849220E-05
    25650.00  0.7725101E-05   0.2712997E-09   0.7725372E-05
    25750.00  0.7860207E-05   0.2701725E-09   0.7860477E-05
    25850.00  0.7541619E-05   0.2690520E-09   0.7541888E-05
    25950.00  0.7526588E-05   0.2679381E-09   0.7526856E-05
    26050.00  0.7596277E-05   0.2668308E-09   0.7596544E-05
    26150.00  0.7431833E-05   0.2657300E-09   0.7432099E-05
    26250.00  0.7382614E-05   0.2646358E-09   0.7382879E-05
    26350.00  0.7377693E-05   0.2635480E-09   0.7377957E-05
    26450.00  0.7249549E-05   0.2624666E-09   0.7249811E-05
    26550.00  0.7319424E-05   0.2613916E-09   0.7319685E-05
    26650.00  0.6954654E-05   0.2603229E-09   0.6954914E-05
    26750.00  0.7125347E-05   0.2592605E-09   0.7125606E-05
    26850.00  0.7084331E-05   0.2582044E-09   0.7084589E-05
    26950.00  0.6784284E-05   0.2571544E-09   0.6784541E-05
    27050.00  0.6854160E-05   0.2561106E-09   0.6854416E-05
    27150.00  0.6743421E-05   0.2550729E-09   0.6743676E-05
    27250.00  0.6871691E-05   0.2540414E-09   0.6871945E-05
    27350.00  0.6650507E-05   0.2530158E-09   0.6650760E-05
    27450.00  0.6615040E-05   0.2519963E-09   0.6615292E-05
    27550.00  0.6588295E-05   0.2509827E-09   0.6588546E-05
    27650.00  0.6486082E-05   0.2437017E-09   0.6486326E-05
    27750.00  0.6332623E-05   0.2427269E-09   0.6332866E-05
    27850.00  0.6420024E-05   0.2417579E-09   0.6420266E-05
    27950.00  0.6345754E-05   0.2407945E-09   0.6345995E-05
    28050.00  0.6209666E-05   0.2398367E-09   0.6209906E-05
    28150.00  0.6114288E-05   0.2388844E-09   0.6114527E-05
    28250.00  0.6158427E-05   0.2379377E-09   0.6158665E-05
    28350.00  0.6050015E-05   0.2369965E-09   0.6050252E-05
    28450.00  0.6055745E-05   0.2360608E-09   0.6055981E-05
    28550.00  0.5984525E-05   0.2351305E-09   0.5984760E-05
    28650.00  0.5982288E-05   0.2342056E-09   0.5982522E-05
    28750.00  0.5814708E-05   0.2332860E-09   0.5814941E-05
    28850.00  0.5728952E-05   0.2323717E-09   0.5729184E-05
    28950.00  0.5720851E-05   0.2314628E-09   0.5721082E-05
    29050.00  0.5747170E-05   0.2305590E-09   0.5747401E-05
    29150.00  0.5654275E-05   0.2296605E-09   0.5654505E-05
    29250.00  0.5493792E-05   0.2287671E-09   0.5494021E-05
    29350.00  0.5601917E-05   0.2278789E-09   0.5602145E-05
    29450.00  0.5416957E-05   0.2269957E-09   0.5417184E-05
    29550.00  0.5412087E-05   0.2261177E-09   0.5412313E-05
    29650.00  0.5425330E-05   0.2252446E-09   0.5425555E-05
    29750.00  0.5309546E-05   0.2243539E-09   0.5309770E-05
    29850.00  0.5247782E-05   0.2234909E-09   0.5248005E-05
    29950.00  0.5298975E-05   0.2226328E-09   0.5299198E-05
    30050.00  0.5178534E-05   0.2217797E-09   0.5178756E-05
    30150.00  0.5172896E-05   0.2209313E-09   0.5173117E-05
    30250.00  0.5075591E-05   0.2200879E-09   0.5075811E-05
    30350.00  0.5013658E-05   0.2192492E-09   0.5013877E-05
    30450.00  0.5163182E-05   0.2184152E-09   0.5163400E-05
    30550.00  0.4968104E-05   0.2175860E-09   0.4968322E-05
    30650.00  0.4941123E-05   0.2167615E-09   0.4941340E-05
    30750.00  0.4938966E-05   0.2159417E-09   0.4939182E-05
    30850.00  0.4903278E-05   0.2151265E-09   0.4903493E-05
    30950.00  0.4940803E-05   0.2143158E-09   0.4941017E-05
    31050.00  0.4931976E-05   0.2135098E-09   0.4932190E-05
    31150.00  0.4796543E-05   0.2127083E-09   0.4796756E-05
    31250.00  0.4827137E-05   0.2119113E-09   0.4827349E-05
    31350.00  0.4739788E-05   0.2111076E-09   0.4739999E-05
    31450.00  0.4757053E-05   0.2103194E-09   0.4757263E-05
    31550.00  0.4773050E-05   0.2095357E-09   0.4773260E-05
    31650.00  0.4710533E-05   0.2087563E-09   0.4710742E-05
    31750.00  0.4655146E-05   0.2079813E-09   0.4655354E-05
    31850.00  0.4637884E-05   0.2072106E-09   0.4638091E-05
    31950.00  0.4602155E-05   0.2064443E-09   0.4602361E-05
    32100.00  0.4565311E-05   0.2051153E-09   0.4565516E-05
    32300.00  0.4497849E-05   0.2036108E-09   0.4498053E-05
    32500.00  0.4462286E-05   0.2021229E-09   0.4462488E-05
    32700.00  0.4333444E-05   0.2006513E-09   0.4333645E-05
    32900.00  0.4275860E-05   0.1776659E-09   0.4276038E-05
    33100.00  0.4177163E-05   0.1763415E-09   0.4177339E-05
    33300.00  0.4150931E-05   0.1750889E-09   0.4151106E-05
    33500.00  0.4085740E-05   0.1738499E-09   0.4085914E-05
    33700.00  0.3972098E-05   0.1726244E-09   0.3972271E-05
    33900.00  0.3950988E-05   0.1714122E-09   0.3951159E-05
    34100.00  0.3879161E-05   0.1702130E-09   0.3879331E-05
    34300.00  0.3808837E-05   0.1690268E-09   0.3809006E-05
    34500.00  0.3753668E-05   0.1678533E-09   0.3753836E-05
    34700.00  0.3689475E-05   0.1666923E-09   0.3689642E-05
    34900.00  0.3625509E-05   0.1655438E-09   0.3625675E-05
    35100.00  0.3572083E-05   0.1644075E-09   0.3572247E-05
    35300.00  0.3483146E-05   0.1632833E-09   0.3483309E-05
    35500.00  0.3424593E-05   0.1621709E-09   0.3424755E-05
    35700.00  0.3365472E-05   0.1610703E-09   0.3365633E-05
    35900.00  0.3273578E-05   0.1599813E-09   0.3273738E-05
    36100.00  0.3283188E-05   0.1589038E-09   0.3283347E-05
    36300.00  0.3181901E-05   0.1578375E-09   0.3182059E-05
    36500.00  0.3135395E-05   0.1567823E-09   0.3135552E-05
    36700.00  0.3060611E-05   0.1557381E-09   0.3060767E-05
    36900.00  0.3006716E-05   0.1547048E-09   0.3006871E-05
    37100.00  0.2956710E-05   0.1536821E-09   0.2956864E-05
    37300.00  0.2922038E-05   0.1526700E-09   0.2922191E-05
    37500.00  0.2841848E-05   0.1516683E-09   0.2842000E-05
    37700.00  0.2750511E-05   0.1506768E-09   0.2750662E-05
    37900.00  0.2667631E-05   0.1496955E-09   0.2667781E-05
    38100.00  0.2700537E-05   0.1487242E-09   0.2700686E-05
    38300.00  0.2629620E-05   0.1477628E-09   0.2629768E-05
    38500.00  0.2576031E-05   0.1468111E-09   0.2576178E-05
    38700.00  0.2519299E-05   0.1439214E-09   0.2519443E-05
    38900.00  0.2489244E-05   0.1430032E-09   0.2489387E-05
    39100.00  0.2420834E-05   0.1420942E-09   0.2420976E-05
    39300.00  0.2402877E-05   0.1411942E-09   0.2403018E-05
    39500.00  0.2302944E-05   0.1403033E-09   0.2303084E-05
    39700.00  0.2295997E-05   0.1394212E-09   0.2296136E-05
    39900.00  0.2227416E-05   0.1385479E-09   0.2227555E-05
    40100.00  0.2248935E-05   0.1376832E-09   0.2249073E-05
    40300.00  0.2208862E-05   0.1368271E-09   0.2208999E-05
    40500.00  0.2111677E-05   0.1359793E-09   0.2111813E-05
    40700.00  0.2103733E-05   0.1351399E-09   0.2103868E-05
    40900.00  0.2054031E-05   0.1343087E-09   0.2054165E-05
    41100.00  0.2037689E-05   0.1334805E-09   0.2037822E-05
    41300.00  0.1985240E-05   0.1326655E-09   0.1985373E-05
    41500.00  0.1925393E-05   0.1318583E-09   0.1925525E-05
    41700.00  0.1872421E-05   0.1310590E-09   0.1872552E-05
    41900.00  0.1896108E-05   0.1302673E-09   0.1896238E-05
    42100.00  0.1822743E-05   0.1294833E-09   0.1822872E-05
    42300.00  0.1794023E-05   0.1287067E-09   0.1794152E-05
    42500.00  0.1751208E-05   0.1279376E-09   0.1751336E-05
    42700.00  0.1732188E-05   0.1271758E-09   0.1732315E-05
    42900.00  0.1662143E-05   0.1264212E-09   0.1662269E-05
    43100.00  0.1591200E-05   0.1256707E-09   0.1591326E-05
    43300.00  0.1587632E-05   0.1249302E-09   0.1587757E-05
    43500.00  0.1511450E-05   0.1241968E-09   0.1511574E-05
    43700.00  0.1472698E-05   0.1234702E-09   0.1472821E-05
    43900.00  0.1472510E-05   0.1227017E-09   0.1472633E-05
    44100.00  0.1392708E-05   0.1219891E-09   0.1392830E-05
    44300.00  0.1368956E-05   0.1212832E-09   0.1369077E-05
    44500.00  0.1342906E-05   0.1205838E-09   0.1343027E-05
    44700.00  0.1319083E-05   0.1182220E-09   0.1319201E-05
    44900.00  0.1303265E-05   0.1118492E-09   0.1303377E-05
    45100.00  0.1261628E-05   0.1112181E-09   0.1261739E-05
    45300.00  0.1230858E-05   0.1105928E-09   0.1230969E-05
    45500.00  0.1241292E-05   0.1099731E-09   0.1241402E-05
    45700.00  0.1243591E-05   0.1093590E-09   0.1243700E-05
    45900.00  0.1185156E-05   0.1087505E-09   0.1185265E-05
    46100.00  0.1184135E-05   0.1081475E-09   0.1184243E-05
    46300.00  0.1169767E-05   0.1075499E-09   0.1169875E-05
    46500.00  0.1131783E-05   0.1069577E-09   0.1131890E-05
    46700.00  0.1150910E-05   0.1063707E-09   0.1151016E-05
    46900.00  0.1127981E-05   0.1057890E-09   0.1128087E-05
    47100.00  0.1091666E-05   0.1052124E-09   0.1091771E-05
    47300.00  0.1088225E-05   0.1046410E-09   0.1088330E-05
    47500.00  0.1062496E-05   0.1040746E-09   0.1062600E-05
    47700.00  0.1066392E-05   0.1035131E-09   0.1066496E-05
    47900.00  0.1048549E-05   0.1029566E-09   0.1048652E-05
    48100.00  0.1032576E-05   0.1024050E-09   0.1032678E-05
    48300.00  0.1016786E-05   0.1018582E-09   0.1016888E-05
    48500.00  0.1001164E-05   0.1013161E-09   0.1001265E-05
    48700.00  0.9854500E-06   0.1007787E-09   0.9855508E-06
    48900.00  0.9665388E-06   0.1002460E-09   0.9666390E-06
    49100.00  0.9617411E-06   0.9971791E-10   0.9618408E-06
    49300.00  0.9490807E-06   0.9919433E-10   0.9491799E-06
    49500.00  0.9310987E-06   0.9867524E-10   0.9311974E-06
    49700.00  0.9244681E-06   0.9816059E-10   0.9245663E-06
    49900.00  0.8887166E-06   0.9765033E-10   0.8888143E-06
    50100.00  0.8849919E-06   0.9714440E-10   0.8850890E-06
    50300.00  0.8744593E-06   0.9664277E-10   0.8745559E-06
    50500.00  0.8595010E-06   0.9614537E-10   0.8595971E-06
    50700.00  0.8520815E-06   0.9565216E-10   0.8521772E-06
    50900.00  0.8424193E-06   0.9516310E-10   0.8425145E-06
    51100.00  0.8294526E-06   0.9467813E-10   0.8295473E-06
    51300.00  0.8206360E-06   0.9419722E-10   0.8207302E-06
    51500.00  0.8116805E-06   0.9300376E-10   0.8117735E-06
    51700.00  0.8075873E-06   0.9253517E-10   0.8076798E-06
    51900.00  0.7955690E-06   0.9207047E-10   0.7956611E-06
    52100.00  0.7852147E-06   0.9160960E-10   0.7853063E-06
    52300.00  0.7703693E-06   0.9115253E-10   0.7704605E-06
    52500.00  0.7606857E-06   0.9069921E-10   0.7607764E-06
    52700.00  0.7527715E-06   0.9024960E-10   0.7528617E-06
    52900.00  0.7343800E-06   0.8980365E-10   0.7344698E-06
    53100.00  0.7222086E-06   0.8936134E-10   0.7222980E-06
    53300.00  0.7129073E-06   0.8892262E-10   0.7129962E-06
    53500.00  0.7011853E-06   0.8848745E-10   0.7012738E-06
    53700.00  0.6904991E-06   0.8805579E-10   0.6905872E-06
    53900.00  0.6798611E-06   0.8762761E-10   0.6799487E-06
    54100.00  0.6705232E-06   0.8720286E-10   0.6706104E-06
    54300.00  0.6598856E-06   0.8677956E-10   0.6599724E-06
    54500.00  0.6558691E-06   0.8636162E-10   0.6559555E-06
    54700.00  0.6462109E-06   0.8594700E-10   0.6462968E-06
    54900.00  0.6397538E-06   0.8553568E-10   0.6398393E-06
    55100.00  0.6317144E-06   0.8512761E-10   0.6317995E-06
    55300.00  0.6302062E-06   0.8472276E-10   0.6302909E-06
    55500.00  0.6157479E-06   0.8432110E-10   0.6158322E-06
    55700.00  0.6127819E-06   0.8392259E-10   0.6128658E-06
    55900.00  0.6026931E-06   0.8352720E-10   0.6027766E-06
    56100.00  0.5973679E-06   0.8313489E-10   0.5974510E-06
    56300.00  0.5871414E-06   0.8274564E-10   0.5872241E-06
    56500.00  0.5829069E-06   0.8235838E-10   0.5829893E-06
    56700.00  0.5756168E-06   0.8197502E-10   0.5756988E-06
    56900.00  0.5659230E-06   0.8159462E-10   0.5660046E-06
    57100.00  0.5624215E-06   0.8121715E-10   0.5625027E-06
    57300.00  0.5552950E-06   0.8084258E-10   0.5553758E-06
    57500.00  0.5486018E-06   0.8045585E-10   0.5486823E-06
    57700.00  0.5411685E-06   0.8008730E-10   0.5412486E-06
    57900.00  0.5366041E-06   0.7972154E-10   0.5366838E-06
    58100.00  0.5285834E-06   0.7935857E-10   0.5286628E-06
    58300.00  0.5227334E-06   0.7899834E-10   0.5228124E-06
    58500.00  0.5167350E-06   0.7572739E-10   0.5168107E-06
    58700.00  0.5090042E-06   0.7538402E-10   0.5090796E-06
    58900.00  0.5031495E-06   0.7504789E-10   0.5032245E-06
    59100.00  0.4962085E-06   0.7471427E-10   0.4962832E-06
    59300.00  0.4923736E-06   0.7438314E-10   0.4924480E-06
    59500.00  0.4855374E-06   0.7405446E-10   0.4856115E-06
    59700.00  0.4810956E-06   0.7372821E-10   0.4811693E-06
    59900.00  0.4753893E-06   0.7340437E-10   0.4754627E-06
    60100.00  0.4697393E-06   0.7308292E-10   0.4698124E-06
    60300.00  0.4641892E-06   0.7276383E-10   0.4642620E-06
    60500.00  0.4577062E-06   0.7244707E-10   0.4577786E-06
    60700.00  0.4524980E-06   0.7213263E-10   0.4525701E-06
    60900.00  0.4470492E-06   0.7182049E-10   0.4471210E-06
    61100.00  0.4412980E-06   0.7151061E-10   0.4413695E-06
    61300.00  0.4369243E-06   0.7120297E-10   0.4369955E-06
    61500.00  0.4321594E-06   0.7089756E-10   0.4322303E-06
    61700.00  0.4277329E-06   0.7059435E-10   0.4278035E-06
    61900.00  0.4226127E-06   0.7029333E-10   0.4226830E-06
    62100.00  0.4180722E-06   0.6999446E-10   0.4181422E-06
    62300.00  0.4124369E-06   0.6969773E-10   0.4125066E-06
    62500.00  0.4071736E-06   0.6940312E-10   0.4072430E-06
    62700.00  0.4025872E-06   0.6911060E-10   0.4026563E-06
    62900.00  0.3982318E-06   0.6882016E-10   0.3983006E-06
    63100.00  0.3933693E-06   0.6853178E-10   0.3934378E-06
    63300.00  0.3898078E-06   0.6824543E-10   0.3898760E-06
    63500.00  0.3848454E-06   0.6796110E-10   0.3849134E-06
    63700.00  0.3812221E-06   0.6767877E-10   0.3812898E-06
    63900.00  0.3762559E-06   0.6739842E-10   0.3763233E-06
    64200.00  0.3699984E-06   0.6698156E-10   0.3700654E-06
    64600.00  0.3614032E-06   0.6643250E-10   0.3614696E-06
    65000.00  0.3533638E-06   0.6589102E-10   0.3534297E-06
    65400.00  0.3454268E-06   0.6535697E-10   0.3454922E-06
    65800.00  0.3380562E-06   0.6483023E-10   0.3381210E-06
    66200.00  0.3303401E-06   0.6401223E-10   0.3304041E-06
    66600.00  0.3231479E-06   0.6350267E-10   0.3232114E-06
    67000.00  0.3161092E-06   0.6299995E-10   0.3161722E-06
    67400.00  0.3090017E-06   0.6250398E-10   0.3090642E-06
    67800.00  0.3023169E-06   0.6201461E-10   0.3023789E-06
    68200.00  0.2956947E-06   0.6153173E-10   0.2957562E-06
    68600.00  0.2894587E-06   0.6105522E-10   0.2895198E-06
    69000.00  0.2831077E-06   0.6058497E-10   0.2831683E-06
    69400.00  0.2770593E-06   0.6012057E-10   0.2771194E-06
    69800.00  0.2711943E-06   0.5966249E-10   0.2712540E-06
    70200.00  0.2653018E-06   0.5921034E-10   0.2653610E-06
    70600.00  0.2598362E-06   0.5876401E-10   0.2598950E-06
    71000.00  0.2543238E-06   0.5832339E-10   0.2543821E-06
    71400.00  0.2490328E-06   0.5788841E-10   0.2490907E-06
    71800.00  0.2438001E-06   0.5745874E-10   0.2438576E-06
    72200.00  0.2387570E-06   0.5703468E-10   0.2388140E-06
    72600.00  0.2337655E-06   0.5661596E-10   0.2338221E-06
    73000.00  0.2290047E-06   0.5619716E-10   0.2290609E-06
    73400.00  0.2242460E-06   0.5578887E-10   0.2243018E-06
    73800.00  0.2197449E-06   0.5538564E-10   0.2198003E-06
    74200.00  0.2151529E-06   0.5370781E-10   0.2152066E-06
    74600.00  0.2104230E-06   0.5332613E-10   0.2104763E-06
    75000.00  0.2062467E-06   0.5294911E-10   0.2062996E-06
    75400.00  0.2024027E-06   0.5257666E-10   0.2024553E-06
    75800.00  0.1985226E-06   0.5220871E-10   0.1985748E-06
    76200.00  0.1946015E-06   0.5184518E-10   0.1946533E-06
    76600.00  0.1907659E-06   0.5148601E-10   0.1908174E-06
    77000.00  0.1869875E-06   0.5113111E-10   0.1870386E-06
    77400.00  0.1833597E-06   0.5078042E-10   0.1834105E-06
    77800.00  0.1798077E-06   0.5043387E-10   0.1798581E-06
    78200.00  0.1763111E-06   0.5009139E-10   0.1763612E-06
    78600.00  0.1729149E-06   0.4975292E-10   0.1729647E-06
    79000.00  0.1695917E-06   0.4941840E-10   0.1696411E-06
    79400.00  0.1663522E-06   0.4908775E-10   0.1664013E-06
    79800.00  0.1632060E-06   0.4876092E-10   0.1632548E-06
    80200.00  0.1600640E-06   0.4843784E-10   0.1601124E-06
    80600.00  0.1570438E-06   0.4811847E-10   0.1570919E-06
    81000.00  0.1541543E-06   0.4780273E-10   0.1542021E-06
    81400.00  0.1512305E-06   0.4749057E-10   0.1512780E-06
    81800.00  0.1484789E-06   0.4718193E-10   0.1485261E-06
    82200.00  0.1457389E-06   0.4687677E-10   0.1457858E-06
    82600.00  0.1430445E-06   0.4643734E-10   0.1430909E-06
    83000.00  0.1404300E-06   0.4614010E-10   0.1404761E-06
    83400.00  0.1378474E-06   0.4584617E-10   0.1378932E-06
    83800.00  0.1353430E-06   0.4555548E-10   0.1353886E-06
    84200.00  0.1329331E-06   0.4526799E-10   0.1329784E-06
    84600.00  0.1305380E-06   0.4498365E-10   0.1305830E-06
    85000.00  0.1282030E-06   0.4470240E-10   0.1282477E-06
    85400.00  0.1259063E-06   0.4442422E-10   0.1259507E-06
    85800.00  0.1236844E-06   0.4414904E-10   0.1237285E-06
    86200.00  0.1215123E-06   0.4387663E-10   0.1215562E-06
    86600.00  0.1193616E-06   0.4360733E-10   0.1194052E-06
    87000.00  0.1172758E-06   0.4334091E-10   0.1173191E-06
    87400.00  0.1152427E-06   0.4307733E-10   0.1152858E-06
    87800.00  0.1132332E-06   0.4281654E-10   0.1132760E-06
    88200.00  0.1112517E-06   0.4255849E-10   0.1112943E-06
    88600.00  0.1093502E-06   0.4230316E-10   0.1093925E-06
    89000.00  0.1074611E-06   0.4205031E-10   0.1075032E-06
    89400.00  0.1056603E-06   0.4180032E-10   0.1057021E-06
    89800.00  0.1038204E-06   0.4155292E-10   0.1038620E-06
    90200.00  0.1021117E-06   0.4130580E-10   0.1021530E-06
    90600.00  0.1004016E-06   0.4106341E-10   0.1004427E-06
    91000.00  0.9865938E-07   0.4082351E-10   0.9870020E-07
    91400.00  0.9704125E-07   0.3997103E-10   0.9708122E-07
    91800.00  0.9544637E-07   0.3974002E-10   0.9548611E-07
    92200.00  0.9387351E-07   0.3951209E-10   0.9391302E-07
    92600.00  0.9232283E-07   0.3928646E-10   0.9236212E-07
    93000.00  0.9081578E-07   0.3906308E-10   0.9085484E-07
    93400.00  0.8931760E-07   0.3884194E-10   0.8935644E-07
    93800.00  0.8786172E-07   0.3862299E-10   0.8790034E-07
    94200.00  0.8643670E-07   0.3840622E-10   0.8647511E-07
    94600.00  0.8503249E-07   0.3819158E-10   0.8507068E-07
    95000.00  0.8366148E-07   0.3797905E-10   0.8369946E-07
    95400.00  0.8232904E-07   0.3776860E-10   0.8236681E-07
    95800.00  0.8102164E-07   0.3756020E-10   0.8105920E-07
    96200.00  0.7971609E-07   0.3735382E-10   0.7975344E-07
    96600.00  0.7846743E-07   0.3714945E-10   0.7850458E-07
    97000.00  0.7723044E-07   0.3694704E-10   0.7726739E-07
    97400.00  0.7596174E-07   0.3674658E-10   0.7599849E-07
    97800.00  0.7480297E-07   0.3654803E-10   0.7483952E-07
    98200.00  0.7365591E-07   0.3635138E-10   0.7369226E-07
    98600.00  0.7250668E-07   0.3615659E-10   0.7254284E-07
    99000.00  0.7138953E-07   0.3596364E-10   0.7142549E-07
    99400.00  0.7028001E-07   0.3577251E-10   0.7031578E-07
    99800.00  0.6920300E-07   0.3558318E-10   0.6923858E-07
   100200.00  0.6814291E-07   0.9654665E-11   0.6815256E-07
   200000.00  0.4608406E-08   0.2423331E-11   0.4610829E-08
   400000.00  0.2971222E-09   0.6058326E-12   0.2977280E-09
   600000.00  0.5910882E-10   0.2692589E-12   0.5937808E-10
   800000.00  0.1873782E-10   0.1514582E-12   0.1888928E-10
  1000000.00  0.7674517E-11   0.9693322E-13   0.7771450E-11
  1200000.00  0.3698564E-11   0.6731474E-13   0.3765879E-11
  1400000.00  0.1994253E-11   0.4945573E-13   0.2043709E-11
  1600000.00  0.1167520E-11   0.3786454E-13   0.1205385E-11
