       91.00  0.2929213E-11   0.0000000E+00   0.2929213E-11
       94.00  0.5936542E-10   0.0000000E+00   0.5936542E-10
       96.00  0.8456490E-10   0.0000000E+00   0.8456490E-10
       98.00  0.1093902E-09   0.0000000E+00   0.1093902E-09
      100.00  0.1430939E-09   0.0000000E+00   0.1430939E-09
      102.00  0.1891141E-09   0.0000000E+00   0.1891141E-09
      104.00  0.2348084E-09   0.0000000E+00   0.2348084E-09
      106.00  0.2966877E-09   0.0000000E+00   0.2966877E-09
      108.00  0.3673743E-09   0.0000000E+00   0.3673743E-09
      110.00  0.4958619E-09   0.0000000E+00   0.4958619E-09
      114.00  0.7149334E-09   0.0000000E+00   0.7149334E-09
      118.00  0.9628260E-09   0.0000000E+00   0.9628260E-09
      121.00  0.1855413E-08   0.0000000E+00   0.1855413E-08
      125.00  0.2516604E-08   0.0000000E+00   0.2516604E-08
      127.00  0.2773253E-08   0.0000000E+00   0.2773253E-08
      128.00  0.3263715E-08   0.0000000E+00   0.3263715E-08
      131.00  0.3503899E-08   0.0000000E+00   0.3503899E-08
      132.00  0.4527603E-08   0.0000000E+00   0.4527603E-08
      134.00  0.4750887E-08   0.0000000E+00   0.4750887E-08
      137.00  0.5105155E-08   0.0000000E+00   0.5105155E-08
      140.00  0.6548270E-08   0.0000000E+00   0.6548270E-08
      143.00  0.1048375E-07   0.0000000E+00   0.1048375E-07
      147.00  0.2642090E-07   0.0000000E+00   0.2642090E-07
      151.00  0.3011717E-07   0.0000000E+00   0.3011717E-07
      155.00  0.3190248E-07   0.0000000E+00   0.3190248E-07
      159.00  0.4020979E-07   0.0000000E+00   0.4020979E-07
      162.00  0.5113999E-07   0.0000000E+00   0.5113999E-07
      166.00  0.5268614E-07   0.0000000E+00   0.5268614E-07
      170.00  0.5716758E-07   0.0000000E+00   0.5716758E-07
      173.00  0.6612561E-07   0.0000000E+00   0.6612561E-07
      177.00  0.5910895E-07   0.0000000E+00   0.5910895E-07
      180.00  0.7100714E-07   0.0000000E+00   0.7100714E-07
      182.00  0.6536481E-07   0.0000000E+00   0.6536481E-07
      186.00  0.7018661E-07   0.0000000E+00   0.7018661E-07
      191.00  0.7578506E-07   0.0000000E+00   0.7578506E-07
      194.00  0.8358287E-07   0.0000000E+00   0.8358287E-07
      198.00  0.8811926E-07   0.0000000E+00   0.8811926E-07
      202.00  0.9754430E-07   0.0000000E+00   0.9754430E-07
      205.00  0.9634444E-07   0.0000000E+00   0.9634444E-07
      210.00  0.1020500E-06   0.0000000E+00   0.1020500E-06
      216.00  0.1024940E-06   0.0000000E+00   0.1024940E-06
      220.00  0.1123617E-06   0.0000000E+00   0.1123617E-06
      223.00  0.1153587E-06   0.0000000E+00   0.1153587E-06
      227.00  0.1199609E-06   0.0000000E+00   0.1199609E-06
      228.00  0.1212197E-06   0.0000000E+00   0.1212197E-06
      228.00  0.5590513E-06   0.0000000E+00   0.5590513E-06
      230.00  0.2602581E-06   0.0000000E+00   0.2602581E-06
      234.00  0.8578446E-06   0.0000000E+00   0.8578446E-06
      240.00  0.1482137E-05   0.0000000E+00   0.1482137E-05
      246.00  0.1617425E-05   0.0000000E+00   0.1617425E-05
      252.00  0.2122645E-05   0.0000000E+00   0.2122645E-05
      257.00  0.1824293E-05   0.0000000E+00   0.1824293E-05
      260.00  0.2188207E-05   0.0000000E+00   0.2188207E-05
      264.00  0.2265727E-05   0.0000000E+00   0.2265727E-05
      269.00  0.2240901E-05   0.0000000E+00   0.2240901E-05
      274.00  0.2546994E-05   0.0000000E+00   0.2546994E-05
      279.00  0.2050623E-05   0.0000000E+00   0.2050623E-05
      284.00  0.2164327E-05   0.0000000E+00   0.2164327E-05
      290.00  0.1907731E-05   0.0000000E+00   0.1907731E-05
      296.00  0.1846937E-05   0.0000000E+00   0.1846937E-05
      301.00  0.1580641E-05   0.0000000E+00   0.1580641E-05
      308.00  0.1823568E-05   0.0000000E+00   0.1823568E-05
      318.00  0.2012577E-05   0.0000000E+00   0.2012577E-05
      328.00  0.2190158E-05   0.0000000E+00   0.2190158E-05
      338.00  0.1910349E-05   0.0000000E+00   0.1910349E-05
      348.00  0.1767834E-05   0.0000000E+00   0.1767834E-05
      353.30  0.1747967E-05   0.0000000E+00   0.1747967E-05
      353.30  0.1594410E-05   0.0000000E+00   0.1594410E-05
      357.00  0.1599632E-05   0.0000000E+00   0.1599632E-05
      366.00  0.1612334E-05   0.0000000E+00   0.1612334E-05
      375.00  0.1634218E-05   0.0000000E+00   0.1634218E-05
      385.00  0.1474981E-05   0.0000000E+00   0.1474981E-05
      395.00  0.1406341E-05   0.0000000E+00   0.1406341E-05
      405.00  0.1382945E-05   0.0000000E+00   0.1382945E-05
      414.00  0.1495003E-05   0.0000000E+00   0.1495003E-05
      422.00  0.1289230E-05   0.0000000E+00   0.1289230E-05
      430.00  0.1218667E-05   0.0000000E+00   0.1218667E-05
      441.00  0.1198655E-05   0.0000000E+00   0.1198655E-05
      451.00  0.1409297E-05   0.0000000E+00   0.1409297E-05
      460.00  0.1177448E-05   0.0000000E+00   0.1177448E-05
      470.00  0.1223141E-05   0.0000000E+00   0.1223141E-05
      480.00  0.1224397E-05   0.0000000E+00   0.1224397E-05
      490.00  0.1068065E-05   0.0000000E+00   0.1068065E-05
      500.00  0.1195293E-05   0.0000000E+00   0.1195293E-05
      504.60  0.1325581E-05   0.0000000E+00   0.1325581E-05
      504.60  0.1008502E-05   0.0000000E+00   0.1008502E-05
      506.00  0.1038988E-05   0.0000000E+00   0.1038988E-05
      512.00  0.1130446E-05   0.0000000E+00   0.1130446E-05
      520.00  0.1107442E-05   0.0000000E+00   0.1107442E-05
      530.00  0.1036646E-05   0.0000000E+00   0.1036646E-05
      540.00  0.7465167E-06   0.0000000E+00   0.7465167E-06
      550.00  0.6930075E-06   0.0000000E+00   0.6930075E-06
      560.00  0.8961528E-06   0.0000000E+00   0.8961528E-06
      570.00  0.8646971E-06   0.0000000E+00   0.8646971E-06
      580.00  0.8359655E-06   0.0000000E+00   0.8359655E-06
      590.00  0.9320273E-06   0.0000000E+00   0.9320273E-06
      600.00  0.7399042E-06   0.0000000E+00   0.7399042E-06
      610.00  0.7589424E-06   0.0000000E+00   0.7589424E-06
      620.00  0.6683706E-06   0.0000000E+00   0.6683706E-06
      630.00  0.6354626E-06   0.0000000E+00   0.6354626E-06
      640.00  0.7569904E-06   0.0000000E+00   0.7569904E-06
      650.00  0.6986617E-06   0.0000000E+00   0.6986617E-06
      658.00  0.6341664E-06   0.0000000E+00   0.6341664E-06
      665.00  0.5223035E-06   0.0000000E+00   0.5223035E-06
      675.00  0.6701053E-06   0.0000000E+00   0.6701053E-06
      685.00  0.6542708E-06   0.0000000E+00   0.6542708E-06
      695.00  0.5716370E-06   0.0000000E+00   0.5716370E-06
      705.00  0.5422025E-06   0.0000000E+00   0.5422025E-06
      716.00  0.6142349E-06   0.0000000E+00   0.6142349E-06
      726.00  0.5984560E-06   0.0000000E+00   0.5984560E-06
      735.00  0.5402374E-06   0.0000000E+00   0.5402374E-06
      745.00  0.5002130E-06   0.0000000E+00   0.5002130E-06
      755.00  0.3674229E-06   0.0000000E+00   0.3674229E-06
      765.00  0.5064604E-06   0.0000000E+00   0.5064604E-06
      775.00  0.5174325E-06   0.0000000E+00   0.5174325E-06
      785.00  0.2718052E-06   0.0000000E+00   0.2718052E-06
      795.00  0.4487756E-06   0.0000000E+00   0.4487756E-06
      805.00  0.4641906E-06   0.0000000E+00   0.4641906E-06
      815.00  0.4403148E-06   0.0000000E+00   0.4403148E-06
      825.00  0.4314516E-06   0.0000000E+00   0.4314516E-06
      835.00  0.3377435E-06   0.0000000E+00   0.3377435E-06
      845.00  0.4033596E-06   0.0000000E+00   0.4033596E-06
      855.00  0.3999608E-06   0.0000000E+00   0.3999608E-06
      865.00  0.3950960E-06   0.0000000E+00   0.3950960E-06
      875.00  0.3661403E-06   0.0000000E+00   0.3661403E-06
      885.00  0.3804617E-06   0.0000000E+00   0.3804617E-06
      895.00  0.3696499E-06   0.0000000E+00   0.3696499E-06
      905.00  0.3463981E-06   0.0000000E+00   0.3463981E-06
      912.40  0.3211828E-06   0.3215518E-12   0.3211831E-06
      912.40  0.8880714E-06   0.3215599E-12   0.8880717E-06
      915.00  0.8618013E-06   0.3487815E-12   0.8618016E-06
      925.00  0.7607615E-06   0.4460477E-12   0.7607619E-06
      935.00  0.8731082E-06   0.5673117E-12   0.8731088E-06
      945.00  0.9104528E-06   0.7177143E-12   0.9104535E-06
      955.00  0.8611879E-06   0.9033265E-12   0.8611888E-06
      965.00  0.9272457E-06   0.1131284E-11   0.9272468E-06
      975.00  0.5387999E-06   0.1409939E-11   0.5388013E-06
      985.00  0.4721735E-06   0.1749022E-11   0.4721752E-06
      995.00  0.8795653E-06   0.2159826E-11   0.8795675E-06
     1005.00  0.8792383E-06   0.2655405E-11   0.8792410E-06
     1015.00  0.8091260E-06   0.3250788E-11   0.8091293E-06
     1025.00  0.7994836E-06   0.3963213E-11   0.7994876E-06
     1035.00  0.7237892E-06   0.4812383E-11   0.7237940E-06
     1045.00  0.9227000E-06   0.5820758E-11   0.9227058E-06
     1055.00  0.9250952E-06   0.7013793E-11   0.9251022E-06
     1065.00  0.8319562E-06   0.8420294E-11   0.8319646E-06
     1075.00  0.7894401E-06   0.1007274E-10   0.7894502E-06
     1085.00  0.7094406E-06   0.1200766E-10   0.7094526E-06
     1095.00  0.8474348E-06   0.1426595E-10   0.8474491E-06
     1105.00  0.8289583E-06   0.1689335E-10   0.8289752E-06
     1115.00  0.6812237E-06   0.1994079E-10   0.6812436E-06
     1125.00  0.5280458E-06   0.2346487E-10   0.5280693E-06
     1135.00  0.7971988E-06   0.2752830E-10   0.7972263E-06
     1145.00  0.7801650E-06   0.3220041E-10   0.7801972E-06
     1155.00  0.5178311E-06   0.3755760E-10   0.5178687E-06
     1165.00  0.5136046E-06   0.4368391E-10   0.5136483E-06
     1175.00  0.5117848E-06   0.5067151E-10   0.5118355E-06
     1185.00  0.6976016E-06   0.5862128E-10   0.6976602E-06
     1195.00  0.6395634E-06   0.6764339E-10   0.6396310E-06
     1205.00  0.5553589E-06   0.7785786E-10   0.5554368E-06
     1215.00  0.4978296E-06   0.8939518E-10   0.4979190E-06
     1225.00  0.5408757E-06   0.1238971E-07   0.5532654E-06
     1235.00  0.6517039E-06   0.2355170E-07   0.6752556E-06
     1245.00  0.5784023E-06   0.3304068E-07   0.6114430E-06
     1255.00  0.5681287E-06   0.4114675E-07   0.6092754E-06
     1265.00  0.6126117E-06   0.4808502E-07   0.6606967E-06
     1275.00  0.6415462E-06   0.5402563E-07   0.6955718E-06
     1285.00  0.5206219E-06   0.5910751E-07   0.5797294E-06
     1295.00  0.5263827E-06   0.6344637E-07   0.5898291E-06
     1305.00  0.5642904E-06   0.6713981E-07   0.6314302E-06
     1315.00  0.5191497E-06   0.7027096E-07   0.5894207E-06
     1325.00  0.4992464E-06   0.7291114E-07   0.5721575E-06
     1335.00  0.5517276E-06   0.7512188E-07   0.6268495E-06
     1345.00  0.4655056E-06   0.7695653E-07   0.5424621E-06
     1355.00  0.5522985E-06   0.7846152E-07   0.6307600E-06
     1365.00  0.5226431E-06   0.7967742E-07   0.6023205E-06
     1375.00  0.5018882E-06   0.8063978E-07   0.5825280E-06
     1385.00  0.4612628E-06   0.8137983E-07   0.5426426E-06
     1395.00  0.4406017E-06   0.8192511E-07   0.5225268E-06
     1405.00  0.5190305E-06   0.8229991E-07   0.6013304E-06
     1415.00  0.4290506E-06   0.8252575E-07   0.5115764E-06
     1425.00  0.3954912E-06   0.8262173E-07   0.4781129E-06
     1435.00  0.4500633E-06   0.8260480E-07   0.5326681E-06
     1442.00  0.4639230E-06   0.8253394E-07   0.5464569E-06
     1447.00  0.4535421E-06   0.8245663E-07   0.5359987E-06
     1455.00  0.4558862E-06   0.8229110E-07   0.5381773E-06
     1465.00  0.4088186E-06   0.8201989E-07   0.4908385E-06
     1475.00  0.4320754E-06   0.8168730E-07   0.5137627E-06
     1485.00  0.3904391E-06   0.8130303E-07   0.4717421E-06
     1495.00  0.4305992E-06   0.8087585E-07   0.5114751E-06
     1505.00  0.4001100E-06   0.8041366E-07   0.4805237E-06
     1512.00  0.3564174E-06   0.8007315E-07   0.4364906E-06
     1517.00  0.3739137E-06   0.7982284E-07   0.4537365E-06
     1525.00  0.3194991E-06   0.7941217E-07   0.3989113E-06
     1535.00  0.3303871E-06   0.7888524E-07   0.4092723E-06
     1545.00  0.2421896E-06   0.7834820E-07   0.3205378E-06
     1555.00  0.3634709E-06   0.7780571E-07   0.4412766E-06
     1565.00  0.2594554E-06   0.7726245E-07   0.3367178E-06
     1575.00  0.3321807E-06   0.7672258E-07   0.4089033E-06
     1585.00  0.2749463E-06   0.7618991E-07   0.3511362E-06
     1595.00  0.3503633E-06   0.7566800E-07   0.4260313E-06
     1605.00  0.3536219E-06   0.7516013E-07   0.4287820E-06
     1615.00  0.3497177E-06   0.7466936E-07   0.4243871E-06
     1625.00  0.3382988E-06   0.7419857E-07   0.4124974E-06
     1635.00  0.3390419E-06   0.7375045E-07   0.4127923E-06
     1645.00  0.3336747E-06   0.7332755E-07   0.4070023E-06
     1655.00  0.3250259E-06   0.7293230E-07   0.3979582E-06
     1665.00  0.3312283E-06   0.7256698E-07   0.4037953E-06
     1672.00  0.3120863E-06   0.7233026E-07   0.3844166E-06
     1677.00  0.3256896E-06   0.7217121E-07   0.3978608E-06
     1685.00  0.3289886E-06   0.7193486E-07   0.4009235E-06
     1695.00  0.3175496E-06   0.7167219E-07   0.3892218E-06
     1705.00  0.3077407E-06   0.7144773E-07   0.3791884E-06
     1715.00  0.2958507E-06   0.7126339E-07   0.3671141E-06
     1725.00  0.2929244E-06   0.7112102E-07   0.3640454E-06
     1735.00  0.2971761E-06   0.7102240E-07   0.3681985E-06
     1745.00  0.2921191E-06   0.7096930E-07   0.3630884E-06
     1755.00  0.2979333E-06   0.7096346E-07   0.3688968E-06
     1765.00  0.2845528E-06   0.7100657E-07   0.3555594E-06
     1775.00  0.2825213E-06   0.7110031E-07   0.3536216E-06
     1785.00  0.2835561E-06   0.7124634E-07   0.3548024E-06
     1795.00  0.2905435E-06   0.7144636E-07   0.3619899E-06
     1805.00  0.2871262E-06   0.7170199E-07   0.3588282E-06
     1815.00  0.2717527E-06   0.7201482E-07   0.3437675E-06
     1825.00  0.2747870E-06   0.7238647E-07   0.3471735E-06
     1835.00  0.2679275E-06   0.7281857E-07   0.3407461E-06
     1845.00  0.2529479E-06   0.7331270E-07   0.3262606E-06
     1855.00  0.2508345E-06   0.7387047E-07   0.3247050E-06
     1865.00  0.2545756E-06   0.7449349E-07   0.3290691E-06
     1875.00  0.2655478E-06   0.7518335E-07   0.3407312E-06
     1885.00  0.2539616E-06   0.7594167E-07   0.3299033E-06
     1895.00  0.2519034E-06   0.7677004E-07   0.3286734E-06
     1905.00  0.2566814E-06   0.7767008E-07   0.3343515E-06
     1915.00  0.2511986E-06   0.7864340E-07   0.3298420E-06
     1925.00  0.2461636E-06   0.7969160E-07   0.3258552E-06
     1935.00  0.2402233E-06   0.8081632E-07   0.3210396E-06
     1945.00  0.2586527E-06   0.8201783E-07   0.3406705E-06
     1955.00  0.2508211E-06   0.8329707E-07   0.3341182E-06
     1967.00  0.2701740E-06   0.8493884E-07   0.3551128E-06
     1976.00  0.2674584E-06   0.8624807E-07   0.3537065E-06
     1984.00  0.2709925E-06   0.8746894E-07   0.3584614E-06
     1995.00  0.2683720E-06   0.8923690E-07   0.3576089E-06
     2005.00  0.2684275E-06   0.9093544E-07   0.3593629E-06
     2015.00  0.2676498E-06   0.9272256E-07   0.3603724E-06
     2025.00  0.2588007E-06   0.9459983E-07   0.3534005E-06
     2035.00  0.2711556E-06   0.9657449E-07   0.3677301E-06
     2045.00  0.2854115E-06   0.9864539E-07   0.3840569E-06
     2055.00  0.2818503E-06   0.3991214E-07   0.3217624E-06
     2065.00  0.2796425E-06   0.3947517E-07   0.3191177E-06
     2074.00  0.2936696E-06   0.3909088E-07   0.3327605E-06
     2078.00  0.4988760E-06   0.3892281E-07   0.5377988E-06
     2085.00  0.6290101E-06   0.3863268E-07   0.6676428E-06
     2095.00  0.5827804E-06   0.3822701E-07   0.6210074E-06
     2105.00  0.5784562E-06   0.3783162E-07   0.6162878E-06
     2115.00  0.6513564E-06   0.3744643E-07   0.6888028E-06
     2125.00  0.5868502E-06   0.3707138E-07   0.6239216E-06
     2135.00  0.5727267E-06   0.3670637E-07   0.6094331E-06
     2145.00  0.7218775E-06   0.3635134E-07   0.7582288E-06
     2155.00  0.6986403E-06   0.3600621E-07   0.7346465E-06
     2165.00  0.6130699E-06   0.3567090E-07   0.6487408E-06
     2175.00  0.6071031E-06   0.3534537E-07   0.6424485E-06
     2185.00  0.8058664E-06   0.3502955E-07   0.8408960E-06
     2195.00  0.7639341E-06   0.3472335E-07   0.7986574E-06
     2205.00  0.7608420E-06   0.3442668E-07   0.7952687E-06
     2215.00  0.5786803E-06   0.3413949E-07   0.6128198E-06
     2225.00  0.7110201E-06   0.3386169E-07   0.7448818E-06
     2235.00  0.9708462E-06   0.3359322E-07   0.1004439E-05
     2245.00  0.9249597E-06   0.3333400E-07   0.9582937E-06
     2255.00  0.6915411E-06   0.3308398E-07   0.7246251E-06
     2265.00  0.6117378E-06   0.3284309E-07   0.6445809E-06
     2275.00  0.6681024E-06   0.3261125E-07   0.7007137E-06
     2285.00  0.9911796E-06   0.3238829E-07   0.1023568E-05
     2295.00  0.7816343E-06   0.3217412E-07   0.8138084E-06
     2305.00  0.9908547E-06   0.3196880E-07   0.1022823E-05
     2315.00  0.8081118E-06   0.3177225E-07   0.8398841E-06
     2325.00  0.6767011E-06   0.3158442E-07   0.7082855E-06
     2335.00  0.5997124E-06   0.3140524E-07   0.6311176E-06
     2345.00  0.4115572E-06   0.3123466E-07   0.4427919E-06
     2355.00  0.7720944E-06   0.3107261E-07   0.8031670E-06
     2365.00  0.4637452E-06   0.3091903E-07   0.4946642E-06
     2375.00  0.5871696E-06   0.3077387E-07   0.6179435E-06
     2385.00  0.3762740E-06   0.3063706E-07   0.4069111E-06
     2395.00  0.4593276E-06   0.3050855E-07   0.4898361E-06
     2405.00  0.4668200E-06   0.3038830E-07   0.4972083E-06
     2415.00  0.5327907E-06   0.3027625E-07   0.5630669E-06
     2425.00  0.9468351E-06   0.3017234E-07   0.9770074E-06
     2435.00  0.9739476E-06   0.3007650E-07   0.1004024E-05
     2445.00  0.1193790E-05   0.2998870E-07   0.1223779E-05
     2455.00  0.1299157E-05   0.2990887E-07   0.1329066E-05
     2465.00  0.1031819E-05   0.2983696E-07   0.1061656E-05
     2475.00  0.8978085E-06   0.2977292E-07   0.9275814E-06
     2485.00  0.4539968E-06   0.2971670E-07   0.4837135E-06
     2495.00  0.6323229E-06   0.2966824E-07   0.6619911E-06
     2505.00  0.1034079E-05   0.2962751E-07   0.1063707E-05
     2513.00  0.4373145E-06   0.2960044E-07   0.4669149E-06
     2518.00  0.3447247E-06   0.2958601E-07   0.3743107E-06
     2525.00  0.3810848E-06   0.2956899E-07   0.4106538E-06
     2535.00  0.7163417E-06   0.2955112E-07   0.7458928E-06
     2545.00  0.7558865E-06   0.2954082E-07   0.7854273E-06
     2555.00  0.1676944E-05   0.2953800E-07   0.1706482E-05
     2565.00  0.1149610E-05   0.2954261E-07   0.1179153E-05
     2575.00  0.1573849E-05   0.2955462E-07   0.1603404E-05
     2585.00  0.1347971E-05   0.2957397E-07   0.1377545E-05
     2595.00  0.1185296E-05   0.2960061E-07   0.1214897E-05
     2605.00  0.9925854E-06   0.2807349E-07   0.1020659E-05
     2615.00  0.8868383E-06   0.2808648E-07   0.9149248E-06
     2625.00  0.1257430E-05   0.2810648E-07   0.1285536E-05
     2635.00  0.2546857E-05   0.2813345E-07   0.2574990E-05
     2645.00  0.3500069E-05   0.2816736E-07   0.3528236E-05
     2655.00  0.5259775E-05   0.2820817E-07   0.5287983E-05
     2665.00  0.3034465E-05   0.2825583E-07   0.3062721E-05
     2675.00  0.3524022E-05   0.2831032E-07   0.3552332E-05
     2685.00  0.4249900E-05   0.2837158E-07   0.4278272E-05
     2695.00  0.2878317E-05   0.2843960E-07   0.2906757E-05
     2705.00  0.3706801E-05   0.2851432E-07   0.3735315E-05
     2715.00  0.2518885E-05   0.2859572E-07   0.2547481E-05
     2725.00  0.1749508E-05   0.2868375E-07   0.1778192E-05
     2735.00  0.2438756E-05   0.2877839E-07   0.2467534E-05
     2745.00  0.1288839E-05   0.2887959E-07   0.1317719E-05
     2755.00  0.1880097E-05   0.2898732E-07   0.1909084E-05
     2765.00  0.2591230E-05   0.2910154E-07   0.2620332E-05
     2775.00  0.2713351E-05   0.2922222E-07   0.2742573E-05
     2785.00  0.1492033E-05   0.2934933E-07   0.1521382E-05
     2795.00  0.6530588E-06   0.2948282E-07   0.6825416E-06
     2805.00  0.7998392E-06   0.2962266E-07   0.8294619E-06
     2815.00  0.2318164E-05   0.2976883E-07   0.2347933E-05
     2825.00  0.3606700E-05   0.2992127E-07   0.3636621E-05
     2835.00  0.3320643E-05   0.3007997E-07   0.3350723E-05
     2845.00  0.2049316E-05   0.3024487E-07   0.2079561E-05
     2855.00  0.1039206E-05   0.3041570E-07   0.1069622E-05
     2865.00  0.3162570E-05   0.3059238E-07   0.3193162E-05
     2875.00  0.4942897E-05   0.3077512E-07   0.4973672E-05
     2885.00  0.4327666E-05   0.3096390E-07   0.4358630E-05
     2895.00  0.5710713E-05   0.3115867E-07   0.5741872E-05
     2910.00  0.7883667E-05   0.3146199E-07   0.7915129E-05
     2930.00  0.6731418E-05   0.3188707E-07   0.6763305E-05
     2950.00  0.6129828E-05   0.3233549E-07   0.6162163E-05
     2970.00  0.6381815E-05   0.3280696E-07   0.6414622E-05
     2990.00  0.6508147E-05   0.3330121E-07   0.6541448E-05
     3010.00  0.6459368E-05   0.3381793E-07   0.6493186E-05
     3030.00  0.7037270E-05   0.3435685E-07   0.7071627E-05
     3050.00  0.7378226E-05   0.3491778E-07   0.7413144E-05
     3070.00  0.8156411E-05   0.3550046E-07   0.8191911E-05
     3090.00  0.7798849E-05   0.3610453E-07   0.7834954E-05
     3110.00  0.9319310E-05   0.3672969E-07   0.9356040E-05
     3130.00  0.8521582E-05   0.3702333E-07   0.8558605E-05
     3150.00  0.8435573E-05   0.3768046E-07   0.8473253E-05
     3170.00  0.9404499E-05   0.3835773E-07   0.9442857E-05
     3190.00  0.8037281E-05   0.3905487E-07   0.8076336E-05
     3210.00  0.8993447E-05   0.3977158E-07   0.9033219E-05
     3230.00  0.7404912E-05   0.4050757E-07   0.7445420E-05
     3250.00  0.1085618E-04   0.4126255E-07   0.1089744E-04
     3270.00  0.1283013E-04   0.4203549E-07   0.1287217E-04
     3290.00  0.1249274E-04   0.4282624E-07   0.1253557E-04
     3310.00  0.1156492E-04   0.4363487E-07   0.1160855E-04
     3330.00  0.1200251E-04   0.4446109E-07   0.1204697E-04
     3350.00  0.1157242E-04   0.4530459E-07   0.1161772E-04
     3370.00  0.8361716E-05   0.4616506E-07   0.8407881E-05
     3390.00  0.9680032E-05   0.4704221E-07   0.9727074E-05
     3410.00  0.9936739E-05   0.4793573E-07   0.9984675E-05
     3430.00  0.1051097E-04   0.4537166E-07   0.1055634E-04
     3450.00  0.1113196E-04   0.4620620E-07   0.1117817E-04
     3470.00  0.1162802E-04   0.4705522E-07   0.1167508E-04
     3490.00  0.1319608E-04   0.4791845E-07   0.1324400E-04
     3510.00  0.1409238E-04   0.4879554E-07   0.1414118E-04
     3530.00  0.1253459E-04   0.4968591E-07   0.1258428E-04
     3550.00  0.1467095E-04   0.5058956E-07   0.1472154E-04
     3570.00  0.9753324E-05   0.5150621E-07   0.9804830E-05
     3590.00  0.9856943E-05   0.5243557E-07   0.9909379E-05
     3610.00  0.1268596E-04   0.5337737E-07   0.1273934E-04
     3630.00  0.1336353E-04   0.5433131E-07   0.1341786E-04
     3640.00  0.1398477E-04   0.5481275E-07   0.1403958E-04
     3650.00  0.1597381E-04   0.8394280E-08   0.1598220E-04
     3670.00  0.1698309E-04   0.8322723E-08   0.1699141E-04
     3690.00  0.1521810E-04   0.7573883E-08   0.1522567E-04
     3710.00  0.1611282E-04   0.7492130E-08   0.1612031E-04
     3730.00  0.1054097E-04   0.7413005E-08   0.1054838E-04
     3750.00  0.1209124E-04   0.7336437E-08   0.1209858E-04
     3770.00  0.1572001E-04   0.7262362E-08   0.1572727E-04
     3790.00  0.1615680E-04   0.7190714E-08   0.1616399E-04
     3810.00  0.1513677E-04   0.7121430E-08   0.1514389E-04
     3830.00  0.8310134E-05   0.7054450E-08   0.8317188E-05
     3850.00  0.1168731E-04   0.6989714E-08   0.1169430E-04
     3870.00  0.1140275E-04   0.6927164E-08   0.1140968E-04
     3890.00  0.1467141E-04   0.6866744E-08   0.1467828E-04
     3910.00  0.1783892E-04   0.6808400E-08   0.1784573E-04
     3930.00  0.8397879E-05   0.6752078E-08   0.8404631E-05
     3950.00  0.1511496E-04   0.6697726E-08   0.1512166E-04
     3970.00  0.1029663E-04   0.6645304E-08   0.1030328E-04
     3990.00  0.2285669E-04   0.6594780E-08   0.2286328E-04
     4010.00  0.2512114E-04   0.6546079E-08   0.2512769E-04
     4030.00  0.2496189E-04   0.6499153E-08   0.2496839E-04
     4050.00  0.2377297E-04   0.6453959E-08   0.2377942E-04
     4070.00  0.2239745E-04   0.6410450E-08   0.2240386E-04
     4090.00  0.2763991E-04   0.6368586E-08   0.2764628E-04
     4110.00  0.2614437E-04   0.6328324E-08   0.2615070E-04
     4130.00  0.2535570E-04   0.6289622E-08   0.2536199E-04
     4150.00  0.2484021E-04   0.6252442E-08   0.2484646E-04
     4170.00  0.2514075E-04   0.6216746E-08   0.2514697E-04
     4190.00  0.2445599E-04   0.6182494E-08   0.2446217E-04
     4210.00  0.2489262E-04   0.6149651E-08   0.2489877E-04
     4230.00  0.2371921E-04   0.6118180E-08   0.2372533E-04
     4250.00  0.2506329E-04   0.6088047E-08   0.2506938E-04
     4270.00  0.2337567E-04   0.6059218E-08   0.2338173E-04
     4290.00  0.2165364E-04   0.6031660E-08   0.2165967E-04
     4310.00  0.1837277E-04   0.6005340E-08   0.1837878E-04
     4330.00  0.2765550E-04   0.5980227E-08   0.2766148E-04
     4350.00  0.2741250E-04   0.5956291E-08   0.2741846E-04
     4370.00  0.2990048E-04   0.5933505E-08   0.2990641E-04
     4390.00  0.2629709E-04   0.5911835E-08   0.2630300E-04
     4410.00  0.2815450E-04   0.5891254E-08   0.2816039E-04
     4430.00  0.3053911E-04   0.5871732E-08   0.3054498E-04
     4450.00  0.3069370E-04   0.5853244E-08   0.3069955E-04
     4470.00  0.3288965E-04   0.5835762E-08   0.3289549E-04
     4490.00  0.3373293E-04   0.5819260E-08   0.3373875E-04
     4510.00  0.3853102E-04   0.5803715E-08   0.3853682E-04
     4530.00  0.3352736E-04   0.5789099E-08   0.3353315E-04
     4550.00  0.3515183E-04   0.5775390E-08   0.3515761E-04
     4570.00  0.3802064E-04   0.5762565E-08   0.3802640E-04
     4590.00  0.3593118E-04   0.5750600E-08   0.3593693E-04
     4610.00  0.3688003E-04   0.5739472E-08   0.3688577E-04
     4630.00  0.3598016E-04   0.5729160E-08   0.3598589E-04
     4650.00  0.3660869E-04   0.5719643E-08   0.3661441E-04
     4670.00  0.3823650E-04   0.5710899E-08   0.3824221E-04
     4690.00  0.3769055E-04   0.5702909E-08   0.3769625E-04
     4710.00  0.3643435E-04   0.5695652E-08   0.3644005E-04
     4730.00  0.3773267E-04   0.5689109E-08   0.3773836E-04
     4750.00  0.3913319E-04   0.5683261E-08   0.3913887E-04
     4770.00  0.3863429E-04   0.5678090E-08   0.3863997E-04
     4790.00  0.3868522E-04   0.5673577E-08   0.3869089E-04
     4810.00  0.3848939E-04   0.5669686E-08   0.3849506E-04
     4830.00  0.4000648E-04   0.5666399E-08   0.4001215E-04
     4850.00  0.3764665E-04   0.5663717E-08   0.3765231E-04
     4870.00  0.3444888E-04   0.5661623E-08   0.3445454E-04
     4890.00  0.3836986E-04   0.5660100E-08   0.3837552E-04
     4910.00  0.3828001E-04   0.5659134E-08   0.3828567E-04
     4930.00  0.3752250E-04   0.5658709E-08   0.3752816E-04
     4950.00  0.3937502E-04   0.5658809E-08   0.3938068E-04
     4970.00  0.3870689E-04   0.5659420E-08   0.3871255E-04
     4990.00  0.3590979E-04   0.5660528E-08   0.3591545E-04
     5010.00  0.3381762E-04   0.5662118E-08   0.3382328E-04
     5030.00  0.3607146E-04   0.5664177E-08   0.3607712E-04
     5050.00  0.3598486E-04   0.5666692E-08   0.3599053E-04
     5070.00  0.3775220E-04   0.5669663E-08   0.3775787E-04
     5090.00  0.3548331E-04   0.5673136E-08   0.3548898E-04
     5110.00  0.3656916E-04   0.5677024E-08   0.3657484E-04
     5130.00  0.3514569E-04   0.5681314E-08   0.3515137E-04
     5150.00  0.3362877E-04   0.5685994E-08   0.3363446E-04
     5170.00  0.3066972E-04   0.5691054E-08   0.3067541E-04
     5190.00  0.3187750E-04   0.5696481E-08   0.3188320E-04
     5210.00  0.3493011E-04   0.5702265E-08   0.3493581E-04
     5230.00  0.3752161E-04   0.5708393E-08   0.3752732E-04
     5250.00  0.3915951E-04   0.5714856E-08   0.3916522E-04
     5270.00  0.3444077E-04   0.5721643E-08   0.3444649E-04
     5290.00  0.3971909E-04   0.5728745E-08   0.3972482E-04
     5310.00  0.4240981E-04   0.5736150E-08   0.4241555E-04
     5330.00  0.3692452E-04   0.5743849E-08   0.3693026E-04
     5350.00  0.4066897E-04   0.5751833E-08   0.4067472E-04
     5370.00  0.4039841E-04   0.5760087E-08   0.4040417E-04
     5390.00  0.3942600E-04   0.5768591E-08   0.3943177E-04
     5410.00  0.3880403E-04   0.5777351E-08   0.3880981E-04
     5430.00  0.3949215E-04   0.5786358E-08   0.3949794E-04
     5450.00  0.4084522E-04   0.5795604E-08   0.4085102E-04
     5470.00  0.3979173E-04   0.5805080E-08   0.3979754E-04
     5490.00  0.4031873E-04   0.5814778E-08   0.4032454E-04
     5510.00  0.3963868E-04   0.5824690E-08   0.3964450E-04
     5530.00  0.4113595E-04   0.5834809E-08   0.4114178E-04
     5550.00  0.4160729E-04   0.5845127E-08   0.4161314E-04
     5570.00  0.4059124E-04   0.5855637E-08   0.4059710E-04
     5590.00  0.3963600E-04   0.5866330E-08   0.3964187E-04
     5610.00  0.4120593E-04   0.5877200E-08   0.4121181E-04
     5630.00  0.4079512E-04   0.5888241E-08   0.4080101E-04
     5650.00  0.4138446E-04   0.5899445E-08   0.4139036E-04
     5670.00  0.4021055E-04   0.5910806E-08   0.4021646E-04
     5690.00  0.4160236E-04   0.5922318E-08   0.4160828E-04
     5710.00  0.3996639E-04   0.4193993E-08   0.3997058E-04
     5730.00  0.4362647E-04   0.4194241E-08   0.4363066E-04
     5750.00  0.4190469E-04   0.4194672E-08   0.4190888E-04
     5770.00  0.4238296E-04   0.4195281E-08   0.4238716E-04
     5790.00  0.4051433E-04   0.4196061E-08   0.4051853E-04
     5810.00  0.4239254E-04   0.4197009E-08   0.4239674E-04
     5830.00  0.4370565E-04   0.4198118E-08   0.4370985E-04
     5850.00  0.4226094E-04   0.4199385E-08   0.4226514E-04
     5870.00  0.4235359E-04   0.4200803E-08   0.4235779E-04
     5890.00  0.3842051E-04   0.4202369E-08   0.3842471E-04
     5910.00  0.4169858E-04   0.4204078E-08   0.4170278E-04
     5930.00  0.4181147E-04   0.4205925E-08   0.4181568E-04
     5950.00  0.4178752E-04   0.4207906E-08   0.4179173E-04
     5970.00  0.4256504E-04   0.4210017E-08   0.4256925E-04
     5990.00  0.4178038E-04   0.4212253E-08   0.4178459E-04
     6010.00  0.4115062E-04   0.4214610E-08   0.4115483E-04
     6030.00  0.4227311E-04   0.4217084E-08   0.4227733E-04
     6050.00  0.4312847E-04   0.4219672E-08   0.4313269E-04
     6070.00  0.4291393E-04   0.4222370E-08   0.4291815E-04
     6090.00  0.4130267E-04   0.4225172E-08   0.4130690E-04
     6110.00  0.4153925E-04   0.4228075E-08   0.4154348E-04
     6130.00  0.3907005E-04   0.4231076E-08   0.3907428E-04
     6150.00  0.4015292E-04   0.4234173E-08   0.4015715E-04
     6170.00  0.3813731E-04   0.4237361E-08   0.3814155E-04
     6190.00  0.4059511E-04   0.4240637E-08   0.4059935E-04
     6210.00  0.4021971E-04   0.4243997E-08   0.4022395E-04
     6230.00  0.3890956E-04   0.4247440E-08   0.3891381E-04
     6250.00  0.3759638E-04   0.4250961E-08   0.3760063E-04
     6270.00  0.3943959E-04   0.4254556E-08   0.3944384E-04
     6290.00  0.4020009E-04   0.4258225E-08   0.4020435E-04
     6310.00  0.3908566E-04   0.4261963E-08   0.3908992E-04
     6330.00  0.3971296E-04   0.4265767E-08   0.3971723E-04
     6350.00  0.3987735E-04   0.4269636E-08   0.3988162E-04
     6370.00  0.3968421E-04   0.4273565E-08   0.3968848E-04
     6390.00  0.4041492E-04   0.4277553E-08   0.4041920E-04
     6410.00  0.3949143E-04   0.4281597E-08   0.3949571E-04
     6430.00  0.3990232E-04   0.4285693E-08   0.3990661E-04
     6450.00  0.3969061E-04   0.4289841E-08   0.3969490E-04
     6470.00  0.3954028E-04   0.4294038E-08   0.3954457E-04
     6490.00  0.3872985E-04   0.4298280E-08   0.3873415E-04
     6510.00  0.4010580E-04   0.4302566E-08   0.4011010E-04
     6530.00  0.4009712E-04   0.4306843E-08   0.4010143E-04
     6550.00  0.3906093E-04   0.4311145E-08   0.3906524E-04
     6570.00  0.3679439E-04   0.4315482E-08   0.3679871E-04
     6590.00  0.3935753E-04   0.4319851E-08   0.3936185E-04
     6610.00  0.3979808E-04   0.4324250E-08   0.3980240E-04
     6630.00  0.3940184E-04   0.4328678E-08   0.3940617E-04
     6650.00  0.3933427E-04   0.4312224E-08   0.3933858E-04
     6670.00  0.3842608E-04   0.4316720E-08   0.3843040E-04
     6690.00  0.3914216E-04   0.4321240E-08   0.3914648E-04
     6710.00  0.3751117E-04   0.4325782E-08   0.3751550E-04
     6730.00  0.3860620E-04   0.4330345E-08   0.3861053E-04
     6750.00  0.3790744E-04   0.4334926E-08   0.3791177E-04
     6770.00  0.3810717E-04   0.4339524E-08   0.3811151E-04
     6790.00  0.3768711E-04   0.4344138E-08   0.3769145E-04
     6810.00  0.3782462E-04   0.4348765E-08   0.3782897E-04
     6830.00  0.3831332E-04   0.4353404E-08   0.3831767E-04
     6850.00  0.3723401E-04   0.4358053E-08   0.3723837E-04
     6870.00  0.3789606E-04   0.4362712E-08   0.3790042E-04
     6890.00  0.3850080E-04   0.4367378E-08   0.3850517E-04
     6910.00  0.3839036E-04   0.4372051E-08   0.3839473E-04
     6930.00  0.3812705E-04   0.4376728E-08   0.3813143E-04
     6950.00  0.3808664E-04   0.4381410E-08   0.3809102E-04
     6970.00  0.3861250E-04   0.4386092E-08   0.3861689E-04
     6990.00  0.3848049E-04   0.4390776E-08   0.3848488E-04
     7010.00  0.3783854E-04   0.4395460E-08   0.3784294E-04
     7030.00  0.3854428E-04   0.4400145E-08   0.3854868E-04
     7050.00  0.3854113E-04   0.4404828E-08   0.3854553E-04
     7070.00  0.3731872E-04   0.4409507E-08   0.3732313E-04
     7090.00  0.3620609E-04   0.4414180E-08   0.3621050E-04
     7110.00  0.3550098E-04   0.4418847E-08   0.3550540E-04
     7130.00  0.3471874E-04   0.4423506E-08   0.3472316E-04
     7150.00  0.3462968E-04   0.4428156E-08   0.3463411E-04
     7170.00  0.3506812E-04   0.4432797E-08   0.3507255E-04
     7190.00  0.3406485E-04   0.4437427E-08   0.3406929E-04
     7210.00  0.3501434E-04   0.4442046E-08   0.3501878E-04
     7230.00  0.3577299E-04   0.4446651E-08   0.3577744E-04
     7250.00  0.3600015E-04   0.4451244E-08   0.3600460E-04
     7270.00  0.3618434E-04   0.4455822E-08   0.3618880E-04
     7290.00  0.3565874E-04   0.4460385E-08   0.3566320E-04
     7310.00  0.3673525E-04   0.4464932E-08   0.3673971E-04
     7330.00  0.3686859E-04   0.4469462E-08   0.3687306E-04
     7350.00  0.3744519E-04   0.4473974E-08   0.3744966E-04
     7370.00  0.3854066E-04   0.4478468E-08   0.3854514E-04
     7390.00  0.3767721E-04   0.4482943E-08   0.3768169E-04
     7410.00  0.3779581E-04   0.4487398E-08   0.3780030E-04
     7430.00  0.3894716E-04   0.4491832E-08   0.3895165E-04
     7450.00  0.3895268E-04   0.4489075E-08   0.3895717E-04
     7470.00  0.3981990E-04   0.4493468E-08   0.3982439E-04
     7490.00  0.3975319E-04   0.4497839E-08   0.3975769E-04
     7510.00  0.4017648E-04   0.4502188E-08   0.4018098E-04
     7530.00  0.4091455E-04   0.4506513E-08   0.4091906E-04
     7550.00  0.4127558E-04   0.4510814E-08   0.4128009E-04
     7570.00  0.4111435E-04   0.4515091E-08   0.4111887E-04
     7590.00  0.4007857E-04   0.4519343E-08   0.4008309E-04
     7610.00  0.3903285E-04   0.4523544E-08   0.3903737E-04
     7630.00  0.3792865E-04   0.4527692E-08   0.3793318E-04
     7650.00  0.3684748E-04   0.4531812E-08   0.3685201E-04
     7670.00  0.3502871E-04   0.4535903E-08   0.3503325E-04
     7690.00  0.3591149E-04   0.4539965E-08   0.3591603E-04
     7710.00  0.3522447E-04   0.4543998E-08   0.3522901E-04
     7730.00  0.3524761E-04   0.4548001E-08   0.3525216E-04
     7750.00  0.3495737E-04   0.4551973E-08   0.3496192E-04
     7770.00  0.3562606E-04   0.4555915E-08   0.3563062E-04
     7790.00  0.3577271E-04   0.4559826E-08   0.3577727E-04
     7810.00  0.3575569E-04   0.4563706E-08   0.3576025E-04
     7830.00  0.3549331E-04   0.4567554E-08   0.3549788E-04
     7850.00  0.3508625E-04   0.4571369E-08   0.3509082E-04
     7870.00  0.3573167E-04   0.4477942E-08   0.3573615E-04
     7890.00  0.3529140E-04   0.4481654E-08   0.3529588E-04
     7910.00  0.3441941E-04   0.4485336E-08   0.3442390E-04
     7930.00  0.3458420E-04   0.4488986E-08   0.3458869E-04
     7950.00  0.3437919E-04   0.4492605E-08   0.3438368E-04
     7970.00  0.3554948E-04   0.4496191E-08   0.3555398E-04
     7990.00  0.3562476E-04   0.4499744E-08   0.3562926E-04
     8010.00  0.3604109E-04   0.4503265E-08   0.3604559E-04
     8030.00  0.3619548E-04   0.4506753E-08   0.3619999E-04
     8050.00  0.3623487E-04   0.4510208E-08   0.3623938E-04
     8070.00  0.3691856E-04   0.4513629E-08   0.3692307E-04
     8090.00  0.3664161E-04   0.4517017E-08   0.3664613E-04
     8110.00  0.3711443E-04   0.4520371E-08   0.3711895E-04
     8130.00  0.3842326E-04   0.4523690E-08   0.3842778E-04
     8150.00  0.3905229E-04   0.4526976E-08   0.3905682E-04
     8170.00  0.3945656E-04   0.4530228E-08   0.3946109E-04
     8190.00  0.3856469E-04   0.4533444E-08   0.3856922E-04
     8210.00  0.3728513E-04   0.3936241E-08   0.3728907E-04
     8230.00  0.3736073E-04   0.1593056E-08   0.3736232E-04
     8250.00  0.3724563E-04   0.1591442E-08   0.3724722E-04
     8270.00  0.3760127E-04   0.1589847E-08   0.3760286E-04
     8290.00  0.3716666E-04   0.1564689E-08   0.3716822E-04
     8310.00  0.3584238E-04   0.1563125E-08   0.3584394E-04
     8330.00  0.3566007E-04   0.1561579E-08   0.3566163E-04
     8350.00  0.3560092E-04   0.1560050E-08   0.3560248E-04
     8370.00  0.3587818E-04   0.1558537E-08   0.3587974E-04
     8390.00  0.3476813E-04   0.1557040E-08   0.3476969E-04
     8410.00  0.3590660E-04   0.1555560E-08   0.3590816E-04
     8430.00  0.3417613E-04   0.1554094E-08   0.3417768E-04
     8450.00  0.3315991E-04   0.1552644E-08   0.3316146E-04
     8470.00  0.3326128E-04   0.1551208E-08   0.3326283E-04
     8490.00  0.3373545E-04   0.1549787E-08   0.3373700E-04
     8510.00  0.3225904E-04   0.1548380E-08   0.3226059E-04
     8530.00  0.3379800E-04   0.1546987E-08   0.3379955E-04
     8550.00  0.3236371E-04   0.1545607E-08   0.3236526E-04
     8570.00  0.3466854E-04   0.1544240E-08   0.3467008E-04
     8590.00  0.3419275E-04   0.1542886E-08   0.3419429E-04
     8610.00  0.3472529E-04   0.1541545E-08   0.3472683E-04
     8630.00  0.3544812E-04   0.1540216E-08   0.3544966E-04
     8650.00  0.3579534E-04   0.1538899E-08   0.3579688E-04
     8670.00  0.3341039E-04   0.1537593E-08   0.3341193E-04
     8690.00  0.3507513E-04   0.1536299E-08   0.3507667E-04
     8710.00  0.3621631E-04   0.1535017E-08   0.3621785E-04
     8730.00  0.3656834E-04   0.1533744E-08   0.3656987E-04
     8750.00  0.3631271E-04   0.1532483E-08   0.3631424E-04
     8770.00  0.3701596E-04   0.1531233E-08   0.3701749E-04
     8790.00  0.3755549E-04   0.1529992E-08   0.3755702E-04
     8810.00  0.3683468E-04   0.1528761E-08   0.3683621E-04
     8830.00  0.3732182E-04   0.1527540E-08   0.3732335E-04
     8850.00  0.3690560E-04   0.1526329E-08   0.3690713E-04
     8870.00  0.3521843E-04   0.1525126E-08   0.3521996E-04
     8890.00  0.3556164E-04   0.1523933E-08   0.3556316E-04
     8910.00  0.3605021E-04   0.1522749E-08   0.3605173E-04
     8930.00  0.3534546E-04   0.1521572E-08   0.3534698E-04
     8950.00  0.3548068E-04   0.1520405E-08   0.3548220E-04
     8970.00  0.3564910E-04   0.1519245E-08   0.3565062E-04
     8990.00  0.3576868E-04   0.1518094E-08   0.3577020E-04
     9010.00  0.3476285E-04   0.1516950E-08   0.3476437E-04
     9030.00  0.3620123E-04   0.1515814E-08   0.3620275E-04
     9050.00  0.3744620E-04   0.1514685E-08   0.3744771E-04
     9070.00  0.3762271E-04   0.1513563E-08   0.3762422E-04
     9090.00  0.3697702E-04   0.1512448E-08   0.3697853E-04
     9110.00  0.3750533E-04   0.1511340E-08   0.3750684E-04
     9130.00  0.3814727E-04   0.1510239E-08   0.3814878E-04
     9150.00  0.3785087E-04   0.1509146E-08   0.3785238E-04
     9170.00  0.3784875E-04   0.1508058E-08   0.3785026E-04
     9190.00  0.3828292E-04   0.1506977E-08   0.3828443E-04
     9210.00  0.3676411E-04   0.1505901E-08   0.3676562E-04
     9230.00  0.3569263E-04   0.1504832E-08   0.3569413E-04
     9250.00  0.3557005E-04   0.1503768E-08   0.3557155E-04
     9270.00  0.3585802E-04   0.1502709E-08   0.3585952E-04
     9290.00  0.3525017E-04   0.1501656E-08   0.3525167E-04
     9310.00  0.3544653E-04   0.1500608E-08   0.3544803E-04
     9330.00  0.3560639E-04   0.1499565E-08   0.3560789E-04
     9350.00  0.3540931E-04   0.1498527E-08   0.3541081E-04
     9370.00  0.3476466E-04   0.1497494E-08   0.3476616E-04
     9390.00  0.3549854E-04   0.1496465E-08   0.3550004E-04
     9410.00  0.3481664E-04   0.1495440E-08   0.3481814E-04
     9430.00  0.3578534E-04   0.1494420E-08   0.3578683E-04
     9450.00  0.3524120E-04   0.1493405E-08   0.3524269E-04
     9470.00  0.3614163E-04   0.1492393E-08   0.3614312E-04
     9490.00  0.3616166E-04   0.1491385E-08   0.3616315E-04
     9510.00  0.3540425E-04   0.1490382E-08   0.3540574E-04
     9530.00  0.3571610E-04   0.1489381E-08   0.3571759E-04
     9550.00  0.3514592E-04   0.1488385E-08   0.3514741E-04
     9570.00  0.3550153E-04   0.1487392E-08   0.3550302E-04
     9590.00  0.3618383E-04   0.1486403E-08   0.3618532E-04
     9610.00  0.3572413E-04   0.1485417E-08   0.3572562E-04
     9630.00  0.3596081E-04   0.1484433E-08   0.3596229E-04
     9650.00  0.3536029E-04   0.1483454E-08   0.3536177E-04
     9670.00  0.3537819E-04   0.1482476E-08   0.3537967E-04
     9690.00  0.3588272E-04   0.1481503E-08   0.3588420E-04
     9710.00  0.3526334E-04   0.1480531E-08   0.3526482E-04
     9730.00  0.3485597E-04   0.1479562E-08   0.3485745E-04
     9750.00  0.3474016E-04   0.1478597E-08   0.3474164E-04
     9770.00  0.3485757E-04   0.1477633E-08   0.3485905E-04
     9790.00  0.3442073E-04   0.1476672E-08   0.3442221E-04
     9810.00  0.3518796E-04   0.1475713E-08   0.3518944E-04
     9830.00  0.3482515E-04   0.1474757E-08   0.3482662E-04
     9850.00  0.3505371E-04   0.1473803E-08   0.3505518E-04
     9870.00  0.3477382E-04   0.1472851E-08   0.3477529E-04
     9890.00  0.3474582E-04   0.1471900E-08   0.3474729E-04
     9910.00  0.3468086E-04   0.1470952E-08   0.3468233E-04
     9930.00  0.3481400E-04   0.1470005E-08   0.3481547E-04
     9950.00  0.3484913E-04   0.1469061E-08   0.3485060E-04
     9970.00  0.3486850E-04   0.1468118E-08   0.3486997E-04
     9990.00  0.3473514E-04   0.1467177E-08   0.3473661E-04
    10025.00  0.3470163E-04   0.1465533E-08   0.3470310E-04
    10075.00  0.3424542E-04   0.1463192E-08   0.3424688E-04
    10125.00  0.3455817E-04   0.1460860E-08   0.3455963E-04
    10175.00  0.3414025E-04   0.1458571E-08   0.3414171E-04
    10225.00  0.3418867E-04   0.1456295E-08   0.3419013E-04
    10275.00  0.3421648E-04   0.1454023E-08   0.3421793E-04
    10325.00  0.3373584E-04   0.1451753E-08   0.3373729E-04
    10375.00  0.3346417E-04   0.1449486E-08   0.3346562E-04
    10425.00  0.3354133E-04   0.1447220E-08   0.3354278E-04
    10475.00  0.3308595E-04   0.1444955E-08   0.3308739E-04
    10525.00  0.3287024E-04   0.1442691E-08   0.3287168E-04
    10575.00  0.3228672E-04   0.1440426E-08   0.3228816E-04
    10625.00  0.3200556E-04   0.1438160E-08   0.3200700E-04
    10675.00  0.3160914E-04   0.1435893E-08   0.3161058E-04
    10725.00  0.3171651E-04   0.1433624E-08   0.3171794E-04
    10775.00  0.3139413E-04   0.1431353E-08   0.3139556E-04
    10825.00  0.3092167E-04   0.1429079E-08   0.3092310E-04
    10875.00  0.3075438E-04   0.1426802E-08   0.3075581E-04
    10925.00  0.3066863E-04   0.1424522E-08   0.3067005E-04
    10975.00  0.3022916E-04   0.1422239E-08   0.3023058E-04
    11025.00  0.3003799E-04   0.1419951E-08   0.3003941E-04
    11075.00  0.2963561E-04   0.1417659E-08   0.2963703E-04
    11125.00  0.2950988E-04   0.1415363E-08   0.2951130E-04
    11175.00  0.2924504E-04   0.1246422E-08   0.2924629E-04
    11225.00  0.2922193E-04   0.1244132E-08   0.2922317E-04
    11275.00  0.2885970E-04   0.1241843E-08   0.2886094E-04
    11325.00  0.2876901E-04   0.1239556E-08   0.2877025E-04
    11375.00  0.2856222E-04   0.1237270E-08   0.2856346E-04
    11425.00  0.2826718E-04   0.1234984E-08   0.2826841E-04
    11475.00  0.2846971E-04   0.1232699E-08   0.2847094E-04
    11525.00  0.2834896E-04   0.1230415E-08   0.2835019E-04
    11575.00  0.2799109E-04   0.1228130E-08   0.2799232E-04
    11625.00  0.2761145E-04   0.1225846E-08   0.2761268E-04
    11675.00  0.2755062E-04   0.1223562E-08   0.2755184E-04
    11725.00  0.2760052E-04   0.1221277E-08   0.2760174E-04
    11775.00  0.2708623E-04   0.1218992E-08   0.2708745E-04
    11825.00  0.2680688E-04   0.1216707E-08   0.2680810E-04
    11875.00  0.2640764E-04   0.1214421E-08   0.2640885E-04
    11925.00  0.2670995E-04   0.1212134E-08   0.2671116E-04
    11975.00  0.2590274E-04   0.1209846E-08   0.2590395E-04
    12025.00  0.2628363E-04   0.1207558E-08   0.2628484E-04
    12075.00  0.2602053E-04   0.1205268E-08   0.2602174E-04
    12125.00  0.2601030E-04   0.1202977E-08   0.2601150E-04
    12175.00  0.2601197E-04   0.1200685E-08   0.2601317E-04
    12225.00  0.2581163E-04   0.1198392E-08   0.2581283E-04
    12275.00  0.2559754E-04   0.1196097E-08   0.2559874E-04
    12325.00  0.2541584E-04   0.1193801E-08   0.2541703E-04
    12375.00  0.2531213E-04   0.1191504E-08   0.2531332E-04
    12425.00  0.2501819E-04   0.1189205E-08   0.2501938E-04
    12475.00  0.2492000E-04   0.1186905E-08   0.2492119E-04
    12525.00  0.2466552E-04   0.1183421E-08   0.2466670E-04
    12575.00  0.2455422E-04   0.1181126E-08   0.2455540E-04
    12625.00  0.2439620E-04   0.1178830E-08   0.2439738E-04
    12675.00  0.2417182E-04   0.1176532E-08   0.2417300E-04
    12725.00  0.2415505E-04   0.1174233E-08   0.2415622E-04
    12775.00  0.2412485E-04   0.1171932E-08   0.2412602E-04
    12825.00  0.2334291E-04   0.1169630E-08   0.2334408E-04
    12875.00  0.2366846E-04   0.1167327E-08   0.2366963E-04
    12925.00  0.2339446E-04   0.1165022E-08   0.2339563E-04
    12975.00  0.2357128E-04   0.1162717E-08   0.2357244E-04
    13025.00  0.2326337E-04   0.1160409E-08   0.2326453E-04
    13075.00  0.2329496E-04   0.1158089E-08   0.2329612E-04
    13125.00  0.2284689E-04   0.1155765E-08   0.2284805E-04
    13175.00  0.2272972E-04   0.1153440E-08   0.2273087E-04
    13225.00  0.2269920E-04   0.1151114E-08   0.2270035E-04
    13275.00  0.2230757E-04   0.1148786E-08   0.2230872E-04
    13325.00  0.2235297E-04   0.1146457E-08   0.2235412E-04
    13375.00  0.2210776E-04   0.1144126E-08   0.2210890E-04
    13425.00  0.2213805E-04   0.1141794E-08   0.2213919E-04
    13475.00  0.2192970E-04   0.1139461E-08   0.2193084E-04
    13525.00  0.2179692E-04   0.1137127E-08   0.2179806E-04
    13575.00  0.2142833E-04   0.1134792E-08   0.2142946E-04
    13625.00  0.2134113E-04   0.1131951E-08   0.2134226E-04
    13675.00  0.2142287E-04   0.1129615E-08   0.2142400E-04
    13725.00  0.2149247E-04   0.1127279E-08   0.2149360E-04
    13775.00  0.2141665E-04   0.1124942E-08   0.2141777E-04
    13825.00  0.2141562E-04   0.1122604E-08   0.2141674E-04
    13875.00  0.2119568E-04   0.1120266E-08   0.2119680E-04
    13925.00  0.2016256E-04   0.1117927E-08   0.2016368E-04
    13975.00  0.2003866E-04   0.1115588E-08   0.2003978E-04
    14025.00  0.1981567E-04   0.1113248E-08   0.1981678E-04
    14075.00  0.1998329E-04   0.1110908E-08   0.1998440E-04
    14125.00  0.1978049E-04   0.1101018E-08   0.1978159E-04
    14175.00  0.1995927E-04   0.1098710E-08   0.1996037E-04
    14225.00  0.1971549E-04   0.1096401E-08   0.1971659E-04
    14275.00  0.1946487E-04   0.1094093E-08   0.1946596E-04
    14325.00  0.1983459E-04   0.1091784E-08   0.1983568E-04
    14375.00  0.1991247E-04   0.1089476E-08   0.1991356E-04
    14425.00  0.1947089E-04   0.1087168E-08   0.1947198E-04
    14475.00  0.1983862E-04   0.1084859E-08   0.1983970E-04
    14525.00  0.1963316E-04   0.1082551E-08   0.1963424E-04
    14570.00  0.1974921E-04   0.1080475E-08   0.1975029E-04
    14620.00  0.1924948E-04   0.6733875E-09   0.1925015E-04
    14675.00  0.1916313E-04   0.6716307E-09   0.1916380E-04
    14725.00  0.1896937E-04   0.6679737E-09   0.1897004E-04
    14775.00  0.1911519E-04   0.6663923E-09   0.1911586E-04
    14825.00  0.1918681E-04   0.6648155E-09   0.1918747E-04
    14875.00  0.1902852E-04   0.6632431E-09   0.1902918E-04
    14925.00  0.1946781E-04   0.6616750E-09   0.1946847E-04
    14975.00  0.1930873E-04   0.6601114E-09   0.1930939E-04
    15025.00  0.1910974E-04   0.6585520E-09   0.1911040E-04
    15075.00  0.1912083E-04   0.6569970E-09   0.1912149E-04
    15125.00  0.1945847E-04   0.6554463E-09   0.1945913E-04
    15175.00  0.1952728E-04   0.6538997E-09   0.1952793E-04
    15225.00  0.1950255E-04   0.6523579E-09   0.1950320E-04
    15275.00  0.1965760E-04   0.6508206E-09   0.1965825E-04
    15325.00  0.1957745E-04   0.6492875E-09   0.1957810E-04
    15375.00  0.1952035E-04   0.6477585E-09   0.1952100E-04
    15425.00  0.1940104E-04   0.6462336E-09   0.1940169E-04
    15475.00  0.1943395E-04   0.6447126E-09   0.1943459E-04
    15525.00  0.1928663E-04   0.6431957E-09   0.1928727E-04
    15575.00  0.1876773E-04   0.6416828E-09   0.1876837E-04
    15625.00  0.1893040E-04   0.6401739E-09   0.1893104E-04
    15675.00  0.1886549E-04   0.6386689E-09   0.1886613E-04
    15725.00  0.1928230E-04   0.6371678E-09   0.1928294E-04
    15775.00  0.1813802E-04   0.6356707E-09   0.1813866E-04
    15825.00  0.1817225E-04   0.6341774E-09   0.1817288E-04
    15875.00  0.1816923E-04   0.6326881E-09   0.1816986E-04
    15925.00  0.1873848E-04   0.6312026E-09   0.1873911E-04
    15975.00  0.1833297E-04   0.6297209E-09   0.1833360E-04
    16050.00  0.1862281E-04   0.6275057E-09   0.1862344E-04
    16150.00  0.1890384E-04   0.6245653E-09   0.1890446E-04
    16250.00  0.1840766E-04   0.6216401E-09   0.1840828E-04
    16350.00  0.1880981E-04   0.6187299E-09   0.1881043E-04
    16450.00  0.1822695E-04   0.6158347E-09   0.1822757E-04
    16550.00  0.1847383E-04   0.6129543E-09   0.1847444E-04
    16650.00  0.1817256E-04   0.6100887E-09   0.1817317E-04
    16750.00  0.1795197E-04   0.6072379E-09   0.1795258E-04
    16850.00  0.1766646E-04   0.6044016E-09   0.1766706E-04
    16950.00  0.1763603E-04   0.6015800E-09   0.1763663E-04
    17050.00  0.1727329E-04   0.5987729E-09   0.1727389E-04
    17150.00  0.1700477E-04   0.5959802E-09   0.1700537E-04
    17250.00  0.1660252E-04   0.5932019E-09   0.1660311E-04
    17350.00  0.1615737E-04   0.5904380E-09   0.1615796E-04
    17450.00  0.1590468E-04   0.5876884E-09   0.1590527E-04
    17550.00  0.1561722E-04   0.5849530E-09   0.1561780E-04
    17650.00  0.1527874E-04   0.5822318E-09   0.1527932E-04
    17750.00  0.1489098E-04   0.5795248E-09   0.1489156E-04
    17850.00  0.1465582E-04   0.5768319E-09   0.1465640E-04
    17950.00  0.1426282E-04   0.5741531E-09   0.1426339E-04
    18050.00  0.1390796E-04   0.5714883E-09   0.1390853E-04
    18150.00  0.1363630E-04   0.5688375E-09   0.1363687E-04
    18250.00  0.1343790E-04   0.5662017E-09   0.1343847E-04
    18350.00  0.1323164E-04   0.5635884E-09   0.1323220E-04
    18450.00  0.1295058E-04   0.5609883E-09   0.1295114E-04
    18550.00  0.1280911E-04   0.5295276E-09   0.1280964E-04
    18650.00  0.1245629E-04   0.5270788E-09   0.1245682E-04
    18750.00  0.1217659E-04   0.5246429E-09   0.1217711E-04
    18850.00  0.1212853E-04   0.5222198E-09   0.1212905E-04
    18950.00  0.1169521E-04   0.5198097E-09   0.1169573E-04
    19050.00  0.1178901E-04   0.5174123E-09   0.1178953E-04
    19150.00  0.1156321E-04   0.5150277E-09   0.1156373E-04
    19250.00  0.1140015E-04   0.5126559E-09   0.1140066E-04
    19350.00  0.1111221E-04   0.5102969E-09   0.1111272E-04
    19450.00  0.1084094E-04   0.5079505E-09   0.1084145E-04
    19550.00  0.1079387E-04   0.5056168E-09   0.1079438E-04
    19650.00  0.1057262E-04   0.5032957E-09   0.1057312E-04
    19750.00  0.1032022E-04   0.5009871E-09   0.1032072E-04
    19850.00  0.1018651E-04   0.4986912E-09   0.1018701E-04
    19950.00  0.1005255E-04   0.4964078E-09   0.1005305E-04
    20050.00  0.9986533E-05   0.4941369E-09   0.9987027E-05
    20150.00  0.9855598E-05   0.4918784E-09   0.9856090E-05
    20250.00  0.9617481E-05   0.4894962E-09   0.9617970E-05
    20350.00  0.9506169E-05   0.4872635E-09   0.9506656E-05
    20450.00  0.9495227E-05   0.4850431E-09   0.9495712E-05
    20550.00  0.9355556E-05   0.4828350E-09   0.9356039E-05
    20650.00  0.9214851E-05   0.4806391E-09   0.9215332E-05
    20750.00  0.9129035E-05   0.4784555E-09   0.9129513E-05
    20850.00  0.9008091E-05   0.4762840E-09   0.9008567E-05
    20950.00  0.8861867E-05   0.4741248E-09   0.8862341E-05
    21050.00  0.8833259E-05   0.4719775E-09   0.8833731E-05
    21150.00  0.8696878E-05   0.4698424E-09   0.8697348E-05
    21250.00  0.8580835E-05   0.4677192E-09   0.8581303E-05
    21350.00  0.8526487E-05   0.4656081E-09   0.8526953E-05
    21450.00  0.8412558E-05   0.4635088E-09   0.8413022E-05
    21550.00  0.8297271E-05   0.4613586E-09   0.8297732E-05
    21650.00  0.8133916E-05   0.4592836E-09   0.8134375E-05
    21750.00  0.8035968E-05   0.4572205E-09   0.8036425E-05
    21850.00  0.7948693E-05   0.4551690E-09   0.7949148E-05
    21950.00  0.7863914E-05   0.4531292E-09   0.7864367E-05
    22050.00  0.7682825E-05   0.4511010E-09   0.7683276E-05
    22150.00  0.7665379E-05   0.4490844E-09   0.7665828E-05
    22250.00  0.7485341E-05   0.4460296E-09   0.7485787E-05
    22350.00  0.7397739E-05   0.4440450E-09   0.7398183E-05
    22450.00  0.7299466E-05   0.4420717E-09   0.7299908E-05
    22550.00  0.7216211E-05   0.4401097E-09   0.7216651E-05
    22650.00  0.7066957E-05   0.4381589E-09   0.7067395E-05
    22750.00  0.7026701E-05   0.4362193E-09   0.7027137E-05
    22850.00  0.6881317E-05   0.3476897E-09   0.6881665E-05
    22950.00  0.5807745E-05   0.3458615E-09   0.5808091E-05
    23050.00  0.6175201E-05   0.3443559E-09   0.6175545E-05
    23150.00  0.6137301E-05   0.3428594E-09   0.6137644E-05
    23250.00  0.5271465E-05   0.3413719E-09   0.5271806E-05
    23350.00  0.5661572E-05   0.3398933E-09   0.5661912E-05
    23450.00  0.5422135E-05   0.3384236E-09   0.5422473E-05
    23550.00  0.4847209E-05   0.3369628E-09   0.4847546E-05
    23650.00  0.5236638E-05   0.3355107E-09   0.5236974E-05
    23750.00  0.5007868E-05   0.3340673E-09   0.5008202E-05
    23850.00  0.4579752E-05   0.3326326E-09   0.4580085E-05
    23950.00  0.4856266E-05   0.3312065E-09   0.4856597E-05
    24050.00  0.4753534E-05   0.3297889E-09   0.4753864E-05
    24150.00  0.4364930E-05   0.3283798E-09   0.4365258E-05
    24250.00  0.4526521E-05   0.3269792E-09   0.4526848E-05
    24350.00  0.4415708E-05   0.3255869E-09   0.4416034E-05
    24450.00  0.4182501E-05   0.3242029E-09   0.4182825E-05
    24550.00  0.4118372E-05   0.3228272E-09   0.4118695E-05
    24650.00  0.4147140E-05   0.3214597E-09   0.4147461E-05
    24750.00  0.3986392E-05   0.3201004E-09   0.3986712E-05
    24850.00  0.3589729E-05   0.3187492E-09   0.3590048E-05
    24950.00  0.3525792E-05   0.3174061E-09   0.3526109E-05
    25050.00  0.3594001E-05   0.3160709E-09   0.3594317E-05
    25150.00  0.3357430E-05   0.3147437E-09   0.3357745E-05
    25250.00  0.3460143E-05   0.3134244E-09   0.3460456E-05
    25350.00  0.3456510E-05   0.3121129E-09   0.3456822E-05
    25450.00  0.3391288E-05   0.3108092E-09   0.3391599E-05
    25550.00  0.3365330E-05   0.3095132E-09   0.3365640E-05
    25650.00  0.3391016E-05   0.3082250E-09   0.3391324E-05
    25750.00  0.3421990E-05   0.3069444E-09   0.3422297E-05
    25850.00  0.3296839E-05   0.3056713E-09   0.3297145E-05
    25950.00  0.3330037E-05   0.3044058E-09   0.3330341E-05
    26050.00  0.3345943E-05   0.3031478E-09   0.3346246E-05
    26150.00  0.3282123E-05   0.3018972E-09   0.3282425E-05
    26250.00  0.3225487E-05   0.3006540E-09   0.3225788E-05
    26350.00  0.3240230E-05   0.2994182E-09   0.3240529E-05
    26450.00  0.3211324E-05   0.2981896E-09   0.3211622E-05
    26550.00  0.3165476E-05   0.2969683E-09   0.3165773E-05
    26650.00  0.3109804E-05   0.2957541E-09   0.3110100E-05
    26750.00  0.3156141E-05   0.2945471E-09   0.3156436E-05
    26850.00  0.3119093E-05   0.2933472E-09   0.3119386E-05
    26950.00  0.3049399E-05   0.2921544E-09   0.3049691E-05
    27050.00  0.3056364E-05   0.2909685E-09   0.3056655E-05
    27150.00  0.3026926E-05   0.2897896E-09   0.3027216E-05
    27250.00  0.3011424E-05   0.2886177E-09   0.3011713E-05
    27350.00  0.2948889E-05   0.2874525E-09   0.2949176E-05
    27450.00  0.2949237E-05   0.2862942E-09   0.2949523E-05
    27550.00  0.2931933E-05   0.2851427E-09   0.2932218E-05
    27650.00  0.2889317E-05   0.2768707E-09   0.2889594E-05
    27750.00  0.2844533E-05   0.2757633E-09   0.2844809E-05
    27850.00  0.2838052E-05   0.2746623E-09   0.2838327E-05
    27950.00  0.2828060E-05   0.2735678E-09   0.2828334E-05
    28050.00  0.2795477E-05   0.2724796E-09   0.2795749E-05
    28150.00  0.2754632E-05   0.2713978E-09   0.2754903E-05
    28250.00  0.2737260E-05   0.2703222E-09   0.2737530E-05
    28350.00  0.2723952E-05   0.2692529E-09   0.2724221E-05
    28450.00  0.2689734E-05   0.2681899E-09   0.2690002E-05
    28550.00  0.2661952E-05   0.2671329E-09   0.2662219E-05
    28650.00  0.2637031E-05   0.2660821E-09   0.2637297E-05
    28750.00  0.2611103E-05   0.2650374E-09   0.2611368E-05
    28850.00  0.2588426E-05   0.2639987E-09   0.2588690E-05
    28950.00  0.2564830E-05   0.2629660E-09   0.2565093E-05
    29050.00  0.2537343E-05   0.2619392E-09   0.2537605E-05
    29150.00  0.2516450E-05   0.2609184E-09   0.2516711E-05
    29250.00  0.2473895E-05   0.2599034E-09   0.2474155E-05
    29350.00  0.2468134E-05   0.2588943E-09   0.2468393E-05
    29450.00  0.2436666E-05   0.2578910E-09   0.2436924E-05
    29550.00  0.2414083E-05   0.2568934E-09   0.2414340E-05
    29650.00  0.2397059E-05   0.2559015E-09   0.2397315E-05
    29750.00  0.2373997E-05   0.2548895E-09   0.2374252E-05
    29850.00  0.2346182E-05   0.2539091E-09   0.2346436E-05
    29950.00  0.2321460E-05   0.2529343E-09   0.2321713E-05
    30050.00  0.2300244E-05   0.2519650E-09   0.2300496E-05
    30150.00  0.2287971E-05   0.2510012E-09   0.2288222E-05
    30250.00  0.2263555E-05   0.2500429E-09   0.2263805E-05
    30350.00  0.2238643E-05   0.2490901E-09   0.2238892E-05
    30450.00  0.2231054E-05   0.2481426E-09   0.2231302E-05
    30550.00  0.2210510E-05   0.2472006E-09   0.2210757E-05
    30650.00  0.2191930E-05   0.2462638E-09   0.2192176E-05
    30750.00  0.2179552E-05   0.2453324E-09   0.2179797E-05
    30850.00  0.2154772E-05   0.2444062E-09   0.2155016E-05
    30950.00  0.2142174E-05   0.2434853E-09   0.2142417E-05
    31050.00  0.2131590E-05   0.2425695E-09   0.2131833E-05
    31150.00  0.2100600E-05   0.2416589E-09   0.2100842E-05
    31250.00  0.2092756E-05   0.2407535E-09   0.2092997E-05
    31350.00  0.2076299E-05   0.2398403E-09   0.2076539E-05
    31450.00  0.2058333E-05   0.2389449E-09   0.2058572E-05
    31550.00  0.2037499E-05   0.2380545E-09   0.2037737E-05
    31650.00  0.2017942E-05   0.2371691E-09   0.2018179E-05
    31750.00  0.2006641E-05   0.2362886E-09   0.2006877E-05
    31850.00  0.1990511E-05   0.2354130E-09   0.1990746E-05
    31950.00  0.1977743E-05   0.2345424E-09   0.1977978E-05
    32100.00  0.1950757E-05   0.2330325E-09   0.1950990E-05
    32300.00  0.1917089E-05   0.2313232E-09   0.1917320E-05
    32500.00  0.1885727E-05   0.2296328E-09   0.1885957E-05
    32700.00  0.1852138E-05   0.2279610E-09   0.1852366E-05
    32900.00  0.1815680E-05   0.2018471E-09   0.1815882E-05
    33100.00  0.1786870E-05   0.2003425E-09   0.1787070E-05
    33300.00  0.1753049E-05   0.1989194E-09   0.1753248E-05
    33500.00  0.1725777E-05   0.1975118E-09   0.1725975E-05
    33700.00  0.1692735E-05   0.1961194E-09   0.1692931E-05
    33900.00  0.1658559E-05   0.1947422E-09   0.1658754E-05
    34100.00  0.1625578E-05   0.1933798E-09   0.1625771E-05
    34300.00  0.1598730E-05   0.1920322E-09   0.1598922E-05
    34500.00  0.1569252E-05   0.1906989E-09   0.1569443E-05
    34700.00  0.1537805E-05   0.1893800E-09   0.1537994E-05
    34900.00  0.1509230E-05   0.1880752E-09   0.1509418E-05
    35100.00  0.1481283E-05   0.1867842E-09   0.1481470E-05
    35300.00  0.1449645E-05   0.1855069E-09   0.1449831E-05
    35500.00  0.1423776E-05   0.1842432E-09   0.1423960E-05
    35700.00  0.1395421E-05   0.1829928E-09   0.1395604E-05
    35900.00  0.1368610E-05   0.1817556E-09   0.1368792E-05
    36100.00  0.1345087E-05   0.1805314E-09   0.1345268E-05
    36300.00  0.1318611E-05   0.1793199E-09   0.1318790E-05
    36500.00  0.1290615E-05   0.1781212E-09   0.1290793E-05
    36700.00  0.1265039E-05   0.1769348E-09   0.1265216E-05
    36900.00  0.1236383E-05   0.1757608E-09   0.1236559E-05
    37100.00  0.1210886E-05   0.1745990E-09   0.1211061E-05
    37300.00  0.1192660E-05   0.1734491E-09   0.1192833E-05
    37500.00  0.1163369E-05   0.1723111E-09   0.1163541E-05
    37700.00  0.1147176E-05   0.1711847E-09   0.1147347E-05
    37900.00  0.1124178E-05   0.1700698E-09   0.1124348E-05
    38100.00  0.1104178E-05   0.1689663E-09   0.1104347E-05
    38300.00  0.1085116E-05   0.1678741E-09   0.1085284E-05
    38500.00  0.1065111E-05   0.1667928E-09   0.1065278E-05
    38700.00  0.1041311E-05   0.1635098E-09   0.1041475E-05
    38900.00  0.1022607E-05   0.1624666E-09   0.1022769E-05
    39100.00  0.1004868E-05   0.1614339E-09   0.1005029E-05
    39300.00  0.9857968E-06   0.1604115E-09   0.9859572E-06
    39500.00  0.9633781E-06   0.1593993E-09   0.9635375E-06
    39700.00  0.9462480E-06   0.1583971E-09   0.9464064E-06
    39900.00  0.9242845E-06   0.1574050E-09   0.9244419E-06
    40100.00  0.9100131E-06   0.1564226E-09   0.9101695E-06
    40300.00  0.8950867E-06   0.1554499E-09   0.8952421E-06
    40500.00  0.8759977E-06   0.1544868E-09   0.8761522E-06
    40700.00  0.8608932E-06   0.1535331E-09   0.8610467E-06
    40900.00  0.8460912E-06   0.1525887E-09   0.8462438E-06
    41100.00  0.8315352E-06   0.1516479E-09   0.8316868E-06
    41300.00  0.8177408E-06   0.1507219E-09   0.8178915E-06
    41500.00  0.8023957E-06   0.1498049E-09   0.8025455E-06
    41700.00  0.7883789E-06   0.1488967E-09   0.7885278E-06
    41900.00  0.7737144E-06   0.1479973E-09   0.7738624E-06
    42100.00  0.7589466E-06   0.1471066E-09   0.7590937E-06
    42300.00  0.7496599E-06   0.1462244E-09   0.7498061E-06
    42500.00  0.7347245E-06   0.1453505E-09   0.7348699E-06
    42700.00  0.7237910E-06   0.1444850E-09   0.7239355E-06
    42900.00  0.6864861E-06   0.1436278E-09   0.6866297E-06
    43100.00  0.6481143E-06   0.1427751E-09   0.6482571E-06
    43300.00  0.6480425E-06   0.1419339E-09   0.6481844E-06
    43500.00  0.6176382E-06   0.1411006E-09   0.6177793E-06
    43700.00  0.6008749E-06   0.1402751E-09   0.6010152E-06
    43900.00  0.5881259E-06   0.1394020E-09   0.5882653E-06
    44100.00  0.5639081E-06   0.1385925E-09   0.5640467E-06
    44300.00  0.5561503E-06   0.1377904E-09   0.5562881E-06
    44500.00  0.5465025E-06   0.1369958E-09   0.5466395E-06
    44700.00  0.5265716E-06   0.1343126E-09   0.5267059E-06
    44900.00  0.5258588E-06   0.1270724E-09   0.5259859E-06
    45100.00  0.5133705E-06   0.1263554E-09   0.5134969E-06
    45300.00  0.4995347E-06   0.1256450E-09   0.4996603E-06
    45500.00  0.4973134E-06   0.1249410E-09   0.4974383E-06
    45700.00  0.4906850E-06   0.1242433E-09   0.4908092E-06
    45900.00  0.4754356E-06   0.1235520E-09   0.4755592E-06
    46100.00  0.4759554E-06   0.1228669E-09   0.4760783E-06
    46300.00  0.4665754E-06   0.1221880E-09   0.4666976E-06
    46500.00  0.4610755E-06   0.1215151E-09   0.4611970E-06
    46700.00  0.4580080E-06   0.1208483E-09   0.4581288E-06
    46900.00  0.4495565E-06   0.1201874E-09   0.4496767E-06
    47100.00  0.4412249E-06   0.1195324E-09   0.4413444E-06
    47300.00  0.4412451E-06   0.1188831E-09   0.4413640E-06
    47500.00  0.4319682E-06   0.1182396E-09   0.4320864E-06
    47700.00  0.4258627E-06   0.1176018E-09   0.4259803E-06
    47900.00  0.4216906E-06   0.1169695E-09   0.4218076E-06
    48100.00  0.4116467E-06   0.1163428E-09   0.4117630E-06
    48300.00  0.4125097E-06   0.1157216E-09   0.4126254E-06
    48500.00  0.4049012E-06   0.1151057E-09   0.4050163E-06
    48700.00  0.3972533E-06   0.1144952E-09   0.3973678E-06
    48900.00  0.3918234E-06   0.1138900E-09   0.3919373E-06
    49100.00  0.3868682E-06   0.1132900E-09   0.3869815E-06
    49300.00  0.3812016E-06   0.1126952E-09   0.3813143E-06
    49500.00  0.3744942E-06   0.1121054E-09   0.3746063E-06
    49700.00  0.3721668E-06   0.1115207E-09   0.3722783E-06
    49900.00  0.3663198E-06   0.1109410E-09   0.3664307E-06
    50100.00  0.3620101E-06   0.1103662E-09   0.3621205E-06
    50300.00  0.3570732E-06   0.1097963E-09   0.3571830E-06
    50500.00  0.3500377E-06   0.1092312E-09   0.3501469E-06
    50700.00  0.3472076E-06   0.1086709E-09   0.3473163E-06
    50900.00  0.3423070E-06   0.1081153E-09   0.3424151E-06
    51100.00  0.3365617E-06   0.1075643E-09   0.3366693E-06
    51300.00  0.3341339E-06   0.1070179E-09   0.3342409E-06
    51500.00  0.3282361E-06   0.1056620E-09   0.3283418E-06
    51700.00  0.3264354E-06   0.1051297E-09   0.3265405E-06
    51900.00  0.3209112E-06   0.1046017E-09   0.3210158E-06
    52100.00  0.3174814E-06   0.1040781E-09   0.3175855E-06
    52300.00  0.3118343E-06   0.1035588E-09   0.3119379E-06
    52500.00  0.3093082E-06   0.1030438E-09   0.3094112E-06
    52700.00  0.3078587E-06   0.1025330E-09   0.3079612E-06
    52900.00  0.3009059E-06   0.1020264E-09   0.3010079E-06
    53100.00  0.2967637E-06   0.1015239E-09   0.2968652E-06
    53300.00  0.2944621E-06   0.1010254E-09   0.2945631E-06
    53500.00  0.2906934E-06   0.1005310E-09   0.2907939E-06
    53700.00  0.2875707E-06   0.1000406E-09   0.2876707E-06
    53900.00  0.2841903E-06   0.9955416E-10   0.2842899E-06
    54100.00  0.2808699E-06   0.9907160E-10   0.2809690E-06
    54300.00  0.2758156E-06   0.9859069E-10   0.2759142E-06
    54500.00  0.2744771E-06   0.9811587E-10   0.2745752E-06
    54700.00  0.2697317E-06   0.9764482E-10   0.2698293E-06
    54900.00  0.2671737E-06   0.9717751E-10   0.2672709E-06
    55100.00  0.2634301E-06   0.9671390E-10   0.2635268E-06
    55300.00  0.2641137E-06   0.9625395E-10   0.2642100E-06
    55500.00  0.2570422E-06   0.9579762E-10   0.2571380E-06
    55700.00  0.2564965E-06   0.9534487E-10   0.2565918E-06
    55900.00  0.2521786E-06   0.9489566E-10   0.2522735E-06
    56100.00  0.2504306E-06   0.9444996E-10   0.2505250E-06
    56300.00  0.2457097E-06   0.9400773E-10   0.2458037E-06
    56500.00  0.2445322E-06   0.9356777E-10   0.2446258E-06
    56700.00  0.2416139E-06   0.9313223E-10   0.2417070E-06
    56900.00  0.2372652E-06   0.9270005E-10   0.2373579E-06
    57100.00  0.2364183E-06   0.9227121E-10   0.2365106E-06
    57300.00  0.2334458E-06   0.9184566E-10   0.2335376E-06
    57500.00  0.2306890E-06   0.9140630E-10   0.2307804E-06
    57700.00  0.2276411E-06   0.9098757E-10   0.2277321E-06
    57900.00  0.2260861E-06   0.9057204E-10   0.2261767E-06
    58100.00  0.2225433E-06   0.9015966E-10   0.2226335E-06
    58300.00  0.2202391E-06   0.8975041E-10   0.2203289E-06
    58500.00  0.2177758E-06   0.8603427E-10   0.2178618E-06
    58700.00  0.2143753E-06   0.8564416E-10   0.2144609E-06
    58900.00  0.2121887E-06   0.8526229E-10   0.2122740E-06
    59100.00  0.2099276E-06   0.8488326E-10   0.2100125E-06
    59300.00  0.2078121E-06   0.8450705E-10   0.2078966E-06
    59500.00  0.2048406E-06   0.8413363E-10   0.2049247E-06
    59700.00  0.2031765E-06   0.8376298E-10   0.2032603E-06
    59900.00  0.2008413E-06   0.8339507E-10   0.2009247E-06
    60100.00  0.1984892E-06   0.8302987E-10   0.1985722E-06
    60300.00  0.1961847E-06   0.8266735E-10   0.1962674E-06
    60500.00  0.1933323E-06   0.8230748E-10   0.1934146E-06
    60700.00  0.1912217E-06   0.8195024E-10   0.1913037E-06
    60900.00  0.1889471E-06   0.8159561E-10   0.1890287E-06
    61100.00  0.1865122E-06   0.8124355E-10   0.1865934E-06
    61300.00  0.1848128E-06   0.8089405E-10   0.1848937E-06
    61500.00  0.1828899E-06   0.8054707E-10   0.1829704E-06
    61700.00  0.1811415E-06   0.8020260E-10   0.1812217E-06
    61900.00  0.1789413E-06   0.7986060E-10   0.1790212E-06
    62100.00  0.1771133E-06   0.7952105E-10   0.1771928E-06
    62300.00  0.1747005E-06   0.7918394E-10   0.1747797E-06
    62500.00  0.1723619E-06   0.7884922E-10   0.1724407E-06
    62700.00  0.1704434E-06   0.7851690E-10   0.1705219E-06
    62900.00  0.1686912E-06   0.7818693E-10   0.1687694E-06
    63100.00  0.1666407E-06   0.7785929E-10   0.1667186E-06
    63300.00  0.1652659E-06   0.7753398E-10   0.1653434E-06
    63500.00  0.1631153E-06   0.7721095E-10   0.1631925E-06
    63700.00  0.1617230E-06   0.7689019E-10   0.1617999E-06
    63900.00  0.1595416E-06   0.7657168E-10   0.1596182E-06
    64200.00  0.1569423E-06   0.7609808E-10   0.1570184E-06
    64600.00  0.1532702E-06   0.7547429E-10   0.1533457E-06
    65000.00  0.1499118E-06   0.7485911E-10   0.1499867E-06
    65400.00  0.1465560E-06   0.7425238E-10   0.1466303E-06
    65800.00  0.1434871E-06   0.7365395E-10   0.1435608E-06
    66200.00  0.1402140E-06   0.7272462E-10   0.1402867E-06
    66600.00  0.1371786E-06   0.7214569E-10   0.1372507E-06
    67000.00  0.1342183E-06   0.7157456E-10   0.1342899E-06
    67400.00  0.1311906E-06   0.7101108E-10   0.1312616E-06
    67800.00  0.1283731E-06   0.7045510E-10   0.1284436E-06
    68200.00  0.1255651E-06   0.6990650E-10   0.1256350E-06
    68600.00  0.1229411E-06   0.6936514E-10   0.1230105E-06
    69000.00  0.1202478E-06   0.6883088E-10   0.1203166E-06
    69400.00  0.1176867E-06   0.6830328E-10   0.1177550E-06
    69800.00  0.1152001E-06   0.6778285E-10   0.1152679E-06
    70200.00  0.1126823E-06   0.6726916E-10   0.1127496E-06
    70600.00  0.1103811E-06   0.6676208E-10   0.1104479E-06
    71000.00  0.1080364E-06   0.6626150E-10   0.1081027E-06
    71400.00  0.1057993E-06   0.6576730E-10   0.1058651E-06
    71800.00  0.1035632E-06   0.6527916E-10   0.1036285E-06
    72200.00  0.1014379E-06   0.6479739E-10   0.1015027E-06
    72600.00  0.9931657E-07   0.6432168E-10   0.9938089E-07
    73000.00  0.9728120E-07   0.6384587E-10   0.9734505E-07
    73400.00  0.9526140E-07   0.6338201E-10   0.9532478E-07
    73800.00  0.9334341E-07   0.6292389E-10   0.9340633E-07
    74200.00  0.9137350E-07   0.6101771E-10   0.9143452E-07
    74600.00  0.8950492E-07   0.6058408E-10   0.8956550E-07
    75000.00  0.8774154E-07   0.6015575E-10   0.8780170E-07
    75400.00  0.8595720E-07   0.5973260E-10   0.8601693E-07
    75800.00  0.8431721E-07   0.5931457E-10   0.8437652E-07
    76200.00  0.8264434E-07   0.5890157E-10   0.8270324E-07
    76600.00  0.8101504E-07   0.5849351E-10   0.8107353E-07
    77000.00  0.7940309E-07   0.5809031E-10   0.7946118E-07
    77400.00  0.7786171E-07   0.5769189E-10   0.7791940E-07
    77800.00  0.7635238E-07   0.5729817E-10   0.7640968E-07
    78200.00  0.7486776E-07   0.5690908E-10   0.7492467E-07
    78600.00  0.7343346E-07   0.5652454E-10   0.7348998E-07
    79000.00  0.7201596E-07   0.5614449E-10   0.7207210E-07
    79400.00  0.7064272E-07   0.5576884E-10   0.7069849E-07
    79800.00  0.6929908E-07   0.5539752E-10   0.6935448E-07
    80200.00  0.6795147E-07   0.5503047E-10   0.6800650E-07
    80600.00  0.6666724E-07   0.5466763E-10   0.6672191E-07
    81000.00  0.6544850E-07   0.5430891E-10   0.6550281E-07
    81400.00  0.6420697E-07   0.5395427E-10   0.6426092E-07
    81800.00  0.6303444E-07   0.5360363E-10   0.6308804E-07
    82200.00  0.6186705E-07   0.5325693E-10   0.6192031E-07
    82600.00  0.6072099E-07   0.5275769E-10   0.6077375E-07
    83000.00  0.5961116E-07   0.5242000E-10   0.5966358E-07
    83400.00  0.5850886E-07   0.5208606E-10   0.5856095E-07
    83800.00  0.5744131E-07   0.5175581E-10   0.5749307E-07
    84200.00  0.5642167E-07   0.5142919E-10   0.5647310E-07
    84600.00  0.5539429E-07   0.5110614E-10   0.5544540E-07
    85000.00  0.5440799E-07   0.5078662E-10   0.5445878E-07
    85400.00  0.5343320E-07   0.5047057E-10   0.5348367E-07
    85800.00  0.5248859E-07   0.5015794E-10   0.5253875E-07
    86200.00  0.5157203E-07   0.4984845E-10   0.5162188E-07
    86600.00  0.5066058E-07   0.4954251E-10   0.5071012E-07
    87000.00  0.4977091E-07   0.4923983E-10   0.4982015E-07
    87400.00  0.4890681E-07   0.4894037E-10   0.4895575E-07
    87800.00  0.4805441E-07   0.4864408E-10   0.4810305E-07
    88200.00  0.4720836E-07   0.4835092E-10   0.4725671E-07
    88600.00  0.4639781E-07   0.4806083E-10   0.4644587E-07
    89000.00  0.4559551E-07   0.4777357E-10   0.4564328E-07
    89400.00  0.4483181E-07   0.4748955E-10   0.4487930E-07
    89800.00  0.4404293E-07   0.4720848E-10   0.4409014E-07
    90200.00  0.4332148E-07   0.4692772E-10   0.4336841E-07
    90600.00  0.4259154E-07   0.4665235E-10   0.4263819E-07
    91000.00  0.4184600E-07   0.4637979E-10   0.4189238E-07
    91400.00  0.4116368E-07   0.4541128E-10   0.4120909E-07
    91800.00  0.4048991E-07   0.4514884E-10   0.4053506E-07
    92200.00  0.3982575E-07   0.4488989E-10   0.3987064E-07
    92600.00  0.3916395E-07   0.4463354E-10   0.3920858E-07
    93000.00  0.3852270E-07   0.4437976E-10   0.3856708E-07
    93400.00  0.3788240E-07   0.4412852E-10   0.3792653E-07
    93800.00  0.3726909E-07   0.4387977E-10   0.3731297E-07
    94200.00  0.3666298E-07   0.4363349E-10   0.3670661E-07
    94600.00  0.3606450E-07   0.4338964E-10   0.3610789E-07
    95000.00  0.3548253E-07   0.4314818E-10   0.3552568E-07
    95400.00  0.3492047E-07   0.4290909E-10   0.3496338E-07
    95800.00  0.3436098E-07   0.4267233E-10   0.3440365E-07
    96200.00  0.3380854E-07   0.4243787E-10   0.3385098E-07
    96600.00  0.3327857E-07   0.4220567E-10   0.3332078E-07
    97000.00  0.3275065E-07   0.4197572E-10   0.3279263E-07
    97400.00  0.3221103E-07   0.4174797E-10   0.3225278E-07
    97800.00  0.3172270E-07   0.4152240E-10   0.3176422E-07
    98200.00  0.3123329E-07   0.4129898E-10   0.3127459E-07
    98600.00  0.3074808E-07   0.4107768E-10   0.3078916E-07
    99000.00  0.3027673E-07   0.4085847E-10   0.3031759E-07
    99400.00  0.2980103E-07   0.4064133E-10   0.2984167E-07
    99800.00  0.2934617E-07   0.4042623E-10   0.2938660E-07
   100200.00  0.2889437E-07   0.1096871E-10   0.2890534E-07
   200000.00  0.1948587E-08   0.2753158E-11   0.1951340E-08
   400000.00  0.1255304E-09   0.6882895E-12   0.1262187E-09
   600000.00  0.2495941E-10   0.3059064E-12   0.2526532E-10
   800000.00  0.7909825E-11   0.1720724E-12   0.8081897E-11
  1000000.00  0.3239175E-11   0.1101263E-12   0.3349301E-11
  1200000.00  0.1560611E-11   0.7647661E-13   0.1637088E-11
  1400000.00  0.8414822E-12   0.5618690E-13   0.8976691E-12
  1600000.00  0.4925148E-12   0.4301809E-13   0.5355329E-12
