       91.00  0.9676724E-27   0.0000000E+00   0.9676724E-27
       94.00  0.1140828E-26   0.0000000E+00   0.1140828E-26
       96.00  0.1256275E-26   0.0000000E+00   0.1256275E-26
       98.00  0.1371713E-26   0.0000000E+00   0.1371713E-26
      100.00  0.1487154E-26   0.0000000E+00   0.1487154E-26
      102.00  0.1602593E-26   0.0000000E+00   0.1602593E-26
      104.00  0.1718030E-26   0.0000000E+00   0.1718030E-26
      106.00  0.1833490E-26   0.0000000E+00   0.1833490E-26
      108.00  0.1948929E-26   0.0000000E+00   0.1948929E-26
      110.00  0.2064368E-26   0.0000000E+00   0.2064368E-26
      114.00  0.2295256E-26   0.0000000E+00   0.2295256E-26
      118.00  0.2526137E-26   0.0000000E+00   0.2526137E-26
      121.00  0.2699299E-26   0.0000000E+00   0.2699299E-26
      125.00  0.2930175E-26   0.0000000E+00   0.2930175E-26
      127.00  0.3045616E-26   0.0000000E+00   0.3045616E-26
      128.00  0.3103332E-26   0.0000000E+00   0.3103332E-26
      131.00  0.3276497E-26   0.0000000E+00   0.3276497E-26
      132.00  0.3334218E-26   0.0000000E+00   0.3334218E-26
      134.00  0.3449658E-26   0.0000000E+00   0.3449658E-26
      137.00  0.3622765E-26   0.0000000E+00   0.3622765E-26
      140.00  0.3795924E-26   0.0000000E+00   0.3795924E-26
      143.00  0.3969091E-26   0.0000000E+00   0.3969091E-26
      147.00  0.4199970E-26   0.0000000E+00   0.4199970E-26
      151.00  0.4430847E-26   0.0000000E+00   0.4430847E-26
      155.00  0.8020501E-27   0.0000000E+00   0.8020501E-27
      159.00  0.2851452E-26   0.0000000E+00   0.2851452E-26
      162.00  0.8394337E-24   0.0000000E+00   0.8394337E-24
      166.00  0.2722973E-23   0.0000000E+00   0.2722973E-23
      170.00  0.4606516E-23   0.0000000E+00   0.4606516E-23
      173.00  0.6019176E-23   0.0000000E+00   0.6019176E-23
      177.00  0.7902750E-23   0.0000000E+00   0.7902750E-23
      180.00  0.1204462E-22   0.0000000E+00   0.1204462E-22
      182.00  0.1125812E-21   0.0000000E+00   0.1125812E-21
      186.00  0.4680948E-21   0.0000000E+00   0.4680948E-21
      191.00  0.9124893E-21   0.0000000E+00   0.9124893E-21
      194.00  0.1908260E-20   0.0000000E+00   0.1908260E-20
      198.00  0.2858419E-16   0.0000000E+00   0.2858419E-16
      202.00  0.5717983E-16   0.0000000E+00   0.5717983E-16
      205.00  0.1147560E-15   0.0000000E+00   0.1147560E-15
      210.00  0.4450179E-15   0.0000000E+00   0.4450179E-15
      216.00  0.1913389E-14   0.0000000E+00   0.1913389E-14
      220.00  0.4848774E-14   0.0000000E+00   0.4848774E-14
      223.00  0.9587331E-14   0.0000000E+00   0.9587331E-14
      227.00  0.7944734E-14   0.0000000E+00   0.7944734E-14
      228.00  0.6112535E-14   0.0000000E+00   0.6112535E-14
      228.00  0.1807526E-08   0.0000000E+00   0.1807526E-08
      230.00  0.3892923E-10   0.0000000E+00   0.3892923E-10
      234.00  0.3576123E-08   0.0000000E+00   0.3576123E-08
      240.00  0.1373095E-07   0.0000000E+00   0.1373095E-07
      246.00  0.2031800E-07   0.0000000E+00   0.2031800E-07
      252.00  0.3932177E-07   0.0000000E+00   0.3932177E-07
      257.00  0.6110606E-07   0.0000000E+00   0.6110606E-07
      260.00  0.5508659E-07   0.0000000E+00   0.5508659E-07
      264.00  0.2496943E-07   0.0000000E+00   0.2496943E-07
      269.00  0.6351160E-07   0.0000000E+00   0.6351160E-07
      274.00  0.1006098E-06   0.0000000E+00   0.1006098E-06
      279.00  0.9518506E-07   0.0000000E+00   0.9518506E-07
      284.00  0.3592979E-06   0.0000000E+00   0.3592979E-06
      290.00  0.2453477E-06   0.0000000E+00   0.2453477E-06
      296.00  0.1019840E-05   0.0000000E+00   0.1019840E-05
      301.00  0.4201021E-06   0.0000000E+00   0.4201021E-06
      308.00  0.6316846E-06   0.0000000E+00   0.6316846E-06
      318.00  0.1219342E-05   0.0000000E+00   0.1219342E-05
      328.00  0.2321538E-05   0.0000000E+00   0.2321538E-05
      338.00  0.3228928E-05   0.0000000E+00   0.3228928E-05
      348.00  0.4808628E-05   0.0000000E+00   0.4808628E-05
      353.30  0.5918454E-05   0.0000000E+00   0.5918454E-05
      353.30  0.4254003E-05   0.0000000E+00   0.4254003E-05
      357.00  0.5171160E-05   0.0000000E+00   0.5171160E-05
      366.00  0.7402076E-05   0.0000000E+00   0.7402076E-05
      375.00  0.2480503E-04   0.0000000E+00   0.2480503E-04
      385.00  0.4690761E-05   0.0000000E+00   0.4690761E-05
      395.00  0.1532132E-04   0.0000000E+00   0.1532132E-04
      405.00  0.3066860E-04   0.0000000E+00   0.3066860E-04
      414.00  0.3324482E-04   0.0000000E+00   0.3324482E-04
      422.00  0.4158726E-04   0.0000000E+00   0.4158726E-04
      430.00  0.5614972E-04   0.0000000E+00   0.5614972E-04
      441.00  0.6566174E-04   0.0000000E+00   0.6566174E-04
      451.00  0.7863149E-04   0.0000000E+00   0.7863149E-04
      460.00  0.3457590E-03   0.0000000E+00   0.3457590E-03
      470.00  0.1152621E-03   0.0000000E+00   0.1152621E-03
      480.00  0.1561157E-03   0.0000000E+00   0.1561157E-03
      490.00  0.1694608E-03   0.0000000E+00   0.1694608E-03
      500.00  0.1946836E-03   0.0000000E+00   0.1946836E-03
      504.60  0.2080985E-03   0.0000000E+00   0.2080985E-03
      504.60  0.1452076E-02   0.0000000E+00   0.1452076E-02
      506.00  0.2792485E-04   0.0000000E+00   0.2792485E-04
      512.00  0.2876227E-02   0.0000000E+00   0.2876227E-02
      520.00  0.3348906E-02   0.0000000E+00   0.3348906E-02
      530.00  0.2178887E-02   0.0000000E+00   0.2178887E-02
      540.00  0.1153234E-02   0.0000000E+00   0.1153234E-02
      550.00  0.3640818E-02   0.0000000E+00   0.3640818E-02
      560.00  0.4226184E-02   0.0000000E+00   0.4226184E-02
      570.00  0.4529736E-02   0.0000000E+00   0.4529736E-02
      580.00  0.2185318E-02   0.0000000E+00   0.2185318E-02
      590.00  0.5296936E-02   0.0000000E+00   0.5296936E-02
      600.00  0.5400885E-02   0.0000000E+00   0.5400885E-02
      610.00  0.3255527E-02   0.0000000E+00   0.3255527E-02
      620.00  0.6046004E-02   0.0000000E+00   0.6046004E-02
      630.00  0.6156998E-02   0.0000000E+00   0.6156998E-02
      640.00  0.6567460E-02   0.0000000E+00   0.6567460E-02
      650.00  0.5277014E-02   0.0000000E+00   0.5277014E-02
      658.00  0.6272970E-02   0.0000000E+00   0.6272970E-02
      665.00  0.6089599E-02   0.0000000E+00   0.6089599E-02
      675.00  0.7322866E-02   0.0000000E+00   0.7322866E-02
      685.00  0.4439897E-01   0.0000000E+00   0.4439897E-01
      695.00  0.5725694E-02   0.0000000E+00   0.5725694E-02
      705.00  0.1057301E-01   0.0000000E+00   0.1057301E-01
      716.00  0.8660247E-02   0.0000000E+00   0.8660247E-02
      726.00  0.8804834E-02   0.0000000E+00   0.8804834E-02
      735.00  0.9193845E-02   0.0000000E+00   0.9193845E-02
      745.00  0.8165422E-02   0.0000000E+00   0.8165422E-02
      755.00  0.9636868E-02   0.0000000E+00   0.9636868E-02
      765.00  0.2184265E-01   0.0000000E+00   0.2184265E-01
      775.00  0.1055788E-01   0.0000000E+00   0.1055788E-01
      785.00  0.3333990E-02   0.0000000E+00   0.3333990E-02
      795.00  0.1097827E-01   0.0000000E+00   0.1097827E-01
      805.00  0.1143823E-01   0.0000000E+00   0.1143823E-01
      815.00  0.8721014E-02   0.0000000E+00   0.8721014E-02
      825.00  0.1202933E-01   0.0000000E+00   0.1202933E-01
      835.00  0.1837482E-01   0.0000000E+00   0.1837482E-01
      845.00  0.1428116E-01   0.0000000E+00   0.1428116E-01
      855.00  0.1038315E-01   0.0000000E+00   0.1038315E-01
      865.00  0.1347575E-01   0.0000000E+00   0.1347575E-01
      875.00  0.1347595E-01   0.0000000E+00   0.1347595E-01
      885.00  0.1384451E-01   0.0000000E+00   0.1384451E-01
      895.00  0.1357312E-01   0.0000000E+00   0.1357312E-01
      905.00  0.1339874E-01   0.0000000E+00   0.1339874E-01
      912.40  0.1333215E-01   0.4574573E-06   0.1333261E-01
      912.40  0.5191287E+00   0.4574641E-06   0.5191291E+00
      915.00  0.4998030E+00   0.5217493E-06   0.4998035E+00
      925.00  0.4254728E+00   0.6039509E-06   0.4254734E+00
      935.00  0.4211000E+00   0.6967539E-06   0.4211007E+00
      945.00  0.2819837E+00   0.8012029E-06   0.2819845E+00
      955.00  0.4324795E+00   0.9184101E-06   0.4324804E+00
      965.00  0.4204470E+00   0.1049556E-05   0.4204480E+00
      975.00  0.9783855E-01   0.1195889E-05   0.9783975E-01
      985.00  0.1170811E+00   0.1358730E-05   0.1170825E+00
      995.00  0.4452649E+00   0.1539466E-05   0.4452664E+00
     1005.00  0.4268625E+00   0.1739559E-05   0.4268642E+00
     1015.00  0.3511820E+00   0.1960539E-05   0.3511840E+00
     1025.00  0.3706568E+00   0.2204009E-05   0.3706590E+00
     1035.00  0.3330952E+00   0.2471640E-05   0.3330977E+00
     1045.00  0.4142141E+00   0.2765243E-05   0.4142169E+00
     1055.00  0.4123304E+00   0.3086584E-05   0.4123335E+00
     1065.00  0.3839308E+00   0.3437532E-05   0.3839342E+00
     1075.00  0.3152106E+00   0.3820037E-05   0.3152144E+00
     1085.00  0.3389778E+00   0.4236110E-05   0.3389820E+00
     1095.00  0.3772407E+00   0.4687830E-05   0.3772454E+00
     1105.00  0.3697458E+00   0.5177336E-05   0.3697510E+00
     1115.00  0.3351172E+00   0.5706827E-05   0.3351229E+00
     1125.00  0.1463691E+00   0.6278552E-05   0.1463754E+00
     1135.00  0.3500888E+00   0.6894837E-05   0.3500957E+00
     1145.00  0.3410987E+00   0.7558046E-05   0.3411063E+00
     1155.00  0.1540369E+00   0.8270603E-05   0.1540452E+00
     1165.00  0.1967494E+00   0.9034975E-05   0.1967584E+00
     1175.00  0.2285810E+00   0.9853677E-05   0.2285909E+00
     1185.00  0.3076240E+00   0.1072927E-04   0.3076347E+00
     1195.00  0.2877895E+00   0.1166434E-04   0.2878012E+00
     1205.00  0.2430162E+00   0.1266153E-04   0.2430289E+00
     1215.00  0.2330247E+00   0.1372351E-04   0.2330384E+00
     1225.00  0.2282102E+00   0.1261952E-03   0.2283364E+00
     1235.00  0.2782813E+00   0.2284079E-03   0.2785097E+00
     1245.00  0.2547356E+00   0.3155175E-03   0.2550511E+00
     1255.00  0.2505764E+00   0.3901540E-03   0.2509666E+00
     1265.00  0.2644997E+00   0.4542676E-03   0.2649540E+00
     1275.00  0.2675839E+00   0.5094009E-03   0.2680933E+00
     1285.00  0.2006419E+00   0.5568136E-03   0.2011987E+00
     1295.00  0.2063701E+00   0.5975549E-03   0.2069677E+00
     1305.00  0.2452376E+00   0.6325097E-03   0.2458701E+00
     1315.00  0.2240521E+00   0.6624316E-03   0.2247145E+00
     1325.00  0.2191776E+00   0.6879670E-03   0.2198656E+00
     1335.00  0.2351011E+00   0.7096736E-03   0.2358108E+00
     1345.00  0.1810536E+00   0.7280345E-03   0.1817816E+00
     1355.00  0.2288194E+00   0.7434702E-03   0.2295629E+00
     1365.00  0.2227518E+00   0.7563477E-03   0.2235081E+00
     1375.00  0.2138560E+00   0.7669884E-03   0.2146230E+00
     1385.00  0.2095419E+00   0.7756743E-03   0.2103176E+00
     1395.00  0.2232664E+00   0.7826536E-03   0.2240491E+00
     1405.00  0.2358252E+00   0.7881451E-03   0.2366133E+00
     1415.00  0.1840406E+00   0.7923422E-03   0.1848329E+00
     1425.00  0.1667392E+00   0.7954157E-03   0.1675346E+00
     1435.00  0.1928283E+00   0.7975174E-03   0.1936258E+00
     1442.00  0.1935058E+00   0.7984829E-03   0.1943043E+00
     1447.00  0.1934669E+00   0.7989447E-03   0.1942658E+00
     1455.00  0.1906335E+00   0.7993280E-03   0.1914328E+00
     1465.00  0.1754512E+00   0.7992630E-03   0.1762505E+00
     1475.00  0.1800296E+00   0.7986813E-03   0.1808283E+00
     1485.00  0.1594405E+00   0.7976675E-03   0.1602382E+00
     1495.00  0.1777467E+00   0.7962970E-03   0.1785430E+00
     1505.00  0.1703910E+00   0.7946372E-03   0.1711856E+00
     1512.00  0.1590068E+00   0.7933357E-03   0.1598001E+00
     1517.00  0.1605486E+00   0.7923480E-03   0.1613409E+00
     1525.00  0.1231111E+00   0.7906845E-03   0.1239018E+00
     1535.00  0.1465561E+00   0.7884940E-03   0.1473446E+00
     1545.00  0.6022496E-01   0.7862199E-03   0.6101118E-01
     1555.00  0.1562541E+00   0.7838952E-03   0.1570380E+00
     1565.00  0.9717804E-01   0.7815593E-03   0.9795960E-01
     1575.00  0.1461638E+00   0.7792439E-03   0.1469430E+00
     1585.00  0.9969111E-01   0.7769768E-03   0.1004681E+00
     1595.00  0.1474169E+00   0.7747831E-03   0.1481917E+00
     1605.00  0.1463753E+00   0.7726853E-03   0.1471480E+00
     1615.00  0.1441203E+00   0.7707036E-03   0.1448910E+00
     1625.00  0.1407917E+00   0.7688559E-03   0.1415606E+00
     1635.00  0.1394129E+00   0.7671572E-03   0.1401801E+00
     1645.00  0.1372983E+00   0.7656225E-03   0.1380639E+00
     1655.00  0.1335464E+00   0.7642653E-03   0.1343107E+00
     1665.00  0.1334050E+00   0.7630972E-03   0.1341681E+00
     1672.00  0.1294706E+00   0.7623976E-03   0.1302330E+00
     1677.00  0.1303438E+00   0.7619595E-03   0.1311058E+00
     1685.00  0.1295988E+00   0.7613683E-03   0.1303602E+00
     1695.00  0.1266618E+00   0.7608248E-03   0.1274226E+00
     1705.00  0.1238771E+00   0.7605052E-03   0.1246376E+00
     1715.00  0.1212202E+00   0.7604160E-03   0.1219806E+00
     1725.00  0.1192025E+00   0.7605626E-03   0.1199631E+00
     1735.00  0.1183634E+00   0.7609501E-03   0.1191244E+00
     1745.00  0.1161390E+00   0.7615826E-03   0.1169006E+00
     1755.00  0.1156080E+00   0.7624639E-03   0.1163705E+00
     1765.00  0.1120156E+00   0.7635971E-03   0.1127792E+00
     1775.00  0.1113533E+00   0.7649849E-03   0.1121183E+00
     1785.00  0.1098361E+00   0.7666296E-03   0.1106027E+00
     1795.00  0.1091650E+00   0.7685329E-03   0.1099335E+00
     1805.00  0.1073998E+00   0.7706963E-03   0.1081705E+00
     1815.00  0.1049808E+00   0.7731210E-03   0.1057539E+00
     1825.00  0.1035489E+00   0.7758078E-03   0.1043247E+00
     1835.00  0.1015255E+00   0.7787576E-03   0.1023043E+00
     1845.00  0.9891265E-01   0.7819702E-03   0.9969462E-01
     1855.00  0.9725191E-01   0.7854458E-03   0.9803736E-01
     1865.00  0.9623089E-01   0.7891840E-03   0.9702007E-01
     1875.00  0.9617287E-01   0.7931845E-03   0.9696605E-01
     1885.00  0.9367041E-01   0.7974468E-03   0.9446786E-01
     1895.00  0.9160808E-01   0.8019699E-03   0.9241005E-01
     1905.00  0.9128167E-01   0.8067531E-03   0.9208842E-01
     1915.00  0.8947383E-01   0.8117951E-03   0.9028563E-01
     1925.00  0.8807438E-01   0.8170949E-03   0.8889147E-01
     1935.00  0.8734635E-01   0.8226510E-03   0.8816900E-01
     1945.00  0.8671965E-01   0.8284488E-03   0.8754810E-01
     1955.00  0.8460200E-01   0.8344805E-03   0.8543648E-01
     1967.00  0.8431614E-01   0.8420442E-03   0.8515818E-01
     1976.00  0.8368505E-01   0.8479480E-03   0.8453300E-01
     1984.00  0.8202635E-01   0.8533608E-03   0.8287971E-01
     1995.00  0.8027466E-01   0.8610548E-03   0.8113571E-01
     2005.00  0.7966549E-01   0.8682998E-03   0.8053379E-01
     2015.00  0.7820390E-01   0.8757808E-03   0.7907968E-01
     2025.00  0.7786383E-01   0.8834957E-03   0.7874733E-01
     2035.00  0.7620596E-01   0.8914888E-03   0.7709745E-01
     2045.00  0.7555121E-01   0.8997329E-03   0.7645094E-01
     2055.00  0.7443735E-01   0.4253883E-03   0.7486274E-01
     2065.00  0.7369479E-01   0.4225794E-03   0.7411737E-01
     2074.00  0.7346296E-01   0.4201315E-03   0.7388309E-01
     2078.00  0.7261694E-01   0.4190676E-03   0.7303601E-01
     2085.00  0.7229447E-01   0.4172410E-03   0.7271171E-01
     2095.00  0.7075019E-01   0.4147089E-03   0.7116490E-01
     2105.00  0.7011675E-01   0.4122665E-03   0.7052902E-01
     2115.00  0.6925070E-01   0.4099124E-03   0.6966061E-01
     2125.00  0.6858971E-01   0.4076455E-03   0.6899736E-01
     2135.00  0.6683932E-01   0.4054644E-03   0.6724478E-01
     2145.00  0.6638340E-01   0.4033678E-03   0.6678677E-01
     2155.00  0.6593926E-01   0.4013545E-03   0.6634061E-01
     2165.00  0.6468155E-01   0.3994233E-03   0.6508097E-01
     2175.00  0.6374629E-01   0.3975729E-03   0.6414386E-01
     2185.00  0.6282907E-01   0.3958024E-03   0.6322487E-01
     2195.00  0.6268369E-01   0.3941101E-03   0.6307780E-01
     2205.00  0.6151938E-01   0.3924949E-03   0.6191187E-01
     2215.00  0.6027458E-01   0.3909554E-03   0.6066554E-01
     2225.00  0.5909457E-01   0.3894906E-03   0.5948406E-01
     2235.00  0.5922929E-01   0.3880991E-03   0.5961739E-01
     2245.00  0.5791392E-01   0.3867797E-03   0.5830070E-01
     2255.00  0.5699212E-01   0.3855313E-03   0.5737765E-01
     2265.00  0.5648312E-01   0.3843526E-03   0.5686747E-01
     2275.00  0.5616053E-01   0.3832425E-03   0.5654377E-01
     2285.00  0.5575180E-01   0.3821961E-03   0.5613400E-01
     2295.00  0.5458282E-01   0.3812118E-03   0.5496403E-01
     2305.00  0.5384731E-01   0.3802921E-03   0.5422760E-01
     2315.00  0.5289118E-01   0.3794359E-03   0.5327062E-01
     2325.00  0.5009744E-01   0.3786422E-03   0.5047608E-01
     2335.00  0.5124244E-01   0.3779098E-03   0.5162035E-01
     2345.00  0.5021292E-01   0.3772376E-03   0.5059016E-01
     2355.00  0.5032832E-01   0.3766245E-03   0.5070494E-01
     2365.00  0.4907901E-01   0.3760694E-03   0.4945508E-01
     2375.00  0.4882779E-01   0.3755714E-03   0.4920336E-01
     2385.00  0.4758970E-01   0.3751293E-03   0.4796483E-01
     2395.00  0.4768582E-01   0.3747421E-03   0.4806056E-01
     2405.00  0.4674051E-01   0.3744090E-03   0.4711492E-01
     2415.00  0.4637911E-01   0.3741292E-03   0.4675324E-01
     2425.00  0.4626023E-01   0.3739012E-03   0.4663413E-01
     2435.00  0.4534348E-01   0.3737243E-03   0.4571720E-01
     2445.00  0.4534728E-01   0.3735973E-03   0.4572088E-01
     2455.00  0.4464392E-01   0.3735194E-03   0.4501744E-01
     2465.00  0.4409360E-01   0.3734895E-03   0.4446709E-01
     2475.00  0.4335635E-01   0.3735069E-03   0.4372986E-01
     2485.00  0.4336507E-01   0.3735704E-03   0.4373864E-01
     2495.00  0.4258092E-01   0.3736794E-03   0.4295460E-01
     2505.00  0.4269404E-01   0.3738327E-03   0.4306787E-01
     2513.00  0.4168277E-01   0.3739868E-03   0.4205676E-01
     2518.00  0.4179944E-01   0.3740971E-03   0.4217354E-01
     2525.00  0.4097807E-01   0.3742693E-03   0.4135234E-01
     2535.00  0.4052757E-01   0.3745507E-03   0.4090212E-01
     2545.00  0.4001086E-01   0.3748729E-03   0.4038573E-01
     2555.00  0.4000382E-01   0.3752352E-03   0.4037906E-01
     2565.00  0.3947653E-01   0.3756369E-03   0.3985217E-01
     2575.00  0.3950807E-01   0.3760770E-03   0.3988415E-01
     2585.00  0.3906284E-01   0.3765548E-03   0.3943939E-01
     2595.00  0.3861907E-01   0.3770696E-03   0.3899614E-01
     2605.00  0.3791572E-01   0.3636230E-03   0.3827934E-01
     2615.00  0.3762741E-01   0.3641189E-03   0.3799153E-01
     2625.00  0.3743816E-01   0.3646507E-03   0.3780281E-01
     2635.00  0.3712378E-01   0.3652175E-03   0.3748900E-01
     2645.00  0.3733291E-01   0.3658187E-03   0.3769873E-01
     2655.00  0.3688655E-01   0.3664535E-03   0.3725300E-01
     2665.00  0.3612660E-01   0.3671213E-03   0.3649372E-01
     2675.00  0.3600427E-01   0.3678213E-03   0.3637209E-01
     2685.00  0.3562745E-01   0.3685529E-03   0.3599600E-01
     2695.00  0.3505229E-01   0.3693154E-03   0.3542161E-01
     2705.00  0.3482529E-01   0.3701080E-03   0.3519540E-01
     2715.00  0.3422070E-01   0.3709303E-03   0.3459163E-01
     2725.00  0.3388341E-01   0.3717815E-03   0.3425519E-01
     2735.00  0.3390208E-01   0.3726610E-03   0.3427474E-01
     2745.00  0.3279696E-01   0.3735681E-03   0.3317053E-01
     2755.00  0.3251396E-01   0.3745023E-03   0.3288846E-01
     2765.00  0.3242874E-01   0.3754629E-03   0.3280420E-01
     2775.00  0.3241374E-01   0.3764493E-03   0.3279019E-01
     2785.00  0.3207794E-01   0.3774610E-03   0.3245540E-01
     2795.00  0.3086015E-01   0.3784974E-03   0.3123865E-01
     2805.00  0.3099669E-01   0.3795578E-03   0.3137625E-01
     2815.00  0.3130681E-01   0.3806418E-03   0.3168745E-01
     2825.00  0.3096394E-01   0.3817487E-03   0.3134569E-01
     2835.00  0.3043174E-01   0.3828781E-03   0.3081462E-01
     2845.00  0.3000477E-01   0.3840293E-03   0.3038880E-01
     2855.00  0.2974812E-01   0.3851978E-03   0.3013332E-01
     2865.00  0.2969795E-01   0.3863826E-03   0.3008433E-01
     2875.00  0.2929364E-01   0.3875871E-03   0.2968123E-01
     2885.00  0.2914327E-01   0.3888110E-03   0.2953208E-01
     2895.00  0.2880622E-01   0.3900536E-03   0.2919627E-01
     2910.00  0.2872404E-01   0.3919517E-03   0.2911599E-01
     2930.00  0.2803366E-01   0.3945437E-03   0.2842820E-01
     2950.00  0.2746135E-01   0.3972021E-03   0.2785855E-01
     2970.00  0.2702004E-01   0.3999233E-03   0.2741996E-01
     2990.00  0.2654462E-01   0.4027038E-03   0.2694732E-01
     3010.00  0.2618732E-01   0.4055400E-03   0.2659286E-01
     3030.00  0.2571522E-01   0.4084287E-03   0.2612365E-01
     3050.00  0.2521397E-01   0.4113681E-03   0.2562534E-01
     3070.00  0.2475391E-01   0.4143555E-03   0.2516827E-01
     3090.00  0.2438513E-01   0.4173865E-03   0.2480252E-01
     3110.00  0.2389778E-01   0.4204584E-03   0.2431824E-01
     3130.00  0.2345288E-01   0.4197515E-03   0.2387263E-01
     3150.00  0.2310266E-01   0.4228549E-03   0.2352551E-01
     3170.00  0.2269859E-01   0.4259913E-03   0.2312458E-01
     3190.00  0.2216056E-01   0.4291581E-03   0.2258972E-01
     3210.00  0.2191196E-01   0.4323529E-03   0.2234431E-01
     3230.00  0.2150051E-01   0.4355733E-03   0.2193608E-01
     3250.00  0.2118360E-01   0.4388168E-03   0.2162242E-01
     3270.00  0.2089047E-01   0.4420758E-03   0.2133255E-01
     3290.00  0.2055882E-01   0.4453494E-03   0.2100417E-01
     3310.00  0.2024870E-01   0.4486387E-03   0.2069734E-01
     3330.00  0.1988644E-01   0.4519416E-03   0.2033838E-01
     3350.00  0.1951087E-01   0.4552561E-03   0.1996613E-01
     3370.00  0.1918192E-01   0.4585804E-03   0.1964050E-01
     3390.00  0.1887400E-01   0.4619127E-03   0.1933591E-01
     3410.00  0.1862993E-01   0.4652512E-03   0.1909518E-01
     3430.00  0.1833130E-01   0.4408236E-03   0.1877212E-01
     3450.00  0.1814452E-01   0.4438434E-03   0.1858836E-01
     3470.00  0.1786190E-01   0.4468665E-03   0.1830877E-01
     3490.00  0.1760292E-01   0.4498917E-03   0.1805281E-01
     3510.00  0.1738944E-01   0.4529168E-03   0.1784236E-01
     3530.00  0.1710148E-01   0.4559353E-03   0.1755742E-01
     3550.00  0.1688438E-01   0.4589507E-03   0.1734333E-01
     3570.00  0.1654032E-01   0.4619618E-03   0.1700228E-01
     3590.00  0.1628198E-01   0.4649673E-03   0.1674695E-01
     3610.00  0.1609748E-01   0.4679662E-03   0.1656545E-01
     3630.00  0.1588191E-01   0.4709572E-03   0.1635287E-01
     3640.00  0.1579461E-01   0.4724494E-03   0.1626706E-01
     3650.00  0.1791721E-01   0.1002955E-03   0.1801751E-01
     3670.00  0.1747257E-01   0.9967490E-04   0.1757224E-01
     3690.00  0.1767639E-01   0.9332659E-04   0.1776972E-01
     3710.00  0.1917384E-01   0.9268335E-04   0.1926652E-01
     3730.00  0.1911123E-01   0.9205930E-04   0.1920329E-01
     3750.00  0.2053029E-01   0.9145384E-04   0.2062174E-01
     3770.00  0.2044422E-01   0.9086639E-04   0.2053509E-01
     3790.00  0.2115551E-01   0.9029637E-04   0.2124581E-01
     3810.00  0.2184509E-01   0.8974324E-04   0.2193483E-01
     3830.00  0.1978424E-01   0.8920647E-04   0.1987345E-01
     3850.00  0.2168011E-01   0.8868554E-04   0.2176880E-01
     3870.00  0.2182481E-01   0.8817994E-04   0.2191299E-01
     3890.00  0.1879689E-01   0.8768921E-04   0.1888458E-01
     3910.00  0.2134366E-01   0.8721287E-04   0.2143087E-01
     3930.00  0.2054923E-01   0.8675047E-04   0.2063598E-01
     3950.00  0.2064085E-01   0.8630157E-04   0.2072715E-01
     3970.00  0.1731871E-01   0.8586592E-04   0.1740458E-01
     3990.00  0.2023967E-01   0.8544350E-04   0.2032511E-01
     4010.00  0.2031760E-01   0.8503331E-04   0.2040263E-01
     4030.00  0.1993953E-01   0.8463495E-04   0.2002416E-01
     4050.00  0.1980111E-01   0.8424805E-04   0.1988536E-01
     4070.00  0.1939924E-01   0.8387226E-04   0.1948311E-01
     4090.00  0.1860896E-01   0.8350722E-04   0.1869247E-01
     4110.00  0.1680799E-01   0.8315258E-04   0.1689114E-01
     4130.00  0.1855092E-01   0.8280803E-04   0.1863373E-01
     4150.00  0.1845535E-01   0.8247323E-04   0.1853782E-01
     4170.00  0.1821322E-01   0.8214788E-04   0.1829537E-01
     4190.00  0.1799020E-01   0.8183169E-04   0.1807203E-01
     4210.00  0.1779121E-01   0.8152435E-04   0.1787273E-01
     4230.00  0.1755944E-01   0.8122559E-04   0.1764067E-01
     4250.00  0.1732720E-01   0.8093513E-04   0.1740814E-01
     4270.00  0.1702062E-01   0.8065272E-04   0.1710127E-01
     4290.00  0.1676022E-01   0.8037808E-04   0.1684060E-01
     4310.00  0.1628049E-01   0.8011097E-04   0.1636060E-01
     4330.00  0.1559418E-01   0.7985116E-04   0.1567403E-01
     4350.00  0.1451230E-01   0.7959844E-04   0.1459190E-01
     4370.00  0.1606699E-01   0.7935262E-04   0.1614634E-01
     4390.00  0.1574478E-01   0.7911341E-04   0.1582389E-01
     4410.00  0.1567934E-01   0.7888059E-04   0.1575822E-01
     4430.00  0.1561928E-01   0.7865395E-04   0.1569793E-01
     4450.00  0.1544982E-01   0.7843330E-04   0.1552825E-01
     4470.00  0.1522825E-01   0.7821845E-04   0.1530647E-01
     4490.00  0.1513987E-01   0.7800919E-04   0.1521788E-01
     4510.00  0.1518852E-01   0.7780536E-04   0.1526633E-01
     4530.00  0.1480904E-01   0.7760677E-04   0.1488665E-01
     4550.00  0.1460648E-01   0.7741325E-04   0.1468389E-01
     4570.00  0.1464793E-01   0.7722464E-04   0.1472515E-01
     4590.00  0.1435880E-01   0.7704077E-04   0.1443584E-01
     4610.00  0.1433393E-01   0.7686149E-04   0.1441079E-01
     4630.00  0.1408950E-01   0.7668665E-04   0.1416619E-01
     4650.00  0.1399035E-01   0.7651609E-04   0.1406687E-01
     4670.00  0.1387338E-01   0.7634969E-04   0.1394973E-01
     4690.00  0.1370394E-01   0.7618728E-04   0.1378013E-01
     4710.00  0.1344190E-01   0.7602876E-04   0.1351793E-01
     4730.00  0.1342751E-01   0.7587397E-04   0.1350338E-01
     4750.00  0.1336147E-01   0.7572281E-04   0.1343719E-01
     4770.00  0.1324791E-01   0.7557514E-04   0.1332349E-01
     4790.00  0.1308143E-01   0.7543085E-04   0.1315686E-01
     4810.00  0.1290732E-01   0.7528969E-04   0.1298261E-01
     4830.00  0.1274566E-01   0.7515155E-04   0.1282081E-01
     4850.00  0.1204630E-01   0.7501644E-04   0.1212132E-01
     4870.00  0.1098807E-01   0.7488426E-04   0.1106295E-01
     4890.00  0.1230647E-01   0.7475491E-04   0.1238122E-01
     4910.00  0.1224248E-01   0.7462828E-04   0.1231711E-01
     4930.00  0.1202370E-01   0.7450428E-04   0.1209820E-01
     4950.00  0.1209424E-01   0.7438283E-04   0.1216862E-01
     4970.00  0.1196239E-01   0.7426383E-04   0.1203665E-01
     4990.00  0.1168494E-01   0.7414719E-04   0.1175909E-01
     5010.00  0.1142757E-01   0.7403283E-04   0.1150160E-01
     5030.00  0.1148518E-01   0.7392067E-04   0.1155910E-01
     5050.00  0.1134556E-01   0.7381063E-04   0.1141937E-01
     5070.00  0.1137119E-01   0.7370284E-04   0.1144489E-01
     5090.00  0.1114237E-01   0.7359808E-04   0.1121597E-01
     5110.00  0.1107207E-01   0.7349516E-04   0.1114557E-01
     5130.00  0.1088348E-01   0.7339402E-04   0.1095687E-01
     5150.00  0.1072698E-01   0.7329459E-04   0.1080027E-01
     5170.00  0.1056876E-01   0.7319681E-04   0.1064196E-01
     5190.00  0.1055610E-01   0.7310061E-04   0.1062920E-01
     5210.00  0.1049373E-01   0.7300593E-04   0.1056674E-01
     5230.00  0.1042584E-01   0.7291272E-04   0.1049875E-01
     5250.00  0.1039602E-01   0.7282091E-04   0.1046884E-01
     5270.00  0.1009408E-01   0.7273045E-04   0.1016681E-01
     5290.00  0.1024842E-01   0.7264128E-04   0.1032106E-01
     5310.00  0.1023307E-01   0.7255335E-04   0.1030562E-01
     5330.00  0.9964836E-02   0.7246662E-04   0.1003730E-01
     5350.00  0.1007042E-01   0.7238103E-04   0.1014280E-01
     5370.00  0.9990430E-02   0.7229649E-04   0.1006273E-01
     5390.00  0.9827233E-02   0.7221288E-04   0.9899446E-02
     5410.00  0.9709836E-02   0.7213025E-04   0.9781966E-02
     5430.00  0.9638587E-02   0.7204859E-04   0.9710636E-02
     5450.00  0.9694145E-02   0.7196784E-04   0.9766113E-02
     5470.00  0.9529432E-02   0.7188795E-04   0.9601320E-02
     5490.00  0.9440376E-02   0.7180890E-04   0.9512185E-02
     5510.00  0.9367888E-02   0.7173065E-04   0.9439619E-02
     5530.00  0.9341813E-02   0.7165315E-04   0.9413466E-02
     5550.00  0.9312316E-02   0.7157638E-04   0.9383892E-02
     5570.00  0.9200112E-02   0.7150030E-04   0.9271612E-02
     5590.00  0.9073779E-02   0.7142487E-04   0.9145204E-02
     5610.00  0.9094430E-02   0.7135007E-04   0.9165780E-02
     5630.00  0.8998154E-02   0.7127586E-04   0.9069430E-02
     5650.00  0.8943323E-02   0.7120222E-04   0.9014525E-02
     5670.00  0.8811552E-02   0.7112911E-04   0.8882681E-02
     5690.00  0.8827013E-02   0.7105650E-04   0.8898070E-02
     5710.00  0.8651996E-02   0.5715842E-04   0.8709154E-02
     5730.00  0.8785189E-02   0.5706612E-04   0.8842255E-02
     5750.00  0.8629885E-02   0.5697472E-04   0.8686860E-02
     5770.00  0.8610774E-02   0.5688420E-04   0.8667658E-02
     5790.00  0.8455055E-02   0.5679453E-04   0.8511850E-02
     5810.00  0.8481049E-02   0.5670569E-04   0.8537755E-02
     5830.00  0.8487207E-02   0.5661764E-04   0.8543825E-02
     5850.00  0.8358522E-02   0.5653036E-04   0.8415052E-02
     5870.00  0.8276650E-02   0.5644383E-04   0.8333094E-02
     5890.00  0.8078432E-02   0.5635801E-04   0.8134790E-02
     5910.00  0.8168332E-02   0.5627290E-04   0.8224605E-02
     5930.00  0.8117255E-02   0.5618846E-04   0.8173443E-02
     5950.00  0.8053100E-02   0.5610468E-04   0.8109205E-02
     5970.00  0.8057054E-02   0.5602152E-04   0.8113076E-02
     5990.00  0.7947377E-02   0.5593897E-04   0.8003316E-02
     6010.00  0.7856137E-02   0.5585702E-04   0.7911994E-02
     6030.00  0.7855787E-02   0.5577564E-04   0.7911563E-02
     6050.00  0.7845004E-02   0.5569481E-04   0.7900699E-02
     6070.00  0.7774885E-02   0.5561452E-04   0.7830500E-02
     6090.00  0.7638173E-02   0.5553473E-04   0.7693708E-02
     6110.00  0.7592964E-02   0.5545544E-04   0.7648419E-02
     6130.00  0.7433756E-02   0.5537662E-04   0.7489133E-02
     6150.00  0.7442988E-02   0.5529827E-04   0.7498286E-02
     6170.00  0.7334266E-02   0.5522038E-04   0.7389486E-02
     6190.00  0.7405021E-02   0.5514291E-04   0.7460164E-02
     6210.00  0.7345470E-02   0.5506586E-04   0.7400536E-02
     6230.00  0.7212378E-02   0.5498922E-04   0.7267367E-02
     6250.00  0.7056944E-02   0.5491296E-04   0.7111857E-02
     6270.00  0.7154752E-02   0.5483709E-04   0.7209589E-02
     6290.00  0.7139319E-02   0.5476158E-04   0.7194081E-02
     6310.00  0.7028399E-02   0.5468641E-04   0.7083085E-02
     6330.00  0.7031402E-02   0.5461159E-04   0.7086014E-02
     6350.00  0.6989594E-02   0.5453709E-04   0.7044131E-02
     6370.00  0.6937566E-02   0.5446290E-04   0.6992029E-02
     6390.00  0.6920082E-02   0.5438902E-04   0.6974471E-02
     6410.00  0.6838130E-02   0.5431544E-04   0.6892445E-02
     6430.00  0.6813385E-02   0.5424213E-04   0.6867627E-02
     6450.00  0.6782890E-02   0.5416910E-04   0.6837059E-02
     6470.00  0.6733974E-02   0.5409633E-04   0.6788070E-02
     6490.00  0.6610244E-02   0.5402381E-04   0.6664268E-02
     6510.00  0.6653754E-02   0.5395153E-04   0.6707706E-02
     6530.00  0.6617386E-02   0.5387884E-04   0.6671265E-02
     6550.00  0.6403524E-02   0.5380617E-04   0.6457330E-02
     6570.00  0.5885553E-02   0.5373370E-04   0.5939287E-02
     6590.00  0.6447944E-02   0.5366141E-04   0.6501605E-02
     6610.00  0.6461548E-02   0.5358931E-04   0.6515137E-02
     6630.00  0.6442146E-02   0.5351738E-04   0.6495663E-02
     6650.00  0.6393467E-02   0.5321857E-04   0.6446686E-02
     6670.00  0.6313618E-02   0.5314770E-04   0.6366766E-02
     6690.00  0.6357756E-02   0.5307698E-04   0.6410833E-02
     6710.00  0.6244750E-02   0.5300641E-04   0.6297756E-02
     6730.00  0.6287856E-02   0.5293598E-04   0.6340792E-02
     6750.00  0.6205854E-02   0.5286569E-04   0.6258720E-02
     6770.00  0.6191455E-02   0.5279553E-04   0.6244251E-02
     6790.00  0.6142634E-02   0.5272550E-04   0.6195359E-02
     6810.00  0.6102785E-02   0.5265559E-04   0.6155441E-02
     6830.00  0.6092730E-02   0.5258579E-04   0.6145316E-02
     6850.00  0.5993234E-02   0.5251611E-04   0.6045750E-02
     6870.00  0.5996256E-02   0.5244653E-04   0.6048703E-02
     6890.00  0.6003457E-02   0.5237705E-04   0.6055834E-02
     6910.00  0.5942534E-02   0.5230767E-04   0.5994842E-02
     6930.00  0.5882678E-02   0.5223839E-04   0.5934916E-02
     6950.00  0.5796831E-02   0.5216919E-04   0.5849000E-02
     6970.00  0.5794906E-02   0.5210008E-04   0.5847006E-02
     6990.00  0.5740562E-02   0.5203104E-04   0.5792593E-02
     7010.00  0.5653012E-02   0.5196209E-04   0.5704974E-02
     7030.00  0.5671015E-02   0.5189324E-04   0.5722908E-02
     7050.00  0.5676154E-02   0.5182446E-04   0.5727978E-02
     7070.00  0.5591958E-02   0.5175575E-04   0.5643714E-02
     7090.00  0.5573286E-02   0.5168709E-04   0.5624973E-02
     7110.00  0.5507536E-02   0.5161850E-04   0.5559154E-02
     7130.00  0.5444331E-02   0.5154996E-04   0.5495881E-02
     7150.00  0.5424513E-02   0.5148147E-04   0.5475994E-02
     7170.00  0.5426490E-02   0.5141304E-04   0.5477903E-02
     7190.00  0.5313985E-02   0.5134464E-04   0.5365330E-02
     7210.00  0.5341530E-02   0.5127630E-04   0.5392806E-02
     7230.00  0.5353205E-02   0.5120800E-04   0.5404413E-02
     7250.00  0.5329218E-02   0.5113974E-04   0.5380358E-02
     7270.00  0.5288968E-02   0.5107152E-04   0.5340040E-02
     7290.00  0.5190382E-02   0.5100333E-04   0.5241385E-02
     7310.00  0.5200656E-02   0.5093519E-04   0.5251591E-02
     7330.00  0.5187870E-02   0.5086707E-04   0.5238737E-02
     7350.00  0.5153014E-02   0.5079899E-04   0.5203813E-02
     7370.00  0.5176686E-02   0.5073093E-04   0.5227417E-02
     7390.00  0.5102578E-02   0.5066291E-04   0.5153241E-02
     7410.00  0.5032094E-02   0.5059491E-04   0.5082689E-02
     7430.00  0.5053931E-02   0.5052694E-04   0.5104458E-02
     7450.00  0.5042764E-02   0.5037718E-04   0.5093141E-02
     7470.00  0.5021742E-02   0.5030943E-04   0.5072051E-02
     7490.00  0.4977499E-02   0.5024171E-04   0.5027741E-02
     7510.00  0.4974628E-02   0.5017401E-04   0.5024802E-02
     7530.00  0.4969733E-02   0.5010634E-04   0.5019839E-02
     7550.00  0.4963171E-02   0.5003868E-04   0.5013210E-02
     7570.00  0.4920622E-02   0.4997105E-04   0.4970593E-02
     7590.00  0.4886832E-02   0.4990344E-04   0.4936735E-02
     7610.00  0.4873178E-02   0.4983555E-04   0.4923014E-02
     7630.00  0.4855038E-02   0.4976737E-04   0.4904805E-02
     7650.00  0.4837810E-02   0.4969919E-04   0.4887509E-02
     7670.00  0.4748013E-02   0.4963102E-04   0.4797644E-02
     7690.00  0.4794984E-02   0.4956286E-04   0.4844547E-02
     7710.00  0.4713376E-02   0.4949469E-04   0.4762871E-02
     7730.00  0.4712906E-02   0.4942653E-04   0.4762333E-02
     7750.00  0.4674566E-02   0.4935836E-04   0.4723924E-02
     7770.00  0.4685287E-02   0.4929021E-04   0.4734577E-02
     7790.00  0.4671474E-02   0.4922205E-04   0.4720696E-02
     7810.00  0.4658792E-02   0.4915389E-04   0.4707946E-02
     7830.00  0.4613578E-02   0.4908574E-04   0.4662664E-02
     7850.00  0.4570378E-02   0.4901759E-04   0.4619396E-02
     7870.00  0.4552018E-02   0.4816289E-04   0.4600181E-02
     7890.00  0.4453977E-02   0.4809655E-04   0.4502074E-02
     7910.00  0.4371012E-02   0.4803021E-04   0.4419042E-02
     7930.00  0.4359844E-02   0.4796386E-04   0.4407808E-02
     7950.00  0.4310764E-02   0.4789752E-04   0.4358662E-02
     7970.00  0.4376978E-02   0.4783119E-04   0.4424809E-02
     7990.00  0.4349760E-02   0.4776486E-04   0.4397525E-02
     8010.00  0.4392370E-02   0.4769852E-04   0.4440069E-02
     8030.00  0.4377770E-02   0.4763219E-04   0.4425402E-02
     8050.00  0.4336658E-02   0.4756587E-04   0.4384224E-02
     8070.00  0.4317144E-02   0.4749955E-04   0.4364644E-02
     8090.00  0.4262824E-02   0.4743323E-04   0.4310257E-02
     8110.00  0.4253706E-02   0.4736692E-04   0.4301073E-02
     8130.00  0.4250248E-02   0.4730060E-04   0.4297549E-02
     8150.00  0.4230636E-02   0.4723430E-04   0.4277870E-02
     8170.00  0.4213528E-02   0.4716800E-04   0.4260696E-02
     8190.00  0.4161238E-02   0.4710171E-04   0.4208340E-02
     8210.00  0.4165898E-02   0.4224829E-04   0.4208146E-02
     8230.00  0.4159446E-02   0.2356014E-04   0.4183006E-02
     8250.00  0.4157749E-02   0.2351429E-04   0.4181263E-02
     8270.00  0.4151800E-02   0.2346863E-04   0.4175269E-02
     8290.00  0.4112981E-02   0.2319259E-04   0.4136174E-02
     8310.00  0.4039148E-02   0.2314787E-04   0.4062296E-02
     8330.00  0.4001661E-02   0.2310334E-04   0.4024764E-02
     8350.00  0.4015240E-02   0.2305899E-04   0.4038299E-02
     8370.00  0.3981244E-02   0.2301483E-04   0.4004259E-02
     8390.00  0.3926193E-02   0.2297084E-04   0.3949164E-02
     8410.00  0.3980232E-02   0.2292703E-04   0.4003159E-02
     8430.00  0.3959089E-02   0.2288340E-04   0.3981972E-02
     8450.00  0.3993650E-02   0.2283993E-04   0.4016490E-02
     8470.00  0.3898531E-02   0.2279664E-04   0.3921328E-02
     8490.00  0.3977145E-02   0.2275351E-04   0.3999899E-02
     8510.00  0.3730054E-02   0.2271055E-04   0.3752765E-02
     8530.00  0.3948897E-02   0.2266776E-04   0.3971565E-02
     8550.00  0.3385962E-02   0.2262513E-04   0.3408587E-02
     8570.00  0.4003046E-02   0.2258265E-04   0.4025629E-02
     8590.00  0.3880396E-02   0.2254034E-04   0.3902936E-02
     8610.00  0.3831652E-02   0.2249819E-04   0.3854150E-02
     8630.00  0.3956270E-02   0.2245619E-04   0.3978726E-02
     8650.00  0.3885949E-02   0.2241435E-04   0.3908363E-02
     8670.00  0.3339649E-02   0.2237265E-04   0.3362022E-02
     8690.00  0.3846684E-02   0.2233111E-04   0.3869015E-02
     8710.00  0.3891978E-02   0.2228972E-04   0.3914268E-02
     8730.00  0.3863335E-02   0.2224847E-04   0.3885583E-02
     8750.00  0.3635121E-02   0.2220737E-04   0.3657328E-02
     8770.00  0.3815886E-02   0.2216642E-04   0.3838052E-02
     8790.00  0.3827391E-02   0.2212561E-04   0.3849517E-02
     8810.00  0.3784780E-02   0.2208494E-04   0.3806865E-02
     8830.00  0.3769220E-02   0.2204441E-04   0.3791264E-02
     8850.00  0.3714897E-02   0.2200402E-04   0.3736901E-02
     8870.00  0.3537932E-02   0.2196377E-04   0.3559896E-02
     8890.00  0.3735157E-02   0.2192365E-04   0.3757081E-02
     8910.00  0.3739706E-02   0.2188367E-04   0.3761590E-02
     8930.00  0.3703324E-02   0.2184382E-04   0.3725168E-02
     8950.00  0.3675937E-02   0.2180410E-04   0.3697741E-02
     8970.00  0.3670549E-02   0.2176452E-04   0.3692314E-02
     8990.00  0.3647283E-02   0.2172507E-04   0.3669008E-02
     9010.00  0.3420428E-02   0.2168574E-04   0.3442114E-02
     9030.00  0.3543126E-02   0.2164654E-04   0.3564773E-02
     9050.00  0.3619420E-02   0.2160747E-04   0.3641027E-02
     9070.00  0.3587435E-02   0.2156852E-04   0.3609004E-02
     9090.00  0.3521180E-02   0.2152970E-04   0.3542710E-02
     9110.00  0.3543231E-02   0.2149100E-04   0.3564722E-02
     9130.00  0.3541773E-02   0.2145243E-04   0.3563225E-02
     9150.00  0.3527890E-02   0.2141398E-04   0.3549304E-02
     9170.00  0.3510373E-02   0.2137566E-04   0.3531749E-02
     9190.00  0.3502984E-02   0.2133746E-04   0.3524321E-02
     9210.00  0.3434154E-02   0.2129937E-04   0.3455453E-02
     9230.00  0.3266000E-02   0.2126140E-04   0.3287261E-02
     9250.00  0.3386473E-02   0.2122354E-04   0.3407697E-02
     9270.00  0.3410378E-02   0.2118580E-04   0.3431564E-02
     9290.00  0.3409109E-02   0.2114817E-04   0.3430257E-02
     9310.00  0.3408036E-02   0.2111066E-04   0.3429147E-02
     9330.00  0.3389075E-02   0.2107325E-04   0.3410148E-02
     9350.00  0.3366866E-02   0.2103596E-04   0.3387902E-02
     9370.00  0.3325551E-02   0.2099878E-04   0.3346550E-02
     9390.00  0.3339429E-02   0.2096171E-04   0.3360391E-02
     9410.00  0.3281546E-02   0.2092474E-04   0.3302471E-02
     9430.00  0.3308359E-02   0.2088788E-04   0.3329247E-02
     9450.00  0.3275204E-02   0.2085113E-04   0.3296055E-02
     9470.00  0.3279986E-02   0.2081449E-04   0.3300800E-02
     9490.00  0.3265839E-02   0.2077795E-04   0.3286617E-02
     9510.00  0.3242779E-02   0.2074152E-04   0.3263521E-02
     9530.00  0.3199805E-02   0.2070518E-04   0.3220510E-02
     9550.00  0.3033542E-02   0.2066896E-04   0.3054211E-02
     9570.00  0.3164738E-02   0.2063283E-04   0.3185371E-02
     9590.00  0.3187184E-02   0.2059681E-04   0.3207781E-02
     9610.00  0.3156618E-02   0.2056088E-04   0.3177179E-02
     9630.00  0.3144629E-02   0.2052506E-04   0.3165154E-02
     9650.00  0.3107733E-02   0.2048933E-04   0.3128222E-02
     9670.00  0.3098018E-02   0.2045371E-04   0.3118472E-02
     9690.00  0.3105264E-02   0.2041817E-04   0.3125682E-02
     9710.00  0.3083977E-02   0.2038274E-04   0.3104360E-02
     9730.00  0.3067256E-02   0.2034741E-04   0.3087603E-02
     9750.00  0.3048196E-02   0.2031217E-04   0.3068508E-02
     9770.00  0.3043054E-02   0.2027703E-04   0.3063331E-02
     9790.00  0.3009585E-02   0.2024198E-04   0.3029827E-02
     9810.00  0.3030255E-02   0.2020703E-04   0.3050462E-02
     9830.00  0.3016800E-02   0.2017217E-04   0.3036972E-02
     9850.00  0.3005359E-02   0.2013739E-04   0.3025496E-02
     9870.00  0.2983118E-02   0.2010272E-04   0.3003221E-02
     9890.00  0.2968501E-02   0.2006813E-04   0.2988569E-02
     9910.00  0.2958904E-02   0.2003364E-04   0.2978938E-02
     9930.00  0.2950032E-02   0.1999924E-04   0.2970031E-02
     9950.00  0.2938902E-02   0.1996493E-04   0.2958867E-02
     9970.00  0.2927236E-02   0.1993071E-04   0.2947167E-02
     9990.00  0.2911634E-02   0.1989658E-04   0.2931531E-02
    10025.00  0.2847280E-02   0.1983706E-04   0.2867117E-02
    10075.00  0.2787774E-02   0.1975249E-04   0.2807526E-02
    10125.00  0.2804909E-02   0.1966847E-04   0.2824577E-02
    10175.00  0.2762396E-02   0.1958542E-04   0.2781981E-02
    10225.00  0.2744559E-02   0.1950296E-04   0.2764062E-02
    10275.00  0.2725728E-02   0.1942100E-04   0.2745149E-02
    10325.00  0.2672975E-02   0.1933954E-04   0.2692315E-02
    10375.00  0.2645998E-02   0.1925856E-04   0.2665257E-02
    10425.00  0.2631750E-02   0.1917806E-04   0.2650928E-02
    10475.00  0.2593528E-02   0.1909804E-04   0.2612626E-02
    10525.00  0.2578592E-02   0.1901848E-04   0.2597610E-02
    10575.00  0.2542478E-02   0.1893940E-04   0.2561417E-02
    10625.00  0.2514401E-02   0.1886077E-04   0.2533262E-02
    10675.00  0.2468163E-02   0.1878260E-04   0.2486946E-02
    10725.00  0.2455904E-02   0.1870488E-04   0.2474609E-02
    10775.00  0.2422709E-02   0.1862760E-04   0.2441337E-02
    10825.00  0.2386912E-02   0.1855076E-04   0.2405463E-02
    10875.00  0.2366581E-02   0.1847437E-04   0.2385055E-02
    10925.00  0.2313317E-02   0.1839840E-04   0.2331715E-02
    10975.00  0.2314220E-02   0.1832287E-04   0.2332543E-02
    11025.00  0.2316329E-02   0.1824776E-04   0.2334577E-02
    11075.00  0.2298097E-02   0.1817307E-04   0.2316270E-02
    11125.00  0.2269664E-02   0.1809880E-04   0.2287763E-02
    11175.00  0.2239970E-02   0.1669685E-04   0.2256667E-02
    11225.00  0.2228096E-02   0.1662798E-04   0.2244724E-02
    11275.00  0.2190668E-02   0.1655951E-04   0.2207228E-02
    11325.00  0.2170859E-02   0.1649145E-04   0.2187350E-02
    11375.00  0.2147870E-02   0.1642379E-04   0.2164294E-02
    11425.00  0.2116947E-02   0.1635651E-04   0.2133304E-02
    11475.00  0.2119364E-02   0.1628963E-04   0.2135654E-02
    11525.00  0.2099915E-02   0.1622314E-04   0.2116138E-02
    11575.00  0.2069571E-02   0.1615703E-04   0.2085728E-02
    11625.00  0.2033546E-02   0.1609130E-04   0.2049637E-02
    11675.00  0.2022787E-02   0.1602595E-04   0.2038813E-02
    11725.00  0.2021206E-02   0.1596097E-04   0.2037167E-02
    11775.00  0.1983135E-02   0.1589636E-04   0.1999031E-02
    11825.00  0.1966507E-02   0.1583212E-04   0.1982339E-02
    11875.00  0.1931693E-02   0.1576825E-04   0.1947461E-02
    11925.00  0.1945285E-02   0.1570474E-04   0.1960990E-02
    11975.00  0.1890800E-02   0.1564159E-04   0.1906442E-02
    12025.00  0.1899622E-02   0.1557879E-04   0.1915201E-02
    12075.00  0.1873904E-02   0.1551635E-04   0.1889420E-02
    12125.00  0.1861378E-02   0.1545425E-04   0.1876832E-02
    12175.00  0.1854237E-02   0.1539251E-04   0.1869630E-02
    12225.00  0.1834739E-02   0.1533110E-04   0.1850070E-02
    12275.00  0.1814393E-02   0.1527004E-04   0.1829663E-02
    12325.00  0.1800584E-02   0.1520933E-04   0.1815793E-02
    12375.00  0.1783458E-02   0.1514894E-04   0.1798607E-02
    12425.00  0.1768386E-02   0.1508889E-04   0.1783475E-02
    12475.00  0.1755503E-02   0.1502918E-04   0.1770532E-02
    12525.00  0.1735100E-02   0.1495549E-04   0.1750055E-02
    12575.00  0.1720594E-02   0.1489653E-04   0.1735491E-02
    12625.00  0.1704656E-02   0.1483790E-04   0.1719494E-02
    12675.00  0.1687964E-02   0.1477959E-04   0.1702744E-02
    12725.00  0.1678765E-02   0.1472160E-04   0.1693487E-02
    12775.00  0.1664356E-02   0.1466393E-04   0.1679020E-02
    12825.00  0.1598167E-02   0.1460657E-04   0.1612774E-02
    12875.00  0.1627196E-02   0.1454952E-04   0.1641746E-02
    12925.00  0.1612130E-02   0.1449279E-04   0.1626623E-02
    12975.00  0.1609762E-02   0.1443636E-04   0.1624198E-02
    13025.00  0.1591055E-02   0.1438024E-04   0.1605435E-02
    13075.00  0.1583288E-02   0.1432429E-04   0.1597612E-02
    13125.00  0.1560980E-02   0.1426862E-04   0.1575249E-02
    13175.00  0.1547886E-02   0.1421326E-04   0.1562099E-02
    13225.00  0.1541279E-02   0.1415818E-04   0.1555437E-02
    13275.00  0.1516193E-02   0.1410341E-04   0.1530296E-02
    13325.00  0.1515276E-02   0.1404892E-04   0.1529325E-02
    13375.00  0.1499772E-02   0.1399472E-04   0.1513767E-02
    13425.00  0.1497129E-02   0.1394082E-04   0.1511070E-02
    13475.00  0.1483972E-02   0.1388719E-04   0.1497859E-02
    13525.00  0.1473139E-02   0.1383386E-04   0.1486973E-02
    13575.00  0.1449488E-02   0.1378080E-04   0.1463269E-02
    13625.00  0.1438480E-02   0.1372218E-04   0.1452202E-02
    13675.00  0.1432769E-02   0.1366971E-04   0.1446439E-02
    13725.00  0.1424914E-02   0.1361752E-04   0.1438532E-02
    13775.00  0.1414478E-02   0.1356561E-04   0.1428044E-02
    13825.00  0.1406275E-02   0.1351397E-04   0.1419789E-02
    13875.00  0.1389626E-02   0.1346260E-04   0.1403089E-02
    13925.00  0.1387540E-02   0.1341151E-04   0.1400952E-02
    13975.00  0.1379337E-02   0.1336068E-04   0.1392698E-02
    14025.00  0.1358392E-02   0.1331012E-04   0.1371702E-02
    14075.00  0.1359046E-02   0.1325983E-04   0.1372306E-02
    14125.00  0.1342055E-02   0.1314828E-04   0.1355203E-02
    14175.00  0.1341597E-02   0.1309890E-04   0.1354696E-02
    14225.00  0.1319642E-02   0.1304979E-04   0.1332692E-02
    14275.00  0.1305383E-02   0.1300093E-04   0.1318384E-02
    14325.00  0.1309857E-02   0.1295232E-04   0.1322809E-02
    14375.00  0.1307208E-02   0.1290397E-04   0.1320112E-02
    14425.00  0.1273903E-02   0.1285587E-04   0.1286759E-02
    14475.00  0.1287385E-02   0.1280802E-04   0.1300193E-02
    14525.00  0.1266192E-02   0.1276042E-04   0.1278952E-02
    14570.00  0.1265723E-02   0.1271779E-04   0.1278441E-02
    14620.00  0.1261168E-02   0.9449676E-05   0.1270618E-02
    14675.00  0.1254617E-02   0.9411192E-05   0.1264028E-02
    14725.00  0.1233033E-02   0.9354169E-05   0.1242387E-02
    14775.00  0.1231191E-02   0.9319671E-05   0.1240511E-02
    14825.00  0.1223490E-02   0.9285366E-05   0.1232775E-02
    14875.00  0.1207894E-02   0.9251255E-05   0.1217145E-02
    14925.00  0.1215065E-02   0.9217335E-05   0.1224282E-02
    14975.00  0.1200605E-02   0.9183606E-05   0.1209789E-02
    15025.00  0.1186200E-02   0.9150065E-05   0.1195350E-02
    15075.00  0.1173369E-02   0.9116712E-05   0.1182486E-02
    15125.00  0.1182380E-02   0.9083543E-05   0.1191464E-02
    15175.00  0.1178305E-02   0.9050559E-05   0.1187356E-02
    15225.00  0.1175142E-02   0.9017769E-05   0.1184160E-02
    15275.00  0.1163393E-02   0.8985170E-05   0.1172378E-02
    15325.00  0.1154925E-02   0.8952751E-05   0.1163878E-02
    15375.00  0.1161732E-02   0.8920509E-05   0.1170653E-02
    15425.00  0.1144975E-02   0.8888443E-05   0.1153863E-02
    15475.00  0.1150898E-02   0.8856553E-05   0.1159755E-02
    15525.00  0.1138418E-02   0.8824836E-05   0.1147243E-02
    15575.00  0.1100371E-02   0.8793292E-05   0.1109164E-02
    15625.00  0.1124330E-02   0.8761919E-05   0.1133092E-02
    15675.00  0.1108388E-02   0.8730716E-05   0.1117119E-02
    15725.00  0.1099056E-02   0.8699681E-05   0.1107756E-02
    15775.00  0.1069926E-02   0.8668814E-05   0.1078595E-02
    15825.00  0.1079487E-02   0.8638113E-05   0.1088125E-02
    15875.00  0.1046127E-02   0.8607578E-05   0.1054735E-02
    15925.00  0.1078724E-02   0.8577206E-05   0.1087301E-02
    15975.00  0.1057586E-02   0.8546997E-05   0.1066133E-02
    16050.00  0.1052834E-02   0.8501986E-05   0.1061336E-02
    16150.00  0.1031846E-02   0.8442530E-05   0.1040289E-02
    16250.00  0.1024707E-02   0.8383703E-05   0.1033091E-02
    16350.00  0.1019301E-02   0.8325498E-05   0.1027626E-02
    16450.00  0.9704336E-03   0.8267905E-05   0.9787015E-03
    16550.00  0.9854204E-03   0.8210916E-05   0.9936313E-03
    16650.00  0.9514228E-03   0.8154523E-05   0.9595773E-03
    16750.00  0.9429107E-03   0.8098717E-05   0.9510094E-03
    16850.00  0.9058161E-03   0.8043489E-05   0.9138596E-03
    16950.00  0.9143028E-03   0.7988834E-05   0.9222916E-03
    17050.00  0.8855886E-03   0.7934741E-05   0.8935233E-03
    17150.00  0.8761891E-03   0.7881205E-05   0.8840703E-03
    17250.00  0.8570532E-03   0.7828216E-05   0.8648814E-03
    17350.00  0.8255178E-03   0.7775769E-05   0.8332936E-03
    17450.00  0.8253358E-03   0.7723855E-05   0.8330597E-03
    17550.00  0.8102131E-03   0.7672468E-05   0.8178856E-03
    17650.00  0.7974604E-03   0.7621601E-05   0.8050820E-03
    17750.00  0.7806912E-03   0.7571246E-05   0.7882624E-03
    17850.00  0.7688639E-03   0.7521397E-05   0.7763853E-03
    17950.00  0.7562672E-03   0.7472048E-05   0.7637392E-03
    18050.00  0.7391981E-03   0.7423191E-05   0.7466213E-03
    18150.00  0.7198270E-03   0.7374820E-05   0.7272018E-03
    18250.00  0.7121710E-03   0.7326940E-05   0.7194979E-03
    18350.00  0.7010362E-03   0.7279616E-05   0.7083158E-03
    18450.00  0.6858252E-03   0.7232753E-05   0.6930580E-03
    18550.00  0.6762833E-03   0.6956476E-05   0.6832398E-03
    18650.00  0.6609116E-03   0.6912068E-05   0.6678237E-03
    18750.00  0.6391112E-03   0.6868091E-05   0.6459793E-03
    18850.00  0.6406896E-03   0.6824538E-05   0.6475141E-03
    18950.00  0.6201693E-03   0.6781405E-05   0.6269507E-03
    19050.00  0.6209941E-03   0.6738687E-05   0.6277328E-03
    19150.00  0.6085158E-03   0.6696377E-05   0.6152122E-03
    19250.00  0.5990326E-03   0.6654473E-05   0.6056871E-03
    19350.00  0.5847093E-03   0.6612968E-05   0.5913223E-03
    19450.00  0.5679021E-03   0.6571858E-05   0.5744740E-03
    19550.00  0.5672349E-03   0.6531137E-05   0.5737660E-03
    19650.00  0.5577386E-03   0.6490802E-05   0.5642294E-03
    19750.00  0.5470515E-03   0.6450846E-05   0.5535023E-03
    19850.00  0.5390231E-03   0.6411267E-05   0.5454344E-03
    19950.00  0.5302782E-03   0.6372058E-05   0.5366503E-03
    20050.00  0.5247967E-03   0.6333217E-05   0.5311299E-03
    20150.00  0.5173156E-03   0.6294738E-05   0.5236103E-03
    20250.00  0.5051931E-03   0.6254891E-05   0.5114480E-03
    20350.00  0.4955082E-03   0.6217140E-05   0.5017253E-03
    20450.00  0.4923152E-03   0.6179739E-05   0.4984949E-03
    20550.00  0.4835807E-03   0.6142682E-05   0.4897234E-03
    20650.00  0.4739588E-03   0.6105967E-05   0.4800648E-03
    20750.00  0.4670195E-03   0.6069589E-05   0.4730891E-03
    20850.00  0.4599842E-03   0.6033545E-05   0.4660177E-03
    20950.00  0.4506916E-03   0.5997829E-05   0.4566894E-03
    21050.00  0.4463216E-03   0.5962439E-05   0.4522840E-03
    21150.00  0.4381995E-03   0.5927371E-05   0.4441269E-03
    21250.00  0.4313096E-03   0.5892620E-05   0.4372022E-03
    21350.00  0.4259967E-03   0.5858183E-05   0.4318549E-03
    21450.00  0.4194056E-03   0.5824057E-05   0.4252297E-03
    21550.00  0.4127691E-03   0.5789481E-05   0.4185586E-03
    21650.00  0.4007359E-03   0.5755971E-05   0.4064919E-03
    21750.00  0.3980566E-03   0.5722760E-05   0.4037794E-03
    21850.00  0.3923246E-03   0.5689846E-05   0.3980144E-03
    21950.00  0.3876244E-03   0.5657224E-05   0.3932816E-03
    22050.00  0.3792101E-03   0.5624892E-05   0.3848350E-03
    22150.00  0.3758537E-03   0.5592846E-05   0.3814465E-03
    22250.00  0.3682928E-03   0.5552544E-05   0.3738453E-03
    22350.00  0.3632865E-03   0.5521146E-05   0.3688076E-03
    22450.00  0.3583348E-03   0.5490023E-05   0.3638248E-03
    22550.00  0.3525941E-03   0.5459173E-05   0.3580533E-03
    22650.00  0.3470505E-03   0.5428591E-05   0.3524791E-03
    22750.00  0.3430428E-03   0.5398275E-05   0.3484411E-03
    22850.00  0.3367775E-03   0.4678074E-05   0.3414556E-03
    22950.00  0.2943026E-03   0.4649027E-05   0.2989516E-03
    23050.00  0.3109466E-03   0.4623762E-05   0.3155704E-03
    23150.00  0.3072498E-03   0.4598715E-05   0.3118485E-03
    23250.00  0.2711068E-03   0.4573884E-05   0.2756807E-03
    23350.00  0.2876498E-03   0.4549266E-05   0.2921991E-03
    23450.00  0.2849623E-03   0.4524859E-05   0.2894872E-03
    23550.00  0.2516581E-03   0.4500660E-05   0.2561588E-03
    23650.00  0.2691931E-03   0.4476667E-05   0.2736698E-03
    23750.00  0.2661822E-03   0.4452878E-05   0.2706351E-03
    23850.00  0.2390128E-03   0.4429290E-05   0.2434421E-03
    23950.00  0.2528523E-03   0.4405902E-05   0.2572582E-03
    24050.00  0.2533252E-03   0.4382710E-05   0.2577079E-03
    24150.00  0.2308892E-03   0.4359713E-05   0.2352489E-03
    24250.00  0.2415347E-03   0.4336908E-05   0.2458716E-03
    24350.00  0.2412902E-03   0.4314294E-05   0.2456045E-03
    24450.00  0.2269162E-03   0.4291868E-05   0.2312081E-03
    24550.00  0.2269940E-03   0.4269628E-05   0.2312636E-03
    24650.00  0.2329246E-03   0.4247572E-05   0.2371722E-03
    24750.00  0.2247153E-03   0.4225699E-05   0.2289410E-03
    24850.00  0.2151762E-03   0.4204005E-05   0.2193802E-03
    24950.00  0.2207463E-03   0.4182489E-05   0.2249288E-03
    25050.00  0.2253317E-03   0.4161150E-05   0.2294928E-03
    25150.00  0.2073555E-03   0.4139984E-05   0.2114955E-03
    25250.00  0.2131154E-03   0.4118991E-05   0.2172344E-03
    25350.00  0.2143158E-03   0.4098168E-05   0.2184140E-03
    25450.00  0.2084581E-03   0.4077514E-05   0.2125356E-03
    25550.00  0.2048784E-03   0.4057027E-05   0.2089354E-03
    25650.00  0.2044626E-03   0.4036705E-05   0.2084993E-03
    25750.00  0.2053071E-03   0.4016545E-05   0.2093236E-03
    25850.00  0.1950626E-03   0.3996548E-05   0.1990591E-03
    25950.00  0.1972083E-03   0.3976710E-05   0.2011850E-03
    26050.00  0.1973517E-03   0.3957030E-05   0.2013087E-03
    26150.00  0.1919280E-03   0.3937506E-05   0.1958655E-03
    26250.00  0.1890123E-03   0.3918137E-05   0.1929304E-03
    26350.00  0.1903622E-03   0.3898921E-05   0.1942611E-03
    26450.00  0.1890284E-03   0.3879857E-05   0.1929083E-03
    26550.00  0.1848737E-03   0.3860942E-05   0.1887346E-03
    26650.00  0.1814236E-03   0.3842175E-05   0.1852658E-03
    26750.00  0.1831246E-03   0.3823556E-05   0.1869482E-03
    26850.00  0.1812893E-03   0.3805081E-05   0.1850944E-03
    26950.00  0.1768855E-03   0.3786750E-05   0.1806723E-03
    27050.00  0.1769757E-03   0.3768561E-05   0.1807443E-03
    27150.00  0.1749804E-03   0.3750513E-05   0.1787309E-03
    27250.00  0.1740043E-03   0.3732604E-05   0.1777369E-03
    27350.00  0.1696336E-03   0.3714833E-05   0.1733484E-03
    27450.00  0.1693977E-03   0.3697199E-05   0.1730949E-03
    27550.00  0.1675675E-03   0.3679699E-05   0.1712472E-03
    27650.00  0.1655296E-03   0.3605739E-05   0.1691353E-03
    27750.00  0.1630166E-03   0.3588809E-05   0.1666054E-03
    27850.00  0.1620622E-03   0.3572007E-05   0.1656342E-03
    27950.00  0.1611787E-03   0.3555333E-05   0.1647340E-03
    28050.00  0.1590512E-03   0.3538784E-05   0.1625900E-03
    28150.00  0.1565422E-03   0.3522360E-05   0.1600646E-03
    28250.00  0.1551897E-03   0.3506060E-05   0.1586958E-03
    28350.00  0.1539720E-03   0.3489882E-05   0.1574619E-03
    28450.00  0.1519721E-03   0.3473824E-05   0.1554459E-03
    28550.00  0.1500598E-03   0.3457887E-05   0.1535177E-03
    28650.00  0.1482212E-03   0.3442067E-05   0.1516633E-03
    28750.00  0.1456632E-03   0.3426366E-05   0.1490896E-03
    28850.00  0.1450083E-03   0.3410780E-05   0.1484191E-03
    28950.00  0.1433852E-03   0.3395310E-05   0.1467805E-03
    29050.00  0.1415992E-03   0.3379953E-05   0.1449792E-03
    29150.00  0.1401586E-03   0.3364709E-05   0.1435233E-03
    29250.00  0.1379145E-03   0.3349577E-05   0.1412641E-03
    29350.00  0.1370897E-03   0.3334555E-05   0.1404243E-03
    29450.00  0.1349023E-03   0.3319642E-05   0.1382219E-03
    29550.00  0.1334615E-03   0.3304839E-05   0.1367663E-03
    29650.00  0.1321559E-03   0.3290142E-05   0.1354460E-03
    29750.00  0.1305751E-03   0.3275224E-05   0.1338503E-03
    29850.00  0.1289601E-03   0.3260740E-05   0.1322208E-03
    29950.00  0.1274168E-03   0.3246361E-05   0.1306632E-03
    30050.00  0.1258093E-03   0.3232084E-05   0.1290414E-03
    30150.00  0.1245008E-03   0.3217910E-05   0.1277187E-03
    30250.00  0.1229129E-03   0.3203837E-05   0.1261167E-03
    30350.00  0.1202803E-03   0.3189865E-05   0.1234702E-03
    30450.00  0.1198009E-03   0.3175991E-05   0.1229769E-03
    30550.00  0.1184216E-03   0.3162216E-05   0.1215838E-03
    30650.00  0.1169692E-03   0.3148539E-05   0.1201177E-03
    30750.00  0.1158311E-03   0.3134957E-05   0.1189661E-03
    30850.00  0.1142336E-03   0.3121472E-05   0.1173551E-03
    30950.00  0.1128409E-03   0.3108081E-05   0.1159490E-03
    31050.00  0.1117776E-03   0.3094784E-05   0.1148724E-03
    31150.00  0.1098655E-03   0.3081580E-05   0.1129471E-03
    31250.00  0.1090111E-03   0.3068468E-05   0.1120796E-03
    31350.00  0.1077754E-03   0.3055295E-05   0.1108307E-03
    31450.00  0.1065017E-03   0.3042363E-05   0.1095441E-03
    31550.00  0.1049827E-03   0.3029520E-05   0.1080122E-03
    31650.00  0.1039292E-03   0.3016766E-05   0.1069460E-03
    31750.00  0.1027997E-03   0.3004100E-05   0.1058038E-03
    31850.00  0.1015908E-03   0.2991520E-05   0.1045823E-03
    31950.00  0.1004956E-03   0.2979027E-05   0.1034746E-03
    32100.00  0.9863836E-04   0.2958720E-05   0.1015971E-03
    32300.00  0.9637793E-04   0.2934269E-05   0.9931220E-04
    32500.00  0.9415447E-04   0.2910148E-05   0.9706462E-04
    32700.00  0.9197966E-04   0.2886351E-05   0.9486601E-04
    32900.00  0.8942769E-04   0.2668085E-05   0.9209578E-04
    33100.00  0.8775423E-04   0.2646015E-05   0.9040024E-04
    33300.00  0.8573505E-04   0.2624997E-05   0.8836005E-04
    33500.00  0.8399717E-04   0.2604255E-05   0.8660143E-04
    33700.00  0.8202347E-04   0.2583784E-05   0.8460725E-04
    33900.00  0.8008183E-04   0.2563580E-05   0.8264541E-04
    34100.00  0.7829608E-04   0.2543636E-05   0.8083972E-04
    34300.00  0.7681297E-04   0.2523950E-05   0.7933692E-04
    34500.00  0.7518759E-04   0.2504517E-05   0.7769211E-04
    34700.00  0.7352905E-04   0.2485331E-05   0.7601438E-04
    34900.00  0.7198399E-04   0.2466389E-05   0.7445038E-04
    35100.00  0.7047127E-04   0.2447687E-05   0.7291896E-04
    35300.00  0.6885268E-04   0.2429220E-05   0.7128190E-04
    35500.00  0.6749008E-04   0.2410985E-05   0.6990107E-04
    35700.00  0.6598650E-04   0.2392977E-05   0.6837948E-04
    35900.00  0.6468398E-04   0.2375193E-05   0.6705917E-04
    36100.00  0.6335383E-04   0.2357629E-05   0.6571146E-04
    36300.00  0.6216576E-04   0.2340281E-05   0.6450604E-04
    36500.00  0.6063241E-04   0.2323146E-05   0.6295556E-04
    36700.00  0.5946474E-04   0.2306219E-05   0.6177096E-04
    36900.00  0.5799291E-04   0.2289499E-05   0.6028241E-04
    37100.00  0.5690346E-04   0.2272980E-05   0.5917644E-04
    37300.00  0.5586358E-04   0.2256660E-05   0.5812024E-04
    37500.00  0.5427770E-04   0.2240536E-05   0.5651824E-04
    37700.00  0.5370815E-04   0.2224604E-05   0.5593275E-04
    37900.00  0.5265393E-04   0.2208862E-05   0.5486279E-04
    38100.00  0.5157236E-04   0.2193306E-05   0.5376567E-04
    38300.00  0.5065225E-04   0.2177933E-05   0.5283018E-04
    38500.00  0.4972927E-04   0.2162740E-05   0.5189201E-04
    38700.00  0.4869549E-04   0.2130117E-05   0.5082561E-04
    38900.00  0.4775615E-04   0.2115425E-05   0.4987158E-04
    39100.00  0.4675758E-04   0.2100903E-05   0.4885848E-04
    39300.00  0.4599791E-04   0.2086549E-05   0.4808446E-04
    39500.00  0.4500994E-04   0.2072359E-05   0.4708230E-04
    39700.00  0.4423542E-04   0.2058331E-05   0.4629375E-04
    39900.00  0.4320090E-04   0.2044462E-05   0.4524536E-04
    40100.00  0.4246239E-04   0.2030751E-05   0.4449314E-04
    40300.00  0.4169545E-04   0.2017194E-05   0.4371264E-04
    40500.00  0.4073571E-04   0.2003790E-05   0.4273950E-04
    40700.00  0.4020302E-04   0.1990535E-05   0.4219356E-04
    40900.00  0.3946968E-04   0.1977429E-05   0.4144711E-04
    41100.00  0.3879191E-04   0.1964390E-05   0.4075630E-04
    41300.00  0.3809680E-04   0.1951572E-05   0.4004837E-04
    41500.00  0.3734622E-04   0.1938895E-05   0.3928511E-04
    41700.00  0.3655587E-04   0.1926357E-05   0.3848223E-04
    41900.00  0.3598497E-04   0.1913955E-05   0.3789893E-04
    42100.00  0.3526614E-04   0.1901689E-05   0.3716783E-04
    42300.00  0.3477876E-04   0.1889555E-05   0.3666831E-04
    42500.00  0.3407769E-04   0.1877552E-05   0.3595524E-04
    42700.00  0.3354200E-04   0.1865678E-05   0.3540768E-04
    42900.00  0.3137435E-04   0.1853931E-05   0.3322828E-04
    43100.00  0.2971804E-04   0.1842270E-05   0.3156031E-04
    43300.00  0.3022423E-04   0.1830772E-05   0.3205500E-04
    43500.00  0.2823426E-04   0.1819395E-05   0.3005366E-04
    43700.00  0.2753966E-04   0.1808139E-05   0.2934780E-04
    43900.00  0.2700797E-04   0.1796548E-05   0.2880452E-04
    44100.00  0.2499917E-04   0.1785531E-05   0.2678470E-04
    44300.00  0.2510916E-04   0.1774628E-05   0.2688379E-04
    44500.00  0.2434227E-04   0.1763839E-05   0.2610611E-04
    44700.00  0.2286608E-04   0.1738048E-05   0.2460413E-04
    44900.00  0.2348186E-04   0.1675925E-05   0.2515779E-04
    45100.00  0.2264363E-04   0.1665966E-05   0.2430960E-04
    45300.00  0.2152500E-04   0.1656108E-05   0.2318111E-04
    45500.00  0.2179374E-04   0.1646349E-05   0.2344009E-04
    45700.00  0.2145630E-04   0.1636689E-05   0.2309299E-04
    45900.00  0.2018196E-04   0.1627126E-05   0.2180909E-04
    46100.00  0.2073379E-04   0.1617658E-05   0.2235145E-04
    46300.00  0.2010126E-04   0.1608285E-05   0.2170955E-04
    46500.00  0.1983664E-04   0.1599005E-05   0.2143564E-04
    46700.00  0.1965999E-04   0.1589816E-05   0.2124981E-04
    46900.00  0.1935785E-04   0.1580718E-05   0.2093857E-04
    47100.00  0.1885366E-04   0.1571710E-05   0.2042537E-04
    47300.00  0.1909164E-04   0.1562789E-05   0.2065443E-04
    47500.00  0.1863999E-04   0.1553955E-05   0.2019395E-04
    47700.00  0.1840135E-04   0.1545207E-05   0.1994656E-04
    47900.00  0.1806673E-04   0.1536543E-05   0.1960327E-04
    48100.00  0.1762532E-04   0.1527963E-05   0.1915328E-04
    48300.00  0.1790225E-04   0.1519465E-05   0.1942172E-04
    48500.00  0.1747795E-04   0.1511049E-05   0.1898900E-04
    48700.00  0.1707691E-04   0.1502712E-05   0.1857962E-04
    48900.00  0.1702128E-04   0.1494455E-05   0.1851574E-04
    49100.00  0.1662573E-04   0.1486276E-05   0.1811201E-04
    49300.00  0.1645543E-04   0.1478174E-05   0.1793360E-04
    49500.00  0.1619488E-04   0.1470147E-05   0.1766503E-04
    49700.00  0.1613483E-04   0.1462196E-05   0.1759703E-04
    49900.00  0.1581105E-04   0.1454319E-05   0.1726537E-04
    50100.00  0.1577354E-04   0.1446515E-05   0.1722006E-04
    50300.00  0.1554780E-04   0.1438784E-05   0.1698658E-04
    50500.00  0.1512444E-04   0.1431123E-05   0.1655556E-04
    50700.00  0.1499600E-04   0.1423533E-05   0.1641953E-04
    50900.00  0.1487247E-04   0.1416013E-05   0.1628848E-04
    51100.00  0.1457813E-04   0.1408561E-05   0.1598669E-04
    51300.00  0.1438627E-04   0.1401177E-05   0.1578745E-04
    51500.00  0.1421371E-04   0.1387369E-05   0.1560108E-04
    51700.00  0.1428713E-04   0.1380161E-05   0.1566729E-04
    51900.00  0.1394517E-04   0.1373018E-05   0.1531819E-04
    52100.00  0.1372168E-04   0.1365939E-05   0.1508762E-04
    52300.00  0.1356894E-04   0.1358923E-05   0.1492786E-04
    52500.00  0.1350176E-04   0.1351970E-05   0.1485373E-04
    52700.00  0.1355280E-04   0.1345078E-05   0.1489788E-04
    52900.00  0.1308176E-04   0.1338247E-05   0.1442001E-04
    53100.00  0.1288460E-04   0.1331476E-05   0.1421608E-04
    53300.00  0.1284635E-04   0.1324765E-05   0.1417111E-04
    53500.00  0.1269058E-04   0.1318112E-05   0.1400869E-04
    53700.00  0.1255160E-04   0.1311517E-05   0.1386312E-04
    53900.00  0.1243387E-04   0.1304980E-05   0.1373885E-04
    54100.00  0.1229156E-04   0.1298499E-05   0.1359006E-04
    54300.00  0.1205232E-04   0.1292052E-05   0.1334437E-04
    54500.00  0.1204852E-04   0.1285682E-05   0.1333420E-04
    54700.00  0.1181043E-04   0.1279367E-05   0.1308980E-04
    54900.00  0.1172814E-04   0.1273106E-05   0.1300125E-04
    55100.00  0.1151452E-04   0.1266898E-05   0.1278142E-04
    55300.00  0.1165840E-04   0.1260742E-05   0.1291914E-04
    55500.00  0.1126542E-04   0.1254639E-05   0.1252006E-04
    55700.00  0.1131709E-04   0.1248587E-05   0.1256568E-04
    55900.00  0.1108643E-04   0.1242586E-05   0.1232902E-04
    56100.00  0.1105975E-04   0.1236636E-05   0.1229639E-04
    56300.00  0.1080312E-04   0.1230734E-05   0.1203385E-04
    56500.00  0.1080625E-04   0.1224873E-05   0.1203112E-04
    56700.00  0.1065649E-04   0.1219070E-05   0.1187556E-04
    56900.00  0.1043215E-04   0.1213314E-05   0.1164546E-04
    57100.00  0.1044042E-04   0.1207607E-05   0.1164803E-04
    57300.00  0.1032665E-04   0.1201946E-05   0.1152860E-04
    57500.00  0.1020050E-04   0.1196190E-05   0.1139669E-04
    57700.00  0.1006066E-04   0.1190622E-05   0.1125128E-04
    57900.00  0.1002038E-04   0.1185099E-05   0.1120548E-04
    58100.00  0.9864259E-05   0.1179621E-05   0.1104388E-04
    58300.00  0.9761431E-05   0.1174187E-05   0.1093562E-04
    58500.00  0.9659574E-05   0.1142442E-05   0.1080202E-04
    58700.00  0.9496499E-05   0.1137189E-05   0.1063369E-04
    58900.00  0.9418766E-05   0.1132042E-05   0.1055081E-04
    59100.00  0.9295746E-05   0.1126935E-05   0.1042268E-04
    59300.00  0.9237636E-05   0.1121869E-05   0.1035951E-04
    59500.00  0.9100389E-05   0.1116844E-05   0.1021723E-04
    59700.00  0.9047714E-05   0.1111857E-05   0.1015957E-04
    59900.00  0.8944028E-05   0.1106910E-05   0.1005094E-04
    60100.00  0.8852229E-05   0.1102002E-05   0.9954231E-05
    60300.00  0.8748210E-05   0.1097132E-05   0.9845342E-05
    60500.00  0.8608101E-05   0.1092300E-05   0.9700401E-05
    60700.00  0.8528818E-05   0.1087505E-05   0.9616323E-05
    60900.00  0.8427025E-05   0.1082747E-05   0.9509772E-05
    61100.00  0.8318355E-05   0.1078026E-05   0.9396381E-05
    61300.00  0.8251123E-05   0.1073341E-05   0.9324464E-05
    61500.00  0.8172799E-05   0.1068693E-05   0.9241492E-05
    61700.00  0.8117446E-05   0.1064079E-05   0.9181525E-05
    61900.00  0.8015227E-05   0.1059501E-05   0.9074728E-05
    62100.00  0.7946992E-05   0.1054957E-05   0.9001949E-05
    62300.00  0.7832301E-05   0.1050448E-05   0.8882749E-05
    62500.00  0.7719188E-05   0.1045973E-05   0.8765161E-05
    62700.00  0.7642464E-05   0.1041531E-05   0.8683995E-05
    62900.00  0.7560800E-05   0.1037123E-05   0.8597923E-05
    63100.00  0.7478186E-05   0.1032748E-05   0.8510934E-05
    63300.00  0.7425942E-05   0.1028405E-05   0.8454347E-05
    63500.00  0.7327031E-05   0.1024095E-05   0.8351126E-05
    63700.00  0.7284196E-05   0.1019816E-05   0.8304012E-05
    63900.00  0.7158008E-05   0.1015570E-05   0.8173578E-05
    64200.00  0.7065643E-05   0.1009258E-05   0.8074901E-05
    64600.00  0.6901614E-05   0.1000950E-05   0.7902564E-05
    65000.00  0.6761792E-05   0.9927623E-06   0.7754554E-05
    65400.00  0.6610528E-05   0.9846931E-06   0.7595221E-05
    65800.00  0.6483602E-05   0.9767397E-06   0.7460342E-05
    66200.00  0.6336347E-05   0.9661983E-06   0.7302545E-05
    66600.00  0.6204453E-05   0.9584989E-06   0.7162952E-05
    67000.00  0.6079978E-05   0.9509080E-06   0.7030886E-05
    67400.00  0.5944892E-05   0.9434236E-06   0.6888316E-05
    67800.00  0.5820929E-05   0.9360436E-06   0.6756973E-05
    68200.00  0.5699517E-05   0.9287659E-06   0.6628283E-05
    68600.00  0.5586753E-05   0.9215885E-06   0.6508342E-05
    69000.00  0.5463911E-05   0.9145096E-06   0.6378421E-05
    69400.00  0.5352469E-05   0.9075203E-06   0.6259989E-05
    69800.00  0.5242660E-05   0.9006325E-06   0.6143293E-05
    70200.00  0.5133258E-05   0.8938377E-06   0.6027096E-05
    70600.00  0.5031587E-05   0.8871339E-06   0.5918721E-05
    71000.00  0.4927343E-05   0.8805196E-06   0.5807863E-05
    71400.00  0.4829767E-05   0.8739930E-06   0.5703760E-05
    71800.00  0.4729659E-05   0.8675479E-06   0.5597207E-05
    72200.00  0.4635260E-05   0.8611920E-06   0.5496452E-05
    72600.00  0.4541057E-05   0.8549190E-06   0.5395976E-05
    73000.00  0.4451294E-05   0.8486764E-06   0.5299970E-05
    73400.00  0.4362086E-05   0.8425664E-06   0.5204652E-05
    73800.00  0.4276671E-05   0.8365350E-06   0.5113206E-05
    74200.00  0.4189529E-05   0.8189969E-06   0.5008526E-05
    74600.00  0.4098111E-05   0.8132308E-06   0.4911342E-05
    75000.00  0.4020199E-05   0.8075374E-06   0.4827736E-05
    75400.00  0.3948357E-05   0.8019155E-06   0.4750272E-05
    75800.00  0.3873458E-05   0.7963637E-06   0.4669822E-05
    76200.00  0.3798786E-05   0.7908809E-06   0.4589667E-05
    76600.00  0.3726308E-05   0.7854658E-06   0.4511774E-05
    77000.00  0.3654329E-05   0.7801173E-06   0.4434446E-05
    77400.00  0.3584966E-05   0.7748342E-06   0.4359800E-05
    77800.00  0.3517829E-05   0.7696154E-06   0.4287444E-05
    78200.00  0.3451354E-05   0.7644598E-06   0.4215814E-05
    78600.00  0.3386361E-05   0.7593663E-06   0.4145727E-05
    79000.00  0.3323037E-05   0.7543339E-06   0.4077371E-05
    79400.00  0.3261334E-05   0.7493615E-06   0.4010695E-05
    79800.00  0.3200938E-05   0.7444481E-06   0.3945386E-05
    80200.00  0.3141553E-05   0.7395927E-06   0.3881146E-05
    80600.00  0.3083500E-05   0.7347944E-06   0.3818294E-05
    81000.00  0.3028058E-05   0.7300523E-06   0.3758110E-05
    81400.00  0.2971929E-05   0.7253653E-06   0.3697294E-05
    81800.00  0.2918617E-05   0.7207327E-06   0.3639350E-05
    82200.00  0.2866429E-05   0.7161534E-06   0.3582582E-05
    82600.00  0.2814861E-05   0.7103827E-06   0.3525244E-05
    83000.00  0.2765056E-05   0.7059186E-06   0.3470975E-05
    83400.00  0.2714989E-05   0.7015051E-06   0.3416494E-05
    83800.00  0.2666595E-05   0.6971416E-06   0.3363737E-05
    84200.00  0.2620340E-05   0.6928271E-06   0.3313167E-05
    84600.00  0.2574189E-05   0.6885610E-06   0.3262750E-05
    85000.00  0.2528985E-05   0.6843425E-06   0.3213327E-05
    85400.00  0.2484682E-05   0.6801707E-06   0.3164853E-05
    85800.00  0.2441354E-05   0.6760451E-06   0.3117399E-05
    86200.00  0.2399501E-05   0.6719629E-06   0.3071464E-05
    86600.00  0.2358112E-05   0.6679274E-06   0.3026039E-05
    87000.00  0.2317776E-05   0.6639358E-06   0.2981712E-05
    87400.00  0.2277894E-05   0.6599875E-06   0.2937881E-05
    87800.00  0.2238632E-05   0.6560818E-06   0.2894714E-05
    88200.00  0.2199957E-05   0.6522181E-06   0.2852175E-05
    88600.00  0.2163067E-05   0.6483958E-06   0.2811463E-05
    89000.00  0.2126138E-05   0.6446125E-06   0.2770751E-05
    89400.00  0.2090940E-05   0.6408706E-06   0.2731811E-05
    89800.00  0.2055103E-05   0.6371682E-06   0.2692271E-05
    90200.00  0.2021529E-05   0.6334848E-06   0.2655014E-05
    90600.00  0.1988059E-05   0.6298597E-06   0.2617919E-05
    91000.00  0.1953806E-05   0.6262724E-06   0.2580078E-05
    91400.00  0.1922241E-05   0.6171557E-06   0.2539397E-05
    91800.00  0.1890237E-05   0.6136777E-06   0.2503915E-05
    92200.00  0.1859606E-05   0.6102454E-06   0.2469851E-05
    92600.00  0.1829032E-05   0.6068481E-06   0.2435880E-05
    93000.00  0.1798751E-05   0.6034854E-06   0.2402236E-05
    93400.00  0.1769391E-05   0.6001567E-06   0.2369548E-05
    93800.00  0.1740624E-05   0.5968616E-06   0.2337486E-05
    94200.00  0.1712262E-05   0.5935996E-06   0.2305862E-05
    94600.00  0.1684310E-05   0.5903702E-06   0.2274680E-05
    95000.00  0.1656751E-05   0.5871729E-06   0.2243924E-05
    95400.00  0.1629901E-05   0.5840074E-06   0.2213908E-05
    95800.00  0.1603591E-05   0.5808730E-06   0.2184464E-05
    96200.00  0.1577622E-05   0.5777695E-06   0.2155392E-05
    96600.00  0.1552848E-05   0.5746964E-06   0.2127544E-05
    97000.00  0.1527588E-05   0.5716532E-06   0.2099241E-05
    97400.00  0.1502476E-05   0.5686396E-06   0.2071116E-05
    97800.00  0.1478671E-05   0.5656551E-06   0.2044326E-05
    98200.00  0.1455057E-05   0.5626993E-06   0.2017756E-05
    98600.00  0.1432031E-05   0.5597719E-06   0.1991803E-05
    99000.00  0.1409300E-05   0.5568724E-06   0.1966172E-05
    99400.00  0.1386418E-05   0.5540005E-06   0.1940419E-05
    99800.00  0.1364727E-05   0.5511558E-06   0.1915883E-05
   100200.00  0.1342893E-05   0.1385897E-06   0.1481483E-05
   200000.00  0.8350224E-07   0.3478615E-07   0.1182884E-06
   400000.00  0.5346446E-08   0.8696537E-08   0.1404298E-07
   600000.00  0.9745826E-09   0.3865128E-08   0.4839710E-08
   800000.00  0.3144516E-09   0.2174134E-08   0.2488586E-08
  1000000.00  0.1249888E-09   0.1391446E-08   0.1516435E-08
  1200000.00  0.6222903E-10   0.9662819E-09   0.1028511E-08
  1400000.00  0.3542863E-10   0.7099214E-09   0.7453500E-09
  1600000.00  0.2246420E-10   0.5435336E-09   0.5659978E-09
