       91.00  0.9875977E-11   0.0000000E+00   0.9875977E-11
       94.00  0.1047280E-09   0.0000000E+00   0.1047280E-09
       96.00  0.1237880E-09   0.0000000E+00   0.1237880E-09
       98.00  0.1385704E-09   0.0000000E+00   0.1385704E-09
      100.00  0.1581022E-09   0.0000000E+00   0.1581022E-09
      102.00  0.1814156E-09   0.0000000E+00   0.1814156E-09
      104.00  0.1950261E-09   0.0000000E+00   0.1950261E-09
      106.00  0.2120857E-09   0.0000000E+00   0.2120857E-09
      108.00  0.2612419E-09   0.0000000E+00   0.2612419E-09
      110.00  0.4278708E-09   0.0000000E+00   0.4278708E-09
      114.00  0.5101225E-09   0.0000000E+00   0.5101225E-09
      118.00  0.5946059E-09   0.0000000E+00   0.5946059E-09
      121.00  0.3115625E-08   0.0000000E+00   0.3115625E-08
      125.00  0.3717720E-08   0.0000000E+00   0.3717720E-08
      127.00  0.3635180E-08   0.0000000E+00   0.3635180E-08
      128.00  0.3947308E-08   0.0000000E+00   0.3947308E-08
      131.00  0.3642251E-08   0.0000000E+00   0.3642251E-08
      132.00  0.4649156E-08   0.0000000E+00   0.4649156E-08
      134.00  0.4424351E-08   0.0000000E+00   0.4424351E-08
      137.00  0.4339980E-08   0.0000000E+00   0.4339980E-08
      140.00  0.4888286E-08   0.0000000E+00   0.4888286E-08
      143.00  0.7476111E-08   0.0000000E+00   0.7476111E-08
      147.00  0.9962357E-08   0.0000000E+00   0.9962357E-08
      151.00  0.1037223E-07   0.0000000E+00   0.1037223E-07
      155.00  0.1034754E-07   0.0000000E+00   0.1034754E-07
      159.00  0.1154647E-07   0.0000000E+00   0.1154647E-07
      162.00  0.1227375E-07   0.0000000E+00   0.1227375E-07
      166.00  0.1272581E-07   0.0000000E+00   0.1272581E-07
      170.00  0.1326420E-07   0.0000000E+00   0.1326420E-07
      173.00  0.1420465E-07   0.0000000E+00   0.1420465E-07
      177.00  0.1393079E-07   0.0000000E+00   0.1393079E-07
      180.00  0.1520123E-07   0.0000000E+00   0.1520123E-07
      182.00  0.1508853E-07   0.0000000E+00   0.1508853E-07
      186.00  0.1587220E-07   0.0000000E+00   0.1587220E-07
      191.00  0.1678095E-07   0.0000000E+00   0.1678095E-07
      194.00  0.1782642E-07   0.0000000E+00   0.1782642E-07
      198.00  0.1856928E-07   0.0000000E+00   0.1856928E-07
      202.00  0.1953946E-07   0.0000000E+00   0.1953946E-07
      205.00  0.2005514E-07   0.0000000E+00   0.2005514E-07
      210.00  0.2107176E-07   0.0000000E+00   0.2107176E-07
      216.00  0.2204872E-07   0.0000000E+00   0.2204872E-07
      220.00  0.2320311E-07   0.0000000E+00   0.2320311E-07
      223.00  0.2380259E-07   0.0000000E+00   0.2380259E-07
      227.00  0.2470144E-07   0.0000000E+00   0.2470144E-07
      228.00  0.2494393E-07   0.0000000E+00   0.2494393E-07
      228.00  0.1416203E-06   0.0000000E+00   0.1416203E-06
      230.00  0.5061452E-07   0.0000000E+00   0.5061452E-07
      234.00  0.2326260E-06   0.0000000E+00   0.2326260E-06
      240.00  0.4332325E-06   0.0000000E+00   0.4332325E-06
      246.00  0.4975705E-06   0.0000000E+00   0.4975705E-06
      252.00  0.6137090E-06   0.0000000E+00   0.6137090E-06
      257.00  0.4352605E-06   0.0000000E+00   0.4352605E-06
      260.00  0.5764695E-06   0.0000000E+00   0.5764695E-06
      264.00  0.5677510E-06   0.0000000E+00   0.5677510E-06
      269.00  0.5644141E-06   0.0000000E+00   0.5644141E-06
      274.00  0.5598060E-06   0.0000000E+00   0.5598060E-06
      279.00  0.5060143E-06   0.0000000E+00   0.5060143E-06
      284.00  0.5045326E-06   0.0000000E+00   0.5045326E-06
      290.00  0.4566206E-06   0.0000000E+00   0.4566206E-06
      296.00  0.4375952E-06   0.0000000E+00   0.4375952E-06
      301.00  0.3303343E-06   0.0000000E+00   0.3303343E-06
      308.00  0.3680071E-06   0.0000000E+00   0.3680071E-06
      318.00  0.3952920E-06   0.0000000E+00   0.3952920E-06
      328.00  0.3744606E-06   0.0000000E+00   0.3744606E-06
      338.00  0.3409586E-06   0.0000000E+00   0.3409586E-06
      348.00  0.3153062E-06   0.0000000E+00   0.3153062E-06
      353.30  0.3048931E-06   0.0000000E+00   0.3048931E-06
      353.30  0.3022278E-06   0.0000000E+00   0.3022278E-06
      357.00  0.2962976E-06   0.0000000E+00   0.2962976E-06
      366.00  0.2818729E-06   0.0000000E+00   0.2818729E-06
      375.00  0.2697447E-06   0.0000000E+00   0.2697447E-06
      385.00  0.2468839E-06   0.0000000E+00   0.2468839E-06
      395.00  0.2349449E-06   0.0000000E+00   0.2349449E-06
      405.00  0.2233283E-06   0.0000000E+00   0.2233283E-06
      414.00  0.2108949E-06   0.0000000E+00   0.2108949E-06
      422.00  0.1988939E-06   0.0000000E+00   0.1988939E-06
      430.00  0.1859932E-06   0.0000000E+00   0.1859932E-06
      441.00  0.1777172E-06   0.0000000E+00   0.1777172E-06
      451.00  0.1683037E-06   0.0000000E+00   0.1683037E-06
      460.00  0.1592787E-06   0.0000000E+00   0.1592787E-06
      470.00  0.1511833E-06   0.0000000E+00   0.1511833E-06
      480.00  0.1427788E-06   0.0000000E+00   0.1427788E-06
      490.00  0.1352020E-06   0.0000000E+00   0.1352020E-06
      500.00  0.1289689E-06   0.0000000E+00   0.1289689E-06
      504.60  0.1268519E-06   0.0000000E+00   0.1268519E-06
      504.60  0.1197369E-06   0.0000000E+00   0.1197369E-06
      506.00  0.1225373E-06   0.0000000E+00   0.1225373E-06
      512.00  0.1309384E-06   0.0000000E+00   0.1309384E-06
      520.00  0.1276977E-06   0.0000000E+00   0.1276977E-06
      530.00  0.1242936E-06   0.0000000E+00   0.1242936E-06
      540.00  0.1040313E-06   0.0000000E+00   0.1040313E-06
      550.00  0.1141196E-06   0.0000000E+00   0.1141196E-06
      560.00  0.1076260E-06   0.0000000E+00   0.1076260E-06
      570.00  0.1069725E-06   0.0000000E+00   0.1069725E-06
      580.00  0.8749720E-07   0.0000000E+00   0.8749720E-07
      590.00  0.9952276E-07   0.0000000E+00   0.9952276E-07
      600.00  0.1039067E-06   0.0000000E+00   0.1039067E-06
      610.00  0.9153407E-07   0.0000000E+00   0.9153407E-07
      620.00  0.8970453E-07   0.0000000E+00   0.8970453E-07
      630.00  0.8652998E-07   0.0000000E+00   0.8652998E-07
      640.00  0.8431562E-07   0.0000000E+00   0.8431562E-07
      650.00  0.7400027E-07   0.0000000E+00   0.7400027E-07
      658.00  0.7279249E-07   0.0000000E+00   0.7279249E-07
      665.00  0.7303678E-07   0.0000000E+00   0.7303678E-07
      675.00  0.7592736E-07   0.0000000E+00   0.7592736E-07
      685.00  0.6900970E-07   0.0000000E+00   0.6900970E-07
      695.00  0.6069938E-07   0.0000000E+00   0.6069938E-07
      705.00  0.7368401E-07   0.0000000E+00   0.7368401E-07
      716.00  0.6940318E-07   0.0000000E+00   0.6940318E-07
      726.00  0.6806719E-07   0.0000000E+00   0.6806719E-07
      735.00  0.6672254E-07   0.0000000E+00   0.6672254E-07
      745.00  0.6541975E-07   0.0000000E+00   0.6541975E-07
      755.00  0.6443267E-07   0.0000000E+00   0.6443267E-07
      765.00  0.7813152E-07   0.0000000E+00   0.7813152E-07
      775.00  0.6219565E-07   0.0000000E+00   0.6219565E-07
      785.00  0.4611633E-07   0.0000000E+00   0.4611633E-07
      795.00  0.6023372E-07   0.0000000E+00   0.6023372E-07
      805.00  0.5967797E-07   0.0000000E+00   0.5967797E-07
      815.00  0.5793713E-07   0.0000000E+00   0.5793713E-07
      825.00  0.5797211E-07   0.0000000E+00   0.5797211E-07
      835.00  0.5102294E-07   0.0000000E+00   0.5102294E-07
      845.00  0.5707930E-07   0.0000000E+00   0.5707930E-07
      855.00  0.4984970E-07   0.0000000E+00   0.4984970E-07
      865.00  0.5542245E-07   0.0000000E+00   0.5542245E-07
      875.00  0.5499659E-07   0.0000000E+00   0.5499659E-07
      885.00  0.5446921E-07   0.0000000E+00   0.5446921E-07
      895.00  0.5393341E-07   0.0000000E+00   0.5393341E-07
      905.00  0.5331983E-07   0.0000000E+00   0.5331983E-07
      912.40  0.5281570E-07   0.2030894E-09   0.5301879E-07
      912.40  0.1948397E-06   0.2030912E-09   0.1950428E-06
      915.00  0.1948229E-06   0.2671782E-09   0.1950901E-06
      925.00  0.1947584E-06   0.2904599E-09   0.1950489E-06
      935.00  0.1851327E-06   0.3151316E-09   0.1854478E-06
      945.00  0.1744832E-06   0.3412301E-09   0.1748244E-06
      955.00  0.2217295E-06   0.3687912E-09   0.2220983E-06
      965.00  0.2419022E-06   0.3978489E-09   0.2423000E-06
      975.00  0.1437315E-06   0.4284356E-09   0.1441599E-06
      985.00  0.3283688E-06   0.4605824E-09   0.3288294E-06
      995.00  0.5698070E-06   0.4943185E-09   0.5703013E-06
     1005.00  0.5029421E-06   0.5296716E-09   0.5034718E-06
     1015.00  0.2805910E-06   0.5666675E-09   0.2811577E-06
     1025.00  0.1571661E-06   0.6053304E-09   0.1577714E-06
     1035.00  0.2366257E-06   0.6456828E-09   0.2372714E-06
     1045.00  0.5975182E-06   0.6877845E-09   0.5982060E-06
     1055.00  0.1847009E-05   0.7316235E-09   0.1847741E-05
     1065.00  0.2933084E-05   0.7772105E-09   0.2933861E-05
     1075.00  0.3960018E-05   0.8245606E-09   0.3960843E-05
     1085.00  0.4363973E-05   0.8736870E-09   0.4364847E-05
     1095.00  0.4480866E-05   0.9246009E-09   0.4481791E-05
     1105.00  0.5162989E-05   0.9773120E-09   0.5163966E-05
     1115.00  0.5164857E-05   0.1031827E-08   0.5165889E-05
     1125.00  0.4908044E-05   0.1088148E-08   0.4909132E-05
     1135.00  0.5005121E-05   0.1146284E-08   0.5006267E-05
     1145.00  0.4443111E-05   0.1206235E-08   0.4444317E-05
     1155.00  0.3769335E-05   0.1268004E-08   0.3770603E-05
     1165.00  0.3224348E-05   0.1331589E-08   0.3225680E-05
     1175.00  0.2138963E-05   0.1396986E-08   0.2140360E-05
     1185.00  0.1028240E-05   0.1464193E-08   0.1029704E-05
     1195.00  0.2810999E-06   0.1533202E-08   0.2826331E-06
     1205.00  0.1406781E-06   0.1604008E-08   0.1422821E-06
     1215.00  0.1068543E-06   0.1676599E-08   0.1085309E-06
     1225.00  0.1400860E-06   0.3714384E-08   0.1438004E-06
     1235.00  0.3127343E-06   0.5571803E-08   0.3183061E-06
     1245.00  0.9318591E-06   0.7163370E-08   0.9390225E-06
     1255.00  0.2066878E-05   0.8535394E-08   0.2075413E-05
     1265.00  0.2614397E-05   0.9722200E-08   0.2624119E-05
     1275.00  0.3960927E-05   0.1075092E-07   0.3971678E-05
     1285.00  0.4943049E-05   0.1164370E-07   0.4954693E-05
     1295.00  0.5424130E-05   0.1241897E-07   0.5436549E-05
     1305.00  0.5378226E-05   0.1309226E-07   0.5391318E-05
     1315.00  0.6130272E-05   0.1367679E-07   0.6143949E-05
     1325.00  0.6414651E-05   0.1418389E-07   0.6428835E-05
     1335.00  0.6545152E-05   0.1462332E-07   0.6559775E-05
     1345.00  0.6983140E-05   0.1500351E-07   0.6998144E-05
     1355.00  0.6783019E-05   0.1533183E-07   0.6798351E-05
     1365.00  0.6702920E-05   0.1561465E-07   0.6718535E-05
     1375.00  0.6897073E-05   0.1585757E-07   0.6912931E-05
     1385.00  0.7059255E-05   0.1606550E-07   0.7075320E-05
     1395.00  0.7153327E-05   0.1624273E-07   0.7169570E-05
     1405.00  0.7143631E-05   0.1639304E-07   0.7160024E-05
     1415.00  0.6981317E-05   0.1651977E-07   0.6997837E-05
     1425.00  0.7020362E-05   0.1662586E-07   0.7036988E-05
     1435.00  0.6755583E-05   0.1671390E-07   0.6772297E-05
     1442.00  0.7068545E-05   0.1676604E-07   0.7085311E-05
     1447.00  0.7115412E-05   0.1679895E-07   0.7132211E-05
     1455.00  0.7113266E-05   0.1684479E-07   0.7130111E-05
     1465.00  0.6921392E-05   0.1689146E-07   0.6938283E-05
     1475.00  0.6908212E-05   0.1692782E-07   0.6925140E-05
     1485.00  0.6904221E-05   0.1695529E-07   0.6921176E-05
     1495.00  0.6883613E-05   0.1697513E-07   0.6900588E-05
     1505.00  0.6949517E-05   0.1698844E-07   0.6966505E-05
     1512.00  0.6861253E-05   0.1699442E-07   0.6878247E-05
     1517.00  0.6941021E-05   0.1699721E-07   0.6958018E-05
     1525.00  0.6676087E-05   0.1699938E-07   0.6693086E-05
     1535.00  0.6547486E-05   0.1699868E-07   0.6564485E-05
     1545.00  0.6764358E-05   0.1699480E-07   0.6781353E-05
     1555.00  0.6534299E-05   0.1698808E-07   0.6551287E-05
     1565.00  0.6121570E-05   0.1697931E-07   0.6138549E-05
     1575.00  0.6343094E-05   0.1696900E-07   0.6360063E-05
     1585.00  0.6516802E-05   0.1695758E-07   0.6533760E-05
     1595.00  0.6671705E-05   0.1694544E-07   0.6688650E-05
     1605.00  0.6393466E-05   0.1693291E-07   0.6410399E-05
     1615.00  0.6429586E-05   0.1692028E-07   0.6446506E-05
     1625.00  0.6103919E-05   0.1690783E-07   0.6120827E-05
     1635.00  0.6175411E-05   0.1689565E-07   0.6192307E-05
     1645.00  0.6291301E-05   0.1688399E-07   0.6308185E-05
     1655.00  0.5761744E-05   0.1687310E-07   0.5778617E-05
     1665.00  0.6364460E-05   0.1686313E-07   0.6381323E-05
     1672.00  0.5904748E-05   0.1685677E-07   0.5921605E-05
     1677.00  0.6214806E-05   0.1685257E-07   0.6231659E-05
     1685.00  0.6429847E-05   0.1684646E-07   0.6446693E-05
     1695.00  0.6212926E-05   0.1683998E-07   0.6229766E-05
     1705.00  0.6213810E-05   0.1683484E-07   0.6230645E-05
     1715.00  0.6376980E-05   0.1683113E-07   0.6393811E-05
     1725.00  0.6329340E-05   0.1682888E-07   0.6346169E-05
     1735.00  0.6562056E-05   0.1682816E-07   0.6578884E-05
     1745.00  0.6431146E-05   0.1682901E-07   0.6447975E-05
     1755.00  0.6650748E-05   0.1683143E-07   0.6667579E-05
     1765.00  0.6210448E-05   0.1683547E-07   0.6227283E-05
     1775.00  0.6571313E-05   0.1684114E-07   0.6588154E-05
     1785.00  0.6550772E-05   0.1684843E-07   0.6567620E-05
     1795.00  0.6773830E-05   0.1685732E-07   0.6790687E-05
     1805.00  0.7261525E-05   0.1686783E-07   0.7278393E-05
     1815.00  0.7278684E-05   0.1687995E-07   0.7295564E-05
     1825.00  0.7058218E-05   0.1689368E-07   0.7075112E-05
     1835.00  0.7125865E-05   0.1690901E-07   0.7142774E-05
     1845.00  0.6696476E-05   0.1692592E-07   0.6713402E-05
     1855.00  0.6938787E-05   0.1694438E-07   0.6955731E-05
     1865.00  0.7127379E-05   0.1696438E-07   0.7144343E-05
     1875.00  0.7158659E-05   0.1698589E-07   0.7175645E-05
     1885.00  0.7198348E-05   0.1700889E-07   0.7215357E-05
     1895.00  0.7307015E-05   0.1703334E-07   0.7324048E-05
     1905.00  0.7170769E-05   0.1705922E-07   0.7187828E-05
     1915.00  0.7323984E-05   0.1708649E-07   0.7341070E-05
     1925.00  0.7387468E-05   0.1711513E-07   0.7404583E-05
     1935.00  0.6953683E-05   0.1714510E-07   0.6970828E-05
     1945.00  0.7552390E-05   0.1717626E-07   0.7569566E-05
     1955.00  0.7586082E-05   0.1720854E-07   0.7603291E-05
     1967.00  0.7804650E-05   0.1724886E-07   0.7821899E-05
     1976.00  0.7654042E-05   0.1728020E-07   0.7671322E-05
     1984.00  0.7638327E-05   0.1730883E-07   0.7655636E-05
     1995.00  0.7585497E-05   0.1734933E-07   0.7602846E-05
     2005.00  0.7379757E-05   0.1738727E-07   0.7397144E-05
     2015.00  0.7412932E-05   0.1742623E-07   0.7430358E-05
     2025.00  0.7110574E-05   0.1746619E-07   0.7128040E-05
     2035.00  0.7625417E-05   0.1750774E-07   0.7642925E-05
     2045.00  0.7871435E-05   0.1755050E-07   0.7888985E-05
     2055.00  0.7721483E-05   0.1013462E-07   0.7731618E-05
     2065.00  0.7651024E-05   0.1009610E-07   0.7661120E-05
     2074.00  0.8139208E-05   0.1006240E-07   0.8149270E-05
     2078.00  0.8250013E-05   0.1004771E-07   0.8260061E-05
     2085.00  0.8209854E-05   0.1002242E-07   0.8219876E-05
     2095.00  0.8046218E-05   0.9987226E-08   0.8056205E-05
     2105.00  0.7907880E-05   0.9953089E-08   0.7917833E-05
     2115.00  0.8115668E-05   0.9919991E-08   0.8125588E-05
     2125.00  0.8013070E-05   0.9887907E-08   0.8022958E-05
     2135.00  0.7613958E-05   0.9856817E-08   0.7623815E-05
     2145.00  0.8151814E-05   0.9826696E-08   0.8161641E-05
     2155.00  0.8082506E-05   0.9797524E-08   0.8092304E-05
     2165.00  0.7734061E-05   0.9769277E-08   0.7743830E-05
     2175.00  0.7770590E-05   0.9741938E-08   0.7780332E-05
     2185.00  0.8078394E-05   0.9715490E-08   0.8088109E-05
     2195.00  0.8566438E-05   0.9689904E-08   0.8576128E-05
     2205.00  0.8291717E-05   0.9665160E-08   0.8301382E-05
     2215.00  0.7842468E-05   0.9641236E-08   0.7852109E-05
     2225.00  0.8031319E-05   0.9618112E-08   0.8040937E-05
     2235.00  0.8826741E-05   0.9595769E-08   0.8836337E-05
     2245.00  0.8407652E-05   0.9574187E-08   0.8417226E-05
     2255.00  0.7952239E-05   0.9553347E-08   0.7961792E-05
     2265.00  0.7762338E-05   0.9533229E-08   0.7771871E-05
     2275.00  0.8213065E-05   0.9513816E-08   0.8222579E-05
     2285.00  0.8553674E-05   0.9494940E-08   0.8563169E-05
     2295.00  0.8126120E-05   0.9476575E-08   0.8135597E-05
     2305.00  0.8551625E-05   0.9458848E-08   0.8561084E-05
     2315.00  0.8508851E-05   0.9441742E-08   0.8518293E-05
     2325.00  0.7523336E-05   0.9425240E-08   0.7532761E-05
     2335.00  0.7872849E-05   0.9409325E-08   0.7882258E-05
     2345.00  0.6988243E-05   0.9393982E-08   0.6997637E-05
     2355.00  0.8460503E-05   0.9379194E-08   0.8469882E-05
     2365.00  0.7246172E-05   0.9364946E-08   0.7255537E-05
     2375.00  0.8022559E-05   0.9351223E-08   0.8031910E-05
     2385.00  0.6593603E-05   0.9338009E-08   0.6602941E-05
     2395.00  0.7390091E-05   0.9325290E-08   0.7399416E-05
     2405.00  0.7264975E-05   0.9313054E-08   0.7274288E-05
     2415.00  0.7534255E-05   0.9301287E-08   0.7543556E-05
     2425.00  0.8821314E-05   0.9289973E-08   0.8830604E-05
     2435.00  0.8623304E-05   0.9279099E-08   0.8632583E-05
     2445.00  0.9079438E-05   0.9268652E-08   0.9088707E-05
     2455.00  0.9054167E-05   0.9258618E-08   0.9063426E-05
     2465.00  0.9016811E-05   0.9248985E-08   0.9026060E-05
     2475.00  0.8527417E-05   0.9239741E-08   0.8536657E-05
     2485.00  0.8099980E-05   0.9230874E-08   0.8109211E-05
     2495.00  0.8162701E-05   0.9222372E-08   0.8171923E-05
     2505.00  0.9406481E-05   0.9214224E-08   0.9415695E-05
     2513.00  0.8126636E-05   0.9207952E-08   0.8135844E-05
     2518.00  0.7464302E-05   0.9204141E-08   0.7473506E-05
     2525.00  0.7309755E-05   0.9198943E-08   0.7318954E-05
     2535.00  0.7837595E-05   0.9191791E-08   0.7846787E-05
     2545.00  0.8051377E-05   0.9184965E-08   0.8060562E-05
     2555.00  0.8959976E-05   0.9178440E-08   0.8969154E-05
     2565.00  0.8692554E-05   0.9172208E-08   0.8701726E-05
     2575.00  0.9391616E-05   0.9166259E-08   0.9400782E-05
     2585.00  0.9237527E-05   0.9160582E-08   0.9246688E-05
     2595.00  0.8981104E-05   0.9155169E-08   0.8990259E-05
     2605.00  0.8529042E-05   0.8958803E-08   0.8538001E-05
     2615.00  0.8140349E-05   0.8954246E-08   0.8149303E-05
     2625.00  0.9155197E-05   0.8949937E-08   0.9164147E-05
     2635.00  0.9975630E-05   0.8945868E-08   0.9984576E-05
     2645.00  0.1161124E-04   0.8942028E-08   0.1162018E-04
     2655.00  0.1214080E-04   0.8938411E-08   0.1214974E-04
     2665.00  0.1107710E-04   0.8935008E-08   0.1108604E-04
     2675.00  0.1170007E-04   0.8931811E-08   0.1170900E-04
     2685.00  0.1204274E-04   0.8928814E-08   0.1205167E-04
     2695.00  0.1102788E-04   0.8926007E-08   0.1103681E-04
     2705.00  0.1147680E-04   0.8923384E-08   0.1148572E-04
     2715.00  0.1043975E-04   0.8920939E-08   0.1044867E-04
     2725.00  0.1045163E-04   0.8918662E-08   0.1046055E-04
     2735.00  0.1109130E-04   0.8916549E-08   0.1110022E-04
     2745.00  0.9033540E-05   0.8914592E-08   0.9042455E-05
     2755.00  0.9922597E-05   0.8912786E-08   0.9931510E-05
     2765.00  0.1100659E-04   0.8911123E-08   0.1101550E-04
     2775.00  0.1162402E-04   0.8909597E-08   0.1163293E-04
     2785.00  0.1057079E-04   0.8908204E-08   0.1057970E-04
     2795.00  0.6315234E-05   0.8906936E-08   0.6324141E-05
     2805.00  0.7301237E-05   0.8905788E-08   0.7310143E-05
     2815.00  0.1196886E-04   0.8904755E-08   0.1197776E-04
     2825.00  0.1263402E-04   0.8903831E-08   0.1264292E-04
     2835.00  0.1239668E-04   0.8903012E-08   0.1240558E-04
     2845.00  0.1182605E-04   0.8902290E-08   0.1183495E-04
     2855.00  0.1008500E-04   0.8901576E-08   0.1009390E-04
     2865.00  0.1243272E-04   0.8900857E-08   0.1244162E-04
     2875.00  0.1269231E-04   0.8900215E-08   0.1270121E-04
     2885.00  0.1278004E-04   0.8899644E-08   0.1278894E-04
     2895.00  0.1295309E-04   0.8899141E-08   0.1296199E-04
     2910.00  0.1416697E-04   0.8898504E-08   0.1417587E-04
     2930.00  0.1385199E-04   0.8897852E-08   0.1386089E-04
     2950.00  0.1365732E-04   0.8897398E-08   0.1366622E-04
     2970.00  0.1391762E-04   0.8897111E-08   0.1392652E-04
     2990.00  0.1413832E-04   0.8896964E-08   0.1414722E-04
     3010.00  0.1438158E-04   0.8896931E-08   0.1439048E-04
     3030.00  0.1457821E-04   0.8896985E-08   0.1458711E-04
     3050.00  0.1496729E-04   0.8897120E-08   0.1497619E-04
     3070.00  0.1490438E-04   0.8897316E-08   0.1491328E-04
     3090.00  0.1500857E-04   0.8897540E-08   0.1501747E-04
     3110.00  0.1514565E-04   0.8897771E-08   0.1515455E-04
     3130.00  0.1517167E-04   0.8854780E-08   0.1518052E-04
     3150.00  0.1526071E-04   0.8855070E-08   0.1526957E-04
     3170.00  0.1573589E-04   0.8855323E-08   0.1574475E-04
     3190.00  0.1510902E-04   0.8855523E-08   0.1511788E-04
     3210.00  0.1582019E-04   0.8855655E-08   0.1582905E-04
     3230.00  0.1531504E-04   0.8855706E-08   0.1532390E-04
     3250.00  0.1647970E-04   0.8855664E-08   0.1648856E-04
     3270.00  0.1739029E-04   0.8855362E-08   0.1739915E-04
     3290.00  0.1748149E-04   0.8854839E-08   0.1749034E-04
     3310.00  0.1760708E-04   0.8854168E-08   0.1761593E-04
     3330.00  0.1743496E-04   0.8853340E-08   0.1744381E-04
     3350.00  0.1735041E-04   0.8852348E-08   0.1735926E-04
     3370.00  0.1634127E-04   0.8851182E-08   0.1635012E-04
     3390.00  0.1715457E-04   0.8849837E-08   0.1716342E-04
     3410.00  0.1736833E-04   0.8848306E-08   0.1737718E-04
     3430.00  0.1809784E-04   0.8419533E-08   0.1810626E-04
     3450.00  0.1801761E-04   0.8416450E-08   0.1802603E-04
     3470.00  0.1817824E-04   0.8413206E-08   0.1818665E-04
     3490.00  0.1852482E-04   0.8409797E-08   0.1853323E-04
     3510.00  0.1902756E-04   0.8406201E-08   0.1903597E-04
     3530.00  0.1874541E-04   0.8402283E-08   0.1875381E-04
     3550.00  0.1981671E-04   0.8398165E-08   0.1982511E-04
     3570.00  0.1861053E-04   0.8393845E-08   0.1861892E-04
     3590.00  0.1842527E-04   0.8389322E-08   0.1843366E-04
     3610.00  0.1910094E-04   0.8384592E-08   0.1910932E-04
     3630.00  0.1943690E-04   0.8379655E-08   0.1944528E-04
     3640.00  0.1957188E-04   0.8377108E-08   0.1958026E-04
     3650.00  0.2008345E-04   0.2586360E-08   0.2008604E-04
     3670.00  0.2046253E-04   0.2571543E-08   0.2046510E-04
     3690.00  0.2190276E-04   0.2473629E-08   0.2190523E-04
     3710.00  0.2550098E-04   0.2459102E-08   0.2550344E-04
     3730.00  0.2495799E-04   0.2444850E-08   0.2496043E-04
     3750.00  0.2865014E-04   0.2430863E-08   0.2865257E-04
     3770.00  0.3006839E-04   0.2417133E-08   0.3007081E-04
     3790.00  0.3263036E-04   0.2403652E-08   0.3263276E-04
     3810.00  0.3513852E-04   0.2390413E-08   0.3514091E-04
     3830.00  0.2986411E-04   0.2377408E-08   0.2986649E-04
     3850.00  0.3614636E-04   0.2364631E-08   0.3614872E-04
     3870.00  0.3706894E-04   0.2352074E-08   0.3707129E-04
     3890.00  0.3027077E-04   0.2339730E-08   0.3027311E-04
     3910.00  0.3708636E-04   0.2327594E-08   0.3708869E-04
     3930.00  0.3092571E-04   0.2315659E-08   0.3092803E-04
     3950.00  0.3688360E-04   0.2303919E-08   0.3688590E-04
     3970.00  0.2675754E-04   0.2292373E-08   0.2675983E-04
     3990.00  0.3840895E-04   0.2281025E-08   0.3841123E-04
     4010.00  0.3976841E-04   0.2269854E-08   0.3977068E-04
     4030.00  0.3958485E-04   0.2258855E-08   0.3958711E-04
     4050.00  0.3948390E-04   0.2248024E-08   0.3948615E-04
     4070.00  0.3869171E-04   0.2237354E-08   0.3869395E-04
     4090.00  0.3771518E-04   0.2226843E-08   0.3771741E-04
     4110.00  0.3355507E-04   0.2216484E-08   0.3355729E-04
     4130.00  0.3900663E-04   0.2206274E-08   0.3900884E-04
     4150.00  0.3932708E-04   0.2196209E-08   0.3932928E-04
     4170.00  0.3932785E-04   0.2186284E-08   0.3933004E-04
     4190.00  0.3887762E-04   0.2176496E-08   0.3887980E-04
     4210.00  0.3865425E-04   0.2166841E-08   0.3865642E-04
     4230.00  0.3810196E-04   0.2157315E-08   0.3810412E-04
     4250.00  0.3819838E-04   0.2147915E-08   0.3820053E-04
     4270.00  0.3785889E-04   0.2138637E-08   0.3786103E-04
     4290.00  0.3692709E-04   0.2129477E-08   0.3692922E-04
     4310.00  0.3464023E-04   0.2120434E-08   0.3464235E-04
     4330.00  0.3550877E-04   0.2111504E-08   0.3551088E-04
     4350.00  0.3304540E-04   0.2102683E-08   0.3304750E-04
     4370.00  0.3799533E-04   0.2093971E-08   0.3799742E-04
     4390.00  0.3758930E-04   0.2085363E-08   0.3759139E-04
     4410.00  0.3786189E-04   0.2076856E-08   0.3786397E-04
     4430.00  0.3873080E-04   0.2068448E-08   0.3873287E-04
     4450.00  0.3845075E-04   0.2060136E-08   0.3845281E-04
     4470.00  0.3850020E-04   0.2051917E-08   0.3850225E-04
     4490.00  0.3868993E-04   0.2043790E-08   0.3869197E-04
     4510.00  0.3914572E-04   0.2035751E-08   0.3914776E-04
     4530.00  0.3820649E-04   0.2027799E-08   0.3820852E-04
     4550.00  0.3812939E-04   0.2019932E-08   0.3813141E-04
     4570.00  0.3885425E-04   0.2012148E-08   0.3885626E-04
     4590.00  0.3840268E-04   0.2004444E-08   0.3840468E-04
     4610.00  0.3869184E-04   0.1996818E-08   0.3869384E-04
     4630.00  0.3841851E-04   0.1989270E-08   0.3842050E-04
     4650.00  0.3841154E-04   0.1981796E-08   0.3841352E-04
     4670.00  0.3853551E-04   0.1974395E-08   0.3853748E-04
     4690.00  0.3842308E-04   0.1967066E-08   0.3842505E-04
     4710.00  0.3796524E-04   0.1959806E-08   0.3796720E-04
     4730.00  0.3816920E-04   0.1952615E-08   0.3817115E-04
     4750.00  0.3816841E-04   0.1945490E-08   0.3817036E-04
     4770.00  0.3797102E-04   0.1938430E-08   0.3797296E-04
     4790.00  0.3776968E-04   0.1931434E-08   0.3777161E-04
     4810.00  0.3770980E-04   0.1924497E-08   0.3771172E-04
     4830.00  0.3736434E-04   0.1917616E-08   0.3736626E-04
     4850.00  0.3540961E-04   0.1910796E-08   0.3541152E-04
     4870.00  0.3186329E-04   0.1904033E-08   0.3186519E-04
     4890.00  0.3659236E-04   0.1897327E-08   0.3659426E-04
     4910.00  0.3691805E-04   0.1890676E-08   0.3691994E-04
     4930.00  0.3638634E-04   0.1884080E-08   0.3638822E-04
     4950.00  0.3663126E-04   0.1877537E-08   0.3663314E-04
     4970.00  0.3691458E-04   0.1871047E-08   0.3691645E-04
     4990.00  0.3613510E-04   0.1864607E-08   0.3613696E-04
     5010.00  0.3556293E-04   0.1858218E-08   0.3556479E-04
     5030.00  0.3623025E-04   0.1851878E-08   0.3623210E-04
     5050.00  0.3586786E-04   0.1845586E-08   0.3586971E-04
     5070.00  0.3608674E-04   0.1839347E-08   0.3608858E-04
     5090.00  0.3571355E-04   0.1833182E-08   0.3571538E-04
     5110.00  0.3559866E-04   0.1827061E-08   0.3560049E-04
     5130.00  0.3529768E-04   0.1820984E-08   0.3529950E-04
     5150.00  0.3488064E-04   0.1814948E-08   0.3488245E-04
     5170.00  0.3419395E-04   0.1808954E-08   0.3419576E-04
     5190.00  0.3435653E-04   0.1803001E-08   0.3435833E-04
     5210.00  0.3436398E-04   0.1797087E-08   0.3436578E-04
     5230.00  0.3462613E-04   0.1791213E-08   0.3462792E-04
     5250.00  0.3505121E-04   0.1785377E-08   0.3505300E-04
     5270.00  0.3400352E-04   0.1779579E-08   0.3400530E-04
     5290.00  0.3480209E-04   0.1773819E-08   0.3480386E-04
     5310.00  0.3474930E-04   0.1768095E-08   0.3475107E-04
     5330.00  0.3404615E-04   0.1762407E-08   0.3404791E-04
     5350.00  0.3451587E-04   0.1756754E-08   0.3451763E-04
     5370.00  0.3423525E-04   0.1751135E-08   0.3423700E-04
     5390.00  0.3412350E-04   0.1745546E-08   0.3412525E-04
     5410.00  0.3379404E-04   0.1739992E-08   0.3379578E-04
     5430.00  0.3374903E-04   0.1734470E-08   0.3375076E-04
     5450.00  0.3376029E-04   0.1728980E-08   0.3376202E-04
     5470.00  0.3380021E-04   0.1723523E-08   0.3380193E-04
     5490.00  0.3376981E-04   0.1718097E-08   0.3377153E-04
     5510.00  0.3356706E-04   0.1712702E-08   0.3356877E-04
     5530.00  0.3354182E-04   0.1707338E-08   0.3354353E-04
     5550.00  0.3358902E-04   0.1702003E-08   0.3359072E-04
     5570.00  0.3319714E-04   0.1696699E-08   0.3319884E-04
     5590.00  0.3307888E-04   0.1691423E-08   0.3308057E-04
     5610.00  0.3299844E-04   0.1686177E-08   0.3300013E-04
     5630.00  0.3308782E-04   0.1680959E-08   0.3308950E-04
     5650.00  0.3294469E-04   0.1675769E-08   0.3294637E-04
     5670.00  0.3268875E-04   0.1670607E-08   0.3269042E-04
     5690.00  0.3273324E-04   0.1665472E-08   0.3273491E-04
     5710.00  0.3244926E-04   0.1446524E-08   0.3245071E-04
     5730.00  0.3258391E-04   0.1441814E-08   0.3258535E-04
     5750.00  0.3239695E-04   0.1437134E-08   0.3239839E-04
     5770.00  0.3231398E-04   0.1432482E-08   0.3231541E-04
     5790.00  0.3214192E-04   0.1427857E-08   0.3214335E-04
     5810.00  0.3206265E-04   0.1423261E-08   0.3206407E-04
     5830.00  0.3197609E-04   0.1418691E-08   0.3197751E-04
     5850.00  0.3175960E-04   0.1414148E-08   0.3176101E-04
     5870.00  0.3166842E-04   0.1409632E-08   0.3166983E-04
     5890.00  0.3101073E-04   0.1405142E-08   0.3101214E-04
     5910.00  0.3141053E-04   0.1400678E-08   0.3141193E-04
     5930.00  0.3130839E-04   0.1396239E-08   0.3130979E-04
     5950.00  0.3120640E-04   0.1391825E-08   0.3120779E-04
     5970.00  0.3108610E-04   0.1387436E-08   0.3108749E-04
     5990.00  0.3095190E-04   0.1383071E-08   0.3095328E-04
     6010.00  0.3078330E-04   0.1378731E-08   0.3078468E-04
     6030.00  0.3067444E-04   0.1374415E-08   0.3067581E-04
     6050.00  0.3063742E-04   0.1370122E-08   0.3063879E-04
     6070.00  0.3048760E-04   0.1365852E-08   0.3048897E-04
     6090.00  0.3033881E-04   0.1361606E-08   0.3034017E-04
     6110.00  0.3018846E-04   0.1357382E-08   0.3018982E-04
     6130.00  0.2979555E-04   0.1353181E-08   0.2979690E-04
     6150.00  0.2983339E-04   0.1349002E-08   0.2983474E-04
     6170.00  0.2966167E-04   0.1344846E-08   0.2966301E-04
     6190.00  0.2969336E-04   0.1340711E-08   0.2969470E-04
     6210.00  0.2959742E-04   0.1336597E-08   0.2959876E-04
     6230.00  0.2937532E-04   0.1332505E-08   0.2937665E-04
     6250.00  0.2905748E-04   0.1328434E-08   0.2905881E-04
     6270.00  0.2924998E-04   0.1324383E-08   0.2925130E-04
     6290.00  0.2912280E-04   0.1320354E-08   0.2912412E-04
     6310.00  0.2887919E-04   0.1316344E-08   0.2888051E-04
     6330.00  0.2882322E-04   0.1312355E-08   0.2882453E-04
     6350.00  0.2878712E-04   0.1308386E-08   0.2878843E-04
     6370.00  0.2866926E-04   0.1304437E-08   0.2867056E-04
     6390.00  0.2854626E-04   0.1300507E-08   0.2854756E-04
     6410.00  0.2826167E-04   0.1296597E-08   0.2826297E-04
     6430.00  0.2818711E-04   0.1292706E-08   0.2818840E-04
     6450.00  0.2808027E-04   0.1288833E-08   0.2808156E-04
     6470.00  0.2800142E-04   0.1284980E-08   0.2800270E-04
     6490.00  0.2767690E-04   0.1281145E-08   0.2767818E-04
     6510.00  0.2775822E-04   0.1277329E-08   0.2775950E-04
     6530.00  0.2759495E-04   0.1273517E-08   0.2759622E-04
     6550.00  0.2658717E-04   0.1269719E-08   0.2658844E-04
     6570.00  0.2356258E-04   0.1265938E-08   0.2356385E-04
     6590.00  0.2700338E-04   0.1262175E-08   0.2700464E-04
     6610.00  0.2720496E-04   0.1258429E-08   0.2720622E-04
     6630.00  0.2718125E-04   0.1254700E-08   0.2718250E-04
     6650.00  0.2707666E-04   0.1248378E-08   0.2707791E-04
     6670.00  0.2690677E-04   0.1244702E-08   0.2690801E-04
     6690.00  0.2689573E-04   0.1241042E-08   0.2689697E-04
     6710.00  0.2674800E-04   0.1237398E-08   0.2674924E-04
     6730.00  0.2667067E-04   0.1233771E-08   0.2667190E-04
     6750.00  0.2653483E-04   0.1230160E-08   0.2653606E-04
     6770.00  0.2643738E-04   0.1226566E-08   0.2643861E-04
     6790.00  0.2632337E-04   0.1222987E-08   0.2632459E-04
     6810.00  0.2621399E-04   0.1219423E-08   0.2621521E-04
     6830.00  0.2611691E-04   0.1215876E-08   0.2611813E-04
     6850.00  0.2597156E-04   0.1212344E-08   0.2597277E-04
     6870.00  0.2588153E-04   0.1208827E-08   0.2588274E-04
     6890.00  0.2579933E-04   0.1205326E-08   0.2580054E-04
     6910.00  0.2567590E-04   0.1201840E-08   0.2567710E-04
     6930.00  0.2557886E-04   0.1198369E-08   0.2558006E-04
     6950.00  0.2545343E-04   0.1194913E-08   0.2545462E-04
     6970.00  0.2536861E-04   0.1191472E-08   0.2536980E-04
     6990.00  0.2525372E-04   0.1188046E-08   0.2525491E-04
     7010.00  0.2511173E-04   0.1184634E-08   0.2511291E-04
     7030.00  0.2504175E-04   0.1181237E-08   0.2504293E-04
     7050.00  0.2494198E-04   0.1177854E-08   0.2494316E-04
     7070.00  0.2482743E-04   0.1174485E-08   0.2482860E-04
     7090.00  0.2472296E-04   0.1171131E-08   0.2472413E-04
     7110.00  0.2462110E-04   0.1167791E-08   0.2462227E-04
     7130.00  0.2448314E-04   0.1164465E-08   0.2448430E-04
     7150.00  0.2437855E-04   0.1161153E-08   0.2437971E-04
     7170.00  0.2431354E-04   0.1157855E-08   0.2431470E-04
     7190.00  0.2413200E-04   0.1154570E-08   0.2413315E-04
     7210.00  0.2404553E-04   0.1151300E-08   0.2404668E-04
     7230.00  0.2399220E-04   0.1148043E-08   0.2399335E-04
     7250.00  0.2391980E-04   0.1144799E-08   0.2392094E-04
     7270.00  0.2382171E-04   0.1141569E-08   0.2382285E-04
     7290.00  0.2366549E-04   0.1138352E-08   0.2366663E-04
     7310.00  0.2358607E-04   0.1135149E-08   0.2358721E-04
     7330.00  0.2348745E-04   0.1131958E-08   0.2348858E-04
     7350.00  0.2341778E-04   0.1128781E-08   0.2341891E-04
     7370.00  0.2333310E-04   0.1125617E-08   0.2333423E-04
     7390.00  0.2319208E-04   0.1122466E-08   0.2319320E-04
     7410.00  0.2297800E-04   0.1119327E-08   0.2297912E-04
     7430.00  0.2299039E-04   0.1116202E-08   0.2299151E-04
     7450.00  0.2291131E-04   0.1112197E-08   0.2291242E-04
     7470.00  0.2282935E-04   0.1109099E-08   0.2283046E-04
     7490.00  0.2271721E-04   0.1106013E-08   0.2271832E-04
     7510.00  0.2261412E-04   0.1102940E-08   0.2261522E-04
     7530.00  0.2255204E-04   0.1099879E-08   0.2255314E-04
     7550.00  0.2247592E-04   0.1096830E-08   0.2247702E-04
     7570.00  0.2236403E-04   0.1093793E-08   0.2236512E-04
     7590.00  0.2226047E-04   0.1090769E-08   0.2226156E-04
     7610.00  0.2217845E-04   0.1087758E-08   0.2217954E-04
     7630.00  0.2209363E-04   0.1084761E-08   0.2209471E-04
     7650.00  0.2200254E-04   0.1081776E-08   0.2200362E-04
     7670.00  0.2180721E-04   0.1078803E-08   0.2180829E-04
     7690.00  0.2182811E-04   0.1075842E-08   0.2182919E-04
     7710.00  0.2164729E-04   0.1072893E-08   0.2164836E-04
     7730.00  0.2161574E-04   0.1069955E-08   0.2161681E-04
     7750.00  0.2150037E-04   0.1067029E-08   0.2150144E-04
     7770.00  0.2142612E-04   0.1064115E-08   0.2142718E-04
     7790.00  0.2136567E-04   0.1061212E-08   0.2136673E-04
     7810.00  0.2129538E-04   0.1058321E-08   0.2129644E-04
     7830.00  0.2116846E-04   0.1055441E-08   0.2116952E-04
     7850.00  0.2108601E-04   0.1052572E-08   0.2108706E-04
     7870.00  0.2103062E-04   0.1037729E-08   0.2103166E-04
     7890.00  0.2093693E-04   0.1034931E-08   0.2093796E-04
     7910.00  0.2083946E-04   0.1032145E-08   0.2084049E-04
     7930.00  0.2069834E-04   0.1029369E-08   0.2069937E-04
     7950.00  0.2061556E-04   0.1026604E-08   0.2061659E-04
     7970.00  0.2059912E-04   0.1023850E-08   0.2060014E-04
     7990.00  0.2051188E-04   0.1021107E-08   0.2051290E-04
     8010.00  0.2038261E-04   0.1018374E-08   0.2038363E-04
     8030.00  0.2033387E-04   0.1015651E-08   0.2033489E-04
     8050.00  0.2021483E-04   0.1012940E-08   0.2021584E-04
     8070.00  0.2017357E-04   0.1010238E-08   0.2017458E-04
     8090.00  0.2005971E-04   0.1007547E-08   0.2006072E-04
     8110.00  0.2000887E-04   0.1004867E-08   0.2000987E-04
     8130.00  0.1993057E-04   0.1002196E-08   0.1993157E-04
     8150.00  0.1984605E-04   0.9995363E-09   0.1984705E-04
     8170.00  0.1976208E-04   0.9968864E-09   0.1976308E-04
     8190.00  0.1957929E-04   0.9942466E-09   0.1958028E-04
     8210.00  0.1957625E-04   0.9174364E-09   0.1957717E-04
     8230.00  0.1945999E-04   0.6267297E-09   0.1946062E-04
     8250.00  0.1940656E-04   0.6249866E-09   0.1940718E-04
     8270.00  0.1931286E-04   0.6232517E-09   0.1931348E-04
     8290.00  0.1920662E-04   0.6186291E-09   0.1920724E-04
     8310.00  0.1908053E-04   0.6169226E-09   0.1908115E-04
     8330.00  0.1888658E-04   0.6152242E-09   0.1888720E-04
     8350.00  0.1901645E-04   0.6135335E-09   0.1901706E-04
     8370.00  0.1885146E-04   0.6118505E-09   0.1885207E-04
     8390.00  0.1874646E-04   0.6101752E-09   0.1874707E-04
     8410.00  0.1881450E-04   0.6085075E-09   0.1881511E-04
     8430.00  0.1883932E-04   0.6068473E-09   0.1883993E-04
     8450.00  0.1877842E-04   0.6051946E-09   0.1877903E-04
     8470.00  0.1847524E-04   0.6035493E-09   0.1847584E-04
     8490.00  0.1875576E-04   0.6019114E-09   0.1875636E-04
     8510.00  0.1795955E-04   0.6002808E-09   0.1796015E-04
     8530.00  0.1867312E-04   0.5986575E-09   0.1867372E-04
     8550.00  0.1705818E-04   0.5970415E-09   0.1705878E-04
     8570.00  0.1864797E-04   0.5954326E-09   0.1864857E-04
     8590.00  0.1831891E-04   0.5938308E-09   0.1831950E-04
     8610.00  0.1809329E-04   0.5922360E-09   0.1809388E-04
     8630.00  0.1844804E-04   0.5906484E-09   0.1844863E-04
     8650.00  0.1827128E-04   0.5890676E-09   0.1827187E-04
     8670.00  0.1677843E-04   0.5874938E-09   0.1677902E-04
     8690.00  0.1805690E-04   0.5859269E-09   0.1805749E-04
     8710.00  0.1817524E-04   0.5843668E-09   0.1817582E-04
     8730.00  0.1805106E-04   0.5828135E-09   0.1805164E-04
     8750.00  0.1734221E-04   0.5812669E-09   0.1734279E-04
     8770.00  0.1785121E-04   0.5797270E-09   0.1785179E-04
     8790.00  0.1788144E-04   0.5781938E-09   0.1788202E-04
     8810.00  0.1772178E-04   0.5766671E-09   0.1772236E-04
     8830.00  0.1763590E-04   0.5751471E-09   0.1763648E-04
     8850.00  0.1748561E-04   0.5736335E-09   0.1748618E-04
     8870.00  0.1691155E-04   0.5721264E-09   0.1691212E-04
     8890.00  0.1748940E-04   0.5706257E-09   0.1748997E-04
     8910.00  0.1745479E-04   0.5691314E-09   0.1745536E-04
     8930.00  0.1737758E-04   0.5676435E-09   0.1737815E-04
     8950.00  0.1731440E-04   0.5661619E-09   0.1731497E-04
     8970.00  0.1725042E-04   0.5646865E-09   0.1725098E-04
     8990.00  0.1714032E-04   0.5632174E-09   0.1714088E-04
     9010.00  0.1641633E-04   0.5617544E-09   0.1641689E-04
     9030.00  0.1680618E-04   0.5602976E-09   0.1680674E-04
     9050.00  0.1696026E-04   0.5588468E-09   0.1696082E-04
     9070.00  0.1685171E-04   0.5574022E-09   0.1685227E-04
     9090.00  0.1667612E-04   0.5559636E-09   0.1667668E-04
     9110.00  0.1673607E-04   0.5545310E-09   0.1673662E-04
     9130.00  0.1670577E-04   0.5531043E-09   0.1670632E-04
     9150.00  0.1664703E-04   0.5516838E-09   0.1664758E-04
     9170.00  0.1657688E-04   0.5502692E-09   0.1657743E-04
     9190.00  0.1649848E-04   0.5488603E-09   0.1649903E-04
     9210.00  0.1630262E-04   0.5474573E-09   0.1630317E-04
     9230.00  0.1564783E-04   0.5460601E-09   0.1564838E-04
     9250.00  0.1613656E-04   0.5446685E-09   0.1613710E-04
     9270.00  0.1619283E-04   0.5432826E-09   0.1619337E-04
     9290.00  0.1617219E-04   0.5419024E-09   0.1617273E-04
     9310.00  0.1612115E-04   0.5405279E-09   0.1612169E-04
     9330.00  0.1605240E-04   0.5391588E-09   0.1605294E-04
     9350.00  0.1598283E-04   0.5377953E-09   0.1598337E-04
     9370.00  0.1590478E-04   0.5364374E-09   0.1590532E-04
     9390.00  0.1585596E-04   0.5350849E-09   0.1585650E-04
     9410.00  0.1568338E-04   0.5337380E-09   0.1568391E-04
     9430.00  0.1572460E-04   0.5323963E-09   0.1572513E-04
     9450.00  0.1565332E-04   0.5310602E-09   0.1565385E-04
     9470.00  0.1560571E-04   0.5297293E-09   0.1560624E-04
     9490.00  0.1553823E-04   0.5284038E-09   0.1553876E-04
     9510.00  0.1545559E-04   0.5270836E-09   0.1545612E-04
     9530.00  0.1530450E-04   0.5257687E-09   0.1530503E-04
     9550.00  0.1467886E-04   0.5244589E-09   0.1467938E-04
     9570.00  0.1519853E-04   0.5231543E-09   0.1519905E-04
     9590.00  0.1521483E-04   0.5218549E-09   0.1521535E-04
     9610.00  0.1514769E-04   0.5205607E-09   0.1514821E-04
     9630.00  0.1507347E-04   0.5192715E-09   0.1507399E-04
     9650.00  0.1502103E-04   0.5179876E-09   0.1502155E-04
     9670.00  0.1493901E-04   0.5167086E-09   0.1493953E-04
     9690.00  0.1492955E-04   0.5154346E-09   0.1493007E-04
     9710.00  0.1486487E-04   0.5141656E-09   0.1486538E-04
     9730.00  0.1481105E-04   0.5129015E-09   0.1481156E-04
     9750.00  0.1473552E-04   0.5116424E-09   0.1473603E-04
     9770.00  0.1469035E-04   0.5103882E-09   0.1469086E-04
     9790.00  0.1462599E-04   0.5091390E-09   0.1462650E-04
     9810.00  0.1457811E-04   0.5078945E-09   0.1457862E-04
     9830.00  0.1452415E-04   0.5066549E-09   0.1452466E-04
     9850.00  0.1446411E-04   0.5054200E-09   0.1446462E-04
     9870.00  0.1439992E-04   0.5041900E-09   0.1440042E-04
     9890.00  0.1433585E-04   0.5029646E-09   0.1433635E-04
     9910.00  0.1428833E-04   0.5017440E-09   0.1428883E-04
     9930.00  0.1423272E-04   0.5005281E-09   0.1423322E-04
     9950.00  0.1418276E-04   0.4993169E-09   0.1418326E-04
     9970.00  0.1412579E-04   0.4981103E-09   0.1412629E-04
     9990.00  0.1406647E-04   0.4969083E-09   0.1406697E-04
    10025.00  0.1386776E-04   0.4948158E-09   0.1386825E-04
    10075.00  0.1360502E-04   0.4918506E-09   0.1360551E-04
    10125.00  0.1368836E-04   0.4889135E-09   0.1368885E-04
    10175.00  0.1355895E-04   0.4860133E-09   0.1355944E-04
    10225.00  0.1343115E-04   0.4831417E-09   0.1343163E-04
    10275.00  0.1331247E-04   0.4802966E-09   0.1331295E-04
    10325.00  0.1315042E-04   0.4774775E-09   0.1315090E-04
    10375.00  0.1304137E-04   0.4746843E-09   0.1304184E-04
    10425.00  0.1292911E-04   0.4719165E-09   0.1292958E-04
    10475.00  0.1278222E-04   0.4691738E-09   0.1278269E-04
    10525.00  0.1267936E-04   0.4664560E-09   0.1267983E-04
    10575.00  0.1255722E-04   0.4637626E-09   0.1255768E-04
    10625.00  0.1241311E-04   0.4610935E-09   0.1241357E-04
    10675.00  0.1224719E-04   0.4584482E-09   0.1224765E-04
    10725.00  0.1217826E-04   0.4558265E-09   0.1217872E-04
    10775.00  0.1205106E-04   0.4532281E-09   0.1205151E-04
    10825.00  0.1190794E-04   0.4506527E-09   0.1190839E-04
    10875.00  0.1182865E-04   0.4481001E-09   0.1182910E-04
    10925.00  0.1147835E-04   0.4455699E-09   0.1147880E-04
    10975.00  0.1157238E-04   0.4430619E-09   0.1157282E-04
    11025.00  0.1152708E-04   0.4405758E-09   0.1152752E-04
    11075.00  0.1142614E-04   0.4381114E-09   0.1142658E-04
    11125.00  0.1131414E-04   0.4356684E-09   0.1131458E-04
    11175.00  0.1120436E-04   0.4127048E-09   0.1120477E-04
    11225.00  0.1111009E-04   0.4104173E-09   0.1111050E-04
    11275.00  0.1098564E-04   0.4081497E-09   0.1098605E-04
    11325.00  0.1089135E-04   0.4059018E-09   0.1089176E-04
    11375.00  0.1079541E-04   0.4036732E-09   0.1079581E-04
    11425.00  0.1067222E-04   0.4014639E-09   0.1067262E-04
    11475.00  0.1060912E-04   0.3992734E-09   0.1060952E-04
    11525.00  0.1051283E-04   0.3971017E-09   0.1051323E-04
    11575.00  0.1041348E-04   0.3949485E-09   0.1041387E-04
    11625.00  0.1027364E-04   0.3928136E-09   0.1027403E-04
    11675.00  0.1020536E-04   0.3906968E-09   0.1020575E-04
    11725.00  0.1013848E-04   0.3885979E-09   0.1013887E-04
    11775.00  0.1001162E-04   0.3865166E-09   0.1001201E-04
    11825.00  0.9915331E-05   0.3844529E-09   0.9915715E-05
    11875.00  0.9806743E-05   0.3824064E-09   0.9807125E-05
    11925.00  0.9778502E-05   0.3803770E-09   0.9778882E-05
    11975.00  0.9626670E-05   0.3783645E-09   0.9627048E-05
    12025.00  0.9592652E-05   0.3763686E-09   0.9593028E-05
    12075.00  0.9490805E-05   0.3743893E-09   0.9491179E-05
    12125.00  0.9433268E-05   0.3724263E-09   0.9433640E-05
    12175.00  0.9354896E-05   0.3704794E-09   0.9355266E-05
    12225.00  0.9273071E-05   0.3685485E-09   0.9273440E-05
    12275.00  0.9186137E-05   0.3666333E-09   0.9186504E-05
    12325.00  0.9111505E-05   0.3647338E-09   0.9111870E-05
    12375.00  0.9030959E-05   0.3628497E-09   0.9031322E-05
    12425.00  0.8953138E-05   0.3609808E-09   0.8953499E-05
    12475.00  0.8877720E-05   0.3591270E-09   0.8878079E-05
    12525.00  0.8800134E-05   0.3571422E-09   0.8800491E-05
    12575.00  0.8722897E-05   0.3553196E-09   0.8723252E-05
    12625.00  0.8646892E-05   0.3535117E-09   0.8647246E-05
    12675.00  0.8573470E-05   0.3517182E-09   0.8573822E-05
    12725.00  0.8500785E-05   0.3499390E-09   0.8501135E-05
    12775.00  0.8413833E-05   0.3481739E-09   0.8414181E-05
    12825.00  0.8103483E-05   0.3464228E-09   0.8103829E-05
    12875.00  0.8275657E-05   0.3446855E-09   0.8276002E-05
    12925.00  0.8215053E-05   0.3429618E-09   0.8215396E-05
    12975.00  0.8151115E-05   0.3412517E-09   0.8151456E-05
    13025.00  0.8081272E-05   0.3395550E-09   0.8081612E-05
    13075.00  0.8015173E-05   0.3378702E-09   0.8015511E-05
    13125.00  0.7941632E-05   0.3361983E-09   0.7941968E-05
    13175.00  0.7873440E-05   0.3345393E-09   0.7873775E-05
    13225.00  0.7820652E-05   0.3328930E-09   0.7820985E-05
    13275.00  0.7746078E-05   0.3312594E-09   0.7746409E-05
    13325.00  0.7688018E-05   0.3296384E-09   0.7688348E-05
    13375.00  0.7625470E-05   0.3280297E-09   0.7625798E-05
    13425.00  0.7569750E-05   0.3264332E-09   0.7570076E-05
    13475.00  0.7507599E-05   0.3248489E-09   0.7507924E-05
    13525.00  0.7446442E-05   0.3232766E-09   0.7446765E-05
    13575.00  0.7382307E-05   0.3217162E-09   0.7382629E-05
    13625.00  0.7323092E-05   0.3201052E-09   0.7323412E-05
    13675.00  0.7268968E-05   0.3185687E-09   0.7269287E-05
    13725.00  0.7207307E-05   0.3170437E-09   0.7207624E-05
    13775.00  0.7155749E-05   0.3155301E-09   0.7156065E-05
    13825.00  0.7098922E-05   0.3140278E-09   0.7099236E-05
    13875.00  0.7044023E-05   0.3125367E-09   0.7044336E-05
    13925.00  0.6991076E-05   0.3110566E-09   0.6991387E-05
    13975.00  0.6938972E-05   0.3095876E-09   0.6939282E-05
    14025.00  0.6880168E-05   0.3081294E-09   0.6880476E-05
    14075.00  0.6832647E-05   0.3066819E-09   0.6832954E-05
    14125.00  0.6774398E-05   0.3043121E-09   0.6774702E-05
    14175.00  0.6728269E-05   0.3028929E-09   0.6728572E-05
    14225.00  0.6668176E-05   0.3014841E-09   0.6668477E-05
    14275.00  0.6615372E-05   0.3000855E-09   0.6615672E-05
    14325.00  0.6576700E-05   0.2986971E-09   0.6576999E-05
    14375.00  0.6529594E-05   0.2973188E-09   0.6529891E-05
    14425.00  0.6451683E-05   0.2959505E-09   0.6451979E-05
    14475.00  0.6432816E-05   0.2945920E-09   0.6433111E-05
    14525.00  0.6360735E-05   0.2932433E-09   0.6361028E-05
    14570.00  0.6332551E-05   0.2920377E-09   0.6332843E-05
    14620.00  0.6294781E-05   0.2408183E-09   0.6295022E-05
    14675.00  0.6246950E-05   0.2396346E-09   0.6247190E-05
    14725.00  0.6190229E-05   0.2383134E-09   0.6190467E-05
    14775.00  0.6142491E-05   0.2372550E-09   0.6142728E-05
    14825.00  0.6096079E-05   0.2362043E-09   0.6096315E-05
    14875.00  0.6018345E-05   0.2351611E-09   0.6018580E-05
    14925.00  0.6002552E-05   0.2341255E-09   0.6002786E-05
    14975.00  0.5961901E-05   0.2330972E-09   0.5962134E-05
    15025.00  0.5862896E-05   0.2320763E-09   0.5863128E-05
    15075.00  0.5848179E-05   0.2310627E-09   0.5848410E-05
    15125.00  0.5829062E-05   0.2300562E-09   0.5829292E-05
    15175.00  0.5791828E-05   0.2290569E-09   0.5792057E-05
    15225.00  0.5779911E-05   0.2280649E-09   0.5780139E-05
    15275.00  0.5690818E-05   0.2270802E-09   0.5691045E-05
    15325.00  0.5658569E-05   0.2261024E-09   0.5658795E-05
    15375.00  0.5665230E-05   0.2251314E-09   0.5665455E-05
    15425.00  0.5561830E-05   0.2241671E-09   0.5562054E-05
    15475.00  0.5594864E-05   0.2232096E-09   0.5595087E-05
    15525.00  0.5559274E-05   0.2222587E-09   0.5559496E-05
    15575.00  0.5420182E-05   0.2213143E-09   0.5420403E-05
    15625.00  0.5500956E-05   0.2203765E-09   0.5501176E-05
    15675.00  0.5418956E-05   0.2194451E-09   0.5419175E-05
    15725.00  0.5302182E-05   0.2185201E-09   0.5302401E-05
    15775.00  0.5356569E-05   0.2176014E-09   0.5356787E-05
    15825.00  0.5333431E-05   0.2166890E-09   0.5333648E-05
    15875.00  0.5129075E-05   0.2157828E-09   0.5129291E-05
    15925.00  0.5244485E-05   0.2148828E-09   0.5244700E-05
    15975.00  0.5226235E-05   0.2139888E-09   0.5226449E-05
    16050.00  0.5150147E-05   0.2126592E-09   0.5150360E-05
    16150.00  0.4996376E-05   0.2109071E-09   0.4996587E-05
    16250.00  0.5002400E-05   0.2091785E-09   0.5002609E-05
    16350.00  0.4893953E-05   0.2074728E-09   0.4894160E-05
    16450.00  0.4726776E-05   0.2057896E-09   0.4726982E-05
    16550.00  0.4723627E-05   0.2041286E-09   0.4723831E-05
    16650.00  0.4627874E-05   0.2024893E-09   0.4628076E-05
    16750.00  0.4513507E-05   0.2008714E-09   0.4513708E-05
    16850.00  0.4357719E-05   0.1992744E-09   0.4357918E-05
    16950.00  0.4359792E-05   0.1976980E-09   0.4359990E-05
    17050.00  0.4270448E-05   0.1961419E-09   0.4270644E-05
    17150.00  0.4188289E-05   0.1946057E-09   0.4188484E-05
    17250.00  0.4101917E-05   0.1930890E-09   0.4102110E-05
    17350.00  0.3931632E-05   0.1915915E-09   0.3931824E-05
    17450.00  0.3940578E-05   0.1901128E-09   0.3940768E-05
    17550.00  0.3873386E-05   0.1886528E-09   0.3873575E-05
    17650.00  0.3799112E-05   0.1872109E-09   0.3799299E-05
    17750.00  0.3728157E-05   0.1857870E-09   0.3728343E-05
    17850.00  0.3659003E-05   0.1843807E-09   0.3659187E-05
    17950.00  0.3590629E-05   0.1829917E-09   0.3590812E-05
    18050.00  0.3521961E-05   0.1816197E-09   0.3522143E-05
    18150.00  0.3383108E-05   0.1802645E-09   0.3383288E-05
    18250.00  0.3383637E-05   0.1789259E-09   0.3383816E-05
    18350.00  0.3331656E-05   0.1776050E-09   0.3331834E-05
    18450.00  0.3267635E-05   0.1762998E-09   0.3267811E-05
    18550.00  0.3211482E-05   0.1714539E-09   0.3211653E-05
    18650.00  0.3149420E-05   0.1702094E-09   0.3149590E-05
    18750.00  0.2993331E-05   0.1689796E-09   0.2993500E-05
    18850.00  0.3036646E-05   0.1677643E-09   0.3036814E-05
    18950.00  0.2980186E-05   0.1665632E-09   0.2980353E-05
    19050.00  0.2934703E-05   0.1653762E-09   0.2934868E-05
    19150.00  0.2882573E-05   0.1642029E-09   0.2882737E-05
    19250.00  0.2832941E-05   0.1630432E-09   0.2833104E-05
    19350.00  0.2779249E-05   0.1618969E-09   0.2779411E-05
    19450.00  0.2669266E-05   0.1607638E-09   0.2669427E-05
    19550.00  0.2684107E-05   0.1596436E-09   0.2684267E-05
    19650.00  0.2640576E-05   0.1585362E-09   0.2640735E-05
    19750.00  0.2592652E-05   0.1574413E-09   0.2592809E-05
    19850.00  0.2551339E-05   0.1563588E-09   0.2551495E-05
    19950.00  0.2507948E-05   0.1552885E-09   0.2508103E-05
    20050.00  0.2467472E-05   0.1542302E-09   0.2467626E-05
    20150.00  0.2426140E-05   0.1531836E-09   0.2426293E-05
    20250.00  0.2384793E-05   0.1521320E-09   0.2384945E-05
    20350.00  0.2343917E-05   0.1511087E-09   0.2344068E-05
    20450.00  0.2307788E-05   0.1500966E-09   0.2307938E-05
    20550.00  0.2269302E-05   0.1490957E-09   0.2269451E-05
    20650.00  0.2230499E-05   0.1481057E-09   0.2230647E-05
    20750.00  0.2195107E-05   0.1471265E-09   0.2195254E-05
    20850.00  0.2159934E-05   0.1461579E-09   0.2160080E-05
    20950.00  0.2123292E-05   0.1451998E-09   0.2123437E-05
    21050.00  0.2090777E-05   0.1442520E-09   0.2090921E-05
    21150.00  0.2057010E-05   0.1433144E-09   0.2057153E-05
    21250.00  0.2023753E-05   0.1423868E-09   0.2023895E-05
    21350.00  0.1992089E-05   0.1414691E-09   0.1992230E-05
    21450.00  0.1960760E-05   0.1405611E-09   0.1960901E-05
    21550.00  0.1928919E-05   0.1396547E-09   0.1929059E-05
    21650.00  0.1858806E-05   0.1387659E-09   0.1858945E-05
    21750.00  0.1867132E-05   0.1378863E-09   0.1867270E-05
    21850.00  0.1839471E-05   0.1370160E-09   0.1839608E-05
    21950.00  0.1811686E-05   0.1361547E-09   0.1811822E-05
    22050.00  0.1782040E-05   0.1353023E-09   0.1782175E-05
    22150.00  0.1755761E-05   0.1344587E-09   0.1755895E-05
    22250.00  0.1728858E-05   0.1334945E-09   0.1728991E-05
    22350.00  0.1702616E-05   0.1326695E-09   0.1702749E-05
    22450.00  0.1676878E-05   0.1318529E-09   0.1677010E-05
    22550.00  0.1650539E-05   0.1310447E-09   0.1650670E-05
    22650.00  0.1626137E-05   0.1302446E-09   0.1626267E-05
    22750.00  0.1601381E-05   0.1294525E-09   0.1601510E-05
    22850.00  0.1577235E-05   0.1179673E-09   0.1577353E-05
    22950.00  0.1548700E-05   0.1172299E-09   0.1548817E-05
    23050.00  0.1528525E-05   0.1165381E-09   0.1528642E-05
    23150.00  0.1506006E-05   0.1158532E-09   0.1506122E-05
    23250.00  0.1477138E-05   0.1151750E-09   0.1477253E-05
    23350.00  0.1458375E-05   0.1145035E-09   0.1458490E-05
    23450.00  0.1438251E-05   0.1138386E-09   0.1438365E-05
    23550.00  0.1411312E-05   0.1131802E-09   0.1411425E-05
    23650.00  0.1394290E-05   0.1125281E-09   0.1394403E-05
    23750.00  0.1376234E-05   0.1118824E-09   0.1376346E-05
    23850.00  0.1351362E-05   0.1112429E-09   0.1351473E-05
    23950.00  0.1334695E-05   0.1106096E-09   0.1334806E-05
    24050.00  0.1316077E-05   0.1099823E-09   0.1316187E-05
    24150.00  0.1293162E-05   0.1093610E-09   0.1293271E-05
    24250.00  0.1281339E-05   0.1087456E-09   0.1281448E-05
    24350.00  0.1259092E-05   0.1081361E-09   0.1259200E-05
    24450.00  0.1239784E-05   0.1075323E-09   0.1239892E-05
    24550.00  0.1226272E-05   0.1069342E-09   0.1226379E-05
    24650.00  0.1208314E-05   0.1063416E-09   0.1208420E-05
    24750.00  0.1190349E-05   0.1057547E-09   0.1190455E-05
    24850.00  0.1175602E-05   0.1051731E-09   0.1175707E-05
    24950.00  0.1153339E-05   0.1045970E-09   0.1153444E-05
    25050.00  0.1147121E-05   0.1040262E-09   0.1147225E-05
    25150.00  0.1129112E-05   0.1034607E-09   0.1129215E-05
    25250.00  0.1105443E-05   0.1029003E-09   0.1105546E-05
    25350.00  0.1099005E-05   0.1023451E-09   0.1099107E-05
    25450.00  0.1083675E-05   0.1017949E-09   0.1083777E-05
    25550.00  0.1068758E-05   0.1012498E-09   0.1068859E-05
    25650.00  0.1044394E-05   0.1007095E-09   0.1044495E-05
    25750.00  0.1040393E-05   0.1001742E-09   0.1040493E-05
    25850.00  0.1025282E-05   0.9964362E-10   0.1025382E-05
    25950.00  0.1012441E-05   0.9911783E-10   0.1012540E-05
    26050.00  0.9977966E-06   0.9859672E-10   0.9978952E-06
    26150.00  0.9752090E-06   0.9808025E-10   0.9753071E-06
    26250.00  0.9515433E-06   0.9756837E-10   0.9516409E-06
    26350.00  0.9582834E-06   0.9706100E-10   0.9583805E-06
    26450.00  0.9462602E-06   0.9655810E-10   0.9463568E-06
    26550.00  0.9333881E-06   0.9605962E-10   0.9334842E-06
    26650.00  0.9188422E-06   0.9556550E-10   0.9189378E-06
    26750.00  0.8995996E-06   0.9507569E-10   0.8996947E-06
    26850.00  0.8970311E-06   0.9459013E-10   0.8971257E-06
    26950.00  0.8856796E-06   0.9410878E-10   0.8857737E-06
    27050.00  0.8738400E-06   0.9363158E-10   0.8739336E-06
    27150.00  0.8626550E-06   0.9315849E-10   0.8627482E-06
    27250.00  0.8514644E-06   0.9268946E-10   0.8515571E-06
    27350.00  0.8402097E-06   0.9222444E-10   0.8403019E-06
    27450.00  0.8292914E-06   0.9176338E-10   0.8293832E-06
    27550.00  0.8098960E-06   0.9130623E-10   0.8099873E-06
    27650.00  0.8065381E-06   0.8997455E-10   0.8066281E-06
    27750.00  0.7974993E-06   0.8953040E-10   0.7975888E-06
    27850.00  0.7873538E-06   0.8908998E-10   0.7874429E-06
    27950.00  0.7776657E-06   0.8865325E-10   0.7777544E-06
    28050.00  0.7675947E-06   0.8822017E-10   0.7676829E-06
    28150.00  0.7577713E-06   0.8779070E-10   0.7578591E-06
    28250.00  0.7479937E-06   0.8736478E-10   0.7480811E-06
    28350.00  0.7385405E-06   0.8694239E-10   0.7386274E-06
    28450.00  0.7291838E-06   0.8652348E-10   0.7292703E-06
    28550.00  0.7200733E-06   0.8610802E-10   0.7201594E-06
    28650.00  0.7102739E-06   0.8569596E-10   0.7103596E-06
    28750.00  0.6935804E-06   0.8528726E-10   0.6936657E-06
    28850.00  0.6930202E-06   0.8488189E-10   0.6931051E-06
    28950.00  0.6846038E-06   0.8447981E-10   0.6846883E-06
    29050.00  0.6760869E-06   0.8408098E-10   0.6761710E-06
    29150.00  0.6677255E-06   0.8368537E-10   0.6678092E-06
    29250.00  0.6594729E-06   0.8329294E-10   0.6595562E-06
    29350.00  0.6514971E-06   0.8290366E-10   0.6515800E-06
    29450.00  0.6433260E-06   0.8251748E-10   0.6434085E-06
    29550.00  0.6354785E-06   0.8213439E-10   0.6355606E-06
    29650.00  0.6276461E-06   0.8175433E-10   0.6277279E-06
    29750.00  0.6200655E-06   0.8137413E-10   0.6201469E-06
    29850.00  0.6124576E-06   0.8100006E-10   0.6125386E-06
    29950.00  0.6050253E-06   0.8062893E-10   0.6051059E-06
    30050.00  0.5976129E-06   0.8026071E-10   0.5976932E-06
    30150.00  0.5905455E-06   0.7989537E-10   0.5906254E-06
    30250.00  0.5832808E-06   0.7953289E-10   0.5833603E-06
    30350.00  0.5700727E-06   0.7917321E-10   0.5701519E-06
    30450.00  0.5676779E-06   0.7881633E-10   0.5677567E-06
    30550.00  0.5624675E-06   0.7846221E-10   0.5625460E-06
    30650.00  0.5558854E-06   0.7811081E-10   0.5559635E-06
    30750.00  0.5493163E-06   0.7776211E-10   0.5493941E-06
    30850.00  0.5427184E-06   0.7741609E-10   0.5427958E-06
    30950.00  0.5362845E-06   0.7707270E-10   0.5363616E-06
    31050.00  0.5299714E-06   0.7673193E-10   0.5300481E-06
    31150.00  0.5232083E-06   0.7639375E-10   0.5232847E-06
    31250.00  0.5175693E-06   0.7605813E-10   0.5176454E-06
    31350.00  0.5114544E-06   0.7572350E-10   0.5115301E-06
    31450.00  0.5054310E-06   0.7539294E-10   0.5055064E-06
    31550.00  0.4993734E-06   0.7506486E-10   0.4994485E-06
    31650.00  0.4937841E-06   0.7473923E-10   0.4938588E-06
    31750.00  0.4880351E-06   0.7441604E-10   0.4881095E-06
    31850.00  0.4824488E-06   0.7409524E-10   0.4825229E-06
    31950.00  0.4768402E-06   0.7377683E-10   0.4769140E-06
    32100.00  0.4686445E-06   0.7327738E-10   0.4687178E-06
    32300.00  0.4580236E-06   0.7265492E-10   0.4580963E-06
    32500.00  0.4475767E-06   0.7204153E-10   0.4476487E-06
    32700.00  0.4374546E-06   0.7143704E-10   0.4375260E-06
    32900.00  0.4244442E-06   0.6781807E-10   0.4245120E-06
    33100.00  0.4177526E-06   0.6725445E-10   0.4178199E-06
    33300.00  0.4087256E-06   0.6670687E-10   0.4087923E-06
    33500.00  0.3996874E-06   0.6616703E-10   0.3997536E-06
    33700.00  0.3908807E-06   0.6563476E-10   0.3909463E-06
    33900.00  0.3822110E-06   0.6510991E-10   0.3822761E-06
    34100.00  0.3738352E-06   0.6459235E-10   0.3738998E-06
    34300.00  0.3658972E-06   0.6408193E-10   0.3659613E-06
    34500.00  0.3578326E-06   0.6357852E-10   0.3578962E-06
    34700.00  0.3501247E-06   0.6308197E-10   0.3501878E-06
    34900.00  0.3426339E-06   0.6259218E-10   0.3426965E-06
    35100.00  0.3353606E-06   0.6210899E-10   0.3354227E-06
    35300.00  0.3281343E-06   0.6163230E-10   0.3281959E-06
    35500.00  0.3212278E-06   0.6116198E-10   0.3212890E-06
    35700.00  0.3143820E-06   0.6069790E-10   0.3144427E-06
    35900.00  0.3080888E-06   0.6023997E-10   0.3081490E-06
    36100.00  0.3013119E-06   0.5978805E-10   0.3013717E-06
    36300.00  0.2955638E-06   0.5934205E-10   0.2956231E-06
    36500.00  0.2889449E-06   0.5890186E-10   0.2890038E-06
    36700.00  0.2834792E-06   0.5846737E-10   0.2835377E-06
    36900.00  0.2770589E-06   0.5803847E-10   0.2771169E-06
    37100.00  0.2720271E-06   0.5761507E-10   0.2720847E-06
    37300.00  0.2660702E-06   0.5719707E-10   0.2661274E-06
    37500.00  0.2591057E-06   0.5678437E-10   0.2591625E-06
    37700.00  0.2559785E-06   0.5637689E-10   0.2560349E-06
    37900.00  0.2509490E-06   0.5597452E-10   0.2510050E-06
    38100.00  0.2455330E-06   0.5557718E-10   0.2455886E-06
    38300.00  0.2408929E-06   0.5518478E-10   0.2409481E-06
    38500.00  0.2364194E-06   0.5479723E-10   0.2364742E-06
    38700.00  0.2318044E-06   0.5414129E-10   0.2318585E-06
    38900.00  0.2272494E-06   0.5376570E-10   0.2273032E-06
    39100.00  0.2222907E-06   0.5339469E-10   0.2223441E-06
    39300.00  0.2186065E-06   0.5302817E-10   0.2186595E-06
    39500.00  0.2144345E-06   0.5266608E-10   0.2144872E-06
    39700.00  0.2103571E-06   0.5230834E-10   0.2104094E-06
    39900.00  0.2063029E-06   0.5195487E-10   0.2063549E-06
    40100.00  0.2022756E-06   0.5160560E-10   0.2023272E-06
    40300.00  0.1981673E-06   0.5126047E-10   0.1982186E-06
    40500.00  0.1934319E-06   0.5091940E-10   0.1934828E-06
    40700.00  0.1912981E-06   0.5058233E-10   0.1913487E-06
    40900.00  0.1878160E-06   0.5024920E-10   0.1878662E-06
    41100.00  0.1842864E-06   0.4991917E-10   0.1843363E-06
    41300.00  0.1809223E-06   0.4959371E-10   0.1809719E-06
    41500.00  0.1776082E-06   0.4927200E-10   0.1776575E-06
    41700.00  0.1737718E-06   0.4895397E-10   0.1738208E-06
    41900.00  0.1712200E-06   0.4863956E-10   0.1712686E-06
    42100.00  0.1680759E-06   0.4832873E-10   0.1681242E-06
    42300.00  0.1651552E-06   0.4802140E-10   0.1652032E-06
    42500.00  0.1621506E-06   0.4771753E-10   0.1621983E-06
    42700.00  0.1592802E-06   0.4741706E-10   0.1593276E-06
    42900.00  0.1558032E-06   0.4711994E-10   0.1558503E-06
    43100.00  0.1524851E-06   0.4682569E-10   0.1525319E-06
    43300.00  0.1500292E-06   0.4653512E-10   0.1500757E-06
    43500.00  0.1466150E-06   0.4624774E-10   0.1466612E-06
    43700.00  0.1433612E-06   0.4596351E-10   0.1434072E-06
    43900.00  0.1413762E-06   0.4567559E-10   0.1414219E-06
    44100.00  0.1383503E-06   0.4539758E-10   0.1383957E-06
    44300.00  0.1361153E-06   0.4512258E-10   0.1361604E-06
    44500.00  0.1336813E-06   0.4485054E-10   0.1337262E-06
    44700.00  0.1308879E-06   0.4434700E-10   0.1309322E-06
    44900.00  0.1290673E-06   0.4328221E-10   0.1291106E-06
    45100.00  0.1267169E-06   0.4302706E-10   0.1267599E-06
    45300.00  0.1242444E-06   0.4277458E-10   0.1242872E-06
    45500.00  0.1224199E-06   0.4252475E-10   0.1224624E-06
    45700.00  0.1205508E-06   0.4227753E-10   0.1205931E-06
    45900.00  0.1181468E-06   0.4203288E-10   0.1181888E-06
    46100.00  0.1164977E-06   0.4179075E-10   0.1165395E-06
    46300.00  0.1145014E-06   0.4155112E-10   0.1145430E-06
    46500.00  0.1122504E-06   0.4131395E-10   0.1122917E-06
    46700.00  0.1106930E-06   0.4107920E-10   0.1107341E-06
    46900.00  0.1092228E-06   0.4084684E-10   0.1092636E-06
    47100.00  0.1076010E-06   0.4061683E-10   0.1076416E-06
    47300.00  0.1061490E-06   0.4038914E-10   0.1061894E-06
    47500.00  0.1042624E-06   0.4016373E-10   0.1043026E-06
    47700.00  0.1026586E-06   0.3994058E-10   0.1026985E-06
    47900.00  0.1011840E-06   0.3971966E-10   0.1012237E-06
    48100.00  0.9935299E-07   0.3950092E-10   0.9939249E-07
    48300.00  0.9805256E-07   0.3928435E-10   0.9809184E-07
    48500.00  0.9645988E-07   0.3906991E-10   0.9649895E-07
    48700.00  0.9488594E-07   0.3885756E-10   0.9492480E-07
    48900.00  0.9343625E-07   0.3864730E-10   0.9347490E-07
    49100.00  0.9206336E-07   0.3843907E-10   0.9210180E-07
    49300.00  0.9056901E-07   0.3823286E-10   0.9060724E-07
    49500.00  0.8920011E-07   0.3802864E-10   0.8923814E-07
    49700.00  0.8779521E-07   0.3782638E-10   0.8783304E-07
    49900.00  0.8657955E-07   0.3762606E-10   0.8661718E-07
    50100.00  0.8524880E-07   0.3742764E-10   0.8528623E-07
    50300.00  0.8398089E-07   0.3723111E-10   0.8401812E-07
    50500.00  0.8253342E-07   0.3703644E-10   0.8257046E-07
    50700.00  0.8136401E-07   0.3684360E-10   0.8140085E-07
    50900.00  0.8028371E-07   0.3665257E-10   0.8032036E-07
    51100.00  0.7894774E-07   0.3646332E-10   0.7898420E-07
    51300.00  0.7750545E-07   0.3627583E-10   0.7754173E-07
    51500.00  0.7664078E-07   0.3598943E-10   0.7667677E-07
    51700.00  0.7570084E-07   0.3580611E-10   0.7573665E-07
    51900.00  0.7443187E-07   0.3562448E-10   0.7446749E-07
    52100.00  0.7336384E-07   0.3544451E-10   0.7339928E-07
    52300.00  0.7229182E-07   0.3526618E-10   0.7232709E-07
    52500.00  0.7130810E-07   0.3508948E-10   0.7134319E-07
    52700.00  0.7034328E-07   0.3491437E-10   0.7037819E-07
    52900.00  0.6918474E-07   0.3474084E-10   0.6921948E-07
    53100.00  0.6827949E-07   0.3456888E-10   0.6831406E-07
    53300.00  0.6726931E-07   0.3439845E-10   0.6730371E-07
    53500.00  0.6634985E-07   0.3422954E-10   0.6638408E-07
    53700.00  0.6542157E-07   0.3406214E-10   0.6545563E-07
    53900.00  0.6452323E-07   0.3389622E-10   0.6455713E-07
    54100.00  0.6360541E-07   0.3373176E-10   0.6363914E-07
    54300.00  0.6264366E-07   0.3356850E-10   0.6267723E-07
    54500.00  0.6185652E-07   0.3340692E-10   0.6188993E-07
    54700.00  0.6099339E-07   0.3324674E-10   0.6102664E-07
    54900.00  0.6011692E-07   0.3308796E-10   0.6015001E-07
    55100.00  0.5933525E-07   0.3293055E-10   0.5936818E-07
    55300.00  0.5857492E-07   0.3277450E-10   0.5860769E-07
    55500.00  0.5766677E-07   0.3261979E-10   0.5769939E-07
    55700.00  0.5698089E-07   0.3246641E-10   0.5701336E-07
    55900.00  0.5615152E-07   0.3231433E-10   0.5618383E-07
    56100.00  0.5539429E-07   0.3216356E-10   0.5542645E-07
    56300.00  0.5464251E-07   0.3201405E-10   0.5467452E-07
    56500.00  0.5393921E-07   0.3186571E-10   0.5397108E-07
    56700.00  0.5320911E-07   0.3171871E-10   0.5324083E-07
    56900.00  0.5245462E-07   0.3157295E-10   0.5248619E-07
    57100.00  0.5180205E-07   0.3142840E-10   0.5183348E-07
    57300.00  0.5109940E-07   0.3128505E-10   0.5113069E-07
    57500.00  0.5042228E-07   0.3114083E-10   0.5045342E-07
    57700.00  0.4975676E-07   0.3099987E-10   0.4978776E-07
    57900.00  0.4911569E-07   0.3086008E-10   0.4914655E-07
    58100.00  0.4845913E-07   0.3072144E-10   0.4848985E-07
    58300.00  0.4782927E-07   0.3058393E-10   0.4785985E-07
    58500.00  0.4722855E-07   0.3003923E-10   0.4725859E-07
    58700.00  0.4659642E-07   0.2990579E-10   0.4662633E-07
    58900.00  0.4597921E-07   0.2977416E-10   0.4600898E-07
    59100.00  0.4519730E-07   0.2964360E-10   0.4522694E-07
    59300.00  0.4481179E-07   0.2951408E-10   0.4484130E-07
    59500.00  0.4423109E-07   0.2938560E-10   0.4426048E-07
    59700.00  0.4367072E-07   0.2925814E-10   0.4369998E-07
    59900.00  0.4310820E-07   0.2913169E-10   0.4313733E-07
    60100.00  0.4256145E-07   0.2900624E-10   0.4259046E-07
    60300.00  0.4201805E-07   0.2888179E-10   0.4204693E-07
    60500.00  0.4146993E-07   0.2875831E-10   0.4149869E-07
    60700.00  0.4094549E-07   0.2863579E-10   0.4097413E-07
    60900.00  0.4043439E-07   0.2851424E-10   0.4046290E-07
    61100.00  0.3991157E-07   0.2839363E-10   0.3993996E-07
    61300.00  0.3942031E-07   0.2827395E-10   0.3944858E-07
    61500.00  0.3892964E-07   0.2815520E-10   0.3895780E-07
    61700.00  0.3844741E-07   0.2803736E-10   0.3847545E-07
    61900.00  0.3796492E-07   0.2792043E-10   0.3799284E-07
    62100.00  0.3749397E-07   0.2780440E-10   0.3752177E-07
    62300.00  0.3702414E-07   0.2768925E-10   0.3705183E-07
    62500.00  0.3656725E-07   0.2757497E-10   0.3659482E-07
    62700.00  0.3611981E-07   0.2746156E-10   0.3614727E-07
    62900.00  0.3567981E-07   0.2734901E-10   0.3570716E-07
    63100.00  0.3524162E-07   0.2723730E-10   0.3526886E-07
    63300.00  0.3481938E-07   0.2712644E-10   0.3484651E-07
    63500.00  0.3438153E-07   0.2701640E-10   0.3440855E-07
    63700.00  0.3397105E-07   0.2690718E-10   0.3399796E-07
    63900.00  0.3355542E-07   0.2679878E-10   0.3358222E-07
    64200.00  0.3295514E-07   0.2663767E-10   0.3298178E-07
    64600.00  0.3216155E-07   0.2642563E-10   0.3218798E-07
    65000.00  0.3140095E-07   0.2621669E-10   0.3142717E-07
    65400.00  0.3065709E-07   0.2601077E-10   0.3068310E-07
    65800.00  0.2994035E-07   0.2580783E-10   0.2996616E-07
    66200.00  0.2923998E-07   0.2556590E-10   0.2926555E-07
    66600.00  0.2856215E-07   0.2536919E-10   0.2858752E-07
    67000.00  0.2790298E-07   0.2517526E-10   0.2792816E-07
    67400.00  0.2725987E-07   0.2498405E-10   0.2728485E-07
    67800.00  0.2663523E-07   0.2479552E-10   0.2666003E-07
    68200.00  0.2603135E-07   0.2460961E-10   0.2605596E-07
    68600.00  0.2544687E-07   0.2442627E-10   0.2547130E-07
    69000.00  0.2487553E-07   0.2424545E-10   0.2489978E-07
    69400.00  0.2431777E-07   0.2406702E-10   0.2434184E-07
    69800.00  0.2377882E-07   0.2389108E-10   0.2380271E-07
    70200.00  0.2325412E-07   0.2371752E-10   0.2327784E-07
    70600.00  0.2274202E-07   0.2354629E-10   0.2276557E-07
    71000.00  0.2224183E-07   0.2337734E-10   0.2226521E-07
    71400.00  0.2175967E-07   0.2321063E-10   0.2178288E-07
    71800.00  0.2128948E-07   0.2304607E-10   0.2131253E-07
    72200.00  0.2083298E-07   0.2288372E-10   0.2085586E-07
    72600.00  0.2038080E-07   0.2272348E-10   0.2040352E-07
    73000.00  0.1994906E-07   0.2256454E-10   0.1997162E-07
    73400.00  0.1952806E-07   0.2240845E-10   0.1955047E-07
    73800.00  0.1911881E-07   0.2225435E-10   0.1914106E-07
    74200.00  0.1871559E-07   0.2192271E-10   0.1873751E-07
    74600.00  0.1826917E-07   0.2177432E-10   0.1829094E-07
    75000.00  0.1790302E-07   0.2162779E-10   0.1792465E-07
    75400.00  0.1757729E-07   0.2148309E-10   0.1759877E-07
    75800.00  0.1721919E-07   0.2134020E-10   0.1724053E-07
    76200.00  0.1686528E-07   0.2119907E-10   0.1688648E-07
    76600.00  0.1652400E-07   0.2105968E-10   0.1654506E-07
    77000.00  0.1618959E-07   0.2092199E-10   0.1621051E-07
    77400.00  0.1586447E-07   0.2078598E-10   0.1588526E-07
    77800.00  0.1554865E-07   0.2065162E-10   0.1556930E-07
    78200.00  0.1523443E-07   0.2051887E-10   0.1525495E-07
    78600.00  0.1493038E-07   0.2038772E-10   0.1495077E-07
    79000.00  0.1463682E-07   0.2025813E-10   0.1465708E-07
    79400.00  0.1435082E-07   0.2013007E-10   0.1437095E-07
    79800.00  0.1407008E-07   0.2000353E-10   0.1409008E-07
    80200.00  0.1379559E-07   0.1987847E-10   0.1381547E-07
    80600.00  0.1352943E-07   0.1975487E-10   0.1354918E-07
    81000.00  0.1326944E-07   0.1963271E-10   0.1328907E-07
    81400.00  0.1301502E-07   0.1951195E-10   0.1303453E-07
    81800.00  0.1276756E-07   0.1939259E-10   0.1278695E-07
    82200.00  0.1252632E-07   0.1927459E-10   0.1254559E-07
    82600.00  0.1228852E-07   0.1913863E-10   0.1230766E-07
    83000.00  0.1205782E-07   0.1902347E-10   0.1207684E-07
    83400.00  0.1183350E-07   0.1890961E-10   0.1185241E-07
    83800.00  0.1161228E-07   0.1879703E-10   0.1163108E-07
    84200.00  0.1139706E-07   0.1868570E-10   0.1141575E-07
    84600.00  0.1118771E-07   0.1857561E-10   0.1120629E-07
    85000.00  0.1098149E-07   0.1846673E-10   0.1099996E-07
    85400.00  0.1077901E-07   0.1835905E-10   0.1079737E-07
    85800.00  0.1058302E-07   0.1825255E-10   0.1060127E-07
    86200.00  0.1039186E-07   0.1814718E-10   0.1041001E-07
    86600.00  0.1020303E-07   0.1804297E-10   0.1022107E-07
    87000.00  0.1001998E-07   0.1793989E-10   0.1003792E-07
    87400.00  0.9839638E-08   0.1783792E-10   0.9857476E-08
    87800.00  0.9665125E-08   0.1773704E-10   0.9682862E-08
    88200.00  0.9494091E-08   0.1763722E-10   0.9511728E-08
    88600.00  0.9325682E-08   0.1753847E-10   0.9343220E-08
    89000.00  0.9162633E-08   0.1744073E-10   0.9180074E-08
    89400.00  0.9002394E-08   0.1734404E-10   0.9019738E-08
    89800.00  0.8844857E-08   0.1724836E-10   0.8862105E-08
    90200.00  0.8692158E-08   0.1715335E-10   0.8709311E-08
    90600.00  0.8542966E-08   0.1705963E-10   0.8560026E-08
    91000.00  0.8396045E-08   0.1696688E-10   0.8413012E-08
    91400.00  0.8252098E-08   0.1678865E-10   0.8268887E-08
    91800.00  0.8112405E-08   0.1669840E-10   0.8129103E-08
    92200.00  0.7974684E-08   0.1660917E-10   0.7991293E-08
    92600.00  0.7840457E-08   0.1652084E-10   0.7856978E-08
    93000.00  0.7707610E-08   0.1643339E-10   0.7724043E-08
    93400.00  0.7577573E-08   0.1634682E-10   0.7593920E-08
    93800.00  0.7450468E-08   0.1626111E-10   0.7466729E-08
    94200.00  0.7326451E-08   0.1617625E-10   0.7342627E-08
    94600.00  0.7205695E-08   0.1609222E-10   0.7221787E-08
    95000.00  0.7087120E-08   0.1600902E-10   0.7103129E-08
    95400.00  0.6971184E-08   0.1592664E-10   0.6987111E-08
    95800.00  0.6856892E-08   0.1584505E-10   0.6872737E-08
    96200.00  0.6745009E-08   0.1576426E-10   0.6760773E-08
    96600.00  0.6635611E-08   0.1568424E-10   0.6651295E-08
    97000.00  0.6528866E-08   0.1560499E-10   0.6544471E-08
    97400.00  0.6422508E-08   0.1552650E-10   0.6438035E-08
    97800.00  0.6320111E-08   0.1544876E-10   0.6335560E-08
    98200.00  0.6219390E-08   0.1537176E-10   0.6234762E-08
    98600.00  0.6120464E-08   0.1529548E-10   0.6135759E-08
    99000.00  0.6023337E-08   0.1521992E-10   0.6038557E-08
    99400.00  0.5927647E-08   0.1514506E-10   0.5942792E-08
    99800.00  0.5834837E-08   0.1507091E-10   0.5849908E-08
   100200.00  0.5743362E-08   0.3407847E-11   0.5746770E-08
   200000.00  0.3720078E-09   0.8553729E-12   0.3728632E-09
   400000.00  0.2353167E-10   0.2138432E-12   0.2374551E-10
   600000.00  0.4651402E-11   0.9504144E-13   0.4746443E-11
   800000.00  0.1469599E-11   0.5346081E-13   0.1523060E-11
  1000000.00  0.6004252E-12   0.3421492E-13   0.6346401E-12
  1200000.00  0.2887962E-12   0.2376036E-13   0.3125566E-12
  1400000.00  0.1554805E-12   0.1745659E-13   0.1729371E-12
  1600000.00  0.9087165E-13   0.1336520E-13   0.1042369E-12
