       91.00  0.2087097E-30   0.0000000E+00   0.2087097E-30
       94.00  0.2087097E-30   0.0000000E+00   0.2087097E-30
       96.00  0.2087097E-30   0.0000000E+00   0.2087097E-30
       98.00  0.2087097E-30   0.0000000E+00   0.2087097E-30
      100.00  0.2087097E-30   0.0000000E+00   0.2087097E-30
      102.00  0.2087097E-30   0.0000000E+00   0.2087097E-30
      104.00  0.2087097E-30   0.0000000E+00   0.2087097E-30
      106.00  0.2087097E-30   0.0000000E+00   0.2087097E-30
      108.00  0.2087097E-30   0.0000000E+00   0.2087097E-30
      110.00  0.2087097E-30   0.0000000E+00   0.2087097E-30
      114.00  0.2087097E-30   0.0000000E+00   0.2087097E-30
      118.00  0.2087097E-30   0.0000000E+00   0.2087097E-30
      121.00  0.2087097E-30   0.0000000E+00   0.2087097E-30
      125.00  0.2087097E-30   0.0000000E+00   0.2087097E-30
      127.00  0.2087097E-30   0.0000000E+00   0.2087097E-30
      128.00  0.2087097E-30   0.0000000E+00   0.2087097E-30
      131.00  0.2087097E-30   0.0000000E+00   0.2087097E-30
      132.00  0.2087097E-30   0.0000000E+00   0.2087097E-30
      134.00  0.2087097E-30   0.0000000E+00   0.2087097E-30
      137.00  0.2087097E-30   0.0000000E+00   0.2087097E-30
      140.00  0.2087097E-30   0.0000000E+00   0.2087097E-30
      143.00  0.2087097E-30   0.0000000E+00   0.2087097E-30
      147.00  0.2087097E-30   0.0000000E+00   0.2087097E-30
      151.00  0.2087097E-30   0.0000000E+00   0.2087097E-30
      155.00  0.2087097E-30   0.0000000E+00   0.2087097E-30
      159.00  0.2087097E-30   0.0000000E+00   0.2087097E-30
      162.00  0.2087097E-30   0.0000000E+00   0.2087097E-30
      166.00  0.2087097E-30   0.0000000E+00   0.2087097E-30
      170.00  0.2087097E-30   0.0000000E+00   0.2087097E-30
      173.00  0.2087097E-30   0.0000000E+00   0.2087097E-30
      177.00  0.2087097E-30   0.0000000E+00   0.2087097E-30
      180.00  0.2087097E-30   0.0000000E+00   0.2087097E-30
      182.00  0.2087097E-30   0.0000000E+00   0.2087097E-30
      186.00  0.2087097E-30   0.0000000E+00   0.2087097E-30
      191.00  0.2087097E-30   0.0000000E+00   0.2087097E-30
      194.00  0.2087097E-30   0.0000000E+00   0.2087097E-30
      198.00  0.2087097E-30   0.0000000E+00   0.2087097E-30
      202.00  0.2087097E-30   0.0000000E+00   0.2087097E-30
      205.00  0.2087097E-30   0.0000000E+00   0.2087097E-30
      210.00  0.2087097E-30   0.0000000E+00   0.2087097E-30
      216.00  0.2087097E-30   0.0000000E+00   0.2087097E-30
      220.00  0.2087097E-30   0.0000000E+00   0.2087097E-30
      223.00  0.2087097E-30   0.0000000E+00   0.2087097E-30
      227.00  0.2087097E-30   0.0000000E+00   0.2087097E-30
      228.00  0.2087097E-30   0.0000000E+00   0.2087097E-30
      228.00  0.1289634E-15   0.0000000E+00   0.1289634E-15
      230.00  0.3762349E-15   0.0000000E+00   0.3762349E-15
      234.00  0.8707780E-15   0.0000000E+00   0.8707780E-15
      240.00  0.2124855E-14   0.0000000E+00   0.2124855E-14
      246.00  0.5329729E-14   0.0000000E+00   0.5329729E-14
      252.00  0.1183974E-13   0.0000000E+00   0.1183974E-13
      257.00  0.1973695E-13   0.0000000E+00   0.1973695E-13
      260.00  0.3124666E-13   0.0000000E+00   0.3124666E-13
      264.00  0.5048257E-13   0.0000000E+00   0.5048257E-13
      269.00  0.8499451E-13   0.0000000E+00   0.8499451E-13
      274.00  0.1489884E-12   0.0000000E+00   0.1489884E-12
      279.00  0.2570798E-12   0.0000000E+00   0.2570798E-12
      284.00  0.4643326E-12   0.0000000E+00   0.4643326E-12
      290.00  0.8440416E-12   0.0000000E+00   0.8440416E-12
      296.00  0.1501233E-11   0.0000000E+00   0.1501233E-11
      301.00  0.2371013E-11   0.0000000E+00   0.2371013E-11
      308.00  0.4284439E-11   0.0000000E+00   0.4284439E-11
      318.00  0.1042002E-10   0.0000000E+00   0.1042002E-10
      328.00  0.2260997E-10   0.0000000E+00   0.2260997E-10
      338.00  0.4807758E-10   0.0000000E+00   0.4807758E-10
      348.00  0.9651395E-10   0.0000000E+00   0.9651395E-10
      353.30  0.1314978E-09   0.0000000E+00   0.1314978E-09
      353.30  0.1290911E-09   0.0000000E+00   0.1290911E-09
      357.00  0.1901634E-09   0.0000000E+00   0.1901634E-09
      366.00  0.3387172E-09   0.0000000E+00   0.3387172E-09
      375.00  0.5652605E-09   0.0000000E+00   0.5652605E-09
      385.00  0.9924232E-09   0.0000000E+00   0.9924232E-09
      395.00  0.1689454E-08   0.0000000E+00   0.1689454E-08
      405.00  0.2775064E-08   0.0000000E+00   0.2775064E-08
      414.00  0.4285267E-08   0.0000000E+00   0.4285267E-08
      422.00  0.6117526E-08   0.0000000E+00   0.6117526E-08
      430.00  0.8708521E-08   0.0000000E+00   0.8708521E-08
      441.00  0.1382257E-07   0.0000000E+00   0.1382257E-07
      451.00  0.2058977E-07   0.0000000E+00   0.2058977E-07
      460.00  0.2885393E-07   0.0000000E+00   0.2885393E-07
      470.00  0.4167925E-07   0.0000000E+00   0.4167925E-07
      480.00  0.5888355E-07   0.0000000E+00   0.5888355E-07
      490.00  0.8238678E-07   0.0000000E+00   0.8238678E-07
      500.00  0.1133339E-06   0.0000000E+00   0.1133339E-06
      504.60  0.1277970E-06   0.0000000E+00   0.1277970E-06
      504.60  0.3091667E-07   0.0000000E+00   0.3091667E-07
      506.00  0.1133095E-05   0.0000000E+00   0.1133095E-05
      512.00  0.4439630E-05   0.0000000E+00   0.4439630E-05
      520.00  0.5301594E-05   0.0000000E+00   0.5301594E-05
      530.00  0.6868616E-05   0.0000000E+00   0.6868616E-05
      540.00  0.7403642E-05   0.0000000E+00   0.7403642E-05
      550.00  0.1067674E-04   0.0000000E+00   0.1067674E-04
      560.00  0.1250283E-04   0.0000000E+00   0.1250283E-04
      570.00  0.1539645E-04   0.0000000E+00   0.1539645E-04
      580.00  0.1523995E-04   0.0000000E+00   0.1523995E-04
      590.00  0.2008388E-04   0.0000000E+00   0.2008388E-04
      600.00  0.2381998E-04   0.0000000E+00   0.2381998E-04
      610.00  0.2828621E-04   0.0000000E+00   0.2828621E-04
      620.00  0.3187894E-04   0.0000000E+00   0.3187894E-04
      630.00  0.3654116E-04   0.0000000E+00   0.3654116E-04
      640.00  0.3925781E-04   0.0000000E+00   0.3925781E-04
      650.00  0.4565012E-04   0.0000000E+00   0.4565012E-04
      658.00  0.5125209E-04   0.0000000E+00   0.5125209E-04
      665.00  0.5500196E-04   0.0000000E+00   0.5500196E-04
      675.00  0.5850969E-04   0.0000000E+00   0.5850969E-04
      685.00  0.6432416E-04   0.0000000E+00   0.6432416E-04
      695.00  0.7610357E-04   0.0000000E+00   0.7610357E-04
      705.00  0.8159878E-04   0.0000000E+00   0.8159878E-04
      716.00  0.9202909E-04   0.0000000E+00   0.9202909E-04
      726.00  0.9930547E-04   0.0000000E+00   0.9930547E-04
      735.00  0.1064747E-03   0.0000000E+00   0.1064747E-03
      745.00  0.1197835E-03   0.0000000E+00   0.1197835E-03
      755.00  0.1308561E-03   0.0000000E+00   0.1308561E-03
      765.00  0.1422546E-03   0.0000000E+00   0.1422546E-03
      775.00  0.1552968E-03   0.0000000E+00   0.1552968E-03
      785.00  0.1683738E-03   0.0000000E+00   0.1683738E-03
      795.00  0.1789037E-03   0.0000000E+00   0.1789037E-03
      805.00  0.1913946E-03   0.0000000E+00   0.1913946E-03
      815.00  0.2022280E-03   0.0000000E+00   0.2022280E-03
      825.00  0.2204738E-03   0.0000000E+00   0.2204738E-03
      835.00  0.2188780E-03   0.0000000E+00   0.2188780E-03
      845.00  0.2436775E-03   0.0000000E+00   0.2436775E-03
      855.00  0.2576693E-03   0.0000000E+00   0.2576693E-03
      865.00  0.2762768E-03   0.0000000E+00   0.2762768E-03
      875.00  0.2971369E-03   0.0000000E+00   0.2971369E-03
      885.00  0.3190584E-03   0.0000000E+00   0.3190584E-03
      895.00  0.3374316E-03   0.0000000E+00   0.3374316E-03
      905.00  0.3470181E-03   0.0000000E+00   0.3470181E-03
      912.40  0.3484552E-03   0.6310882E-08   0.3484616E-03
      912.40  0.2274121E-02   0.6310976E-08   0.2274127E-02
      915.00  0.5493263E-03   0.7197826E-08   0.5493335E-03
      925.00  0.3998916E-02   0.8331844E-08   0.3998924E-02
      935.00  0.1172108E-01   0.9612113E-08   0.1172109E-01
      945.00  0.2904165E-01   0.1105305E-07   0.2904166E-01
      955.00  0.4008681E-01   0.1266999E-07   0.4008682E-01
      965.00  0.4954927E-01   0.1447922E-07   0.4954928E-01
      975.00  0.1084268E-01   0.1649797E-07   0.1084270E-01
      985.00  0.5117082E-01   0.1874444E-07   0.5117084E-01
      995.00  0.4873332E-01   0.2123780E-07   0.4873334E-01
     1005.00  0.5746008E-01   0.2399820E-07   0.5746010E-01
     1015.00  0.5182984E-01   0.2704675E-07   0.5182987E-01
     1025.00  0.1880516E-01   0.3040555E-07   0.1880519E-01
     1035.00  0.4063696E-01   0.3409767E-07   0.4063699E-01
     1045.00  0.6302976E-01   0.3814809E-07   0.6302980E-01
     1055.00  0.6041240E-01   0.4258116E-07   0.6041244E-01
     1065.00  0.5230314E-01   0.4742270E-07   0.5230319E-01
     1075.00  0.5792558E-01   0.5269957E-07   0.5792563E-01
     1085.00  0.4999201E-01   0.5843953E-07   0.4999207E-01
     1095.00  0.5780817E-01   0.6467126E-07   0.5780823E-01
     1105.00  0.5398610E-01   0.7142428E-07   0.5398617E-01
     1115.00  0.5329817E-01   0.7872890E-07   0.5329825E-01
     1125.00  0.4784700E-01   0.8661618E-07   0.4784709E-01
     1135.00  0.5368088E-01   0.9511817E-07   0.5368098E-01
     1145.00  0.4938040E-01   0.1042675E-06   0.4938050E-01
     1155.00  0.5070289E-01   0.1140976E-06   0.5070300E-01
     1165.00  0.5098041E-01   0.1246426E-06   0.5098053E-01
     1175.00  0.3885987E-01   0.1359370E-06   0.3886001E-01
     1185.00  0.4859473E-01   0.1480163E-06   0.4859488E-01
     1195.00  0.4189459E-01   0.1609161E-06   0.4189475E-01
     1205.00  0.3234869E-01   0.1746729E-06   0.3234886E-01
     1215.00  0.1572462E-01   0.1893235E-06   0.1572481E-01
     1225.00  0.3540842E-01   0.1740934E-05   0.3541016E-01
     1235.00  0.4367733E-01   0.3151016E-05   0.4368048E-01
     1245.00  0.4512629E-01   0.4352742E-05   0.4513064E-01
     1255.00  0.4368199E-01   0.5382394E-05   0.4368737E-01
     1265.00  0.4155382E-01   0.6266878E-05   0.4156009E-01
     1275.00  0.4442871E-01   0.7027473E-05   0.4443574E-01
     1285.00  0.4398738E-01   0.7681559E-05   0.4399506E-01
     1295.00  0.3845420E-01   0.8243607E-05   0.3846244E-01
     1305.00  0.3857376E-01   0.8725828E-05   0.3858249E-01
     1315.00  0.4203405E-01   0.9138618E-05   0.4204319E-01
     1325.00  0.4001496E-01   0.9490894E-05   0.4002445E-01
     1335.00  0.3773754E-01   0.9790348E-05   0.3774733E-01
     1345.00  0.3924916E-01   0.1004365E-04   0.3925920E-01
     1355.00  0.3876546E-01   0.1025659E-04   0.3877572E-01
     1365.00  0.3645410E-01   0.1043424E-04   0.3646453E-01
     1375.00  0.3610834E-01   0.1058104E-04   0.3611892E-01
     1385.00  0.3605589E-01   0.1070086E-04   0.3606659E-01
     1395.00  0.3159366E-01   0.1079715E-04   0.3160446E-01
     1405.00  0.3249454E-01   0.1087291E-04   0.3250541E-01
     1415.00  0.3351466E-01   0.1093081E-04   0.3352559E-01
     1425.00  0.3291685E-01   0.1097321E-04   0.3292782E-01
     1435.00  0.3290733E-01   0.1100220E-04   0.3291833E-01
     1442.00  0.3332971E-01   0.1101552E-04   0.3334073E-01
     1447.00  0.3288167E-01   0.1102189E-04   0.3289269E-01
     1455.00  0.3221888E-01   0.1102718E-04   0.3222991E-01
     1465.00  0.3060262E-01   0.1102628E-04   0.3061365E-01
     1475.00  0.3028976E-01   0.1101826E-04   0.3030078E-01
     1485.00  0.2978549E-01   0.1100427E-04   0.2979649E-01
     1495.00  0.2945556E-01   0.1098537E-04   0.2946655E-01
     1505.00  0.2788603E-01   0.1096247E-04   0.2789699E-01
     1512.00  0.2570641E-01   0.1094451E-04   0.2571735E-01
     1517.00  0.2641520E-01   0.1093089E-04   0.2642613E-01
     1525.00  0.2645400E-01   0.1090794E-04   0.2646491E-01
     1535.00  0.2397498E-01   0.1087772E-04   0.2398586E-01
     1545.00  0.2440274E-01   0.1084635E-04   0.2441359E-01
     1555.00  0.2326617E-01   0.1081428E-04   0.2327698E-01
     1565.00  0.2393835E-01   0.1078205E-04   0.2394913E-01
     1575.00  0.2463033E-01   0.1075011E-04   0.2464108E-01
     1585.00  0.2451646E-01   0.1071883E-04   0.2452718E-01
     1595.00  0.2456440E-01   0.1068857E-04   0.2457509E-01
     1605.00  0.2395088E-01   0.1065963E-04   0.2396154E-01
     1615.00  0.2361112E-01   0.1063229E-04   0.2362175E-01
     1625.00  0.2310474E-01   0.1060680E-04   0.2311535E-01
     1635.00  0.2363180E-01   0.1058337E-04   0.2364238E-01
     1645.00  0.2329337E-01   0.1056220E-04   0.2330393E-01
     1655.00  0.2263318E-01   0.1054347E-04   0.2264372E-01
     1665.00  0.2315312E-01   0.1052736E-04   0.2316365E-01
     1672.00  0.2211890E-01   0.1051771E-04   0.2212942E-01
     1677.00  0.2299573E-01   0.1051166E-04   0.2300624E-01
     1685.00  0.2285317E-01   0.1050351E-04   0.2286367E-01
     1695.00  0.2198902E-01   0.1049601E-04   0.2199952E-01
     1705.00  0.2124179E-01   0.1049160E-04   0.2125228E-01
     1715.00  0.2040999E-01   0.1049037E-04   0.2042048E-01
     1725.00  0.2012797E-01   0.1049239E-04   0.2013846E-01
     1735.00  0.2051466E-01   0.1049774E-04   0.2052516E-01
     1745.00  0.1997904E-01   0.1050646E-04   0.1998955E-01
     1755.00  0.2028856E-01   0.1051862E-04   0.2029908E-01
     1765.00  0.1930532E-01   0.1053425E-04   0.1931585E-01
     1775.00  0.1910819E-01   0.1055340E-04   0.1911874E-01
     1785.00  0.1912899E-01   0.1057609E-04   0.1913957E-01
     1795.00  0.1940010E-01   0.1060235E-04   0.1941070E-01
     1805.00  0.1927537E-01   0.1063219E-04   0.1928600E-01
     1815.00  0.1807941E-01   0.1066564E-04   0.1809008E-01
     1825.00  0.1832643E-01   0.1070271E-04   0.1833713E-01
     1835.00  0.1781710E-01   0.1074340E-04   0.1782784E-01
     1845.00  0.1658709E-01   0.1078772E-04   0.1659788E-01
     1855.00  0.1642222E-01   0.1083567E-04   0.1643306E-01
     1865.00  0.1658712E-01   0.1088724E-04   0.1659801E-01
     1875.00  0.1711047E-01   0.1094243E-04   0.1712141E-01
     1885.00  0.1574875E-01   0.1100123E-04   0.1575975E-01
     1895.00  0.1488249E-01   0.1106363E-04   0.1489355E-01
     1905.00  0.1570470E-01   0.1112961E-04   0.1571583E-01
     1915.00  0.1501459E-01   0.1119917E-04   0.1502579E-01
     1925.00  0.1455840E-01   0.1127229E-04   0.1456967E-01
     1935.00  0.1501157E-01   0.1134894E-04   0.1502292E-01
     1945.00  0.1527048E-01   0.1142892E-04   0.1528191E-01
     1955.00  0.1418835E-01   0.1151213E-04   0.1419986E-01
     1967.00  0.1488937E-01   0.1161648E-04   0.1490099E-01
     1976.00  0.1527398E-01   0.1169792E-04   0.1528568E-01
     1984.00  0.1441611E-01   0.1177259E-04   0.1442788E-01
     1995.00  0.1405517E-01   0.1187874E-04   0.1406705E-01
     2005.00  0.1426300E-01   0.1197869E-04   0.1427498E-01
     2015.00  0.1410535E-01   0.1208189E-04   0.1411743E-01
     2025.00  0.1438781E-01   0.1218832E-04   0.1440000E-01
     2035.00  0.1355721E-01   0.1229859E-04   0.1356951E-01
     2045.00  0.1359670E-01   0.1241232E-04   0.1360911E-01
     2055.00  0.1319763E-01   0.5868471E-05   0.1320350E-01
     2065.00  0.1327028E-01   0.5829722E-05   0.1327611E-01
     2074.00  0.1368660E-01   0.5795951E-05   0.1369240E-01
     2078.00  0.1293724E-01   0.5781274E-05   0.1294302E-01
     2085.00  0.1316551E-01   0.5756076E-05   0.1317127E-01
     2095.00  0.1260191E-01   0.5721144E-05   0.1260763E-01
     2105.00  0.1283212E-01   0.5687449E-05   0.1283781E-01
     2115.00  0.1274501E-01   0.5654973E-05   0.1275066E-01
     2125.00  0.1284706E-01   0.5623700E-05   0.1285268E-01
     2135.00  0.1248389E-01   0.5593610E-05   0.1248948E-01
     2145.00  0.1214877E-01   0.5564687E-05   0.1215433E-01
     2155.00  0.1237894E-01   0.5536912E-05   0.1238448E-01
     2165.00  0.1217962E-01   0.5510269E-05   0.1218513E-01
     2175.00  0.1200088E-01   0.5484743E-05   0.1200636E-01
     2185.00  0.1180318E-01   0.5460317E-05   0.1180864E-01
     2195.00  0.1188899E-01   0.5436972E-05   0.1189443E-01
     2205.00  0.1166805E-01   0.5414689E-05   0.1167346E-01
     2215.00  0.1144915E-01   0.5393451E-05   0.1145454E-01
     2225.00  0.1116041E-01   0.5373243E-05   0.1116578E-01
     2235.00  0.1120601E-01   0.5354046E-05   0.1121136E-01
     2245.00  0.1106987E-01   0.5335844E-05   0.1107521E-01
     2255.00  0.1081974E-01   0.5318622E-05   0.1082506E-01
     2265.00  0.1083168E-01   0.5302361E-05   0.1083698E-01
     2275.00  0.1076218E-01   0.5287047E-05   0.1076747E-01
     2285.00  0.1074476E-01   0.5272611E-05   0.1075003E-01
     2295.00  0.1034644E-01   0.5259031E-05   0.1035170E-01
     2305.00  0.1037220E-01   0.5246344E-05   0.1037745E-01
     2315.00  0.1012247E-01   0.5234533E-05   0.1012770E-01
     2325.00  0.8971743E-02   0.5223583E-05   0.8976967E-02
     2335.00  0.9746322E-02   0.5213479E-05   0.9751535E-02
     2345.00  0.9594626E-02   0.5204205E-05   0.9599830E-02
     2355.00  0.9684058E-02   0.5195747E-05   0.9689254E-02
     2365.00  0.9432058E-02   0.5188090E-05   0.9437246E-02
     2375.00  0.9387024E-02   0.5181219E-05   0.9392205E-02
     2385.00  0.9158507E-02   0.5175120E-05   0.9163682E-02
     2395.00  0.9207507E-02   0.5169778E-05   0.9212677E-02
     2405.00  0.9013269E-02   0.5165184E-05   0.9018434E-02
     2415.00  0.8943460E-02   0.5161323E-05   0.8948621E-02
     2425.00  0.8984227E-02   0.5158179E-05   0.8989385E-02
     2435.00  0.8749548E-02   0.5155737E-05   0.8754704E-02
     2445.00  0.8783739E-02   0.5153986E-05   0.8788893E-02
     2455.00  0.8712445E-02   0.5152911E-05   0.8717598E-02
     2465.00  0.8568441E-02   0.5152499E-05   0.8573593E-02
     2475.00  0.8444810E-02   0.5152738E-05   0.8449963E-02
     2485.00  0.8443649E-02   0.5153615E-05   0.8448803E-02
     2495.00  0.8078046E-02   0.5155118E-05   0.8083201E-02
     2505.00  0.8308464E-02   0.5157234E-05   0.8313621E-02
     2513.00  0.7984708E-02   0.5159359E-05   0.7989867E-02
     2518.00  0.8149012E-02   0.5160881E-05   0.8154173E-02
     2525.00  0.7976778E-02   0.5163256E-05   0.7981941E-02
     2535.00  0.7870504E-02   0.5167138E-05   0.7875671E-02
     2545.00  0.7748898E-02   0.5171583E-05   0.7754070E-02
     2555.00  0.7823506E-02   0.5176582E-05   0.7828683E-02
     2565.00  0.7719948E-02   0.5182123E-05   0.7725130E-02
     2575.00  0.7752304E-02   0.5188195E-05   0.7757492E-02
     2585.00  0.7678976E-02   0.5194787E-05   0.7684171E-02
     2595.00  0.7591699E-02   0.5201888E-05   0.7596901E-02
     2605.00  0.7458176E-02   0.5016384E-05   0.7463192E-02
     2615.00  0.7381820E-02   0.5023226E-05   0.7386843E-02
     2625.00  0.7353918E-02   0.5030562E-05   0.7358949E-02
     2635.00  0.7292772E-02   0.5038381E-05   0.7297810E-02
     2645.00  0.7376589E-02   0.5046675E-05   0.7381636E-02
     2655.00  0.7305700E-02   0.5055433E-05   0.7310755E-02
     2665.00  0.7125090E-02   0.5064646E-05   0.7130155E-02
     2675.00  0.7125750E-02   0.5074303E-05   0.7130824E-02
     2685.00  0.7084712E-02   0.5084395E-05   0.7089796E-02
     2695.00  0.6914250E-02   0.5094914E-05   0.6919345E-02
     2705.00  0.6899283E-02   0.5105850E-05   0.6904389E-02
     2715.00  0.6796788E-02   0.5117193E-05   0.6801905E-02
     2725.00  0.6705821E-02   0.5128936E-05   0.6710950E-02
     2735.00  0.6742668E-02   0.5141068E-05   0.6747809E-02
     2745.00  0.6480694E-02   0.5153583E-05   0.6485848E-02
     2755.00  0.6448950E-02   0.5166471E-05   0.6454116E-02
     2765.00  0.6430896E-02   0.5179723E-05   0.6436076E-02
     2775.00  0.6480636E-02   0.5193331E-05   0.6485829E-02
     2785.00  0.6398520E-02   0.5207288E-05   0.6403727E-02
     2795.00  0.6060740E-02   0.5221585E-05   0.6065962E-02
     2805.00  0.6156987E-02   0.5236215E-05   0.6162223E-02
     2815.00  0.6266074E-02   0.5251168E-05   0.6271325E-02
     2825.00  0.6172628E-02   0.5266439E-05   0.6177894E-02
     2835.00  0.6018181E-02   0.5282020E-05   0.6023463E-02
     2845.00  0.6013632E-02   0.5297902E-05   0.6018930E-02
     2855.00  0.5959715E-02   0.5314021E-05   0.5965029E-02
     2865.00  0.5963698E-02   0.5330366E-05   0.5969028E-02
     2875.00  0.5885954E-02   0.5346983E-05   0.5891301E-02
     2885.00  0.5852448E-02   0.5363867E-05   0.5857812E-02
     2895.00  0.5787500E-02   0.5381010E-05   0.5792881E-02
     2910.00  0.5756718E-02   0.5407196E-05   0.5762125E-02
     2930.00  0.5624172E-02   0.5442953E-05   0.5629615E-02
     2950.00  0.5495354E-02   0.5479628E-05   0.5500834E-02
     2970.00  0.5436671E-02   0.5517168E-05   0.5442188E-02
     2990.00  0.5336973E-02   0.5555526E-05   0.5342529E-02
     3010.00  0.5253190E-02   0.5594654E-05   0.5258785E-02
     3030.00  0.5181378E-02   0.5634505E-05   0.5187013E-02
     3050.00  0.5088060E-02   0.5675055E-05   0.5093735E-02
     3070.00  0.4999153E-02   0.5716268E-05   0.5004869E-02
     3090.00  0.4909032E-02   0.5758083E-05   0.4914790E-02
     3110.00  0.4829714E-02   0.5800461E-05   0.4835514E-02
     3130.00  0.4740328E-02   0.5790710E-05   0.4746119E-02
     3150.00  0.4670827E-02   0.5833523E-05   0.4676661E-02
     3170.00  0.4589838E-02   0.5876791E-05   0.4595715E-02
     3190.00  0.4468692E-02   0.5920479E-05   0.4474612E-02
     3210.00  0.4440584E-02   0.5964553E-05   0.4446549E-02
     3230.00  0.4358332E-02   0.6008979E-05   0.4364341E-02
     3250.00  0.4299410E-02   0.6053726E-05   0.4305464E-02
     3270.00  0.4242047E-02   0.6098685E-05   0.4248146E-02
     3290.00  0.4172332E-02   0.6143847E-05   0.4178476E-02
     3310.00  0.4112505E-02   0.6189225E-05   0.4118694E-02
     3330.00  0.4042503E-02   0.6234790E-05   0.4048738E-02
     3350.00  0.3965702E-02   0.6280515E-05   0.3971983E-02
     3370.00  0.3901840E-02   0.6326376E-05   0.3908166E-02
     3390.00  0.3843046E-02   0.6372347E-05   0.3849418E-02
     3410.00  0.3792253E-02   0.6418403E-05   0.3798671E-02
     3430.00  0.3699364E-02   0.6081411E-05   0.3705445E-02
     3450.00  0.3649549E-02   0.6123070E-05   0.3655672E-02
     3470.00  0.3617956E-02   0.6164776E-05   0.3624121E-02
     3490.00  0.3569282E-02   0.6206510E-05   0.3575489E-02
     3510.00  0.3531430E-02   0.6248243E-05   0.3537678E-02
     3530.00  0.3473692E-02   0.6289885E-05   0.3479982E-02
     3550.00  0.3432055E-02   0.6331485E-05   0.3438386E-02
     3570.00  0.3368733E-02   0.6373024E-05   0.3375106E-02
     3590.00  0.3304620E-02   0.6414487E-05   0.3311034E-02
     3610.00  0.3270536E-02   0.6455858E-05   0.3276992E-02
     3630.00  0.3228773E-02   0.6497120E-05   0.3235270E-02
     3640.00  0.3225447E-02   0.6517707E-05   0.3231965E-02
     3650.00  0.3211690E-02   0.1383633E-05   0.3213074E-02
     3670.00  0.3149152E-02   0.1375072E-05   0.3150527E-02
     3690.00  0.3066391E-02   0.1287493E-05   0.3067678E-02
     3710.00  0.3212326E-02   0.1278619E-05   0.3213605E-02
     3730.00  0.3179663E-02   0.1270010E-05   0.3180933E-02
     3750.00  0.3584954E-02   0.1261657E-05   0.3586216E-02
     3770.00  0.3611958E-02   0.1253553E-05   0.3613212E-02
     3790.00  0.3882353E-02   0.1245689E-05   0.3883599E-02
     3810.00  0.4141316E-02   0.1238059E-05   0.4142554E-02
     3830.00  0.3555906E-02   0.1230654E-05   0.3557137E-02
     3850.00  0.4229960E-02   0.1223467E-05   0.4231183E-02
     3870.00  0.4326304E-02   0.1216492E-05   0.4327520E-02
     3890.00  0.3337301E-02   0.1209722E-05   0.3338511E-02
     3910.00  0.4285290E-02   0.1203151E-05   0.4286493E-02
     3930.00  0.4158788E-02   0.1196772E-05   0.4159985E-02
     3950.00  0.4151148E-02   0.1190579E-05   0.4152339E-02
     3970.00  0.3086472E-02   0.1184569E-05   0.3087657E-02
     3990.00  0.4046096E-02   0.1178741E-05   0.4047275E-02
     4010.00  0.4111863E-02   0.1173082E-05   0.4113036E-02
     4030.00  0.3985372E-02   0.1167587E-05   0.3986540E-02
     4050.00  0.4018249E-02   0.1162249E-05   0.4019411E-02
     4070.00  0.3905406E-02   0.1157065E-05   0.3906563E-02
     4090.00  0.3592726E-02   0.1152029E-05   0.3593878E-02
     4110.00  0.3083834E-02   0.1147137E-05   0.3084981E-02
     4130.00  0.3707546E-02   0.1142384E-05   0.3708688E-02
     4150.00  0.3711128E-02   0.1137765E-05   0.3712266E-02
     4170.00  0.3680939E-02   0.1133276E-05   0.3682072E-02
     4190.00  0.3639832E-02   0.1128914E-05   0.3640961E-02
     4210.00  0.3601448E-02   0.1124675E-05   0.3602573E-02
     4230.00  0.3550204E-02   0.1120553E-05   0.3551325E-02
     4250.00  0.3500128E-02   0.1116546E-05   0.3501245E-02
     4270.00  0.3418889E-02   0.1112650E-05   0.3420002E-02
     4290.00  0.3374249E-02   0.1108861E-05   0.3375358E-02
     4310.00  0.3263084E-02   0.1105176E-05   0.3264189E-02
     4330.00  0.2977706E-02   0.1101592E-05   0.2978808E-02
     4350.00  0.2689513E-02   0.1098105E-05   0.2690611E-02
     4370.00  0.3205710E-02   0.1094714E-05   0.3206805E-02
     4390.00  0.3141527E-02   0.1091414E-05   0.3142618E-02
     4410.00  0.3149881E-02   0.1088202E-05   0.3150969E-02
     4430.00  0.3132804E-02   0.1085076E-05   0.3133889E-02
     4450.00  0.3104526E-02   0.1082032E-05   0.3105608E-02
     4470.00  0.3007416E-02   0.1079068E-05   0.3008495E-02
     4490.00  0.3037518E-02   0.1076181E-05   0.3038594E-02
     4510.00  0.3051958E-02   0.1073369E-05   0.3053031E-02
     4530.00  0.2975496E-02   0.1070629E-05   0.2976567E-02
     4550.00  0.2938495E-02   0.1067960E-05   0.2939563E-02
     4570.00  0.2937812E-02   0.1065358E-05   0.2938877E-02
     4590.00  0.2882070E-02   0.1062821E-05   0.2883133E-02
     4610.00  0.2867830E-02   0.1060348E-05   0.2868890E-02
     4630.00  0.2820730E-02   0.1057936E-05   0.2821788E-02
     4650.00  0.2791376E-02   0.1055583E-05   0.2792432E-02
     4670.00  0.2774854E-02   0.1053287E-05   0.2775907E-02
     4690.00  0.2742062E-02   0.1051047E-05   0.2743113E-02
     4710.00  0.2672978E-02   0.1048860E-05   0.2674027E-02
     4730.00  0.2677166E-02   0.1046724E-05   0.2678213E-02
     4750.00  0.2659459E-02   0.1044639E-05   0.2660504E-02
     4770.00  0.2640970E-02   0.1042602E-05   0.2642013E-02
     4790.00  0.2604081E-02   0.1040611E-05   0.2605122E-02
     4810.00  0.2564934E-02   0.1038664E-05   0.2565973E-02
     4830.00  0.2521805E-02   0.1036758E-05   0.2522842E-02
     4850.00  0.2303435E-02   0.1034894E-05   0.2304470E-02
     4870.00  0.2032916E-02   0.1033071E-05   0.2033949E-02
     4890.00  0.2425404E-02   0.1031286E-05   0.2426435E-02
     4910.00  0.2425512E-02   0.1029539E-05   0.2426542E-02
     4930.00  0.2367839E-02   0.1027829E-05   0.2368867E-02
     4950.00  0.2398857E-02   0.1026153E-05   0.2399883E-02
     4970.00  0.2371408E-02   0.1024512E-05   0.2372433E-02
     4990.00  0.2318960E-02   0.1022902E-05   0.2319983E-02
     5010.00  0.2253932E-02   0.1021325E-05   0.2254953E-02
     5030.00  0.2274722E-02   0.1019777E-05   0.2275742E-02
     5050.00  0.2237129E-02   0.1018259E-05   0.2238147E-02
     5070.00  0.2248513E-02   0.1016772E-05   0.2249530E-02
     5090.00  0.2201304E-02   0.1015327E-05   0.2202319E-02
     5110.00  0.2186793E-02   0.1013907E-05   0.2187807E-02
     5130.00  0.2148999E-02   0.1012512E-05   0.2150012E-02
     5150.00  0.2116446E-02   0.1011140E-05   0.2117457E-02
     5170.00  0.2084387E-02   0.1009791E-05   0.2085397E-02
     5190.00  0.2080371E-02   0.1008464E-05   0.2081379E-02
     5210.00  0.2066502E-02   0.1007158E-05   0.2067509E-02
     5230.00  0.2057257E-02   0.1005872E-05   0.2058263E-02
     5250.00  0.2050068E-02   0.1004606E-05   0.2051073E-02
     5270.00  0.1991131E-02   0.1003358E-05   0.1992134E-02
     5290.00  0.2018349E-02   0.1002127E-05   0.2019351E-02
     5310.00  0.2018314E-02   0.1000914E-05   0.2019315E-02
     5330.00  0.1961601E-02   0.9997180E-06   0.1962601E-02
     5350.00  0.1979522E-02   0.9985372E-06   0.1980521E-02
     5370.00  0.1962364E-02   0.9973710E-06   0.1963361E-02
     5390.00  0.1929498E-02   0.9962174E-06   0.1930494E-02
     5410.00  0.1907948E-02   0.9950776E-06   0.1908943E-02
     5430.00  0.1892087E-02   0.9939510E-06   0.1893081E-02
     5450.00  0.1899721E-02   0.9928369E-06   0.1900714E-02
     5470.00  0.1868557E-02   0.9917349E-06   0.1869549E-02
     5490.00  0.1850686E-02   0.9906444E-06   0.1851677E-02
     5510.00  0.1834772E-02   0.9895648E-06   0.1835762E-02
     5530.00  0.1830249E-02   0.9884957E-06   0.1831237E-02
     5550.00  0.1823245E-02   0.9874366E-06   0.1824232E-02
     5570.00  0.1799294E-02   0.9863870E-06   0.1800280E-02
     5590.00  0.1774659E-02   0.9853464E-06   0.1775644E-02
     5610.00  0.1777130E-02   0.9843145E-06   0.1778114E-02
     5630.00  0.1758122E-02   0.9832908E-06   0.1759105E-02
     5650.00  0.1745605E-02   0.9822748E-06   0.1746587E-02
     5670.00  0.1719070E-02   0.9812662E-06   0.1720051E-02
     5690.00  0.1720138E-02   0.9802646E-06   0.1721118E-02
     5710.00  0.1688028E-02   0.7885327E-06   0.1688817E-02
     5730.00  0.1711524E-02   0.7872593E-06   0.1712311E-02
     5750.00  0.1682433E-02   0.7859985E-06   0.1683219E-02
     5770.00  0.1677346E-02   0.7847497E-06   0.1678131E-02
     5790.00  0.1646148E-02   0.7835127E-06   0.1646932E-02
     5810.00  0.1651573E-02   0.7822870E-06   0.1652355E-02
     5830.00  0.1651808E-02   0.7810723E-06   0.1652589E-02
     5850.00  0.1626272E-02   0.7798682E-06   0.1627052E-02
     5870.00  0.1595443E-02   0.7786745E-06   0.1596222E-02
     5890.00  0.1565520E-02   0.7774906E-06   0.1566297E-02
     5910.00  0.1587263E-02   0.7763164E-06   0.1588039E-02
     5930.00  0.1577236E-02   0.7751515E-06   0.1578011E-02
     5950.00  0.1564204E-02   0.7739957E-06   0.1564978E-02
     5970.00  0.1564820E-02   0.7728485E-06   0.1565593E-02
     5990.00  0.1543364E-02   0.7717097E-06   0.1544136E-02
     6010.00  0.1525441E-02   0.7705792E-06   0.1526212E-02
     6030.00  0.1525607E-02   0.7694565E-06   0.1526376E-02
     6050.00  0.1522530E-02   0.7683414E-06   0.1523298E-02
     6070.00  0.1507782E-02   0.7672337E-06   0.1508549E-02
     6090.00  0.1481606E-02   0.7661330E-06   0.1482372E-02
     6110.00  0.1474266E-02   0.7650391E-06   0.1475031E-02
     6130.00  0.1441800E-02   0.7639518E-06   0.1442564E-02
     6150.00  0.1444704E-02   0.7628709E-06   0.1445467E-02
     6170.00  0.1421772E-02   0.7617963E-06   0.1422534E-02
     6190.00  0.1435279E-02   0.7607275E-06   0.1436040E-02
     6210.00  0.1422576E-02   0.7596647E-06   0.1423336E-02
     6230.00  0.1398281E-02   0.7586073E-06   0.1399040E-02
     6250.00  0.1369866E-02   0.7575553E-06   0.1370624E-02
     6270.00  0.1384968E-02   0.7565086E-06   0.1385725E-02
     6290.00  0.1382356E-02   0.7554669E-06   0.1383111E-02
     6310.00  0.1362247E-02   0.7544299E-06   0.1363001E-02
     6330.00  0.1361544E-02   0.7533977E-06   0.1362297E-02
     6350.00  0.1353029E-02   0.7523699E-06   0.1353781E-02
     6370.00  0.1343543E-02   0.7513465E-06   0.1344294E-02
     6390.00  0.1340047E-02   0.7503273E-06   0.1340797E-02
     6410.00  0.1323894E-02   0.7493121E-06   0.1324643E-02
     6430.00  0.1319222E-02   0.7483009E-06   0.1319970E-02
     6450.00  0.1312607E-02   0.7472933E-06   0.1313354E-02
     6470.00  0.1301500E-02   0.7462894E-06   0.1302246E-02
     6490.00  0.1278637E-02   0.7452890E-06   0.1279382E-02
     6510.00  0.1286252E-02   0.7442919E-06   0.1286996E-02
     6530.00  0.1275413E-02   0.7432890E-06   0.1276156E-02
     6550.00  0.1219079E-02   0.7422865E-06   0.1219821E-02
     6570.00  0.1100054E-02   0.7412867E-06   0.1100795E-02
     6590.00  0.1237963E-02   0.7402895E-06   0.1238703E-02
     6610.00  0.1246777E-02   0.7392948E-06   0.1247516E-02
     6630.00  0.1243194E-02   0.7383024E-06   0.1243932E-02
     6650.00  0.1235152E-02   0.7341803E-06   0.1235886E-02
     6670.00  0.1216429E-02   0.7332025E-06   0.1217162E-02
     6690.00  0.1224445E-02   0.7322269E-06   0.1225177E-02
     6710.00  0.1204884E-02   0.7312533E-06   0.1205615E-02
     6730.00  0.1213195E-02   0.7302817E-06   0.1213925E-02
     6750.00  0.1197562E-02   0.7293121E-06   0.1198291E-02
     6770.00  0.1194359E-02   0.7283442E-06   0.1195087E-02
     6790.00  0.1184331E-02   0.7273780E-06   0.1185058E-02
     6810.00  0.1176892E-02   0.7264136E-06   0.1177618E-02
     6830.00  0.1175390E-02   0.7254507E-06   0.1176115E-02
     6850.00  0.1155579E-02   0.7244894E-06   0.1156303E-02
     6870.00  0.1155539E-02   0.7235295E-06   0.1156263E-02
     6890.00  0.1156660E-02   0.7225710E-06   0.1157383E-02
     6910.00  0.1145045E-02   0.7216139E-06   0.1145767E-02
     6930.00  0.1133371E-02   0.7206581E-06   0.1134092E-02
     6950.00  0.1118602E-02   0.7197034E-06   0.1119322E-02
     6970.00  0.1117103E-02   0.7187500E-06   0.1117822E-02
     6990.00  0.1106248E-02   0.7177976E-06   0.1106966E-02
     7010.00  0.1090087E-02   0.7168464E-06   0.1090804E-02
     7030.00  0.1093216E-02   0.7158965E-06   0.1093932E-02
     7050.00  0.1093410E-02   0.7149477E-06   0.1094125E-02
     7070.00  0.1073574E-02   0.7139998E-06   0.1074288E-02
     7090.00  0.1073068E-02   0.7130527E-06   0.1073781E-02
     7110.00  0.1060536E-02   0.7121063E-06   0.1061248E-02
     7130.00  0.1048477E-02   0.7111608E-06   0.1049188E-02
     7150.00  0.1044076E-02   0.7102160E-06   0.1044786E-02
     7170.00  0.1044258E-02   0.7092719E-06   0.1044967E-02
     7190.00  0.1023201E-02   0.7083284E-06   0.1023909E-02
     7210.00  0.1028159E-02   0.7073856E-06   0.1028866E-02
     7230.00  0.1029026E-02   0.7064433E-06   0.1029732E-02
     7250.00  0.1024551E-02   0.7055016E-06   0.1025257E-02
     7270.00  0.1017525E-02   0.7045605E-06   0.1018230E-02
     7290.00  0.9976799E-03   0.7036198E-06   0.9983835E-03
     7310.00  0.1001347E-02   0.7026797E-06   0.1002050E-02
     7330.00  0.9978193E-03   0.7017399E-06   0.9985210E-03
     7350.00  0.9908368E-03   0.7008007E-06   0.9915376E-03
     7370.00  0.9950996E-03   0.6998619E-06   0.9957995E-03
     7390.00  0.9808774E-03   0.6989234E-06   0.9815763E-03
     7410.00  0.9678687E-03   0.6979854E-06   0.9685667E-03
     7430.00  0.9720934E-03   0.6970476E-06   0.9727904E-03
     7450.00  0.9693661E-03   0.6949816E-06   0.9700611E-03
     7470.00  0.9646251E-03   0.6940470E-06   0.9653191E-03
     7490.00  0.9567272E-03   0.6931127E-06   0.9574203E-03
     7510.00  0.9558453E-03   0.6921788E-06   0.9565375E-03
     7530.00  0.9543550E-03   0.6912452E-06   0.9550462E-03
     7550.00  0.9526973E-03   0.6903119E-06   0.9533876E-03
     7570.00  0.9445665E-03   0.6893788E-06   0.9452559E-03
     7590.00  0.9375136E-03   0.6884461E-06   0.9382020E-03
     7610.00  0.9346608E-03   0.6875096E-06   0.9353483E-03
     7630.00  0.9308297E-03   0.6865690E-06   0.9315163E-03
     7650.00  0.9278732E-03   0.6856285E-06   0.9285588E-03
     7670.00  0.9101967E-03   0.6846880E-06   0.9108814E-03
     7690.00  0.9190455E-03   0.6837476E-06   0.9197292E-03
     7710.00  0.9037454E-03   0.6828072E-06   0.9044282E-03
     7730.00  0.9032236E-03   0.6818668E-06   0.9039055E-03
     7750.00  0.8955121E-03   0.6809265E-06   0.8961930E-03
     7770.00  0.8979171E-03   0.6799862E-06   0.8985971E-03
     7790.00  0.8944189E-03   0.6790459E-06   0.8950979E-03
     7810.00  0.8915897E-03   0.6781057E-06   0.8922678E-03
     7830.00  0.8829511E-03   0.6771655E-06   0.8836283E-03
     7850.00  0.8752285E-03   0.6762254E-06   0.8759047E-03
     7870.00  0.8714339E-03   0.6644343E-06   0.8720983E-03
     7890.00  0.8537666E-03   0.6635190E-06   0.8544301E-03
     7910.00  0.8383179E-03   0.6626038E-06   0.8389805E-03
     7930.00  0.8359940E-03   0.6616886E-06   0.8366557E-03
     7950.00  0.8262189E-03   0.6607734E-06   0.8268797E-03
     7970.00  0.8382364E-03   0.6598582E-06   0.8388963E-03
     7990.00  0.8325730E-03   0.6589432E-06   0.8332319E-03
     8010.00  0.8392543E-03   0.6580281E-06   0.8399123E-03
     8030.00  0.8363028E-03   0.6571130E-06   0.8369599E-03
     8050.00  0.8286428E-03   0.6561980E-06   0.8292990E-03
     8070.00  0.8246210E-03   0.6552831E-06   0.8252763E-03
     8090.00  0.8140791E-03   0.6543682E-06   0.8147335E-03
     8110.00  0.8122618E-03   0.6534534E-06   0.8129153E-03
     8130.00  0.8120125E-03   0.6525386E-06   0.8126650E-03
     8150.00  0.8078540E-03   0.6516239E-06   0.8085056E-03
     8170.00  0.8047517E-03   0.6507092E-06   0.8054024E-03
     8190.00  0.7941798E-03   0.6497946E-06   0.7948296E-03
     8210.00  0.7893672E-03   0.5828391E-06   0.7899500E-03
     8230.00  0.7891382E-03   0.3250255E-06   0.7894632E-03
     8250.00  0.7889456E-03   0.3243929E-06   0.7892700E-03
     8270.00  0.7877202E-03   0.3237631E-06   0.7880440E-03
     8290.00  0.7812739E-03   0.3199549E-06   0.7815939E-03
     8310.00  0.7682507E-03   0.3193379E-06   0.7685700E-03
     8330.00  0.7616655E-03   0.3187236E-06   0.7619842E-03
     8350.00  0.7620821E-03   0.3181118E-06   0.7624002E-03
     8370.00  0.7564292E-03   0.3175026E-06   0.7567467E-03
     8390.00  0.7434031E-03   0.3168957E-06   0.7437200E-03
     8410.00  0.7535028E-03   0.3162914E-06   0.7538191E-03
     8430.00  0.7443528E-03   0.3156894E-06   0.7446685E-03
     8450.00  0.7510457E-03   0.3150897E-06   0.7513608E-03
     8470.00  0.7361000E-03   0.3144925E-06   0.7364145E-03
     8490.00  0.7472875E-03   0.3138975E-06   0.7476014E-03
     8510.00  0.7071490E-03   0.3133049E-06   0.7074623E-03
     8530.00  0.7436496E-03   0.3127145E-06   0.7439623E-03
     8550.00  0.6516574E-03   0.3121264E-06   0.6519695E-03
     8570.00  0.7522249E-03   0.3115405E-06   0.7525364E-03
     8590.00  0.7244862E-03   0.3109568E-06   0.7247972E-03
     8610.00  0.7173001E-03   0.3103752E-06   0.7176105E-03
     8630.00  0.7448886E-03   0.3097958E-06   0.7451984E-03
     8650.00  0.7300828E-03   0.3092186E-06   0.7303920E-03
     8670.00  0.6342986E-03   0.3086434E-06   0.6346072E-03
     8690.00  0.7231819E-03   0.3080703E-06   0.7234900E-03
     8710.00  0.7346902E-03   0.3074992E-06   0.7349977E-03
     8730.00  0.7249882E-03   0.3069302E-06   0.7252951E-03
     8750.00  0.6749469E-03   0.3063632E-06   0.6752533E-03
     8770.00  0.7130296E-03   0.3057983E-06   0.7133354E-03
     8790.00  0.7224481E-03   0.3052353E-06   0.7227533E-03
     8810.00  0.7149998E-03   0.3046742E-06   0.7153045E-03
     8830.00  0.7113327E-03   0.3041151E-06   0.7116368E-03
     8850.00  0.6925496E-03   0.3035579E-06   0.6928532E-03
     8870.00  0.6555541E-03   0.3030025E-06   0.6558571E-03
     8890.00  0.7021114E-03   0.3024491E-06   0.7024138E-03
     8910.00  0.7068328E-03   0.3018976E-06   0.7071347E-03
     8930.00  0.7003858E-03   0.3013478E-06   0.7006871E-03
     8950.00  0.6950116E-03   0.3007999E-06   0.6953124E-03
     8970.00  0.6933194E-03   0.3002539E-06   0.6936197E-03
     8990.00  0.6852948E-03   0.2997096E-06   0.6855945E-03
     9010.00  0.6329224E-03   0.2991670E-06   0.6332216E-03
     9030.00  0.6590214E-03   0.2986263E-06   0.6593200E-03
     9050.00  0.6818296E-03   0.2980872E-06   0.6821277E-03
     9070.00  0.6779584E-03   0.2975500E-06   0.6782559E-03
     9090.00  0.6667639E-03   0.2970143E-06   0.6670609E-03
     9110.00  0.6704609E-03   0.2964805E-06   0.6707574E-03
     9130.00  0.6698922E-03   0.2959484E-06   0.6701881E-03
     9150.00  0.6669448E-03   0.2954180E-06   0.6672402E-03
     9170.00  0.6628502E-03   0.2948893E-06   0.6631451E-03
     9190.00  0.6607799E-03   0.2943623E-06   0.6610743E-03
     9210.00  0.6426085E-03   0.2938368E-06   0.6429023E-03
     9230.00  0.6040002E-03   0.2933130E-06   0.6042935E-03
     9250.00  0.6338579E-03   0.2927907E-06   0.6341507E-03
     9270.00  0.6427700E-03   0.2922701E-06   0.6430623E-03
     9290.00  0.6434105E-03   0.2917510E-06   0.6437023E-03
     9310.00  0.6434933E-03   0.2912334E-06   0.6437845E-03
     9330.00  0.6404530E-03   0.2907175E-06   0.6407437E-03
     9350.00  0.6361240E-03   0.2902030E-06   0.6364142E-03
     9370.00  0.6281151E-03   0.2896900E-06   0.6284048E-03
     9390.00  0.6309378E-03   0.2891786E-06   0.6312270E-03
     9410.00  0.6208778E-03   0.2886687E-06   0.6211665E-03
     9430.00  0.6252347E-03   0.2881602E-06   0.6255229E-03
     9450.00  0.6183166E-03   0.2876531E-06   0.6186043E-03
     9470.00  0.6186382E-03   0.2871477E-06   0.6189253E-03
     9490.00  0.6159713E-03   0.2866436E-06   0.6162579E-03
     9510.00  0.6096399E-03   0.2861409E-06   0.6099260E-03
     9530.00  0.5966244E-03   0.2856397E-06   0.5969100E-03
     9550.00  0.5598058E-03   0.2851399E-06   0.5600909E-03
     9570.00  0.5917574E-03   0.2846415E-06   0.5920420E-03
     9590.00  0.6001294E-03   0.2841446E-06   0.6004135E-03
     9610.00  0.5948865E-03   0.2836490E-06   0.5951701E-03
     9630.00  0.5932141E-03   0.2831548E-06   0.5934973E-03
     9650.00  0.5861052E-03   0.2826619E-06   0.5863879E-03
     9670.00  0.5847859E-03   0.2821704E-06   0.5850681E-03
     9690.00  0.5857504E-03   0.2816802E-06   0.5860321E-03
     9710.00  0.5813169E-03   0.2811914E-06   0.5815981E-03
     9730.00  0.5781473E-03   0.2807040E-06   0.5784280E-03
     9750.00  0.5749214E-03   0.2802179E-06   0.5752016E-03
     9770.00  0.5737336E-03   0.2797331E-06   0.5740133E-03
     9790.00  0.5669249E-03   0.2792495E-06   0.5672041E-03
     9810.00  0.5715316E-03   0.2787674E-06   0.5718104E-03
     9830.00  0.5686871E-03   0.2782864E-06   0.5689654E-03
     9850.00  0.5668670E-03   0.2778067E-06   0.5671448E-03
     9870.00  0.5624598E-03   0.2773284E-06   0.5627371E-03
     9890.00  0.5598019E-03   0.2768512E-06   0.5600788E-03
     9910.00  0.5575601E-03   0.2763754E-06   0.5578365E-03
     9930.00  0.5560600E-03   0.2759008E-06   0.5563359E-03
     9950.00  0.5537837E-03   0.2754275E-06   0.5540591E-03
     9970.00  0.5514262E-03   0.2749554E-06   0.5517012E-03
     9990.00  0.5479630E-03   0.2744846E-06   0.5482375E-03
    10025.00  0.5319097E-03   0.2736634E-06   0.5321834E-03
    10075.00  0.5201253E-03   0.2724968E-06   0.5203978E-03
    10125.00  0.5280494E-03   0.2713377E-06   0.5283207E-03
    10175.00  0.5205884E-03   0.2701919E-06   0.5208586E-03
    10225.00  0.5168694E-03   0.2690543E-06   0.5171385E-03
    10275.00  0.5132117E-03   0.2679237E-06   0.5134796E-03
    10325.00  0.5030121E-03   0.2667998E-06   0.5032789E-03
    10375.00  0.4979378E-03   0.2656827E-06   0.4982035E-03
    10425.00  0.4952235E-03   0.2645722E-06   0.4954881E-03
    10475.00  0.4881948E-03   0.2634682E-06   0.4884583E-03
    10525.00  0.4851427E-03   0.2623707E-06   0.4854051E-03
    10575.00  0.4780517E-03   0.2612797E-06   0.4783130E-03
    10625.00  0.4729998E-03   0.2601950E-06   0.4732600E-03
    10675.00  0.4644253E-03   0.2591165E-06   0.4646844E-03
    10725.00  0.4618234E-03   0.2580443E-06   0.4620814E-03
    10775.00  0.4553337E-03   0.2569783E-06   0.4555907E-03
    10825.00  0.4479843E-03   0.2559183E-06   0.4482402E-03
    10875.00  0.4442095E-03   0.2548643E-06   0.4444644E-03
    10925.00  0.4299331E-03   0.2538164E-06   0.4301869E-03
    10975.00  0.4324772E-03   0.2527743E-06   0.4327300E-03
    11025.00  0.4341774E-03   0.2517381E-06   0.4344291E-03
    11075.00  0.4311856E-03   0.2507077E-06   0.4314363E-03
    11125.00  0.4261392E-03   0.2496831E-06   0.4263889E-03
    11175.00  0.4203992E-03   0.2303425E-06   0.4206295E-03
    11225.00  0.4180186E-03   0.2293923E-06   0.4182480E-03
    11275.00  0.4111586E-03   0.2284478E-06   0.4113870E-03
    11325.00  0.4074888E-03   0.2275089E-06   0.4077163E-03
    11375.00  0.4028718E-03   0.2265754E-06   0.4030984E-03
    11425.00  0.3973502E-03   0.2256474E-06   0.3975758E-03
    11475.00  0.3974482E-03   0.2247247E-06   0.3976729E-03
    11525.00  0.3939464E-03   0.2238073E-06   0.3941702E-03
    11575.00  0.3881488E-03   0.2228953E-06   0.3883717E-03
    11625.00  0.3817010E-03   0.2219885E-06   0.3819230E-03
    11675.00  0.3796613E-03   0.2210870E-06   0.3798824E-03
    11725.00  0.3790393E-03   0.2201906E-06   0.3792595E-03
    11775.00  0.3722144E-03   0.2192993E-06   0.3724337E-03
    11825.00  0.3688222E-03   0.2184131E-06   0.3690406E-03
    11875.00  0.3625725E-03   0.2175319E-06   0.3627900E-03
    11925.00  0.3647045E-03   0.2166557E-06   0.3649212E-03
    11975.00  0.3542182E-03   0.2157845E-06   0.3544340E-03
    12025.00  0.3562462E-03   0.2149182E-06   0.3564611E-03
    12075.00  0.3514925E-03   0.2140567E-06   0.3517066E-03
    12125.00  0.3492782E-03   0.2132001E-06   0.3494914E-03
    12175.00  0.3478012E-03   0.2123483E-06   0.3480135E-03
    12225.00  0.3441045E-03   0.2115012E-06   0.3443160E-03
    12275.00  0.3403691E-03   0.2106589E-06   0.3405798E-03
    12325.00  0.3377200E-03   0.2098212E-06   0.3379298E-03
    12375.00  0.3346483E-03   0.2089882E-06   0.3348573E-03
    12425.00  0.3316511E-03   0.2081598E-06   0.3318593E-03
    12475.00  0.3293765E-03   0.2073360E-06   0.3295838E-03
    12525.00  0.3254371E-03   0.2063194E-06   0.3256434E-03
    12575.00  0.3230414E-03   0.2055061E-06   0.3232469E-03
    12625.00  0.3199856E-03   0.2046972E-06   0.3201903E-03
    12675.00  0.3168074E-03   0.2038928E-06   0.3170113E-03
    12725.00  0.3150034E-03   0.2030928E-06   0.3152065E-03
    12775.00  0.3116256E-03   0.2022971E-06   0.3118279E-03
    12825.00  0.2977221E-03   0.2015059E-06   0.2979236E-03
    12875.00  0.3050084E-03   0.2007189E-06   0.3052091E-03
    12925.00  0.3025485E-03   0.1999362E-06   0.3027484E-03
    12975.00  0.3022753E-03   0.1991578E-06   0.3024745E-03
    13025.00  0.2988789E-03   0.1983836E-06   0.2990773E-03
    13075.00  0.2975945E-03   0.1976117E-06   0.2977921E-03
    13125.00  0.2933186E-03   0.1968437E-06   0.2935154E-03
    13175.00  0.2910948E-03   0.1960799E-06   0.2912909E-03
    13225.00  0.2898880E-03   0.1953201E-06   0.2900833E-03
    13275.00  0.2851871E-03   0.1945645E-06   0.2853817E-03
    13325.00  0.2851680E-03   0.1938128E-06   0.2853618E-03
    13375.00  0.2822511E-03   0.1930651E-06   0.2824442E-03
    13425.00  0.2818933E-03   0.1923214E-06   0.2820856E-03
    13475.00  0.2794151E-03   0.1915817E-06   0.2796067E-03
    13525.00  0.2775273E-03   0.1908459E-06   0.2777181E-03
    13575.00  0.2731487E-03   0.1901140E-06   0.2733388E-03
    13625.00  0.2710310E-03   0.1893052E-06   0.2712203E-03
    13675.00  0.2701437E-03   0.1885814E-06   0.2703323E-03
    13725.00  0.2690902E-03   0.1878614E-06   0.2692781E-03
    13775.00  0.2669618E-03   0.1871452E-06   0.2671489E-03
    13825.00  0.2655727E-03   0.1864328E-06   0.2657591E-03
    13875.00  0.2623844E-03   0.1857242E-06   0.2625701E-03
    13925.00  0.2622464E-03   0.1850193E-06   0.2624314E-03
    13975.00  0.2607894E-03   0.1843181E-06   0.2609737E-03
    14025.00  0.2568336E-03   0.1836206E-06   0.2570172E-03
    14075.00  0.2571580E-03   0.1829268E-06   0.2573409E-03
    14125.00  0.2540754E-03   0.1813879E-06   0.2542568E-03
    14175.00  0.2541120E-03   0.1807068E-06   0.2542927E-03
    14225.00  0.2500218E-03   0.1800292E-06   0.2502018E-03
    14275.00  0.2471732E-03   0.1793551E-06   0.2473526E-03
    14325.00  0.2483668E-03   0.1786846E-06   0.2485455E-03
    14375.00  0.2479599E-03   0.1780176E-06   0.2481379E-03
    14425.00  0.2420670E-03   0.1773540E-06   0.2422444E-03
    14475.00  0.2444880E-03   0.1766939E-06   0.2446647E-03
    14525.00  0.2408115E-03   0.1760372E-06   0.2409875E-03
    14570.00  0.2406959E-03   0.1754490E-06   0.2408713E-03
    14620.00  0.2399638E-03   0.1303636E-06   0.2400942E-03
    14675.00  0.2386863E-03   0.1298327E-06   0.2388161E-03
    14725.00  0.2347331E-03   0.1290461E-06   0.2348621E-03
    14775.00  0.2347771E-03   0.1285701E-06   0.2349057E-03
    14825.00  0.2334638E-03   0.1280969E-06   0.2335919E-03
    14875.00  0.2306719E-03   0.1276263E-06   0.2307995E-03
    14925.00  0.2322608E-03   0.1271583E-06   0.2323880E-03
    14975.00  0.2293945E-03   0.1266930E-06   0.2295212E-03
    15025.00  0.2270320E-03   0.1262303E-06   0.2271582E-03
    15075.00  0.2243882E-03   0.1257702E-06   0.2245140E-03
    15125.00  0.2263055E-03   0.1253126E-06   0.2264308E-03
    15175.00  0.2255266E-03   0.1248576E-06   0.2256515E-03
    15225.00  0.2245650E-03   0.1244052E-06   0.2246894E-03
    15275.00  0.2231929E-03   0.1239555E-06   0.2233169E-03
    15325.00  0.2213933E-03   0.1235083E-06   0.2215168E-03
    15375.00  0.2224272E-03   0.1230635E-06   0.2225503E-03
    15425.00  0.2201137E-03   0.1226211E-06   0.2202363E-03
    15475.00  0.2206037E-03   0.1221811E-06   0.2207259E-03
    15525.00  0.2180175E-03   0.1217436E-06   0.2181392E-03
    15575.00  0.2117344E-03   0.1213084E-06   0.2118557E-03
    15625.00  0.2159176E-03   0.1208756E-06   0.2160385E-03
    15675.00  0.2127550E-03   0.1204452E-06   0.2128754E-03
    15725.00  0.2117057E-03   0.1200170E-06   0.2118257E-03
    15775.00  0.2056947E-03   0.1195912E-06   0.2058143E-03
    15825.00  0.2077784E-03   0.1191677E-06   0.2078976E-03
    15875.00  0.2017743E-03   0.1187464E-06   0.2018930E-03
    15925.00  0.2076603E-03   0.1183274E-06   0.2077786E-03
    15975.00  0.2041767E-03   0.1179107E-06   0.2042946E-03
    16050.00  0.2033365E-03   0.1172897E-06   0.2034538E-03
    16150.00  0.1994511E-03   0.1164695E-06   0.1995676E-03
    16250.00  0.1984381E-03   0.1156579E-06   0.1985538E-03
    16350.00  0.1974206E-03   0.1148549E-06   0.1975355E-03
    16450.00  0.1880635E-03   0.1140604E-06   0.1881776E-03
    16550.00  0.1911948E-03   0.1132742E-06   0.1913081E-03
    16650.00  0.1846782E-03   0.1124962E-06   0.1847907E-03
    16750.00  0.1826535E-03   0.1117264E-06   0.1827652E-03
    16850.00  0.1755910E-03   0.1109645E-06   0.1757020E-03
    16950.00  0.1774919E-03   0.1102105E-06   0.1776021E-03
    17050.00  0.1718631E-03   0.1094642E-06   0.1719726E-03
    17150.00  0.1700649E-03   0.1087257E-06   0.1701736E-03
    17250.00  0.1663539E-03   0.1079947E-06   0.1664619E-03
    17350.00  0.1600384E-03   0.1072711E-06   0.1601457E-03
    17450.00  0.1602074E-03   0.1065549E-06   0.1603140E-03
    17550.00  0.1573582E-03   0.1058460E-06   0.1574640E-03
    17650.00  0.1549613E-03   0.1051443E-06   0.1550664E-03
    17750.00  0.1516698E-03   0.1044496E-06   0.1517742E-03
    17850.00  0.1494292E-03   0.1037619E-06   0.1495330E-03
    17950.00  0.1468636E-03   0.1030811E-06   0.1469667E-03
    18050.00  0.1435176E-03   0.1024071E-06   0.1436200E-03
    18150.00  0.1396008E-03   0.1017398E-06   0.1397025E-03
    18250.00  0.1382063E-03   0.1010793E-06   0.1383074E-03
    18350.00  0.1361332E-03   0.1004264E-06   0.1362336E-03
    18450.00  0.1331643E-03   0.9977991E-07   0.1332641E-03
    18550.00  0.1313858E-03   0.9596852E-07   0.1314818E-03
    18650.00  0.1282244E-03   0.9535588E-07   0.1283198E-03
    18750.00  0.1239985E-03   0.9474919E-07   0.1240932E-03
    18850.00  0.1244364E-03   0.9414835E-07   0.1245305E-03
    18950.00  0.1204016E-03   0.9355331E-07   0.1204952E-03
    19050.00  0.1206119E-03   0.9296399E-07   0.1207049E-03
    19150.00  0.1181890E-03   0.9238031E-07   0.1182814E-03
    19250.00  0.1163692E-03   0.9180221E-07   0.1164610E-03
    19350.00  0.1135174E-03   0.9122963E-07   0.1136086E-03
    19450.00  0.1100822E-03   0.9066249E-07   0.1101729E-03
    19550.00  0.1101498E-03   0.9010073E-07   0.1102399E-03
    19650.00  0.1083225E-03   0.8954427E-07   0.1084120E-03
    19750.00  0.1062680E-03   0.8899307E-07   0.1063570E-03
    19850.00  0.1046869E-03   0.8844705E-07   0.1047753E-03
    19950.00  0.1030021E-03   0.8790615E-07   0.1030900E-03
    20050.00  0.1020471E-03   0.8737031E-07   0.1021345E-03
    20150.00  0.1005760E-03   0.8683946E-07   0.1006628E-03
    20250.00  0.9814030E-04   0.8628976E-07   0.9822659E-04
    20350.00  0.9633355E-04   0.8576896E-07   0.9641932E-04
    20450.00  0.9571162E-04   0.8525299E-07   0.9579687E-04
    20550.00  0.9402145E-04   0.8474177E-07   0.9410619E-04
    20650.00  0.9216339E-04   0.8423527E-07   0.9224763E-04
    20750.00  0.9083396E-04   0.8373341E-07   0.9091769E-04
    20850.00  0.8942480E-04   0.8323616E-07   0.8950804E-04
    20950.00  0.8760615E-04   0.8274344E-07   0.8768889E-04
    21050.00  0.8682587E-04   0.8225522E-07   0.8690813E-04
    21150.00  0.8521090E-04   0.8177143E-07   0.8529267E-04
    21250.00  0.8390884E-04   0.8129202E-07   0.8399013E-04
    21350.00  0.8289212E-04   0.8081694E-07   0.8297294E-04
    21450.00  0.8157665E-04   0.8034615E-07   0.8165700E-04
    21550.00  0.8026067E-04   0.7986916E-07   0.8034054E-04
    21650.00  0.7783391E-04   0.7940687E-07   0.7791332E-04
    21750.00  0.7736374E-04   0.7894871E-07   0.7744269E-04
    21850.00  0.7630667E-04   0.7849464E-07   0.7638516E-04
    21950.00  0.7538809E-04   0.7804460E-07   0.7546613E-04
    22050.00  0.7371177E-04   0.7759856E-07   0.7378937E-04
    22150.00  0.7316293E-04   0.7715647E-07   0.7324009E-04
    22250.00  0.7157928E-04   0.7660048E-07   0.7165588E-04
    22350.00  0.7063648E-04   0.7616733E-07   0.7071265E-04
    22450.00  0.6968518E-04   0.7573797E-07   0.6976092E-04
    22550.00  0.6866216E-04   0.7531237E-07   0.6873747E-04
    22650.00  0.6748652E-04   0.7489047E-07   0.6756141E-04
    22750.00  0.6676056E-04   0.7447225E-07   0.6683503E-04
    22850.00  0.6548950E-04   0.6453667E-07   0.6555404E-04
    22950.00  0.5725756E-04   0.6413595E-07   0.5732170E-04
    23050.00  0.6046855E-04   0.6378741E-07   0.6053234E-04
    23150.00  0.5976660E-04   0.6344187E-07   0.5983004E-04
    23250.00  0.5274751E-04   0.6309931E-07   0.5281061E-04
    23350.00  0.5589219E-04   0.6275969E-07   0.5595495E-04
    23450.00  0.5548373E-04   0.6242298E-07   0.5554615E-04
    23550.00  0.4898042E-04   0.6208915E-07   0.4904251E-04
    23650.00  0.5237875E-04   0.6175815E-07   0.5244051E-04
    23750.00  0.5180411E-04   0.6142997E-07   0.5186554E-04
    23850.00  0.4651466E-04   0.6110456E-07   0.4657576E-04
    23950.00  0.4918885E-04   0.6078190E-07   0.4924963E-04
    24050.00  0.4932799E-04   0.6046196E-07   0.4938845E-04
    24150.00  0.4495315E-04   0.6014470E-07   0.4501329E-04
    24250.00  0.4694037E-04   0.5983010E-07   0.4700020E-04
    24350.00  0.4696787E-04   0.5951812E-07   0.4702739E-04
    24450.00  0.4414655E-04   0.5920874E-07   0.4420576E-04
    24550.00  0.4410197E-04   0.5890193E-07   0.4416087E-04
    24650.00  0.4529825E-04   0.5859766E-07   0.4535685E-04
    24750.00  0.4369864E-04   0.5829590E-07   0.4375694E-04
    24850.00  0.4179387E-04   0.5799662E-07   0.4185187E-04
    24950.00  0.4295160E-04   0.5769980E-07   0.4300930E-04
    25050.00  0.4381477E-04   0.5740541E-07   0.4387218E-04
    25150.00  0.4027828E-04   0.5711342E-07   0.4033539E-04
    25250.00  0.4145284E-04   0.5682381E-07   0.4150966E-04
    25350.00  0.4163029E-04   0.5653655E-07   0.4168683E-04
    25450.00  0.4050227E-04   0.5625161E-07   0.4055852E-04
    25550.00  0.3978834E-04   0.5596898E-07   0.3984431E-04
    25650.00  0.3975562E-04   0.5568862E-07   0.3981131E-04
    25750.00  0.3988861E-04   0.5541051E-07   0.3994402E-04
    25850.00  0.3789755E-04   0.5513463E-07   0.3795268E-04
    25950.00  0.3832021E-04   0.5486096E-07   0.3837507E-04
    26050.00  0.3832555E-04   0.5458946E-07   0.3838014E-04
    26150.00  0.3728928E-04   0.5432012E-07   0.3734360E-04
    26250.00  0.3665430E-04   0.5405291E-07   0.3670835E-04
    26350.00  0.3695120E-04   0.5378782E-07   0.3700499E-04
    26450.00  0.3670846E-04   0.5352481E-07   0.3676198E-04
    26550.00  0.3591906E-04   0.5326387E-07   0.3597232E-04
    26650.00  0.3522177E-04   0.5300498E-07   0.3527477E-04
    26750.00  0.3556570E-04   0.5274811E-07   0.3561845E-04
    26850.00  0.3519079E-04   0.5249324E-07   0.3524328E-04
    26950.00  0.3436308E-04   0.5224036E-07   0.3441532E-04
    27050.00  0.3437874E-04   0.5198943E-07   0.3443073E-04
    27150.00  0.3397568E-04   0.5174045E-07   0.3402742E-04
    27250.00  0.3378082E-04   0.5149339E-07   0.3383231E-04
    27350.00  0.3295263E-04   0.5124822E-07   0.3300388E-04
    27450.00  0.3288852E-04   0.5100494E-07   0.3293952E-04
    27550.00  0.3251033E-04   0.5076353E-07   0.3256109E-04
    27650.00  0.3209868E-04   0.4974321E-07   0.3214842E-04
    27750.00  0.3164546E-04   0.4950964E-07   0.3169497E-04
    27850.00  0.3145961E-04   0.4927786E-07   0.3150889E-04
    27950.00  0.3128195E-04   0.4904782E-07   0.3133100E-04
    28050.00  0.3086963E-04   0.4881953E-07   0.3091845E-04
    28150.00  0.3037577E-04   0.4859295E-07   0.3042436E-04
    28250.00  0.3012060E-04   0.4836808E-07   0.3016897E-04
    28350.00  0.2987606E-04   0.4814489E-07   0.2992420E-04
    28450.00  0.2948167E-04   0.4792337E-07   0.2952959E-04
    28550.00  0.2911246E-04   0.4770350E-07   0.2916016E-04
    28650.00  0.2873374E-04   0.4748527E-07   0.2878123E-04
    28750.00  0.2823557E-04   0.4726865E-07   0.2828284E-04
    28850.00  0.2811343E-04   0.4705364E-07   0.2816048E-04
    28950.00  0.2780748E-04   0.4684021E-07   0.2785432E-04
    29050.00  0.2745887E-04   0.4662836E-07   0.2750550E-04
    29150.00  0.2718275E-04   0.4641806E-07   0.2722917E-04
    29250.00  0.2674284E-04   0.4620930E-07   0.2678905E-04
    29350.00  0.2657361E-04   0.4600207E-07   0.2661961E-04
    29450.00  0.2615296E-04   0.4579634E-07   0.2619876E-04
    29550.00  0.2587378E-04   0.4559211E-07   0.2591937E-04
    29650.00  0.2561988E-04   0.4538937E-07   0.2566527E-04
    29750.00  0.2530601E-04   0.4518356E-07   0.2535119E-04
    29850.00  0.2498764E-04   0.4498375E-07   0.2503262E-04
    29950.00  0.2469046E-04   0.4478538E-07   0.2473525E-04
    30050.00  0.2437944E-04   0.4458843E-07   0.2442403E-04
    30150.00  0.2412896E-04   0.4439289E-07   0.2417335E-04
    30250.00  0.2379703E-04   0.4419874E-07   0.2384123E-04
    30350.00  0.2328417E-04   0.4400598E-07   0.2332818E-04
    30450.00  0.2318052E-04   0.4381459E-07   0.2322433E-04
    30550.00  0.2293485E-04   0.4362456E-07   0.2297847E-04
    30650.00  0.2265925E-04   0.4343587E-07   0.2270269E-04
    30750.00  0.2243235E-04   0.4324851E-07   0.2247560E-04
    30850.00  0.2212500E-04   0.4306247E-07   0.2216806E-04
    30950.00  0.2185591E-04   0.4287773E-07   0.2189879E-04
    31050.00  0.2164593E-04   0.4269429E-07   0.2168862E-04
    31150.00  0.2128093E-04   0.4251213E-07   0.2132344E-04
    31250.00  0.2110854E-04   0.4233124E-07   0.2115087E-04
    31350.00  0.2086966E-04   0.4214953E-07   0.2091181E-04
    31450.00  0.2062123E-04   0.4197112E-07   0.2066320E-04
    31550.00  0.2033150E-04   0.4179394E-07   0.2037329E-04
    31650.00  0.2011934E-04   0.4161799E-07   0.2016096E-04
    31750.00  0.1990075E-04   0.4144325E-07   0.1994219E-04
    31850.00  0.1966631E-04   0.4126971E-07   0.1970758E-04
    31950.00  0.1945169E-04   0.4109736E-07   0.1949279E-04
    32100.00  0.1909606E-04   0.4081721E-07   0.1913688E-04
    32300.00  0.1864953E-04   0.4047989E-07   0.1869001E-04
    32500.00  0.1821801E-04   0.4014713E-07   0.1825816E-04
    32700.00  0.1778738E-04   0.3981884E-07   0.1782720E-04
    32900.00  0.1728554E-04   0.3680774E-07   0.1732235E-04
    33100.00  0.1696986E-04   0.3650327E-07   0.1700636E-04
    33300.00  0.1658273E-04   0.3621332E-07   0.1661894E-04
    33500.00  0.1624833E-04   0.3592717E-07   0.1628426E-04
    33700.00  0.1587839E-04   0.3564476E-07   0.1591403E-04
    33900.00  0.1549313E-04   0.3536603E-07   0.1552850E-04
    34100.00  0.1514754E-04   0.3509090E-07   0.1518263E-04
    34300.00  0.1485815E-04   0.3481932E-07   0.1489297E-04
    34500.00  0.1454315E-04   0.3455122E-07   0.1457770E-04
    34700.00  0.1422550E-04   0.3428655E-07   0.1425979E-04
    34900.00  0.1392225E-04   0.3402523E-07   0.1395628E-04
    35100.00  0.1363402E-04   0.3376723E-07   0.1366779E-04
    35300.00  0.1332218E-04   0.3351247E-07   0.1335569E-04
    35500.00  0.1305754E-04   0.3326090E-07   0.1309080E-04
    35700.00  0.1277038E-04   0.3301248E-07   0.1280339E-04
    35900.00  0.1251404E-04   0.3276713E-07   0.1254681E-04
    36100.00  0.1225866E-04   0.3252483E-07   0.1229118E-04
    36300.00  0.1202139E-04   0.3228550E-07   0.1205368E-04
    36500.00  0.1173145E-04   0.3204911E-07   0.1176350E-04
    36700.00  0.1150153E-04   0.3181560E-07   0.1153335E-04
    36900.00  0.1121872E-04   0.3158493E-07   0.1125030E-04
    37100.00  0.1100442E-04   0.3135704E-07   0.1103578E-04
    37300.00  0.1079432E-04   0.3113190E-07   0.1082545E-04
    37500.00  0.1050263E-04   0.3090946E-07   0.1053354E-04
    37700.00  0.1038853E-04   0.3068967E-07   0.1041922E-04
    37900.00  0.1018007E-04   0.3047250E-07   0.1021054E-04
    38100.00  0.9973015E-05   0.3025789E-07   0.1000327E-04
    38300.00  0.9793498E-05   0.3004581E-07   0.9823544E-05
    38500.00  0.9616517E-05   0.2983622E-07   0.9646353E-05
    38700.00  0.9414438E-05   0.2938617E-07   0.9443824E-05
    38900.00  0.9237962E-05   0.2918349E-07   0.9267145E-05
    39100.00  0.9043520E-05   0.2898315E-07   0.9072503E-05
    39300.00  0.8896294E-05   0.2878512E-07   0.8925079E-05
    39500.00  0.8705160E-05   0.2858936E-07   0.8733749E-05
    39700.00  0.8551647E-05   0.2839583E-07   0.8580043E-05
    39900.00  0.8353044E-05   0.2820451E-07   0.8381249E-05
    40100.00  0.8205142E-05   0.2801536E-07   0.8233157E-05
    40300.00  0.8059023E-05   0.2782834E-07   0.8086851E-05
    40500.00  0.7876741E-05   0.2764341E-07   0.7904384E-05
    40700.00  0.7773392E-05   0.2746056E-07   0.7800853E-05
    40900.00  0.7632151E-05   0.2727975E-07   0.7659431E-05
    41100.00  0.7502540E-05   0.2709987E-07   0.7529640E-05
    41300.00  0.7368299E-05   0.2692304E-07   0.7395222E-05
    41500.00  0.7220335E-05   0.2674815E-07   0.7247083E-05
    41700.00  0.7066434E-05   0.2657518E-07   0.7093009E-05
    41900.00  0.6955982E-05   0.2640409E-07   0.6982386E-05
    42100.00  0.6817741E-05   0.2623487E-07   0.6843976E-05
    42300.00  0.6723910E-05   0.2606748E-07   0.6749977E-05
    42500.00  0.6588556E-05   0.2590189E-07   0.6614458E-05
    42700.00  0.6486328E-05   0.2573808E-07   0.6512066E-05
    42900.00  0.6065764E-05   0.2557602E-07   0.6091340E-05
    43100.00  0.5720079E-05   0.2541515E-07   0.5745494E-05
    43300.00  0.5806248E-05   0.2525653E-07   0.5831505E-05
    43500.00  0.5425484E-05   0.2509959E-07   0.5450584E-05
    43700.00  0.5269767E-05   0.2494429E-07   0.5294711E-05
    43900.00  0.5159227E-05   0.2478440E-07   0.5184011E-05
    44100.00  0.4802536E-05   0.2463241E-07   0.4827168E-05
    44300.00  0.4794607E-05   0.2448200E-07   0.4819089E-05
    44500.00  0.4661396E-05   0.2433315E-07   0.4685729E-05
    44700.00  0.4390943E-05   0.2397736E-07   0.4414920E-05
    44900.00  0.4489331E-05   0.2312033E-07   0.4512451E-05
    45100.00  0.4329328E-05   0.2298294E-07   0.4352311E-05
    45300.00  0.4132792E-05   0.2284694E-07   0.4155639E-05
    45500.00  0.4173583E-05   0.2271232E-07   0.4196295E-05
    45700.00  0.4115360E-05   0.2257905E-07   0.4137939E-05
    45900.00  0.3885175E-05   0.2244712E-07   0.3907622E-05
    46100.00  0.3979573E-05   0.2231651E-07   0.4001890E-05
    46300.00  0.3865617E-05   0.2218720E-07   0.3887804E-05
    46500.00  0.3812826E-05   0.2205918E-07   0.3834885E-05
    46700.00  0.3787856E-05   0.2193242E-07   0.3809788E-05
    46900.00  0.3729753E-05   0.2180690E-07   0.3751560E-05
    47100.00  0.3637611E-05   0.2168262E-07   0.3659294E-05
    47300.00  0.3684039E-05   0.2155956E-07   0.3705599E-05
    47500.00  0.3595323E-05   0.2143769E-07   0.3616761E-05
    47700.00  0.3550004E-05   0.2131700E-07   0.3571321E-05
    47900.00  0.3493465E-05   0.2119749E-07   0.3514662E-05
    48100.00  0.3403392E-05   0.2107912E-07   0.3424471E-05
    48300.00  0.3456268E-05   0.2096188E-07   0.3477230E-05
    48500.00  0.3375810E-05   0.2084577E-07   0.3396656E-05
    48700.00  0.3297294E-05   0.2073077E-07   0.3318025E-05
    48900.00  0.3278383E-05   0.2061685E-07   0.3299000E-05
    49100.00  0.3213399E-05   0.2050401E-07   0.3233903E-05
    49300.00  0.3174397E-05   0.2039224E-07   0.3194789E-05
    49500.00  0.3121317E-05   0.2028151E-07   0.3141599E-05
    49700.00  0.3112139E-05   0.2017182E-07   0.3132311E-05
    49900.00  0.3054065E-05   0.2006316E-07   0.3074128E-05
    50100.00  0.3038986E-05   0.1995550E-07   0.3058941E-05
    50300.00  0.2996032E-05   0.1984883E-07   0.3015881E-05
    50500.00  0.2913823E-05   0.1974315E-07   0.2933566E-05
    50700.00  0.2890396E-05   0.1963845E-07   0.2910034E-05
    50900.00  0.2864005E-05   0.1953470E-07   0.2883540E-05
    51100.00  0.2803148E-05   0.1943189E-07   0.2822580E-05
    51300.00  0.2768231E-05   0.1933002E-07   0.2787561E-05
    51500.00  0.2732881E-05   0.1913954E-07   0.2752021E-05
    51700.00  0.2745058E-05   0.1904010E-07   0.2764098E-05
    51900.00  0.2679578E-05   0.1894156E-07   0.2698520E-05
    52100.00  0.2641849E-05   0.1884390E-07   0.2660693E-05
    52300.00  0.2604987E-05   0.1874712E-07   0.2623734E-05
    52500.00  0.2591581E-05   0.1865119E-07   0.2610232E-05
    52700.00  0.2599448E-05   0.1855611E-07   0.2618004E-05
    52900.00  0.2510689E-05   0.1846188E-07   0.2529151E-05
    53100.00  0.2473723E-05   0.1836847E-07   0.2492091E-05
    53300.00  0.2464746E-05   0.1827588E-07   0.2483022E-05
    53500.00  0.2433725E-05   0.1818410E-07   0.2451909E-05
    53700.00  0.2407191E-05   0.1809312E-07   0.2425284E-05
    53900.00  0.2383446E-05   0.1800294E-07   0.2401449E-05
    54100.00  0.2355237E-05   0.1791353E-07   0.2373151E-05
    54300.00  0.2308037E-05   0.1782458E-07   0.2325862E-05
    54500.00  0.2306805E-05   0.1773671E-07   0.2324542E-05
    54700.00  0.2260570E-05   0.1764959E-07   0.2278220E-05
    54900.00  0.2242778E-05   0.1756321E-07   0.2260341E-05
    55100.00  0.2203338E-05   0.1747757E-07   0.2220816E-05
    55300.00  0.2229539E-05   0.1739265E-07   0.2246932E-05
    55500.00  0.2152910E-05   0.1730846E-07   0.2170218E-05
    55700.00  0.2162680E-05   0.1722497E-07   0.2179905E-05
    55900.00  0.2117709E-05   0.1714218E-07   0.2134851E-05
    56100.00  0.2111089E-05   0.1706009E-07   0.2128149E-05
    56300.00  0.2061712E-05   0.1697868E-07   0.2078691E-05
    56500.00  0.2061294E-05   0.1689781E-07   0.2078192E-05
    56700.00  0.2032704E-05   0.1681775E-07   0.2049522E-05
    56900.00  0.1989551E-05   0.1673836E-07   0.2006289E-05
    57100.00  0.1990292E-05   0.1665962E-07   0.2006952E-05
    57300.00  0.1966775E-05   0.1658152E-07   0.1983357E-05
    57500.00  0.1942382E-05   0.1650212E-07   0.1958884E-05
    57700.00  0.1915098E-05   0.1642530E-07   0.1931523E-05
    57900.00  0.1906634E-05   0.1634911E-07   0.1922983E-05
    58100.00  0.1875073E-05   0.1627354E-07   0.1891347E-05
    58300.00  0.1855404E-05   0.1619858E-07   0.1871603E-05
    58500.00  0.1835304E-05   0.1576063E-07   0.1851065E-05
    58700.00  0.1803398E-05   0.1568816E-07   0.1819086E-05
    58900.00  0.1787110E-05   0.1561715E-07   0.1802727E-05
    59100.00  0.1761520E-05   0.1554671E-07   0.1777067E-05
    59300.00  0.1751372E-05   0.1547682E-07   0.1766849E-05
    59500.00  0.1725341E-05   0.1540749E-07   0.1740748E-05
    59700.00  0.1714126E-05   0.1533870E-07   0.1729465E-05
    59900.00  0.1693977E-05   0.1527045E-07   0.1709247E-05
    60100.00  0.1675535E-05   0.1520274E-07   0.1690738E-05
    60300.00  0.1655183E-05   0.1513555E-07   0.1670319E-05
    60500.00  0.1628019E-05   0.1506889E-07   0.1643088E-05
    60700.00  0.1611949E-05   0.1500274E-07   0.1626952E-05
    60900.00  0.1592157E-05   0.1493711E-07   0.1607094E-05
    61100.00  0.1570760E-05   0.1487198E-07   0.1585632E-05
    61300.00  0.1557150E-05   0.1480735E-07   0.1571957E-05
    61500.00  0.1541582E-05   0.1474322E-07   0.1556325E-05
    61700.00  0.1530006E-05   0.1467957E-07   0.1544686E-05
    61900.00  0.1510495E-05   0.1461641E-07   0.1525111E-05
    62100.00  0.1496565E-05   0.1455373E-07   0.1511119E-05
    62300.00  0.1474170E-05   0.1449152E-07   0.1488662E-05
    62500.00  0.1452265E-05   0.1442979E-07   0.1466695E-05
    62700.00  0.1437065E-05   0.1436851E-07   0.1451434E-05
    62900.00  0.1421055E-05   0.1430770E-07   0.1435363E-05
    63100.00  0.1404523E-05   0.1424734E-07   0.1418770E-05
    63300.00  0.1394011E-05   0.1418743E-07   0.1408198E-05
    63500.00  0.1374804E-05   0.1412797E-07   0.1388932E-05
    63700.00  0.1365913E-05   0.1406894E-07   0.1379982E-05
    63900.00  0.1341520E-05   0.1401036E-07   0.1355530E-05
    64200.00  0.1322945E-05   0.1392328E-07   0.1336868E-05
    64600.00  0.1291088E-05   0.1380867E-07   0.1304897E-05
    65000.00  0.1263436E-05   0.1369572E-07   0.1277132E-05
    65400.00  0.1234080E-05   0.1358440E-07   0.1247664E-05
    65800.00  0.1208995E-05   0.1347468E-07   0.1222470E-05
    66200.00  0.1180440E-05   0.1332925E-07   0.1193769E-05
    66600.00  0.1154428E-05   0.1322303E-07   0.1167651E-05
    67000.00  0.1130168E-05   0.1311831E-07   0.1143286E-05
    67400.00  0.1103848E-05   0.1301506E-07   0.1116863E-05
    67800.00  0.1079534E-05   0.1291325E-07   0.1092447E-05
    68200.00  0.1055866E-05   0.1281285E-07   0.1068679E-05
    68600.00  0.1033746E-05   0.1271383E-07   0.1046460E-05
    69000.00  0.1009994E-05   0.1261618E-07   0.1022610E-05
    69400.00  0.9882366E-06   0.1251976E-07   0.1000756E-05
    69800.00  0.9669315E-06   0.1242473E-07   0.9793562E-06
    70200.00  0.9457166E-06   0.1233100E-07   0.9580476E-06
    70600.00  0.9260562E-06   0.1223851E-07   0.9382947E-06
    71000.00  0.9057299E-06   0.1214727E-07   0.9178772E-06
    71400.00  0.8867262E-06   0.1205723E-07   0.8987834E-06
    71800.00  0.8674228E-06   0.1196831E-07   0.8793911E-06
    72200.00  0.8493194E-06   0.1188063E-07   0.8612000E-06
    72600.00  0.8311027E-06   0.1179409E-07   0.8428968E-06
    73000.00  0.8137896E-06   0.1170797E-07   0.8254976E-06
    73400.00  0.7964760E-06   0.1162368E-07   0.8080997E-06
    73800.00  0.7800594E-06   0.1154047E-07   0.7915999E-06
    74200.00  0.7632924E-06   0.1129852E-07   0.7745909E-06
    74600.00  0.7453375E-06   0.1121898E-07   0.7565565E-06
    75000.00  0.7302324E-06   0.1114043E-07   0.7413728E-06
    75400.00  0.7170233E-06   0.1106288E-07   0.7280862E-06
    75800.00  0.7028780E-06   0.1098629E-07   0.7138643E-06
    76200.00  0.6884546E-06   0.1091065E-07   0.6993652E-06
    76600.00  0.6746163E-06   0.1083594E-07   0.6854522E-06
    77000.00  0.6610068E-06   0.1076216E-07   0.6717690E-06
    77400.00  0.6478431E-06   0.1068928E-07   0.6585324E-06
    77800.00  0.6349443E-06   0.1061728E-07   0.6455616E-06
    78200.00  0.6222803E-06   0.1054615E-07   0.6328265E-06
    78600.00  0.6100258E-06   0.1047589E-07   0.6205017E-06
    79000.00  0.5979817E-06   0.1040646E-07   0.6083882E-06
    79400.00  0.5862943E-06   0.1033786E-07   0.5966322E-06
    79800.00  0.5749741E-06   0.1027008E-07   0.5852442E-06
    80200.00  0.5635779E-06   0.1020310E-07   0.5737810E-06
    80600.00  0.5525818E-06   0.1013690E-07   0.5627187E-06
    81000.00  0.5421779E-06   0.1007148E-07   0.5522494E-06
    81400.00  0.5316439E-06   0.1000682E-07   0.5416507E-06
    81800.00  0.5216285E-06   0.9942914E-08   0.5315714E-06
    82200.00  0.5119044E-06   0.9879741E-08   0.5217841E-06
    82600.00  0.5022321E-06   0.9800131E-08   0.5120322E-06
    83000.00  0.4927486E-06   0.9738545E-08   0.5024871E-06
    83400.00  0.4834007E-06   0.9677659E-08   0.4930784E-06
    83800.00  0.4745011E-06   0.9617462E-08   0.4841186E-06
    84200.00  0.4657671E-06   0.9557942E-08   0.4753250E-06
    84600.00  0.4571628E-06   0.9499088E-08   0.4666619E-06
    85000.00  0.4487245E-06   0.9440891E-08   0.4581654E-06
    85400.00  0.4405630E-06   0.9383339E-08   0.4499463E-06
    85800.00  0.4324385E-06   0.9326424E-08   0.4417649E-06
    86200.00  0.4247622E-06   0.9270108E-08   0.4340323E-06
    86600.00  0.4171331E-06   0.9214435E-08   0.4263475E-06
    87000.00  0.4097535E-06   0.9159369E-08   0.4189129E-06
    87400.00  0.4023847E-06   0.9104900E-08   0.4114896E-06
    87800.00  0.3951514E-06   0.9051019E-08   0.4042024E-06
    88200.00  0.3881255E-06   0.8997717E-08   0.3971232E-06
    88600.00  0.3812589E-06   0.8944986E-08   0.3902039E-06
    89000.00  0.3744967E-06   0.8892794E-08   0.3833895E-06
    89400.00  0.3680653E-06   0.8841172E-08   0.3769065E-06
    89800.00  0.3616040E-06   0.8790095E-08   0.3703941E-06
    90200.00  0.3553993E-06   0.8739281E-08   0.3641386E-06
    90600.00  0.3492965E-06   0.8689271E-08   0.3579858E-06
    91000.00  0.3431615E-06   0.8639782E-08   0.3518013E-06
    91400.00  0.3374444E-06   0.8514011E-08   0.3459584E-06
    91800.00  0.3317441E-06   0.8466031E-08   0.3402101E-06
    92200.00  0.3261327E-06   0.8418680E-08   0.3345514E-06
    92600.00  0.3205990E-06   0.8371813E-08   0.3289708E-06
    93000.00  0.3152668E-06   0.8325422E-08   0.3235922E-06
    93400.00  0.3100112E-06   0.8279501E-08   0.3182907E-06
    93800.00  0.3048359E-06   0.8234043E-08   0.3130699E-06
    94200.00  0.2997555E-06   0.8189042E-08   0.3079445E-06
    94600.00  0.2947623E-06   0.8144490E-08   0.3029068E-06
    95000.00  0.2899365E-06   0.8100382E-08   0.2980369E-06
    95400.00  0.2851915E-06   0.8056711E-08   0.2932482E-06
    95800.00  0.2805099E-06   0.8013472E-08   0.2885234E-06
    96200.00  0.2759194E-06   0.7970657E-08   0.2838901E-06
    96600.00  0.2714819E-06   0.7928261E-08   0.2794102E-06
    97000.00  0.2671163E-06   0.7886279E-08   0.2750026E-06
    97400.00  0.2626255E-06   0.7844704E-08   0.2704702E-06
    97800.00  0.2585766E-06   0.7803531E-08   0.2663801E-06
    98200.00  0.2544267E-06   0.7762755E-08   0.2621895E-06
    98600.00  0.2504930E-06   0.7722369E-08   0.2582154E-06
    99000.00  0.2464673E-06   0.7682369E-08   0.2541497E-06
    99400.00  0.2425650E-06   0.7642750E-08   0.2502078E-06
    99800.00  0.2387444E-06   0.7603506E-08   0.2463479E-06
   100200.00  0.2350443E-06   0.1911923E-08   0.2369562E-06
   200000.00  0.1522462E-07   0.4798946E-09   0.1570451E-07
   400000.00  0.9556720E-09   0.1199736E-09   0.1075646E-08
   600000.00  0.1877902E-09   0.5332162E-10   0.2411118E-09
   800000.00  0.5899894E-10   0.2999341E-10   0.8899235E-10
  1000000.00  0.2399082E-10   0.1919578E-10   0.4318660E-10
  1200000.00  0.1149001E-10   0.1333040E-10   0.2482041E-10
  1400000.00  0.6164723E-11   0.9793767E-11   0.1595849E-10
  1600000.00  0.3592744E-11   0.7498353E-11   0.1109110E-10
