       91.00  0.9792960E-23   0.0000000E+00   0.9792960E-23
       94.00  0.7651404E-19   0.0000000E+00   0.7651404E-19
       96.00  0.2361093E-18   0.0000000E+00   0.2361093E-18
       98.00  0.7716394E-18   0.0000000E+00   0.7716394E-18
      100.00  0.2060398E-17   0.0000000E+00   0.2060398E-17
      102.00  0.7112594E-17   0.0000000E+00   0.7112594E-17
      104.00  0.2596162E-16   0.0000000E+00   0.2596162E-16
      106.00  0.8543397E-16   0.0000000E+00   0.8543397E-16
      108.00  0.2767531E-15   0.0000000E+00   0.2767531E-15
      110.00  0.1049707E-14   0.0000000E+00   0.1049707E-14
      114.00  0.8167472E-14   0.0000000E+00   0.8167472E-14
      118.00  0.6093848E-13   0.0000000E+00   0.6093848E-13
      121.00  0.2673701E-12   0.0000000E+00   0.2673701E-12
      125.00  0.4383730E-12   0.0000000E+00   0.4383730E-12
      127.00  0.6288151E-12   0.0000000E+00   0.6288151E-12
      128.00  0.4317210E-12   0.0000000E+00   0.4317210E-12
      131.00  0.1559947E-12   0.0000000E+00   0.1559947E-12
      132.00  0.2424753E-12   0.0000000E+00   0.2424753E-12
      134.00  0.2971247E-12   0.0000000E+00   0.2971247E-12
      137.00  0.4942219E-12   0.0000000E+00   0.4942219E-12
      140.00  0.6593829E-12   0.0000000E+00   0.6593829E-12
      143.00  0.1245185E-11   0.0000000E+00   0.1245185E-11
      147.00  0.4186236E-11   0.0000000E+00   0.4186236E-11
      151.00  0.1400932E-10   0.0000000E+00   0.1400932E-10
      155.00  0.5584573E-10   0.0000000E+00   0.5584573E-10
      159.00  0.1815937E-09   0.0000000E+00   0.1815937E-09
      162.00  0.2676231E-07   0.0000000E+00   0.2676231E-07
      166.00  0.8139237E-07   0.0000000E+00   0.8139237E-07
      170.00  0.8000030E-07   0.0000000E+00   0.8000030E-07
      173.00  0.2337009E-07   0.0000000E+00   0.2337009E-07
      177.00  0.4358768E-07   0.0000000E+00   0.4358768E-07
      180.00  0.3598254E-07   0.0000000E+00   0.3598254E-07
      182.00  0.5055914E-07   0.0000000E+00   0.5055914E-07
      186.00  0.6555479E-07   0.0000000E+00   0.6555479E-07
      191.00  0.1097739E-06   0.0000000E+00   0.1097739E-06
      194.00  0.4552184E-07   0.0000000E+00   0.4552184E-07
      198.00  0.2755896E-05   0.0000000E+00   0.2755896E-05
      202.00  0.2528440E-06   0.0000000E+00   0.2528440E-06
      205.00  0.3244101E-06   0.0000000E+00   0.3244101E-06
      210.00  0.3799946E-05   0.0000000E+00   0.3799946E-05
      216.00  0.2829052E-04   0.0000000E+00   0.2829052E-04
      220.00  0.1640301E-04   0.0000000E+00   0.1640301E-04
      223.00  0.3042806E-04   0.0000000E+00   0.3042806E-04
      227.00  0.2095488E-04   0.0000000E+00   0.2095488E-04
      228.00  0.1355565E-04   0.0000000E+00   0.1355565E-04
      228.00  0.2390360E-03   0.0000000E+00   0.2390360E-03
      230.00  0.5513125E-04   0.0000000E+00   0.5513125E-04
      234.00  0.4229407E-03   0.0000000E+00   0.4229407E-03
      240.00  0.1009984E-03   0.0000000E+00   0.1009984E-03
      246.00  0.6314181E-04   0.0000000E+00   0.6314181E-04
      252.00  0.4881396E-02   0.0000000E+00   0.4881396E-02
      257.00  0.1460759E-01   0.0000000E+00   0.1460759E-01
      260.00  0.3167177E-01   0.0000000E+00   0.3167177E-01
      264.00  0.3685618E-02   0.0000000E+00   0.3685618E-02
      269.00  0.2735238E-01   0.0000000E+00   0.2735238E-01
      274.00  0.8767286E-02   0.0000000E+00   0.8767286E-02
      279.00  0.4721216E-01   0.0000000E+00   0.4721216E-01
      284.00  0.3855936E-02   0.0000000E+00   0.3855936E-02
      290.00  0.3004338E-03   0.0000000E+00   0.3004338E-03
      296.00  0.4420162E-02   0.0000000E+00   0.4420162E-02
      301.00  0.4905758E-03   0.0000000E+00   0.4905758E-03
      308.00  0.1933493E-02   0.0000000E+00   0.1933493E-02
      318.00  0.7425122E-01   0.0000000E+00   0.7425122E-01
      328.00  0.9623198E-01   0.0000000E+00   0.9623198E-01
      338.00  0.2518467E+00   0.0000000E+00   0.2518467E+00
      348.00  0.2410402E+00   0.0000000E+00   0.2410402E+00
      353.30  0.1678375E+00   0.0000000E+00   0.1678375E+00
      353.30  0.5916133E-01   0.0000000E+00   0.5916133E-01
      357.00  0.2261355E-01   0.0000000E+00   0.2261355E-01
      366.00  0.9570910E-01   0.0000000E+00   0.9570910E-01
      375.00  0.8896324E-02   0.0000000E+00   0.8896324E-02
      385.00  0.8000308E-02   0.0000000E+00   0.8000308E-02
      395.00  0.3667505E-01   0.0000000E+00   0.3667505E-01
      405.00  0.7804574E-01   0.0000000E+00   0.7804574E-01
      414.00  0.1713086E-01   0.0000000E+00   0.1713086E-01
      422.00  0.3888231E-01   0.0000000E+00   0.3888231E-01
      430.00  0.1192510E+00   0.0000000E+00   0.1192510E+00
      441.00  0.1568821E+00   0.0000000E+00   0.1568821E+00
      451.00  0.1238356E+00   0.0000000E+00   0.1238356E+00
      460.00  0.2370999E+00   0.0000000E+00   0.2370999E+00
      470.00  0.2242993E+00   0.0000000E+00   0.2242993E+00
      480.00  0.1153409E+00   0.0000000E+00   0.1153409E+00
      490.00  0.1957715E+00   0.0000000E+00   0.1957715E+00
      500.00  0.7123421E-01   0.0000000E+00   0.7123421E-01
      504.60  0.7123421E-01   0.0000000E+00   0.7123421E-01
      504.60  0.1364703E+00   0.0000000E+00   0.1364703E+00
      506.00  0.1461198E+00   0.0000000E+00   0.1461198E+00
      512.00  0.1750684E+00   0.0000000E+00   0.1750684E+00
      520.00  0.5785449E-01   0.0000000E+00   0.5785449E-01
      530.00  0.7374231E-01   0.0000000E+00   0.7374231E-01
      540.00  0.8432163E-01   0.0000000E+00   0.8432163E-01
      550.00  0.3654978E-01   0.0000000E+00   0.3654978E-01
      560.00  0.1303174E+00   0.0000000E+00   0.1303174E+00
      570.00  0.1146493E+00   0.0000000E+00   0.1146493E+00
      580.00  0.1249044E+00   0.0000000E+00   0.1249044E+00
      590.00  0.7669796E-01   0.0000000E+00   0.7669796E-01
      600.00  0.7141568E-01   0.0000000E+00   0.7141568E-01
      610.00  0.1290668E+00   0.0000000E+00   0.1290668E+00
      620.00  0.1176503E+00   0.0000000E+00   0.1176503E+00
      630.00  0.1276552E+00   0.0000000E+00   0.1276552E+00
      640.00  0.1513060E+00   0.0000000E+00   0.1513060E+00
      650.00  0.1077176E+00   0.0000000E+00   0.1077176E+00
      658.00  0.5710525E-01   0.0000000E+00   0.5710525E-01
      665.00  0.9091314E-01   0.0000000E+00   0.9091314E-01
      675.00  0.7072869E-01   0.0000000E+00   0.7072869E-01
      685.00  0.1216483E+00   0.0000000E+00   0.1216483E+00
      695.00  0.6805691E-01   0.0000000E+00   0.6805691E-01
      705.00  0.1594911E+00   0.0000000E+00   0.1594911E+00
      716.00  0.1365902E+00   0.0000000E+00   0.1365902E+00
      726.00  0.1276716E+00   0.0000000E+00   0.1276716E+00
      735.00  0.1285456E+00   0.0000000E+00   0.1285456E+00
      745.00  0.6976726E-01   0.0000000E+00   0.6976726E-01
      755.00  0.1053121E+00   0.0000000E+00   0.1053121E+00
      765.00  0.1034543E+00   0.0000000E+00   0.1034543E+00
      775.00  0.1140857E+00   0.0000000E+00   0.1140857E+00
      785.00  0.7338618E-01   0.0000000E+00   0.7338618E-01
      795.00  0.1105756E+00   0.0000000E+00   0.1105756E+00
      805.00  0.1242994E+00   0.0000000E+00   0.1242994E+00
      815.00  0.1092687E+00   0.0000000E+00   0.1092687E+00
      825.00  0.1089701E+00   0.0000000E+00   0.1089701E+00
      835.00  0.1603196E+00   0.0000000E+00   0.1603196E+00
      845.00  0.1366198E+00   0.0000000E+00   0.1366198E+00
      855.00  0.8947118E-01   0.0000000E+00   0.8947118E-01
      865.00  0.1170953E+00   0.0000000E+00   0.1170953E+00
      875.00  0.1578912E+00   0.0000000E+00   0.1578912E+00
      885.00  0.1603818E+00   0.0000000E+00   0.1603818E+00
      895.00  0.1341080E+00   0.0000000E+00   0.1341080E+00
      905.00  0.1270090E+00   0.0000000E+00   0.1270090E+00
      912.40  0.1341005E+00   0.4662314E-13   0.1341005E+00
      912.40  0.1286379E+01   0.4662559E-13   0.1286379E+01
      915.00  0.1216153E+01   0.5340961E-13   0.1216153E+01
      925.00  0.9460486E+00   0.8937961E-13   0.9460486E+00
      935.00  0.1034901E+01   0.1479015E-12   0.1034901E+01
      945.00  0.4774441E+00   0.2420904E-12   0.4774441E+00
      955.00  0.7466541E+00   0.3921060E-12   0.7466541E+00
      965.00  0.9076006E+00   0.6286278E-12   0.9076006E+00
      975.00  0.3672507E+00   0.9978959E-12   0.3672507E+00
      985.00  0.1985192E+00   0.1568955E-11   0.1985192E+00
      995.00  0.8910719E+00   0.2443970E-11   0.8910719E+00
     1005.00  0.8437734E+00   0.3772790E-11   0.8437734E+00
     1015.00  0.7764957E+00   0.5773350E-11   0.7764957E+00
     1025.00  0.8271622E+00   0.8759988E-11   0.8271622E+00
     1035.00  0.6486070E+00   0.1318248E-10   0.6486070E+00
     1045.00  0.1041984E+01   0.1967945E-10   0.1041984E+01
     1055.00  0.1053790E+01   0.2915077E-10   0.1053790E+01
     1065.00  0.9326456E+00   0.4285531E-10   0.9326456E+00
     1075.00  0.8505208E+00   0.6254160E-10   0.8505208E+00
     1085.00  0.7685765E+00   0.9062167E-10   0.7685765E+00
     1095.00  0.9832396E+00   0.1304006E-09   0.9832396E+00
     1105.00  0.9015996E+00   0.1863777E-09   0.9015996E+00
     1115.00  0.5402157E+00   0.2646396E-09   0.5402157E+00
     1125.00  0.3377988E+00   0.3733695E-09   0.3377988E+00
     1135.00  0.9019901E+00   0.5235043E-09   0.9019901E+00
     1145.00  0.9207119E+00   0.7295755E-09   0.9207119E+00
     1155.00  0.3696293E+00   0.1010783E-08   0.3696293E+00
     1165.00  0.3988122E+00   0.1392354E-08   0.3988122E+00
     1175.00  0.5321974E+00   0.1907261E-08   0.5321974E+00
     1185.00  0.8061132E+00   0.2598370E-08   0.8061132E+00
     1195.00  0.7433203E+00   0.3521133E-08   0.7433203E+00
     1205.00  0.5567027E+00   0.4746927E-08   0.5567027E+00
     1215.00  0.5428858E+00   0.6367183E-08   0.5428858E+00
     1225.00  0.5881094E+00   0.1552454E-02   0.5896619E+00
     1235.00  0.7505921E+00   0.2960876E-02   0.7535530E+00
     1245.00  0.5259923E+00   0.4157695E-02   0.5301500E+00
     1255.00  0.5632368E+00   0.5179543E-02   0.5684163E+00
     1265.00  0.7308679E+00   0.6053574E-02   0.7369215E+00
     1275.00  0.7514233E+00   0.6801257E-02   0.7582246E+00
     1285.00  0.4945437E+00   0.7440119E-02   0.5019838E+00
     1295.00  0.4878626E+00   0.7984750E-02   0.4958474E+00
     1305.00  0.6641501E+00   0.8447450E-02   0.6725976E+00
     1315.00  0.5081742E+00   0.8838690E-02   0.5170129E+00
     1325.00  0.4639035E+00   0.9167443E-02   0.4730709E+00
     1335.00  0.6720485E+00   0.9441447E-02   0.6814899E+00
     1345.00  0.4438645E+00   0.9667403E-02   0.4535319E+00
     1355.00  0.6302719E+00   0.9851136E-02   0.6401230E+00
     1365.00  0.5925549E+00   0.9997727E-02   0.6025526E+00
     1375.00  0.5294242E+00   0.1011162E-01   0.5395358E+00
     1385.00  0.5043694E+00   0.1019672E-01   0.5145661E+00
     1395.00  0.4618216E+00   0.1025645E-01   0.4720780E+00
     1405.00  0.6255222E+00   0.1029383E-01   0.6358160E+00
     1415.00  0.4074033E+00   0.1031151E-01   0.4177148E+00
     1425.00  0.3356912E+00   0.1031187E-01   0.3460031E+00
     1435.00  0.4691191E+00   0.1029698E-01   0.4794161E+00
     1442.00  0.4911770E+00   0.1027849E-01   0.5014555E+00
     1447.00  0.4668092E+00   0.1026158E-01   0.4770708E+00
     1455.00  0.5001076E+00   0.1022866E-01   0.5103363E+00
     1465.00  0.4108594E+00   0.1017833E-01   0.4210377E+00
     1475.00  0.4982240E+00   0.1011902E-01   0.5083430E+00
     1485.00  0.4014564E+00   0.1005188E-01   0.4115083E+00
     1495.00  0.4760037E+00   0.9977959E-02   0.4859817E+00
     1505.00  0.4169179E+00   0.9898189E-02   0.4268161E+00
     1512.00  0.3364101E+00   0.9839321E-02   0.3462494E+00
     1517.00  0.3772140E+00   0.9795917E-02   0.3870099E+00
     1525.00  0.2585359E+00   0.9724366E-02   0.2682603E+00
     1535.00  0.3002896E+00   0.9631748E-02   0.3099213E+00
     1545.00  0.1729112E+00   0.9536169E-02   0.1824474E+00
     1555.00  0.4239522E+00   0.9438190E-02   0.4333904E+00
     1565.00  0.2131169E+00   0.9338325E-02   0.2224552E+00
     1575.00  0.3342724E+00   0.9237044E-02   0.3435094E+00
     1585.00  0.2326677E+00   0.9134785E-02   0.2418025E+00
     1595.00  0.3780599E+00   0.9031954E-02   0.3870919E+00
     1605.00  0.4084463E+00   0.8928933E-02   0.4173752E+00
     1615.00  0.4065148E+00   0.8826085E-02   0.4153409E+00
     1625.00  0.3977102E+00   0.8723758E-02   0.4064340E+00
     1635.00  0.4136444E+00   0.8622289E-02   0.4222667E+00
     1645.00  0.4128671E+00   0.8522010E-02   0.4213891E+00
     1655.00  0.3953908E+00   0.8423250E-02   0.4038140E+00
     1665.00  0.3955709E+00   0.8326339E-02   0.4038972E+00
     1672.00  0.3803604E+00   0.8259782E-02   0.3886202E+00
     1677.00  0.3865120E+00   0.8212963E-02   0.3947250E+00
     1685.00  0.3830846E+00   0.8139424E-02   0.3912240E+00
     1695.00  0.3666128E+00   0.8050127E-02   0.3746629E+00
     1705.00  0.3610187E+00   0.7964101E-02   0.3689828E+00
     1715.00  0.3505599E+00   0.7881746E-02   0.3584416E+00
     1725.00  0.3475216E+00   0.7803489E-02   0.3553251E+00
     1735.00  0.3501048E+00   0.7729786E-02   0.3578346E+00
     1745.00  0.3389769E+00   0.7661127E-02   0.3466380E+00
     1755.00  0.3393426E+00   0.7598042E-02   0.3469406E+00
     1765.00  0.3293014E+00   0.7541108E-02   0.3368425E+00
     1775.00  0.3191120E+00   0.7490947E-02   0.3266029E+00
     1785.00  0.3209922E+00   0.7448239E-02   0.3284404E+00
     1795.00  0.3255310E+00   0.7413700E-02   0.3329447E+00
     1805.00  0.3255830E+00   0.7388138E-02   0.3329711E+00
     1815.00  0.3023864E+00   0.7372437E-02   0.3097588E+00
     1825.00  0.3067485E+00   0.7367552E-02   0.3141161E+00
     1835.00  0.2971155E+00   0.7374520E-02   0.3044900E+00
     1845.00  0.2815074E+00   0.7394474E-02   0.2889019E+00
     1855.00  0.2724919E+00   0.7428646E-02   0.2799205E+00
     1865.00  0.2736670E+00   0.7478374E-02   0.2811454E+00
     1875.00  0.2862195E+00   0.7545114E-02   0.2937646E+00
     1885.00  0.2678039E+00   0.7630447E-02   0.2754343E+00
     1895.00  0.2572110E+00   0.7736087E-02   0.2649471E+00
     1905.00  0.2694505E+00   0.7863895E-02   0.2773144E+00
     1915.00  0.2545881E+00   0.8015883E-02   0.2626040E+00
     1925.00  0.2485144E+00   0.8194229E-02   0.2567086E+00
     1935.00  0.2542111E+00   0.8401286E-02   0.2626124E+00
     1945.00  0.2528194E+00   0.8639669E-02   0.2614591E+00
     1955.00  0.2388576E+00   0.8912175E-02   0.2477698E+00
     1967.00  0.2485672E+00   0.9288319E-02   0.2578555E+00
     1976.00  0.2502685E+00   0.9608738E-02   0.2598772E+00
     1984.00  0.2413235E+00   0.9923390E-02   0.2512469E+00
     1995.00  0.2366080E+00   0.1040550E-01   0.2470135E+00
     2005.00  0.2415794E+00   0.1089750E-01   0.2524769E+00
     2015.00  0.2352315E+00   0.1144505E-01   0.2466766E+00
     2025.00  0.2389311E+00   0.1205271E-01   0.2509838E+00
     2035.00  0.2251261E+00   0.1272528E-01   0.2378514E+00
     2045.00  0.2275977E+00   0.1346800E-01   0.2410657E+00
     2055.00  0.2229100E+00   0.4817950E-02   0.2277279E+00
     2065.00  0.2204306E+00   0.4753563E-02   0.2251842E+00
     2074.00  0.2282298E+00   0.4696539E-02   0.2329263E+00
     2078.00  0.2127099E+00   0.4671474E-02   0.2173814E+00
     2085.00  0.2198530E+00   0.4628021E-02   0.2244810E+00
     2095.00  0.2121921E+00   0.4566846E-02   0.2167589E+00
     2105.00  0.2138066E+00   0.4506722E-02   0.2183133E+00
     2115.00  0.2133306E+00   0.4447637E-02   0.2177782E+00
     2125.00  0.2118744E+00   0.4389583E-02   0.2162640E+00
     2135.00  0.2069316E+00   0.4332551E-02   0.2112642E+00
     2145.00  0.2013416E+00   0.4276532E-02   0.2056181E+00
     2155.00  0.2045328E+00   0.4221517E-02   0.2087543E+00
     2165.00  0.2025920E+00   0.4167499E-02   0.2067595E+00
     2175.00  0.2000088E+00   0.4114470E-02   0.2041233E+00
     2185.00  0.1933764E+00   0.4062424E-02   0.1974388E+00
     2195.00  0.1956023E+00   0.4011354E-02   0.1996137E+00
     2205.00  0.1932326E+00   0.3961253E-02   0.1971939E+00
     2215.00  0.1885859E+00   0.3912116E-02   0.1924980E+00
     2225.00  0.1839713E+00   0.3863938E-02   0.1878352E+00
     2235.00  0.1841769E+00   0.3816715E-02   0.1879936E+00
     2245.00  0.1825754E+00   0.3770441E-02   0.1863458E+00
     2255.00  0.1771543E+00   0.3725115E-02   0.1808794E+00
     2265.00  0.1787056E+00   0.3680733E-02   0.1823863E+00
     2275.00  0.1821148E+00   0.3637293E-02   0.1857521E+00
     2285.00  0.1850725E+00   0.3594794E-02   0.1886673E+00
     2295.00  0.1789559E+00   0.3553233E-02   0.1825091E+00
     2305.00  0.1801068E+00   0.3512612E-02   0.1836194E+00
     2315.00  0.1728389E+00   0.3472931E-02   0.1763118E+00
     2325.00  0.1480864E+00   0.3434190E-02   0.1515206E+00
     2335.00  0.1597746E+00   0.3396391E-02   0.1631710E+00
     2345.00  0.1582385E+00   0.3359537E-02   0.1615980E+00
     2355.00  0.1575112E+00   0.3323632E-02   0.1608348E+00
     2365.00  0.1543996E+00   0.3288677E-02   0.1576883E+00
     2375.00  0.1531310E+00   0.3254679E-02   0.1563857E+00
     2385.00  0.1510043E+00   0.3221643E-02   0.1542259E+00
     2395.00  0.1520618E+00   0.3189574E-02   0.1552514E+00
     2405.00  0.1477948E+00   0.3158480E-02   0.1509533E+00
     2415.00  0.1473424E+00   0.3128370E-02   0.1504708E+00
     2425.00  0.1463551E+00   0.3099250E-02   0.1494544E+00
     2435.00  0.1419417E+00   0.3071130E-02   0.1450128E+00
     2445.00  0.1431596E+00   0.3044019E-02   0.1462036E+00
     2455.00  0.1415692E+00   0.3017928E-02   0.1445871E+00
     2465.00  0.1391632E+00   0.2992868E-02   0.1421561E+00
     2475.00  0.1362275E+00   0.2968852E-02   0.1391964E+00
     2485.00  0.1360419E+00   0.2945893E-02   0.1389878E+00
     2495.00  0.1277255E+00   0.2924004E-02   0.1306495E+00
     2505.00  0.1346742E+00   0.2903200E-02   0.1375774E+00
     2513.00  0.1311702E+00   0.2887348E-02   0.1340575E+00
     2518.00  0.1345910E+00   0.2877802E-02   0.1374688E+00
     2525.00  0.1318645E+00   0.2864910E-02   0.1347294E+00
     2535.00  0.1306026E+00   0.2847458E-02   0.1334501E+00
     2545.00  0.1267625E+00   0.2831162E-02   0.1295937E+00
     2555.00  0.1271293E+00   0.2816038E-02   0.1299453E+00
     2565.00  0.1247759E+00   0.2802106E-02   0.1275780E+00
     2575.00  0.1252248E+00   0.2789386E-02   0.1280142E+00
     2585.00  0.1234657E+00   0.2777900E-02   0.1262436E+00
     2595.00  0.1222424E+00   0.2767670E-02   0.1250101E+00
     2605.00  0.1202210E+00   0.2514270E-02   0.1227353E+00
     2615.00  0.1187310E+00   0.2493772E-02   0.1212248E+00
     2625.00  0.1178800E+00   0.2474056E-02   0.1203541E+00
     2635.00  0.1171334E+00   0.2455130E-02   0.1195885E+00
     2645.00  0.1170738E+00   0.2437003E-02   0.1195108E+00
     2655.00  0.1163797E+00   0.2419687E-02   0.1187994E+00
     2665.00  0.1126257E+00   0.2403191E-02   0.1150289E+00
     2675.00  0.1133270E+00   0.2387527E-02   0.1157145E+00
     2685.00  0.1121393E+00   0.2372706E-02   0.1145120E+00
     2695.00  0.1096869E+00   0.2358743E-02   0.1120456E+00
     2705.00  0.1083102E+00   0.2345649E-02   0.1106558E+00
     2715.00  0.1074779E+00   0.2333439E-02   0.1098113E+00
     2725.00  0.1069959E+00   0.2322128E-02   0.1093180E+00
     2735.00  0.1070058E+00   0.2311730E-02   0.1093175E+00
     2745.00  0.1033078E+00   0.2302262E-02   0.1056101E+00
     2755.00  0.1022764E+00   0.2293740E-02   0.1045701E+00
     2765.00  0.1018614E+00   0.2286182E-02   0.1041476E+00
     2775.00  0.1022998E+00   0.2279605E-02   0.1045794E+00
     2785.00  0.1012543E+00   0.2274029E-02   0.1035283E+00
     2795.00  0.9786605E-01   0.2269473E-02   0.1001355E+00
     2805.00  0.9839666E-01   0.2265956E-02   0.1006626E+00
     2815.00  0.9827399E-01   0.2263500E-02   0.1005375E+00
     2825.00  0.9707939E-01   0.2262126E-02   0.9934152E-01
     2835.00  0.9363109E-01   0.2261857E-02   0.9589295E-01
     2845.00  0.9314588E-01   0.2262714E-02   0.9540859E-01
     2855.00  0.9236440E-01   0.2264716E-02   0.9462912E-01
     2865.00  0.9276882E-01   0.2267884E-02   0.9503670E-01
     2875.00  0.9170104E-01   0.2272250E-02   0.9397329E-01
     2885.00  0.9126599E-01   0.2277841E-02   0.9354383E-01
     2895.00  0.9028765E-01   0.2284682E-02   0.9257233E-01
     2910.00  0.8959600E-01   0.2297348E-02   0.9189335E-01
     2930.00  0.8766843E-01   0.2318874E-02   0.8998730E-01
     2950.00  0.8501654E-01   0.2345917E-02   0.8736246E-01
     2970.00  0.8378654E-01   0.2378724E-02   0.8616526E-01
     2990.00  0.8201276E-01   0.2417555E-02   0.8443032E-01
     3010.00  0.7963155E-01   0.2462683E-02   0.8209423E-01
     3030.00  0.7882616E-01   0.2514393E-02   0.8134055E-01
     3050.00  0.7787504E-01   0.2572982E-02   0.8044802E-01
     3070.00  0.7672907E-01   0.2638760E-02   0.7936783E-01
     3090.00  0.7483589E-01   0.2712049E-02   0.7754794E-01
     3110.00  0.7328640E-01   0.2793182E-02   0.7607958E-01
     3130.00  0.7175453E-01   0.2815687E-02   0.7457022E-01
     3150.00  0.7055215E-01   0.2908560E-02   0.7346071E-01
     3170.00  0.6878225E-01   0.3010065E-02   0.7179231E-01
     3190.00  0.6778397E-01   0.3120572E-02   0.7090454E-01
     3210.00  0.6700958E-01   0.3240469E-02   0.7025005E-01
     3230.00  0.6532826E-01   0.3370150E-02   0.6869841E-01
     3250.00  0.6384524E-01   0.3510026E-02   0.6735527E-01
     3270.00  0.6241034E-01   0.3660468E-02   0.6607081E-01
     3290.00  0.6123899E-01   0.3821913E-02   0.6506090E-01
     3310.00  0.6016425E-01   0.3994827E-02   0.6415908E-01
     3330.00  0.5903548E-01   0.4179663E-02   0.6321514E-01
     3350.00  0.5790593E-01   0.4376886E-02   0.6228282E-01
     3370.00  0.5704254E-01   0.4586971E-02   0.6162951E-01
     3390.00  0.5674848E-01   0.4810405E-02   0.6155889E-01
     3410.00  0.5599358E-01   0.5047685E-02   0.6104126E-01
     3430.00  0.5440456E-01   0.4759726E-02   0.5916429E-01
     3450.00  0.5338520E-01   0.4990392E-02   0.5837559E-01
     3470.00  0.5244926E-01   0.5234579E-02   0.5768384E-01
     3490.00  0.5146096E-01   0.5492757E-02   0.5695372E-01
     3510.00  0.5043739E-01   0.5765414E-02   0.5620280E-01
     3530.00  0.4960699E-01   0.6053114E-02   0.5566010E-01
     3550.00  0.4875145E-01   0.6356289E-02   0.5510774E-01
     3570.00  0.4798890E-01   0.6675444E-02   0.5466434E-01
     3590.00  0.4683662E-01   0.7011092E-02   0.5384771E-01
     3610.00  0.4597098E-01   0.7363753E-02   0.5333473E-01
     3630.00  0.4532591E-01   0.7733956E-02   0.5305987E-01
     3640.00  0.4510552E-01   0.7925802E-02   0.5303132E-01
     3650.00  0.4889376E-01   0.9317283E-03   0.4982549E-01
     3670.00  0.4762063E-01   0.9234861E-03   0.4854412E-01
     3690.00  0.4614930E-01   0.8102592E-03   0.4695956E-01
     3710.00  0.4759641E-01   0.7971027E-03   0.4839351E-01
     3730.00  0.4731430E-01   0.7842787E-03   0.4809858E-01
     3750.00  0.4933423E-01   0.7717798E-03   0.5010601E-01
     3770.00  0.4868437E-01   0.7595992E-03   0.4944397E-01
     3790.00  0.4887666E-01   0.7477302E-03   0.4962439E-01
     3810.00  0.4963428E-01   0.7361663E-03   0.5037045E-01
     3830.00  0.4614290E-01   0.7249014E-03   0.4686780E-01
     3850.00  0.4853577E-01   0.7139294E-03   0.4924970E-01
     3870.00  0.4772553E-01   0.7032445E-03   0.4842877E-01
     3890.00  0.4390419E-01   0.6928413E-03   0.4459703E-01
     3910.00  0.4697448E-01   0.6827142E-03   0.4765719E-01
     3930.00  0.4547513E-01   0.6728582E-03   0.4614799E-01
     3950.00  0.4521871E-01   0.6632683E-03   0.4588198E-01
     3970.00  0.4080526E-01   0.6539399E-03   0.4145920E-01
     3990.00  0.4366869E-01   0.6448689E-03   0.4431356E-01
     4010.00  0.4311501E-01   0.6360501E-03   0.4375106E-01
     4030.00  0.4193181E-01   0.6274792E-03   0.4255929E-01
     4050.00  0.4192229E-01   0.6191519E-03   0.4254144E-01
     4070.00  0.4071344E-01   0.6110642E-03   0.4132450E-01
     4090.00  0.3945962E-01   0.6032124E-03   0.4006283E-01
     4110.00  0.3696424E-01   0.5955926E-03   0.3755983E-01
     4130.00  0.3857837E-01   0.5882013E-03   0.3916657E-01
     4150.00  0.3817252E-01   0.5810350E-03   0.3875356E-01
     4170.00  0.3775601E-01   0.5740904E-03   0.3833010E-01
     4190.00  0.3734864E-01   0.5673642E-03   0.3791600E-01
     4210.00  0.3686725E-01   0.5608533E-03   0.3742810E-01
     4230.00  0.3611599E-01   0.5545548E-03   0.3667054E-01
     4250.00  0.3538012E-01   0.5484657E-03   0.3592859E-01
     4270.00  0.3445166E-01   0.5425833E-03   0.3499424E-01
     4290.00  0.3421722E-01   0.5369049E-03   0.3475412E-01
     4310.00  0.3345294E-01   0.5314278E-03   0.3398437E-01
     4330.00  0.3214605E-01   0.5261496E-03   0.3267220E-01
     4350.00  0.3044404E-01   0.5210680E-03   0.3096511E-01
     4370.00  0.3189238E-01   0.5161805E-03   0.3240856E-01
     4390.00  0.3152663E-01   0.5114849E-03   0.3203811E-01
     4410.00  0.3123307E-01   0.5069791E-03   0.3174005E-01
     4430.00  0.3071964E-01   0.5026610E-03   0.3122230E-01
     4450.00  0.3041110E-01   0.4985285E-03   0.3090963E-01
     4470.00  0.2957366E-01   0.4945798E-03   0.3006824E-01
     4490.00  0.2940204E-01   0.4908129E-03   0.2989285E-01
     4510.00  0.2913817E-01   0.4872260E-03   0.2962540E-01
     4530.00  0.2864196E-01   0.4838174E-03   0.2912578E-01
     4550.00  0.2825223E-01   0.4805854E-03   0.2873282E-01
     4570.00  0.2798129E-01   0.4775284E-03   0.2845882E-01
     4590.00  0.2798182E-01   0.4746447E-03   0.2845646E-01
     4610.00  0.2802302E-01   0.4719330E-03   0.2849495E-01
     4630.00  0.2786969E-01   0.4693917E-03   0.2833908E-01
     4650.00  0.2761489E-01   0.4670193E-03   0.2808191E-01
     4670.00  0.2753558E-01   0.4648146E-03   0.2800039E-01
     4690.00  0.2710026E-01   0.4627761E-03   0.2756304E-01
     4710.00  0.2592484E-01   0.4609027E-03   0.2638574E-01
     4730.00  0.2523965E-01   0.4591930E-03   0.2569884E-01
     4750.00  0.2451069E-01   0.4576459E-03   0.2496834E-01
     4770.00  0.2419812E-01   0.4562601E-03   0.2465438E-01
     4790.00  0.2370926E-01   0.4550346E-03   0.2416429E-01
     4810.00  0.2324270E-01   0.4539679E-03   0.2369667E-01
     4830.00  0.2294092E-01   0.4530587E-03   0.2339398E-01
     4850.00  0.2223832E-01   0.4523064E-03   0.2269063E-01
     4870.00  0.2079009E-01   0.4517102E-03   0.2124180E-01
     4890.00  0.2199379E-01   0.4512689E-03   0.2244506E-01
     4910.00  0.2169585E-01   0.4509817E-03   0.2214683E-01
     4930.00  0.2116514E-01   0.4508476E-03   0.2161599E-01
     4950.00  0.2106371E-01   0.4508657E-03   0.2151458E-01
     4970.00  0.2084273E-01   0.4510351E-03   0.2129377E-01
     4990.00  0.2050595E-01   0.4513550E-03   0.2095731E-01
     5010.00  0.1983145E-01   0.4518246E-03   0.2028327E-01
     5030.00  0.1988397E-01   0.4524430E-03   0.2033641E-01
     5050.00  0.1944192E-01   0.4532094E-03   0.1989513E-01
     5070.00  0.1936937E-01   0.4541235E-03   0.1982349E-01
     5090.00  0.1910766E-01   0.4551860E-03   0.1956285E-01
     5110.00  0.1880814E-01   0.4563942E-03   0.1926453E-01
     5130.00  0.1844590E-01   0.4577475E-03   0.1890365E-01
     5150.00  0.1822468E-01   0.4592451E-03   0.1868393E-01
     5170.00  0.1808285E-01   0.4608864E-03   0.1854374E-01
     5190.00  0.1785357E-01   0.4626706E-03   0.1831624E-01
     5210.00  0.1752238E-01   0.4645970E-03   0.1798698E-01
     5230.00  0.1736765E-01   0.4666651E-03   0.1783432E-01
     5250.00  0.1716684E-01   0.4688741E-03   0.1763571E-01
     5270.00  0.1690011E-01   0.4712233E-03   0.1737133E-01
     5290.00  0.1674664E-01   0.4737122E-03   0.1722035E-01
     5310.00  0.1648869E-01   0.4763401E-03   0.1696503E-01
     5330.00  0.1627258E-01   0.4791064E-03   0.1675169E-01
     5350.00  0.1603973E-01   0.4820104E-03   0.1652174E-01
     5370.00  0.1590269E-01   0.4850507E-03   0.1638774E-01
     5390.00  0.1572444E-01   0.4882249E-03   0.1621266E-01
     5410.00  0.1554776E-01   0.4915346E-03   0.1603929E-01
     5430.00  0.1531748E-01   0.4949793E-03   0.1581246E-01
     5450.00  0.1511696E-01   0.4985583E-03   0.1561552E-01
     5470.00  0.1489868E-01   0.5022712E-03   0.1540095E-01
     5490.00  0.1470461E-01   0.5061172E-03   0.1521073E-01
     5510.00  0.1451074E-01   0.5100957E-03   0.1502084E-01
     5530.00  0.1431238E-01   0.5142063E-03   0.1482659E-01
     5550.00  0.1417398E-01   0.5184482E-03   0.1469243E-01
     5570.00  0.1398857E-01   0.5228209E-03   0.1451139E-01
     5590.00  0.1383029E-01   0.5273239E-03   0.1435761E-01
     5610.00  0.1363514E-01   0.5319565E-03   0.1416710E-01
     5630.00  0.1350107E-01   0.5367181E-03   0.1403779E-01
     5650.00  0.1323648E-01   0.5416081E-03   0.1377809E-01
     5670.00  0.1305632E-01   0.5466261E-03   0.1360295E-01
     5690.00  0.1290486E-01   0.5517713E-03   0.1345663E-01
     5710.00  0.1277661E-01   0.2885742E-03   0.1306518E-01
     5730.00  0.1272890E-01   0.2884125E-03   0.1301731E-01
     5750.00  0.1289577E-01   0.2883084E-03   0.1318408E-01
     5770.00  0.1305857E-01   0.2882614E-03   0.1334683E-01
     5790.00  0.1299509E-01   0.2882708E-03   0.1328336E-01
     5810.00  0.1293079E-01   0.2883361E-03   0.1321913E-01
     5830.00  0.1274431E-01   0.2884568E-03   0.1303277E-01
     5850.00  0.1246642E-01   0.2886322E-03   0.1275505E-01
     5870.00  0.1196714E-01   0.2888618E-03   0.1225600E-01
     5890.00  0.1173582E-01   0.2891450E-03   0.1202497E-01
     5910.00  0.1151723E-01   0.2894815E-03   0.1180671E-01
     5930.00  0.1129213E-01   0.2898705E-03   0.1158200E-01
     5950.00  0.1108101E-01   0.2903116E-03   0.1137132E-01
     5970.00  0.1098006E-01   0.2908042E-03   0.1127086E-01
     5990.00  0.1079328E-01   0.2913479E-03   0.1108463E-01
     6010.00  0.1068986E-01   0.2919422E-03   0.1098180E-01
     6030.00  0.1054156E-01   0.2925865E-03   0.1083415E-01
     6050.00  0.1041854E-01   0.2932804E-03   0.1071182E-01
     6070.00  0.1030523E-01   0.2940234E-03   0.1059925E-01
     6090.00  0.1018006E-01   0.2948149E-03   0.1047487E-01
     6110.00  0.1006629E-01   0.2956545E-03   0.1036194E-01
     6130.00  0.9953718E-02   0.2965418E-03   0.1025026E-01
     6150.00  0.9786065E-02   0.2974763E-03   0.1008354E-01
     6170.00  0.9705831E-02   0.2984576E-03   0.1000429E-01
     6190.00  0.9611435E-02   0.2994851E-03   0.9910920E-02
     6210.00  0.9505890E-02   0.3005584E-03   0.9806448E-02
     6230.00  0.9394753E-02   0.3016771E-03   0.9696430E-02
     6250.00  0.9260761E-02   0.3028407E-03   0.9563602E-02
     6270.00  0.9176933E-02   0.3040489E-03   0.9480982E-02
     6290.00  0.9077109E-02   0.3053011E-03   0.9382410E-02
     6310.00  0.8963447E-02   0.3065970E-03   0.9270044E-02
     6330.00  0.8874947E-02   0.3079361E-03   0.9182883E-02
     6350.00  0.8732586E-02   0.3093180E-03   0.9041904E-02
     6370.00  0.8656619E-02   0.3107423E-03   0.8967361E-02
     6390.00  0.8581763E-02   0.3122085E-03   0.8893972E-02
     6410.00  0.8484875E-02   0.3137163E-03   0.8798591E-02
     6430.00  0.8409078E-02   0.3152653E-03   0.8724343E-02
     6450.00  0.8305897E-02   0.3168550E-03   0.8622752E-02
     6470.00  0.8207680E-02   0.3184851E-03   0.8526165E-02
     6490.00  0.8122986E-02   0.3201552E-03   0.8443141E-02
     6510.00  0.8063405E-02   0.3218648E-03   0.8385270E-02
     6530.00  0.7991392E-02   0.3236099E-03   0.8315002E-02
     6550.00  0.7820282E-02   0.3253926E-03   0.8145675E-02
     6570.00  0.7250584E-02   0.3272135E-03   0.7577797E-02
     6590.00  0.7681731E-02   0.3290720E-03   0.8010803E-02
     6610.00  0.7651244E-02   0.3309679E-03   0.7982212E-02
     6630.00  0.7566672E-02   0.3329008E-03   0.7899573E-02
     6650.00  0.7482690E-02   0.3310093E-03   0.7813699E-02
     6670.00  0.7371402E-02   0.3329762E-03   0.7704378E-02
     6690.00  0.7290828E-02   0.3349791E-03   0.7625807E-02
     6710.00  0.7239972E-02   0.3370174E-03   0.7576989E-02
     6730.00  0.7151796E-02   0.3390909E-03   0.7490887E-02
     6750.00  0.7081328E-02   0.3411991E-03   0.7422527E-02
     6770.00  0.7009449E-02   0.3433418E-03   0.7352791E-02
     6790.00  0.6891961E-02   0.3455185E-03   0.7237480E-02
     6810.00  0.6845938E-02   0.3477290E-03   0.7193667E-02
     6830.00  0.6772234E-02   0.3499728E-03   0.7122207E-02
     6850.00  0.6702272E-02   0.3522496E-03   0.7054522E-02
     6870.00  0.6633998E-02   0.3545592E-03   0.6988557E-02
     6890.00  0.6561302E-02   0.3569010E-03   0.6918203E-02
     6910.00  0.6489552E-02   0.3592748E-03   0.6848827E-02
     6930.00  0.6419056E-02   0.3616803E-03   0.6780736E-02
     6950.00  0.6365628E-02   0.3641170E-03   0.6729745E-02
     6970.00  0.6310493E-02   0.3665848E-03   0.6677078E-02
     6990.00  0.6252376E-02   0.3690831E-03   0.6621459E-02
     7010.00  0.6192856E-02   0.3716118E-03   0.6564468E-02
     7030.00  0.6138446E-02   0.3741709E-03   0.6512617E-02
     7050.00  0.6095470E-02   0.3767597E-03   0.6472230E-02
     7070.00  0.6007616E-02   0.3793778E-03   0.6386994E-02
     7090.00  0.6009932E-02   0.3820249E-03   0.6391957E-02
     7110.00  0.5920944E-02   0.3847006E-03   0.6305645E-02
     7130.00  0.5855110E-02   0.3874045E-03   0.6242515E-02
     7150.00  0.5798090E-02   0.3901365E-03   0.6188227E-02
     7170.00  0.5727058E-02   0.3928961E-03   0.6119954E-02
     7190.00  0.5658818E-02   0.3956831E-03   0.6054501E-02
     7210.00  0.5592756E-02   0.3984971E-03   0.5991253E-02
     7230.00  0.5473018E-02   0.4013379E-03   0.5874356E-02
     7250.00  0.5462424E-02   0.4042050E-03   0.5866629E-02
     7270.00  0.5410559E-02   0.4070983E-03   0.5817657E-02
     7290.00  0.5329234E-02   0.4100174E-03   0.5739251E-02
     7310.00  0.5301690E-02   0.4129619E-03   0.5714652E-02
     7330.00  0.5249204E-02   0.4159317E-03   0.5665136E-02
     7350.00  0.5202062E-02   0.4189263E-03   0.5620988E-02
     7370.00  0.5151818E-02   0.4219455E-03   0.5573763E-02
     7390.00  0.5100746E-02   0.4249890E-03   0.5525735E-02
     7410.00  0.5050477E-02   0.4280565E-03   0.5478533E-02
     7430.00  0.4995712E-02   0.4311477E-03   0.5426860E-02
     7450.00  0.4949096E-02   0.4327505E-03   0.5381847E-02
     7470.00  0.4890856E-02   0.4358755E-03   0.5326731E-02
     7490.00  0.4852324E-02   0.4390232E-03   0.5291347E-02
     7510.00  0.4807488E-02   0.4421936E-03   0.5249682E-02
     7530.00  0.4763560E-02   0.4453863E-03   0.5208946E-02
     7550.00  0.4724754E-02   0.4486010E-03   0.5173355E-02
     7570.00  0.4684122E-02   0.4518374E-03   0.5135959E-02
     7590.00  0.4641534E-02   0.4550953E-03   0.5096629E-02
     7610.00  0.4604490E-02   0.4583725E-03   0.5062863E-02
     7630.00  0.4573350E-02   0.4616686E-03   0.5035019E-02
     7650.00  0.4543114E-02   0.4649852E-03   0.5008099E-02
     7670.00  0.4509908E-02   0.4683219E-03   0.4978230E-02
     7690.00  0.4473174E-02   0.4716785E-03   0.4944852E-02
     7710.00  0.4433554E-02   0.4750547E-03   0.4908609E-02
     7730.00  0.4390918E-02   0.4784503E-03   0.4869368E-02
     7750.00  0.4346184E-02   0.4818650E-03   0.4828049E-02
     7770.00  0.4269682E-02   0.4852984E-03   0.4754980E-02
     7790.00  0.4250774E-02   0.4887504E-03   0.4739524E-02
     7810.00  0.4200276E-02   0.4922207E-03   0.4692497E-02
     7830.00  0.4154540E-02   0.4957090E-03   0.4650249E-02
     7850.00  0.4101118E-02   0.4992150E-03   0.4600333E-02
     7870.00  0.4054087E-02   0.4875348E-03   0.4541622E-02
     7890.00  0.4008757E-02   0.4909573E-03   0.4499714E-02
     7910.00  0.3981406E-02   0.4943967E-03   0.4475803E-02
     7930.00  0.3944447E-02   0.4978528E-03   0.4442300E-02
     7950.00  0.3901066E-02   0.5013253E-03   0.4402391E-02
     7970.00  0.3872871E-02   0.5048140E-03   0.4377685E-02
     7990.00  0.3827580E-02   0.5083185E-03   0.4335899E-02
     8010.00  0.3801614E-02   0.5118388E-03   0.4313453E-02
     8030.00  0.3768351E-02   0.5153744E-03   0.4283725E-02
     8050.00  0.3734115E-02   0.5189253E-03   0.4253040E-02
     8070.00  0.3704297E-02   0.5224911E-03   0.4226788E-02
     8090.00  0.3667667E-02   0.5260716E-03   0.4193739E-02
     8110.00  0.3633716E-02   0.5296665E-03   0.4163383E-02
     8130.00  0.3610410E-02   0.5332757E-03   0.4143686E-02
     8150.00  0.3577387E-02   0.5368989E-03   0.4114286E-02
     8170.00  0.3553713E-02   0.5405358E-03   0.4094249E-02
     8190.00  0.3518146E-02   0.5441863E-03   0.4062332E-02
     8210.00  0.3526653E-02   0.4557223E-03   0.3982375E-02
     8230.00  0.3496379E-02   0.9672763E-04   0.3593107E-02
     8250.00  0.3481724E-02   0.9663045E-04   0.3578354E-02
     8270.00  0.3439124E-02   0.9653877E-04   0.3535663E-02
     8290.00  0.3413200E-02   0.9261504E-04   0.3505815E-02
     8310.00  0.3376566E-02   0.9250615E-04   0.3469072E-02
     8330.00  0.3333930E-02   0.9240253E-04   0.3426333E-02
     8350.00  0.3293372E-02   0.9230411E-04   0.3385676E-02
     8370.00  0.3252826E-02   0.9221081E-04   0.3345037E-02
     8390.00  0.3232699E-02   0.9212256E-04   0.3324822E-02
     8410.00  0.3204746E-02   0.9203929E-04   0.3296785E-02
     8430.00  0.3192020E-02   0.9196094E-04   0.3283981E-02
     8450.00  0.3151640E-02   0.9188744E-04   0.3243527E-02
     8470.00  0.3093342E-02   0.9181872E-04   0.3185161E-02
     8490.00  0.3158508E-02   0.9175471E-04   0.3250263E-02
     8510.00  0.3036604E-02   0.9169536E-04   0.3128299E-02
     8530.00  0.3130442E-02   0.9164060E-04   0.3222083E-02
     8550.00  0.2954038E-02   0.9159036E-04   0.3045628E-02
     8570.00  0.3111192E-02   0.9154458E-04   0.3202737E-02
     8590.00  0.2972519E-02   0.9150321E-04   0.3064022E-02
     8610.00  0.2935164E-02   0.9146617E-04   0.3026630E-02
     8630.00  0.3041489E-02   0.9143343E-04   0.3132922E-02
     8650.00  0.2970640E-02   0.9140490E-04   0.3062045E-02
     8670.00  0.2777718E-02   0.9138053E-04   0.2869099E-02
     8690.00  0.2951342E-02   0.9136027E-04   0.3042702E-02
     8710.00  0.2948272E-02   0.9134406E-04   0.3039616E-02
     8730.00  0.2888140E-02   0.9133185E-04   0.2979472E-02
     8750.00  0.2681984E-02   0.9132357E-04   0.2773308E-02
     8770.00  0.2827024E-02   0.9131918E-04   0.2918343E-02
     8790.00  0.2853075E-02   0.9131861E-04   0.2944394E-02
     8810.00  0.2831589E-02   0.9132181E-04   0.2922911E-02
     8830.00  0.2799579E-02   0.9132874E-04   0.2890908E-02
     8850.00  0.2708836E-02   0.9133934E-04   0.2800175E-02
     8870.00  0.2558637E-02   0.9135355E-04   0.2649991E-02
     8890.00  0.2726873E-02   0.9137133E-04   0.2818244E-02
     8910.00  0.2715119E-02   0.9139263E-04   0.2806512E-02
     8930.00  0.2689971E-02   0.9141739E-04   0.2781388E-02
     8950.00  0.2675658E-02   0.9144559E-04   0.2767104E-02
     8970.00  0.2652077E-02   0.9147714E-04   0.2743554E-02
     8990.00  0.2606550E-02   0.9151202E-04   0.2698062E-02
     9010.00  0.2425627E-02   0.9155015E-04   0.2517177E-02
     9030.00  0.2506482E-02   0.9159153E-04   0.2598074E-02
     9050.00  0.2558375E-02   0.9163610E-04   0.2650011E-02
     9070.00  0.2527550E-02   0.9168378E-04   0.2619234E-02
     9090.00  0.2513577E-02   0.9173456E-04   0.2605312E-02
     9110.00  0.2502333E-02   0.9178839E-04   0.2594121E-02
     9130.00  0.2483909E-02   0.9184526E-04   0.2575754E-02
     9150.00  0.2465627E-02   0.9190511E-04   0.2557532E-02
     9170.00  0.2439830E-02   0.9196786E-04   0.2531798E-02
     9190.00  0.2418979E-02   0.9203351E-04   0.2511013E-02
     9210.00  0.2362717E-02   0.9210196E-04   0.2454819E-02
     9230.00  0.2185423E-02   0.9217322E-04   0.2277596E-02
     9250.00  0.2330292E-02   0.9224721E-04   0.2422539E-02
     9270.00  0.2331458E-02   0.9232392E-04   0.2423782E-02
     9290.00  0.2338675E-02   0.9240329E-04   0.2431078E-02
     9310.00  0.2319892E-02   0.9248528E-04   0.2412377E-02
     9330.00  0.2304590E-02   0.9256985E-04   0.2397160E-02
     9350.00  0.2289977E-02   0.9265700E-04   0.2382634E-02
     9370.00  0.2272465E-02   0.9274662E-04   0.2365212E-02
     9390.00  0.2252054E-02   0.9283874E-04   0.2344893E-02
     9410.00  0.2223530E-02   0.9293327E-04   0.2316463E-02
     9430.00  0.2213526E-02   0.9303023E-04   0.2306556E-02
     9450.00  0.2194256E-02   0.9312952E-04   0.2287386E-02
     9470.00  0.2168966E-02   0.9323113E-04   0.2262197E-02
     9490.00  0.2156080E-02   0.9333507E-04   0.2249415E-02
     9510.00  0.2125068E-02   0.9344122E-04   0.2218509E-02
     9530.00  0.2078882E-02   0.9354961E-04   0.2172432E-02
     9550.00  0.1941839E-02   0.9366019E-04   0.2035499E-02
     9570.00  0.2089290E-02   0.9377292E-04   0.2183063E-02
     9590.00  0.2103223E-02   0.9388776E-04   0.2197111E-02
     9610.00  0.2093950E-02   0.9400468E-04   0.2187955E-02
     9630.00  0.2072848E-02   0.9412364E-04   0.2166972E-02
     9650.00  0.2071624E-02   0.9424463E-04   0.2165869E-02
     9670.00  0.2054745E-02   0.9436764E-04   0.2149113E-02
     9690.00  0.2039888E-02   0.9449257E-04   0.2134381E-02
     9710.00  0.2022249E-02   0.9461943E-04   0.2116868E-02
     9730.00  0.2011067E-02   0.9474817E-04   0.2105815E-02
     9750.00  0.1994400E-02   0.9487875E-04   0.2089279E-02
     9770.00  0.1979175E-02   0.9501122E-04   0.2074186E-02
     9790.00  0.1960698E-02   0.9514542E-04   0.2055843E-02
     9810.00  0.1940403E-02   0.9528143E-04   0.2035684E-02
     9830.00  0.1919128E-02   0.9541918E-04   0.2014547E-02
     9850.00  0.1898130E-02   0.9555868E-04   0.1993689E-02
     9870.00  0.1876544E-02   0.9569982E-04   0.1972244E-02
     9890.00  0.1855181E-02   0.9584262E-04   0.1951024E-02
     9910.00  0.1833740E-02   0.9598705E-04   0.1929727E-02
     9930.00  0.1823954E-02   0.9613308E-04   0.1920087E-02
     9950.00  0.1808690E-02   0.9628068E-04   0.1904971E-02
     9970.00  0.1794103E-02   0.9642983E-04   0.1890533E-02
     9990.00  0.1784049E-02   0.9658053E-04   0.1880630E-02
    10025.00  0.1739331E-02   0.9684777E-04   0.1836179E-02
    10075.00  0.1709152E-02   0.9723723E-04   0.1806389E-02
    10125.00  0.1731711E-02   0.9763533E-04   0.1829346E-02
    10175.00  0.1700796E-02   0.9804260E-04   0.1798839E-02
    10225.00  0.1655752E-02   0.9845783E-04   0.1754210E-02
    10275.00  0.1614750E-02   0.9888043E-04   0.1713630E-02
    10325.00  0.1576613E-02   0.9931005E-04   0.1675923E-02
    10375.00  0.1550201E-02   0.9974634E-04   0.1649947E-02
    10425.00  0.1524010E-02   0.1001890E-03   0.1624199E-02
    10475.00  0.1496412E-02   0.1006376E-03   0.1597050E-02
    10525.00  0.1468698E-02   0.1010920E-03   0.1569790E-02
    10575.00  0.1442710E-02   0.1015518E-03   0.1544262E-02
    10625.00  0.1414886E-02   0.1020166E-03   0.1516903E-02
    10675.00  0.1383602E-02   0.1024863E-03   0.1486088E-02
    10725.00  0.1368224E-02   0.1029604E-03   0.1471184E-02
    10775.00  0.1354420E-02   0.1034389E-03   0.1457859E-02
    10825.00  0.1326282E-02   0.1039213E-03   0.1430203E-02
    10875.00  0.1311780E-02   0.1044074E-03   0.1416187E-02
    10925.00  0.1232169E-02   0.1048971E-03   0.1337066E-02
    10975.00  0.1249916E-02   0.1053899E-03   0.1355306E-02
    11025.00  0.1231832E-02   0.1058858E-03   0.1337718E-02
    11075.00  0.1213373E-02   0.1063844E-03   0.1319757E-02
    11125.00  0.1191688E-02   0.1068856E-03   0.1298574E-02
    11175.00  0.1171394E-02   0.8185049E-04   0.1253244E-02
    11225.00  0.1151600E-02   0.8212713E-04   0.1233727E-02
    11275.00  0.1129503E-02   0.8240677E-04   0.1211910E-02
    11325.00  0.1111505E-02   0.8268926E-04   0.1194194E-02
    11375.00  0.1095763E-02   0.8297440E-04   0.1178737E-02
    11425.00  0.1077749E-02   0.8326203E-04   0.1161011E-02
    11475.00  0.1063342E-02   0.8355197E-04   0.1146894E-02
    11525.00  0.1051335E-02   0.8384408E-04   0.1135179E-02
    11575.00  0.1039127E-02   0.8413820E-04   0.1123265E-02
    11625.00  0.1024195E-02   0.8443417E-04   0.1108629E-02
    11675.00  0.1006898E-02   0.8473187E-04   0.1091630E-02
    11725.00  0.9897744E-03   0.8503114E-04   0.1074806E-02
    11775.00  0.9723858E-03   0.8533184E-04   0.1057718E-02
    11825.00  0.9592602E-03   0.8563384E-04   0.1044894E-02
    11875.00  0.9447672E-03   0.8593702E-04   0.1030704E-02
    11925.00  0.9306088E-03   0.8624125E-04   0.1016850E-02
    11975.00  0.9102402E-03   0.8654640E-04   0.9967866E-03
    12025.00  0.8966746E-03   0.8685236E-04   0.9835270E-03
    12075.00  0.8798279E-03   0.8715902E-04   0.9669869E-03
    12125.00  0.8642377E-03   0.8746625E-04   0.9517040E-03
    12175.00  0.8502023E-03   0.8777397E-04   0.9379763E-03
    12225.00  0.8366667E-03   0.8808206E-04   0.9247488E-03
    12275.00  0.8235691E-03   0.8839042E-04   0.9119595E-03
    12325.00  0.8109921E-03   0.8869896E-04   0.8996911E-03
    12375.00  0.7987851E-03   0.8900757E-04   0.8877927E-03
    12425.00  0.7870574E-03   0.8931616E-04   0.8763736E-03
    12475.00  0.7744647E-03   0.8962466E-04   0.8640894E-03
    12525.00  0.7627000E-03   0.8967597E-04   0.8523760E-03
    12575.00  0.7515268E-03   0.8998340E-04   0.8415102E-03
    12625.00  0.7410839E-03   0.9029053E-04   0.8313744E-03
    12675.00  0.7311696E-03   0.9059723E-04   0.8217668E-03
    12725.00  0.7214694E-03   0.9090345E-04   0.8123729E-03
    12775.00  0.7059812E-03   0.9120911E-04   0.7971903E-03
    12825.00  0.6726149E-03   0.9151415E-04   0.7641291E-03
    12875.00  0.6893015E-03   0.9181849E-04   0.7811200E-03
    12925.00  0.6799738E-03   0.9212207E-04   0.7720959E-03
    12975.00  0.6675948E-03   0.9242483E-04   0.7600196E-03
    13025.00  0.6594573E-03   0.9272668E-04   0.7521840E-03
    13075.00  0.6498291E-03   0.9302624E-04   0.7428553E-03
    13125.00  0.6401721E-03   0.9332458E-04   0.7334967E-03
    13175.00  0.6305054E-03   0.9362179E-04   0.7241272E-03
    13225.00  0.6219102E-03   0.9391778E-04   0.7158280E-03
    13275.00  0.6130507E-03   0.9421252E-04   0.7072632E-03
    13325.00  0.6045048E-03   0.9450596E-04   0.6990108E-03
    13375.00  0.5962826E-03   0.9479804E-04   0.6910806E-03
    13425.00  0.5879402E-03   0.9508873E-04   0.6830289E-03
    13475.00  0.5805994E-03   0.9537797E-04   0.6759774E-03
    13525.00  0.5728001E-03   0.9566573E-04   0.6684658E-03
    13575.00  0.5648574E-03   0.9595196E-04   0.6608094E-03
    13625.00  0.5568598E-03   0.9612626E-04   0.6529861E-03
    13675.00  0.5491996E-03   0.9640903E-04   0.6456086E-03
    13725.00  0.5419385E-03   0.9669018E-04   0.6386287E-03
    13775.00  0.5362067E-03   0.9696967E-04   0.6331764E-03
    13825.00  0.5300228E-03   0.9724745E-04   0.6272702E-03
    13875.00  0.5228191E-03   0.9752349E-04   0.6203426E-03
    13925.00  0.5152124E-03   0.9779778E-04   0.6130102E-03
    13975.00  0.5079881E-03   0.9807027E-04   0.6060584E-03
    14025.00  0.5005824E-03   0.9834094E-04   0.5989233E-03
    14075.00  0.4930844E-03   0.9860977E-04   0.5916942E-03
    14125.00  0.4853194E-03   0.9769403E-04   0.5830134E-03
    14175.00  0.4784594E-03   0.9795741E-04   0.5764168E-03
    14225.00  0.4722507E-03   0.9821891E-04   0.5704696E-03
    14275.00  0.4663384E-03   0.9847852E-04   0.5648169E-03
    14325.00  0.4604690E-03   0.9873622E-04   0.5592052E-03
    14375.00  0.4543849E-03   0.9899198E-04   0.5533769E-03
    14425.00  0.4476225E-03   0.9924578E-04   0.5468683E-03
    14475.00  0.4420324E-03   0.9949762E-04   0.5415300E-03
    14525.00  0.4361165E-03   0.9974746E-04   0.5358640E-03
    14570.00  0.4316784E-03   0.9997061E-04   0.5316490E-03
    14620.00  0.4289795E-03   0.3795613E-04   0.4669356E-03
    14675.00  0.4241150E-03   0.3798418E-04   0.4620992E-03
    14725.00  0.4195078E-03   0.3763147E-04   0.4571393E-03
    14775.00  0.4143730E-03   0.3765714E-04   0.4520301E-03
    14825.00  0.4088159E-03   0.3768301E-04   0.4464989E-03
    14875.00  0.4025440E-03   0.3770908E-04   0.4402531E-03
    14925.00  0.3965527E-03   0.3773532E-04   0.4342880E-03
    14975.00  0.3903710E-03   0.3776171E-04   0.4281327E-03
    15025.00  0.3843157E-03   0.3778824E-04   0.4221039E-03
    15075.00  0.3785213E-03   0.3781488E-04   0.4163362E-03
    15125.00  0.3738509E-03   0.3784162E-04   0.4116925E-03
    15175.00  0.3692782E-03   0.3786845E-04   0.4071467E-03
    15225.00  0.3658318E-03   0.3789547E-04   0.4037273E-03
    15275.00  0.3590714E-03   0.3792265E-04   0.3969941E-03
    15325.00  0.3549590E-03   0.3794987E-04   0.3929089E-03
    15375.00  0.3526812E-03   0.3797709E-04   0.3906583E-03
    15425.00  0.3451978E-03   0.3800431E-04   0.3832021E-03
    15475.00  0.3448549E-03   0.3803152E-04   0.3828864E-03
    15525.00  0.3411015E-03   0.3805870E-04   0.3791602E-03
    15575.00  0.3314980E-03   0.3808584E-04   0.3695838E-03
    15625.00  0.3351368E-03   0.3811292E-04   0.3732497E-03
    15675.00  0.3277698E-03   0.3813993E-04   0.3659097E-03
    15725.00  0.3202002E-03   0.3816687E-04   0.3583671E-03
    15775.00  0.3233661E-03   0.3819371E-04   0.3615598E-03
    15825.00  0.3191824E-03   0.3822046E-04   0.3574029E-03
    15875.00  0.3055066E-03   0.3824709E-04   0.3437537E-03
    15925.00  0.3101129E-03   0.3827360E-04   0.3483865E-03
    15975.00  0.3083716E-03   0.3829998E-04   0.3466716E-03
    16050.00  0.3017100E-03   0.3833928E-04   0.3400493E-03
    16150.00  0.2906041E-03   0.3839112E-04   0.3289952E-03
    16250.00  0.2892865E-03   0.3844228E-04   0.3277288E-03
    16350.00  0.2813303E-03   0.3849268E-04   0.3198230E-03
    16450.00  0.2709566E-03   0.3854226E-04   0.3094989E-03
    16550.00  0.2698085E-03   0.3859097E-04   0.3083995E-03
    16650.00  0.2636738E-03   0.3863876E-04   0.3023126E-03
    16750.00  0.2562942E-03   0.3868557E-04   0.2949798E-03
    16850.00  0.2473736E-03   0.3873137E-04   0.2861050E-03
    16950.00  0.2467704E-03   0.3877611E-04   0.2855465E-03
    17050.00  0.2405165E-03   0.3881975E-04   0.2793362E-03
    17150.00  0.2373025E-03   0.3886226E-04   0.2761648E-03
    17250.00  0.2331533E-03   0.3890361E-04   0.2720569E-03
    17350.00  0.2227767E-03   0.3894378E-04   0.2617205E-03
    17450.00  0.2220838E-03   0.3898272E-04   0.2610665E-03
    17550.00  0.2166377E-03   0.3902043E-04   0.2556581E-03
    17650.00  0.2112473E-03   0.3905687E-04   0.2503042E-03
    17750.00  0.2065692E-03   0.3909204E-04   0.2456612E-03
    17850.00  0.2022958E-03   0.3912591E-04   0.2414217E-03
    17950.00  0.1982674E-03   0.3915847E-04   0.2374259E-03
    18050.00  0.1937206E-03   0.3918970E-04   0.2329103E-03
    18150.00  0.1853812E-03   0.3921960E-04   0.2246008E-03
    18250.00  0.1846583E-03   0.3924826E-04   0.2239066E-03
    18350.00  0.1818638E-03   0.3927651E-04   0.2211403E-03
    18450.00  0.1807572E-03   0.3930334E-04   0.2200605E-03
    18550.00  0.1814200E-03   0.3488124E-04   0.2163012E-03
    18650.00  0.1794304E-03   0.3489562E-04   0.2143260E-03
    18750.00  0.1712865E-03   0.3490893E-04   0.2061954E-03
    18850.00  0.1687266E-03   0.3492115E-04   0.2036477E-03
    18950.00  0.1623837E-03   0.3493228E-04   0.1973160E-03
    19050.00  0.1575934E-03   0.3494233E-04   0.1925357E-03
    19150.00  0.1542269E-03   0.3495129E-04   0.1891782E-03
    19250.00  0.1510629E-03   0.3495916E-04   0.1860221E-03
    19350.00  0.1478972E-03   0.3496594E-04   0.1828631E-03
    19450.00  0.1413837E-03   0.3497163E-04   0.1763553E-03
    19550.00  0.1419933E-03   0.3497623E-04   0.1769695E-03
    19650.00  0.1393887E-03   0.3497975E-04   0.1743684E-03
    19750.00  0.1365683E-03   0.3498219E-04   0.1715505E-03
    19850.00  0.1340112E-03   0.3498355E-04   0.1689948E-03
    19950.00  0.1315122E-03   0.3498384E-04   0.1664960E-03
    20050.00  0.1290584E-03   0.3498307E-04   0.1640415E-03
    20150.00  0.1266390E-03   0.3498123E-04   0.1616202E-03
    20250.00  0.1241995E-03   0.3494496E-04   0.1591445E-03
    20350.00  0.1220620E-03   0.3494111E-04   0.1570031E-03
    20450.00  0.1213925E-03   0.3493623E-04   0.1563287E-03
    20550.00  0.1218681E-03   0.3493031E-04   0.1567984E-03
    20650.00  0.1205404E-03   0.3492338E-04   0.1554638E-03
    20750.00  0.1184265E-03   0.3491544E-04   0.1533419E-03
    20850.00  0.1159561E-03   0.3490649E-04   0.1508626E-03
    20950.00  0.1128401E-03   0.3489654E-04   0.1477366E-03
    21050.00  0.1093927E-03   0.3488562E-04   0.1442783E-03
    21150.00  0.1059972E-03   0.3487371E-04   0.1408709E-03
    21250.00  0.1037066E-03   0.3486085E-04   0.1385674E-03
    21350.00  0.1016381E-03   0.3484702E-04   0.1364851E-03
    21450.00  0.9975072E-04   0.3483225E-04   0.1345830E-03
    21550.00  0.9800858E-04   0.3480092E-04   0.1328095E-03
    21650.00  0.9405988E-04   0.3478438E-04   0.1288443E-03
    21750.00  0.9490371E-04   0.3476693E-04   0.1296706E-03
    21850.00  0.9342220E-04   0.3474858E-04   0.1281708E-03
    21950.00  0.9170673E-04   0.3472934E-04   0.1264361E-03
    22050.00  0.8984630E-04   0.3470922E-04   0.1245555E-03
    22150.00  0.8807429E-04   0.3468823E-04   0.1227625E-03
    22250.00  0.8637698E-04   0.3450075E-04   0.1208777E-03
    22350.00  0.8487820E-04   0.3447862E-04   0.1193568E-03
    22450.00  0.8350371E-04   0.3445566E-04   0.1179594E-03
    22550.00  0.8220441E-04   0.3443188E-04   0.1166363E-03
    22650.00  0.8080520E-04   0.3440729E-04   0.1152125E-03
    22750.00  0.7942703E-04   0.3438190E-04   0.1138089E-03
    22850.00  0.7820555E-04   0.2105798E-04   0.9926353E-04
    22950.00  0.7684684E-04   0.2097115E-04   0.9781799E-04
    23050.00  0.7557823E-04   0.2094850E-04   0.9652673E-04
    23150.00  0.7435329E-04   0.2092558E-04   0.9527887E-04
    23250.00  0.7310989E-04   0.2090240E-04   0.9401229E-04
    23350.00  0.7196282E-04   0.2087894E-04   0.9284176E-04
    23450.00  0.7079737E-04   0.2085522E-04   0.9165259E-04
    23550.00  0.6952741E-04   0.2083124E-04   0.9035865E-04
    23650.00  0.6832665E-04   0.2080699E-04   0.8913364E-04
    23750.00  0.6715052E-04   0.2078249E-04   0.8793301E-04
    23850.00  0.6609717E-04   0.2075774E-04   0.8685491E-04
    23950.00  0.6573630E-04   0.2073273E-04   0.8646903E-04
    24050.00  0.6520078E-04   0.2070747E-04   0.8590825E-04
    24150.00  0.6416957E-04   0.2068197E-04   0.8485154E-04
    24250.00  0.6324485E-04   0.2065623E-04   0.8390108E-04
    24350.00  0.6191254E-04   0.2063024E-04   0.8254278E-04
    24450.00  0.6059427E-04   0.2060402E-04   0.8119829E-04
    24550.00  0.5953882E-04   0.2057756E-04   0.8011638E-04
    24650.00  0.5824764E-04   0.2055088E-04   0.7879852E-04
    24750.00  0.5715595E-04   0.2052396E-04   0.7767991E-04
    24850.00  0.5652670E-04   0.2049683E-04   0.7702353E-04
    24950.00  0.5501137E-04   0.2046947E-04   0.7548084E-04
    25050.00  0.5484864E-04   0.2044190E-04   0.7529054E-04
    25150.00  0.5392580E-04   0.2041411E-04   0.7433991E-04
    25250.00  0.5238506E-04   0.2038611E-04   0.7277117E-04
    25350.00  0.5228178E-04   0.2035790E-04   0.7263968E-04
    25450.00  0.5159140E-04   0.2032949E-04   0.7192089E-04
    25550.00  0.5074243E-04   0.2030088E-04   0.7104331E-04
    25650.00  0.4922366E-04   0.2027208E-04   0.6949574E-04
    25750.00  0.4927027E-04   0.2024308E-04   0.6951335E-04
    25850.00  0.4862202E-04   0.2021389E-04   0.6883591E-04
    25950.00  0.4798745E-04   0.2018451E-04   0.6817196E-04
    26050.00  0.4722319E-04   0.2015495E-04   0.6737814E-04
    26150.00  0.4581093E-04   0.2012521E-04   0.6593614E-04
    26250.00  0.4479302E-04   0.2009530E-04   0.6488832E-04
    26350.00  0.4524156E-04   0.2006521E-04   0.6530677E-04
    26450.00  0.4457721E-04   0.2003495E-04   0.6461216E-04
    26550.00  0.4383559E-04   0.2000452E-04   0.6384011E-04
    26650.00  0.4309942E-04   0.1997394E-04   0.6307336E-04
    26750.00  0.4163949E-04   0.1994319E-04   0.6158268E-04
    26850.00  0.4187178E-04   0.1991229E-04   0.6178407E-04
    26950.00  0.4137025E-04   0.1988123E-04   0.6125148E-04
    27050.00  0.4078447E-04   0.1985002E-04   0.6063449E-04
    27150.00  0.4019402E-04   0.1981867E-04   0.6001269E-04
    27250.00  0.3960257E-04   0.1978718E-04   0.5938975E-04
    27350.00  0.3904386E-04   0.1975554E-04   0.5879940E-04
    27450.00  0.3847491E-04   0.1972377E-04   0.5819868E-04
    27550.00  0.3716828E-04   0.1969186E-04   0.5686014E-04
    27650.00  0.3718197E-04   0.1856613E-04   0.5574810E-04
    27750.00  0.3687938E-04   0.1853548E-04   0.5541486E-04
    27850.00  0.3651300E-04   0.1850473E-04   0.5501773E-04
    27950.00  0.3625346E-04   0.1847386E-04   0.5472732E-04
    28050.00  0.3598922E-04   0.1844290E-04   0.5443212E-04
    28150.00  0.3560474E-04   0.1841183E-04   0.5401657E-04
    28250.00  0.3511724E-04   0.1838067E-04   0.5349791E-04
    28350.00  0.3454869E-04   0.1834941E-04   0.5289810E-04
    28450.00  0.3393261E-04   0.1831806E-04   0.5225067E-04
    28550.00  0.3331625E-04   0.1828662E-04   0.5160287E-04
    28650.00  0.3266578E-04   0.1825508E-04   0.5092086E-04
    28750.00  0.3151728E-04   0.1822347E-04   0.4974075E-04
    28850.00  0.3179623E-04   0.1819177E-04   0.4998800E-04
    28950.00  0.3138107E-04   0.1815999E-04   0.4954106E-04
    29050.00  0.3095232E-04   0.1812814E-04   0.4908046E-04
    29150.00  0.3051316E-04   0.1809620E-04   0.4860936E-04
    29250.00  0.3009265E-04   0.1806420E-04   0.4815685E-04
    29350.00  0.2969679E-04   0.1803212E-04   0.4772891E-04
    29450.00  0.2929889E-04   0.1799998E-04   0.4729887E-04
    29550.00  0.2890837E-04   0.1796777E-04   0.4687614E-04
    29650.00  0.2851920E-04   0.1793550E-04   0.4645470E-04
    29750.00  0.2813727E-04   0.1789669E-04   0.4603396E-04
    29850.00  0.2776944E-04   0.1786431E-04   0.4563375E-04
    29950.00  0.2741056E-04   0.1783187E-04   0.4524243E-04
    30050.00  0.2706736E-04   0.1779938E-04   0.4486674E-04
    30150.00  0.2672444E-04   0.1776683E-04   0.4449127E-04
    30250.00  0.2637732E-04   0.1773424E-04   0.4411156E-04
    30350.00  0.2558680E-04   0.1770159E-04   0.4328839E-04
    30450.00  0.2585567E-04   0.1766890E-04   0.4352457E-04
    30550.00  0.2616417E-04   0.1763617E-04   0.4380034E-04
    30650.00  0.2657418E-04   0.1760339E-04   0.4417757E-04
    30750.00  0.2647413E-04   0.1757057E-04   0.4404470E-04
    30850.00  0.2620960E-04   0.1753772E-04   0.4374732E-04
    30950.00  0.2580354E-04   0.1750483E-04   0.4330837E-04
    31050.00  0.2522995E-04   0.1747191E-04   0.4270186E-04
    31150.00  0.2454893E-04   0.1743895E-04   0.4198788E-04
    31250.00  0.2389010E-04   0.1740596E-04   0.4129606E-04
    31350.00  0.2335055E-04   0.1736960E-04   0.4072015E-04
    31450.00  0.2291516E-04   0.1733657E-04   0.4025173E-04
    31550.00  0.2254381E-04   0.1730352E-04   0.3984733E-04
    31650.00  0.2220698E-04   0.1727044E-04   0.3947742E-04
    31750.00  0.2189771E-04   0.1723734E-04   0.3913505E-04
    31850.00  0.2161418E-04   0.1720423E-04   0.3881841E-04
    31950.00  0.2134034E-04   0.1717109E-04   0.3851143E-04
    32100.00  0.2094514E-04   0.1708803E-04   0.3803317E-04
    32300.00  0.2051733E-04   0.1702195E-04   0.3753928E-04
    32500.00  0.2031466E-04   0.1695582E-04   0.3727048E-04
    32700.00  0.1991681E-04   0.1688966E-04   0.3680647E-04
    32900.00  0.1916023E-04   0.1307086E-04   0.3223109E-04
    33100.00  0.1881118E-04   0.1300466E-04   0.3181584E-04
    33300.00  0.1824815E-04   0.1295332E-04   0.3120147E-04
    33500.00  0.1776729E-04   0.1290203E-04   0.3066932E-04
    33700.00  0.1735801E-04   0.1285079E-04   0.3020880E-04
    33900.00  0.1695851E-04   0.1279961E-04   0.2975812E-04
    34100.00  0.1657272E-04   0.1274849E-04   0.2932121E-04
    34300.00  0.1622873E-04   0.1269745E-04   0.2892618E-04
    34500.00  0.1586655E-04   0.1264649E-04   0.2851304E-04
    34700.00  0.1551680E-04   0.1259561E-04   0.2811241E-04
    34900.00  0.1516333E-04   0.1254482E-04   0.2770815E-04
    35100.00  0.1483669E-04   0.1249412E-04   0.2733081E-04
    35300.00  0.1452760E-04   0.1244352E-04   0.2697112E-04
    35500.00  0.1419964E-04   0.1239303E-04   0.2659267E-04
    35700.00  0.1386421E-04   0.1234264E-04   0.2620685E-04
    35900.00  0.1357852E-04   0.1229237E-04   0.2587089E-04
    36100.00  0.1323591E-04   0.1224222E-04   0.2547813E-04
    36300.00  0.1298276E-04   0.1219219E-04   0.2517495E-04
    36500.00  0.1265675E-04   0.1214229E-04   0.2479904E-04
    36700.00  0.1246060E-04   0.1209251E-04   0.2455311E-04
    36900.00  0.1214227E-04   0.1204288E-04   0.2418515E-04
    37100.00  0.1195787E-04   0.1199338E-04   0.2395125E-04
    37300.00  0.1165032E-04   0.1194402E-04   0.2359434E-04
    37500.00  0.1128479E-04   0.1189480E-04   0.2317959E-04
    37700.00  0.1122939E-04   0.1184574E-04   0.2307513E-04
    37900.00  0.1099843E-04   0.1179682E-04   0.2279525E-04
    38100.00  0.1074464E-04   0.1174806E-04   0.2249270E-04
    38300.00  0.1058010E-04   0.1169946E-04   0.2227956E-04
    38500.00  0.1039539E-04   0.1165102E-04   0.2204641E-04
    38700.00  0.1017498E-04   0.1126297E-04   0.2143795E-04
    38900.00  0.9947180E-05   0.1121634E-04   0.2116352E-04
    39100.00  0.9649334E-05   0.1116987E-04   0.2081920E-04
    39300.00  0.9545692E-05   0.1112356E-04   0.2066926E-04
    39500.00  0.9352851E-05   0.1107743E-04   0.2043028E-04
    39700.00  0.9181625E-05   0.1103147E-04   0.2021309E-04
    39900.00  0.9053980E-05   0.1098567E-04   0.2003965E-04
    40100.00  0.8951044E-05   0.1094005E-04   0.1989110E-04
    40300.00  0.8813753E-05   0.1089461E-04   0.1970836E-04
    40500.00  0.8599502E-05   0.1084934E-04   0.1944885E-04
    40700.00  0.8505892E-05   0.1080426E-04   0.1931015E-04
    40900.00  0.8273479E-05   0.1075935E-04   0.1903283E-04
    41100.00  0.8068167E-05   0.1071303E-04   0.1878120E-04
    41300.00  0.7893388E-05   0.1066849E-04   0.1856188E-04
    41500.00  0.7747735E-05   0.1062414E-04   0.1837187E-04
    41700.00  0.7517946E-05   0.1057997E-04   0.1809791E-04
    41900.00  0.7495967E-05   0.1053598E-04   0.1803195E-04
    42100.00  0.7366119E-05   0.1049219E-04   0.1785830E-04
    42300.00  0.7227360E-05   0.1044858E-04   0.1767594E-04
    42500.00  0.7146668E-05   0.1040516E-04   0.1755182E-04
    42700.00  0.7119693E-05   0.1036192E-04   0.1748162E-04
    42900.00  0.6971371E-05   0.1031888E-04   0.1729025E-04
    43100.00  0.6818206E-05   0.1027520E-04   0.1709341E-04
    43300.00  0.6654425E-05   0.1023254E-04   0.1688696E-04
    43500.00  0.6484220E-05   0.1019007E-04   0.1667429E-04
    43700.00  0.6256350E-05   0.1014779E-04   0.1640414E-04
    43900.00  0.6193599E-05   0.1009709E-04   0.1629069E-04
    44100.00  0.6087536E-05   0.1005527E-04   0.1614281E-04
    44300.00  0.5971830E-05   0.1001364E-04   0.1598547E-04
    44500.00  0.5861518E-05   0.9972205E-05   0.1583372E-04
    44700.00  0.5763280E-05   0.9640597E-05   0.1540388E-04
    44900.00  0.5658194E-05   0.8604928E-05   0.1426312E-04
    45100.00  0.5562789E-05   0.8569847E-05   0.1413264E-04
    45300.00  0.5470264E-05   0.8534932E-05   0.1400520E-04
    45500.00  0.5376148E-05   0.8500184E-05   0.1387633E-04
    45700.00  0.5287401E-05   0.8465604E-05   0.1375301E-04
    45900.00  0.5204523E-05   0.8431191E-05   0.1363571E-04
    46100.00  0.5136050E-05   0.8396945E-05   0.1353299E-04
    46300.00  0.5062461E-05   0.8362865E-05   0.1342533E-04
    46500.00  0.4894690E-05   0.8328953E-05   0.1322364E-04
    46700.00  0.4815252E-05   0.8295207E-05   0.1311046E-04
    46900.00  0.4832895E-05   0.8261627E-05   0.1309452E-04
    47100.00  0.4864230E-05   0.8228213E-05   0.1309244E-04
    47300.00  0.4884750E-05   0.8194966E-05   0.1307972E-04
    47500.00  0.4828630E-05   0.8161883E-05   0.1299051E-04
    47700.00  0.4728345E-05   0.8128966E-05   0.1285731E-04
    47900.00  0.4583731E-05   0.8096214E-05   0.1267995E-04
    48100.00  0.4427326E-05   0.8063627E-05   0.1249095E-04
    48300.00  0.4303424E-05   0.8031204E-05   0.1233463E-04
    48500.00  0.4209657E-05   0.7998945E-05   0.1220860E-04
    48700.00  0.4136273E-05   0.7966849E-05   0.1210312E-04
    48900.00  0.4069716E-05   0.7934916E-05   0.1200463E-04
    49100.00  0.4005608E-05   0.7903146E-05   0.1190875E-04
    49300.00  0.3942684E-05   0.7871538E-05   0.1181422E-04
    49500.00  0.3885337E-05   0.7840092E-05   0.1172543E-04
    49700.00  0.3826350E-05   0.7808807E-05   0.1163516E-04
    49900.00  0.3763058E-05   0.7777683E-05   0.1154074E-04
    50100.00  0.3708630E-05   0.7746720E-05   0.1145535E-04
    50300.00  0.3662406E-05   0.7715916E-05   0.1137832E-04
    50500.00  0.3617188E-05   0.7685271E-05   0.1130246E-04
    50700.00  0.3574571E-05   0.7654785E-05   0.1122936E-04
    50900.00  0.3534599E-05   0.7624457E-05   0.1115906E-04
    51100.00  0.3491418E-05   0.7594287E-05   0.1108570E-04
    51300.00  0.3396541E-05   0.7564273E-05   0.1096081E-04
    51500.00  0.3412368E-05   0.7409353E-05   0.1082172E-04
    51700.00  0.3375836E-05   0.7380199E-05   0.1075603E-04
    51900.00  0.3339450E-05   0.7351197E-05   0.1069065E-04
    52100.00  0.3303084E-05   0.7322347E-05   0.1062543E-04
    52300.00  0.3266103E-05   0.7293649E-05   0.1055975E-04
    52500.00  0.3228721E-05   0.7265101E-05   0.1049382E-04
    52700.00  0.3190825E-05   0.7236702E-05   0.1042753E-04
    52900.00  0.3153258E-05   0.7208454E-05   0.1036171E-04
    53100.00  0.3117406E-05   0.7180353E-05   0.1029776E-04
    53300.00  0.3082679E-05   0.7152401E-05   0.1023508E-04
    53500.00  0.3049209E-05   0.7124596E-05   0.1017381E-04
    53700.00  0.3016993E-05   0.7096938E-05   0.1011393E-04
    53900.00  0.2985560E-05   0.7069427E-05   0.1005499E-04
    54100.00  0.2956257E-05   0.7042060E-05   0.9998317E-05
    54300.00  0.2926734E-05   0.7014329E-05   0.9941063E-05
    54500.00  0.2909583E-05   0.6987245E-05   0.9896828E-05
    54700.00  0.2919282E-05   0.6960305E-05   0.9879587E-05
    54900.00  0.2906432E-05   0.6933507E-05   0.9839939E-05
    55100.00  0.2871430E-05   0.6906852E-05   0.9778282E-05
    55300.00  0.2856062E-05   0.6880339E-05   0.9736401E-05
    55500.00  0.2831630E-05   0.6853966E-05   0.9685596E-05
    55700.00  0.2798877E-05   0.6827733E-05   0.9626610E-05
    55900.00  0.2757608E-05   0.6801639E-05   0.9559247E-05
    56100.00  0.2711459E-05   0.6775685E-05   0.9487144E-05
    56300.00  0.2665334E-05   0.6749868E-05   0.9415202E-05
    56500.00  0.2625514E-05   0.6723979E-05   0.9349493E-05
    56700.00  0.2592597E-05   0.6698424E-05   0.9291021E-05
    56900.00  0.2566418E-05   0.6673005E-05   0.9239423E-05
    57100.00  0.2547366E-05   0.6647721E-05   0.9195087E-05
    57300.00  0.2525524E-05   0.6622573E-05   0.9148097E-05
    57500.00  0.2499940E-05   0.6594893E-05   0.9094833E-05
    57700.00  0.2474464E-05   0.6570039E-05   0.9044503E-05
    57900.00  0.2449254E-05   0.6545318E-05   0.8994572E-05
    58100.00  0.2423849E-05   0.6520729E-05   0.8944578E-05
    58300.00  0.2400625E-05   0.6496270E-05   0.8896895E-05
    58500.00  0.2383016E-05   0.5964731E-05   0.8347747E-05
    58700.00  0.2363875E-05   0.5941316E-05   0.8305191E-05
    58900.00  0.2341708E-05   0.5919397E-05   0.8261105E-05
    59100.00  0.2289869E-05   0.5897594E-05   0.8187463E-05
    59300.00  0.2302679E-05   0.5875906E-05   0.8178585E-05
    59500.00  0.2277816E-05   0.5854333E-05   0.8132149E-05
    59700.00  0.2253674E-05   0.5832875E-05   0.8086549E-05
    59900.00  0.2230559E-05   0.5811529E-05   0.8042088E-05
    60100.00  0.2207763E-05   0.5790297E-05   0.7998060E-05
    60300.00  0.2185733E-05   0.5769177E-05   0.7954910E-05
    60500.00  0.2164859E-05   0.5748168E-05   0.7913027E-05
    60700.00  0.2144687E-05   0.5727271E-05   0.7871958E-05
    60900.00  0.2125186E-05   0.5706483E-05   0.7831669E-05
    61100.00  0.2106928E-05   0.5685806E-05   0.7792734E-05
    61300.00  0.2088955E-05   0.5665237E-05   0.7754192E-05
    61500.00  0.2070872E-05   0.5644777E-05   0.7715649E-05
    61700.00  0.2053036E-05   0.5624425E-05   0.7677461E-05
    61900.00  0.2036051E-05   0.5604180E-05   0.7640231E-05
    62100.00  0.2019305E-05   0.5584041E-05   0.7603346E-05
    62300.00  0.2002488E-05   0.5564009E-05   0.7566497E-05
    62500.00  0.1985750E-05   0.5544082E-05   0.7529832E-05
    62700.00  0.1968930E-05   0.5524259E-05   0.7493189E-05
    62900.00  0.1952148E-05   0.5504541E-05   0.7456689E-05
    63100.00  0.1935375E-05   0.5484927E-05   0.7420302E-05
    63300.00  0.1918923E-05   0.5465415E-05   0.7384338E-05
    63500.00  0.1902423E-05   0.5446006E-05   0.7348429E-05
    63700.00  0.1886305E-05   0.5426698E-05   0.7313003E-05
    63900.00  0.1870553E-05   0.5407492E-05   0.7278045E-05
    64200.00  0.1847638E-05   0.5378870E-05   0.7226508E-05
    64600.00  0.1819168E-05   0.5341057E-05   0.7160225E-05
    65000.00  0.1792531E-05   0.5303637E-05   0.7096168E-05
    65400.00  0.1764368E-05   0.5266607E-05   0.7030975E-05
    65800.00  0.1734043E-05   0.5229961E-05   0.6964004E-05
    66200.00  0.1705758E-05   0.5141658E-05   0.6847416E-05
    66600.00  0.1679220E-05   0.5106183E-05   0.6785403E-05
    67000.00  0.1653289E-05   0.5071075E-05   0.6724364E-05
    67400.00  0.1627662E-05   0.5036329E-05   0.6663991E-05
    67800.00  0.1602574E-05   0.5001941E-05   0.6604515E-05
    68200.00  0.1580142E-05   0.4967906E-05   0.6548048E-05
    68600.00  0.1592054E-05   0.4934220E-05   0.6526274E-05
    69000.00  0.1629291E-05   0.4900879E-05   0.6530170E-05
    69400.00  0.1603354E-05   0.4867678E-05   0.6471032E-05
    69800.00  0.1548200E-05   0.4835009E-05   0.6383209E-05
    70200.00  0.1489300E-05   0.4802672E-05   0.6291972E-05
    70600.00  0.1449373E-05   0.4770664E-05   0.6220037E-05
    71000.00  0.1424199E-05   0.4738980E-05   0.6163179E-05
    71400.00  0.1406489E-05   0.4707617E-05   0.6114106E-05
    71800.00  0.1388713E-05   0.4676535E-05   0.6065248E-05
    72200.00  0.1367803E-05   0.4645799E-05   0.6013602E-05
    72600.00  0.1344930E-05   0.4615373E-05   0.5960303E-05
    73000.00  0.1323264E-05   0.4584296E-05   0.5907560E-05
    73400.00  0.1306460E-05   0.4554481E-05   0.5860941E-05
    73800.00  0.1301435E-05   0.4524963E-05   0.5826398E-05
    74200.00  0.1296485E-05   0.4272808E-05   0.5569293E-05
    74600.00  0.1273200E-05   0.4245570E-05   0.5518770E-05
    75000.00  0.1247980E-05   0.4218601E-05   0.5466581E-05
    75400.00  0.1227849E-05   0.4191897E-05   0.5419746E-05
    75800.00  0.1202547E-05   0.4165455E-05   0.5368002E-05
    76200.00  0.1182384E-05   0.4139273E-05   0.5321657E-05
    76600.00  0.1165252E-05   0.4113347E-05   0.5278599E-05
    77000.00  0.1148907E-05   0.4087673E-05   0.5236580E-05
    77400.00  0.1133031E-05   0.4062249E-05   0.5195280E-05
    77800.00  0.1117672E-05   0.4037072E-05   0.5154744E-05
    78200.00  0.1103104E-05   0.4012139E-05   0.5115243E-05
    78600.00  0.1087830E-05   0.3987446E-05   0.5075276E-05
    79000.00  0.1072760E-05   0.3962992E-05   0.5035752E-05
    79400.00  0.1058636E-05   0.3938772E-05   0.4997408E-05
    79800.00  0.1045773E-05   0.3914784E-05   0.4960557E-05
    80200.00  0.1032430E-05   0.3891026E-05   0.4923456E-05
    80600.00  0.1018197E-05   0.3867495E-05   0.4885692E-05
    81000.00  0.1003712E-05   0.3844187E-05   0.4847899E-05
    81400.00  0.9908322E-06   0.3821100E-05   0.4811932E-05
    81800.00  0.9776408E-06   0.3798232E-05   0.4775873E-05
    82200.00  0.9638272E-06   0.3775580E-05   0.4739407E-05
    82600.00  0.9501804E-06   0.3729183E-05   0.4679364E-05
    83000.00  0.9368170E-06   0.3707124E-05   0.4643941E-05
    83400.00  0.9240668E-06   0.3685271E-05   0.4609338E-05
    83800.00  0.9114980E-06   0.3663623E-05   0.4575121E-05
    84200.00  0.8990424E-06   0.3642176E-05   0.4541218E-05
    84600.00  0.8867341E-06   0.3620928E-05   0.4507662E-05
    85000.00  0.8750715E-06   0.3599877E-05   0.4474949E-05
    85400.00  0.8711414E-06   0.3579021E-05   0.4450162E-05
    85800.00  0.8611010E-06   0.3558356E-05   0.4419457E-05
    86200.00  0.8472287E-06   0.3537816E-05   0.4385045E-05
    86600.00  0.8338226E-06   0.3517529E-05   0.4351351E-05
    87000.00  0.8203762E-06   0.3497427E-05   0.4317803E-05
    87400.00  0.8072794E-06   0.3477508E-05   0.4284787E-05
    87800.00  0.7959850E-06   0.3457770E-05   0.4253755E-05
    88200.00  0.7845320E-06   0.3438212E-05   0.4222744E-05
    88600.00  0.7732056E-06   0.3418830E-05   0.4192036E-05
    89000.00  0.7623022E-06   0.3399589E-05   0.4161891E-05
    89400.00  0.7515855E-06   0.3380555E-05   0.4132141E-05
    89800.00  0.7413243E-06   0.3361693E-05   0.4103017E-05
    90200.00  0.7321627E-06   0.3342608E-05   0.4074771E-05
    90600.00  0.7227358E-06   0.3324086E-05   0.4046821E-05
    91000.00  0.7123877E-06   0.3305728E-05   0.4018116E-05
    91400.00  0.7016555E-06   0.3180340E-05   0.3881995E-05
    91800.00  0.6913402E-06   0.3162798E-05   0.3854138E-05
    92200.00  0.6811994E-06   0.3145625E-05   0.3826825E-05
    92600.00  0.6712291E-06   0.3128603E-05   0.3799832E-05
    93000.00  0.6613460E-06   0.3111730E-05   0.3773076E-05
    93400.00  0.6512859E-06   0.3095004E-05   0.3746290E-05
    93800.00  0.6414427E-06   0.3078424E-05   0.3719867E-05
    94200.00  0.6318233E-06   0.3061988E-05   0.3693811E-05
    94600.00  0.6221149E-06   0.3045694E-05   0.3667809E-05
    95000.00  0.6127015E-06   0.3029540E-05   0.3642242E-05
    95400.00  0.6042385E-06   0.3013526E-05   0.3617764E-05
    95800.00  0.5990180E-06   0.2997649E-05   0.3596667E-05
    96200.00  0.6028142E-06   0.2981908E-05   0.3584722E-05
    96600.00  0.5980856E-06   0.2966301E-05   0.3564387E-05
    97000.00  0.5873966E-06   0.2950828E-05   0.3538224E-05
    97400.00  0.5734558E-06   0.2935485E-05   0.3508941E-05
    97800.00  0.5579519E-06   0.2920273E-05   0.3478225E-05
    98200.00  0.5439023E-06   0.2905189E-05   0.3449091E-05
    98600.00  0.5325507E-06   0.2890232E-05   0.3422783E-05
    99000.00  0.5229190E-06   0.2875401E-05   0.3398320E-05
    99400.00  0.5139838E-06   0.2860694E-05   0.3374677E-05
    99800.00  0.5052745E-06   0.2846109E-05   0.3351384E-05
   100200.00  0.4966745E-06   0.8411424E-06   0.1337817E-05
   200000.00  0.2718919E-07   0.2111276E-06   0.2383168E-06
   400000.00  0.2248280E-08   0.5278189E-07   0.5503017E-07
   600000.00  0.3145600E-09   0.2345862E-07   0.2377318E-07
   800000.00  0.1358832E-09   0.1319547E-07   0.1333136E-07
  1000000.00  0.5996357E-10   0.8445103E-08   0.8505066E-08
  1200000.00  0.5019200E-10   0.5864655E-08   0.5914847E-08
  1400000.00  0.4309462E-10   0.4308726E-08   0.4351821E-08
  1600000.00  0.3589659E-10   0.3298868E-08   0.3334765E-08
