       91.00  0.1857596E-30   0.0000000E+00   0.1857596E-30
       94.00  0.1857596E-30   0.0000000E+00   0.1857596E-30
       96.00  0.1857596E-30   0.0000000E+00   0.1857596E-30
       98.00  0.1857596E-30   0.0000000E+00   0.1857596E-30
      100.00  0.1857596E-30   0.0000000E+00   0.1857596E-30
      102.00  0.1857596E-30   0.0000000E+00   0.1857596E-30
      104.00  0.1857596E-30   0.0000000E+00   0.1857596E-30
      106.00  0.1857596E-30   0.0000000E+00   0.1857596E-30
      108.00  0.1857596E-30   0.0000000E+00   0.1857596E-30
      110.00  0.1857596E-30   0.0000000E+00   0.1857596E-30
      114.00  0.1857596E-30   0.0000000E+00   0.1857596E-30
      118.00  0.1857596E-30   0.0000000E+00   0.1857596E-30
      121.00  0.1857596E-30   0.0000000E+00   0.1857596E-30
      125.00  0.1857596E-30   0.0000000E+00   0.1857596E-30
      127.00  0.1857596E-30   0.0000000E+00   0.1857596E-30
      128.00  0.1857596E-30   0.0000000E+00   0.1857596E-30
      131.00  0.1857596E-30   0.0000000E+00   0.1857596E-30
      132.00  0.1857596E-30   0.0000000E+00   0.1857596E-30
      134.00  0.1857596E-30   0.0000000E+00   0.1857596E-30
      137.00  0.1857596E-30   0.0000000E+00   0.1857596E-30
      140.00  0.1857596E-30   0.0000000E+00   0.1857596E-30
      143.00  0.1857596E-30   0.0000000E+00   0.1857596E-30
      147.00  0.1857596E-30   0.0000000E+00   0.1857596E-30
      151.00  0.1857596E-30   0.0000000E+00   0.1857596E-30
      155.00  0.1857596E-30   0.0000000E+00   0.1857596E-30
      159.00  0.1857596E-30   0.0000000E+00   0.1857596E-30
      162.00  0.1857596E-30   0.0000000E+00   0.1857596E-30
      166.00  0.1857596E-30   0.0000000E+00   0.1857596E-30
      170.00  0.1857596E-30   0.0000000E+00   0.1857596E-30
      173.00  0.1857596E-30   0.0000000E+00   0.1857596E-30
      177.00  0.1857596E-30   0.0000000E+00   0.1857596E-30
      180.00  0.1857596E-30   0.0000000E+00   0.1857596E-30
      182.00  0.1857596E-30   0.0000000E+00   0.1857596E-30
      186.00  0.1857596E-30   0.0000000E+00   0.1857596E-30
      191.00  0.1857596E-30   0.0000000E+00   0.1857596E-30
      194.00  0.1857596E-30   0.0000000E+00   0.1857596E-30
      198.00  0.1857596E-30   0.0000000E+00   0.1857596E-30
      202.00  0.1857596E-30   0.0000000E+00   0.1857596E-30
      205.00  0.1857596E-30   0.0000000E+00   0.1857596E-30
      210.00  0.1857596E-30   0.0000000E+00   0.1857596E-30
      216.00  0.1857596E-30   0.0000000E+00   0.1857596E-30
      220.00  0.1857596E-30   0.0000000E+00   0.1857596E-30
      223.00  0.1857596E-30   0.0000000E+00   0.1857596E-30
      227.00  0.1857596E-30   0.0000000E+00   0.1857596E-30
      228.00  0.1857596E-30   0.0000000E+00   0.1857596E-30
      228.00  0.4595280E-19   0.0000000E+00   0.4595280E-19
      230.00  0.1640705E-18   0.0000000E+00   0.1640705E-18
      234.00  0.4003059E-18   0.0000000E+00   0.4003059E-18
      240.00  0.1101574E-17   0.0000000E+00   0.1101574E-17
      246.00  0.3101488E-17   0.0000000E+00   0.3101488E-17
      252.00  0.7593043E-17   0.0000000E+00   0.7593043E-17
      257.00  0.1397409E-16   0.0000000E+00   0.1397409E-16
      260.00  0.2264322E-16   0.0000000E+00   0.2264322E-16
      264.00  0.3924959E-16   0.0000000E+00   0.3924959E-16
      269.00  0.7091818E-16   0.0000000E+00   0.7091818E-16
      274.00  0.1342293E-15   0.0000000E+00   0.1342293E-15
      279.00  0.2503688E-15   0.0000000E+00   0.2503688E-15
      284.00  0.4879890E-15   0.0000000E+00   0.4879890E-15
      290.00  0.9710905E-15   0.0000000E+00   0.9710905E-15
      296.00  0.1872662E-14   0.0000000E+00   0.1872662E-14
      301.00  0.3189485E-14   0.0000000E+00   0.3189485E-14
      308.00  0.6435422E-14   0.0000000E+00   0.6435422E-14
      318.00  0.1736819E-13   0.0000000E+00   0.1736819E-13
      328.00  0.4290794E-13   0.0000000E+00   0.4290794E-13
      338.00  0.1025786E-12   0.0000000E+00   0.1025786E-12
      348.00  0.2317411E-12   0.0000000E+00   0.2317411E-12
      353.30  0.3283724E-12   0.0000000E+00   0.3283724E-12
      353.30  0.2910779E-12   0.0000000E+00   0.2910779E-12
      357.00  0.4792837E-12   0.0000000E+00   0.4792837E-12
      366.00  0.9370800E-12   0.0000000E+00   0.9370800E-12
      375.00  0.1743700E-11   0.0000000E+00   0.1743700E-11
      385.00  0.3398093E-11   0.0000000E+00   0.3398093E-11
      395.00  0.6386819E-11   0.0000000E+00   0.6386819E-11
      405.00  0.1162166E-10   0.0000000E+00   0.1162166E-10
      414.00  0.1956121E-10   0.0000000E+00   0.1956121E-10
      422.00  0.3028372E-10   0.0000000E+00   0.3028372E-10
      430.00  0.4614808E-10   0.0000000E+00   0.4614808E-10
      441.00  0.8123904E-10   0.0000000E+00   0.8123904E-10
      451.00  0.1321272E-09   0.0000000E+00   0.1321272E-09
      460.00  0.2004414E-09   0.0000000E+00   0.2004414E-09
      470.00  0.3137974E-09   0.0000000E+00   0.3137974E-09
      480.00  0.4812492E-09   0.0000000E+00   0.4812492E-09
      490.00  0.7277843E-09   0.0000000E+00   0.7277843E-09
      500.00  0.1078371E-08   0.0000000E+00   0.1078371E-08
      504.60  0.1247740E-08   0.0000000E+00   0.1247740E-08
      504.60  0.1706298E-06   0.0000000E+00   0.1706298E-06
      506.00  0.6013772E-07   0.0000000E+00   0.6013772E-07
      512.00  0.2811218E-06   0.0000000E+00   0.2811218E-06
      520.00  0.3531693E-06   0.0000000E+00   0.3531693E-06
      530.00  0.4976093E-06   0.0000000E+00   0.4976093E-06
      540.00  0.5581963E-06   0.0000000E+00   0.5581963E-06
      550.00  0.8581949E-06   0.0000000E+00   0.8581949E-06
      560.00  0.1048878E-05   0.0000000E+00   0.1048878E-05
      570.00  0.1356279E-05   0.0000000E+00   0.1356279E-05
      580.00  0.1358468E-05   0.0000000E+00   0.1358468E-05
      590.00  0.1886108E-05   0.0000000E+00   0.1886108E-05
      600.00  0.2392766E-05   0.0000000E+00   0.2392766E-05
      610.00  0.2968560E-05   0.0000000E+00   0.2968560E-05
      620.00  0.3465578E-05   0.0000000E+00   0.3465578E-05
      630.00  0.4130096E-05   0.0000000E+00   0.4130096E-05
      640.00  0.4606614E-05   0.0000000E+00   0.4606614E-05
      650.00  0.5528274E-05   0.0000000E+00   0.5528274E-05
      658.00  0.6398592E-05   0.0000000E+00   0.6398592E-05
      665.00  0.6964818E-05   0.0000000E+00   0.6964818E-05
      675.00  0.7711661E-05   0.0000000E+00   0.7711661E-05
      685.00  0.8773299E-05   0.0000000E+00   0.8773299E-05
      695.00  0.1058360E-04   0.0000000E+00   0.1058360E-04
      705.00  0.1178373E-04   0.0000000E+00   0.1178373E-04
      716.00  0.1358184E-04   0.0000000E+00   0.1358184E-04
      726.00  0.1507411E-04   0.0000000E+00   0.1507411E-04
      735.00  0.1656210E-04   0.0000000E+00   0.1656210E-04
      745.00  0.1907912E-04   0.0000000E+00   0.1907912E-04
      755.00  0.2140430E-04   0.0000000E+00   0.2140430E-04
      765.00  0.2384480E-04   0.0000000E+00   0.2384480E-04
      775.00  0.2664415E-04   0.0000000E+00   0.2664415E-04
      785.00  0.2950471E-04   0.0000000E+00   0.2950471E-04
      795.00  0.3203853E-04   0.0000000E+00   0.3203853E-04
      805.00  0.3498102E-04   0.0000000E+00   0.3498102E-04
      815.00  0.3775041E-04   0.0000000E+00   0.3775041E-04
      825.00  0.4196401E-04   0.0000000E+00   0.4196401E-04
      835.00  0.4294464E-04   0.0000000E+00   0.4294464E-04
      845.00  0.4816100E-04   0.0000000E+00   0.4816100E-04
      855.00  0.5197398E-04   0.0000000E+00   0.5197398E-04
      865.00  0.5672769E-04   0.0000000E+00   0.5672769E-04
      875.00  0.6206358E-04   0.0000000E+00   0.6206358E-04
      885.00  0.6790834E-04   0.0000000E+00   0.6790834E-04
      895.00  0.7295203E-04   0.0000000E+00   0.7295203E-04
      905.00  0.7540436E-04   0.0000000E+00   0.7540436E-04
      912.40  0.7555076E-04   0.1232391E-09   0.7555089E-04
      912.40  0.4578814E-03   0.1232415E-09   0.4578815E-03
      915.00  0.1293317E-03   0.1353619E-09   0.1293318E-03
      925.00  0.7864311E-03   0.1637760E-09   0.7864313E-03
      935.00  0.2743325E-02   0.1973019E-09   0.2743325E-02
      945.00  0.8725324E-02   0.2367012E-09   0.8725324E-02
      955.00  0.1468738E-01   0.2828235E-09   0.1468738E-01
      965.00  0.1859729E-01   0.3366139E-09   0.1859729E-01
      975.00  0.2928574E-02   0.3991200E-09   0.2928574E-02
      985.00  0.2019939E-01   0.4714991E-09   0.2019939E-01
      995.00  0.1966771E-01   0.5550257E-09   0.1966771E-01
     1005.00  0.2526080E-01   0.6510995E-09   0.2526080E-01
     1015.00  0.2218403E-01   0.7612525E-09   0.2218403E-01
     1025.00  0.5806579E-02   0.8871574E-09   0.5806580E-02
     1035.00  0.1521933E-01   0.1030635E-08   0.1521933E-01
     1045.00  0.2911137E-01   0.1193676E-08   0.2911137E-01
     1055.00  0.2818705E-01   0.1378413E-08   0.2818705E-01
     1065.00  0.2349717E-01   0.1587158E-08   0.2349717E-01
     1075.00  0.2709689E-01   0.1822401E-08   0.2709689E-01
     1085.00  0.2189963E-01   0.2086822E-08   0.2189963E-01
     1095.00  0.2729439E-01   0.2383293E-08   0.2729439E-01
     1105.00  0.2517117E-01   0.2714891E-08   0.2517117E-01
     1115.00  0.2428030E-01   0.3084896E-08   0.2428030E-01
     1125.00  0.2198635E-01   0.3496801E-08   0.2198635E-01
     1135.00  0.2607392E-01   0.3954331E-08   0.2607392E-01
     1145.00  0.2355520E-01   0.4461430E-08   0.2355520E-01
     1155.00  0.2445615E-01   0.5022281E-08   0.2445616E-01
     1165.00  0.2516951E-01   0.5641301E-08   0.2516952E-01
     1175.00  0.1900384E-01   0.6323153E-08   0.1900385E-01
     1185.00  0.2455384E-01   0.7072750E-08   0.2455385E-01
     1195.00  0.1876400E-01   0.7895256E-08   0.1876401E-01
     1205.00  0.1303575E-01   0.8796092E-08   0.1303576E-01
     1215.00  0.5428879E-02   0.9780939E-08   0.5428889E-02
     1225.00  0.1581569E-01   0.2941871E-06   0.1581598E-01
     1235.00  0.2234178E-01   0.5524039E-06   0.2234233E-01
     1245.00  0.2366402E-01   0.7721048E-06   0.2366479E-01
     1255.00  0.2270484E-01   0.9599817E-06   0.2270580E-01
     1265.00  0.2024927E-01   0.1120997E-05   0.2025039E-01
     1275.00  0.2333980E-01   0.1259077E-05   0.2334106E-01
     1285.00  0.2345406E-01   0.1377428E-05   0.2345544E-01
     1295.00  0.1943587E-01   0.1478720E-05   0.1943735E-01
     1305.00  0.1956404E-01   0.1565205E-05   0.1956561E-01
     1315.00  0.2250386E-01   0.1638803E-05   0.2250550E-01
     1325.00  0.2124463E-01   0.1701160E-05   0.2124633E-01
     1335.00  0.1922964E-01   0.1753697E-05   0.1923139E-01
     1345.00  0.2131636E-01   0.1797646E-05   0.2131816E-01
     1355.00  0.2072886E-01   0.1834079E-05   0.2073069E-01
     1365.00  0.1906494E-01   0.1863932E-05   0.1906680E-01
     1375.00  0.1921290E-01   0.1888026E-05   0.1921479E-01
     1385.00  0.1939757E-01   0.1907082E-05   0.1939948E-01
     1395.00  0.1723708E-01   0.1921735E-05   0.1723900E-01
     1405.00  0.1791901E-01   0.1932546E-05   0.1792094E-01
     1415.00  0.1790856E-01   0.1940011E-05   0.1791050E-01
     1425.00  0.1790901E-01   0.1944570E-05   0.1791095E-01
     1435.00  0.1784142E-01   0.1946612E-05   0.1784337E-01
     1442.00  0.1827312E-01   0.1946732E-05   0.1827507E-01
     1447.00  0.1810054E-01   0.1946228E-05   0.1810249E-01
     1455.00  0.1768608E-01   0.1944500E-05   0.1768802E-01
     1465.00  0.1660775E-01   0.1940932E-05   0.1660969E-01
     1475.00  0.1643790E-01   0.1936028E-05   0.1643984E-01
     1485.00  0.1619616E-01   0.1930010E-05   0.1619809E-01
     1495.00  0.1613104E-01   0.1923075E-05   0.1613296E-01
     1505.00  0.1524464E-01   0.1915404E-05   0.1524656E-01
     1512.00  0.1380816E-01   0.1909681E-05   0.1381007E-01
     1517.00  0.1437614E-01   0.1905449E-05   0.1437805E-01
     1525.00  0.1436112E-01   0.1898474E-05   0.1436302E-01
     1535.00  0.1290627E-01   0.1889492E-05   0.1290816E-01
     1545.00  0.1348012E-01   0.1880325E-05   0.1348200E-01
     1555.00  0.1276228E-01   0.1871070E-05   0.1276415E-01
     1565.00  0.1298724E-01   0.1861832E-05   0.1298910E-01
     1575.00  0.1352529E-01   0.1852699E-05   0.1352714E-01
     1585.00  0.1360552E-01   0.1843752E-05   0.1360736E-01
     1595.00  0.1375251E-01   0.1835064E-05   0.1375435E-01
     1605.00  0.1343970E-01   0.1826700E-05   0.1344153E-01
     1615.00  0.1335280E-01   0.1818722E-05   0.1335462E-01
     1625.00  0.1283500E-01   0.1811185E-05   0.1283681E-01
     1635.00  0.1328512E-01   0.1804139E-05   0.1328692E-01
     1645.00  0.1318102E-01   0.1797631E-05   0.1318282E-01
     1655.00  0.1249657E-01   0.1791705E-05   0.1249836E-01
     1665.00  0.1321524E-01   0.1786401E-05   0.1321703E-01
     1672.00  0.1248776E-01   0.1783078E-05   0.1248954E-01
     1677.00  0.1296288E-01   0.1780908E-05   0.1296466E-01
     1685.00  0.1311283E-01   0.1777802E-05   0.1311461E-01
     1695.00  0.1250188E-01   0.1774572E-05   0.1250365E-01
     1705.00  0.1198254E-01   0.1772096E-05   0.1198431E-01
     1715.00  0.1142789E-01   0.1770399E-05   0.1142966E-01
     1725.00  0.1128279E-01   0.1769508E-05   0.1128456E-01
     1735.00  0.1170555E-01   0.1769446E-05   0.1170732E-01
     1745.00  0.1130192E-01   0.1770236E-05   0.1130369E-01
     1755.00  0.1167870E-01   0.1771897E-05   0.1168047E-01
     1765.00  0.1090611E-01   0.1774450E-05   0.1090788E-01
     1775.00  0.1096918E-01   0.1777913E-05   0.1097096E-01
     1785.00  0.1100582E-01   0.1782302E-05   0.1100760E-01
     1795.00  0.1132195E-01   0.1787636E-05   0.1132374E-01
     1805.00  0.1125014E-01   0.1793929E-05   0.1125193E-01
     1815.00  0.1042193E-01   0.1801195E-05   0.1042373E-01
     1825.00  0.1065139E-01   0.1809447E-05   0.1065320E-01
     1835.00  0.1025898E-01   0.1818700E-05   0.1026080E-01
     1845.00  0.9522906E-02   0.1828964E-05   0.9524735E-02
     1855.00  0.9362260E-02   0.1840251E-05   0.9364100E-02
     1865.00  0.9492643E-02   0.1852573E-05   0.9494496E-02
     1875.00  0.1003358E-01   0.1865939E-05   0.1003545E-01
     1885.00  0.9179027E-02   0.1880360E-05   0.9180907E-02
     1895.00  0.8671435E-02   0.1895845E-05   0.8673331E-02
     1905.00  0.9224466E-02   0.1912403E-05   0.9226378E-02
     1915.00  0.8769827E-02   0.1930041E-05   0.8771757E-02
     1925.00  0.8535959E-02   0.1948769E-05   0.8537908E-02
     1935.00  0.8808014E-02   0.1968594E-05   0.8809983E-02
     1945.00  0.8986383E-02   0.1989491E-05   0.8988372E-02
     1955.00  0.8356926E-02   0.2011450E-05   0.8358937E-02
     1967.00  0.8876042E-02   0.2039257E-05   0.8878081E-02
     1976.00  0.9108549E-02   0.2061162E-05   0.9110610E-02
     1984.00  0.8567331E-02   0.2081389E-05   0.8569412E-02
     1995.00  0.8337195E-02   0.2110371E-05   0.8339305E-02
     2005.00  0.8503606E-02   0.2137897E-05   0.8505744E-02
     2015.00  0.8314918E-02   0.2166549E-05   0.8317085E-02
     2025.00  0.8600837E-02   0.2196331E-05   0.8603033E-02
     2035.00  0.8066476E-02   0.2227371E-05   0.8068703E-02
     2045.00  0.8151214E-02   0.2259609E-05   0.8153474E-02
     2055.00  0.7884668E-02   0.9797744E-06   0.7885648E-02
     2065.00  0.7943455E-02   0.9711329E-06   0.7944426E-02
     2074.00  0.8225680E-02   0.9635704E-06   0.8226644E-02
     2078.00  0.7746861E-02   0.9602742E-06   0.7747821E-02
     2085.00  0.7955634E-02   0.9546011E-06   0.7956589E-02
     2095.00  0.7573335E-02   0.9467059E-06   0.7574282E-02
     2105.00  0.7709258E-02   0.9390545E-06   0.7710197E-02
     2115.00  0.7671458E-02   0.9316444E-06   0.7672390E-02
     2125.00  0.7757044E-02   0.9244732E-06   0.7757968E-02
     2135.00  0.7475578E-02   0.9175382E-06   0.7476496E-02
     2145.00  0.7315517E-02   0.9108371E-06   0.7316428E-02
     2155.00  0.7501816E-02   0.9043673E-06   0.7502720E-02
     2165.00  0.7344451E-02   0.8981264E-06   0.7345349E-02
     2175.00  0.7248962E-02   0.8921123E-06   0.7249854E-02
     2185.00  0.7100056E-02   0.8863232E-06   0.7100942E-02
     2195.00  0.7232592E-02   0.8807555E-06   0.7233473E-02
     2205.00  0.7054567E-02   0.8754069E-06   0.7055442E-02
     2215.00  0.6876765E-02   0.8702749E-06   0.6877635E-02
     2225.00  0.6662354E-02   0.8653569E-06   0.6663219E-02
     2235.00  0.6818449E-02   0.8606506E-06   0.6819310E-02
     2245.00  0.6686873E-02   0.8561536E-06   0.6687729E-02
     2255.00  0.6493086E-02   0.8518634E-06   0.6493938E-02
     2265.00  0.6551759E-02   0.8477776E-06   0.6552607E-02
     2275.00  0.6553513E-02   0.8438940E-06   0.6554357E-02
     2285.00  0.6577642E-02   0.8402045E-06   0.6578482E-02
     2295.00  0.6314528E-02   0.8367062E-06   0.6315365E-02
     2305.00  0.6299442E-02   0.8334021E-06   0.6300275E-02
     2315.00  0.6116943E-02   0.8302898E-06   0.6117773E-02
     2325.00  0.5179055E-02   0.8273671E-06   0.5179882E-02
     2335.00  0.5832013E-02   0.8246316E-06   0.5832838E-02
     2345.00  0.5704792E-02   0.8220811E-06   0.5705614E-02
     2355.00  0.5831556E-02   0.8197134E-06   0.5832376E-02
     2365.00  0.5614448E-02   0.8175261E-06   0.5615266E-02
     2375.00  0.5640992E-02   0.8155170E-06   0.5641808E-02
     2385.00  0.5441792E-02   0.8136841E-06   0.5442606E-02
     2395.00  0.5570698E-02   0.8120249E-06   0.5571510E-02
     2405.00  0.5394955E-02   0.8105378E-06   0.5395766E-02
     2415.00  0.5394384E-02   0.8092206E-06   0.5395193E-02
     2425.00  0.5461608E-02   0.8080710E-06   0.5462416E-02
     2435.00  0.5264948E-02   0.8070867E-06   0.5265755E-02
     2445.00  0.5360038E-02   0.8062658E-06   0.5360844E-02
     2455.00  0.5308043E-02   0.8056062E-06   0.5308849E-02
     2465.00  0.5211477E-02   0.8051057E-06   0.5212282E-02
     2475.00  0.5114250E-02   0.8047624E-06   0.5115055E-02
     2485.00  0.5184259E-02   0.8045743E-06   0.5185064E-02
     2495.00  0.4992298E-02   0.8045394E-06   0.4993103E-02
     2505.00  0.5145958E-02   0.8046557E-06   0.5146763E-02
     2513.00  0.4895526E-02   0.8048563E-06   0.4896331E-02
     2518.00  0.5013606E-02   0.8050297E-06   0.5014411E-02
     2525.00  0.4849407E-02   0.8053341E-06   0.4850212E-02
     2535.00  0.4790336E-02   0.8058923E-06   0.4791142E-02
     2545.00  0.4717622E-02   0.8065937E-06   0.4718429E-02
     2555.00  0.4823618E-02   0.8074367E-06   0.4824425E-02
     2565.00  0.4753265E-02   0.8084194E-06   0.4754073E-02
     2575.00  0.4824254E-02   0.8095399E-06   0.4825064E-02
     2585.00  0.4794802E-02   0.8107964E-06   0.4795613E-02
     2595.00  0.4742243E-02   0.8121871E-06   0.4743055E-02
     2605.00  0.4632878E-02   0.7739501E-06   0.4633652E-02
     2615.00  0.4592088E-02   0.7751213E-06   0.4592863E-02
     2625.00  0.4588838E-02   0.7764223E-06   0.4589614E-02
     2635.00  0.4567860E-02   0.7778514E-06   0.4568638E-02
     2645.00  0.4689465E-02   0.7794069E-06   0.4690244E-02
     2655.00  0.4649290E-02   0.7810872E-06   0.4650071E-02
     2665.00  0.4498752E-02   0.7828908E-06   0.4499535E-02
     2675.00  0.4536722E-02   0.7848159E-06   0.4537507E-02
     2685.00  0.4501193E-02   0.7868610E-06   0.4501980E-02
     2695.00  0.4391555E-02   0.7890245E-06   0.4392344E-02
     2705.00  0.4389278E-02   0.7913049E-06   0.4390069E-02
     2715.00  0.4298803E-02   0.7937007E-06   0.4299597E-02
     2725.00  0.4247182E-02   0.7962102E-06   0.4247978E-02
     2735.00  0.4303826E-02   0.7988320E-06   0.4304625E-02
     2745.00  0.4072203E-02   0.8015646E-06   0.4073005E-02
     2755.00  0.4060972E-02   0.8044065E-06   0.4061776E-02
     2765.00  0.4082690E-02   0.8073562E-06   0.4083497E-02
     2775.00  0.4140801E-02   0.8104122E-06   0.4141611E-02
     2785.00  0.4079238E-02   0.8135731E-06   0.4080052E-02
     2795.00  0.3763412E-02   0.8168374E-06   0.3764229E-02
     2805.00  0.3873400E-02   0.8202037E-06   0.3874220E-02
     2815.00  0.4026500E-02   0.8236707E-06   0.4027324E-02
     2825.00  0.3982027E-02   0.8272368E-06   0.3982854E-02
     2835.00  0.3856278E-02   0.8309008E-06   0.3857109E-02
     2845.00  0.3838165E-02   0.8346612E-06   0.3839000E-02
     2855.00  0.3814971E-02   0.8385067E-06   0.3815810E-02
     2865.00  0.3855989E-02   0.8424351E-06   0.3856831E-02
     2875.00  0.3795160E-02   0.8464547E-06   0.3796006E-02
     2885.00  0.3780592E-02   0.8505641E-06   0.3781443E-02
     2895.00  0.3739429E-02   0.8547621E-06   0.3740284E-02
     2910.00  0.3751022E-02   0.8612221E-06   0.3751883E-02
     2930.00  0.3655422E-02   0.8701327E-06   0.3656292E-02
     2950.00  0.3578671E-02   0.8793740E-06   0.3579550E-02
     2970.00  0.3549842E-02   0.8889355E-06   0.3550731E-02
     2990.00  0.3490444E-02   0.8988075E-06   0.3491343E-02
     3010.00  0.3453104E-02   0.9089799E-06   0.3454013E-02
     3030.00  0.3410157E-02   0.9194434E-06   0.3411076E-02
     3050.00  0.3351382E-02   0.9301853E-06   0.3352312E-02
     3070.00  0.3294447E-02   0.9411952E-06   0.3295388E-02
     3090.00  0.3247969E-02   0.9524667E-06   0.3248921E-02
     3110.00  0.3190156E-02   0.9639909E-06   0.3191120E-02
     3130.00  0.3138795E-02   0.9636490E-06   0.3139759E-02
     3150.00  0.3098734E-02   0.9754300E-06   0.3099709E-02
     3170.00  0.3047912E-02   0.9874395E-06   0.3048899E-02
     3190.00  0.2962684E-02   0.9996692E-06   0.2963684E-02
     3210.00  0.2954092E-02   0.1012111E-05   0.2955104E-02
     3230.00  0.2900980E-02   0.1024757E-05   0.2902005E-02
     3250.00  0.2868755E-02   0.1037599E-05   0.2869793E-02
     3270.00  0.2836895E-02   0.1050619E-05   0.2837946E-02
     3290.00  0.2795770E-02   0.1063810E-05   0.2796834E-02
     3310.00  0.2761290E-02   0.1077171E-05   0.2762367E-02
     3330.00  0.2714992E-02   0.1090695E-05   0.2716083E-02
     3350.00  0.2666158E-02   0.1104375E-05   0.2667262E-02
     3370.00  0.2625385E-02   0.1118204E-05   0.2626503E-02
     3390.00  0.2588860E-02   0.1132174E-05   0.2589992E-02
     3410.00  0.2560526E-02   0.1146279E-05   0.2561672E-02
     3430.00  0.2504916E-02   0.1084777E-05   0.2506001E-02
     3450.00  0.2473970E-02   0.1097764E-05   0.2475068E-02
     3470.00  0.2450192E-02   0.1110865E-05   0.2451303E-02
     3490.00  0.2420266E-02   0.1124073E-05   0.2421390E-02
     3510.00  0.2399250E-02   0.1137385E-05   0.2400387E-02
     3530.00  0.2363810E-02   0.1150810E-05   0.2364961E-02
     3550.00  0.2340921E-02   0.1164329E-05   0.2342085E-02
     3570.00  0.2295680E-02   0.1177935E-05   0.2296858E-02
     3590.00  0.2254318E-02   0.1191625E-05   0.2255510E-02
     3610.00  0.2232512E-02   0.1205392E-05   0.2233717E-02
     3630.00  0.2209000E-02   0.1219232E-05   0.2210219E-02
     3640.00  0.2205841E-02   0.1226177E-05   0.2207067E-02
     3650.00  0.2205076E-02   0.2186080E-06   0.2205295E-02
     3670.00  0.2164338E-02   0.2170424E-06   0.2164555E-02
     3690.00  0.2097343E-02   0.1997751E-06   0.2097543E-02
     3710.00  0.2226041E-02   0.1980694E-06   0.2226239E-02
     3730.00  0.2220572E-02   0.1964192E-06   0.2220768E-02
     3750.00  0.2554338E-02   0.1948229E-06   0.2554533E-02
     3770.00  0.2590170E-02   0.1932789E-06   0.2590363E-02
     3790.00  0.2837311E-02   0.1917857E-06   0.2837503E-02
     3810.00  0.3062933E-02   0.1903419E-06   0.3063123E-02
     3830.00  0.2591956E-02   0.1889460E-06   0.2592145E-02
     3850.00  0.3156474E-02   0.1875966E-06   0.3156662E-02
     3870.00  0.3264619E-02   0.1862923E-06   0.3264805E-02
     3890.00  0.2423156E-02   0.1850320E-06   0.2423341E-02
     3910.00  0.3232607E-02   0.1838143E-06   0.3232791E-02
     3930.00  0.3105552E-02   0.1826379E-06   0.3105735E-02
     3950.00  0.3138332E-02   0.1815017E-06   0.3138514E-02
     3970.00  0.2236601E-02   0.1804049E-06   0.2236781E-02
     3990.00  0.3065099E-02   0.1793470E-06   0.3065278E-02
     4010.00  0.3146805E-02   0.1783258E-06   0.3146983E-02
     4030.00  0.3057420E-02   0.1773403E-06   0.3057597E-02
     4050.00  0.3080470E-02   0.1763895E-06   0.3080646E-02
     4070.00  0.2985312E-02   0.1754722E-06   0.2985487E-02
     4090.00  0.2708073E-02   0.1745876E-06   0.2708248E-02
     4110.00  0.2280568E-02   0.1737347E-06   0.2280742E-02
     4130.00  0.2830398E-02   0.1729126E-06   0.2830571E-02
     4150.00  0.2855790E-02   0.1721204E-06   0.2855962E-02
     4170.00  0.2830448E-02   0.1713572E-06   0.2830619E-02
     4190.00  0.2805652E-02   0.1706221E-06   0.2805823E-02
     4210.00  0.2776309E-02   0.1699144E-06   0.2776479E-02
     4230.00  0.2729864E-02   0.1692332E-06   0.2730033E-02
     4250.00  0.2700180E-02   0.1685777E-06   0.2700349E-02
     4270.00  0.2632910E-02   0.1679473E-06   0.2633078E-02
     4290.00  0.2609044E-02   0.1673411E-06   0.2609211E-02
     4310.00  0.2515385E-02   0.1667585E-06   0.2515552E-02
     4330.00  0.2249064E-02   0.1661987E-06   0.2249230E-02
     4350.00  0.2019541E-02   0.1656612E-06   0.2019707E-02
     4370.00  0.2477857E-02   0.1651454E-06   0.2478022E-02
     4390.00  0.2432388E-02   0.1646504E-06   0.2432553E-02
     4410.00  0.2435586E-02   0.1641756E-06   0.2435750E-02
     4430.00  0.2421514E-02   0.1637205E-06   0.2421678E-02
     4450.00  0.2405294E-02   0.1632845E-06   0.2405457E-02
     4470.00  0.2333914E-02   0.1628670E-06   0.2334077E-02
     4490.00  0.2348228E-02   0.1624673E-06   0.2348390E-02
     4510.00  0.2368574E-02   0.1620851E-06   0.2368736E-02
     4530.00  0.2301538E-02   0.1617197E-06   0.2301700E-02
     4550.00  0.2271382E-02   0.1613707E-06   0.2271543E-02
     4570.00  0.2279557E-02   0.1610375E-06   0.2279718E-02
     4590.00  0.2234318E-02   0.1607197E-06   0.2234479E-02
     4610.00  0.2226562E-02   0.1604168E-06   0.2226722E-02
     4630.00  0.2182488E-02   0.1601283E-06   0.2182648E-02
     4650.00  0.2167091E-02   0.1598538E-06   0.2167251E-02
     4670.00  0.2154578E-02   0.1595929E-06   0.2154738E-02
     4690.00  0.2125994E-02   0.1593450E-06   0.2126153E-02
     4710.00  0.2066849E-02   0.1591099E-06   0.2067008E-02
     4730.00  0.2074624E-02   0.1588871E-06   0.2074783E-02
     4750.00  0.2061436E-02   0.1586763E-06   0.2061595E-02
     4770.00  0.2046922E-02   0.1584770E-06   0.2047080E-02
     4790.00  0.2017092E-02   0.1582889E-06   0.2017250E-02
     4810.00  0.1984856E-02   0.1581112E-06   0.1985014E-02
     4830.00  0.1950241E-02   0.1579438E-06   0.1950399E-02
     4850.00  0.1747597E-02   0.1577864E-06   0.1747755E-02
     4870.00  0.1520390E-02   0.1576388E-06   0.1520548E-02
     4890.00  0.1869030E-02   0.1575007E-06   0.1869188E-02
     4910.00  0.1877321E-02   0.1573717E-06   0.1877478E-02
     4930.00  0.1831278E-02   0.1572515E-06   0.1831435E-02
     4950.00  0.1856912E-02   0.1571399E-06   0.1857069E-02
     4970.00  0.1834814E-02   0.1570365E-06   0.1834971E-02
     4990.00  0.1791762E-02   0.1569411E-06   0.1791919E-02
     5010.00  0.1736233E-02   0.1568534E-06   0.1736390E-02
     5030.00  0.1753647E-02   0.1567731E-06   0.1753804E-02
     5050.00  0.1720207E-02   0.1567000E-06   0.1720364E-02
     5070.00  0.1731645E-02   0.1566342E-06   0.1731802E-02
     5090.00  0.1692467E-02   0.1565772E-06   0.1692624E-02
     5110.00  0.1680974E-02   0.1565266E-06   0.1681131E-02
     5130.00  0.1648404E-02   0.1564821E-06   0.1648560E-02
     5150.00  0.1622229E-02   0.1564434E-06   0.1622385E-02
     5170.00  0.1593113E-02   0.1564105E-06   0.1593269E-02
     5190.00  0.1589870E-02   0.1563830E-06   0.1590026E-02
     5210.00  0.1580553E-02   0.1563608E-06   0.1580709E-02
     5230.00  0.1583492E-02   0.1563437E-06   0.1583648E-02
     5250.00  0.1582318E-02   0.1563314E-06   0.1582474E-02
     5270.00  0.1528447E-02   0.1563238E-06   0.1528603E-02
     5290.00  0.1557808E-02   0.1563207E-06   0.1557964E-02
     5310.00  0.1558324E-02   0.1563218E-06   0.1558480E-02
     5330.00  0.1508617E-02   0.1563272E-06   0.1508773E-02
     5350.00  0.1526170E-02   0.1563364E-06   0.1526326E-02
     5370.00  0.1512238E-02   0.1563494E-06   0.1512394E-02
     5390.00  0.1484107E-02   0.1563656E-06   0.1484263E-02
     5410.00  0.1467946E-02   0.1563852E-06   0.1468102E-02
     5430.00  0.1455466E-02   0.1564081E-06   0.1455622E-02
     5450.00  0.1462341E-02   0.1564342E-06   0.1462497E-02
     5470.00  0.1436871E-02   0.1564633E-06   0.1437027E-02
     5490.00  0.1423168E-02   0.1564953E-06   0.1423324E-02
     5510.00  0.1409685E-02   0.1565299E-06   0.1409842E-02
     5530.00  0.1408842E-02   0.1565672E-06   0.1408999E-02
     5550.00  0.1404112E-02   0.1566069E-06   0.1404269E-02
     5570.00  0.1385789E-02   0.1566490E-06   0.1385946E-02
     5590.00  0.1365520E-02   0.1566933E-06   0.1365677E-02
     5610.00  0.1369671E-02   0.1567396E-06   0.1369828E-02
     5630.00  0.1352302E-02   0.1567880E-06   0.1352459E-02
     5650.00  0.1342049E-02   0.1568382E-06   0.1342206E-02
     5670.00  0.1321590E-02   0.1568902E-06   0.1321747E-02
     5690.00  0.1324452E-02   0.1569439E-06   0.1324609E-02
     5710.00  0.1298328E-02   0.1194384E-06   0.1298447E-02
     5730.00  0.1318671E-02   0.1193534E-06   0.1318790E-02
     5750.00  0.1293548E-02   0.1192712E-06   0.1293667E-02
     5770.00  0.1290479E-02   0.1191917E-06   0.1290598E-02
     5790.00  0.1262137E-02   0.1191149E-06   0.1262256E-02
     5810.00  0.1270936E-02   0.1190405E-06   0.1271055E-02
     5830.00  0.1273848E-02   0.1189687E-06   0.1273967E-02
     5850.00  0.1251923E-02   0.1188991E-06   0.1252042E-02
     5870.00  0.1229285E-02   0.1188318E-06   0.1229404E-02
     5890.00  0.1188260E-02   0.1187667E-06   0.1188379E-02
     5910.00  0.1220069E-02   0.1187037E-06   0.1220188E-02
     5930.00  0.1213767E-02   0.1186427E-06   0.1213886E-02
     5950.00  0.1202002E-02   0.1185837E-06   0.1202121E-02
     5970.00  0.1205005E-02   0.1185265E-06   0.1205124E-02
     5990.00  0.1184631E-02   0.1184711E-06   0.1184749E-02
     6010.00  0.1171656E-02   0.1184174E-06   0.1171774E-02
     6030.00  0.1174641E-02   0.1183654E-06   0.1174759E-02
     6050.00  0.1171853E-02   0.1183150E-06   0.1171971E-02
     6070.00  0.1161574E-02   0.1182661E-06   0.1161692E-02
     6090.00  0.1137534E-02   0.1182186E-06   0.1137652E-02
     6110.00  0.1132801E-02   0.1181724E-06   0.1132919E-02
     6130.00  0.1103546E-02   0.1181276E-06   0.1103664E-02
     6150.00  0.1105948E-02   0.1180841E-06   0.1106066E-02
     6170.00  0.1089321E-02   0.1180417E-06   0.1089439E-02
     6190.00  0.1102325E-02   0.1180005E-06   0.1102443E-02
     6210.00  0.1090411E-02   0.1179605E-06   0.1090529E-02
     6230.00  0.1070804E-02   0.1179214E-06   0.1070922E-02
     6250.00  0.1045695E-02   0.1178834E-06   0.1045813E-02
     6270.00  0.1058731E-02   0.1178463E-06   0.1058849E-02
     6290.00  0.1060604E-02   0.1178102E-06   0.1060722E-02
     6310.00  0.1043415E-02   0.1177748E-06   0.1043533E-02
     6330.00  0.1044211E-02   0.1177403E-06   0.1044329E-02
     6350.00  0.1035124E-02   0.1177066E-06   0.1035242E-02
     6370.00  0.1027118E-02   0.1176735E-06   0.1027236E-02
     6390.00  0.1027647E-02   0.1176412E-06   0.1027765E-02
     6410.00  0.1015275E-02   0.1176095E-06   0.1015393E-02
     6430.00  0.1011358E-02   0.1175784E-06   0.1011476E-02
     6450.00  0.1005268E-02   0.1175478E-06   0.1005386E-02
     6470.00  0.9987908E-03   0.1175178E-06   0.9989083E-03
     6490.00  0.9791626E-03   0.1174882E-06   0.9792801E-03
     6510.00  0.9851468E-03   0.1174591E-06   0.9852643E-03
     6530.00  0.9740534E-03   0.1174290E-06   0.9741708E-03
     6550.00  0.9219861E-03   0.1173987E-06   0.9221035E-03
     6570.00  0.8251222E-03   0.1173687E-06   0.8252396E-03
     6590.00  0.9455191E-03   0.1173390E-06   0.9456364E-03
     6610.00  0.9555266E-03   0.1173096E-06   0.9556439E-03
     6630.00  0.9526532E-03   0.1172803E-06   0.9527705E-03
     6650.00  0.9480602E-03   0.1165342E-06   0.9481767E-03
     6670.00  0.9321132E-03   0.1165061E-06   0.9322297E-03
     6690.00  0.9385556E-03   0.1164781E-06   0.9386721E-03
     6710.00  0.9204436E-03   0.1164502E-06   0.9205601E-03
     6730.00  0.9298878E-03   0.1164224E-06   0.9300042E-03
     6750.00  0.9164565E-03   0.1163947E-06   0.9165729E-03
     6770.00  0.9146291E-03   0.1163670E-06   0.9147455E-03
     6790.00  0.9053695E-03   0.1163393E-06   0.9054858E-03
     6810.00  0.9015076E-03   0.1163117E-06   0.9016239E-03
     6830.00  0.9007856E-03   0.1162840E-06   0.9009019E-03
     6850.00  0.8847915E-03   0.1162562E-06   0.8849078E-03
     6870.00  0.8853093E-03   0.1162284E-06   0.8854255E-03
     6890.00  0.8877678E-03   0.1162005E-06   0.8878840E-03
     6910.00  0.8790406E-03   0.1161725E-06   0.8791568E-03
     6930.00  0.8680382E-03   0.1161444E-06   0.8681543E-03
     6950.00  0.8569832E-03   0.1161161E-06   0.8570993E-03
     6970.00  0.8574613E-03   0.1160877E-06   0.8575774E-03
     6990.00  0.8473170E-03   0.1160591E-06   0.8474331E-03
     7010.00  0.8349146E-03   0.1160303E-06   0.8350306E-03
     7030.00  0.8386576E-03   0.1160014E-06   0.8387736E-03
     7050.00  0.8403768E-03   0.1159723E-06   0.8404928E-03
     7070.00  0.8234140E-03   0.1159430E-06   0.8235299E-03
     7090.00  0.8190127E-03   0.1159134E-06   0.8191286E-03
     7110.00  0.8052257E-03   0.1158835E-06   0.8053416E-03
     7130.00  0.7956701E-03   0.1158534E-06   0.7957860E-03
     7150.00  0.7937450E-03   0.1158229E-06   0.7938608E-03
     7170.00  0.7954424E-03   0.1157922E-06   0.7955582E-03
     7190.00  0.7800573E-03   0.1157611E-06   0.7801731E-03
     7210.00  0.7853578E-03   0.1157297E-06   0.7854735E-03
     7230.00  0.7877246E-03   0.1156979E-06   0.7878403E-03
     7250.00  0.7840186E-03   0.1156658E-06   0.7841343E-03
     7270.00  0.7789744E-03   0.1156333E-06   0.7790900E-03
     7290.00  0.7646620E-03   0.1156005E-06   0.7647776E-03
     7310.00  0.7676193E-03   0.1155673E-06   0.7677349E-03
     7330.00  0.7647409E-03   0.1155336E-06   0.7648564E-03
     7350.00  0.7594694E-03   0.1154996E-06   0.7595849E-03
     7370.00  0.7656088E-03   0.1154652E-06   0.7657243E-03
     7390.00  0.7540879E-03   0.1154304E-06   0.7542033E-03
     7410.00  0.7455618E-03   0.1153951E-06   0.7456772E-03
     7430.00  0.7481796E-03   0.1153595E-06   0.7482950E-03
     7450.00  0.7463383E-03   0.1150542E-06   0.7464534E-03
     7470.00  0.7423976E-03   0.1150180E-06   0.7425126E-03
     7490.00  0.7359391E-03   0.1149812E-06   0.7360541E-03
     7510.00  0.7383556E-03   0.1149441E-06   0.7384705E-03
     7530.00  0.7384667E-03   0.1149065E-06   0.7385816E-03
     7550.00  0.7376898E-03   0.1148685E-06   0.7378047E-03
     7570.00  0.7311641E-03   0.1148300E-06   0.7312789E-03
     7590.00  0.7248534E-03   0.1147910E-06   0.7249682E-03
     7610.00  0.7229899E-03   0.1147512E-06   0.7231047E-03
     7630.00  0.7204487E-03   0.1147104E-06   0.7205634E-03
     7650.00  0.7181589E-03   0.1146691E-06   0.7182736E-03
     7670.00  0.7026429E-03   0.1146273E-06   0.7027575E-03
     7690.00  0.7109647E-03   0.1145850E-06   0.7110793E-03
     7710.00  0.6988864E-03   0.1145422E-06   0.6990009E-03
     7730.00  0.6978754E-03   0.1144989E-06   0.6979899E-03
     7750.00  0.6923077E-03   0.1144551E-06   0.6924222E-03
     7770.00  0.6931467E-03   0.1144108E-06   0.6932611E-03
     7790.00  0.6936073E-03   0.1143660E-06   0.6937217E-03
     7810.00  0.6907920E-03   0.1143206E-06   0.6909063E-03
     7830.00  0.6838804E-03   0.1142748E-06   0.6839947E-03
     7850.00  0.6762615E-03   0.1142284E-06   0.6763757E-03
     7870.00  0.6753409E-03   0.1120204E-06   0.6754529E-03
     7890.00  0.6589319E-03   0.1119753E-06   0.6590439E-03
     7910.00  0.6475558E-03   0.1119297E-06   0.6476677E-03
     7930.00  0.6472639E-03   0.1118835E-06   0.6473758E-03
     7950.00  0.6369661E-03   0.1118369E-06   0.6370779E-03
     7970.00  0.6497629E-03   0.1117897E-06   0.6498747E-03
     7990.00  0.6443801E-03   0.1117421E-06   0.6444918E-03
     8010.00  0.6502942E-03   0.1116939E-06   0.6504059E-03
     8030.00  0.6478656E-03   0.1116452E-06   0.6479772E-03
     8050.00  0.6423935E-03   0.1115961E-06   0.6425051E-03
     8070.00  0.6375362E-03   0.1115464E-06   0.6376477E-03
     8090.00  0.6281886E-03   0.1114962E-06   0.6283001E-03
     8110.00  0.6256571E-03   0.1114455E-06   0.6257685E-03
     8130.00  0.6277487E-03   0.1113943E-06   0.6278601E-03
     8150.00  0.6250180E-03   0.1113426E-06   0.6251293E-03
     8170.00  0.6233903E-03   0.1112904E-06   0.6235016E-03
     8190.00  0.6145866E-03   0.1112377E-06   0.6146978E-03
     8210.00  0.6109310E-03   0.9819342E-07   0.6110292E-03
     8230.00  0.6129651E-03   0.4748927E-07   0.6130126E-03
     8250.00  0.6121616E-03   0.4742018E-07   0.6122090E-03
     8270.00  0.6132016E-03   0.4735147E-07   0.6132490E-03
     8290.00  0.6070846E-03   0.4659664E-07   0.6071312E-03
     8310.00  0.5934789E-03   0.4652935E-07   0.5935254E-03
     8330.00  0.5897204E-03   0.4646243E-07   0.5897669E-03
     8350.00  0.5892802E-03   0.4639587E-07   0.5893266E-03
     8370.00  0.5865448E-03   0.4632966E-07   0.5865911E-03
     8390.00  0.5747374E-03   0.4626379E-07   0.5747837E-03
     8410.00  0.5855634E-03   0.4619825E-07   0.5856096E-03
     8430.00  0.5768377E-03   0.4613305E-07   0.5768838E-03
     8450.00  0.5811211E-03   0.4606816E-07   0.5811672E-03
     8470.00  0.5709755E-03   0.4600360E-07   0.5710215E-03
     8490.00  0.5809272E-03   0.4593934E-07   0.5809731E-03
     8510.00  0.5466944E-03   0.4587540E-07   0.5467403E-03
     8530.00  0.5774724E-03   0.4581175E-07   0.5775182E-03
     8550.00  0.4990665E-03   0.4574840E-07   0.4991122E-03
     8570.00  0.5884486E-03   0.4568533E-07   0.5884943E-03
     8590.00  0.5645754E-03   0.4562256E-07   0.5646210E-03
     8610.00  0.5592096E-03   0.4556006E-07   0.5592552E-03
     8630.00  0.5856387E-03   0.4549784E-07   0.5856842E-03
     8650.00  0.5715600E-03   0.4543589E-07   0.5716054E-03
     8670.00  0.4870674E-03   0.4537420E-07   0.4871128E-03
     8690.00  0.5643634E-03   0.4531277E-07   0.5644087E-03
     8710.00  0.5785763E-03   0.4525159E-07   0.5786216E-03
     8730.00  0.5702639E-03   0.4519068E-07   0.5703091E-03
     8750.00  0.5262854E-03   0.4513000E-07   0.5263305E-03
     8770.00  0.5605730E-03   0.4506956E-07   0.5606181E-03
     8790.00  0.5708721E-03   0.4500937E-07   0.5709171E-03
     8810.00  0.5635268E-03   0.4494941E-07   0.5635717E-03
     8830.00  0.5615405E-03   0.4488968E-07   0.5615854E-03
     8850.00  0.5461771E-03   0.4483017E-07   0.5462219E-03
     8870.00  0.5123657E-03   0.4477089E-07   0.5124105E-03
     8890.00  0.5548787E-03   0.4471183E-07   0.5549234E-03
     8910.00  0.5615680E-03   0.4465298E-07   0.5616127E-03
     8930.00  0.5540692E-03   0.4459435E-07   0.5541138E-03
     8950.00  0.5508956E-03   0.4453591E-07   0.5509401E-03
     8970.00  0.5493372E-03   0.4447769E-07   0.5493817E-03
     8990.00  0.5421074E-03   0.4441966E-07   0.5421518E-03
     9010.00  0.4955861E-03   0.4436183E-07   0.4956305E-03
     9030.00  0.5185436E-03   0.4430420E-07   0.5185879E-03
     9050.00  0.5425781E-03   0.4424675E-07   0.5426223E-03
     9070.00  0.5398151E-03   0.4418949E-07   0.5398593E-03
     9090.00  0.5285721E-03   0.4413243E-07   0.5286162E-03
     9110.00  0.5324014E-03   0.4407554E-07   0.5324455E-03
     9130.00  0.5345865E-03   0.4401884E-07   0.5346305E-03
     9150.00  0.5309945E-03   0.4396233E-07   0.5310385E-03
     9170.00  0.5279041E-03   0.4390601E-07   0.5279480E-03
     9190.00  0.5270222E-03   0.4384984E-07   0.5270660E-03
     9210.00  0.5093305E-03   0.4379384E-07   0.5093743E-03
     9230.00  0.4755634E-03   0.4373801E-07   0.4756071E-03
     9250.00  0.5020413E-03   0.4368234E-07   0.5020850E-03
     9270.00  0.5101515E-03   0.4362682E-07   0.5101951E-03
     9290.00  0.5118245E-03   0.4357147E-07   0.5118681E-03
     9310.00  0.5138470E-03   0.4351626E-07   0.5138905E-03
     9330.00  0.5110020E-03   0.4346121E-07   0.5110455E-03
     9350.00  0.5080771E-03   0.4340631E-07   0.5081205E-03
     9370.00  0.5002684E-03   0.4335155E-07   0.5003118E-03
     9390.00  0.5035039E-03   0.4329694E-07   0.5035472E-03
     9410.00  0.4940204E-03   0.4324247E-07   0.4940636E-03
     9430.00  0.4998627E-03   0.4318815E-07   0.4999059E-03
     9450.00  0.4921304E-03   0.4313396E-07   0.4921735E-03
     9470.00  0.4946895E-03   0.4307991E-07   0.4947326E-03
     9490.00  0.4925052E-03   0.4302599E-07   0.4925482E-03
     9510.00  0.4864843E-03   0.4297220E-07   0.4865273E-03
     9530.00  0.4749963E-03   0.4291853E-07   0.4750392E-03
     9550.00  0.4402800E-03   0.4286500E-07   0.4403229E-03
     9570.00  0.4694183E-03   0.4281160E-07   0.4694611E-03
     9590.00  0.4800903E-03   0.4275833E-07   0.4801331E-03
     9610.00  0.4751915E-03   0.4270517E-07   0.4752342E-03
     9630.00  0.4740222E-03   0.4265213E-07   0.4740649E-03
     9650.00  0.4678596E-03   0.4259922E-07   0.4679022E-03
     9670.00  0.4660355E-03   0.4254642E-07   0.4660780E-03
     9690.00  0.4687396E-03   0.4249374E-07   0.4687821E-03
     9710.00  0.4652144E-03   0.4244117E-07   0.4652568E-03
     9730.00  0.4612600E-03   0.4238871E-07   0.4613024E-03
     9750.00  0.4589869E-03   0.4233637E-07   0.4590292E-03
     9770.00  0.4583516E-03   0.4228414E-07   0.4583939E-03
     9790.00  0.4516027E-03   0.4223202E-07   0.4516449E-03
     9810.00  0.4582229E-03   0.4218000E-07   0.4582651E-03
     9830.00  0.4544295E-03   0.4212808E-07   0.4544716E-03
     9850.00  0.4545532E-03   0.4207629E-07   0.4545953E-03
     9870.00  0.4507966E-03   0.4202458E-07   0.4508386E-03
     9890.00  0.4486923E-03   0.4197298E-07   0.4487343E-03
     9910.00  0.4467677E-03   0.4192148E-07   0.4468096E-03
     9930.00  0.4454961E-03   0.4187006E-07   0.4455380E-03
     9950.00  0.4439235E-03   0.4181877E-07   0.4439653E-03
     9970.00  0.4424176E-03   0.4176757E-07   0.4424594E-03
     9990.00  0.4392743E-03   0.4171646E-07   0.4393160E-03
    10025.00  0.4243328E-03   0.4162722E-07   0.4243744E-03
    10075.00  0.4136018E-03   0.4150027E-07   0.4136433E-03
    10125.00  0.4234772E-03   0.4137387E-07   0.4235186E-03
    10175.00  0.4176050E-03   0.4124912E-07   0.4176462E-03
    10225.00  0.4152794E-03   0.4112509E-07   0.4153205E-03
    10275.00  0.4125642E-03   0.4100152E-07   0.4126052E-03
    10325.00  0.4039092E-03   0.4087842E-07   0.4039501E-03
    10375.00  0.3995663E-03   0.4075577E-07   0.3996071E-03
    10425.00  0.3978643E-03   0.4063356E-07   0.3979049E-03
    10475.00  0.3923284E-03   0.4051178E-07   0.3923689E-03
    10525.00  0.3899767E-03   0.4039042E-07   0.3900171E-03
    10575.00  0.3841446E-03   0.4026947E-07   0.3841849E-03
    10625.00  0.3804735E-03   0.4014892E-07   0.3805136E-03
    10675.00  0.3723543E-03   0.4002877E-07   0.3723943E-03
    10725.00  0.3705770E-03   0.3990901E-07   0.3706169E-03
    10775.00  0.3656776E-03   0.3978963E-07   0.3657174E-03
    10825.00  0.3595964E-03   0.3967062E-07   0.3596361E-03
    10875.00  0.3566458E-03   0.3955198E-07   0.3566854E-03
    10925.00  0.3437935E-03   0.3943371E-07   0.3438329E-03
    10975.00  0.3467238E-03   0.3931579E-07   0.3467631E-03
    11025.00  0.3493681E-03   0.3919823E-07   0.3494073E-03
    11075.00  0.3470232E-03   0.3908101E-07   0.3470623E-03
    11125.00  0.3432149E-03   0.3896414E-07   0.3432539E-03
    11175.00  0.3383661E-03   0.3524525E-07   0.3384013E-03
    11225.00  0.3365018E-03   0.3513603E-07   0.3365369E-03
    11275.00  0.3304026E-03   0.3502723E-07   0.3304376E-03
    11325.00  0.3274036E-03   0.3491883E-07   0.3274385E-03
    11375.00  0.3238163E-03   0.3481083E-07   0.3238511E-03
    11425.00  0.3194761E-03   0.3470321E-07   0.3195108E-03
    11475.00  0.3201320E-03   0.3459597E-07   0.3201666E-03
    11525.00  0.3176698E-03   0.3448911E-07   0.3177043E-03
    11575.00  0.3125139E-03   0.3438263E-07   0.3125483E-03
    11625.00  0.3073488E-03   0.3427653E-07   0.3073831E-03
    11675.00  0.3056641E-03   0.3417080E-07   0.3056983E-03
    11725.00  0.3059008E-03   0.3406544E-07   0.3059349E-03
    11775.00  0.2997609E-03   0.3396044E-07   0.2997949E-03
    11825.00  0.2970769E-03   0.3385581E-07   0.2971108E-03
    11875.00  0.2917782E-03   0.3375153E-07   0.2918120E-03
    11925.00  0.2943821E-03   0.3364761E-07   0.2944157E-03
    11975.00  0.2846278E-03   0.3354404E-07   0.2846613E-03
    12025.00  0.2876467E-03   0.3344083E-07   0.2876801E-03
    12075.00  0.2834837E-03   0.3333796E-07   0.2835170E-03
    12125.00  0.2818678E-03   0.3323543E-07   0.2819010E-03
    12175.00  0.2810275E-03   0.3313326E-07   0.2810606E-03
    12225.00  0.2778778E-03   0.3303142E-07   0.2779108E-03
    12275.00  0.2750689E-03   0.3292992E-07   0.2751018E-03
    12325.00  0.2724957E-03   0.3282876E-07   0.2725285E-03
    12375.00  0.2704832E-03   0.3272794E-07   0.2705159E-03
    12425.00  0.2677901E-03   0.3262745E-07   0.2678227E-03
    12475.00  0.2661727E-03   0.3252729E-07   0.2662052E-03
    12525.00  0.2626301E-03   0.3237931E-07   0.2626625E-03
    12575.00  0.2609425E-03   0.3228008E-07   0.2609748E-03
    12625.00  0.2586550E-03   0.3218117E-07   0.2586872E-03
    12675.00  0.2558392E-03   0.3208260E-07   0.2558713E-03
    12725.00  0.2545766E-03   0.3198435E-07   0.2546086E-03
    12775.00  0.2521807E-03   0.3188642E-07   0.2522126E-03
    12825.00  0.2386449E-03   0.3178882E-07   0.2386767E-03
    12875.00  0.2463859E-03   0.3169154E-07   0.2464176E-03
    12925.00  0.2437857E-03   0.3159458E-07   0.2438173E-03
    12975.00  0.2448063E-03   0.3149794E-07   0.2448378E-03
    13025.00  0.2414987E-03   0.3140162E-07   0.2415301E-03
    13075.00  0.2412600E-03   0.3130541E-07   0.2412913E-03
    13125.00  0.2371982E-03   0.3120950E-07   0.2372294E-03
    13175.00  0.2356503E-03   0.3111389E-07   0.2356814E-03
    13225.00  0.2347914E-03   0.3101859E-07   0.2348224E-03
    13275.00  0.2306261E-03   0.3092359E-07   0.2306570E-03
    13325.00  0.2313013E-03   0.3082890E-07   0.2313321E-03
    13375.00  0.2285880E-03   0.3073452E-07   0.2286187E-03
    13425.00  0.2288091E-03   0.3064045E-07   0.2288397E-03
    13475.00  0.2268401E-03   0.3054668E-07   0.2268706E-03
    13525.00  0.2253511E-03   0.3045321E-07   0.2253816E-03
    13575.00  0.2214464E-03   0.3036005E-07   0.2214768E-03
    13625.00  0.2197418E-03   0.3024750E-07   0.2197720E-03
    13675.00  0.2194630E-03   0.3015502E-07   0.2194932E-03
    13725.00  0.2190710E-03   0.3006285E-07   0.2191011E-03
    13775.00  0.2171086E-03   0.2997097E-07   0.2171386E-03
    13825.00  0.2163942E-03   0.2987940E-07   0.2164241E-03
    13875.00  0.2135918E-03   0.2978813E-07   0.2136216E-03
    13925.00  0.2138084E-03   0.2969716E-07   0.2138381E-03
    13975.00  0.2130052E-03   0.2960650E-07   0.2130348E-03
    14025.00  0.2093085E-03   0.2951613E-07   0.2093380E-03
    14075.00  0.2101400E-03   0.2942607E-07   0.2101694E-03
    14125.00  0.2073258E-03   0.2916675E-07   0.2073550E-03
    14175.00  0.2079613E-03   0.2907819E-07   0.2079904E-03
    14225.00  0.2044309E-03   0.2898992E-07   0.2044599E-03
    14275.00  0.2012422E-03   0.2890194E-07   0.2012711E-03
    14325.00  0.2033925E-03   0.2881426E-07   0.2034213E-03
    14375.00  0.2031592E-03   0.2872687E-07   0.2031879E-03
    14425.00  0.1976252E-03   0.2863977E-07   0.1976538E-03
    14475.00  0.2003621E-03   0.2855297E-07   0.2003907E-03
    14525.00  0.1973116E-03   0.2846646E-07   0.1973401E-03
    14570.00  0.1976056E-03   0.2838885E-07   0.1976340E-03
    14620.00  0.1970650E-03   0.1955543E-07   0.1970846E-03
    14675.00  0.1962214E-03   0.1948834E-07   0.1962409E-03
    14725.00  0.1925010E-03   0.1935711E-07   0.1925204E-03
    14775.00  0.1930132E-03   0.1929702E-07   0.1930325E-03
    14825.00  0.1920235E-03   0.1923720E-07   0.1920427E-03
    14875.00  0.1897140E-03   0.1917764E-07   0.1897332E-03
    14925.00  0.1918892E-03   0.1911835E-07   0.1919083E-03
    14975.00  0.1891013E-03   0.1905931E-07   0.1891204E-03
    15025.00  0.1874289E-03   0.1900054E-07   0.1874479E-03
    15075.00  0.1850408E-03   0.1894202E-07   0.1850597E-03
    15125.00  0.1869408E-03   0.1888375E-07   0.1869597E-03
    15175.00  0.1865191E-03   0.1882575E-07   0.1865379E-03
    15225.00  0.1860322E-03   0.1876801E-07   0.1860510E-03
    15275.00  0.1854845E-03   0.1871055E-07   0.1855032E-03
    15325.00  0.1837387E-03   0.1865334E-07   0.1837574E-03
    15375.00  0.1851140E-03   0.1859638E-07   0.1851326E-03
    15425.00  0.1834194E-03   0.1853965E-07   0.1834379E-03
    15475.00  0.1836371E-03   0.1848317E-07   0.1836556E-03
    15525.00  0.1809989E-03   0.1842693E-07   0.1810173E-03
    15575.00  0.1739917E-03   0.1837093E-07   0.1740101E-03
    15625.00  0.1785720E-03   0.1831517E-07   0.1785903E-03
    15675.00  0.1759226E-03   0.1825965E-07   0.1759409E-03
    15725.00  0.1768885E-03   0.1820436E-07   0.1769067E-03
    15775.00  0.1680269E-03   0.1814930E-07   0.1680450E-03
    15825.00  0.1708325E-03   0.1809448E-07   0.1708506E-03
    15875.00  0.1664806E-03   0.1803989E-07   0.1664986E-03
    15925.00  0.1718729E-03   0.1798553E-07   0.1718909E-03
    15975.00  0.1678778E-03   0.1793140E-07   0.1678957E-03
    16050.00  0.1679340E-03   0.1785062E-07   0.1679519E-03
    16150.00  0.1654370E-03   0.1774372E-07   0.1654547E-03
    16250.00  0.1639158E-03   0.1763770E-07   0.1639334E-03
    16350.00  0.1653534E-03   0.1753257E-07   0.1653709E-03
    16450.00  0.1553041E-03   0.1742832E-07   0.1553215E-03
    16550.00  0.1601962E-03   0.1732492E-07   0.1602135E-03
    16650.00  0.1528221E-03   0.1722239E-07   0.1528393E-03
    16750.00  0.1530461E-03   0.1712070E-07   0.1530632E-03
    16850.00  0.1460734E-03   0.1701984E-07   0.1460904E-03
    16950.00  0.1491895E-03   0.1691982E-07   0.1492064E-03
    17050.00  0.1438792E-03   0.1682062E-07   0.1438960E-03
    17150.00  0.1431109E-03   0.1672223E-07   0.1431276E-03
    17250.00  0.1398687E-03   0.1662465E-07   0.1398853E-03
    17350.00  0.1341185E-03   0.1652786E-07   0.1341350E-03
    17450.00  0.1350623E-03   0.1643186E-07   0.1350787E-03
    17550.00  0.1322394E-03   0.1633665E-07   0.1322557E-03
    17650.00  0.1308415E-03   0.1624220E-07   0.1308577E-03
    17750.00  0.1277212E-03   0.1614853E-07   0.1277373E-03
    17850.00  0.1262937E-03   0.1605561E-07   0.1263098E-03
    17950.00  0.1241402E-03   0.1596344E-07   0.1241562E-03
    18050.00  0.1209301E-03   0.1587202E-07   0.1209460E-03
    18150.00  0.1181892E-03   0.1578133E-07   0.1182050E-03
    18250.00  0.1168445E-03   0.1569139E-07   0.1168602E-03
    18350.00  0.1150150E-03   0.1560239E-07   0.1150306E-03
    18450.00  0.1126261E-03   0.1551407E-07   0.1126416E-03
    18550.00  0.1112253E-03   0.1480317E-07   0.1112401E-03
    18650.00  0.1083034E-03   0.1471979E-07   0.1083181E-03
    18750.00  0.1051489E-03   0.1463707E-07   0.1051635E-03
    18850.00  0.1052967E-03   0.1455501E-07   0.1053113E-03
    18950.00  0.1013559E-03   0.1447359E-07   0.1013704E-03
    19050.00  0.1024208E-03   0.1439282E-07   0.1024352E-03
    19150.00  0.1002592E-03   0.1431268E-07   0.1002735E-03
    19250.00  0.9882976E-04   0.1423317E-07   0.9884399E-04
    19350.00  0.9609745E-04   0.1415429E-07   0.9611160E-04
    19450.00  0.9333920E-04   0.1407603E-07   0.9335328E-04
    19550.00  0.9356761E-04   0.1399838E-07   0.9358161E-04
    19650.00  0.9195061E-04   0.1392133E-07   0.9196453E-04
    19750.00  0.9010857E-04   0.1384490E-07   0.9012241E-04
    19850.00  0.8891027E-04   0.1376905E-07   0.8892404E-04
    19950.00  0.8748711E-04   0.1369380E-07   0.8750080E-04
    20050.00  0.8694185E-04   0.1361914E-07   0.8695547E-04
    20150.00  0.8571476E-04   0.1354506E-07   0.8572831E-04
    20250.00  0.8329348E-04   0.1346539E-07   0.8330695E-04
    20350.00  0.8190971E-04   0.1339250E-07   0.8192310E-04
    20450.00  0.8164677E-04   0.1332019E-07   0.8166009E-04
    20550.00  0.8012017E-04   0.1324843E-07   0.8013342E-04
    20650.00  0.7853895E-04   0.1317723E-07   0.7855213E-04
    20750.00  0.7743405E-04   0.1310658E-07   0.7744716E-04
    20850.00  0.7611546E-04   0.1303647E-07   0.7612850E-04
    20950.00  0.7453438E-04   0.1296691E-07   0.7454735E-04
    21050.00  0.7408212E-04   0.1289787E-07   0.7409502E-04
    21150.00  0.7258068E-04   0.1282938E-07   0.7259351E-04
    21250.00  0.7143088E-04   0.1276140E-07   0.7144364E-04
    21350.00  0.7081480E-04   0.1269395E-07   0.7082749E-04
    21450.00  0.6963786E-04   0.1262701E-07   0.6965049E-04
    21550.00  0.6848911E-04   0.1255791E-07   0.6850167E-04
    21650.00  0.6646697E-04   0.1249200E-07   0.6647946E-04
    21750.00  0.6590638E-04   0.1242659E-07   0.6591881E-04
    21850.00  0.6513871E-04   0.1236168E-07   0.6515107E-04
    21950.00  0.6433496E-04   0.1229727E-07   0.6434726E-04
    22050.00  0.6269026E-04   0.1223334E-07   0.6270249E-04
    22150.00  0.6255181E-04   0.1216989E-07   0.6256398E-04
    22250.00  0.6087918E-04   0.1208336E-07   0.6089126E-04
    22350.00  0.6018495E-04   0.1202110E-07   0.6019697E-04
    22450.00  0.5939516E-04   0.1195930E-07   0.5940712E-04
    22550.00  0.5863726E-04   0.1189796E-07   0.5864916E-04
    22650.00  0.5744612E-04   0.1183709E-07   0.5745796E-04
    22750.00  0.5707655E-04   0.1177667E-07   0.5708833E-04
    22850.00  0.5584980E-04   0.9843549E-08   0.5585964E-04
    22950.00  0.4783496E-04   0.9782728E-08   0.4784474E-04
    23050.00  0.5117823E-04   0.9733971E-08   0.5118796E-04
    23150.00  0.5046600E-04   0.9685583E-08   0.5047569E-04
    23250.00  0.4385705E-04   0.9637559E-08   0.4386669E-04
    23350.00  0.4695394E-04   0.9589898E-08   0.4696353E-04
    23450.00  0.4591552E-04   0.9542594E-08   0.4592506E-04
    23550.00  0.4009877E-04   0.9495645E-08   0.4010827E-04
    23650.00  0.4364530E-04   0.9449048E-08   0.4365475E-04
    23750.00  0.4245694E-04   0.9402798E-08   0.4246634E-04
    23850.00  0.3800082E-04   0.9356894E-08   0.3801018E-04
    23950.00  0.4076481E-04   0.9311330E-08   0.4077412E-04
    24050.00  0.4046853E-04   0.9266105E-08   0.4047780E-04
    24150.00  0.3665767E-04   0.9221215E-08   0.3666689E-04
    24250.00  0.3877975E-04   0.9176657E-08   0.3878893E-04
    24350.00  0.3853410E-04   0.9132428E-08   0.3854323E-04
    24450.00  0.3618276E-04   0.9088524E-08   0.3619185E-04
    24550.00  0.3621827E-04   0.9044942E-08   0.3622731E-04
    24650.00  0.3730381E-04   0.9001681E-08   0.3731281E-04
    24750.00  0.3598123E-04   0.8958736E-08   0.3599019E-04
    24850.00  0.3421478E-04   0.8916104E-08   0.3422370E-04
    24950.00  0.3527714E-04   0.8873783E-08   0.3528601E-04
    25050.00  0.3628021E-04   0.8831770E-08   0.3628904E-04
    25150.00  0.3304471E-04   0.8790062E-08   0.3305350E-04
    25250.00  0.3427725E-04   0.8748656E-08   0.3428600E-04
    25350.00  0.3438590E-04   0.8707550E-08   0.3439461E-04
    25450.00  0.3354161E-04   0.8666739E-08   0.3355028E-04
    25550.00  0.3282753E-04   0.8626223E-08   0.3283616E-04
    25650.00  0.3284993E-04   0.8585998E-08   0.3285852E-04
    25750.00  0.3308853E-04   0.8546061E-08   0.3309708E-04
    25850.00  0.3126034E-04   0.8506410E-08   0.3126885E-04
    25950.00  0.3164546E-04   0.8467043E-08   0.3165393E-04
    26050.00  0.3190102E-04   0.8427956E-08   0.3190945E-04
    26150.00  0.3090465E-04   0.8389146E-08   0.3091304E-04
    26250.00  0.3033263E-04   0.8350613E-08   0.3034098E-04
    26350.00  0.3075129E-04   0.8312352E-08   0.3075960E-04
    26450.00  0.3056566E-04   0.8274362E-08   0.3057393E-04
    26550.00  0.2986531E-04   0.8236640E-08   0.2987355E-04
    26650.00  0.2926048E-04   0.8199183E-08   0.2926868E-04
    26750.00  0.2977390E-04   0.8161990E-08   0.2978206E-04
    26850.00  0.2946403E-04   0.8125057E-08   0.2947216E-04
    26950.00  0.2855396E-04   0.8088383E-08   0.2856205E-04
    27050.00  0.2879476E-04   0.8051966E-08   0.2880281E-04
    27150.00  0.2846538E-04   0.8015802E-08   0.2847340E-04
    27250.00  0.2838577E-04   0.7979889E-08   0.2839375E-04
    27350.00  0.2748634E-04   0.7944226E-08   0.2749428E-04
    27450.00  0.2760739E-04   0.7908810E-08   0.2761530E-04
    27550.00  0.2736497E-04   0.7873639E-08   0.2737284E-04
    27650.00  0.2695949E-04   0.7685018E-08   0.2696718E-04
    27750.00  0.2646618E-04   0.7651082E-08   0.2647383E-04
    27850.00  0.2647845E-04   0.7617380E-08   0.2648607E-04
    27950.00  0.2640093E-04   0.7583909E-08   0.2640851E-04
    28050.00  0.2605458E-04   0.7550667E-08   0.2606213E-04
    28150.00  0.2554950E-04   0.7517652E-08   0.2555702E-04
    28250.00  0.2540397E-04   0.7484862E-08   0.2541145E-04
    28350.00  0.2527232E-04   0.7452296E-08   0.2527977E-04
    28450.00  0.2492460E-04   0.7419950E-08   0.2493202E-04
    28550.00  0.2460180E-04   0.7387824E-08   0.2460919E-04
    28650.00  0.2429530E-04   0.7355916E-08   0.2430266E-04
    28750.00  0.2391418E-04   0.7324222E-08   0.2392150E-04
    28850.00  0.2381586E-04   0.7292743E-08   0.2382315E-04
    28950.00  0.2356038E-04   0.7261475E-08   0.2356764E-04
    29050.00  0.2327304E-04   0.7230416E-08   0.2328027E-04
    29150.00  0.2306753E-04   0.7199566E-08   0.2307473E-04
    29250.00  0.2263334E-04   0.7168922E-08   0.2264051E-04
    29350.00  0.2259443E-04   0.7138482E-08   0.2260157E-04
    29450.00  0.2221250E-04   0.7108245E-08   0.2221961E-04
    29550.00  0.2197876E-04   0.7078208E-08   0.2198584E-04
    29650.00  0.2180336E-04   0.7048371E-08   0.2181041E-04
    29750.00  0.2154856E-04   0.7017589E-08   0.2155558E-04
    29850.00  0.2125891E-04   0.6988145E-08   0.2126590E-04
    29950.00  0.2101794E-04   0.6958896E-08   0.2102490E-04
    30050.00  0.2076139E-04   0.6929839E-08   0.2076832E-04
    30150.00  0.2056394E-04   0.6900973E-08   0.2057084E-04
    30250.00  0.2026853E-04   0.6872295E-08   0.2027540E-04
    30350.00  0.1983246E-04   0.6843806E-08   0.1983930E-04
    30450.00  0.1976263E-04   0.6815502E-08   0.1976945E-04
    30550.00  0.1955052E-04   0.6787382E-08   0.1955731E-04
    30650.00  0.1932014E-04   0.6759446E-08   0.1932690E-04
    30750.00  0.1914696E-04   0.6731690E-08   0.1915369E-04
    30850.00  0.1884998E-04   0.6704114E-08   0.1885668E-04
    30950.00  0.1864126E-04   0.6676716E-08   0.1864794E-04
    31050.00  0.1848540E-04   0.6649495E-08   0.1849205E-04
    31150.00  0.1815204E-04   0.6622449E-08   0.1815866E-04
    31250.00  0.1802247E-04   0.6595577E-08   0.1802907E-04
    31350.00  0.1782268E-04   0.6568372E-08   0.1782925E-04
    31450.00  0.1760573E-04   0.6541847E-08   0.1761227E-04
    31550.00  0.1736701E-04   0.6515492E-08   0.1737353E-04
    31650.00  0.1715898E-04   0.6489305E-08   0.1716547E-04
    31750.00  0.1699839E-04   0.6463284E-08   0.1700485E-04
    31850.00  0.1679202E-04   0.6437428E-08   0.1679846E-04
    31950.00  0.1661520E-04   0.6411736E-08   0.1662161E-04
    32100.00  0.1630533E-04   0.6368725E-08   0.1631170E-04
    32300.00  0.1592023E-04   0.6318369E-08   0.1592655E-04
    32500.00  0.1555240E-04   0.6268642E-08   0.1555867E-04
    32700.00  0.1518421E-04   0.6219534E-08   0.1519043E-04
    32900.00  0.1474533E-04   0.5642078E-08   0.1475097E-04
    33100.00  0.1447279E-04   0.5596338E-08   0.1447839E-04
    33300.00  0.1414295E-04   0.5553701E-08   0.1414850E-04
    33500.00  0.1387149E-04   0.5511585E-08   0.1387700E-04
    33700.00  0.1354341E-04   0.5469981E-08   0.1354888E-04
    33900.00  0.1321901E-04   0.5428881E-08   0.1322444E-04
    34100.00  0.1291682E-04   0.5388277E-08   0.1292221E-04
    34300.00  0.1268461E-04   0.5348161E-08   0.1268996E-04
    34500.00  0.1241647E-04   0.5308526E-08   0.1242178E-04
    34700.00  0.1214197E-04   0.5269363E-08   0.1214724E-04
    34900.00  0.1188373E-04   0.5230665E-08   0.1188896E-04
    35100.00  0.1164341E-04   0.5192425E-08   0.1164860E-04
    35300.00  0.1136359E-04   0.5154636E-08   0.1136874E-04
    35500.00  0.1114847E-04   0.5117291E-08   0.1115359E-04
    35700.00  0.1090141E-04   0.5080382E-08   0.1090649E-04
    35900.00  0.1067857E-04   0.5043903E-08   0.1068361E-04
    36100.00  0.1046861E-04   0.5007847E-08   0.1047362E-04
    36300.00  0.1026462E-04   0.4972208E-08   0.1026959E-04
    36500.00  0.1000772E-04   0.4936980E-08   0.1001266E-04
    36700.00  0.9813208E-05   0.4902155E-08   0.9818110E-05
    36900.00  0.9557002E-05   0.4867729E-08   0.9561870E-05
    37100.00  0.9362506E-05   0.4833694E-08   0.9367340E-05
    37300.00  0.9197760E-05   0.4800045E-08   0.9202560E-05
    37500.00  0.8932987E-05   0.4766776E-08   0.8937754E-05
    37700.00  0.8854204E-05   0.4733881E-08   0.8858938E-05
    37900.00  0.8677365E-05   0.4701355E-08   0.8682066E-05
    38100.00  0.8509192E-05   0.4669193E-08   0.8513861E-05
    38300.00  0.8361666E-05   0.4637388E-08   0.8366303E-05
    38500.00  0.8214026E-05   0.4605935E-08   0.8218632E-05
    38700.00  0.8022128E-05   0.4526996E-08   0.8026655E-05
    38900.00  0.7878305E-05   0.4496613E-08   0.7882802E-05
    39100.00  0.7721523E-05   0.4466564E-08   0.7725990E-05
    39300.00  0.7595827E-05   0.4436841E-08   0.7600264E-05
    39500.00  0.7422556E-05   0.4407442E-08   0.7426963E-05
    39700.00  0.7294835E-05   0.4378361E-08   0.7299213E-05
    39900.00  0.7106537E-05   0.4349594E-08   0.7110887E-05
    40100.00  0.6996099E-05   0.4321136E-08   0.7000420E-05
    40300.00  0.6880786E-05   0.4292983E-08   0.6885079E-05
    40500.00  0.6724384E-05   0.4265130E-08   0.6728649E-05
    40700.00  0.6633710E-05   0.4237573E-08   0.6637948E-05
    40900.00  0.6516570E-05   0.4210308E-08   0.6520780E-05
    41100.00  0.6401400E-05   0.4183045E-08   0.6405583E-05
    41300.00  0.6291910E-05   0.4156352E-08   0.6296066E-05
    41500.00  0.6164311E-05   0.4129938E-08   0.6168441E-05
    41700.00  0.6029628E-05   0.4103801E-08   0.6033732E-05
    41900.00  0.5934319E-05   0.4077935E-08   0.5938397E-05
    42100.00  0.5818448E-05   0.4052337E-08   0.5822500E-05
    42300.00  0.5744826E-05   0.4027003E-08   0.5748853E-05
    42500.00  0.5622938E-05   0.4001930E-08   0.5626940E-05
    42700.00  0.5539436E-05   0.3977113E-08   0.5543413E-05
    42900.00  0.5137269E-05   0.3952551E-08   0.5141222E-05
    43100.00  0.4788311E-05   0.3928121E-08   0.4792239E-05
    43300.00  0.4867405E-05   0.3904056E-08   0.4871309E-05
    43500.00  0.4525686E-05   0.3880235E-08   0.4529566E-05
    43700.00  0.4371632E-05   0.3856653E-08   0.4375489E-05
    43900.00  0.4252404E-05   0.3832060E-08   0.4256236E-05
    44100.00  0.3952440E-05   0.3808962E-08   0.3956249E-05
    44300.00  0.3935537E-05   0.3786093E-08   0.3939323E-05
    44500.00  0.3826016E-05   0.3763452E-08   0.3829779E-05
    44700.00  0.3604598E-05   0.3700016E-08   0.3608298E-05
    44900.00  0.3683815E-05   0.3537549E-08   0.3687353E-05
    45100.00  0.3544668E-05   0.3516864E-08   0.3548185E-05
    45300.00  0.3395407E-05   0.3496380E-08   0.3398903E-05
    45500.00  0.3431467E-05   0.3476096E-08   0.3434943E-05
    45700.00  0.3377110E-05   0.3456007E-08   0.3380566E-05
    45900.00  0.3199504E-05   0.3436113E-08   0.3202940E-05
    46100.00  0.3278895E-05   0.3416409E-08   0.3282311E-05
    46300.00  0.3180372E-05   0.3396894E-08   0.3183769E-05
    46500.00  0.3138599E-05   0.3377565E-08   0.3141977E-05
    46700.00  0.3130968E-05   0.3358420E-08   0.3134326E-05
    46900.00  0.3074417E-05   0.3339457E-08   0.3077756E-05
    47100.00  0.3000554E-05   0.3320672E-08   0.3003875E-05
    47300.00  0.3045796E-05   0.3302065E-08   0.3049098E-05
    47500.00  0.2967661E-05   0.3283631E-08   0.2970945E-05
    47700.00  0.2929987E-05   0.3265370E-08   0.2933252E-05
    47900.00  0.2892054E-05   0.3247279E-08   0.2895301E-05
    48100.00  0.2809041E-05   0.3229357E-08   0.2812270E-05
    48300.00  0.2860766E-05   0.3211599E-08   0.2863978E-05
    48500.00  0.2793582E-05   0.3194006E-08   0.2796776E-05
    48700.00  0.2726080E-05   0.3176574E-08   0.2729257E-05
    48900.00  0.2705296E-05   0.3159302E-08   0.2708455E-05
    49100.00  0.2659654E-05   0.3142188E-08   0.2662796E-05
    49300.00  0.2624610E-05   0.3125229E-08   0.2627735E-05
    49500.00  0.2573369E-05   0.3108425E-08   0.2576477E-05
    49700.00  0.2579143E-05   0.3091772E-08   0.2582235E-05
    49900.00  0.2531188E-05   0.3075269E-08   0.2534263E-05
    50100.00  0.2514363E-05   0.3058914E-08   0.2517422E-05
    50300.00  0.2481243E-05   0.3042706E-08   0.2484286E-05
    50500.00  0.2411675E-05   0.3026642E-08   0.2414702E-05
    50700.00  0.2400340E-05   0.3010721E-08   0.2403351E-05
    50900.00  0.2373040E-05   0.2994941E-08   0.2376035E-05
    51100.00  0.2324339E-05   0.2979300E-08   0.2327318E-05
    51300.00  0.2297696E-05   0.2963797E-08   0.2300660E-05
    51500.00  0.2265526E-05   0.2930824E-08   0.2268457E-05
    51700.00  0.2279501E-05   0.2915704E-08   0.2282417E-05
    51900.00  0.2228147E-05   0.2900716E-08   0.2231048E-05
    52100.00  0.2201359E-05   0.2885859E-08   0.2204245E-05
    52300.00  0.2165555E-05   0.2871129E-08   0.2168426E-05
    52500.00  0.2156480E-05   0.2856527E-08   0.2159337E-05
    52700.00  0.2169031E-05   0.2842051E-08   0.2171873E-05
    52900.00  0.2093632E-05   0.2827699E-08   0.2096460E-05
    53100.00  0.2059660E-05   0.2813469E-08   0.2062473E-05
    53300.00  0.2057586E-05   0.2799361E-08   0.2060385E-05
    53500.00  0.2030442E-05   0.2785372E-08   0.2033227E-05
    53700.00  0.2009526E-05   0.2771502E-08   0.2012298E-05
    53900.00  0.1990606E-05   0.2757749E-08   0.1993364E-05
    54100.00  0.1969057E-05   0.2744112E-08   0.1971801E-05
    54300.00  0.1927900E-05   0.2730494E-08   0.1930630E-05
    54500.00  0.1931977E-05   0.2717084E-08   0.1934694E-05
    54700.00  0.1887497E-05   0.2703786E-08   0.1890201E-05
    54900.00  0.1879492E-05   0.2690598E-08   0.1882183E-05
    55100.00  0.1842111E-05   0.2677520E-08   0.1844789E-05
    55300.00  0.1874663E-05   0.2664549E-08   0.1877328E-05
    55500.00  0.1805239E-05   0.2651686E-08   0.1807891E-05
    55700.00  0.1815364E-05   0.2638928E-08   0.1818003E-05
    55900.00  0.1777705E-05   0.2626274E-08   0.1780331E-05
    56100.00  0.1777747E-05   0.2613724E-08   0.1780361E-05
    56300.00  0.1731746E-05   0.2601275E-08   0.1734347E-05
    56500.00  0.1734733E-05   0.2588889E-08   0.1737322E-05
    56700.00  0.1711119E-05   0.2576643E-08   0.1713696E-05
    56900.00  0.1672151E-05   0.2564495E-08   0.1674715E-05
    57100.00  0.1676934E-05   0.2552445E-08   0.1679486E-05
    57300.00  0.1658181E-05   0.2540491E-08   0.1660721E-05
    57500.00  0.1637177E-05   0.2528243E-08   0.1639705E-05
    57700.00  0.1615496E-05   0.2516484E-08   0.1618012E-05
    57900.00  0.1609921E-05   0.2504819E-08   0.1612426E-05
    58100.00  0.1584118E-05   0.2493245E-08   0.1586611E-05
    58300.00  0.1568186E-05   0.2481763E-08   0.1570668E-05
    58500.00  0.1550847E-05   0.2398925E-08   0.1553246E-05
    58700.00  0.1522456E-05   0.2387799E-08   0.1524844E-05
    58900.00  0.1509423E-05   0.2376996E-08   0.1511800E-05
    59100.00  0.1487566E-05   0.2366276E-08   0.1489932E-05
    59300.00  0.1481602E-05   0.2355639E-08   0.1483958E-05
    59500.00  0.1457990E-05   0.2345084E-08   0.1460335E-05
    59700.00  0.1451377E-05   0.2334611E-08   0.1453712E-05
    59900.00  0.1434788E-05   0.2324218E-08   0.1437112E-05
    60100.00  0.1419195E-05   0.2313904E-08   0.1421509E-05
    60300.00  0.1402255E-05   0.2303670E-08   0.1404559E-05
    60500.00  0.1378422E-05   0.2293513E-08   0.1380716E-05
    60700.00  0.1365383E-05   0.2283433E-08   0.1367666E-05
    60900.00  0.1348206E-05   0.2273429E-08   0.1350479E-05
    61100.00  0.1330564E-05   0.2263501E-08   0.1332828E-05
    61300.00  0.1320368E-05   0.2253648E-08   0.1322622E-05
    61500.00  0.1308229E-05   0.2243868E-08   0.1310473E-05
    61700.00  0.1300040E-05   0.2234162E-08   0.1302274E-05
    61900.00  0.1282387E-05   0.2224528E-08   0.1284612E-05
    62100.00  0.1271854E-05   0.2214966E-08   0.1274069E-05
    62300.00  0.1251804E-05   0.2205474E-08   0.1254009E-05
    62500.00  0.1232730E-05   0.2196053E-08   0.1234926E-05
    62700.00  0.1219988E-05   0.2186701E-08   0.1222175E-05
    62900.00  0.1207433E-05   0.2177418E-08   0.1209610E-05
    63100.00  0.1193625E-05   0.2168203E-08   0.1195793E-05
    63300.00  0.1185775E-05   0.2159055E-08   0.1187934E-05
    63500.00  0.1169202E-05   0.2149974E-08   0.1171352E-05
    63700.00  0.1162750E-05   0.2140959E-08   0.1164891E-05
    63900.00  0.1141274E-05   0.2132010E-08   0.1143406E-05
    64200.00  0.1126403E-05   0.2118706E-08   0.1128522E-05
    64600.00  0.1099165E-05   0.2101191E-08   0.1101266E-05
    65000.00  0.1075951E-05   0.2083926E-08   0.1078035E-05
    65400.00  0.1051281E-05   0.2066906E-08   0.1053348E-05
    65800.00  0.1030281E-05   0.2050126E-08   0.1032331E-05
    66200.00  0.1005875E-05   0.2026249E-08   0.1007901E-05
    66600.00  0.9843566E-06   0.2010012E-08   0.9863666E-06
    67000.00  0.9638051E-06   0.1994000E-08   0.9657991E-06
    67400.00  0.9411224E-06   0.1978210E-08   0.9431006E-06
    67800.00  0.9209180E-06   0.1962636E-08   0.9228806E-06
    68200.00  0.9006671E-06   0.1947274E-08   0.9026144E-06
    68600.00  0.8822457E-06   0.1932122E-08   0.8841778E-06
    69000.00  0.8618872E-06   0.1917174E-08   0.8638044E-06
    69400.00  0.8436933E-06   0.1902395E-08   0.8455957E-06
    69800.00  0.8254985E-06   0.1887845E-08   0.8273863E-06
    70200.00  0.8073138E-06   0.1873488E-08   0.8091873E-06
    70600.00  0.7908295E-06   0.1859321E-08   0.7926888E-06
    71000.00  0.7736121E-06   0.1845341E-08   0.7754574E-06
    71400.00  0.7575525E-06   0.1831543E-08   0.7593840E-06
    71800.00  0.7411938E-06   0.1817913E-08   0.7430117E-06
    72200.00  0.7257453E-06   0.1804472E-08   0.7275498E-06
    72600.00  0.7101465E-06   0.1791204E-08   0.7119377E-06
    73000.00  0.6954810E-06   0.1777975E-08   0.6972590E-06
    73400.00  0.6807514E-06   0.1765046E-08   0.6825164E-06
    73800.00  0.6668756E-06   0.1752280E-08   0.6686279E-06
    74200.00  0.6523054E-06   0.1708205E-08   0.6540136E-06
    74600.00  0.6367781E-06   0.1696058E-08   0.6384742E-06
    75000.00  0.6240405E-06   0.1684063E-08   0.6257246E-06
    75400.00  0.6128248E-06   0.1672217E-08   0.6144970E-06
    75800.00  0.6009323E-06   0.1660518E-08   0.6025928E-06
    76200.00  0.5888008E-06   0.1648962E-08   0.5904498E-06
    76600.00  0.5768910E-06   0.1637547E-08   0.5785285E-06
    77000.00  0.5651951E-06   0.1626271E-08   0.5668214E-06
    77400.00  0.5540281E-06   0.1615132E-08   0.5556432E-06
    77800.00  0.5430115E-06   0.1604128E-08   0.5446156E-06
    78200.00  0.5321917E-06   0.1593255E-08   0.5337850E-06
    78600.00  0.5217956E-06   0.1582512E-08   0.5233781E-06
    79000.00  0.5114734E-06   0.1571897E-08   0.5130453E-06
    79400.00  0.5014708E-06   0.1561407E-08   0.5030322E-06
    79800.00  0.4917333E-06   0.1551041E-08   0.4932843E-06
    80200.00  0.4820024E-06   0.1540797E-08   0.4835432E-06
    80600.00  0.4725628E-06   0.1530671E-08   0.4740935E-06
    81000.00  0.4638069E-06   0.1520664E-08   0.4653276E-06
    81400.00  0.4546548E-06   0.1510772E-08   0.4561656E-06
    81800.00  0.4462296E-06   0.1500994E-08   0.4477306E-06
    82200.00  0.4378363E-06   0.1491327E-08   0.4393276E-06
    82600.00  0.4295860E-06   0.1478399E-08   0.4310644E-06
    83000.00  0.4215394E-06   0.1468981E-08   0.4230084E-06
    83400.00  0.4134575E-06   0.1459669E-08   0.4149172E-06
    83800.00  0.4058120E-06   0.1450461E-08   0.4072625E-06
    84200.00  0.3984911E-06   0.1441357E-08   0.3999325E-06
    84600.00  0.3910018E-06   0.1432354E-08   0.3924342E-06
    85000.00  0.3839156E-06   0.1423450E-08   0.3853391E-06
    85400.00  0.3768715E-06   0.1414645E-08   0.3782861E-06
    85800.00  0.3700547E-06   0.1405937E-08   0.3714606E-06
    86200.00  0.3634170E-06   0.1397309E-08   0.3648143E-06
    86600.00  0.3569045E-06   0.1388790E-08   0.3582933E-06
    87000.00  0.3504951E-06   0.1380363E-08   0.3518755E-06
    87400.00  0.3442636E-06   0.1372027E-08   0.3456356E-06
    87800.00  0.3380835E-06   0.1363781E-08   0.3394473E-06
    88200.00  0.3320635E-06   0.1355623E-08   0.3334191E-06
    88600.00  0.3261572E-06   0.1347552E-08   0.3275048E-06
    89000.00  0.3204032E-06   0.1339558E-08   0.3217428E-06
    89400.00  0.3149612E-06   0.1331656E-08   0.3162929E-06
    89800.00  0.3093300E-06   0.1323837E-08   0.3106538E-06
    90200.00  0.3041017E-06   0.1316048E-08   0.3054177E-06
    90600.00  0.2989534E-06   0.1308392E-08   0.3002618E-06
    91000.00  0.2935069E-06   0.1300815E-08   0.2948077E-06
    91400.00  0.2887166E-06   0.1278180E-08   0.2899948E-06
    91800.00  0.2838243E-06   0.1270845E-08   0.2850951E-06
    92200.00  0.2790771E-06   0.1263620E-08   0.2803407E-06
    92600.00  0.2743938E-06   0.1256468E-08   0.2756503E-06
    93000.00  0.2697601E-06   0.1249389E-08   0.2710095E-06
    93400.00  0.2652368E-06   0.1242381E-08   0.2664792E-06
    93800.00  0.2608378E-06   0.1235444E-08   0.2620732E-06
    94200.00  0.2565391E-06   0.1228576E-08   0.2577677E-06
    94600.00  0.2521924E-06   0.1221777E-08   0.2534142E-06
    95000.00  0.2480936E-06   0.1215045E-08   0.2493086E-06
    95400.00  0.2440576E-06   0.1208380E-08   0.2452660E-06
    95800.00  0.2400574E-06   0.1201781E-08   0.2412592E-06
    96200.00  0.2361452E-06   0.1195246E-08   0.2373404E-06
    96600.00  0.2323807E-06   0.1188776E-08   0.2335695E-06
    97000.00  0.2285914E-06   0.1182368E-08   0.2297738E-06
    97400.00  0.2247143E-06   0.1176022E-08   0.2258903E-06
    97800.00  0.2212627E-06   0.1169738E-08   0.2224324E-06
    98200.00  0.2177843E-06   0.1163514E-08   0.2189478E-06
    98600.00  0.2143830E-06   0.1157350E-08   0.2155403E-06
    99000.00  0.2109796E-06   0.1151245E-08   0.2121308E-06
    99400.00  0.2076503E-06   0.1145197E-08   0.2087955E-06
    99800.00  0.2043800E-06   0.1139207E-08   0.2055192E-06
   100200.00  0.2011792E-06   0.2985664E-09   0.2014778E-06
   200000.00  0.1303570E-07   0.7494045E-10   0.1311064E-07
   400000.00  0.8185195E-09   0.1873511E-10   0.8372546E-09
   600000.00  0.1607401E-09   0.8326717E-11   0.1690668E-09
   800000.00  0.5050784E-10   0.4683778E-11   0.5519162E-10
  1000000.00  0.2054562E-10   0.2997618E-11   0.2354324E-10
  1200000.00  0.9843595E-11   0.2081679E-11   0.1192527E-10
  1400000.00  0.5280763E-11   0.1529397E-11   0.6810160E-11
  1600000.00  0.3077154E-11   0.1170945E-11   0.4248099E-11
