       91.00  0.6043809E-11   0.0000000E+00   0.6043809E-11
       94.00  0.1076510E-09   0.0000000E+00   0.1076510E-09
       96.00  0.1466328E-09   0.0000000E+00   0.1466328E-09
       98.00  0.1834218E-09   0.0000000E+00   0.1834218E-09
      100.00  0.2300789E-09   0.0000000E+00   0.2300789E-09
      102.00  0.2926048E-09   0.0000000E+00   0.2926048E-09
      104.00  0.3585388E-09   0.0000000E+00   0.3585388E-09
      106.00  0.4405251E-09   0.0000000E+00   0.4405251E-09
      108.00  0.5396821E-09   0.0000000E+00   0.5396821E-09
      110.00  0.7235690E-09   0.0000000E+00   0.7235690E-09
      114.00  0.9675357E-09   0.0000000E+00   0.9675357E-09
      118.00  0.1237167E-08   0.0000000E+00   0.1237167E-08
      121.00  0.2891026E-08   0.0000000E+00   0.2891026E-08
      125.00  0.3824007E-08   0.0000000E+00   0.3824007E-08
      127.00  0.4117507E-08   0.0000000E+00   0.4117507E-08
      128.00  0.4681445E-08   0.0000000E+00   0.4681445E-08
      131.00  0.4719968E-08   0.0000000E+00   0.4719968E-08
      132.00  0.6393875E-08   0.0000000E+00   0.6393875E-08
      134.00  0.6488111E-08   0.0000000E+00   0.6488111E-08
      137.00  0.6841323E-08   0.0000000E+00   0.6841323E-08
      140.00  0.8363477E-08   0.0000000E+00   0.8363477E-08
      143.00  0.1769621E-07   0.0000000E+00   0.1769621E-07
      147.00  0.4530214E-07   0.0000000E+00   0.4530214E-07
      151.00  0.5149326E-07   0.0000000E+00   0.5149326E-07
      155.00  0.5132158E-07   0.0000000E+00   0.5132158E-07
      159.00  0.6016956E-07   0.0000000E+00   0.6016956E-07
      162.00  0.6936195E-07   0.0000000E+00   0.6936195E-07
      166.00  0.6896887E-07   0.0000000E+00   0.6896887E-07
      170.00  0.6797207E-07   0.0000000E+00   0.6797207E-07
      173.00  0.7778069E-07   0.0000000E+00   0.7778069E-07
      177.00  0.6716330E-07   0.0000000E+00   0.6716330E-07
      180.00  0.7969714E-07   0.0000000E+00   0.7969714E-07
      182.00  0.7465125E-07   0.0000000E+00   0.7465125E-07
      186.00  0.7679731E-07   0.0000000E+00   0.7679731E-07
      191.00  0.8175063E-07   0.0000000E+00   0.8175063E-07
      194.00  0.8893937E-07   0.0000000E+00   0.8893937E-07
      198.00  0.9318982E-07   0.0000000E+00   0.9318982E-07
      202.00  0.1015002E-06   0.0000000E+00   0.1015002E-06
      205.00  0.9914788E-07   0.0000000E+00   0.9914788E-07
      210.00  0.1030122E-06   0.0000000E+00   0.1030122E-06
      216.00  0.1019431E-06   0.0000000E+00   0.1019431E-06
      220.00  0.1094599E-06   0.0000000E+00   0.1094599E-06
      223.00  0.1115324E-06   0.0000000E+00   0.1115324E-06
      227.00  0.1145529E-06   0.0000000E+00   0.1145529E-06
      228.00  0.1153539E-06   0.0000000E+00   0.1153539E-06
      228.00  0.4424704E-06   0.0000000E+00   0.4424704E-06
      230.00  0.2056238E-06   0.0000000E+00   0.2056238E-06
      234.00  0.6793170E-06   0.0000000E+00   0.6793170E-06
      240.00  0.1269375E-05   0.0000000E+00   0.1269375E-05
      246.00  0.1487807E-05   0.0000000E+00   0.1487807E-05
      252.00  0.2030360E-05   0.0000000E+00   0.2030360E-05
      257.00  0.1531301E-05   0.0000000E+00   0.1531301E-05
      260.00  0.2036408E-05   0.0000000E+00   0.2036408E-05
      264.00  0.2088965E-05   0.0000000E+00   0.2088965E-05
      269.00  0.2069767E-05   0.0000000E+00   0.2069767E-05
      274.00  0.2233659E-05   0.0000000E+00   0.2233659E-05
      279.00  0.1876803E-05   0.0000000E+00   0.1876803E-05
      284.00  0.1941586E-05   0.0000000E+00   0.1941586E-05
      290.00  0.1715747E-05   0.0000000E+00   0.1715747E-05
      296.00  0.1639889E-05   0.0000000E+00   0.1639889E-05
      301.00  0.1324311E-05   0.0000000E+00   0.1324311E-05
      308.00  0.1530698E-05   0.0000000E+00   0.1530698E-05
      318.00  0.1693112E-05   0.0000000E+00   0.1693112E-05
      328.00  0.1752160E-05   0.0000000E+00   0.1752160E-05
      338.00  0.1534684E-05   0.0000000E+00   0.1534684E-05
      348.00  0.1394770E-05   0.0000000E+00   0.1394770E-05
      353.30  0.1352063E-05   0.0000000E+00   0.1352063E-05
      353.30  0.1324697E-05   0.0000000E+00   0.1324697E-05
      357.00  0.1313457E-05   0.0000000E+00   0.1313457E-05
      366.00  0.1286116E-05   0.0000000E+00   0.1286116E-05
      375.00  0.1273440E-05   0.0000000E+00   0.1273440E-05
      385.00  0.1144875E-05   0.0000000E+00   0.1144875E-05
      395.00  0.1093689E-05   0.0000000E+00   0.1093689E-05
      405.00  0.1065507E-05   0.0000000E+00   0.1065507E-05
      414.00  0.1081872E-05   0.0000000E+00   0.1081872E-05
      422.00  0.9712614E-06   0.0000000E+00   0.9712614E-06
      430.00  0.9050545E-06   0.0000000E+00   0.9050545E-06
      441.00  0.8866142E-06   0.0000000E+00   0.8866142E-06
      451.00  0.9494173E-06   0.0000000E+00   0.9494173E-06
      460.00  0.8381332E-06   0.0000000E+00   0.8381332E-06
      470.00  0.8365143E-06   0.0000000E+00   0.8365143E-06
      480.00  0.8162640E-06   0.0000000E+00   0.8162640E-06
      490.00  0.7348210E-06   0.0000000E+00   0.7348210E-06
      500.00  0.7692449E-06   0.0000000E+00   0.7692449E-06
      504.60  0.8154572E-06   0.0000000E+00   0.8154572E-06
      504.60  0.6853456E-06   0.0000000E+00   0.6853456E-06
      506.00  0.6939501E-06   0.0000000E+00   0.6939501E-06
      512.00  0.7197635E-06   0.0000000E+00   0.7197635E-06
      520.00  0.7037760E-06   0.0000000E+00   0.7037760E-06
      530.00  0.6672018E-06   0.0000000E+00   0.6672018E-06
      540.00  0.5327359E-06   0.0000000E+00   0.5327359E-06
      550.00  0.4991263E-06   0.0000000E+00   0.4991263E-06
      560.00  0.5667803E-06   0.0000000E+00   0.5667803E-06
      570.00  0.5662458E-06   0.0000000E+00   0.5662458E-06
      580.00  0.5236088E-06   0.0000000E+00   0.5236088E-06
      590.00  0.5751323E-06   0.0000000E+00   0.5751323E-06
      600.00  0.4953463E-06   0.0000000E+00   0.4953463E-06
      610.00  0.4661306E-06   0.0000000E+00   0.4661306E-06
      620.00  0.4455261E-06   0.0000000E+00   0.4455261E-06
      630.00  0.4171216E-06   0.0000000E+00   0.4171216E-06
      640.00  0.4647001E-06   0.0000000E+00   0.4647001E-06
      650.00  0.4257276E-06   0.0000000E+00   0.4257276E-06
      658.00  0.3886022E-06   0.0000000E+00   0.3886022E-06
      665.00  0.3403927E-06   0.0000000E+00   0.3403927E-06
      675.00  0.4008470E-06   0.0000000E+00   0.4008470E-06
      685.00  0.4020971E-06   0.0000000E+00   0.4020971E-06
      695.00  0.3457890E-06   0.0000000E+00   0.3457890E-06
      705.00  0.3428265E-06   0.0000000E+00   0.3428265E-06
      716.00  0.3644056E-06   0.0000000E+00   0.3644056E-06
      726.00  0.3543641E-06   0.0000000E+00   0.3543641E-06
      735.00  0.3277642E-06   0.0000000E+00   0.3277642E-06
      745.00  0.3023192E-06   0.0000000E+00   0.3023192E-06
      755.00  0.2546704E-06   0.0000000E+00   0.2546704E-06
      765.00  0.3518168E-06   0.0000000E+00   0.3518168E-06
      775.00  0.3049799E-06   0.0000000E+00   0.3049799E-06
      785.00  0.1838345E-06   0.0000000E+00   0.1838345E-06
      795.00  0.2664910E-06   0.0000000E+00   0.2664910E-06
      805.00  0.2765633E-06   0.0000000E+00   0.2765633E-06
      815.00  0.2573495E-06   0.0000000E+00   0.2573495E-06
      825.00  0.2579449E-06   0.0000000E+00   0.2579449E-06
      835.00  0.2117835E-06   0.0000000E+00   0.2117835E-06
      845.00  0.2356696E-06   0.0000000E+00   0.2356696E-06
      855.00  0.2293805E-06   0.0000000E+00   0.2293805E-06
      865.00  0.2326303E-06   0.0000000E+00   0.2326303E-06
      875.00  0.2218242E-06   0.0000000E+00   0.2218242E-06
      885.00  0.2250525E-06   0.0000000E+00   0.2250525E-06
      895.00  0.2174839E-06   0.0000000E+00   0.2174839E-06
      905.00  0.2065582E-06   0.0000000E+00   0.2065582E-06
      912.40  0.1963118E-06   0.2267618E-12   0.1963121E-06
      912.40  0.5632721E-06   0.2267675E-12   0.5632723E-06
      915.00  0.5455331E-06   0.2459646E-12   0.5455333E-06
      925.00  0.4773055E-06   0.3145577E-12   0.4773058E-06
      935.00  0.5396313E-06   0.4000744E-12   0.5396317E-06
      945.00  0.4923772E-06   0.5061399E-12   0.4923777E-06
      955.00  0.4846110E-06   0.6370357E-12   0.4846116E-06
      965.00  0.5509700E-06   0.7977941E-12   0.5509708E-06
      975.00  0.3160289E-06   0.9943043E-12   0.3160299E-06
      985.00  0.2256898E-06   0.1233429E-11   0.2256910E-06
      995.00  0.5384891E-06   0.1523133E-11   0.5384906E-06
     1005.00  0.4679069E-06   0.1872621E-11   0.4679088E-06
     1015.00  0.4687531E-06   0.2292491E-11   0.4687554E-06
     1025.00  0.4297527E-06   0.2794901E-11   0.4297555E-06
     1035.00  0.4333694E-06   0.3393745E-11   0.4333728E-06
     1045.00  0.4939665E-06   0.4104862E-11   0.4939706E-06
     1055.00  0.4893899E-06   0.4946204E-11   0.4893948E-06
     1065.00  0.4625986E-06   0.5938084E-11   0.4626045E-06
     1075.00  0.3854470E-06   0.7103409E-11   0.3854541E-06
     1085.00  0.4050396E-06   0.8467931E-11   0.4050481E-06
     1095.00  0.4461234E-06   0.1006051E-10   0.4461335E-06
     1105.00  0.4410009E-06   0.1191338E-10   0.4410128E-06
     1115.00  0.3090802E-06   0.1406247E-10   0.3090943E-06
     1125.00  0.2415326E-06   0.1654768E-10   0.2415491E-06
     1135.00  0.4140338E-06   0.1941326E-10   0.4140532E-06
     1145.00  0.4087149E-06   0.2270808E-10   0.4087376E-06
     1155.00  0.2497449E-06   0.2648603E-10   0.2497714E-06
     1165.00  0.2415355E-06   0.3080637E-10   0.2415663E-06
     1175.00  0.2641358E-06   0.3573410E-10   0.2641715E-06
     1185.00  0.3758518E-06   0.4134037E-10   0.3758931E-06
     1195.00  0.3347652E-06   0.4770286E-10   0.3348129E-06
     1205.00  0.2926411E-06   0.5490621E-10   0.2926960E-06
     1215.00  0.2531730E-06   0.6304246E-10   0.2532360E-06
     1225.00  0.2949044E-06   0.8737358E-08   0.3036418E-06
     1235.00  0.3392244E-06   0.1660891E-07   0.3558333E-06
     1245.00  0.2836098E-06   0.2330065E-07   0.3069104E-06
     1255.00  0.2812096E-06   0.2901713E-07   0.3102267E-06
     1265.00  0.3163591E-06   0.3391008E-07   0.3502692E-06
     1275.00  0.3238046E-06   0.3809946E-07   0.3619041E-06
     1285.00  0.2682165E-06   0.4168326E-07   0.3098998E-06
     1295.00  0.2701515E-06   0.4474307E-07   0.3148946E-06
     1305.00  0.2944825E-06   0.4734773E-07   0.3418302E-06
     1315.00  0.2609709E-06   0.4955585E-07   0.3105267E-06
     1325.00  0.2452180E-06   0.5141773E-07   0.2966357E-06
     1335.00  0.2760875E-06   0.5297677E-07   0.3290643E-06
     1345.00  0.2207319E-06   0.5427058E-07   0.2750025E-06
     1355.00  0.2822978E-06   0.5533192E-07   0.3376297E-06
     1365.00  0.2676654E-06   0.5618939E-07   0.3238548E-06
     1375.00  0.2598933E-06   0.5686805E-07   0.3167614E-06
     1385.00  0.2139432E-06   0.5738995E-07   0.2713331E-06
     1395.00  0.2257393E-06   0.5777448E-07   0.2835138E-06
     1405.00  0.2812356E-06   0.5803880E-07   0.3392744E-06
     1415.00  0.2323841E-06   0.5819806E-07   0.2905822E-06
     1425.00  0.1906472E-06   0.5826575E-07   0.2489129E-06
     1435.00  0.2241133E-06   0.5825381E-07   0.2823671E-06
     1442.00  0.2348846E-06   0.5820384E-07   0.2930884E-06
     1447.00  0.2275550E-06   0.5814932E-07   0.2857043E-06
     1455.00  0.2358688E-06   0.5803258E-07   0.2939014E-06
     1465.00  0.2150835E-06   0.5784133E-07   0.2729248E-06
     1475.00  0.2241513E-06   0.5760677E-07   0.2817581E-06
     1485.00  0.2096803E-06   0.5733578E-07   0.2670161E-06
     1495.00  0.2232176E-06   0.5703453E-07   0.2802521E-06
     1505.00  0.2054871E-06   0.5670859E-07   0.2621957E-06
     1512.00  0.1857717E-06   0.5646846E-07   0.2422402E-06
     1517.00  0.1980817E-06   0.5629194E-07   0.2543736E-06
     1525.00  0.1745959E-06   0.5600233E-07   0.2305982E-06
     1535.00  0.1783548E-06   0.5563074E-07   0.2339855E-06
     1545.00  0.1128617E-06   0.5525201E-07   0.1681137E-06
     1555.00  0.1990195E-06   0.5486944E-07   0.2538889E-06
     1565.00  0.1232175E-06   0.5448632E-07   0.1777038E-06
     1575.00  0.1741174E-06   0.5410560E-07   0.2282230E-06
     1585.00  0.1360573E-06   0.5372996E-07   0.1897873E-06
     1595.00  0.1875156E-06   0.5336190E-07   0.2408775E-06
     1605.00  0.1896475E-06   0.5300374E-07   0.2426512E-06
     1615.00  0.1875874E-06   0.5265765E-07   0.2402450E-06
     1625.00  0.1810948E-06   0.5232564E-07   0.2334204E-06
     1635.00  0.1809480E-06   0.5200962E-07   0.2329576E-06
     1645.00  0.1794677E-06   0.5171139E-07   0.2311791E-06
     1655.00  0.1723360E-06   0.5143265E-07   0.2237687E-06
     1665.00  0.1791254E-06   0.5117503E-07   0.2303004E-06
     1672.00  0.1671835E-06   0.5100809E-07   0.2181916E-06
     1677.00  0.1824364E-06   0.5089593E-07   0.2333323E-06
     1685.00  0.1861750E-06   0.5072925E-07   0.2369043E-06
     1695.00  0.1825638E-06   0.5054401E-07   0.2331078E-06
     1705.00  0.1790322E-06   0.5038572E-07   0.2294179E-06
     1715.00  0.1788929E-06   0.5025572E-07   0.2291486E-06
     1725.00  0.1812693E-06   0.5015532E-07   0.2314246E-06
     1735.00  0.1923801E-06   0.5008577E-07   0.2424659E-06
     1745.00  0.1965454E-06   0.5004833E-07   0.2465937E-06
     1755.00  0.2219145E-06   0.5004421E-07   0.2719587E-06
     1765.00  0.2008053E-06   0.5007461E-07   0.2508799E-06
     1775.00  0.2138686E-06   0.5014071E-07   0.2640093E-06
     1785.00  0.2293743E-06   0.5024370E-07   0.2796180E-06
     1795.00  0.2758584E-06   0.5038475E-07   0.3262432E-06
     1805.00  0.2537137E-06   0.5056503E-07   0.3042787E-06
     1815.00  0.2340268E-06   0.5078564E-07   0.2848124E-06
     1825.00  0.2556169E-06   0.5104773E-07   0.3066646E-06
     1835.00  0.2516905E-06   0.5135245E-07   0.3030429E-06
     1845.00  0.2091939E-06   0.5170092E-07   0.2608948E-06
     1855.00  0.2639369E-06   0.5209426E-07   0.3160312E-06
     1865.00  0.3067321E-06   0.5253362E-07   0.3592657E-06
     1875.00  0.3141255E-06   0.5302012E-07   0.3671456E-06
     1885.00  0.3190535E-06   0.5355489E-07   0.3726084E-06
     1895.00  0.3783242E-06   0.5413907E-07   0.4324633E-06
     1905.00  0.3636351E-06   0.5477379E-07   0.4184089E-06
     1915.00  0.3825104E-06   0.5546018E-07   0.4379706E-06
     1925.00  0.3348538E-06   0.5619939E-07   0.3910532E-06
     1935.00  0.2376898E-06   0.5699255E-07   0.2946824E-06
     1945.00  0.4385830E-06   0.5783987E-07   0.4964229E-06
     1955.00  0.4472124E-06   0.5874201E-07   0.5059544E-06
     1967.00  0.5523589E-06   0.5989980E-07   0.6122587E-06
     1976.00  0.4843419E-06   0.6082308E-07   0.5451650E-06
     1984.00  0.6114758E-06   0.6168405E-07   0.6731599E-06
     1995.00  0.6448190E-06   0.6293084E-07   0.7077498E-06
     2005.00  0.6019534E-06   0.6412867E-07   0.6660821E-06
     2015.00  0.6312997E-06   0.6538897E-07   0.6966887E-06
     2025.00  0.5115677E-06   0.6671283E-07   0.5782805E-06
     2035.00  0.7095989E-06   0.6810539E-07   0.7777043E-06
     2045.00  0.8097028E-06   0.6956580E-07   0.8792686E-06
     2055.00  0.7710000E-06   0.2814648E-07   0.7991465E-06
     2065.00  0.7406691E-06   0.2783832E-07   0.7685074E-06
     2074.00  0.8329683E-06   0.2756732E-07   0.8605356E-06
     2078.00  0.2065892E-05   0.2744879E-07   0.2093341E-05
     2085.00  0.2759395E-05   0.2724419E-07   0.2786639E-05
     2095.00  0.2505973E-05   0.2695810E-07   0.2532931E-05
     2105.00  0.2357341E-05   0.2667927E-07   0.2384020E-05
     2115.00  0.2701343E-05   0.2640763E-07   0.2727751E-05
     2125.00  0.2308149E-05   0.2614314E-07   0.2334292E-05
     2135.00  0.2161230E-05   0.2588573E-07   0.2187116E-05
     2145.00  0.2927842E-05   0.2563536E-07   0.2953477E-05
     2155.00  0.2927339E-05   0.2539197E-07   0.2952731E-05
     2165.00  0.2439225E-05   0.2515551E-07   0.2464381E-05
     2175.00  0.2502442E-05   0.2492594E-07   0.2527368E-05
     2185.00  0.3322871E-05   0.2470322E-07   0.3347574E-05
     2195.00  0.3219147E-05   0.2448728E-07   0.3243634E-05
     2205.00  0.3108110E-05   0.2427807E-07   0.3132388E-05
     2215.00  0.2229418E-05   0.2407554E-07   0.2253494E-05
     2225.00  0.2720986E-05   0.2387963E-07   0.2744866E-05
     2235.00  0.3801752E-05   0.2369030E-07   0.3825442E-05
     2245.00  0.3587930E-05   0.2350750E-07   0.3611438E-05
     2255.00  0.2549296E-05   0.2333119E-07   0.2572627E-05
     2265.00  0.2330262E-05   0.2316130E-07   0.2353423E-05
     2275.00  0.2655957E-05   0.2299781E-07   0.2678955E-05
     2285.00  0.3816295E-05   0.2284058E-07   0.3839136E-05
     2295.00  0.3043036E-05   0.2268954E-07   0.3065726E-05
     2305.00  0.3905899E-05   0.2254475E-07   0.3928444E-05
     2315.00  0.3123084E-05   0.2240614E-07   0.3145490E-05
     2325.00  0.2401983E-05   0.2227368E-07   0.2424257E-05
     2335.00  0.1942521E-05   0.2214732E-07   0.1964668E-05
     2345.00  0.1159031E-05   0.2202702E-07   0.1181058E-05
     2355.00  0.2739591E-05   0.2191274E-07   0.2761504E-05
     2365.00  0.1344402E-05   0.2180444E-07   0.1366206E-05
     2375.00  0.1910875E-05   0.2170207E-07   0.1932577E-05
     2385.00  0.9700862E-06   0.2160559E-07   0.9916918E-06
     2395.00  0.1306919E-05   0.2151496E-07   0.1328434E-05
     2405.00  0.1304371E-05   0.2143016E-07   0.1325801E-05
     2415.00  0.1704196E-05   0.2135114E-07   0.1725547E-05
     2425.00  0.3389907E-05   0.2127786E-07   0.3411185E-05
     2435.00  0.3458252E-05   0.2121028E-07   0.3479462E-05
     2445.00  0.4241524E-05   0.2114836E-07   0.4262672E-05
     2455.00  0.4589271E-05   0.2109206E-07   0.4610363E-05
     2465.00  0.3789463E-05   0.2104135E-07   0.3810504E-05
     2475.00  0.3297233E-05   0.2099619E-07   0.3318229E-05
     2485.00  0.1778945E-05   0.2095654E-07   0.1799902E-05
     2495.00  0.2378413E-05   0.2092237E-07   0.2399335E-05
     2505.00  0.4068902E-05   0.2089364E-07   0.4089796E-05
     2513.00  0.1356053E-05   0.2087456E-07   0.1376928E-05
     2518.00  0.9867585E-06   0.2086438E-07   0.1007623E-05
     2525.00  0.1170636E-05   0.2085238E-07   0.1191488E-05
     2535.00  0.2300004E-05   0.2083977E-07   0.2320844E-05
     2545.00  0.2514898E-05   0.2083251E-07   0.2535731E-05
     2555.00  0.5068810E-05   0.2083052E-07   0.5089641E-05
     2565.00  0.3526341E-05   0.2083377E-07   0.3547175E-05
     2575.00  0.4661688E-05   0.2084224E-07   0.4682530E-05
     2585.00  0.3979444E-05   0.2085589E-07   0.4000300E-05
     2595.00  0.3431011E-05   0.2087468E-07   0.3451886E-05
     2605.00  0.2832951E-05   0.1979773E-07   0.2852749E-05
     2615.00  0.2493708E-05   0.1980689E-07   0.2513515E-05
     2625.00  0.3697403E-05   0.1982100E-07   0.3717224E-05
     2635.00  0.7067927E-05   0.1984002E-07   0.7087767E-05
     2645.00  0.9969085E-05   0.1986393E-07   0.9988949E-05
     2655.00  0.1372068E-04   0.1989271E-07   0.1374057E-04
     2665.00  0.8426310E-05   0.1992632E-07   0.8446236E-05
     2675.00  0.9838932E-05   0.1996474E-07   0.9858897E-05
     2685.00  0.1133118E-04   0.2000795E-07   0.1135119E-04
     2695.00  0.8245039E-05   0.2005592E-07   0.8265095E-05
     2705.00  0.1023868E-04   0.2010861E-07   0.1025879E-04
     2715.00  0.7240018E-05   0.2016601E-07   0.7260184E-05
     2725.00  0.5843770E-05   0.2022810E-07   0.5863998E-05
     2735.00  0.7495300E-05   0.2029483E-07   0.7515595E-05
     2745.00  0.3638259E-05   0.2036620E-07   0.3658625E-05
     2755.00  0.5256520E-05   0.2044217E-07   0.5276962E-05
     2765.00  0.7153539E-05   0.2052273E-07   0.7174062E-05
     2775.00  0.7711704E-05   0.2060783E-07   0.7732312E-05
     2785.00  0.4173425E-05   0.2069747E-07   0.4194122E-05
     2795.00  0.1631377E-05   0.2079161E-07   0.1652169E-05
     2805.00  0.2050383E-05   0.2089023E-07   0.2071273E-05
     2815.00  0.6616673E-05   0.2099330E-07   0.6637666E-05
     2825.00  0.1056393E-04   0.2110081E-07   0.1058503E-04
     2835.00  0.1025175E-04   0.2121272E-07   0.1027296E-04
     2845.00  0.7515643E-05   0.2132901E-07   0.7536972E-05
     2855.00  0.4004340E-05   0.2144948E-07   0.4025789E-05
     2865.00  0.1076354E-04   0.2157408E-07   0.1078511E-04
     2875.00  0.1408552E-04   0.2170295E-07   0.1410722E-04
     2885.00  0.1226605E-04   0.2183608E-07   0.1228789E-04
     2895.00  0.1469303E-04   0.2197343E-07   0.1471500E-04
     2910.00  0.1954849E-04   0.2218734E-07   0.1957068E-04
     2930.00  0.1699077E-04   0.2248711E-07   0.1701326E-04
     2950.00  0.1598337E-04   0.2280334E-07   0.1600617E-04
     2970.00  0.1707030E-04   0.2313583E-07   0.1709344E-04
     2990.00  0.1729678E-04   0.2348437E-07   0.1732026E-04
     3010.00  0.1792361E-04   0.2384877E-07   0.1794746E-04
     3030.00  0.1860775E-04   0.2422883E-07   0.1863198E-04
     3050.00  0.1950835E-04   0.2462440E-07   0.1953297E-04
     3070.00  0.2053034E-04   0.2503531E-07   0.2055538E-04
     3090.00  0.2031544E-04   0.2546131E-07   0.2034090E-04
     3110.00  0.2262823E-04   0.2590218E-07   0.2265413E-04
     3130.00  0.2135365E-04   0.2610926E-07   0.2137976E-04
     3150.00  0.2096086E-04   0.2657267E-07   0.2098743E-04
     3170.00  0.2287768E-04   0.2705029E-07   0.2290473E-04
     3190.00  0.1988354E-04   0.2754192E-07   0.1991108E-04
     3210.00  0.2238924E-04   0.2804735E-07   0.2241729E-04
     3230.00  0.1865038E-04   0.2856638E-07   0.1867895E-04
     3250.00  0.2558997E-04   0.2909880E-07   0.2561907E-04
     3270.00  0.2959558E-04   0.2964389E-07   0.2962522E-04
     3290.00  0.2883038E-04   0.3020153E-07   0.2886058E-04
     3310.00  0.2759176E-04   0.3077179E-07   0.2762253E-04
     3330.00  0.2824072E-04   0.3135445E-07   0.2827207E-04
     3350.00  0.2750807E-04   0.3194929E-07   0.2754002E-04
     3370.00  0.2136249E-04   0.3255610E-07   0.2139505E-04
     3390.00  0.2416883E-04   0.3317468E-07   0.2420200E-04
     3410.00  0.2469977E-04   0.3380480E-07   0.2473357E-04
     3430.00  0.2569825E-04   0.3199659E-07   0.2573025E-04
     3450.00  0.2709809E-04   0.3258512E-07   0.2713068E-04
     3470.00  0.2789674E-04   0.3318386E-07   0.2792992E-04
     3490.00  0.3068881E-04   0.3379261E-07   0.3072260E-04
     3510.00  0.3243974E-04   0.3441115E-07   0.3247415E-04
     3530.00  0.2946719E-04   0.3503905E-07   0.2950223E-04
     3550.00  0.3401650E-04   0.3567631E-07   0.3405218E-04
     3570.00  0.2476044E-04   0.3632274E-07   0.2479676E-04
     3590.00  0.2461659E-04   0.3697814E-07   0.2465357E-04
     3610.00  0.2967002E-04   0.3764230E-07   0.2970766E-04
     3630.00  0.3100316E-04   0.3831503E-07   0.3104148E-04
     3640.00  0.3209706E-04   0.3865455E-07   0.3213571E-04
     3650.00  0.3626763E-04   0.5919738E-08   0.3627355E-04
     3670.00  0.3764003E-04   0.5869275E-08   0.3764590E-04
     3690.00  0.3431570E-04   0.5341185E-08   0.3432104E-04
     3710.00  0.3666159E-04   0.5283532E-08   0.3666687E-04
     3730.00  0.2688171E-04   0.5227732E-08   0.2688694E-04
     3750.00  0.3027051E-04   0.5173736E-08   0.3027568E-04
     3770.00  0.3709816E-04   0.5121497E-08   0.3710328E-04
     3790.00  0.3861288E-04   0.5070970E-08   0.3861795E-04
     3810.00  0.3800321E-04   0.5022110E-08   0.3800823E-04
     3830.00  0.2361050E-04   0.4974875E-08   0.2361547E-04
     3850.00  0.3237535E-04   0.4929223E-08   0.3238028E-04
     3870.00  0.3216742E-04   0.4885112E-08   0.3217231E-04
     3890.00  0.3600666E-04   0.4842503E-08   0.3601150E-04
     3910.00  0.4257818E-04   0.4801358E-08   0.4258298E-04
     3930.00  0.2089480E-04   0.4761639E-08   0.2089956E-04
     3950.00  0.3605321E-04   0.4723310E-08   0.3605793E-04
     3970.00  0.2466870E-04   0.4686341E-08   0.2467339E-04
     3990.00  0.5204835E-04   0.4650711E-08   0.5205300E-04
     4010.00  0.5689518E-04   0.4616366E-08   0.5689980E-04
     4030.00  0.5689208E-04   0.4583274E-08   0.5689666E-04
     4050.00  0.5459712E-04   0.4551402E-08   0.5460167E-04
     4070.00  0.5208850E-04   0.4520720E-08   0.5209302E-04
     4090.00  0.6147802E-04   0.4491197E-08   0.6148251E-04
     4110.00  0.5756471E-04   0.4462803E-08   0.5756917E-04
     4130.00  0.5766165E-04   0.4435510E-08   0.5766609E-04
     4150.00  0.5722878E-04   0.4409291E-08   0.5723319E-04
     4170.00  0.5746548E-04   0.4384117E-08   0.5746986E-04
     4190.00  0.5646326E-04   0.4359962E-08   0.5646762E-04
     4210.00  0.5719044E-04   0.4336801E-08   0.5719478E-04
     4230.00  0.5489383E-04   0.4314607E-08   0.5489814E-04
     4250.00  0.5776788E-04   0.4293357E-08   0.5777217E-04
     4270.00  0.5449407E-04   0.4273027E-08   0.5449834E-04
     4290.00  0.5079688E-04   0.4253592E-08   0.5080113E-04
     4310.00  0.4369649E-04   0.4235031E-08   0.4370073E-04
     4330.00  0.6175869E-04   0.4217321E-08   0.6176291E-04
     4350.00  0.6054789E-04   0.4200442E-08   0.6055209E-04
     4370.00  0.6706562E-04   0.4184372E-08   0.6706980E-04
     4390.00  0.6002454E-04   0.4169091E-08   0.6002871E-04
     4410.00  0.6344231E-04   0.4154576E-08   0.6344646E-04
     4430.00  0.6762588E-04   0.4140809E-08   0.6763002E-04
     4450.00  0.6792116E-04   0.4127771E-08   0.6792529E-04
     4470.00  0.7217520E-04   0.4115443E-08   0.7217932E-04
     4490.00  0.7364961E-04   0.4103806E-08   0.7365371E-04
     4510.00  0.8325555E-04   0.4092843E-08   0.8325964E-04
     4530.00  0.7318289E-04   0.4082536E-08   0.7318697E-04
     4550.00  0.7620816E-04   0.4072868E-08   0.7621223E-04
     4570.00  0.8215647E-04   0.4063824E-08   0.8216053E-04
     4590.00  0.7778927E-04   0.4055386E-08   0.7779333E-04
     4610.00  0.7983566E-04   0.4047538E-08   0.7983971E-04
     4630.00  0.7782710E-04   0.4040266E-08   0.7783114E-04
     4650.00  0.7922390E-04   0.4033555E-08   0.7922793E-04
     4670.00  0.8240281E-04   0.4027388E-08   0.8240684E-04
     4690.00  0.8117035E-04   0.4021754E-08   0.8117437E-04
     4710.00  0.7841493E-04   0.4016636E-08   0.7841895E-04
     4730.00  0.8135966E-04   0.4012022E-08   0.8136367E-04
     4750.00  0.8401478E-04   0.4007898E-08   0.8401879E-04
     4770.00  0.8316039E-04   0.4004251E-08   0.8316439E-04
     4790.00  0.8311815E-04   0.4001068E-08   0.8312215E-04
     4810.00  0.8266207E-04   0.3998325E-08   0.8266607E-04
     4830.00  0.8550787E-04   0.3996007E-08   0.8551187E-04
     4850.00  0.8013931E-04   0.3994115E-08   0.8014330E-04
     4870.00  0.7283355E-04   0.3992638E-08   0.7283754E-04
     4890.00  0.8205102E-04   0.3991565E-08   0.8205501E-04
     4910.00  0.8188428E-04   0.3990883E-08   0.8188827E-04
     4930.00  0.8038699E-04   0.3990583E-08   0.8039098E-04
     4950.00  0.8419804E-04   0.3990654E-08   0.8420203E-04
     4970.00  0.8291828E-04   0.3991085E-08   0.8292227E-04
     4990.00  0.7711097E-04   0.3991866E-08   0.7711496E-04
     5010.00  0.7295068E-04   0.3992988E-08   0.7295467E-04
     5030.00  0.7752544E-04   0.3994440E-08   0.7752943E-04
     5050.00  0.7735390E-04   0.3996213E-08   0.7735790E-04
     5070.00  0.8094390E-04   0.3998309E-08   0.8094790E-04
     5090.00  0.7632590E-04   0.4000758E-08   0.7632990E-04
     5110.00  0.7843240E-04   0.4003499E-08   0.7843640E-04
     5130.00  0.7549378E-04   0.4006525E-08   0.7549779E-04
     5150.00  0.7255677E-04   0.4009825E-08   0.7256078E-04
     5170.00  0.6723973E-04   0.4013394E-08   0.6724374E-04
     5190.00  0.6943838E-04   0.4017221E-08   0.6944240E-04
     5210.00  0.7483291E-04   0.4021299E-08   0.7483693E-04
     5230.00  0.7977077E-04   0.4025621E-08   0.7977480E-04
     5250.00  0.8284290E-04   0.4030179E-08   0.8284693E-04
     5270.00  0.7342981E-04   0.4034965E-08   0.7343384E-04
     5290.00  0.8382180E-04   0.4039973E-08   0.8382584E-04
     5310.00  0.8892466E-04   0.4045196E-08   0.8892871E-04
     5330.00  0.7819909E-04   0.4050625E-08   0.7820314E-04
     5350.00  0.8562873E-04   0.4056255E-08   0.8563279E-04
     5370.00  0.8513851E-04   0.4062076E-08   0.8514257E-04
     5390.00  0.8306650E-04   0.4068073E-08   0.8307057E-04
     5410.00  0.8178375E-04   0.4074251E-08   0.8178782E-04
     5430.00  0.8321185E-04   0.4080603E-08   0.8321593E-04
     5450.00  0.8595490E-04   0.4087123E-08   0.8595899E-04
     5470.00  0.8365916E-04   0.4093806E-08   0.8366325E-04
     5490.00  0.8459867E-04   0.4100645E-08   0.8460277E-04
     5510.00  0.8331177E-04   0.4107635E-08   0.8331588E-04
     5530.00  0.8609181E-04   0.4114771E-08   0.8609592E-04
     5550.00  0.8704591E-04   0.4122048E-08   0.8705003E-04
     5570.00  0.8501927E-04   0.4129459E-08   0.8502340E-04
     5590.00  0.8316216E-04   0.4137000E-08   0.8316630E-04
     5610.00  0.8621146E-04   0.4144666E-08   0.8621560E-04
     5630.00  0.8532576E-04   0.4152452E-08   0.8532991E-04
     5650.00  0.8634562E-04   0.4160353E-08   0.8634978E-04
     5670.00  0.8398887E-04   0.4168365E-08   0.8399304E-04
     5690.00  0.8674038E-04   0.4176483E-08   0.8674456E-04
     5710.00  0.8350710E-04   0.2957649E-08   0.8351006E-04
     5730.00  0.9067896E-04   0.2957824E-08   0.9068192E-04
     5750.00  0.8717041E-04   0.2958128E-08   0.8717337E-04
     5770.00  0.8814789E-04   0.2958558E-08   0.8815085E-04
     5790.00  0.8444440E-04   0.2959108E-08   0.8444736E-04
     5810.00  0.8810573E-04   0.2959776E-08   0.8810869E-04
     5830.00  0.9064307E-04   0.2960559E-08   0.9064603E-04
     5850.00  0.8774562E-04   0.2961452E-08   0.8774858E-04
     5870.00  0.8794151E-04   0.2962452E-08   0.8794447E-04
     5890.00  0.8037115E-04   0.2963557E-08   0.8037411E-04
     5910.00  0.8658905E-04   0.2964762E-08   0.8659201E-04
     5930.00  0.8676594E-04   0.2966064E-08   0.8676891E-04
     5950.00  0.8668241E-04   0.2967461E-08   0.8668538E-04
     5970.00  0.8816391E-04   0.2968950E-08   0.8816688E-04
     5990.00  0.8655402E-04   0.2970527E-08   0.8655699E-04
     6010.00  0.8525197E-04   0.2972189E-08   0.8525494E-04
     6030.00  0.8739193E-04   0.2973934E-08   0.8739490E-04
     6050.00  0.8904102E-04   0.2975759E-08   0.8904400E-04
     6070.00  0.8859848E-04   0.2977661E-08   0.8860146E-04
     6090.00  0.8535727E-04   0.2979637E-08   0.8536025E-04
     6110.00  0.8575451E-04   0.2981685E-08   0.8575749E-04
     6130.00  0.8086591E-04   0.2983801E-08   0.8086889E-04
     6150.00  0.8292817E-04   0.2985985E-08   0.8293116E-04
     6170.00  0.7915166E-04   0.2988233E-08   0.7915465E-04
     6190.00  0.8391574E-04   0.2990544E-08   0.8391873E-04
     6210.00  0.8312162E-04   0.2992913E-08   0.8312461E-04
     6230.00  0.8053466E-04   0.2995341E-08   0.8053766E-04
     6250.00  0.7774590E-04   0.2997824E-08   0.7774890E-04
     6270.00  0.8147752E-04   0.3000360E-08   0.8148052E-04
     6290.00  0.8293637E-04   0.3002947E-08   0.8293937E-04
     6310.00  0.8064831E-04   0.3005583E-08   0.8065132E-04
     6330.00  0.8187545E-04   0.3008266E-08   0.8187846E-04
     6350.00  0.8210261E-04   0.3010994E-08   0.8210562E-04
     6370.00  0.8167693E-04   0.3013765E-08   0.8167994E-04
     6390.00  0.8309228E-04   0.3016577E-08   0.8309530E-04
     6410.00  0.8122015E-04   0.3019429E-08   0.8122317E-04
     6430.00  0.8198702E-04   0.3022318E-08   0.8199004E-04
     6450.00  0.8158563E-04   0.3025243E-08   0.8158866E-04
     6470.00  0.8128180E-04   0.3028202E-08   0.8128483E-04
     6490.00  0.7956569E-04   0.3031194E-08   0.7956872E-04
     6510.00  0.8222198E-04   0.3034216E-08   0.8222501E-04
     6530.00  0.8209056E-04   0.3037233E-08   0.8209360E-04
     6550.00  0.7969768E-04   0.3040267E-08   0.7970072E-04
     6570.00  0.7447397E-04   0.3043325E-08   0.7447701E-04
     6590.00  0.8055462E-04   0.3046406E-08   0.8055767E-04
     6610.00  0.8150988E-04   0.3049509E-08   0.8151293E-04
     6630.00  0.8077318E-04   0.3052631E-08   0.8077623E-04
     6650.00  0.8061333E-04   0.3041027E-08   0.8061637E-04
     6670.00  0.7881157E-04   0.3044198E-08   0.7881461E-04
     6690.00  0.8024691E-04   0.3047386E-08   0.8024996E-04
     6710.00  0.7705704E-04   0.3050589E-08   0.7706009E-04
     6730.00  0.7918098E-04   0.3053807E-08   0.7918403E-04
     6750.00  0.7777194E-04   0.3057037E-08   0.7777500E-04
     6770.00  0.7814323E-04   0.3060280E-08   0.7814629E-04
     6790.00  0.7728358E-04   0.3063533E-08   0.7728664E-04
     6810.00  0.7750696E-04   0.3066796E-08   0.7751003E-04
     6830.00  0.7841601E-04   0.3070068E-08   0.7841908E-04
     6850.00  0.7627589E-04   0.3073347E-08   0.7627896E-04
     6870.00  0.7752248E-04   0.3076632E-08   0.7752556E-04
     6890.00  0.7868464E-04   0.3079923E-08   0.7868772E-04
     6910.00  0.7839409E-04   0.3083218E-08   0.7839717E-04
     6930.00  0.7780924E-04   0.3086517E-08   0.7781233E-04
     6950.00  0.7764944E-04   0.3089818E-08   0.7765253E-04
     6970.00  0.7860422E-04   0.3093120E-08   0.7860731E-04
     6990.00  0.7827364E-04   0.3096423E-08   0.7827674E-04
     7010.00  0.7687832E-04   0.3099726E-08   0.7688142E-04
     7030.00  0.7829531E-04   0.3103030E-08   0.7829841E-04
     7050.00  0.7839019E-04   0.3106333E-08   0.7839330E-04
     7070.00  0.7607595E-04   0.3109632E-08   0.7607906E-04
     7090.00  0.7394826E-04   0.3112928E-08   0.7395137E-04
     7110.00  0.7248502E-04   0.3116219E-08   0.7248814E-04
     7130.00  0.7099859E-04   0.3119505E-08   0.7100171E-04
     7150.00  0.7084675E-04   0.3122784E-08   0.7084987E-04
     7170.00  0.7162081E-04   0.3126057E-08   0.7162394E-04
     7190.00  0.6962626E-04   0.3129322E-08   0.6962939E-04
     7210.00  0.7146055E-04   0.3132579E-08   0.7146368E-04
     7230.00  0.7286105E-04   0.3135827E-08   0.7286419E-04
     7250.00  0.7326623E-04   0.3139066E-08   0.7326937E-04
     7270.00  0.7355728E-04   0.3142294E-08   0.7356042E-04
     7290.00  0.7240823E-04   0.3145512E-08   0.7241138E-04
     7310.00  0.7442402E-04   0.3148719E-08   0.7442717E-04
     7330.00  0.7466302E-04   0.3151913E-08   0.7466617E-04
     7350.00  0.7563009E-04   0.3155095E-08   0.7563325E-04
     7370.00  0.7765777E-04   0.3158265E-08   0.7766093E-04
     7390.00  0.7594048E-04   0.3161420E-08   0.7594364E-04
     7410.00  0.7596183E-04   0.3164562E-08   0.7596499E-04
     7430.00  0.7802733E-04   0.3167689E-08   0.7803050E-04
     7450.00  0.7810125E-04   0.3165745E-08   0.7810442E-04
     7470.00  0.7943551E-04   0.3168843E-08   0.7943868E-04
     7490.00  0.7920838E-04   0.3171925E-08   0.7921155E-04
     7510.00  0.8002006E-04   0.3174992E-08   0.8002323E-04
     7530.00  0.8122241E-04   0.3178042E-08   0.8122559E-04
     7550.00  0.8182411E-04   0.3181075E-08   0.8182729E-04
     7570.00  0.8140722E-04   0.3184092E-08   0.8141040E-04
     7590.00  0.7966434E-04   0.3187090E-08   0.7966753E-04
     7610.00  0.7793984E-04   0.3190053E-08   0.7794303E-04
     7630.00  0.7610731E-04   0.3192978E-08   0.7611050E-04
     7650.00  0.7428970E-04   0.3195883E-08   0.7429290E-04
     7670.00  0.7089430E-04   0.3198768E-08   0.7089750E-04
     7690.00  0.7259845E-04   0.3201633E-08   0.7260165E-04
     7710.00  0.7121567E-04   0.3204477E-08   0.7121887E-04
     7730.00  0.7126481E-04   0.3207300E-08   0.7126802E-04
     7750.00  0.7067830E-04   0.3210101E-08   0.7068151E-04
     7770.00  0.7189510E-04   0.3212881E-08   0.7189831E-04
     7790.00  0.7224634E-04   0.3215639E-08   0.7224956E-04
     7810.00  0.7216309E-04   0.3218375E-08   0.7216631E-04
     7830.00  0.7158800E-04   0.3221089E-08   0.7159122E-04
     7850.00  0.7074373E-04   0.3223779E-08   0.7074695E-04
     7870.00  0.7198648E-04   0.3157893E-08   0.7198964E-04
     7890.00  0.7097623E-04   0.3160512E-08   0.7097939E-04
     7910.00  0.6927966E-04   0.3163108E-08   0.6928282E-04
     7930.00  0.6955613E-04   0.3165682E-08   0.6955930E-04
     7950.00  0.6910634E-04   0.3168234E-08   0.6910951E-04
     7970.00  0.7140081E-04   0.3170763E-08   0.7140398E-04
     7990.00  0.7154728E-04   0.3173269E-08   0.7155045E-04
     8010.00  0.7222328E-04   0.3175752E-08   0.7222646E-04
     8030.00  0.7243636E-04   0.3178211E-08   0.7243954E-04
     8050.00  0.7245128E-04   0.3180648E-08   0.7245446E-04
     8070.00  0.7347742E-04   0.3183061E-08   0.7348060E-04
     8090.00  0.7273835E-04   0.3185450E-08   0.7274154E-04
     8110.00  0.7352605E-04   0.3187815E-08   0.7352924E-04
     8130.00  0.7568343E-04   0.3190156E-08   0.7568662E-04
     8150.00  0.7656056E-04   0.3192473E-08   0.7656375E-04
     8170.00  0.7720687E-04   0.3194766E-08   0.7721006E-04
     8190.00  0.7548820E-04   0.3197034E-08   0.7549140E-04
     8210.00  0.7363599E-04   0.2775880E-08   0.7363877E-04
     8230.00  0.7396959E-04   0.1123440E-08   0.7397071E-04
     8250.00  0.7379270E-04   0.1122302E-08   0.7379382E-04
     8270.00  0.7458175E-04   0.1121177E-08   0.7458287E-04
     8290.00  0.7379390E-04   0.1103436E-08   0.7379500E-04
     8310.00  0.7119533E-04   0.1102333E-08   0.7119643E-04
     8330.00  0.7087777E-04   0.1101243E-08   0.7087887E-04
     8350.00  0.7081248E-04   0.1100164E-08   0.7081358E-04
     8370.00  0.7135795E-04   0.1099097E-08   0.7135905E-04
     8390.00  0.6916569E-04   0.1098042E-08   0.6916679E-04
     8410.00  0.7136197E-04   0.1096998E-08   0.7136307E-04
     8430.00  0.6801798E-04   0.1095964E-08   0.6801908E-04
     8450.00  0.6624743E-04   0.1094941E-08   0.6624852E-04
     8470.00  0.6645184E-04   0.1093929E-08   0.6645293E-04
     8490.00  0.6733391E-04   0.1092927E-08   0.6733500E-04
     8510.00  0.6433636E-04   0.1091934E-08   0.6433745E-04
     8530.00  0.6746399E-04   0.1090952E-08   0.6746508E-04
     8550.00  0.6430524E-04   0.1089979E-08   0.6430633E-04
     8570.00  0.6902912E-04   0.1089015E-08   0.6903021E-04
     8590.00  0.6799252E-04   0.1088060E-08   0.6799361E-04
     8610.00  0.6887067E-04   0.1087114E-08   0.6887176E-04
     8630.00  0.7029612E-04   0.1086177E-08   0.7029721E-04
     8650.00  0.7090488E-04   0.1085248E-08   0.7090597E-04
     8670.00  0.6589902E-04   0.1084328E-08   0.6590010E-04
     8690.00  0.6921348E-04   0.1083415E-08   0.6921456E-04
     8710.00  0.7134440E-04   0.1082510E-08   0.7134548E-04
     8730.00  0.7192090E-04   0.1081613E-08   0.7192198E-04
     8750.00  0.7115147E-04   0.1080724E-08   0.7115255E-04
     8770.00  0.7259958E-04   0.1079842E-08   0.7260066E-04
     8790.00  0.7333230E-04   0.1078967E-08   0.7333338E-04
     8810.00  0.7185927E-04   0.1078099E-08   0.7186035E-04
     8830.00  0.7280097E-04   0.1077238E-08   0.7280205E-04
     8850.00  0.7231687E-04   0.1076384E-08   0.7231795E-04
     8870.00  0.6927130E-04   0.1075536E-08   0.6927238E-04
     8890.00  0.7036878E-04   0.1074694E-08   0.7036985E-04
     8910.00  0.7126448E-04   0.1073859E-08   0.7126555E-04
     8930.00  0.6976557E-04   0.1073029E-08   0.6976664E-04
     8950.00  0.6997395E-04   0.1072206E-08   0.6997502E-04
     8970.00  0.7027544E-04   0.1071388E-08   0.7027651E-04
     8990.00  0.7047480E-04   0.1070576E-08   0.7047587E-04
     9010.00  0.6812345E-04   0.1069770E-08   0.6812452E-04
     9030.00  0.7082651E-04   0.1068968E-08   0.7082758E-04
     9050.00  0.7310428E-04   0.1068172E-08   0.7310535E-04
     9070.00  0.7311015E-04   0.1067381E-08   0.7311122E-04
     9090.00  0.7152716E-04   0.1066595E-08   0.7152823E-04
     9110.00  0.7247984E-04   0.1065814E-08   0.7248091E-04
     9130.00  0.7377953E-04   0.1065037E-08   0.7378060E-04
     9150.00  0.7318088E-04   0.1064266E-08   0.7318194E-04
     9170.00  0.7313302E-04   0.1063499E-08   0.7313408E-04
     9190.00  0.7395547E-04   0.1062737E-08   0.7395653E-04
     9210.00  0.7108762E-04   0.1061978E-08   0.7108868E-04
     9230.00  0.6917576E-04   0.1061224E-08   0.6917682E-04
     9250.00  0.6916563E-04   0.1060474E-08   0.6916669E-04
     9270.00  0.6966280E-04   0.1059727E-08   0.6966386E-04
     9290.00  0.6871746E-04   0.1058984E-08   0.6871852E-04
     9310.00  0.6919775E-04   0.1058245E-08   0.6919881E-04
     9330.00  0.6931074E-04   0.1057509E-08   0.6931180E-04
     9350.00  0.6894776E-04   0.1056778E-08   0.6894882E-04
     9370.00  0.6773754E-04   0.1056049E-08   0.6773860E-04
     9390.00  0.6902684E-04   0.1055323E-08   0.6902790E-04
     9410.00  0.6749534E-04   0.1054601E-08   0.6749639E-04
     9430.00  0.6936398E-04   0.1053882E-08   0.6936503E-04
     9450.00  0.6821209E-04   0.1053165E-08   0.6821314E-04
     9470.00  0.6987723E-04   0.1052452E-08   0.6987828E-04
     9490.00  0.6992927E-04   0.1051741E-08   0.6993032E-04
     9510.00  0.6868691E-04   0.1051033E-08   0.6868796E-04
     9530.00  0.6908162E-04   0.1050328E-08   0.6908267E-04
     9550.00  0.6754127E-04   0.1049625E-08   0.6754232E-04
     9570.00  0.6842716E-04   0.1048925E-08   0.6842821E-04
     9590.00  0.6978379E-04   0.1048227E-08   0.6978484E-04
     9610.00  0.6882273E-04   0.1047532E-08   0.6882378E-04
     9630.00  0.6914535E-04   0.1046839E-08   0.6914640E-04
     9650.00  0.6798643E-04   0.1046148E-08   0.6798748E-04
     9670.00  0.6795958E-04   0.1045459E-08   0.6796063E-04
     9690.00  0.6897164E-04   0.1044772E-08   0.6897268E-04
     9710.00  0.6793971E-04   0.1044087E-08   0.6794075E-04
     9730.00  0.6722566E-04   0.1043403E-08   0.6722670E-04
     9750.00  0.6695452E-04   0.1042723E-08   0.6695556E-04
     9770.00  0.6716831E-04   0.1042043E-08   0.6716935E-04
     9790.00  0.6627878E-04   0.1041365E-08   0.6627982E-04
     9810.00  0.6779757E-04   0.1040689E-08   0.6779861E-04
     9830.00  0.6709720E-04   0.1040015E-08   0.6709824E-04
     9850.00  0.6756179E-04   0.1039342E-08   0.6756283E-04
     9870.00  0.6700577E-04   0.1038670E-08   0.6700681E-04
     9890.00  0.6693989E-04   0.1038000E-08   0.6694093E-04
     9910.00  0.6677359E-04   0.1037331E-08   0.6677463E-04
     9930.00  0.6699112E-04   0.1036664E-08   0.6699216E-04
     9950.00  0.6701564E-04   0.1035998E-08   0.6701668E-04
     9970.00  0.6705957E-04   0.1035333E-08   0.6706061E-04
     9990.00  0.6678596E-04   0.1034669E-08   0.6678699E-04
    10025.00  0.6653012E-04   0.1033510E-08   0.6653115E-04
    10075.00  0.6556828E-04   0.1031859E-08   0.6556931E-04
    10125.00  0.6619265E-04   0.1030214E-08   0.6619368E-04
    10175.00  0.6536335E-04   0.1028600E-08   0.6536438E-04
    10225.00  0.6543548E-04   0.1026995E-08   0.6543651E-04
    10275.00  0.6547316E-04   0.1025393E-08   0.6547419E-04
    10325.00  0.6448401E-04   0.1023792E-08   0.6448503E-04
    10375.00  0.6395502E-04   0.1022193E-08   0.6395604E-04
    10425.00  0.6409499E-04   0.1020595E-08   0.6409601E-04
    10475.00  0.6321280E-04   0.1018998E-08   0.6321382E-04
    10525.00  0.6283227E-04   0.1017401E-08   0.6283329E-04
    10575.00  0.6173494E-04   0.1015804E-08   0.6173596E-04
    10625.00  0.6121710E-04   0.1014206E-08   0.6121811E-04
    10675.00  0.6035582E-04   0.1012607E-08   0.6035683E-04
    10725.00  0.6056379E-04   0.1011007E-08   0.6056480E-04
    10775.00  0.5996153E-04   0.1009406E-08   0.5996254E-04
    10825.00  0.5906071E-04   0.1007802E-08   0.5906172E-04
    10875.00  0.5874762E-04   0.1006197E-08   0.5874863E-04
    10925.00  0.5849076E-04   0.1004589E-08   0.5849176E-04
    10975.00  0.5774800E-04   0.1002978E-08   0.5774900E-04
    11025.00  0.5750232E-04   0.1001365E-08   0.5750332E-04
    11075.00  0.5679765E-04   0.9997489E-09   0.5679865E-04
    11125.00  0.5651088E-04   0.9981297E-09   0.5651188E-04
    11175.00  0.5597104E-04   0.8789906E-09   0.5597192E-04
    11225.00  0.5592281E-04   0.8773753E-09   0.5592369E-04
    11275.00  0.5516380E-04   0.8757613E-09   0.5516468E-04
    11325.00  0.5496733E-04   0.8741483E-09   0.5496820E-04
    11375.00  0.5457718E-04   0.8725361E-09   0.5457805E-04
    11425.00  0.5398496E-04   0.8709244E-09   0.5398583E-04
    11475.00  0.5440662E-04   0.8693130E-09   0.5440749E-04
    11525.00  0.5415918E-04   0.8677019E-09   0.5416005E-04
    11575.00  0.5345469E-04   0.8660910E-09   0.5345556E-04
    11625.00  0.5270059E-04   0.8644802E-09   0.5270145E-04
    11675.00  0.5257364E-04   0.8628692E-09   0.5257450E-04
    11725.00  0.5270704E-04   0.8612582E-09   0.5270790E-04
    11775.00  0.5167870E-04   0.8596468E-09   0.5167956E-04
    11825.00  0.5116914E-04   0.8580351E-09   0.5117000E-04
    11875.00  0.5037876E-04   0.8564230E-09   0.5037962E-04
    11925.00  0.5099494E-04   0.8548102E-09   0.5099579E-04
    11975.00  0.4941089E-04   0.8531969E-09   0.4941174E-04
    12025.00  0.5015777E-04   0.8515828E-09   0.5015862E-04
    12075.00  0.4963638E-04   0.8499681E-09   0.4963723E-04
    12125.00  0.4960932E-04   0.8483525E-09   0.4961017E-04
    12175.00  0.4962047E-04   0.8467361E-09   0.4962132E-04
    12225.00  0.4922620E-04   0.8451189E-09   0.4922705E-04
    12275.00  0.4880785E-04   0.8435007E-09   0.4880869E-04
    12325.00  0.4844154E-04   0.8418817E-09   0.4844238E-04
    12375.00  0.4824584E-04   0.8402616E-09   0.4824668E-04
    12425.00  0.4769331E-04   0.8386407E-09   0.4769415E-04
    12475.00  0.4750303E-04   0.8370187E-09   0.4750387E-04
    12525.00  0.4698801E-04   0.8345614E-09   0.4698884E-04
    12575.00  0.4677454E-04   0.8329429E-09   0.4677537E-04
    12625.00  0.4646984E-04   0.8313235E-09   0.4647067E-04
    12675.00  0.4602507E-04   0.8297030E-09   0.4602590E-04
    12725.00  0.4598704E-04   0.8280816E-09   0.4598787E-04
    12775.00  0.4590773E-04   0.8264593E-09   0.4590856E-04
    12825.00  0.4425953E-04   0.8248359E-09   0.4426035E-04
    12875.00  0.4499866E-04   0.8232117E-09   0.4499948E-04
    12925.00  0.4446951E-04   0.8215865E-09   0.4447033E-04
    12975.00  0.4481635E-04   0.8199604E-09   0.4481717E-04
    13025.00  0.4420235E-04   0.8183334E-09   0.4420317E-04
    13075.00  0.4426991E-04   0.8166968E-09   0.4427073E-04
    13125.00  0.4341116E-04   0.8150583E-09   0.4341198E-04
    13175.00  0.4317995E-04   0.8134188E-09   0.4318076E-04
    13225.00  0.4312226E-04   0.8117782E-09   0.4312307E-04
    13275.00  0.4236135E-04   0.8101365E-09   0.4236216E-04
    13325.00  0.4246604E-04   0.8084938E-09   0.4246685E-04
    13375.00  0.4198191E-04   0.8068503E-09   0.4198272E-04
    13425.00  0.4205152E-04   0.8052058E-09   0.4205233E-04
    13475.00  0.4164700E-04   0.8035605E-09   0.4164780E-04
    13525.00  0.4139135E-04   0.8019144E-09   0.4139215E-04
    13575.00  0.4066979E-04   0.8002675E-09   0.4067059E-04
    13625.00  0.4049730E-04   0.7982639E-09   0.4049810E-04
    13675.00  0.4063056E-04   0.7966170E-09   0.4063136E-04
    13725.00  0.4072661E-04   0.7949694E-09   0.4072740E-04
    13775.00  0.4056273E-04   0.7933213E-09   0.4056352E-04
    13825.00  0.4055144E-04   0.7916728E-09   0.4055223E-04
    13875.00  0.4012477E-04   0.7900238E-09   0.4012556E-04
    13925.00  0.3857756E-04   0.7883744E-09   0.3857835E-04
    13975.00  0.3836783E-04   0.7867246E-09   0.3836862E-04
    14025.00  0.3788059E-04   0.7850746E-09   0.3788138E-04
    14075.00  0.3817652E-04   0.7834244E-09   0.3817730E-04
    14125.00  0.3774029E-04   0.7764497E-09   0.3774107E-04
    14175.00  0.3805672E-04   0.7748220E-09   0.3805749E-04
    14225.00  0.3754440E-04   0.7731942E-09   0.3754517E-04
    14275.00  0.3702650E-04   0.7715662E-09   0.3702727E-04
    14325.00  0.3770670E-04   0.7699382E-09   0.3770747E-04
    14375.00  0.3782679E-04   0.7683103E-09   0.3782756E-04
    14425.00  0.3690923E-04   0.7666824E-09   0.3691000E-04
    14475.00  0.3761507E-04   0.7650546E-09   0.3761584E-04
    14525.00  0.3718357E-04   0.7634271E-09   0.3718433E-04
    14570.00  0.3739754E-04   0.7619625E-09   0.3739830E-04
    14620.00  0.3661952E-04   0.4748802E-09   0.3661999E-04
    14675.00  0.3646903E-04   0.4736413E-09   0.3646950E-04
    14725.00  0.3603698E-04   0.4710623E-09   0.3603745E-04
    14775.00  0.3627643E-04   0.4699472E-09   0.3627690E-04
    14825.00  0.3637335E-04   0.4688351E-09   0.3637382E-04
    14875.00  0.3603860E-04   0.4677262E-09   0.3603907E-04
    14925.00  0.3684031E-04   0.4666205E-09   0.3684078E-04
    14975.00  0.3647616E-04   0.4655178E-09   0.3647663E-04
    15025.00  0.3610502E-04   0.4644181E-09   0.3610548E-04
    15075.00  0.3604549E-04   0.4633215E-09   0.3604595E-04
    15125.00  0.3664961E-04   0.4622279E-09   0.3665007E-04
    15175.00  0.3674824E-04   0.4611372E-09   0.3674870E-04
    15225.00  0.3666814E-04   0.4600499E-09   0.3666860E-04
    15275.00  0.3693527E-04   0.4589658E-09   0.3693573E-04
    15325.00  0.3674208E-04   0.4578847E-09   0.3674254E-04
    15375.00  0.3669349E-04   0.4568064E-09   0.3669395E-04
    15425.00  0.3648004E-04   0.4557310E-09   0.3648050E-04
    15475.00  0.3651336E-04   0.4546584E-09   0.3651381E-04
    15525.00  0.3618366E-04   0.4535886E-09   0.3618411E-04
    15575.00  0.3515984E-04   0.4525217E-09   0.3516029E-04
    15625.00  0.3554054E-04   0.4514576E-09   0.3554099E-04
    15675.00  0.3532679E-04   0.4503963E-09   0.3532724E-04
    15725.00  0.3607712E-04   0.4493377E-09   0.3607757E-04
    15775.00  0.3392812E-04   0.4482819E-09   0.3392857E-04
    15825.00  0.3406381E-04   0.4472289E-09   0.3406426E-04
    15875.00  0.3391627E-04   0.4461786E-09   0.3391672E-04
    15925.00  0.3496154E-04   0.4451310E-09   0.3496199E-04
    15975.00  0.3424691E-04   0.4440861E-09   0.3424735E-04
    16050.00  0.3486417E-04   0.4425238E-09   0.3486461E-04
    16150.00  0.3522827E-04   0.4404503E-09   0.3522871E-04
    16250.00  0.3444855E-04   0.4383874E-09   0.3444899E-04
    16350.00  0.3502629E-04   0.4363351E-09   0.3502673E-04
    16450.00  0.3394176E-04   0.4342933E-09   0.3394219E-04
    16550.00  0.3433907E-04   0.4322621E-09   0.3433950E-04
    16650.00  0.3377845E-04   0.4302412E-09   0.3377888E-04
    16750.00  0.3329612E-04   0.4282308E-09   0.3329655E-04
    16850.00  0.3269919E-04   0.4262306E-09   0.3269962E-04
    16950.00  0.3269425E-04   0.4242408E-09   0.3269467E-04
    17050.00  0.3196121E-04   0.4222612E-09   0.3196163E-04
    17150.00  0.3149907E-04   0.4202917E-09   0.3149949E-04
    17250.00  0.3069473E-04   0.4183325E-09   0.3069515E-04
    17350.00  0.2984267E-04   0.4163833E-09   0.2984309E-04
    17450.00  0.2942272E-04   0.4144443E-09   0.2942313E-04
    17550.00  0.2888910E-04   0.4125152E-09   0.2888951E-04
    17650.00  0.2827868E-04   0.4105962E-09   0.2827909E-04
    17750.00  0.2756282E-04   0.4086872E-09   0.2756323E-04
    17850.00  0.2715530E-04   0.4067882E-09   0.2715571E-04
    17950.00  0.2644959E-04   0.4048990E-09   0.2644999E-04
    18050.00  0.2580234E-04   0.4030198E-09   0.2580274E-04
    18150.00  0.2527670E-04   0.4011504E-09   0.2527710E-04
    18250.00  0.2491900E-04   0.3992916E-09   0.2491940E-04
    18350.00  0.2453538E-04   0.3974487E-09   0.2453578E-04
    18450.00  0.2401583E-04   0.3956151E-09   0.2401623E-04
    18550.00  0.2377824E-04   0.3734287E-09   0.2377861E-04
    18650.00  0.2312716E-04   0.3717017E-09   0.2312753E-04
    18750.00  0.2258739E-04   0.3699839E-09   0.2258776E-04
    18850.00  0.2251705E-04   0.3682751E-09   0.2251742E-04
    18950.00  0.2167609E-04   0.3665755E-09   0.2167646E-04
    19050.00  0.2187625E-04   0.3648848E-09   0.2187661E-04
    19150.00  0.2144062E-04   0.3632032E-09   0.2144098E-04
    19250.00  0.2113071E-04   0.3615306E-09   0.2113107E-04
    19350.00  0.2057290E-04   0.3598669E-09   0.2057326E-04
    19450.00  0.2004288E-04   0.3582122E-09   0.2004324E-04
    19550.00  0.2000239E-04   0.3565665E-09   0.2000275E-04
    19650.00  0.1960221E-04   0.3549296E-09   0.1960256E-04
    19750.00  0.1914273E-04   0.3533016E-09   0.1914308E-04
    19850.00  0.1890612E-04   0.3516825E-09   0.1890647E-04
    19950.00  0.1865847E-04   0.3500722E-09   0.1865882E-04
    20050.00  0.1854524E-04   0.3484707E-09   0.1854559E-04
    20150.00  0.1830715E-04   0.3468780E-09   0.1830750E-04
    20250.00  0.1784729E-04   0.3451981E-09   0.1784764E-04
    20350.00  0.1763253E-04   0.3436235E-09   0.1763287E-04
    20450.00  0.1761724E-04   0.3420577E-09   0.1761758E-04
    20550.00  0.1734512E-04   0.3405005E-09   0.1734546E-04
    20650.00  0.1707340E-04   0.3389520E-09   0.1707374E-04
    20750.00  0.1690682E-04   0.3374120E-09   0.1690716E-04
    20850.00  0.1667199E-04   0.3358807E-09   0.1667233E-04
    20950.00  0.1639107E-04   0.3343580E-09   0.1639140E-04
    21050.00  0.1633891E-04   0.3328437E-09   0.1633924E-04
    21150.00  0.1607553E-04   0.3313380E-09   0.1607586E-04
    21250.00  0.1585318E-04   0.3298407E-09   0.1585351E-04
    21350.00  0.1575563E-04   0.3283519E-09   0.1575596E-04
    21450.00  0.1553833E-04   0.3268715E-09   0.1553866E-04
    21550.00  0.1531742E-04   0.3253551E-09   0.1531775E-04
    21650.00  0.1499392E-04   0.3238918E-09   0.1499424E-04
    21750.00  0.1482339E-04   0.3224369E-09   0.1482371E-04
    21850.00  0.1466389E-04   0.3209902E-09   0.1466421E-04
    21950.00  0.1450634E-04   0.3195517E-09   0.1450666E-04
    22050.00  0.1416287E-04   0.3181214E-09   0.1416319E-04
    22150.00  0.1413861E-04   0.3166992E-09   0.1413893E-04
    22250.00  0.1379608E-04   0.3145449E-09   0.1379639E-04
    22350.00  0.1363491E-04   0.3131454E-09   0.1363522E-04
    22450.00  0.1345346E-04   0.3117538E-09   0.1345377E-04
    22550.00  0.1330000E-04   0.3103701E-09   0.1330031E-04
    22650.00  0.1301869E-04   0.3089944E-09   0.1301900E-04
    22750.00  0.1295153E-04   0.3076266E-09   0.1295184E-04
    22850.00  0.1267826E-04   0.2451946E-09   0.1267851E-04
    22950.00  0.1074080E-04   0.2439053E-09   0.1074104E-04
    23050.00  0.1141614E-04   0.2428435E-09   0.1141638E-04
    23150.00  0.1133261E-04   0.2417882E-09   0.1133285E-04
    23250.00  0.9762915E-05   0.2407392E-09   0.9763156E-05
    23350.00  0.1047064E-04   0.2396965E-09   0.1047088E-04
    23450.00  0.1006118E-04   0.2386600E-09   0.1006142E-04
    23550.00  0.8971262E-05   0.2376298E-09   0.8971500E-05
    23650.00  0.9693463E-05   0.2366058E-09   0.9693700E-05
    23750.00  0.9292652E-05   0.2355879E-09   0.9292888E-05
    23850.00  0.8474630E-05   0.2345761E-09   0.8474865E-05
    23950.00  0.8992628E-05   0.2335704E-09   0.8992862E-05
    24050.00  0.8818522E-05   0.2325707E-09   0.8818755E-05
    24150.00  0.8082750E-05   0.2315770E-09   0.8082982E-05
    24250.00  0.8397183E-05   0.2305893E-09   0.8397414E-05
    24350.00  0.8214748E-05   0.2296074E-09   0.8214978E-05
    24450.00  0.7777663E-05   0.2286314E-09   0.7777892E-05
    24550.00  0.7679511E-05   0.2276613E-09   0.7679739E-05
    24650.00  0.7765356E-05   0.2266969E-09   0.7765583E-05
    24750.00  0.7472971E-05   0.2257383E-09   0.7473197E-05
    24850.00  0.6787252E-05   0.2247854E-09   0.6787477E-05
    24950.00  0.6721303E-05   0.2238382E-09   0.6721527E-05
    25050.00  0.6860109E-05   0.2228966E-09   0.6860332E-05
    25150.00  0.6390276E-05   0.2219607E-09   0.6390498E-05
    25250.00  0.6596546E-05   0.2210303E-09   0.6596767E-05
    25350.00  0.6591353E-05   0.2201054E-09   0.6591573E-05
    25450.00  0.6464340E-05   0.2191860E-09   0.6464559E-05
    25550.00  0.6407171E-05   0.2182721E-09   0.6407389E-05
    25650.00  0.6450242E-05   0.2173636E-09   0.6450459E-05
    25750.00  0.6504936E-05   0.2164605E-09   0.6505152E-05
    25850.00  0.6247087E-05   0.2155628E-09   0.6247303E-05
    25950.00  0.6313138E-05   0.2146703E-09   0.6313353E-05
    26050.00  0.6347498E-05   0.2137831E-09   0.6347712E-05
    26150.00  0.6219875E-05   0.2129012E-09   0.6220088E-05
    26250.00  0.6107718E-05   0.2120245E-09   0.6107930E-05
    26350.00  0.6145511E-05   0.2111530E-09   0.6145722E-05
    26450.00  0.6092218E-05   0.2102866E-09   0.6092428E-05
    26550.00  0.6001931E-05   0.2094253E-09   0.6002140E-05
    26650.00  0.5893952E-05   0.2085690E-09   0.5894161E-05
    26750.00  0.5986554E-05   0.2077179E-09   0.5986762E-05
    26850.00  0.5918011E-05   0.2068717E-09   0.5918218E-05
    26950.00  0.5780036E-05   0.2060305E-09   0.5780242E-05
    27050.00  0.5798570E-05   0.2051942E-09   0.5798775E-05
    27150.00  0.5742463E-05   0.2043628E-09   0.5742667E-05
    27250.00  0.5715588E-05   0.2035363E-09   0.5715792E-05
    27350.00  0.5590606E-05   0.2027147E-09   0.5590809E-05
    27450.00  0.5595394E-05   0.2018978E-09   0.5595596E-05
    27550.00  0.5561712E-05   0.2010857E-09   0.5561913E-05
    27650.00  0.5481556E-05   0.1952522E-09   0.5481751E-05
    27750.00  0.5393925E-05   0.1944713E-09   0.5394119E-05
    27850.00  0.5385515E-05   0.1936949E-09   0.5385709E-05
    27950.00  0.5369132E-05   0.1929230E-09   0.5369325E-05
    28050.00  0.5306338E-05   0.1921556E-09   0.5306530E-05
    28150.00  0.5225203E-05   0.1913927E-09   0.5225394E-05
    28250.00  0.5193832E-05   0.1906342E-09   0.5194023E-05
    28350.00  0.5169902E-05   0.1898801E-09   0.5170092E-05
    28450.00  0.5103495E-05   0.1891304E-09   0.5103684E-05
    28550.00  0.5049525E-05   0.1883851E-09   0.5049713E-05
    28650.00  0.5001550E-05   0.1876440E-09   0.5001738E-05
    28750.00  0.4948829E-05   0.1869073E-09   0.4949016E-05
    28850.00  0.4908728E-05   0.1861748E-09   0.4908914E-05
    28950.00  0.4863915E-05   0.1854465E-09   0.4864100E-05
    29050.00  0.4811024E-05   0.1847224E-09   0.4811209E-05
    29150.00  0.4771537E-05   0.1840025E-09   0.4771721E-05
    29250.00  0.4688974E-05   0.1832868E-09   0.4689157E-05
    29350.00  0.4679647E-05   0.1825751E-09   0.4679830E-05
    29450.00  0.4618240E-05   0.1818675E-09   0.4618422E-05
    29550.00  0.4574959E-05   0.1811640E-09   0.4575140E-05
    29650.00  0.4543470E-05   0.1804646E-09   0.4543650E-05
    29750.00  0.4499065E-05   0.1797509E-09   0.4499245E-05
    29850.00  0.4445675E-05   0.1790595E-09   0.4445854E-05
    29950.00  0.4398198E-05   0.1783720E-09   0.4398376E-05
    30050.00  0.4356405E-05   0.1776884E-09   0.4356583E-05
    30150.00  0.4330143E-05   0.1770088E-09   0.4330320E-05
    30250.00  0.4280216E-05   0.1763330E-09   0.4280392E-05
    30350.00  0.4226577E-05   0.1756610E-09   0.4226753E-05
    30450.00  0.4211597E-05   0.1749929E-09   0.4211772E-05
    30550.00  0.4170746E-05   0.1743285E-09   0.4170920E-05
    30650.00  0.4132383E-05   0.1736680E-09   0.4132557E-05
    30750.00  0.4105958E-05   0.1730111E-09   0.4106131E-05
    30850.00  0.4054203E-05   0.1723580E-09   0.4054375E-05
    30950.00  0.4027000E-05   0.1717085E-09   0.4027172E-05
    31050.00  0.4004456E-05   0.1710627E-09   0.4004627E-05
    31150.00  0.3942036E-05   0.1704205E-09   0.3942206E-05
    31250.00  0.3924910E-05   0.1697820E-09   0.3925080E-05
    31350.00  0.3891433E-05   0.1691380E-09   0.3891602E-05
    31450.00  0.3854761E-05   0.1685066E-09   0.3854930E-05
    31550.00  0.3813246E-05   0.1678786E-09   0.3813414E-05
    31650.00  0.3773607E-05   0.1672542E-09   0.3773774E-05
    31750.00  0.3750743E-05   0.1666333E-09   0.3750910E-05
    31850.00  0.3716406E-05   0.1660158E-09   0.3716572E-05
    31950.00  0.3688251E-05   0.1654018E-09   0.3688416E-05
    32100.00  0.3632977E-05   0.1643371E-09   0.3633141E-05
    32300.00  0.3564548E-05   0.1631317E-09   0.3564711E-05
    32500.00  0.3500184E-05   0.1619395E-09   0.3500346E-05
    32700.00  0.3432993E-05   0.1607606E-09   0.3433154E-05
    32900.00  0.3359682E-05   0.1423448E-09   0.3359824E-05
    33100.00  0.3303089E-05   0.1412837E-09   0.3303230E-05
    33300.00  0.3236910E-05   0.1402801E-09   0.3237050E-05
    33500.00  0.3183894E-05   0.1392875E-09   0.3184033E-05
    33700.00  0.3119829E-05   0.1383056E-09   0.3119967E-05
    33900.00  0.3054581E-05   0.1373343E-09   0.3054718E-05
    34100.00  0.2991879E-05   0.1363736E-09   0.2992015E-05
    34300.00  0.2941474E-05   0.1354232E-09   0.2941609E-05
    34500.00  0.2886248E-05   0.1344830E-09   0.2886382E-05
    34700.00  0.2827186E-05   0.1335528E-09   0.2827320E-05
    34900.00  0.2773746E-05   0.1326327E-09   0.2773879E-05
    35100.00  0.2721795E-05   0.1317223E-09   0.2721927E-05
    35300.00  0.2662574E-05   0.1308215E-09   0.2662705E-05
    35500.00  0.2614777E-05   0.1299303E-09   0.2614907E-05
    35700.00  0.2562034E-05   0.1290485E-09   0.2562163E-05
    35900.00  0.2512133E-05   0.1281760E-09   0.2512261E-05
    36100.00  0.2469009E-05   0.1273127E-09   0.2469136E-05
    36300.00  0.2420116E-05   0.1264584E-09   0.2420242E-05
    36500.00  0.2367892E-05   0.1256130E-09   0.2368018E-05
    36700.00  0.2320884E-05   0.1247764E-09   0.2321009E-05
    36900.00  0.2267292E-05   0.1239485E-09   0.2267416E-05
    37100.00  0.2220221E-05   0.1231291E-09   0.2220344E-05
    37300.00  0.2186940E-05   0.1223182E-09   0.2187062E-05
    37500.00  0.2131666E-05   0.1215156E-09   0.2131788E-05
    37700.00  0.2104072E-05   0.1207213E-09   0.2104193E-05
    37900.00  0.2061745E-05   0.1199351E-09   0.2061865E-05
    38100.00  0.2025271E-05   0.1191569E-09   0.2025390E-05
    38300.00  0.1990430E-05   0.1183866E-09   0.1990548E-05
    38500.00  0.1953982E-05   0.1176241E-09   0.1954100E-05
    38700.00  0.1909697E-05   0.1153089E-09   0.1909812E-05
    38900.00  0.1875812E-05   0.1145732E-09   0.1875927E-05
    39100.00  0.1843198E-05   0.1138449E-09   0.1843312E-05
    39300.00  0.1808464E-05   0.1131239E-09   0.1808577E-05
    39500.00  0.1766864E-05   0.1124101E-09   0.1766976E-05
    39700.00  0.1735753E-05   0.1117034E-09   0.1735865E-05
    39900.00  0.1694805E-05   0.1110037E-09   0.1694916E-05
    40100.00  0.1669149E-05   0.1103109E-09   0.1669259E-05
    40300.00  0.1642132E-05   0.1096250E-09   0.1642242E-05
    40500.00  0.1606353E-05   0.1089458E-09   0.1606462E-05
    40700.00  0.1579636E-05   0.1082732E-09   0.1579744E-05
    40900.00  0.1552407E-05   0.1076072E-09   0.1552515E-05
    41100.00  0.1525721E-05   0.1069437E-09   0.1525828E-05
    41300.00  0.1500355E-05   0.1062907E-09   0.1500461E-05
    41500.00  0.1471928E-05   0.1056440E-09   0.1472034E-05
    41700.00  0.1445951E-05   0.1050036E-09   0.1446056E-05
    41900.00  0.1419120E-05   0.1043693E-09   0.1419224E-05
    42100.00  0.1391825E-05   0.1037412E-09   0.1391929E-05
    42300.00  0.1375123E-05   0.1031190E-09   0.1375226E-05
    42500.00  0.1347425E-05   0.1025028E-09   0.1347528E-05
    42700.00  0.1327472E-05   0.1018924E-09   0.1327574E-05
    42900.00  0.1255744E-05   0.1012879E-09   0.1255845E-05
    43100.00  0.1182011E-05   0.1006865E-09   0.1182112E-05
    43300.00  0.1183582E-05   0.1000933E-09   0.1183682E-05
    43500.00  0.1125395E-05   0.9950567E-10   0.1125495E-05
    43700.00  0.1093401E-05   0.9892353E-10   0.1093500E-05
    43900.00  0.1069508E-05   0.9830782E-10   0.1069606E-05
    44100.00  0.1023076E-05   0.9773692E-10   0.1023174E-05
    44300.00  0.1009262E-05   0.9717132E-10   0.1009359E-05
    44500.00  0.9912429E-06   0.9661096E-10   0.9913395E-06
    44700.00  0.9535015E-06   0.9471871E-10   0.9535962E-06
    44900.00  0.9535272E-06   0.8961287E-10   0.9536168E-06
    45100.00  0.9299301E-06   0.8910724E-10   0.9300192E-06
    45300.00  0.9039624E-06   0.8860621E-10   0.9040510E-06
    45500.00  0.9008937E-06   0.8810974E-10   0.9009818E-06
    45700.00  0.8888338E-06   0.8761776E-10   0.8889214E-06
    45900.00  0.8599667E-06   0.8713024E-10   0.8600538E-06
    46100.00  0.8623687E-06   0.8664710E-10   0.8624553E-06
    46300.00  0.8447308E-06   0.8616831E-10   0.8448170E-06
    46500.00  0.8345451E-06   0.8569381E-10   0.8346308E-06
    46700.00  0.8297794E-06   0.8522354E-10   0.8298646E-06
    46900.00  0.8145244E-06   0.8475746E-10   0.8146092E-06
    47100.00  0.7990135E-06   0.8429553E-10   0.7990978E-06
    47300.00  0.8001526E-06   0.8383768E-10   0.8002364E-06
    47500.00  0.7829561E-06   0.8338387E-10   0.7830395E-06
    47700.00  0.7719813E-06   0.8293405E-10   0.7720642E-06
    47900.00  0.7645189E-06   0.8248819E-10   0.7646014E-06
    48100.00  0.7458641E-06   0.8204622E-10   0.7459461E-06
    48300.00  0.7485725E-06   0.8160812E-10   0.7486541E-06
    48500.00  0.7343835E-06   0.8117382E-10   0.7344647E-06
    48700.00  0.7202631E-06   0.8074329E-10   0.7203438E-06
    48900.00  0.7105554E-06   0.8031648E-10   0.7106357E-06
    49100.00  0.7015557E-06   0.7989336E-10   0.7016356E-06
    49300.00  0.6912966E-06   0.7947387E-10   0.6913761E-06
    49500.00  0.6789137E-06   0.7905798E-10   0.6789928E-06
    49700.00  0.6753196E-06   0.7864564E-10   0.6753982E-06
    49900.00  0.6645101E-06   0.7823682E-10   0.6645883E-06
    50100.00  0.6569370E-06   0.7783148E-10   0.6570148E-06
    50300.00  0.6480049E-06   0.7742957E-10   0.6480823E-06
    50500.00  0.6348299E-06   0.7703106E-10   0.6349069E-06
    50700.00  0.6300045E-06   0.7663590E-10   0.6300811E-06
    50900.00  0.6210676E-06   0.7624407E-10   0.6211438E-06
    51100.00  0.6105334E-06   0.7585552E-10   0.6106093E-06
    51300.00  0.6061890E-06   0.7547021E-10   0.6062645E-06
    51500.00  0.5955582E-06   0.7451402E-10   0.5956327E-06
    51700.00  0.5927855E-06   0.7413859E-10   0.5928596E-06
    51900.00  0.5825792E-06   0.7376627E-10   0.5826530E-06
    52100.00  0.5763836E-06   0.7339703E-10   0.5764570E-06
    52300.00  0.5660345E-06   0.7303083E-10   0.5661075E-06
    52500.00  0.5617365E-06   0.7266763E-10   0.5618092E-06
    52700.00  0.5596597E-06   0.7230740E-10   0.5597320E-06
    52900.00  0.5465014E-06   0.7195012E-10   0.5465734E-06
    53100.00  0.5388515E-06   0.7159574E-10   0.5389231E-06
    53300.00  0.5350119E-06   0.7124424E-10   0.5350831E-06
    53500.00  0.5281442E-06   0.7089558E-10   0.5282151E-06
    53700.00  0.5225421E-06   0.7054974E-10   0.5226126E-06
    53900.00  0.5165363E-06   0.7020668E-10   0.5166065E-06
    54100.00  0.5105849E-06   0.6986638E-10   0.5106548E-06
    54300.00  0.5012089E-06   0.6952723E-10   0.5012784E-06
    54500.00  0.4991869E-06   0.6919238E-10   0.4992561E-06
    54700.00  0.4902749E-06   0.6886019E-10   0.4903438E-06
    54900.00  0.4858625E-06   0.6853064E-10   0.4859310E-06
    55100.00  0.4788895E-06   0.6820370E-10   0.4789577E-06
    55300.00  0.4808744E-06   0.6787934E-10   0.4809423E-06
    55500.00  0.4674360E-06   0.6755753E-10   0.4675036E-06
    55700.00  0.4668466E-06   0.6723824E-10   0.4669138E-06
    55900.00  0.4588295E-06   0.6692146E-10   0.4588964E-06
    56100.00  0.4559844E-06   0.6660715E-10   0.4560510E-06
    56300.00  0.4470762E-06   0.6629528E-10   0.4471425E-06
    56500.00  0.4452479E-06   0.6598501E-10   0.4453139E-06
    56700.00  0.4399350E-06   0.6567786E-10   0.4400007E-06
    56900.00  0.4318135E-06   0.6537309E-10   0.4318789E-06
    57100.00  0.4306035E-06   0.6507066E-10   0.4306686E-06
    57300.00  0.4252348E-06   0.6477056E-10   0.4252996E-06
    57500.00  0.4202112E-06   0.6446072E-10   0.4202757E-06
    57700.00  0.4146485E-06   0.6416543E-10   0.4147127E-06
    57900.00  0.4120222E-06   0.6387239E-10   0.4120861E-06
    58100.00  0.4054795E-06   0.6358158E-10   0.4055431E-06
    58300.00  0.4013210E-06   0.6329297E-10   0.4013843E-06
    58500.00  0.3968521E-06   0.6067231E-10   0.3969128E-06
    58700.00  0.3905419E-06   0.6039720E-10   0.3906023E-06
    58900.00  0.3866314E-06   0.6012790E-10   0.3866915E-06
    59100.00  0.3824126E-06   0.5986060E-10   0.3824725E-06
    59300.00  0.3787878E-06   0.5959529E-10   0.3788474E-06
    59500.00  0.3732824E-06   0.5933196E-10   0.3733417E-06
    59700.00  0.3704030E-06   0.5907057E-10   0.3704621E-06
    59900.00  0.3661775E-06   0.5881112E-10   0.3662363E-06
    60100.00  0.3618925E-06   0.5855357E-10   0.3619511E-06
    60300.00  0.3576996E-06   0.5829792E-10   0.3577579E-06
    60500.00  0.3524213E-06   0.5804413E-10   0.3524793E-06
    60700.00  0.3486135E-06   0.5779221E-10   0.3486713E-06
    60900.00  0.3444480E-06   0.5754212E-10   0.3445055E-06
    61100.00  0.3399890E-06   0.5729384E-10   0.3400463E-06
    61300.00  0.3369712E-06   0.5704737E-10   0.3370282E-06
    61500.00  0.3335259E-06   0.5680267E-10   0.3335827E-06
    61700.00  0.3304275E-06   0.5655975E-10   0.3304841E-06
    61900.00  0.3263921E-06   0.5631857E-10   0.3264484E-06
    62100.00  0.3231149E-06   0.5607911E-10   0.3231710E-06
    62300.00  0.3186369E-06   0.5584138E-10   0.3186927E-06
    62500.00  0.3143277E-06   0.5560533E-10   0.3143833E-06
    62700.00  0.3108392E-06   0.5537097E-10   0.3108946E-06
    62900.00  0.3076837E-06   0.5513828E-10   0.3077388E-06
    63100.00  0.3039317E-06   0.5490723E-10   0.3039866E-06
    63300.00  0.3015179E-06   0.5467781E-10   0.3015726E-06
    63500.00  0.2975672E-06   0.5445000E-10   0.2976217E-06
    63700.00  0.2951114E-06   0.5422380E-10   0.2951656E-06
    63900.00  0.2910708E-06   0.5399919E-10   0.2911248E-06
    64200.00  0.2863378E-06   0.5366520E-10   0.2863915E-06
    64600.00  0.2796274E-06   0.5322529E-10   0.2796806E-06
    65000.00  0.2735173E-06   0.5279146E-10   0.2735701E-06
    65400.00  0.2673987E-06   0.5236359E-10   0.2674511E-06
    65800.00  0.2618378E-06   0.5194157E-10   0.2618897E-06
    66200.00  0.2558492E-06   0.5128619E-10   0.2559005E-06
    66600.00  0.2503201E-06   0.5087793E-10   0.2503710E-06
    67000.00  0.2449389E-06   0.5047516E-10   0.2449894E-06
    67400.00  0.2394012E-06   0.5007779E-10   0.2394513E-06
    67800.00  0.2342686E-06   0.4968571E-10   0.2343183E-06
    68200.00  0.2291289E-06   0.4929883E-10   0.2291782E-06
    68600.00  0.2243557E-06   0.4891705E-10   0.2244046E-06
    69000.00  0.2194261E-06   0.4854029E-10   0.2194746E-06
    69400.00  0.2147538E-06   0.4816822E-10   0.2148020E-06
    69800.00  0.2102264E-06   0.4780121E-10   0.2102742E-06
    70200.00  0.2056208E-06   0.4743894E-10   0.2056682E-06
    70600.00  0.2014341E-06   0.4708135E-10   0.2014812E-06
    71000.00  0.1971484E-06   0.4672833E-10   0.1971951E-06
    71400.00  0.1930673E-06   0.4637982E-10   0.1931137E-06
    71800.00  0.1889737E-06   0.4603558E-10   0.1890197E-06
    72200.00  0.1850907E-06   0.4569583E-10   0.1851364E-06
    72600.00  0.1812231E-06   0.4536035E-10   0.1812685E-06
    73000.00  0.1775071E-06   0.4502481E-10   0.1775521E-06
    73400.00  0.1738104E-06   0.4469768E-10   0.1738551E-06
    73800.00  0.1703125E-06   0.4437462E-10   0.1703569E-06
    74200.00  0.1667053E-06   0.4303035E-10   0.1667483E-06
    74600.00  0.1632569E-06   0.4272456E-10   0.1632996E-06
    75000.00  0.1600392E-06   0.4242249E-10   0.1600816E-06
    75400.00  0.1567981E-06   0.4212409E-10   0.1568402E-06
    75800.00  0.1538191E-06   0.4182929E-10   0.1538609E-06
    76200.00  0.1507687E-06   0.4153803E-10   0.1508102E-06
    76600.00  0.1477905E-06   0.4125026E-10   0.1478318E-06
    77000.00  0.1448344E-06   0.4096592E-10   0.1448754E-06
    77400.00  0.1420208E-06   0.4068495E-10   0.1420615E-06
    77800.00  0.1392652E-06   0.4040730E-10   0.1393056E-06
    78200.00  0.1365509E-06   0.4013291E-10   0.1365910E-06
    78600.00  0.1339345E-06   0.3986173E-10   0.1339744E-06
    79000.00  0.1313408E-06   0.3959371E-10   0.1313804E-06
    79400.00  0.1288329E-06   0.3932879E-10   0.1288722E-06
    79800.00  0.1263842E-06   0.3906694E-10   0.1264233E-06
    80200.00  0.1239178E-06   0.3880809E-10   0.1239566E-06
    80600.00  0.1215754E-06   0.3855221E-10   0.1216140E-06
    81000.00  0.1193452E-06   0.3829924E-10   0.1193835E-06
    81400.00  0.1170751E-06   0.3804914E-10   0.1171131E-06
    81800.00  0.1149385E-06   0.3780187E-10   0.1149763E-06
    82200.00  0.1128051E-06   0.3755737E-10   0.1128427E-06
    82600.00  0.1107078E-06   0.3720530E-10   0.1107450E-06
    83000.00  0.1086855E-06   0.3696716E-10   0.1087225E-06
    83400.00  0.1066672E-06   0.3673166E-10   0.1067039E-06
    83800.00  0.1047202E-06   0.3649876E-10   0.1047567E-06
    84200.00  0.1028627E-06   0.3626842E-10   0.1028990E-06
    84600.00  0.1009808E-06   0.3604061E-10   0.1010168E-06
    85000.00  0.9918195E-07   0.3581528E-10   0.9921777E-07
    85400.00  0.9740549E-07   0.3559240E-10   0.9744108E-07
    85800.00  0.9568028E-07   0.3537193E-10   0.9571565E-07
    86200.00  0.9400658E-07   0.3515367E-10   0.9404173E-07
    86600.00  0.9234332E-07   0.3493792E-10   0.9237826E-07
    87000.00  0.9072121E-07   0.3472446E-10   0.9075593E-07
    87400.00  0.8913940E-07   0.3451328E-10   0.8917391E-07
    87800.00  0.8758716E-07   0.3430434E-10   0.8762146E-07
    88200.00  0.8603835E-07   0.3409759E-10   0.8607245E-07
    88600.00  0.8455849E-07   0.3389302E-10   0.8459238E-07
    89000.00  0.8309490E-07   0.3369044E-10   0.8312859E-07
    89400.00  0.8170262E-07   0.3349015E-10   0.8173611E-07
    89800.00  0.8025872E-07   0.3329193E-10   0.8029201E-07
    90200.00  0.7894627E-07   0.3309394E-10   0.7897936E-07
    90600.00  0.7761813E-07   0.3289974E-10   0.7765103E-07
    91000.00  0.7624899E-07   0.3270754E-10   0.7628170E-07
    91400.00  0.7500465E-07   0.3202453E-10   0.7503667E-07
    91800.00  0.7377658E-07   0.3183945E-10   0.7380842E-07
    92200.00  0.7256653E-07   0.3165684E-10   0.7259819E-07
    92600.00  0.7136069E-07   0.3147606E-10   0.7139217E-07
    93000.00  0.7018856E-07   0.3129709E-10   0.7021986E-07
    93400.00  0.6902509E-07   0.3111991E-10   0.6905621E-07
    93800.00  0.6790221E-07   0.3094450E-10   0.6793315E-07
    94200.00  0.6679780E-07   0.3077082E-10   0.6682857E-07
    94600.00  0.6570370E-07   0.3059885E-10   0.6573430E-07
    95000.00  0.6464381E-07   0.3042857E-10   0.6467424E-07
    95400.00  0.6361741E-07   0.3025996E-10   0.6364767E-07
    95800.00  0.6259870E-07   0.3009299E-10   0.6262879E-07
    96200.00  0.6159103E-07   0.2992765E-10   0.6162096E-07
    96600.00  0.6062335E-07   0.2976390E-10   0.6065311E-07
    97000.00  0.5965841E-07   0.2960173E-10   0.5968801E-07
    97400.00  0.5867008E-07   0.2944112E-10   0.5869952E-07
    97800.00  0.5777983E-07   0.2928205E-10   0.5780911E-07
    98200.00  0.5688955E-07   0.2912449E-10   0.5691867E-07
    98600.00  0.5600555E-07   0.2896843E-10   0.5603452E-07
    99000.00  0.5514471E-07   0.2881384E-10   0.5517352E-07
    99400.00  0.5428096E-07   0.2866071E-10   0.5430962E-07
    99800.00  0.5344857E-07   0.2850902E-10   0.5347708E-07
   100200.00  0.5262574E-07   0.7735256E-11   0.5263348E-07
   200000.00  0.3539467E-08   0.1941557E-11   0.3541409E-08
   400000.00  0.2276157E-09   0.4853893E-12   0.2281011E-09
   600000.00  0.4521449E-10   0.2157286E-12   0.4543022E-10
   800000.00  0.1431920E-10   0.1213473E-12   0.1444055E-10
  1000000.00  0.5860932E-11   0.7766228E-13   0.5938594E-11
  1200000.00  0.2822581E-11   0.5393214E-13   0.2876513E-11
  1400000.00  0.1521351E-11   0.3962361E-13   0.1560975E-11
  1600000.00  0.8901550E-12   0.3033683E-13   0.9204918E-12
