       91.00  0.4283922E-06   0.0000000E+00   0.4283922E-06
       94.00  0.9943624E-06   0.0000000E+00   0.9943624E-06
       96.00  0.1092465E-05   0.0000000E+00   0.1092465E-05
       98.00  0.1789053E-05   0.0000000E+00   0.1789053E-05
      100.00  0.2586945E-05   0.0000000E+00   0.2586945E-05
      102.00  0.2089106E-05   0.0000000E+00   0.2089106E-05
      104.00  0.2490493E-05   0.0000000E+00   0.2490493E-05
      106.00  0.2488866E-05   0.0000000E+00   0.2488866E-05
      108.00  0.2685194E-05   0.0000000E+00   0.2685194E-05
      110.00  0.2845815E-05   0.0000000E+00   0.2845815E-05
      114.00  0.2505039E-05   0.0000000E+00   0.2505039E-05
      118.00  0.2232786E-05   0.0000000E+00   0.2232786E-05
      121.00  0.2752634E-05   0.0000000E+00   0.2752634E-05
      125.00  0.2879707E-05   0.0000000E+00   0.2879707E-05
      127.00  0.2795246E-05   0.0000000E+00   0.2795246E-05
      128.00  0.2743812E-05   0.0000000E+00   0.2743812E-05
      131.00  0.2578564E-05   0.0000000E+00   0.2578564E-05
      132.00  0.2638911E-05   0.0000000E+00   0.2638911E-05
      134.00  0.2653442E-05   0.0000000E+00   0.2653442E-05
      137.00  0.2602716E-05   0.0000000E+00   0.2602716E-05
      140.00  0.2565360E-05   0.0000000E+00   0.2565360E-05
      143.00  0.2588670E-05   0.0000000E+00   0.2588670E-05
      147.00  0.2436760E-05   0.0000000E+00   0.2436760E-05
      151.00  0.2357967E-05   0.0000000E+00   0.2357967E-05
      155.00  0.2306192E-05   0.0000000E+00   0.2306192E-05
      159.00  0.2356177E-05   0.0000000E+00   0.2356177E-05
      162.00  0.2315609E-05   0.0000000E+00   0.2315609E-05
      166.00  0.2250029E-05   0.0000000E+00   0.2250029E-05
      170.00  0.2087041E-05   0.0000000E+00   0.2087041E-05
      173.00  0.2065183E-05   0.0000000E+00   0.2065183E-05
      177.00  0.2019951E-05   0.0000000E+00   0.2019951E-05
      180.00  0.2076342E-05   0.0000000E+00   0.2076342E-05
      182.00  0.2059858E-05   0.0000000E+00   0.2059858E-05
      186.00  0.2017054E-05   0.0000000E+00   0.2017054E-05
      191.00  0.2000308E-05   0.0000000E+00   0.2000308E-05
      194.00  0.2011287E-05   0.0000000E+00   0.2011287E-05
      198.00  0.1965979E-05   0.0000000E+00   0.1965979E-05
      202.00  0.1962750E-05   0.0000000E+00   0.1962750E-05
      205.00  0.1923390E-05   0.0000000E+00   0.1923390E-05
      210.00  0.1859593E-05   0.0000000E+00   0.1859593E-05
      216.00  0.1844021E-05   0.0000000E+00   0.1844021E-05
      220.00  0.1779675E-05   0.0000000E+00   0.1779675E-05
      223.00  0.1768177E-05   0.0000000E+00   0.1768177E-05
      227.00  0.1779281E-05   0.0000000E+00   0.1779281E-05
      228.00  0.1786777E-05   0.0000000E+00   0.1786777E-05
      228.00  0.1273887E-05   0.0000000E+00   0.1273887E-05
      230.00  0.1963889E-05   0.0000000E+00   0.1963889E-05
      234.00  0.3343894E-05   0.0000000E+00   0.3343894E-05
      240.00  0.4962188E-05   0.0000000E+00   0.4962188E-05
      246.00  0.5834726E-05   0.0000000E+00   0.5834726E-05
      252.00  0.6821018E-05   0.0000000E+00   0.6821018E-05
      257.00  0.4767977E-05   0.0000000E+00   0.4767977E-05
      260.00  0.6569677E-05   0.0000000E+00   0.6569677E-05
      264.00  0.6556575E-05   0.0000000E+00   0.6556575E-05
      269.00  0.6447940E-05   0.0000000E+00   0.6447940E-05
      274.00  0.6295867E-05   0.0000000E+00   0.6295867E-05
      279.00  0.5753890E-05   0.0000000E+00   0.5753890E-05
      284.00  0.5578296E-05   0.0000000E+00   0.5578296E-05
      290.00  0.5241857E-05   0.0000000E+00   0.5241857E-05
      296.00  0.4936407E-05   0.0000000E+00   0.4936407E-05
      301.00  0.3705906E-05   0.0000000E+00   0.3705906E-05
      308.00  0.4049265E-05   0.0000000E+00   0.4049265E-05
      318.00  0.4327935E-05   0.0000000E+00   0.4327935E-05
      328.00  0.3953120E-05   0.0000000E+00   0.3953120E-05
      338.00  0.3588224E-05   0.0000000E+00   0.3588224E-05
      348.00  0.3326728E-05   0.0000000E+00   0.3326728E-05
      353.30  0.3230059E-05   0.0000000E+00   0.3230059E-05
      353.30  0.3103014E-05   0.0000000E+00   0.3103014E-05
      357.00  0.3058333E-05   0.0000000E+00   0.3058333E-05
      366.00  0.2949650E-05   0.0000000E+00   0.2949650E-05
      375.00  0.2769802E-05   0.0000000E+00   0.2769802E-05
      385.00  0.2546244E-05   0.0000000E+00   0.2546244E-05
      395.00  0.2368280E-05   0.0000000E+00   0.2368280E-05
      405.00  0.2301060E-05   0.0000000E+00   0.2301060E-05
      414.00  0.2161684E-05   0.0000000E+00   0.2161684E-05
      422.00  0.2004075E-05   0.0000000E+00   0.2004075E-05
      430.00  0.1918082E-05   0.0000000E+00   0.1918082E-05
      441.00  0.1789437E-05   0.0000000E+00   0.1789437E-05
      451.00  0.1662402E-05   0.0000000E+00   0.1662402E-05
      460.00  0.1579466E-05   0.0000000E+00   0.1579466E-05
      470.00  0.1532970E-05   0.0000000E+00   0.1532970E-05
      480.00  0.1434008E-05   0.0000000E+00   0.1434008E-05
      490.00  0.1331190E-05   0.0000000E+00   0.1331190E-05
      500.00  0.1290286E-05   0.0000000E+00   0.1290286E-05
      504.60  0.1291260E-05   0.0000000E+00   0.1291260E-05
      504.60  0.1316373E-05   0.0000000E+00   0.1316373E-05
      506.00  0.1295219E-05   0.0000000E+00   0.1295219E-05
      512.00  0.1231756E-05   0.0000000E+00   0.1231756E-05
      520.00  0.1210705E-05   0.0000000E+00   0.1210705E-05
      530.00  0.1111858E-05   0.0000000E+00   0.1111858E-05
      540.00  0.1027982E-05   0.0000000E+00   0.1027982E-05
      550.00  0.9590842E-06   0.0000000E+00   0.9590842E-06
      560.00  0.9896474E-06   0.0000000E+00   0.9896474E-06
      570.00  0.9470452E-06   0.0000000E+00   0.9470452E-06
      580.00  0.8773983E-06   0.0000000E+00   0.8773983E-06
      590.00  0.8618345E-06   0.0000000E+00   0.8618345E-06
      600.00  0.7799603E-06   0.0000000E+00   0.7799603E-06
      610.00  0.8072926E-06   0.0000000E+00   0.8072926E-06
      620.00  0.7492918E-06   0.0000000E+00   0.7492918E-06
      630.00  0.7291973E-06   0.0000000E+00   0.7291973E-06
      640.00  0.6695770E-06   0.0000000E+00   0.6695770E-06
      650.00  0.6629026E-06   0.0000000E+00   0.6629026E-06
      658.00  0.6287361E-06   0.0000000E+00   0.6287361E-06
      665.00  0.5845054E-06   0.0000000E+00   0.5845054E-06
      675.00  0.5974777E-06   0.0000000E+00   0.5974777E-06
      685.00  0.5697925E-06   0.0000000E+00   0.5697925E-06
      695.00  0.5513896E-06   0.0000000E+00   0.5513896E-06
      705.00  0.5263092E-06   0.0000000E+00   0.5263092E-06
      716.00  0.5091896E-06   0.0000000E+00   0.5091896E-06
      726.00  0.4913201E-06   0.0000000E+00   0.4913201E-06
      735.00  0.4727742E-06   0.0000000E+00   0.4727742E-06
      745.00  0.4572739E-06   0.0000000E+00   0.4572739E-06
      755.00  0.4358916E-06   0.0000000E+00   0.4358916E-06
      765.00  0.4200862E-06   0.0000000E+00   0.4200862E-06
      775.00  0.4016121E-06   0.0000000E+00   0.4016121E-06
      785.00  0.3532676E-06   0.0000000E+00   0.3532676E-06
      795.00  0.3895616E-06   0.0000000E+00   0.3895616E-06
      805.00  0.3721148E-06   0.0000000E+00   0.3721148E-06
      815.00  0.3601962E-06   0.0000000E+00   0.3601962E-06
      825.00  0.3482884E-06   0.0000000E+00   0.3482884E-06
      835.00  0.3044866E-06   0.0000000E+00   0.3044866E-06
      845.00  0.3261723E-06   0.0000000E+00   0.3261723E-06
      855.00  0.3167212E-06   0.0000000E+00   0.3167212E-06
      865.00  0.2914998E-06   0.0000000E+00   0.2914998E-06
      875.00  0.2984132E-06   0.0000000E+00   0.2984132E-06
      885.00  0.2882953E-06   0.0000000E+00   0.2882953E-06
      895.00  0.2810218E-06   0.0000000E+00   0.2810218E-06
      905.00  0.2730285E-06   0.0000000E+00   0.2730285E-06
      912.40  0.2666500E-06   0.8091107E-10   0.2667309E-06
      912.40  0.3516934E-06   0.8091228E-10   0.3517743E-06
      915.00  0.3346459E-06   0.9228248E-10   0.3347382E-06
      925.00  0.2690781E-06   0.1068216E-09   0.2691849E-06
      935.00  0.3999346E-06   0.1232358E-09   0.4000578E-06
      945.00  0.4187037E-06   0.1417098E-09   0.4188454E-06
      955.00  0.4017511E-06   0.1624404E-09   0.4019135E-06
      965.00  0.4443712E-06   0.1856363E-09   0.4445568E-06
      975.00  0.3706153E-06   0.2115185E-09   0.3708268E-06
      985.00  0.8485987E-06   0.2403203E-09   0.8488390E-06
      995.00  0.3363411E-05   0.2722874E-09   0.3363683E-05
     1005.00  0.2930929E-05   0.3076780E-09   0.2931237E-05
     1015.00  0.6447083E-06   0.3467631E-09   0.6450551E-06
     1025.00  0.3537819E-06   0.3898259E-09   0.3541717E-06
     1035.00  0.6009716E-06   0.4371621E-09   0.6014088E-06
     1045.00  0.3987227E-05   0.4890922E-09   0.3987716E-05
     1055.00  0.1562336E-04   0.5459281E-09   0.1562391E-04
     1065.00  0.2106328E-04   0.6080008E-09   0.2106389E-04
     1075.00  0.2828175E-04   0.6756549E-09   0.2828243E-04
     1085.00  0.2960516E-04   0.7492463E-09   0.2960591E-04
     1095.00  0.3051224E-04   0.8291426E-09   0.3051307E-04
     1105.00  0.1025575E-03   0.9157223E-09   0.1025584E-03
     1115.00  0.1337938E-03   0.1009374E-08   0.1337948E-03
     1125.00  0.1480080E-03   0.1110496E-08   0.1480091E-03
     1135.00  0.1492428E-03   0.1219499E-08   0.1492440E-03
     1145.00  0.1289092E-03   0.1336801E-08   0.1289105E-03
     1155.00  0.1177444E-03   0.1462832E-08   0.1177459E-03
     1165.00  0.1033230E-03   0.1598028E-08   0.1033246E-03
     1175.00  0.6515471E-04   0.1742833E-08   0.6515645E-04
     1185.00  0.2710794E-04   0.1897699E-08   0.2710984E-04
     1195.00  0.2330808E-05   0.2063087E-08   0.2332871E-05
     1205.00  0.1102399E-05   0.2239461E-08   0.1104638E-05
     1215.00  0.4678846E-06   0.2427295E-08   0.4703119E-06
     1225.00  0.1144486E-05   0.2232031E-07   0.1166806E-05
     1235.00  0.4244605E-05   0.4039880E-07   0.4285004E-05
     1245.00  0.3178149E-04   0.5580599E-07   0.3183730E-04
     1255.00  0.8360396E-04   0.6900704E-07   0.8367297E-04
     1265.00  0.8772705E-04   0.8034691E-07   0.8780740E-04
     1275.00  0.1983422E-03   0.9009840E-07   0.1984323E-03
     1285.00  0.2771962E-03   0.9848435E-07   0.2772947E-03
     1295.00  0.2983288E-03   0.1056903E-06   0.2984345E-03
     1305.00  0.2555204E-03   0.1118728E-06   0.2556323E-03
     1315.00  0.3484032E-03   0.1171651E-06   0.3485204E-03
     1325.00  0.3778907E-03   0.1216816E-06   0.3780124E-03
     1335.00  0.3749898E-03   0.1255209E-06   0.3751153E-03
     1345.00  0.4358089E-03   0.1287684E-06   0.4359377E-03
     1355.00  0.4124074E-03   0.1314985E-06   0.4125389E-03
     1365.00  0.3848738E-03   0.1337762E-06   0.3850076E-03
     1375.00  0.4257097E-03   0.1356582E-06   0.4258454E-03
     1385.00  0.4323258E-03   0.1371945E-06   0.4324630E-03
     1395.00  0.4565052E-03   0.1384290E-06   0.4566436E-03
     1405.00  0.4533698E-03   0.1394003E-06   0.4535092E-03
     1415.00  0.4240539E-03   0.1401426E-06   0.4241940E-03
     1425.00  0.4412135E-03   0.1406862E-06   0.4413542E-03
     1435.00  0.4078889E-03   0.1410579E-06   0.4080300E-03
     1442.00  0.4485252E-03   0.1412287E-06   0.4486664E-03
     1447.00  0.4721774E-03   0.1413104E-06   0.4723187E-03
     1455.00  0.4715327E-03   0.1413782E-06   0.4716741E-03
     1465.00  0.4380726E-03   0.1413667E-06   0.4382140E-03
     1475.00  0.4270352E-03   0.1412638E-06   0.4271765E-03
     1485.00  0.4410728E-03   0.1410845E-06   0.4412139E-03
     1495.00  0.4585072E-03   0.1408421E-06   0.4586480E-03
     1505.00  0.4651144E-03   0.1405485E-06   0.4652549E-03
     1512.00  0.4421314E-03   0.1403183E-06   0.4422717E-03
     1517.00  0.4643447E-03   0.1401436E-06   0.4644848E-03
     1525.00  0.4214212E-03   0.1398494E-06   0.4215610E-03
     1535.00  0.3958714E-03   0.1394620E-06   0.3960109E-03
     1545.00  0.4517721E-03   0.1390597E-06   0.4519112E-03
     1555.00  0.4192563E-03   0.1386486E-06   0.4193949E-03
     1565.00  0.3872863E-03   0.1382354E-06   0.3874245E-03
     1575.00  0.4154306E-03   0.1378259E-06   0.4155684E-03
     1585.00  0.4379745E-03   0.1374249E-06   0.4381119E-03
     1595.00  0.4583920E-03   0.1370369E-06   0.4585290E-03
     1605.00  0.4318048E-03   0.1366659E-06   0.4319415E-03
     1615.00  0.4307426E-03   0.1363153E-06   0.4308789E-03
     1625.00  0.3960828E-03   0.1359885E-06   0.3962188E-03
     1635.00  0.4140689E-03   0.1356881E-06   0.4142046E-03
     1645.00  0.4273579E-03   0.1354167E-06   0.4274933E-03
     1655.00  0.3641996E-03   0.1351766E-06   0.3643348E-03
     1665.00  0.4230738E-03   0.1349700E-06   0.4232088E-03
     1672.00  0.3524319E-03   0.1348463E-06   0.3525667E-03
     1677.00  0.4019804E-03   0.1347688E-06   0.4021152E-03
     1685.00  0.4329882E-03   0.1346642E-06   0.4331229E-03
     1695.00  0.4024584E-03   0.1345681E-06   0.4025930E-03
     1705.00  0.3931228E-03   0.1345116E-06   0.3932573E-03
     1715.00  0.3969666E-03   0.1344958E-06   0.3971011E-03
     1725.00  0.3902173E-03   0.1345217E-06   0.3903518E-03
     1735.00  0.4073622E-03   0.1345902E-06   0.4074968E-03
     1745.00  0.3968228E-03   0.1347021E-06   0.3969575E-03
     1755.00  0.4207265E-03   0.1348580E-06   0.4208614E-03
     1765.00  0.3760014E-03   0.1350584E-06   0.3761365E-03
     1775.00  0.4080580E-03   0.1353039E-06   0.4081933E-03
     1785.00  0.4037056E-03   0.1355948E-06   0.4038412E-03
     1795.00  0.4262350E-03   0.1359314E-06   0.4263709E-03
     1805.00  0.4133852E-03   0.1363141E-06   0.4135215E-03
     1815.00  0.4067730E-03   0.1367429E-06   0.4069097E-03
     1825.00  0.3931126E-03   0.1372181E-06   0.3932498E-03
     1835.00  0.3861359E-03   0.1377399E-06   0.3862736E-03
     1845.00  0.3630482E-03   0.1383081E-06   0.3631865E-03
     1855.00  0.3758741E-03   0.1389228E-06   0.3760130E-03
     1865.00  0.3781569E-03   0.1395840E-06   0.3782965E-03
     1875.00  0.3883078E-03   0.1402916E-06   0.3884481E-03
     1885.00  0.3862903E-03   0.1410455E-06   0.3864313E-03
     1895.00  0.3828477E-03   0.1418455E-06   0.3829895E-03
     1905.00  0.3715781E-03   0.1426915E-06   0.3717208E-03
     1915.00  0.3771939E-03   0.1435833E-06   0.3773375E-03
     1925.00  0.3781598E-03   0.1445206E-06   0.3783043E-03
     1935.00  0.3672515E-03   0.1455034E-06   0.3673970E-03
     1945.00  0.3853195E-03   0.1465288E-06   0.3854660E-03
     1955.00  0.3805661E-03   0.1475957E-06   0.3807137E-03
     1967.00  0.3867651E-03   0.1489335E-06   0.3869140E-03
     1976.00  0.3790188E-03   0.1499777E-06   0.3791688E-03
     1984.00  0.3731170E-03   0.1509350E-06   0.3732679E-03
     1995.00  0.3641404E-03   0.1522959E-06   0.3642927E-03
     2005.00  0.3584999E-03   0.1535773E-06   0.3586535E-03
     2015.00  0.3481510E-03   0.1549005E-06   0.3483059E-03
     2025.00  0.3462990E-03   0.1562650E-06   0.3464553E-03
     2035.00  0.3540192E-03   0.1576788E-06   0.3541769E-03
     2045.00  0.3609731E-03   0.1591369E-06   0.3611322E-03
     2055.00  0.3487431E-03   0.7523898E-07   0.3488183E-03
     2065.00  0.3449124E-03   0.7474218E-07   0.3449871E-03
     2074.00  0.3548419E-03   0.7430920E-07   0.3549162E-03
     2078.00  0.3612461E-03   0.7412103E-07   0.3613202E-03
     2085.00  0.3602868E-03   0.7379797E-07   0.3603606E-03
     2095.00  0.3484106E-03   0.7335011E-07   0.3484840E-03
     2105.00  0.3433529E-03   0.7291811E-07   0.3434258E-03
     2115.00  0.3432239E-03   0.7250174E-07   0.3432964E-03
     2125.00  0.3437028E-03   0.7210079E-07   0.3437749E-03
     2135.00  0.3134563E-03   0.7171501E-07   0.3135280E-03
     2145.00  0.3369902E-03   0.7134419E-07   0.3370615E-03
     2155.00  0.3356755E-03   0.7098810E-07   0.3357465E-03
     2165.00  0.3206089E-03   0.7064651E-07   0.3206795E-03
     2175.00  0.3176825E-03   0.7031924E-07   0.3177528E-03
     2185.00  0.3193394E-03   0.7000608E-07   0.3194094E-03
     2195.00  0.3348965E-03   0.6970677E-07   0.3349662E-03
     2205.00  0.3214708E-03   0.6942108E-07   0.3215402E-03
     2215.00  0.3020611E-03   0.6914880E-07   0.3021302E-03
     2225.00  0.2995586E-03   0.6888971E-07   0.2996275E-03
     2235.00  0.3247162E-03   0.6864359E-07   0.3247848E-03
     2245.00  0.3022112E-03   0.6841023E-07   0.3022796E-03
     2255.00  0.2943242E-03   0.6818942E-07   0.2943924E-03
     2265.00  0.2917142E-03   0.6798095E-07   0.2917822E-03
     2275.00  0.3061448E-03   0.6778461E-07   0.3062126E-03
     2285.00  0.3136775E-03   0.6759952E-07   0.3137451E-03
     2295.00  0.2972236E-03   0.6742542E-07   0.2972910E-03
     2305.00  0.2981539E-03   0.6726276E-07   0.2982212E-03
     2315.00  0.2905445E-03   0.6711133E-07   0.2906116E-03
     2325.00  0.2537435E-03   0.6697094E-07   0.2538105E-03
     2335.00  0.2803362E-03   0.6684140E-07   0.2804030E-03
     2345.00  0.2592357E-03   0.6672250E-07   0.2593024E-03
     2355.00  0.2847706E-03   0.6661406E-07   0.2848372E-03
     2365.00  0.2604142E-03   0.6651589E-07   0.2604807E-03
     2375.00  0.2726143E-03   0.6642780E-07   0.2726807E-03
     2385.00  0.2451051E-03   0.6634960E-07   0.2451714E-03
     2395.00  0.2634081E-03   0.6628112E-07   0.2634744E-03
     2405.00  0.2540329E-03   0.6622221E-07   0.2540991E-03
     2415.00  0.2583642E-03   0.6617271E-07   0.2584304E-03
     2425.00  0.2730062E-03   0.6613240E-07   0.2730723E-03
     2435.00  0.2618202E-03   0.6610110E-07   0.2618863E-03
     2445.00  0.2770627E-03   0.6607864E-07   0.2771288E-03
     2455.00  0.2695291E-03   0.6606486E-07   0.2695952E-03
     2465.00  0.2669411E-03   0.6605958E-07   0.2670072E-03
     2475.00  0.2556365E-03   0.6606265E-07   0.2557026E-03
     2485.00  0.2624051E-03   0.6607389E-07   0.2624712E-03
     2495.00  0.2562910E-03   0.6609316E-07   0.2563571E-03
     2505.00  0.2784740E-03   0.6612028E-07   0.2785401E-03
     2513.00  0.2542797E-03   0.6614754E-07   0.2543458E-03
     2518.00  0.2521174E-03   0.6616704E-07   0.2521836E-03
     2525.00  0.2396645E-03   0.6619749E-07   0.2397307E-03
     2535.00  0.2414764E-03   0.6624727E-07   0.2415426E-03
     2545.00  0.2422197E-03   0.6630426E-07   0.2422860E-03
     2555.00  0.2608361E-03   0.6636835E-07   0.2609025E-03
     2565.00  0.2557478E-03   0.6643939E-07   0.2558142E-03
     2575.00  0.2694882E-03   0.6651724E-07   0.2695547E-03
     2585.00  0.2678718E-03   0.6660175E-07   0.2679384E-03
     2595.00  0.2639312E-03   0.6669279E-07   0.2639979E-03
     2605.00  0.2534023E-03   0.6431447E-07   0.2534666E-03
     2615.00  0.2504302E-03   0.6440219E-07   0.2504946E-03
     2625.00  0.2613492E-03   0.6449624E-07   0.2614137E-03
     2635.00  0.2688422E-03   0.6459649E-07   0.2689068E-03
     2645.00  0.2944466E-03   0.6470283E-07   0.2945113E-03
     2655.00  0.2985612E-03   0.6481511E-07   0.2986260E-03
     2665.00  0.2769229E-03   0.6493322E-07   0.2769878E-03
     2675.00  0.2857888E-03   0.6505704E-07   0.2858539E-03
     2685.00  0.2895217E-03   0.6518643E-07   0.2895869E-03
     2695.00  0.2732007E-03   0.6532129E-07   0.2732660E-03
     2705.00  0.2795893E-03   0.6546149E-07   0.2796548E-03
     2715.00  0.2636238E-03   0.6560693E-07   0.2636894E-03
     2725.00  0.2617770E-03   0.6575748E-07   0.2618428E-03
     2735.00  0.2760601E-03   0.6591303E-07   0.2761260E-03
     2745.00  0.2413388E-03   0.6607348E-07   0.2414049E-03
     2755.00  0.2470311E-03   0.6623871E-07   0.2470973E-03
     2765.00  0.2597289E-03   0.6640861E-07   0.2597953E-03
     2775.00  0.2693022E-03   0.6658309E-07   0.2693688E-03
     2785.00  0.2545871E-03   0.6676202E-07   0.2546539E-03
     2795.00  0.1881389E-03   0.6694533E-07   0.1882058E-03
     2805.00  0.2076685E-03   0.6713289E-07   0.2077356E-03
     2815.00  0.2677378E-03   0.6732461E-07   0.2678051E-03
     2825.00  0.2777301E-03   0.6752039E-07   0.2777976E-03
     2835.00  0.2714882E-03   0.6772015E-07   0.2715559E-03
     2845.00  0.2600622E-03   0.6792377E-07   0.2601301E-03
     2855.00  0.2462409E-03   0.6813043E-07   0.2463090E-03
     2865.00  0.2707739E-03   0.6833999E-07   0.2708422E-03
     2875.00  0.2724753E-03   0.6855304E-07   0.2725439E-03
     2885.00  0.2725816E-03   0.6876951E-07   0.2726504E-03
     2895.00  0.2720771E-03   0.6898929E-07   0.2721461E-03
     2910.00  0.2932289E-03   0.6932502E-07   0.2932982E-03
     2930.00  0.2819602E-03   0.6978346E-07   0.2820300E-03
     2950.00  0.2788504E-03   0.7025366E-07   0.2789207E-03
     2970.00  0.2806412E-03   0.7073496E-07   0.2807119E-03
     2990.00  0.2813435E-03   0.7122675E-07   0.2814147E-03
     3010.00  0.2848752E-03   0.7172839E-07   0.2849469E-03
     3030.00  0.2842088E-03   0.7223932E-07   0.2842810E-03
     3050.00  0.2852030E-03   0.7275921E-07   0.2852758E-03
     3070.00  0.2819130E-03   0.7328759E-07   0.2819863E-03
     3090.00  0.2824394E-03   0.7382370E-07   0.2825132E-03
     3110.00  0.2820157E-03   0.7436703E-07   0.2820901E-03
     3130.00  0.2774496E-03   0.7424200E-07   0.2775238E-03
     3150.00  0.2758560E-03   0.7479091E-07   0.2759308E-03
     3170.00  0.2785649E-03   0.7534564E-07   0.2786402E-03
     3190.00  0.2676797E-03   0.7590576E-07   0.2677556E-03
     3210.00  0.2755350E-03   0.7647083E-07   0.2756115E-03
     3230.00  0.2655440E-03   0.7704042E-07   0.2656210E-03
     3250.00  0.2796408E-03   0.7761411E-07   0.2797184E-03
     3270.00  0.2881492E-03   0.7819052E-07   0.2882274E-03
     3290.00  0.2859776E-03   0.7876954E-07   0.2860564E-03
     3310.00  0.2836980E-03   0.7935132E-07   0.2837774E-03
     3330.00  0.2812142E-03   0.7993550E-07   0.2812941E-03
     3350.00  0.2766698E-03   0.8052175E-07   0.2767503E-03
     3370.00  0.2634205E-03   0.8110972E-07   0.2635016E-03
     3390.00  0.2690253E-03   0.8169911E-07   0.2691070E-03
     3410.00  0.2722728E-03   0.8228959E-07   0.2723551E-03
     3430.00  0.2758665E-03   0.7796905E-07   0.2759445E-03
     3450.00  0.2771200E-03   0.7850315E-07   0.2771985E-03
     3470.00  0.2764820E-03   0.7903787E-07   0.2765610E-03
     3490.00  0.2795770E-03   0.7957293E-07   0.2796566E-03
     3510.00  0.2833338E-03   0.8010798E-07   0.2834139E-03
     3530.00  0.2771398E-03   0.8064187E-07   0.2772204E-03
     3550.00  0.2863109E-03   0.8117521E-07   0.2863921E-03
     3570.00  0.2682240E-03   0.8170779E-07   0.2683057E-03
     3590.00  0.2652638E-03   0.8223938E-07   0.2653460E-03
     3610.00  0.2730571E-03   0.8276979E-07   0.2731399E-03
     3630.00  0.2732396E-03   0.8329881E-07   0.2733229E-03
     3640.00  0.2739452E-03   0.8356275E-07   0.2740288E-03
     3650.00  0.2839357E-03   0.1773940E-07   0.2839534E-03
     3670.00  0.2776347E-03   0.1762963E-07   0.2776523E-03
     3690.00  0.2618392E-03   0.1650680E-07   0.2618557E-03
     3710.00  0.2876665E-03   0.1639302E-07   0.2876829E-03
     3730.00  0.2784665E-03   0.1628265E-07   0.2784828E-03
     3750.00  0.3352848E-03   0.1617556E-07   0.3353010E-03
     3770.00  0.3570145E-03   0.1607166E-07   0.3570306E-03
     3790.00  0.4166931E-03   0.1597084E-07   0.4167091E-03
     3810.00  0.4715299E-03   0.1587300E-07   0.4715458E-03
     3830.00  0.3701203E-03   0.1577806E-07   0.3701361E-03
     3850.00  0.4995879E-03   0.1568593E-07   0.4996036E-03
     3870.00  0.5503510E-03   0.1559650E-07   0.5503666E-03
     3890.00  0.3489526E-03   0.1550971E-07   0.3489681E-03
     3910.00  0.5653223E-03   0.1542545E-07   0.5653377E-03
     3930.00  0.5245486E-03   0.1534367E-07   0.5245639E-03
     3950.00  0.5512544E-03   0.1526427E-07   0.5512697E-03
     3970.00  0.3115816E-03   0.1518722E-07   0.3115968E-03
     3990.00  0.5562806E-03   0.1511250E-07   0.5562957E-03
     4010.00  0.6177916E-03   0.1503995E-07   0.6178066E-03
     4030.00  0.6185863E-03   0.1496949E-07   0.6186013E-03
     4050.00  0.6094394E-03   0.1490106E-07   0.6094543E-03
     4070.00  0.5821059E-03   0.1483460E-07   0.5821207E-03
     4090.00  0.4872852E-03   0.1477003E-07   0.4873000E-03
     4110.00  0.4008867E-03   0.1470731E-07   0.4009014E-03
     4130.00  0.5645316E-03   0.1464636E-07   0.5645462E-03
     4150.00  0.5865618E-03   0.1458715E-07   0.5865764E-03
     4170.00  0.5864724E-03   0.1452960E-07   0.5864869E-03
     4190.00  0.5775579E-03   0.1447368E-07   0.5775724E-03
     4210.00  0.5726369E-03   0.1441932E-07   0.5726513E-03
     4230.00  0.5621477E-03   0.1436648E-07   0.5621621E-03
     4250.00  0.5571735E-03   0.1431510E-07   0.5571878E-03
     4270.00  0.5438788E-03   0.1426515E-07   0.5438931E-03
     4290.00  0.5268826E-03   0.1421658E-07   0.5268968E-03
     4310.00  0.4840547E-03   0.1416933E-07   0.4840689E-03
     4330.00  0.4201556E-03   0.1412338E-07   0.4201697E-03
     4350.00  0.3727838E-03   0.1407868E-07   0.3727979E-03
     4370.00  0.5103686E-03   0.1403520E-07   0.5103826E-03
     4390.00  0.5148009E-03   0.1399289E-07   0.5148149E-03
     4410.00  0.5238019E-03   0.1395171E-07   0.5238159E-03
     4430.00  0.5298529E-03   0.1391163E-07   0.5298668E-03
     4450.00  0.5263911E-03   0.1387260E-07   0.5264050E-03
     4470.00  0.5266461E-03   0.1383460E-07   0.5266599E-03
     4490.00  0.5223045E-03   0.1379759E-07   0.5223183E-03
     4510.00  0.5315955E-03   0.1376154E-07   0.5316093E-03
     4530.00  0.5143410E-03   0.1372641E-07   0.5143547E-03
     4550.00  0.5115804E-03   0.1369218E-07   0.5115941E-03
     4570.00  0.5187700E-03   0.1365882E-07   0.5187837E-03
     4590.00  0.5064500E-03   0.1362630E-07   0.5064636E-03
     4610.00  0.5085997E-03   0.1359459E-07   0.5086133E-03
     4630.00  0.5012569E-03   0.1356367E-07   0.5012705E-03
     4650.00  0.5001750E-03   0.1353350E-07   0.5001885E-03
     4670.00  0.4988670E-03   0.1350407E-07   0.4988805E-03
     4690.00  0.4927696E-03   0.1347534E-07   0.4927831E-03
     4710.00  0.4814163E-03   0.1344731E-07   0.4814297E-03
     4730.00  0.4858162E-03   0.1341993E-07   0.4858296E-03
     4750.00  0.4870427E-03   0.1339319E-07   0.4870561E-03
     4770.00  0.4789220E-03   0.1336707E-07   0.4789354E-03
     4790.00  0.4737478E-03   0.1334155E-07   0.4737611E-03
     4810.00  0.4653736E-03   0.1331659E-07   0.4653869E-03
     4830.00  0.4519779E-03   0.1329215E-07   0.4519912E-03
     4850.00  0.3807081E-03   0.1326826E-07   0.3807214E-03
     4870.00  0.3290689E-03   0.1324488E-07   0.3290821E-03
     4890.00  0.4316736E-03   0.1322200E-07   0.4316868E-03
     4910.00  0.4452372E-03   0.1319960E-07   0.4452504E-03
     4930.00  0.4432036E-03   0.1317767E-07   0.4432168E-03
     4950.00  0.4463965E-03   0.1315619E-07   0.4464097E-03
     4970.00  0.4450623E-03   0.1313514E-07   0.4450754E-03
     4990.00  0.4332971E-03   0.1311451E-07   0.4333102E-03
     5010.00  0.4229640E-03   0.1309428E-07   0.4229771E-03
     5030.00  0.4294923E-03   0.1307445E-07   0.4295054E-03
     5050.00  0.4248313E-03   0.1305498E-07   0.4248444E-03
     5070.00  0.4284273E-03   0.1303592E-07   0.4284403E-03
     5090.00  0.4208602E-03   0.1301739E-07   0.4208732E-03
     5110.00  0.4210098E-03   0.1299918E-07   0.4210228E-03
     5130.00  0.4139681E-03   0.1298130E-07   0.4139811E-03
     5150.00  0.4060196E-03   0.1296371E-07   0.4060326E-03
     5170.00  0.3976481E-03   0.1294642E-07   0.3976610E-03
     5190.00  0.3962368E-03   0.1292940E-07   0.3962497E-03
     5210.00  0.3989112E-03   0.1291266E-07   0.3989241E-03
     5230.00  0.3987472E-03   0.1289617E-07   0.3987601E-03
     5250.00  0.4004216E-03   0.1287993E-07   0.4004345E-03
     5270.00  0.3868718E-03   0.1286393E-07   0.3868847E-03
     5290.00  0.3961312E-03   0.1284816E-07   0.3961440E-03
     5310.00  0.3971333E-03   0.1283261E-07   0.3971461E-03
     5330.00  0.3841694E-03   0.1281727E-07   0.3841822E-03
     5350.00  0.3890753E-03   0.1280213E-07   0.3890881E-03
     5370.00  0.3851640E-03   0.1278718E-07   0.3851768E-03
     5390.00  0.3822288E-03   0.1277239E-07   0.3822416E-03
     5410.00  0.3767902E-03   0.1275777E-07   0.3768030E-03
     5430.00  0.3762975E-03   0.1274333E-07   0.3763102E-03
     5450.00  0.3767341E-03   0.1272905E-07   0.3767468E-03
     5470.00  0.3721375E-03   0.1271492E-07   0.3721502E-03
     5490.00  0.3710178E-03   0.1270093E-07   0.3710305E-03
     5510.00  0.3678966E-03   0.1268709E-07   0.3679093E-03
     5530.00  0.3685173E-03   0.1267339E-07   0.3685300E-03
     5550.00  0.3669112E-03   0.1265981E-07   0.3669239E-03
     5570.00  0.3607358E-03   0.1264635E-07   0.3607484E-03
     5590.00  0.3574766E-03   0.1263301E-07   0.3574892E-03
     5610.00  0.3570942E-03   0.1261978E-07   0.3571068E-03
     5630.00  0.3558630E-03   0.1260665E-07   0.3558756E-03
     5650.00  0.3545730E-03   0.1259363E-07   0.3545856E-03
     5670.00  0.3492216E-03   0.1258070E-07   0.3492342E-03
     5690.00  0.3504471E-03   0.1256786E-07   0.3504597E-03
     5710.00  0.3445113E-03   0.1010968E-07   0.3445214E-03
     5730.00  0.3500548E-03   0.1009336E-07   0.3500649E-03
     5750.00  0.3451331E-03   0.1007719E-07   0.3451432E-03
     5770.00  0.3435752E-03   0.1006118E-07   0.3435853E-03
     5790.00  0.3390590E-03   0.1004532E-07   0.3390690E-03
     5810.00  0.3394753E-03   0.1002961E-07   0.3394853E-03
     5830.00  0.3390492E-03   0.1001404E-07   0.3390592E-03
     5850.00  0.3343639E-03   0.9998598E-08   0.3343739E-03
     5870.00  0.3321342E-03   0.9983293E-08   0.3321442E-03
     5890.00  0.3226505E-03   0.9968115E-08   0.3226605E-03
     5910.00  0.3271065E-03   0.9953061E-08   0.3271165E-03
     5930.00  0.3255516E-03   0.9938126E-08   0.3255615E-03
     5950.00  0.3239469E-03   0.9923307E-08   0.3239568E-03
     5970.00  0.3230288E-03   0.9908599E-08   0.3230387E-03
     5990.00  0.3204479E-03   0.9893999E-08   0.3204578E-03
     6010.00  0.3176428E-03   0.9879505E-08   0.3176527E-03
     6030.00  0.3174496E-03   0.9865111E-08   0.3174595E-03
     6050.00  0.3183744E-03   0.9850814E-08   0.3183843E-03
     6070.00  0.3162452E-03   0.9836612E-08   0.3162550E-03
     6090.00  0.3126750E-03   0.9822500E-08   0.3126848E-03
     6110.00  0.3110322E-03   0.9808476E-08   0.3110420E-03
     6130.00  0.3036276E-03   0.9794536E-08   0.3036374E-03
     6150.00  0.3023278E-03   0.9780678E-08   0.3023376E-03
     6170.00  0.2975132E-03   0.9766900E-08   0.2975230E-03
     6190.00  0.2999725E-03   0.9753198E-08   0.2999823E-03
     6210.00  0.2981962E-03   0.9739571E-08   0.2982059E-03
     6230.00  0.2938205E-03   0.9726015E-08   0.2938302E-03
     6250.00  0.2887585E-03   0.9712528E-08   0.2887682E-03
     6270.00  0.2927507E-03   0.9699107E-08   0.2927604E-03
     6290.00  0.2919475E-03   0.9685751E-08   0.2919572E-03
     6310.00  0.2881050E-03   0.9672456E-08   0.2881147E-03
     6330.00  0.2884742E-03   0.9659223E-08   0.2884839E-03
     6350.00  0.2876657E-03   0.9646046E-08   0.2876753E-03
     6370.00  0.2864112E-03   0.9632925E-08   0.2864208E-03
     6390.00  0.2857487E-03   0.9619858E-08   0.2857583E-03
     6410.00  0.2816987E-03   0.9606842E-08   0.2817083E-03
     6430.00  0.2813266E-03   0.9593877E-08   0.2813362E-03
     6450.00  0.2796483E-03   0.9580959E-08   0.2796579E-03
     6470.00  0.2780844E-03   0.9568088E-08   0.2780940E-03
     6490.00  0.2743911E-03   0.9555262E-08   0.2744007E-03
     6510.00  0.2752326E-03   0.9542478E-08   0.2752421E-03
     6530.00  0.2711305E-03   0.9529621E-08   0.2711400E-03
     6550.00  0.2509180E-03   0.9516768E-08   0.2509275E-03
     6570.00  0.2191048E-03   0.9503949E-08   0.2191143E-03
     6590.00  0.2596383E-03   0.9491164E-08   0.2596478E-03
     6610.00  0.2660125E-03   0.9478411E-08   0.2660220E-03
     6630.00  0.2657197E-03   0.9465688E-08   0.2657292E-03
     6650.00  0.2639609E-03   0.9412839E-08   0.2639703E-03
     6670.00  0.2612500E-03   0.9400303E-08   0.2612594E-03
     6690.00  0.2616595E-03   0.9387794E-08   0.2616689E-03
     6710.00  0.2578865E-03   0.9375313E-08   0.2578959E-03
     6730.00  0.2580407E-03   0.9362856E-08   0.2580501E-03
     6750.00  0.2555976E-03   0.9350424E-08   0.2556070E-03
     6770.00  0.2547983E-03   0.9338015E-08   0.2548076E-03
     6790.00  0.2533193E-03   0.9325628E-08   0.2533286E-03
     6810.00  0.2520960E-03   0.9313263E-08   0.2521053E-03
     6830.00  0.2517340E-03   0.9300918E-08   0.2517433E-03
     6850.00  0.2489278E-03   0.9288593E-08   0.2489371E-03
     6870.00  0.2489793E-03   0.9276286E-08   0.2489886E-03
     6890.00  0.2493160E-03   0.9263998E-08   0.2493253E-03
     6910.00  0.2484716E-03   0.9251727E-08   0.2484809E-03
     6930.00  0.2474777E-03   0.9239472E-08   0.2474869E-03
     6950.00  0.2464212E-03   0.9227233E-08   0.2464304E-03
     6970.00  0.2471921E-03   0.9215009E-08   0.2472013E-03
     6990.00  0.2469351E-03   0.9202799E-08   0.2469443E-03
     7010.00  0.2454335E-03   0.9190602E-08   0.2454427E-03
     7030.00  0.2448830E-03   0.9178425E-08   0.2448922E-03
     7050.00  0.2413299E-03   0.9166260E-08   0.2413391E-03
     7070.00  0.2362563E-03   0.9154106E-08   0.2362655E-03
     7090.00  0.2326786E-03   0.9141964E-08   0.2326877E-03
     7110.00  0.2304085E-03   0.9129831E-08   0.2304176E-03
     7130.00  0.2280432E-03   0.9117709E-08   0.2280523E-03
     7150.00  0.2269316E-03   0.9105595E-08   0.2269407E-03
     7170.00  0.2267010E-03   0.9093491E-08   0.2267101E-03
     7190.00  0.2236772E-03   0.9081394E-08   0.2236863E-03
     7210.00  0.2244428E-03   0.9069307E-08   0.2244519E-03
     7230.00  0.2251545E-03   0.9057226E-08   0.2251636E-03
     7250.00  0.2251648E-03   0.9045153E-08   0.2251738E-03
     7270.00  0.2248971E-03   0.9033086E-08   0.2249061E-03
     7290.00  0.2239798E-03   0.9021026E-08   0.2239888E-03
     7310.00  0.2266859E-03   0.9008973E-08   0.2266949E-03
     7330.00  0.2261980E-03   0.8996925E-08   0.2262070E-03
     7350.00  0.2288888E-03   0.8984883E-08   0.2288978E-03
     7370.00  0.2316716E-03   0.8972847E-08   0.2316806E-03
     7390.00  0.2286404E-03   0.8960814E-08   0.2286494E-03
     7410.00  0.2285952E-03   0.8948788E-08   0.2286041E-03
     7430.00  0.2318773E-03   0.8936765E-08   0.2318862E-03
     7450.00  0.2307598E-03   0.8910277E-08   0.2307687E-03
     7470.00  0.2331831E-03   0.8898294E-08   0.2331920E-03
     7490.00  0.2326905E-03   0.8886316E-08   0.2326994E-03
     7510.00  0.2323739E-03   0.8874343E-08   0.2323828E-03
     7530.00  0.2337870E-03   0.8862373E-08   0.2337959E-03
     7550.00  0.2343156E-03   0.8850407E-08   0.2343245E-03
     7570.00  0.2333295E-03   0.8838445E-08   0.2333383E-03
     7590.00  0.2278156E-03   0.8826486E-08   0.2278244E-03
     7610.00  0.2216330E-03   0.8814479E-08   0.2216418E-03
     7630.00  0.2155421E-03   0.8802420E-08   0.2155509E-03
     7650.00  0.2094182E-03   0.8790361E-08   0.2094270E-03
     7670.00  0.2034635E-03   0.8778304E-08   0.2034723E-03
     7690.00  0.2046188E-03   0.8766247E-08   0.2046276E-03
     7710.00  0.2020413E-03   0.8754190E-08   0.2020501E-03
     7730.00  0.2019505E-03   0.8742134E-08   0.2019592E-03
     7750.00  0.2004690E-03   0.8730078E-08   0.2004777E-03
     7770.00  0.2000681E-03   0.8718023E-08   0.2000768E-03
     7790.00  0.2004590E-03   0.8705968E-08   0.2004677E-03
     7810.00  0.2008280E-03   0.8693913E-08   0.2008367E-03
     7830.00  0.2002778E-03   0.8681859E-08   0.2002865E-03
     7850.00  0.1987813E-03   0.8669805E-08   0.1987900E-03
     7870.00  0.1992435E-03   0.8518634E-08   0.1992520E-03
     7890.00  0.1997110E-03   0.8506899E-08   0.1997195E-03
     7910.00  0.1967424E-03   0.8495165E-08   0.1967509E-03
     7930.00  0.1969807E-03   0.8483431E-08   0.1969892E-03
     7950.00  0.1971285E-03   0.8471697E-08   0.1971370E-03
     7970.00  0.1986942E-03   0.8459965E-08   0.1987027E-03
     7990.00  0.1976419E-03   0.8448233E-08   0.1976503E-03
     8010.00  0.2014325E-03   0.8436500E-08   0.2014409E-03
     8030.00  0.2023531E-03   0.8424768E-08   0.2023615E-03
     8050.00  0.2019104E-03   0.8413037E-08   0.2019188E-03
     8070.00  0.2055564E-03   0.8401307E-08   0.2055648E-03
     8090.00  0.2061537E-03   0.8389577E-08   0.2061621E-03
     8110.00  0.2070323E-03   0.8377848E-08   0.2070407E-03
     8130.00  0.2100063E-03   0.8366120E-08   0.2100147E-03
     8150.00  0.2120410E-03   0.8354393E-08   0.2120494E-03
     8170.00  0.2123178E-03   0.8342666E-08   0.2123261E-03
     8190.00  0.2095770E-03   0.8330940E-08   0.2095853E-03
     8210.00  0.2030816E-03   0.7472511E-08   0.2030891E-03
     8230.00  0.2006836E-03   0.4167113E-08   0.2006878E-03
     8250.00  0.1995594E-03   0.4159003E-08   0.1995636E-03
     8270.00  0.1987548E-03   0.4150928E-08   0.1987590E-03
     8290.00  0.1968818E-03   0.4102103E-08   0.1968859E-03
     8310.00  0.1944730E-03   0.4094194E-08   0.1944771E-03
     8330.00  0.1919303E-03   0.4086318E-08   0.1919344E-03
     8350.00  0.1914985E-03   0.4078474E-08   0.1915026E-03
     8370.00  0.1907101E-03   0.4070663E-08   0.1907142E-03
     8390.00  0.1879516E-03   0.4062883E-08   0.1879557E-03
     8410.00  0.1889364E-03   0.4055134E-08   0.1889405E-03
     8430.00  0.1850465E-03   0.4047416E-08   0.1850505E-03
     8450.00  0.1787900E-03   0.4039728E-08   0.1787940E-03
     8470.00  0.1765625E-03   0.4032071E-08   0.1765665E-03
     8490.00  0.1794263E-03   0.4024443E-08   0.1794303E-03
     8510.00  0.1719495E-03   0.4016845E-08   0.1719535E-03
     8530.00  0.1793580E-03   0.4009276E-08   0.1793620E-03
     8550.00  0.1645255E-03   0.4001736E-08   0.1645295E-03
     8570.00  0.1845680E-03   0.3994224E-08   0.1845720E-03
     8590.00  0.1788839E-03   0.3986740E-08   0.1788879E-03
     8610.00  0.1795260E-03   0.3979284E-08   0.1795300E-03
     8630.00  0.1885147E-03   0.3971855E-08   0.1885187E-03
     8650.00  0.1849685E-03   0.3964455E-08   0.1849725E-03
     8670.00  0.1667000E-03   0.3957080E-08   0.1667040E-03
     8690.00  0.1873263E-03   0.3949733E-08   0.1873302E-03
     8710.00  0.1924397E-03   0.3942411E-08   0.1924436E-03
     8730.00  0.1899949E-03   0.3935116E-08   0.1899988E-03
     8750.00  0.1777090E-03   0.3927847E-08   0.1777129E-03
     8770.00  0.1880336E-03   0.3920603E-08   0.1880375E-03
     8790.00  0.1950037E-03   0.3913385E-08   0.1950076E-03
     8810.00  0.1946379E-03   0.3906192E-08   0.1946418E-03
     8830.00  0.1924532E-03   0.3899023E-08   0.1924571E-03
     8850.00  0.1819385E-03   0.3891879E-08   0.1819424E-03
     8870.00  0.1682182E-03   0.3884760E-08   0.1682221E-03
     8890.00  0.1783353E-03   0.3877665E-08   0.1783392E-03
     8910.00  0.1819480E-03   0.3870593E-08   0.1819519E-03
     8930.00  0.1824830E-03   0.3863545E-08   0.1824869E-03
     8950.00  0.1827260E-03   0.3856521E-08   0.1827299E-03
     8970.00  0.1818092E-03   0.3849519E-08   0.1818130E-03
     8990.00  0.1786373E-03   0.3842541E-08   0.1786411E-03
     9010.00  0.1665960E-03   0.3835585E-08   0.1665998E-03
     9030.00  0.1745846E-03   0.3828652E-08   0.1745884E-03
     9050.00  0.1840015E-03   0.3821741E-08   0.1840053E-03
     9070.00  0.1862479E-03   0.3814853E-08   0.1862517E-03
     9090.00  0.1860749E-03   0.3807986E-08   0.1860787E-03
     9110.00  0.1880572E-03   0.3801141E-08   0.1880610E-03
     9130.00  0.1879516E-03   0.3794319E-08   0.1879554E-03
     9150.00  0.1871546E-03   0.3787519E-08   0.1871584E-03
     9170.00  0.1860703E-03   0.3780741E-08   0.1860741E-03
     9190.00  0.1846005E-03   0.3773984E-08   0.1846043E-03
     9210.00  0.1777927E-03   0.3767247E-08   0.1777965E-03
     9230.00  0.1634610E-03   0.3760532E-08   0.1634648E-03
     9250.00  0.1719999E-03   0.3753836E-08   0.1720037E-03
     9270.00  0.1766067E-03   0.3747160E-08   0.1766104E-03
     9290.00  0.1763673E-03   0.3740505E-08   0.1763710E-03
     9310.00  0.1759320E-03   0.3733870E-08   0.1759357E-03
     9330.00  0.1767158E-03   0.3727254E-08   0.1767195E-03
     9350.00  0.1759184E-03   0.3720658E-08   0.1759221E-03
     9370.00  0.1743726E-03   0.3714082E-08   0.1743763E-03
     9390.00  0.1755050E-03   0.3707524E-08   0.1755087E-03
     9410.00  0.1742010E-03   0.3700987E-08   0.1742047E-03
     9430.00  0.1757005E-03   0.3694467E-08   0.1757042E-03
     9450.00  0.1748987E-03   0.3687967E-08   0.1749024E-03
     9470.00  0.1752567E-03   0.3681487E-08   0.1752604E-03
     9490.00  0.1739786E-03   0.3675023E-08   0.1739823E-03
     9510.00  0.1704239E-03   0.3668579E-08   0.1704276E-03
     9530.00  0.1668161E-03   0.3662153E-08   0.1668198E-03
     9550.00  0.1578957E-03   0.3655745E-08   0.1578994E-03
     9570.00  0.1670579E-03   0.3649355E-08   0.1670615E-03
     9590.00  0.1702778E-03   0.3642984E-08   0.1702814E-03
     9610.00  0.1701811E-03   0.3636630E-08   0.1701847E-03
     9630.00  0.1703324E-03   0.3630294E-08   0.1703360E-03
     9650.00  0.1695136E-03   0.3623975E-08   0.1695172E-03
     9670.00  0.1689739E-03   0.3617674E-08   0.1689775E-03
     9690.00  0.1690453E-03   0.3611389E-08   0.1690489E-03
     9710.00  0.1672405E-03   0.3605122E-08   0.1672441E-03
     9730.00  0.1658221E-03   0.3598873E-08   0.1658257E-03
     9750.00  0.1651488E-03   0.3592641E-08   0.1651524E-03
     9770.00  0.1649806E-03   0.3586425E-08   0.1649842E-03
     9790.00  0.1640970E-03   0.3580225E-08   0.1641006E-03
     9810.00  0.1642535E-03   0.3574043E-08   0.1642571E-03
     9830.00  0.1634114E-03   0.3567877E-08   0.1634150E-03
     9850.00  0.1628561E-03   0.3561727E-08   0.1628597E-03
     9870.00  0.1619748E-03   0.3555595E-08   0.1619784E-03
     9890.00  0.1612865E-03   0.3549477E-08   0.1612900E-03
     9910.00  0.1609844E-03   0.3543377E-08   0.1609879E-03
     9930.00  0.1607633E-03   0.3537292E-08   0.1607668E-03
     9950.00  0.1604459E-03   0.3531223E-08   0.1604494E-03
     9970.00  0.1597769E-03   0.3525170E-08   0.1597804E-03
     9990.00  0.1588404E-03   0.3519134E-08   0.1588439E-03
    10025.00  0.1546936E-03   0.3508606E-08   0.1546971E-03
    10075.00  0.1516171E-03   0.3493649E-08   0.1516206E-03
    10125.00  0.1558433E-03   0.3478788E-08   0.1558468E-03
    10175.00  0.1544940E-03   0.3464098E-08   0.1544975E-03
    10225.00  0.1536039E-03   0.3449514E-08   0.1536073E-03
    10275.00  0.1527206E-03   0.3435018E-08   0.1527240E-03
    10325.00  0.1507251E-03   0.3420609E-08   0.1507285E-03
    10375.00  0.1493580E-03   0.3406286E-08   0.1493614E-03
    10425.00  0.1484436E-03   0.3392048E-08   0.1484470E-03
    10475.00  0.1462969E-03   0.3377895E-08   0.1463003E-03
    10525.00  0.1448397E-03   0.3363824E-08   0.1448431E-03
    10575.00  0.1427549E-03   0.3349836E-08   0.1427582E-03
    10625.00  0.1409455E-03   0.3335929E-08   0.1409488E-03
    10675.00  0.1391485E-03   0.3322102E-08   0.1391518E-03
    10725.00  0.1388308E-03   0.3308356E-08   0.1388341E-03
    10775.00  0.1371146E-03   0.3294688E-08   0.1371179E-03
    10825.00  0.1351512E-03   0.3281098E-08   0.1351545E-03
    10875.00  0.1332659E-03   0.3267585E-08   0.1332692E-03
    10925.00  0.1275180E-03   0.3254150E-08   0.1275213E-03
    10975.00  0.1287832E-03   0.3240790E-08   0.1287864E-03
    11025.00  0.1295984E-03   0.3227505E-08   0.1296016E-03
    11075.00  0.1282005E-03   0.3214294E-08   0.1282037E-03
    11125.00  0.1270929E-03   0.3201158E-08   0.1270961E-03
    11175.00  0.1257873E-03   0.2953194E-08   0.1257903E-03
    11225.00  0.1249908E-03   0.2941012E-08   0.1249937E-03
    11275.00  0.1233791E-03   0.2928902E-08   0.1233820E-03
    11325.00  0.1225060E-03   0.2916864E-08   0.1225089E-03
    11375.00  0.1214344E-03   0.2904896E-08   0.1214373E-03
    11425.00  0.1200159E-03   0.2892998E-08   0.1200188E-03
    11475.00  0.1196371E-03   0.2881168E-08   0.1196400E-03
    11525.00  0.1186669E-03   0.2869407E-08   0.1186698E-03
    11575.00  0.1173459E-03   0.2857714E-08   0.1173488E-03
    11625.00  0.1156791E-03   0.2846089E-08   0.1156819E-03
    11675.00  0.1148867E-03   0.2834530E-08   0.1148895E-03
    11725.00  0.1144200E-03   0.2823037E-08   0.1144228E-03
    11775.00  0.1125309E-03   0.2811610E-08   0.1125337E-03
    11825.00  0.1115505E-03   0.2800249E-08   0.1115533E-03
    11875.00  0.1100789E-03   0.2788951E-08   0.1100817E-03
    11925.00  0.1102299E-03   0.2777718E-08   0.1102327E-03
    11975.00  0.1081851E-03   0.2766548E-08   0.1081879E-03
    12025.00  0.1082912E-03   0.2755441E-08   0.1082940E-03
    12075.00  0.1072747E-03   0.2744396E-08   0.1072774E-03
    12125.00  0.1067636E-03   0.2733414E-08   0.1067663E-03
    12175.00  0.1061751E-03   0.2722493E-08   0.1061778E-03
    12225.00  0.1053169E-03   0.2711632E-08   0.1053196E-03
    12275.00  0.1043300E-03   0.2700833E-08   0.1043327E-03
    12325.00  0.1036189E-03   0.2690093E-08   0.1036216E-03
    12375.00  0.1027994E-03   0.2679413E-08   0.1028021E-03
    12425.00  0.1019220E-03   0.2668792E-08   0.1019247E-03
    12475.00  0.1011865E-03   0.2658230E-08   0.1011892E-03
    12525.00  0.1003527E-03   0.2645197E-08   0.1003553E-03
    12575.00  0.9954559E-04   0.2634769E-08   0.9954822E-04
    12625.00  0.9876433E-04   0.2624399E-08   0.9876695E-04
    12675.00  0.9801292E-04   0.2614085E-08   0.9801553E-04
    12725.00  0.9733853E-04   0.2603828E-08   0.9734113E-04
    12775.00  0.9611148E-04   0.2593628E-08   0.9611407E-04
    12825.00  0.9196445E-04   0.2583483E-08   0.9196703E-04
    12875.00  0.9475865E-04   0.2573393E-08   0.9476122E-04
    12925.00  0.9439500E-04   0.2563358E-08   0.9439756E-04
    12975.00  0.9413688E-04   0.2553379E-08   0.9413943E-04
    13025.00  0.9331473E-04   0.2543453E-08   0.9331727E-04
    13075.00  0.9249729E-04   0.2533556E-08   0.9249982E-04
    13125.00  0.9099996E-04   0.2523710E-08   0.9100248E-04
    13175.00  0.8987088E-04   0.2513917E-08   0.8987339E-04
    13225.00  0.8905998E-04   0.2504177E-08   0.8906248E-04
    13275.00  0.8757551E-04   0.2494488E-08   0.8757800E-04
    13325.00  0.8678347E-04   0.2484851E-08   0.8678595E-04
    13375.00  0.8562591E-04   0.2475265E-08   0.8562839E-04
    13425.00  0.8480759E-04   0.2465730E-08   0.8481006E-04
    13475.00  0.8370198E-04   0.2456246E-08   0.8370444E-04
    13525.00  0.8265670E-04   0.2446813E-08   0.8265915E-04
    13575.00  0.8130991E-04   0.2437429E-08   0.8131235E-04
    13625.00  0.8075273E-04   0.2427059E-08   0.8075516E-04
    13675.00  0.8091411E-04   0.2417779E-08   0.8091653E-04
    13725.00  0.8091853E-04   0.2408549E-08   0.8092094E-04
    13775.00  0.8091945E-04   0.2399367E-08   0.8092185E-04
    13825.00  0.8067217E-04   0.2390233E-08   0.8067456E-04
    13875.00  0.7990793E-04   0.2381148E-08   0.7991031E-04
    13925.00  0.7529793E-04   0.2372111E-08   0.7530030E-04
    13975.00  0.7450088E-04   0.2363121E-08   0.7450324E-04
    14025.00  0.7398398E-04   0.2354178E-08   0.7398633E-04
    14075.00  0.7400686E-04   0.2345283E-08   0.7400921E-04
    14125.00  0.7350030E-04   0.2325553E-08   0.7350263E-04
    14175.00  0.7352166E-04   0.2316820E-08   0.7352398E-04
    14225.00  0.7295225E-04   0.2308133E-08   0.7295456E-04
    14275.00  0.7255527E-04   0.2299491E-08   0.7255757E-04
    14325.00  0.7289902E-04   0.2290894E-08   0.7290131E-04
    14375.00  0.7292832E-04   0.2282342E-08   0.7293060E-04
    14425.00  0.7201228E-04   0.2273835E-08   0.7201455E-04
    14475.00  0.7270004E-04   0.2265371E-08   0.7270231E-04
    14525.00  0.7214541E-04   0.2256952E-08   0.7214767E-04
    14570.00  0.7235168E-04   0.2249411E-08   0.7235393E-04
    14620.00  0.7044917E-04   0.1671376E-08   0.7045084E-04
    14675.00  0.7006147E-04   0.1664570E-08   0.7006313E-04
    14725.00  0.6978116E-04   0.1654484E-08   0.6978281E-04
    14775.00  0.7003239E-04   0.1648382E-08   0.7003404E-04
    14825.00  0.7021872E-04   0.1642315E-08   0.7022036E-04
    14875.00  0.6995027E-04   0.1636282E-08   0.6995191E-04
    14925.00  0.7064955E-04   0.1630282E-08   0.7065118E-04
    14975.00  0.7044863E-04   0.1624316E-08   0.7045025E-04
    15025.00  0.7023984E-04   0.1618384E-08   0.7024146E-04
    15075.00  0.7016802E-04   0.1612485E-08   0.7016963E-04
    15125.00  0.7085491E-04   0.1606618E-08   0.7085652E-04
    15175.00  0.7098646E-04   0.1600784E-08   0.7098806E-04
    15225.00  0.7101123E-04   0.1594985E-08   0.7101282E-04
    15275.00  0.7116177E-04   0.1589219E-08   0.7116336E-04
    15325.00  0.7113339E-04   0.1583485E-08   0.7113497E-04
    15375.00  0.7065866E-04   0.1577782E-08   0.7066024E-04
    15425.00  0.6980307E-04   0.1572111E-08   0.6980464E-04
    15475.00  0.7034955E-04   0.1566470E-08   0.7035112E-04
    15525.00  0.7034509E-04   0.1560860E-08   0.7034665E-04
    15575.00  0.6890052E-04   0.1555281E-08   0.6890208E-04
    15625.00  0.6963080E-04   0.1549732E-08   0.6963235E-04
    15675.00  0.6966568E-04   0.1544213E-08   0.6966722E-04
    15725.00  0.6998351E-04   0.1538724E-08   0.6998505E-04
    15775.00  0.6882468E-04   0.1533264E-08   0.6882621E-04
    15825.00  0.6844013E-04   0.1527834E-08   0.6844166E-04
    15875.00  0.6785163E-04   0.1522434E-08   0.6785315E-04
    15925.00  0.7021811E-04   0.1517062E-08   0.7021963E-04
    15975.00  0.6937488E-04   0.1511719E-08   0.6937639E-04
    16050.00  0.6896623E-04   0.1503757E-08   0.6896773E-04
    16150.00  0.6951200E-04   0.1493241E-08   0.6951349E-04
    16250.00  0.6833873E-04   0.1482837E-08   0.6834021E-04
    16350.00  0.6963980E-04   0.1472542E-08   0.6964127E-04
    16450.00  0.6706195E-04   0.1462355E-08   0.6706341E-04
    16550.00  0.6902155E-04   0.1452276E-08   0.6902300E-04
    16650.00  0.6759128E-04   0.1442301E-08   0.6759272E-04
    16750.00  0.6704557E-04   0.1432431E-08   0.6704700E-04
    16850.00  0.6545336E-04   0.1422662E-08   0.6545478E-04
    16950.00  0.6576051E-04   0.1412995E-08   0.6576192E-04
    17050.00  0.6458823E-04   0.1403428E-08   0.6458963E-04
    17150.00  0.6302579E-04   0.1393959E-08   0.6302718E-04
    17250.00  0.6129992E-04   0.1384587E-08   0.6130130E-04
    17350.00  0.5811232E-04   0.1375310E-08   0.5811370E-04
    17450.00  0.5727427E-04   0.1366128E-08   0.5727564E-04
    17550.00  0.5564163E-04   0.1357039E-08   0.5564299E-04
    17650.00  0.5376063E-04   0.1348042E-08   0.5376198E-04
    17750.00  0.5185044E-04   0.1339136E-08   0.5185178E-04
    17850.00  0.5013392E-04   0.1330319E-08   0.5013525E-04
    17950.00  0.4841379E-04   0.1321591E-08   0.4841511E-04
    18050.00  0.4689887E-04   0.1312950E-08   0.4690018E-04
    18150.00  0.4516712E-04   0.1304394E-08   0.4516842E-04
    18250.00  0.4511461E-04   0.1295925E-08   0.4511591E-04
    18350.00  0.4472283E-04   0.1287555E-08   0.4472412E-04
    18450.00  0.4390571E-04   0.1279266E-08   0.4390699E-04
    18550.00  0.4315912E-04   0.1230401E-08   0.4316035E-04
    18650.00  0.4213468E-04   0.1222546E-08   0.4213590E-04
    18750.00  0.4052634E-04   0.1214768E-08   0.4052755E-04
    18850.00  0.4085346E-04   0.1207065E-08   0.4085467E-04
    18950.00  0.3999592E-04   0.1199436E-08   0.3999712E-04
    19050.00  0.3979469E-04   0.1191880E-08   0.3979588E-04
    19150.00  0.3914946E-04   0.1184397E-08   0.3915064E-04
    19250.00  0.3858890E-04   0.1176985E-08   0.3859008E-04
    19350.00  0.3781979E-04   0.1169644E-08   0.3782096E-04
    19450.00  0.3647637E-04   0.1162373E-08   0.3647753E-04
    19550.00  0.3647595E-04   0.1155171E-08   0.3647711E-04
    19650.00  0.3579736E-04   0.1148037E-08   0.3579851E-04
    19750.00  0.3498287E-04   0.1140970E-08   0.3498401E-04
    19850.00  0.3446481E-04   0.1133969E-08   0.3446594E-04
    19950.00  0.3402768E-04   0.1127034E-08   0.3402881E-04
    20050.00  0.3371957E-04   0.1120164E-08   0.3372069E-04
    20150.00  0.3330399E-04   0.1113358E-08   0.3330510E-04
    20250.00  0.3285227E-04   0.1106311E-08   0.3285338E-04
    20350.00  0.3260492E-04   0.1099634E-08   0.3260602E-04
    20450.00  0.3253242E-04   0.1093018E-08   0.3253351E-04
    20550.00  0.3229299E-04   0.1086464E-08   0.3229408E-04
    20650.00  0.3201790E-04   0.1079970E-08   0.3201898E-04
    20750.00  0.3183966E-04   0.1073536E-08   0.3184073E-04
    20850.00  0.3164262E-04   0.1067161E-08   0.3164369E-04
    20950.00  0.3137976E-04   0.1060844E-08   0.3138082E-04
    21050.00  0.3126625E-04   0.1054584E-08   0.3126730E-04
    21150.00  0.3099703E-04   0.1048382E-08   0.3099808E-04
    21250.00  0.3076542E-04   0.1042235E-08   0.3076646E-04
    21350.00  0.3058969E-04   0.1036144E-08   0.3059073E-04
    21450.00  0.3036717E-04   0.1030109E-08   0.3036820E-04
    21550.00  0.3005051E-04   0.1023993E-08   0.3005153E-04
    21650.00  0.2928004E-04   0.1018066E-08   0.2928106E-04
    21750.00  0.2932072E-04   0.1012192E-08   0.2932173E-04
    21850.00  0.2906582E-04   0.1006370E-08   0.2906683E-04
    21950.00  0.2880623E-04   0.1000601E-08   0.2880723E-04
    22050.00  0.2835449E-04   0.9948819E-09   0.2835548E-04
    22150.00  0.2810168E-04   0.9892139E-09   0.2810267E-04
    22250.00  0.2764662E-04   0.9820858E-09   0.2764760E-04
    22350.00  0.2731472E-04   0.9765323E-09   0.2731570E-04
    22450.00  0.2696991E-04   0.9710276E-09   0.2697088E-04
    22550.00  0.2661299E-04   0.9655710E-09   0.2661396E-04
    22650.00  0.2620378E-04   0.9601619E-09   0.2620474E-04
    22750.00  0.2588694E-04   0.9547999E-09   0.2588789E-04
    22850.00  0.2547343E-04   0.8274171E-09   0.2547426E-04
    22950.00  0.2242777E-04   0.8222795E-09   0.2242859E-04
    23050.00  0.2321342E-04   0.8178108E-09   0.2321424E-04
    23150.00  0.2302568E-04   0.8133807E-09   0.2302649E-04
    23250.00  0.2058460E-04   0.8089888E-09   0.2058541E-04
    23350.00  0.2143715E-04   0.8046346E-09   0.2143795E-04
    23450.00  0.2045520E-04   0.8003177E-09   0.2045600E-04
    23550.00  0.1904896E-04   0.7960376E-09   0.1904976E-04
    23650.00  0.1976117E-04   0.7917940E-09   0.1976196E-04
    23750.00  0.1893289E-04   0.7875864E-09   0.1893368E-04
    23850.00  0.1786842E-04   0.7834144E-09   0.1786920E-04
    23950.00  0.1819836E-04   0.7792776E-09   0.1819914E-04
    24050.00  0.1762625E-04   0.7751756E-09   0.1762703E-04
    24150.00  0.1659479E-04   0.7711081E-09   0.1659556E-04
    24250.00  0.1659438E-04   0.7670746E-09   0.1659515E-04
    24350.00  0.1601215E-04   0.7630748E-09   0.1601291E-04
    24450.00  0.1525880E-04   0.7591083E-09   0.1525956E-04
    24550.00  0.1480510E-04   0.7551747E-09   0.1480586E-04
    24650.00  0.1454375E-04   0.7512737E-09   0.1454450E-04
    24750.00  0.1399070E-04   0.7474048E-09   0.1399145E-04
    24850.00  0.1308809E-04   0.7435678E-09   0.1308883E-04
    24950.00  0.1268719E-04   0.7397623E-09   0.1268793E-04
    25050.00  0.1266817E-04   0.7359880E-09   0.1266891E-04
    25150.00  0.1211680E-04   0.7322444E-09   0.1211753E-04
    25250.00  0.1205208E-04   0.7285313E-09   0.1205281E-04
    25350.00  0.1196235E-04   0.7248484E-09   0.1196307E-04
    25450.00  0.1175504E-04   0.7211953E-09   0.1175576E-04
    25550.00  0.1161462E-04   0.7175717E-09   0.1161534E-04
    25650.00  0.1152354E-04   0.7139772E-09   0.1152425E-04
    25750.00  0.1158584E-04   0.7104116E-09   0.1158655E-04
    25850.00  0.1138051E-04   0.7068746E-09   0.1138122E-04
    25950.00  0.1136493E-04   0.7033658E-09   0.1136563E-04
    26050.00  0.1127397E-04   0.6998850E-09   0.1127467E-04
    26150.00  0.1103308E-04   0.6964318E-09   0.1103378E-04
    26250.00  0.1079451E-04   0.6930060E-09   0.1079520E-04
    26350.00  0.1089932E-04   0.6896073E-09   0.1090001E-04
    26450.00  0.1081491E-04   0.6862353E-09   0.1081560E-04
    26550.00  0.1066898E-04   0.6828898E-09   0.1066966E-04
    26650.00  0.1049410E-04   0.6795706E-09   0.1049478E-04
    26750.00  0.1041281E-04   0.6762773E-09   0.1041349E-04
    26850.00  0.1037395E-04   0.6730097E-09   0.1037462E-04
    26950.00  0.1023104E-04   0.6697674E-09   0.1023171E-04
    27050.00  0.1017025E-04   0.6665504E-09   0.1017092E-04
    27150.00  0.1005752E-04   0.6633582E-09   0.1005818E-04
    27250.00  0.9972188E-05   0.6601906E-09   0.9972848E-05
    27350.00  0.9813017E-05   0.6570474E-09   0.9813674E-05
    27450.00  0.9736200E-05   0.6539284E-09   0.9736854E-05
    27550.00  0.9560188E-05   0.6508332E-09   0.9560839E-05
    27650.00  0.9492635E-05   0.6377518E-09   0.9493273E-05
    27750.00  0.9409582E-05   0.6347573E-09   0.9410217E-05
    27850.00  0.9337575E-05   0.6317856E-09   0.9338207E-05
    27950.00  0.9261598E-05   0.6288363E-09   0.9262227E-05
    28050.00  0.9158954E-05   0.6259094E-09   0.9159580E-05
    28150.00  0.9053278E-05   0.6230045E-09   0.9053901E-05
    28250.00  0.8977833E-05   0.6201214E-09   0.8978453E-05
    28350.00  0.8906457E-05   0.6172599E-09   0.8907074E-05
    28450.00  0.8811615E-05   0.6144198E-09   0.8812229E-05
    28550.00  0.8720853E-05   0.6116009E-09   0.8721465E-05
    28650.00  0.8613323E-05   0.6088030E-09   0.8613932E-05
    28750.00  0.8456411E-05   0.6060258E-09   0.8457017E-05
    28850.00  0.8469732E-05   0.6032691E-09   0.8470335E-05
    28950.00  0.8401948E-05   0.6005328E-09   0.8402549E-05
    29050.00  0.8321040E-05   0.5978167E-09   0.8321638E-05
    29150.00  0.8246892E-05   0.5951205E-09   0.8247487E-05
    29250.00  0.8151711E-05   0.5924440E-09   0.8152303E-05
    29350.00  0.8098946E-05   0.5897871E-09   0.8099536E-05
    29450.00  0.8009662E-05   0.5871495E-09   0.8010249E-05
    29550.00  0.7939396E-05   0.5845311E-09   0.7939981E-05
    29650.00  0.7872212E-05   0.5819317E-09   0.7872794E-05
    29750.00  0.7798883E-05   0.5792931E-09   0.7799462E-05
    29850.00  0.7723267E-05   0.5767314E-09   0.7723844E-05
    29950.00  0.7651812E-05   0.5741880E-09   0.7652386E-05
    30050.00  0.7591215E-05   0.5716630E-09   0.7591787E-05
    30150.00  0.7549816E-05   0.5691560E-09   0.7550385E-05
    30250.00  0.7492206E-05   0.5666669E-09   0.7492773E-05
    30350.00  0.7370088E-05   0.5641955E-09   0.7370652E-05
    30450.00  0.7372653E-05   0.5617417E-09   0.7373215E-05
    30550.00  0.7358665E-05   0.5593053E-09   0.7359224E-05
    30650.00  0.7319821E-05   0.5568861E-09   0.7320378E-05
    30750.00  0.7287899E-05   0.5544840E-09   0.7288453E-05
    30850.00  0.7246033E-05   0.5520988E-09   0.7246585E-05
    30950.00  0.7212075E-05   0.5497304E-09   0.7212625E-05
    31050.00  0.7177795E-05   0.5473785E-09   0.7178342E-05
    31150.00  0.7112484E-05   0.5450430E-09   0.7113029E-05
    31250.00  0.7085353E-05   0.5427239E-09   0.7085896E-05
    31350.00  0.7043504E-05   0.5403941E-09   0.7044044E-05
    31450.00  0.6997346E-05   0.5381067E-09   0.6997884E-05
    31550.00  0.6943589E-05   0.5358352E-09   0.6944125E-05
    31650.00  0.6903684E-05   0.5335793E-09   0.6904218E-05
    31750.00  0.6861698E-05   0.5313390E-09   0.6862229E-05
    31850.00  0.6822531E-05   0.5291141E-09   0.6823060E-05
    31950.00  0.6790419E-05   0.5269044E-09   0.6790946E-05
    32100.00  0.6729709E-05   0.5233126E-09   0.6730232E-05
    32300.00  0.6648740E-05   0.5189879E-09   0.6649259E-05
    32500.00  0.6575769E-05   0.5147216E-09   0.6576284E-05
    32700.00  0.6485497E-05   0.5105126E-09   0.6486008E-05
    32900.00  0.6347123E-05   0.4719077E-09   0.6347595E-05
    33100.00  0.6306161E-05   0.4680041E-09   0.6306629E-05
    33300.00  0.6227072E-05   0.4642866E-09   0.6227536E-05
    33500.00  0.6148533E-05   0.4606180E-09   0.6148994E-05
    33700.00  0.6059792E-05   0.4569973E-09   0.6060249E-05
    33900.00  0.5963121E-05   0.4534237E-09   0.5963574E-05
    34100.00  0.5870137E-05   0.4498963E-09   0.5870587E-05
    34300.00  0.5785989E-05   0.4464144E-09   0.5786435E-05
    34500.00  0.5691726E-05   0.4429771E-09   0.5692169E-05
    34700.00  0.5598298E-05   0.4395838E-09   0.5598738E-05
    34900.00  0.5512302E-05   0.4362335E-09   0.5512738E-05
    35100.00  0.5423883E-05   0.4329256E-09   0.5424316E-05
    35300.00  0.5331645E-05   0.4296594E-09   0.5332075E-05
    35500.00  0.5246759E-05   0.4264341E-09   0.5247185E-05
    35700.00  0.5157261E-05   0.4232491E-09   0.5157684E-05
    35900.00  0.5076528E-05   0.4201036E-09   0.5076948E-05
    36100.00  0.4995120E-05   0.4169970E-09   0.4995537E-05
    36300.00  0.4908606E-05   0.4139286E-09   0.4909020E-05
    36500.00  0.4821165E-05   0.4108978E-09   0.4821576E-05
    36700.00  0.4742442E-05   0.4079040E-09   0.4742850E-05
    36900.00  0.4656778E-05   0.4049466E-09   0.4657183E-05
    37100.00  0.4579345E-05   0.4020250E-09   0.4579747E-05
    37300.00  0.4497059E-05   0.3991385E-09   0.4497458E-05
    37500.00  0.4402809E-05   0.3962866E-09   0.4403205E-05
    37700.00  0.4352196E-05   0.3934687E-09   0.4352589E-05
    37900.00  0.4271374E-05   0.3906843E-09   0.4271765E-05
    38100.00  0.4188987E-05   0.3879328E-09   0.4189375E-05
    38300.00  0.4118224E-05   0.3852138E-09   0.4118609E-05
    38500.00  0.4049632E-05   0.3825266E-09   0.4050015E-05
    38700.00  0.3970841E-05   0.3767566E-09   0.3971218E-05
    38900.00  0.3896178E-05   0.3741580E-09   0.3896552E-05
    39100.00  0.3820568E-05   0.3715895E-09   0.3820940E-05
    39300.00  0.3755833E-05   0.3690506E-09   0.3756202E-05
    39500.00  0.3683096E-05   0.3665408E-09   0.3683463E-05
    39700.00  0.3614259E-05   0.3640596E-09   0.3614623E-05
    39900.00  0.3540608E-05   0.3616067E-09   0.3540970E-05
    40100.00  0.3471926E-05   0.3591816E-09   0.3472285E-05
    40300.00  0.3406161E-05   0.3567838E-09   0.3406518E-05
    40500.00  0.3327680E-05   0.3544129E-09   0.3328034E-05
    40700.00  0.3280012E-05   0.3520686E-09   0.3280364E-05
    40900.00  0.3225007E-05   0.3497504E-09   0.3225357E-05
    41100.00  0.3169199E-05   0.3474442E-09   0.3169546E-05
    41300.00  0.3114657E-05   0.3451771E-09   0.3115002E-05
    41500.00  0.3058056E-05   0.3429348E-09   0.3058399E-05
    41700.00  0.2997412E-05   0.3407172E-09   0.2997753E-05
    41900.00  0.2952437E-05   0.3385238E-09   0.2952776E-05
    42100.00  0.2900831E-05   0.3363542E-09   0.2901167E-05
    42300.00  0.2857065E-05   0.3342080E-09   0.2857399E-05
    42500.00  0.2806314E-05   0.3320850E-09   0.2806646E-05
    42700.00  0.2760487E-05   0.3299849E-09   0.2760817E-05
    42900.00  0.2670065E-05   0.3279071E-09   0.2670393E-05
    43100.00  0.2584742E-05   0.3258447E-09   0.2585068E-05
    43300.00  0.2561164E-05   0.3238110E-09   0.2561488E-05
    43500.00  0.2478648E-05   0.3217988E-09   0.2478970E-05
    43700.00  0.2421715E-05   0.3198078E-09   0.2422035E-05
    43900.00  0.2382905E-05   0.3177579E-09   0.2383223E-05
    44100.00  0.2313558E-05   0.3158092E-09   0.2313874E-05
    44300.00  0.2282887E-05   0.3138808E-09   0.2283201E-05
    44500.00  0.2243860E-05   0.3119724E-09   0.2244172E-05
    44700.00  0.2182866E-05   0.3074109E-09   0.2183173E-05
    44900.00  0.2166777E-05   0.2964230E-09   0.2167073E-05
    45100.00  0.2124034E-05   0.2946615E-09   0.2124329E-05
    45300.00  0.2075131E-05   0.2929179E-09   0.2075424E-05
    45500.00  0.2055503E-05   0.2911919E-09   0.2055794E-05
    45700.00  0.2026170E-05   0.2894833E-09   0.2026459E-05
    45900.00  0.1976357E-05   0.2877919E-09   0.1976645E-05
    46100.00  0.1962114E-05   0.2861174E-09   0.1962400E-05
    46300.00  0.1927138E-05   0.2844595E-09   0.1927422E-05
    46500.00  0.1893647E-05   0.2828181E-09   0.1893930E-05
    46700.00  0.1871875E-05   0.2811929E-09   0.1872156E-05
    46900.00  0.1846915E-05   0.2795837E-09   0.1847195E-05
    47100.00  0.1817711E-05   0.2779904E-09   0.1817989E-05
    47300.00  0.1803448E-05   0.2764125E-09   0.1803724E-05
    47500.00  0.1770660E-05   0.2748501E-09   0.1770935E-05
    47700.00  0.1744974E-05   0.2733028E-09   0.1745247E-05
    47900.00  0.1722747E-05   0.2717705E-09   0.1723019E-05
    48100.00  0.1689511E-05   0.2702529E-09   0.1689781E-05
    48300.00  0.1677729E-05   0.2687498E-09   0.1677998E-05
    48500.00  0.1649966E-05   0.2672612E-09   0.1650233E-05
    48700.00  0.1621938E-05   0.2657867E-09   0.1622204E-05
    48900.00  0.1599618E-05   0.2643262E-09   0.1599882E-05
    49100.00  0.1577053E-05   0.2628795E-09   0.1577316E-05
    49300.00  0.1553882E-05   0.2614465E-09   0.1554143E-05
    49500.00  0.1529410E-05   0.2600269E-09   0.1529670E-05
    49700.00  0.1512117E-05   0.2586206E-09   0.1512376E-05
    49900.00  0.1490788E-05   0.2572274E-09   0.1491045E-05
    50100.00  0.1470678E-05   0.2558471E-09   0.1470934E-05
    50300.00  0.1450053E-05   0.2544796E-09   0.1450307E-05
    50500.00  0.1424556E-05   0.2531247E-09   0.1424809E-05
    50700.00  0.1408205E-05   0.2517822E-09   0.1408457E-05
    50900.00  0.1389500E-05   0.2504520E-09   0.1389750E-05
    51100.00  0.1366396E-05   0.2491340E-09   0.1366645E-05
    51300.00  0.1346507E-05   0.2478279E-09   0.1346755E-05
    51500.00  0.1330207E-05   0.2453858E-09   0.1330452E-05
    51700.00  0.1318256E-05   0.2441109E-09   0.1318500E-05
    51900.00  0.1296742E-05   0.2428475E-09   0.1296985E-05
    52100.00  0.1280218E-05   0.2415955E-09   0.1280460E-05
    52300.00  0.1261148E-05   0.2403545E-09   0.1261388E-05
    52500.00  0.1247092E-05   0.2391247E-09   0.1247331E-05
    52700.00  0.1234933E-05   0.2379057E-09   0.1235171E-05
    52900.00  0.1212064E-05   0.2366975E-09   0.1212301E-05
    53100.00  0.1196274E-05   0.2355000E-09   0.1196509E-05
    53300.00  0.1182539E-05   0.2343129E-09   0.1182773E-05
    53500.00  0.1167039E-05   0.2331362E-09   0.1167272E-05
    53700.00  0.1152622E-05   0.2319698E-09   0.1152854E-05
    53900.00  0.1138000E-05   0.2308135E-09   0.1138231E-05
    54100.00  0.1123370E-05   0.2296672E-09   0.1123600E-05
    54300.00  0.1105775E-05   0.2285269E-09   0.1106004E-05
    54500.00  0.1095431E-05   0.2274003E-09   0.1095658E-05
    54700.00  0.1079096E-05   0.2262833E-09   0.1079322E-05
    54900.00  0.1066142E-05   0.2251759E-09   0.1066367E-05
    55100.00  0.1051765E-05   0.2240779E-09   0.1051989E-05
    55300.00  0.1044841E-05   0.2229892E-09   0.1045064E-05
    55500.00  0.1024755E-05   0.2219097E-09   0.1024977E-05
    55700.00  0.1016651E-05   0.2208393E-09   0.1016872E-05
    55900.00  0.1001351E-05   0.2197779E-09   0.1001571E-05
    56100.00  0.9906951E-06   0.2187254E-09   0.9909138E-06
    56300.00  0.9754828E-06   0.2176816E-09   0.9757005E-06
    56500.00  0.9664639E-06   0.2166448E-09   0.9666805E-06
    56700.00  0.9540134E-06   0.2156184E-09   0.9542290E-06
    56900.00  0.9395130E-06   0.2146005E-09   0.9397276E-06
    57100.00  0.9311117E-06   0.2135910E-09   0.9313253E-06
    57300.00  0.9192704E-06   0.2125897E-09   0.9194830E-06
    57500.00  0.9078482E-06   0.2115717E-09   0.9080598E-06
    57700.00  0.8961014E-06   0.2105868E-09   0.8963120E-06
    57900.00  0.8869741E-06   0.2096100E-09   0.8871837E-06
    58100.00  0.8747305E-06   0.2086411E-09   0.8749391E-06
    58300.00  0.8644615E-06   0.2076800E-09   0.8646692E-06
    58500.00  0.8542930E-06   0.2020652E-09   0.8544951E-06
    58700.00  0.8423717E-06   0.2011361E-09   0.8425728E-06
    58900.00  0.8320323E-06   0.2002257E-09   0.8322325E-06
    59100.00  0.8197559E-06   0.1993225E-09   0.8199552E-06
    59300.00  0.8129327E-06   0.1984265E-09   0.8131311E-06
    59500.00  0.8026299E-06   0.1975376E-09   0.8028274E-06
    59700.00  0.7943082E-06   0.1966557E-09   0.7945049E-06
    59900.00  0.7847321E-06   0.1957807E-09   0.7849279E-06
    60100.00  0.7753358E-06   0.1949125E-09   0.7755307E-06
    60300.00  0.7660375E-06   0.1940511E-09   0.7662316E-06
    60500.00  0.7558324E-06   0.1931965E-09   0.7560256E-06
    60700.00  0.7470627E-06   0.1923484E-09   0.7472550E-06
    60900.00  0.7382351E-06   0.1915069E-09   0.7384266E-06
    61100.00  0.7288710E-06   0.1906719E-09   0.7290617E-06
    61300.00  0.7210130E-06   0.1898433E-09   0.7212028E-06
    61500.00  0.7128166E-06   0.1890210E-09   0.7130056E-06
    61700.00  0.7050444E-06   0.1882051E-09   0.7052326E-06
    61900.00  0.6965280E-06   0.1873953E-09   0.6967154E-06
    62100.00  0.6887418E-06   0.1865917E-09   0.6889284E-06
    62300.00  0.6800219E-06   0.1857941E-09   0.6802077E-06
    62500.00  0.6715521E-06   0.1850026E-09   0.6717371E-06
    62700.00  0.6638743E-06   0.1842170E-09   0.6640585E-06
    62900.00  0.6563084E-06   0.1834373E-09   0.6564918E-06
    63100.00  0.6486515E-06   0.1826635E-09   0.6488342E-06
    63300.00  0.6418845E-06   0.1818954E-09   0.6420664E-06
    63500.00  0.6338931E-06   0.1811330E-09   0.6340742E-06
    63700.00  0.6274451E-06   0.1803763E-09   0.6276255E-06
    63900.00  0.6192194E-06   0.1796251E-09   0.6193990E-06
    64200.00  0.6091818E-06   0.1785087E-09   0.6093603E-06
    64600.00  0.5950258E-06   0.1770393E-09   0.5952028E-06
    65000.00  0.5817513E-06   0.1755912E-09   0.5819269E-06
    65400.00  0.5685729E-06   0.1741640E-09   0.5687471E-06
    65800.00  0.5561301E-06   0.1727572E-09   0.5563029E-06
    66200.00  0.5435323E-06   0.1708928E-09   0.5437032E-06
    66600.00  0.5315364E-06   0.1695309E-09   0.5317059E-06
    67000.00  0.5199760E-06   0.1681883E-09   0.5201442E-06
    67400.00  0.5083145E-06   0.1668646E-09   0.5084814E-06
    67800.00  0.4972224E-06   0.1655593E-09   0.4973880E-06
    68200.00  0.4863890E-06   0.1642720E-09   0.4865533E-06
    68600.00  0.4759549E-06   0.1630026E-09   0.4761179E-06
    69000.00  0.4656122E-06   0.1617505E-09   0.4657740E-06
    69400.00  0.4556252E-06   0.1605143E-09   0.4557857E-06
    69800.00  0.4459522E-06   0.1592961E-09   0.4461115E-06
    70200.00  0.4364059E-06   0.1580942E-09   0.4365640E-06
    70600.00  0.4272202E-06   0.1569085E-09   0.4273771E-06
    71000.00  0.4182015E-06   0.1557386E-09   0.4183572E-06
    71400.00  0.4094706E-06   0.1545843E-09   0.4096252E-06
    71800.00  0.4008768E-06   0.1534443E-09   0.4010302E-06
    72200.00  0.3926322E-06   0.1523201E-09   0.3927845E-06
    72600.00  0.3844865E-06   0.1512106E-09   0.3846377E-06
    73000.00  0.3765832E-06   0.1501065E-09   0.3767333E-06
    73400.00  0.3688198E-06   0.1490258E-09   0.3689688E-06
    73800.00  0.3613715E-06   0.1479590E-09   0.3615195E-06
    74200.00  0.3539064E-06   0.1448571E-09   0.3540513E-06
    74600.00  0.3459257E-06   0.1438372E-09   0.3460695E-06
    75000.00  0.3391010E-06   0.1428302E-09   0.3392438E-06
    75400.00  0.3330117E-06   0.1418358E-09   0.3331535E-06
    75800.00  0.3265571E-06   0.1408539E-09   0.3266980E-06
    76200.00  0.3200822E-06   0.1398841E-09   0.3202221E-06
    76600.00  0.3138104E-06   0.1389264E-09   0.3139493E-06
    77000.00  0.3076532E-06   0.1379804E-09   0.3077912E-06
    77400.00  0.3016769E-06   0.1370459E-09   0.3018139E-06
    77800.00  0.2958354E-06   0.1361229E-09   0.2959715E-06
    78200.00  0.2900672E-06   0.1352110E-09   0.2902024E-06
    78600.00  0.2845258E-06   0.1343101E-09   0.2846601E-06
    79000.00  0.2791104E-06   0.1334200E-09   0.2792438E-06
    79400.00  0.2737820E-06   0.1325405E-09   0.2739145E-06
    79800.00  0.2686175E-06   0.1316715E-09   0.2687492E-06
    80200.00  0.2635063E-06   0.1308127E-09   0.2636371E-06
    80600.00  0.2585699E-06   0.1299641E-09   0.2586999E-06
    81000.00  0.2537912E-06   0.1291253E-09   0.2539203E-06
    81400.00  0.2490460E-06   0.1282963E-09   0.2491743E-06
    81800.00  0.2444682E-06   0.1274769E-09   0.2445957E-06
    82200.00  0.2399507E-06   0.1266670E-09   0.2400774E-06
    82600.00  0.2355210E-06   0.1256463E-09   0.2356466E-06
    83000.00  0.2312238E-06   0.1248567E-09   0.2313487E-06
    83400.00  0.2270336E-06   0.1240761E-09   0.2271577E-06
    83800.00  0.2229322E-06   0.1233043E-09   0.2230555E-06
    84200.00  0.2189476E-06   0.1225412E-09   0.2190701E-06
    84600.00  0.2150087E-06   0.1217867E-09   0.2151305E-06
    85000.00  0.2111695E-06   0.1210405E-09   0.2112905E-06
    85400.00  0.2074184E-06   0.1203027E-09   0.2075387E-06
    85800.00  0.2037415E-06   0.1195730E-09   0.2038611E-06
    86200.00  0.2002111E-06   0.1188510E-09   0.2003300E-06
    86600.00  0.1966757E-06   0.1181372E-09   0.1967938E-06
    87000.00  0.1932338E-06   0.1174312E-09   0.1933512E-06
    87400.00  0.1898555E-06   0.1167328E-09   0.1899722E-06
    87800.00  0.1865861E-06   0.1160420E-09   0.1867021E-06
    88200.00  0.1833534E-06   0.1153587E-09   0.1834688E-06
    88600.00  0.1802027E-06   0.1146826E-09   0.1803174E-06
    89000.00  0.1771438E-06   0.1140135E-09   0.1772578E-06
    89400.00  0.1741505E-06   0.1133516E-09   0.1742639E-06
    89800.00  0.1711602E-06   0.1126968E-09   0.1712729E-06
    90200.00  0.1682992E-06   0.1120453E-09   0.1684112E-06
    90600.00  0.1654812E-06   0.1114041E-09   0.1655926E-06
    91000.00  0.1626765E-06   0.1107696E-09   0.1627873E-06
    91400.00  0.1600073E-06   0.1091571E-09   0.1601165E-06
    91800.00  0.1573689E-06   0.1085420E-09   0.1574774E-06
    92200.00  0.1547698E-06   0.1079349E-09   0.1548777E-06
    92600.00  0.1522210E-06   0.1073340E-09   0.1523283E-06
    93000.00  0.1497213E-06   0.1067393E-09   0.1498280E-06
    93400.00  0.1472691E-06   0.1061505E-09   0.1473753E-06
    93800.00  0.1448784E-06   0.1055677E-09   0.1449840E-06
    94200.00  0.1425186E-06   0.1049907E-09   0.1426236E-06
    94600.00  0.1402290E-06   0.1044195E-09   0.1403334E-06
    95000.00  0.1379837E-06   0.1038540E-09   0.1380876E-06
    95400.00  0.1357879E-06   0.1032941E-09   0.1358912E-06
    95800.00  0.1336193E-06   0.1027398E-09   0.1337220E-06
    96200.00  0.1315134E-06   0.1021908E-09   0.1316156E-06
    96600.00  0.1294244E-06   0.1016473E-09   0.1295260E-06
    97000.00  0.1273858E-06   0.1011090E-09   0.1274869E-06
    97400.00  0.1253614E-06   0.1005760E-09   0.1254620E-06
    97800.00  0.1234114E-06   0.1000482E-09   0.1235114E-06
    98200.00  0.1215167E-06   0.9952536E-10   0.1216162E-06
    98600.00  0.1196254E-06   0.9900758E-10   0.1197244E-06
    99000.00  0.1177875E-06   0.9849475E-10   0.1178860E-06
    99400.00  0.1159608E-06   0.9798680E-10   0.1160588E-06
    99800.00  0.1141771E-06   0.9748365E-10   0.1142746E-06
   100200.00  0.1124557E-06   0.2451254E-10   0.1124802E-06
   200000.00  0.7651700E-08   0.6152672E-11   0.7657853E-08
   400000.00  0.4957745E-09   0.1538168E-11   0.4973127E-09
   600000.00  0.9886947E-10   0.6836302E-12   0.9955310E-10
   800000.00  0.3139818E-10   0.3845420E-12   0.3178272E-10
  1000000.00  0.1287695E-10   0.2461069E-12   0.1312306E-10
  1200000.00  0.6211655E-11   0.1709075E-12   0.6382563E-11
  1400000.00  0.3352656E-11   0.1255647E-12   0.3478221E-11
  1600000.00  0.1963662E-11   0.9613549E-13   0.2059797E-11
