       91.00  0.2031014E-05   0.0000000E+00   0.2031014E-05
       94.00  0.3450805E-05   0.0000000E+00   0.3450805E-05
       96.00  0.3738887E-05   0.0000000E+00   0.3738887E-05
       98.00  0.4886625E-05   0.0000000E+00   0.4886625E-05
      100.00  0.5944322E-05   0.0000000E+00   0.5944322E-05
      102.00  0.4936726E-05   0.0000000E+00   0.4936726E-05
      104.00  0.5665832E-05   0.0000000E+00   0.5665832E-05
      106.00  0.5615346E-05   0.0000000E+00   0.5615346E-05
      108.00  0.5935833E-05   0.0000000E+00   0.5935833E-05
      110.00  0.6214487E-05   0.0000000E+00   0.6214487E-05
      114.00  0.5637788E-05   0.0000000E+00   0.5637788E-05
      118.00  0.5331131E-05   0.0000000E+00   0.5331131E-05
      121.00  0.5820581E-05   0.0000000E+00   0.5820581E-05
      125.00  0.5884174E-05   0.0000000E+00   0.5884174E-05
      127.00  0.5747230E-05   0.0000000E+00   0.5747230E-05
      128.00  0.5589486E-05   0.0000000E+00   0.5589486E-05
      131.00  0.5400080E-05   0.0000000E+00   0.5400080E-05
      132.00  0.5342388E-05   0.0000000E+00   0.5342388E-05
      134.00  0.5413986E-05   0.0000000E+00   0.5413986E-05
      137.00  0.5334611E-05   0.0000000E+00   0.5334611E-05
      140.00  0.5189782E-05   0.0000000E+00   0.5189782E-05
      143.00  0.5111847E-05   0.0000000E+00   0.5111847E-05
      147.00  0.4771367E-05   0.0000000E+00   0.4771367E-05
      151.00  0.4648694E-05   0.0000000E+00   0.4648694E-05
      155.00  0.4490992E-05   0.0000000E+00   0.4490992E-05
      159.00  0.4444157E-05   0.0000000E+00   0.4444157E-05
      162.00  0.4327213E-05   0.0000000E+00   0.4327213E-05
      166.00  0.4197959E-05   0.0000000E+00   0.4197959E-05
      170.00  0.3908568E-05   0.0000000E+00   0.3908568E-05
      173.00  0.3843777E-05   0.0000000E+00   0.3843777E-05
      177.00  0.3704927E-05   0.0000000E+00   0.3704927E-05
      180.00  0.3690279E-05   0.0000000E+00   0.3690279E-05
      182.00  0.3664667E-05   0.0000000E+00   0.3664667E-05
      186.00  0.3560849E-05   0.0000000E+00   0.3560849E-05
      191.00  0.3444258E-05   0.0000000E+00   0.3444258E-05
      194.00  0.3405377E-05   0.0000000E+00   0.3405377E-05
      198.00  0.3284089E-05   0.0000000E+00   0.3284089E-05
      202.00  0.3215918E-05   0.0000000E+00   0.3215918E-05
      205.00  0.3122815E-05   0.0000000E+00   0.3122815E-05
      210.00  0.2978805E-05   0.0000000E+00   0.2978805E-05
      216.00  0.2883007E-05   0.0000000E+00   0.2883007E-05
      220.00  0.2751060E-05   0.0000000E+00   0.2751060E-05
      223.00  0.2706151E-05   0.0000000E+00   0.2706151E-05
      227.00  0.2659448E-05   0.0000000E+00   0.2659448E-05
      228.00  0.2650125E-05   0.0000000E+00   0.2650125E-05
      228.00  0.2302972E-05   0.0000000E+00   0.2302972E-05
      230.00  0.2669423E-05   0.0000000E+00   0.2669423E-05
      234.00  0.3402324E-05   0.0000000E+00   0.3402324E-05
      240.00  0.4210932E-05   0.0000000E+00   0.4210932E-05
      246.00  0.4634855E-05   0.0000000E+00   0.4634855E-05
      252.00  0.5046188E-05   0.0000000E+00   0.5046188E-05
      257.00  0.3887696E-05   0.0000000E+00   0.3887696E-05
      260.00  0.4823884E-05   0.0000000E+00   0.4823884E-05
      264.00  0.4726435E-05   0.0000000E+00   0.4726435E-05
      269.00  0.4588808E-05   0.0000000E+00   0.4588808E-05
      274.00  0.4444112E-05   0.0000000E+00   0.4444112E-05
      279.00  0.4073060E-05   0.0000000E+00   0.4073060E-05
      284.00  0.3907965E-05   0.0000000E+00   0.3907965E-05
      290.00  0.3697596E-05   0.0000000E+00   0.3697596E-05
      296.00  0.3498238E-05   0.0000000E+00   0.3498238E-05
      301.00  0.2823332E-05   0.0000000E+00   0.2823332E-05
      308.00  0.2935086E-05   0.0000000E+00   0.2935086E-05
      318.00  0.2939111E-05   0.0000000E+00   0.2939111E-05
      328.00  0.2693080E-05   0.0000000E+00   0.2693080E-05
      338.00  0.2453696E-05   0.0000000E+00   0.2453696E-05
      348.00  0.2269686E-05   0.0000000E+00   0.2269686E-05
      353.30  0.2194612E-05   0.0000000E+00   0.2194612E-05
      353.30  0.2136340E-05   0.0000000E+00   0.2136340E-05
      357.00  0.2082867E-05   0.0000000E+00   0.2082867E-05
      366.00  0.1952798E-05   0.0000000E+00   0.1952798E-05
      375.00  0.1820807E-05   0.0000000E+00   0.1820807E-05
      385.00  0.1674919E-05   0.0000000E+00   0.1674919E-05
      395.00  0.1569746E-05   0.0000000E+00   0.1569746E-05
      405.00  0.1467687E-05   0.0000000E+00   0.1467687E-05
      414.00  0.1369200E-05   0.0000000E+00   0.1369200E-05
      422.00  0.1289078E-05   0.0000000E+00   0.1289078E-05
      430.00  0.1212167E-05   0.0000000E+00   0.1212167E-05
      441.00  0.1133736E-05   0.0000000E+00   0.1133736E-05
      451.00  0.1061841E-05   0.0000000E+00   0.1061841E-05
      460.00  0.9970959E-06   0.0000000E+00   0.9970959E-06
      470.00  0.9362819E-06   0.0000000E+00   0.9362819E-06
      480.00  0.8784961E-06   0.0000000E+00   0.8784961E-06
      490.00  0.8238328E-06   0.0000000E+00   0.8238328E-06
      500.00  0.7779489E-06   0.0000000E+00   0.7779489E-06
      504.60  0.7620536E-06   0.0000000E+00   0.7620536E-06
      504.60  0.7580288E-06   0.0000000E+00   0.7580288E-06
      506.00  0.7486198E-06   0.0000000E+00   0.7486198E-06
      512.00  0.7203928E-06   0.0000000E+00   0.7203928E-06
      520.00  0.6869211E-06   0.0000000E+00   0.6869211E-06
      530.00  0.6497258E-06   0.0000000E+00   0.6497258E-06
      540.00  0.6122434E-06   0.0000000E+00   0.6122434E-06
      550.00  0.5769991E-06   0.0000000E+00   0.5769991E-06
      560.00  0.5462142E-06   0.0000000E+00   0.5462142E-06
      570.00  0.5171519E-06   0.0000000E+00   0.5171519E-06
      580.00  0.4883973E-06   0.0000000E+00   0.4883973E-06
      590.00  0.4638460E-06   0.0000000E+00   0.4638460E-06
      600.00  0.4399174E-06   0.0000000E+00   0.4399174E-06
      610.00  0.4152864E-06   0.0000000E+00   0.4152864E-06
      620.00  0.3963260E-06   0.0000000E+00   0.3963260E-06
      630.00  0.3756328E-06   0.0000000E+00   0.3756328E-06
      640.00  0.3586299E-06   0.0000000E+00   0.3586299E-06
      650.00  0.3419267E-06   0.0000000E+00   0.3419267E-06
      658.00  0.3283721E-06   0.0000000E+00   0.3283721E-06
      665.00  0.3162567E-06   0.0000000E+00   0.3162567E-06
      675.00  0.3023986E-06   0.0000000E+00   0.3023986E-06
      685.00  0.2882493E-06   0.0000000E+00   0.2882493E-06
      695.00  0.2752901E-06   0.0000000E+00   0.2752901E-06
      705.00  0.2625903E-06   0.0000000E+00   0.2625903E-06
      716.00  0.2502587E-06   0.0000000E+00   0.2502587E-06
      726.00  0.2395637E-06   0.0000000E+00   0.2395637E-06
      735.00  0.2298718E-06   0.0000000E+00   0.2298718E-06
      745.00  0.2201278E-06   0.0000000E+00   0.2201278E-06
      755.00  0.2111063E-06   0.0000000E+00   0.2111063E-06
      765.00  0.2012300E-06   0.0000000E+00   0.2012300E-06
      775.00  0.1939374E-06   0.0000000E+00   0.1939374E-06
      785.00  0.1851514E-06   0.0000000E+00   0.1851514E-06
      795.00  0.1786849E-06   0.0000000E+00   0.1786849E-06
      805.00  0.1718912E-06   0.0000000E+00   0.1718912E-06
      815.00  0.1653353E-06   0.0000000E+00   0.1653353E-06
      825.00  0.1589618E-06   0.0000000E+00   0.1589618E-06
      835.00  0.1530936E-06   0.0000000E+00   0.1530936E-06
      845.00  0.1476943E-06   0.0000000E+00   0.1476943E-06
      855.00  0.1424498E-06   0.0000000E+00   0.1424498E-06
      865.00  0.1375390E-06   0.0000000E+00   0.1375390E-06
      875.00  0.1330650E-06   0.0000000E+00   0.1330650E-06
      885.00  0.1288318E-06   0.0000000E+00   0.1288318E-06
      895.00  0.1248235E-06   0.0000000E+00   0.1248235E-06
      905.00  0.1212571E-06   0.0000000E+00   0.1212571E-06
      912.40  0.1189024E-06   0.5075930E-08   0.1239784E-06
      912.40  0.1186352E-06   0.5075961E-08   0.1237112E-06
      915.00  0.1243505E-06   0.7246943E-08   0.1315974E-06
      925.00  0.1463326E-06   0.7706926E-08   0.1540395E-06
      935.00  0.1617151E-06   0.8183374E-08   0.1698985E-06
      945.00  0.2128228E-06   0.8676221E-08   0.2214990E-06
      955.00  0.5673560E-06   0.9185407E-08   0.5765414E-06
      965.00  0.9011583E-06   0.9710829E-08   0.9108691E-06
      975.00  0.2865294E-06   0.1025237E-07   0.2967818E-06
      985.00  0.1769106E-04   0.1080989E-07   0.1770187E-04
      995.00  0.7950149E-04   0.1138322E-07   0.7951287E-04
     1005.00  0.6821790E-04   0.1197219E-07   0.6822987E-04
     1015.00  0.6551422E-05   0.1257661E-07   0.6563999E-05
     1025.00  0.3019430E-06   0.1319626E-07   0.3151393E-06
     1035.00  0.4184907E-05   0.1383091E-07   0.4198738E-05
     1045.00  0.8243023E-04   0.1448134E-07   0.8244471E-04
     1055.00  0.2303145E-03   0.1514646E-07   0.2303296E-03
     1065.00  0.2831388E-03   0.1582583E-07   0.2831546E-03
     1075.00  0.3560929E-03   0.1651918E-07   0.3561094E-03
     1085.00  0.3716584E-03   0.1722622E-07   0.3716756E-03
     1095.00  0.3678391E-03   0.1794662E-07   0.3678570E-03
     1105.00  0.3975272E-03   0.1868009E-07   0.3975459E-03
     1115.00  0.3853706E-03   0.1942627E-07   0.3853900E-03
     1125.00  0.3788776E-03   0.2018481E-07   0.3788978E-03
     1135.00  0.3873850E-03   0.2095541E-07   0.3874060E-03
     1145.00  0.3487095E-03   0.2173772E-07   0.3487312E-03
     1155.00  0.3090340E-03   0.2253139E-07   0.3090565E-03
     1165.00  0.2866788E-03   0.2333607E-07   0.2867021E-03
     1175.00  0.2147828E-03   0.2415140E-07   0.2148070E-03
     1185.00  0.1150071E-03   0.2497700E-07   0.1150321E-03
     1195.00  0.1888250E-04   0.2581253E-07   0.1890831E-04
     1205.00  0.2334728E-05   0.2665761E-07   0.2361386E-05
     1215.00  0.8210779E-06   0.2751187E-07   0.8485898E-06
     1225.00  0.2130557E-05   0.4363650E-07   0.2174193E-05
     1235.00  0.2156068E-04   0.5835402E-07   0.2161903E-04
     1245.00  0.1048843E-03   0.7099960E-07   0.1049553E-03
     1255.00  0.2061163E-03   0.8193293E-07   0.2061982E-03
     1265.00  0.2246381E-03   0.9142052E-07   0.2247295E-03
     1275.00  0.3284335E-03   0.9967305E-07   0.3285332E-03
     1285.00  0.3951916E-03   0.1068624E-06   0.3952985E-03
     1295.00  0.4185951E-03   0.1131316E-06   0.4187082E-03
     1305.00  0.4084285E-03   0.1186012E-06   0.4085471E-03
     1315.00  0.4586912E-03   0.1233737E-06   0.4588146E-03
     1325.00  0.4751594E-03   0.1275370E-06   0.4752869E-03
     1335.00  0.4795147E-03   0.1311668E-06   0.4796459E-03
     1345.00  0.5110189E-03   0.1343285E-06   0.5111532E-03
     1355.00  0.4899086E-03   0.1370791E-06   0.4900457E-03
     1365.00  0.4812230E-03   0.1394681E-06   0.4813625E-03
     1375.00  0.4932962E-03   0.1415388E-06   0.4934377E-03
     1385.00  0.5079839E-03   0.1433293E-06   0.5081272E-03
     1395.00  0.5131202E-03   0.1448728E-06   0.5132651E-03
     1405.00  0.5124019E-03   0.1461986E-06   0.5125481E-03
     1415.00  0.5009855E-03   0.1473326E-06   0.5011328E-03
     1425.00  0.5040624E-03   0.1482976E-06   0.5042107E-03
     1435.00  0.4847797E-03   0.1491135E-06   0.4849288E-03
     1442.00  0.5103462E-03   0.1496057E-06   0.5104958E-03
     1447.00  0.5107171E-03   0.1499210E-06   0.5108670E-03
     1455.00  0.5130574E-03   0.1503677E-06   0.5132078E-03
     1465.00  0.4979438E-03   0.1508357E-06   0.4980946E-03
     1475.00  0.5007600E-03   0.1512146E-06   0.5009112E-03
     1485.00  0.5003747E-03   0.1515155E-06   0.5005262E-03
     1495.00  0.4988705E-03   0.1517480E-06   0.4990222E-03
     1505.00  0.5057726E-03   0.1519210E-06   0.5059245E-03
     1512.00  0.5001089E-03   0.1520107E-06   0.5002609E-03
     1517.00  0.5041523E-03   0.1520606E-06   0.5043044E-03
     1525.00  0.4870357E-03   0.1521179E-06   0.4871878E-03
     1535.00  0.4814911E-03   0.1521549E-06   0.4816433E-03
     1545.00  0.4998267E-03   0.1521584E-06   0.4999789E-03
     1555.00  0.4827192E-03   0.1521312E-06   0.4828713E-03
     1565.00  0.4516348E-03   0.1520794E-06   0.4517869E-03
     1575.00  0.4707506E-03   0.1520068E-06   0.4709026E-03
     1585.00  0.4892820E-03   0.1519168E-06   0.4894339E-03
     1595.00  0.5010100E-03   0.1518124E-06   0.5011618E-03
     1605.00  0.4743849E-03   0.1516964E-06   0.4745366E-03
     1615.00  0.4833587E-03   0.1515711E-06   0.4835103E-03
     1625.00  0.4555587E-03   0.1514385E-06   0.4557101E-03
     1635.00  0.4642137E-03   0.1512988E-06   0.4643650E-03
     1645.00  0.4754090E-03   0.1511542E-06   0.4755602E-03
     1655.00  0.4296019E-03   0.1510072E-06   0.4297529E-03
     1665.00  0.4854436E-03   0.1508591E-06   0.4855945E-03
     1672.00  0.4506909E-03   0.1507554E-06   0.4508417E-03
     1677.00  0.4667174E-03   0.1506815E-06   0.4668681E-03
     1685.00  0.4842037E-03   0.1505639E-06   0.4843543E-03
     1695.00  0.4665457E-03   0.1504186E-06   0.4666961E-03
     1705.00  0.4636388E-03   0.1502758E-06   0.4637891E-03
     1715.00  0.4737046E-03   0.1501361E-06   0.4738547E-03
     1725.00  0.4663778E-03   0.1500002E-06   0.4665278E-03
     1735.00  0.4824697E-03   0.1498685E-06   0.4826196E-03
     1745.00  0.4704574E-03   0.1497414E-06   0.4706071E-03
     1755.00  0.4839136E-03   0.1496192E-06   0.4840632E-03
     1765.00  0.4506765E-03   0.1495021E-06   0.4508260E-03
     1775.00  0.4789539E-03   0.1493904E-06   0.4791033E-03
     1785.00  0.4731792E-03   0.1492844E-06   0.4733285E-03
     1795.00  0.4838181E-03   0.1491833E-06   0.4839673E-03
     1805.00  0.4843834E-03   0.1490878E-06   0.4845325E-03
     1815.00  0.4799639E-03   0.1489980E-06   0.4801129E-03
     1825.00  0.4703424E-03   0.1489140E-06   0.4704913E-03
     1835.00  0.4699167E-03   0.1488358E-06   0.4700655E-03
     1845.00  0.4530966E-03   0.1487635E-06   0.4532454E-03
     1855.00  0.4599967E-03   0.1486969E-06   0.4601454E-03
     1865.00  0.4608907E-03   0.1486360E-06   0.4610393E-03
     1875.00  0.4638074E-03   0.1485807E-06   0.4639560E-03
     1885.00  0.4626415E-03   0.1485309E-06   0.4627900E-03
     1895.00  0.4629751E-03   0.1484866E-06   0.4631236E-03
     1905.00  0.4576418E-03   0.1484477E-06   0.4577902E-03
     1915.00  0.4569312E-03   0.1484139E-06   0.4570796E-03
     1925.00  0.4600466E-03   0.1483852E-06   0.4601950E-03
     1935.00  0.4471150E-03   0.1483615E-06   0.4472634E-03
     1945.00  0.4626462E-03   0.1483417E-06   0.4627945E-03
     1955.00  0.4595792E-03   0.1483256E-06   0.4597275E-03
     1967.00  0.4620944E-03   0.1483118E-06   0.4622427E-03
     1976.00  0.4524411E-03   0.1483054E-06   0.4525894E-03
     1984.00  0.4514166E-03   0.1483025E-06   0.4515649E-03
     1995.00  0.4463079E-03   0.1483025E-06   0.4464562E-03
     2005.00  0.4370614E-03   0.1483063E-06   0.4372097E-03
     2015.00  0.4306235E-03   0.1483138E-06   0.4307718E-03
     2025.00  0.4263344E-03   0.1483246E-06   0.4264827E-03
     2035.00  0.4371634E-03   0.1483305E-06   0.4373117E-03
     2045.00  0.4402577E-03   0.1483359E-06   0.4404060E-03
     2055.00  0.4282918E-03   0.9405228E-07   0.4283859E-03
     2065.00  0.4273581E-03   0.9371677E-07   0.4274518E-03
     2074.00  0.4374411E-03   0.9342057E-07   0.4375345E-03
     2078.00  0.4378762E-03   0.9329066E-07   0.4379695E-03
     2085.00  0.4364651E-03   0.9306582E-07   0.4365582E-03
     2095.00  0.4292942E-03   0.9275010E-07   0.4293870E-03
     2105.00  0.4263045E-03   0.9244068E-07   0.4263969E-03
     2115.00  0.4268468E-03   0.9213742E-07   0.4269389E-03
     2125.00  0.4258472E-03   0.9184018E-07   0.4259390E-03
     2135.00  0.4096428E-03   0.9154882E-07   0.4097343E-03
     2145.00  0.4232307E-03   0.9126321E-07   0.4233220E-03
     2155.00  0.4179937E-03   0.9098321E-07   0.4180847E-03
     2165.00  0.4044971E-03   0.9070867E-07   0.4045878E-03
     2175.00  0.4038365E-03   0.9043950E-07   0.4039269E-03
     2185.00  0.4076604E-03   0.9017559E-07   0.4077506E-03
     2195.00  0.4202219E-03   0.8991677E-07   0.4203118E-03
     2205.00  0.4074135E-03   0.8966290E-07   0.4075032E-03
     2215.00  0.3930371E-03   0.8941386E-07   0.3931265E-03
     2225.00  0.3928388E-03   0.8916953E-07   0.3929280E-03
     2235.00  0.4140975E-03   0.8892979E-07   0.4141864E-03
     2245.00  0.3997716E-03   0.8869451E-07   0.3998603E-03
     2255.00  0.3873933E-03   0.8846359E-07   0.3874818E-03
     2265.00  0.3810379E-03   0.8823691E-07   0.3811261E-03
     2275.00  0.3955590E-03   0.8801436E-07   0.3956470E-03
     2285.00  0.3993680E-03   0.8779439E-07   0.3994558E-03
     2295.00  0.3861717E-03   0.8757684E-07   0.3862593E-03
     2305.00  0.3915460E-03   0.8736300E-07   0.3916334E-03
     2315.00  0.3882977E-03   0.8715276E-07   0.3883849E-03
     2325.00  0.3539740E-03   0.8694604E-07   0.3540609E-03
     2335.00  0.3823580E-03   0.8674272E-07   0.3824447E-03
     2345.00  0.3567697E-03   0.8654272E-07   0.3568562E-03
     2355.00  0.3822044E-03   0.8634594E-07   0.3822907E-03
     2365.00  0.3604194E-03   0.8615229E-07   0.3605056E-03
     2375.00  0.3727695E-03   0.8596169E-07   0.3728555E-03
     2385.00  0.3445965E-03   0.8577405E-07   0.3446823E-03
     2395.00  0.3649031E-03   0.8558928E-07   0.3649887E-03
     2405.00  0.3581115E-03   0.8540729E-07   0.3581969E-03
     2415.00  0.3604462E-03   0.8522800E-07   0.3605314E-03
     2425.00  0.3735751E-03   0.8505135E-07   0.3736602E-03
     2435.00  0.3629556E-03   0.8487725E-07   0.3630405E-03
     2445.00  0.3714054E-03   0.8470563E-07   0.3714901E-03
     2455.00  0.3687238E-03   0.8453641E-07   0.3688083E-03
     2465.00  0.3616797E-03   0.8436953E-07   0.3617641E-03
     2475.00  0.3539349E-03   0.8420492E-07   0.3540191E-03
     2485.00  0.3584506E-03   0.8404251E-07   0.3585346E-03
     2495.00  0.3524140E-03   0.8388223E-07   0.3524979E-03
     2505.00  0.3713879E-03   0.8372402E-07   0.3714716E-03
     2513.00  0.3547692E-03   0.8359890E-07   0.3548528E-03
     2518.00  0.3502337E-03   0.8352133E-07   0.3503172E-03
     2525.00  0.3379870E-03   0.8341356E-07   0.3380704E-03
     2535.00  0.3374979E-03   0.8326118E-07   0.3375812E-03
     2545.00  0.3381619E-03   0.8311064E-07   0.3382450E-03
     2555.00  0.3569801E-03   0.8296186E-07   0.3570631E-03
     2565.00  0.3543734E-03   0.8281480E-07   0.3544562E-03
     2575.00  0.3656354E-03   0.8266940E-07   0.3657181E-03
     2585.00  0.3668297E-03   0.8252561E-07   0.3669122E-03
     2595.00  0.3628543E-03   0.8238338E-07   0.3629367E-03
     2605.00  0.3547802E-03   0.8094708E-07   0.3548611E-03
     2615.00  0.3489377E-03   0.8081471E-07   0.3490185E-03
     2625.00  0.3571387E-03   0.8068379E-07   0.3572194E-03
     2635.00  0.3621950E-03   0.8055429E-07   0.3622756E-03
     2645.00  0.3853410E-03   0.8042615E-07   0.3854214E-03
     2655.00  0.3869929E-03   0.8029933E-07   0.3870732E-03
     2665.00  0.3724993E-03   0.8017379E-07   0.3725795E-03
     2675.00  0.3793817E-03   0.8004948E-07   0.3794617E-03
     2685.00  0.3834142E-03   0.7992637E-07   0.3834941E-03
     2695.00  0.3712780E-03   0.7980441E-07   0.3713578E-03
     2705.00  0.3726995E-03   0.7968357E-07   0.3727792E-03
     2715.00  0.3597130E-03   0.7956381E-07   0.3597926E-03
     2725.00  0.3583543E-03   0.7944509E-07   0.3584337E-03
     2735.00  0.3672445E-03   0.7932738E-07   0.3673238E-03
     2745.00  0.3405691E-03   0.7921064E-07   0.3406483E-03
     2755.00  0.3462077E-03   0.7909484E-07   0.3462868E-03
     2765.00  0.3601077E-03   0.7897995E-07   0.3601867E-03
     2775.00  0.3685410E-03   0.7886593E-07   0.3686199E-03
     2785.00  0.3599804E-03   0.7875275E-07   0.3600592E-03
     2795.00  0.2961576E-03   0.7864039E-07   0.2962362E-03
     2805.00  0.3184229E-03   0.7852880E-07   0.3185014E-03
     2815.00  0.3715509E-03   0.7841798E-07   0.3716293E-03
     2825.00  0.3714641E-03   0.7830790E-07   0.3715424E-03
     2835.00  0.3641722E-03   0.7819850E-07   0.3642504E-03
     2845.00  0.3561689E-03   0.7808979E-07   0.3562470E-03
     2855.00  0.3431875E-03   0.7798094E-07   0.3432655E-03
     2865.00  0.3601076E-03   0.7787188E-07   0.3601855E-03
     2875.00  0.3603873E-03   0.7776336E-07   0.3604651E-03
     2885.00  0.3645233E-03   0.7765537E-07   0.3646010E-03
     2895.00  0.3674823E-03   0.7754788E-07   0.3675598E-03
     2910.00  0.3791555E-03   0.7738753E-07   0.3792329E-03
     2930.00  0.3708864E-03   0.7717531E-07   0.3709636E-03
     2950.00  0.3653322E-03   0.7696475E-07   0.3654092E-03
     2970.00  0.3647310E-03   0.7675570E-07   0.3648078E-03
     2990.00  0.3658312E-03   0.7654805E-07   0.3659077E-03
     3010.00  0.3660725E-03   0.7634166E-07   0.3661488E-03
     3030.00  0.3666504E-03   0.7613643E-07   0.3667265E-03
     3050.00  0.3675487E-03   0.7593232E-07   0.3676246E-03
     3070.00  0.3661685E-03   0.7572926E-07   0.3662442E-03
     3090.00  0.3646789E-03   0.7552707E-07   0.3647544E-03
     3110.00  0.3657911E-03   0.7532569E-07   0.3658664E-03
     3130.00  0.3630510E-03   0.7485370E-07   0.3631259E-03
     3150.00  0.3633172E-03   0.7465549E-07   0.3633919E-03
     3170.00  0.3663172E-03   0.7445788E-07   0.3663917E-03
     3190.00  0.3572347E-03   0.7426080E-07   0.3573090E-03
     3210.00  0.3623789E-03   0.7406420E-07   0.3624530E-03
     3230.00  0.3582671E-03   0.7386802E-07   0.3583410E-03
     3250.00  0.3692671E-03   0.7367221E-07   0.3693408E-03
     3270.00  0.3771109E-03   0.7347537E-07   0.3771844E-03
     3290.00  0.3763006E-03   0.7327788E-07   0.3763739E-03
     3310.00  0.3715270E-03   0.7308043E-07   0.3716001E-03
     3330.00  0.3679519E-03   0.7288299E-07   0.3680248E-03
     3350.00  0.3626093E-03   0.7268553E-07   0.3626820E-03
     3370.00  0.3484477E-03   0.7248802E-07   0.3485202E-03
     3390.00  0.3533573E-03   0.7229046E-07   0.3534296E-03
     3410.00  0.3561799E-03   0.7209280E-07   0.3562520E-03
     3430.00  0.3620756E-03   0.6879310E-07   0.3621444E-03
     3450.00  0.3591264E-03   0.6859677E-07   0.3591950E-03
     3470.00  0.3602977E-03   0.6840055E-07   0.3603661E-03
     3490.00  0.3664376E-03   0.6820441E-07   0.3665058E-03
     3510.00  0.3743485E-03   0.6800830E-07   0.3744165E-03
     3530.00  0.3697038E-03   0.6781189E-07   0.3697716E-03
     3550.00  0.3821019E-03   0.6761547E-07   0.3821695E-03
     3570.00  0.3591350E-03   0.6741903E-07   0.3592024E-03
     3590.00  0.3552444E-03   0.6722257E-07   0.3553116E-03
     3610.00  0.3661918E-03   0.6702608E-07   0.3662588E-03
     3630.00  0.3689795E-03   0.6682956E-07   0.3690463E-03
     3640.00  0.3749134E-03   0.6673129E-07   0.3749801E-03
     3650.00  0.3789842E-03   0.2446935E-07   0.3790087E-03
     3670.00  0.3796989E-03   0.2431983E-07   0.3797232E-03
     3690.00  0.3604081E-03   0.2359689E-07   0.3604317E-03
     3710.00  0.3982499E-03   0.2345150E-07   0.3982734E-03
     3730.00  0.3834762E-03   0.2330831E-07   0.3834995E-03
     3750.00  0.4714621E-03   0.2316726E-07   0.4714853E-03
     3770.00  0.5111812E-03   0.2302830E-07   0.5112042E-03
     3790.00  0.5915754E-03   0.2289137E-07   0.5915983E-03
     3810.00  0.6635182E-03   0.2275642E-07   0.6635410E-03
     3830.00  0.5216925E-03   0.2262339E-07   0.5217151E-03
     3850.00  0.7040393E-03   0.2249223E-07   0.7040618E-03
     3870.00  0.7626318E-03   0.2236289E-07   0.7626542E-03
     3890.00  0.4974343E-03   0.2223533E-07   0.4974565E-03
     3910.00  0.7802289E-03   0.2210951E-07   0.7802510E-03
     3930.00  0.7494083E-03   0.2198537E-07   0.7494303E-03
     3950.00  0.7770141E-03   0.2186288E-07   0.7770360E-03
     3970.00  0.4697237E-03   0.2174203E-07   0.4697454E-03
     3990.00  0.7808966E-03   0.2162289E-07   0.7809182E-03
     4010.00  0.8562886E-03   0.2150526E-07   0.8563101E-03
     4030.00  0.8504199E-03   0.2138911E-07   0.8504413E-03
     4050.00  0.8434980E-03   0.2127440E-07   0.8435193E-03
     4070.00  0.8069795E-03   0.2116109E-07   0.8070007E-03
     4090.00  0.6926178E-03   0.2104916E-07   0.6926388E-03
     4110.00  0.5561834E-03   0.2093857E-07   0.5562043E-03
     4130.00  0.7833424E-03   0.2082928E-07   0.7833632E-03
     4150.00  0.8001704E-03   0.2072128E-07   0.8001911E-03
     4170.00  0.8050251E-03   0.2061452E-07   0.8050457E-03
     4190.00  0.7987992E-03   0.2050899E-07   0.7988197E-03
     4210.00  0.7905119E-03   0.2040465E-07   0.7905323E-03
     4230.00  0.7798540E-03   0.2030148E-07   0.7798743E-03
     4250.00  0.7772658E-03   0.2019945E-07   0.7772860E-03
     4270.00  0.7611672E-03   0.2009854E-07   0.7611873E-03
     4290.00  0.7465042E-03   0.1999871E-07   0.7465242E-03
     4310.00  0.7036682E-03   0.1989996E-07   0.7036881E-03
     4330.00  0.6162990E-03   0.1980226E-07   0.6163188E-03
     4350.00  0.5505488E-03   0.1970559E-07   0.5505685E-03
     4370.00  0.7303999E-03   0.1960994E-07   0.7304195E-03
     4390.00  0.7381934E-03   0.1951528E-07   0.7382129E-03
     4410.00  0.7489505E-03   0.1942157E-07   0.7489699E-03
     4430.00  0.7655712E-03   0.1932881E-07   0.7655905E-03
     4450.00  0.7614419E-03   0.1923697E-07   0.7614611E-03
     4470.00  0.7634784E-03   0.1914603E-07   0.7634975E-03
     4490.00  0.7626867E-03   0.1905598E-07   0.7627058E-03
     4510.00  0.7713933E-03   0.1896680E-07   0.7714123E-03
     4530.00  0.7507099E-03   0.1887847E-07   0.7507288E-03
     4550.00  0.7519552E-03   0.1879097E-07   0.7519740E-03
     4570.00  0.7572294E-03   0.1870430E-07   0.7572481E-03
     4590.00  0.7479356E-03   0.1861842E-07   0.7479542E-03
     4610.00  0.7479272E-03   0.1853334E-07   0.7479457E-03
     4630.00  0.7444334E-03   0.1844904E-07   0.7444518E-03
     4650.00  0.7381206E-03   0.1836549E-07   0.7381390E-03
     4670.00  0.7403449E-03   0.1828270E-07   0.7403632E-03
     4690.00  0.7327750E-03   0.1820063E-07   0.7327932E-03
     4710.00  0.7229702E-03   0.1811929E-07   0.7229883E-03
     4730.00  0.7227336E-03   0.1803866E-07   0.7227516E-03
     4750.00  0.7177679E-03   0.1795872E-07   0.7177859E-03
     4770.00  0.7074417E-03   0.1787947E-07   0.7074596E-03
     4790.00  0.7019683E-03   0.1780089E-07   0.7019861E-03
     4810.00  0.7006104E-03   0.1772295E-07   0.7006281E-03
     4830.00  0.6780422E-03   0.1764565E-07   0.6780598E-03
     4850.00  0.5942037E-03   0.1756898E-07   0.5942213E-03
     4870.00  0.5199035E-03   0.1749294E-07   0.5199210E-03
     4890.00  0.6570430E-03   0.1741752E-07   0.6570604E-03
     4910.00  0.6775006E-03   0.1734271E-07   0.6775179E-03
     4930.00  0.6710554E-03   0.1726850E-07   0.6710727E-03
     4950.00  0.6728402E-03   0.1719488E-07   0.6728574E-03
     4970.00  0.6743850E-03   0.1712183E-07   0.6744021E-03
     4990.00  0.6575969E-03   0.1704936E-07   0.6576139E-03
     5010.00  0.6436639E-03   0.1697745E-07   0.6436809E-03
     5030.00  0.6487655E-03   0.1690610E-07   0.6487824E-03
     5050.00  0.6375026E-03   0.1683529E-07   0.6375194E-03
     5070.00  0.6366702E-03   0.1676507E-07   0.6366870E-03
     5090.00  0.6268297E-03   0.1669563E-07   0.6268464E-03
     5110.00  0.6207126E-03   0.1662670E-07   0.6207292E-03
     5130.00  0.6118632E-03   0.1655826E-07   0.6118798E-03
     5150.00  0.5992461E-03   0.1649032E-07   0.5992626E-03
     5170.00  0.5875664E-03   0.1642287E-07   0.5875828E-03
     5190.00  0.5982816E-03   0.1635590E-07   0.5982980E-03
     5210.00  0.6019443E-03   0.1628940E-07   0.6019606E-03
     5230.00  0.6246363E-03   0.1622337E-07   0.6246525E-03
     5250.00  0.6297797E-03   0.1615781E-07   0.6297959E-03
     5270.00  0.6053861E-03   0.1609270E-07   0.6054022E-03
     5290.00  0.6250601E-03   0.1602803E-07   0.6250761E-03
     5310.00  0.6292891E-03   0.1596382E-07   0.6293051E-03
     5330.00  0.6085299E-03   0.1590004E-07   0.6085458E-03
     5350.00  0.6185701E-03   0.1583669E-07   0.6185859E-03
     5370.00  0.6120644E-03   0.1577377E-07   0.6120802E-03
     5390.00  0.6081705E-03   0.1571126E-07   0.6081862E-03
     5410.00  0.6024107E-03   0.1564917E-07   0.6024263E-03
     5430.00  0.5977928E-03   0.1558749E-07   0.5978084E-03
     5450.00  0.5985624E-03   0.1552622E-07   0.5985779E-03
     5470.00  0.6018367E-03   0.1546535E-07   0.6018522E-03
     5490.00  0.6011908E-03   0.1540487E-07   0.6012062E-03
     5510.00  0.5940718E-03   0.1534479E-07   0.5940871E-03
     5530.00  0.5988028E-03   0.1528510E-07   0.5988181E-03
     5550.00  0.5986651E-03   0.1522579E-07   0.5986803E-03
     5570.00  0.5902870E-03   0.1516685E-07   0.5903022E-03
     5590.00  0.5841595E-03   0.1510830E-07   0.5841746E-03
     5610.00  0.5860291E-03   0.1505011E-07   0.5860442E-03
     5630.00  0.5890712E-03   0.1499229E-07   0.5890862E-03
     5650.00  0.5891690E-03   0.1493483E-07   0.5891839E-03
     5670.00  0.5822326E-03   0.1487773E-07   0.5822475E-03
     5690.00  0.5840368E-03   0.1482099E-07   0.5840516E-03
     5710.00  0.5742019E-03   0.1320649E-07   0.5742151E-03
     5730.00  0.5812729E-03   0.1315491E-07   0.5812861E-03
     5750.00  0.5778699E-03   0.1310368E-07   0.5778830E-03
     5770.00  0.5768139E-03   0.1305278E-07   0.5768270E-03
     5790.00  0.5714061E-03   0.1300222E-07   0.5714191E-03
     5810.00  0.5719486E-03   0.1295198E-07   0.5719616E-03
     5830.00  0.5717148E-03   0.1290207E-07   0.5717277E-03
     5850.00  0.5660359E-03   0.1285248E-07   0.5660488E-03
     5870.00  0.5641986E-03   0.1280322E-07   0.5642114E-03
     5890.00  0.5348294E-03   0.1275426E-07   0.5348422E-03
     5910.00  0.5586547E-03   0.1270562E-07   0.5586674E-03
     5930.00  0.5575626E-03   0.1265729E-07   0.5575753E-03
     5950.00  0.5552810E-03   0.1260926E-07   0.5552936E-03
     5970.00  0.5548432E-03   0.1256154E-07   0.5548558E-03
     5990.00  0.5527992E-03   0.1251411E-07   0.5528117E-03
     6010.00  0.5482354E-03   0.1246699E-07   0.5482479E-03
     6030.00  0.5484579E-03   0.1242015E-07   0.5484703E-03
     6050.00  0.5483899E-03   0.1237360E-07   0.5484023E-03
     6070.00  0.5439695E-03   0.1232734E-07   0.5439818E-03
     6090.00  0.5409501E-03   0.1228135E-07   0.5409624E-03
     6110.00  0.5389348E-03   0.1223564E-07   0.5389470E-03
     6130.00  0.5279869E-03   0.1219020E-07   0.5279991E-03
     6150.00  0.5336492E-03   0.1214503E-07   0.5336613E-03
     6170.00  0.5239736E-03   0.1210014E-07   0.5239857E-03
     6190.00  0.5301566E-03   0.1205552E-07   0.5301687E-03
     6210.00  0.5274028E-03   0.1201116E-07   0.5274148E-03
     6230.00  0.5224887E-03   0.1196707E-07   0.5225007E-03
     6250.00  0.5149355E-03   0.1192324E-07   0.5149474E-03
     6270.00  0.5203000E-03   0.1187966E-07   0.5203119E-03
     6290.00  0.5196790E-03   0.1183635E-07   0.5196908E-03
     6310.00  0.5156579E-03   0.1179329E-07   0.5156697E-03
     6330.00  0.5161853E-03   0.1175048E-07   0.5161971E-03
     6350.00  0.5174082E-03   0.1170792E-07   0.5174199E-03
     6370.00  0.5153213E-03   0.1166561E-07   0.5153330E-03
     6390.00  0.5122972E-03   0.1162354E-07   0.5123088E-03
     6410.00  0.5077223E-03   0.1158171E-07   0.5077339E-03
     6430.00  0.5081298E-03   0.1154013E-07   0.5081413E-03
     6450.00  0.5064434E-03   0.1149879E-07   0.5064549E-03
     6470.00  0.5025803E-03   0.1145768E-07   0.5025918E-03
     6490.00  0.4974439E-03   0.1141680E-07   0.4974553E-03
     6510.00  0.5007745E-03   0.1137616E-07   0.5007859E-03
     6530.00  0.4971851E-03   0.1133566E-07   0.4971964E-03
     6550.00  0.4674098E-03   0.1129537E-07   0.4674211E-03
     6570.00  0.4229305E-03   0.1125530E-07   0.4229418E-03
     6590.00  0.4830552E-03   0.1121545E-07   0.4830664E-03
     6610.00  0.4925243E-03   0.1117582E-07   0.4925355E-03
     6630.00  0.4949950E-03   0.1113641E-07   0.4950061E-03
     6650.00  0.4933188E-03   0.1108103E-07   0.4933299E-03
     6670.00  0.4901033E-03   0.1104220E-07   0.4901143E-03
     6690.00  0.4928894E-03   0.1100358E-07   0.4929004E-03
     6710.00  0.4875299E-03   0.1096517E-07   0.4875409E-03
     6730.00  0.4897601E-03   0.1092697E-07   0.4897710E-03
     6750.00  0.4850165E-03   0.1088898E-07   0.4850274E-03
     6770.00  0.4853588E-03   0.1085119E-07   0.4853697E-03
     6790.00  0.4839704E-03   0.1081360E-07   0.4839812E-03
     6810.00  0.4819101E-03   0.1077622E-07   0.4819209E-03
     6830.00  0.4817753E-03   0.1073903E-07   0.4817860E-03
     6850.00  0.4781993E-03   0.1070205E-07   0.4782100E-03
     6870.00  0.4767801E-03   0.1066526E-07   0.4767908E-03
     6890.00  0.4772065E-03   0.1062867E-07   0.4772171E-03
     6910.00  0.4750017E-03   0.1059227E-07   0.4750123E-03
     6930.00  0.4736043E-03   0.1055606E-07   0.4736149E-03
     6950.00  0.4707525E-03   0.1052005E-07   0.4707630E-03
     6970.00  0.4715528E-03   0.1048422E-07   0.4715633E-03
     6990.00  0.4689513E-03   0.1044858E-07   0.4689617E-03
     7010.00  0.4672512E-03   0.1041313E-07   0.4672616E-03
     7030.00  0.4684658E-03   0.1037786E-07   0.4684762E-03
     7050.00  0.4686969E-03   0.1034278E-07   0.4687072E-03
     7070.00  0.4659359E-03   0.1030788E-07   0.4659462E-03
     7090.00  0.4646232E-03   0.1027316E-07   0.4646335E-03
     7110.00  0.4630902E-03   0.1023862E-07   0.4631004E-03
     7130.00  0.4603427E-03   0.1020426E-07   0.4603529E-03
     7150.00  0.4577714E-03   0.1017008E-07   0.4577816E-03
     7170.00  0.4597503E-03   0.1013607E-07   0.4597604E-03
     7190.00  0.4538924E-03   0.1010224E-07   0.4539025E-03
     7210.00  0.4539147E-03   0.1006858E-07   0.4539248E-03
     7230.00  0.4568589E-03   0.1003509E-07   0.4568689E-03
     7250.00  0.4545688E-03   0.1000177E-07   0.4545788E-03
     7270.00  0.4549715E-03   0.9968625E-08   0.4549815E-03
     7290.00  0.4524916E-03   0.9935646E-08   0.4525015E-03
     7310.00  0.4523038E-03   0.9902834E-08   0.4523137E-03
     7330.00  0.4507476E-03   0.9870189E-08   0.4507575E-03
     7350.00  0.4490172E-03   0.9837708E-08   0.4490270E-03
     7370.00  0.4503008E-03   0.9805391E-08   0.4503106E-03
     7390.00  0.4475563E-03   0.9773236E-08   0.4475661E-03
     7410.00  0.4428746E-03   0.9741243E-08   0.4428843E-03
     7430.00  0.4452853E-03   0.9709410E-08   0.4452950E-03
     7450.00  0.4445619E-03   0.9672231E-08   0.4445716E-03
     7470.00  0.4434287E-03   0.9640743E-08   0.4434383E-03
     7490.00  0.4420975E-03   0.9609413E-08   0.4421071E-03
     7510.00  0.4410885E-03   0.9578237E-08   0.4410981E-03
     7530.00  0.4409784E-03   0.9547216E-08   0.4409879E-03
     7550.00  0.4407428E-03   0.9516349E-08   0.4407523E-03
     7570.00  0.4390202E-03   0.9485634E-08   0.4390297E-03
     7590.00  0.4368952E-03   0.9455070E-08   0.4369047E-03
     7610.00  0.4365478E-03   0.9424622E-08   0.4365572E-03
     7630.00  0.4359078E-03   0.9394290E-08   0.4359172E-03
     7650.00  0.4350734E-03   0.9364104E-08   0.4350828E-03
     7670.00  0.4277640E-03   0.9334064E-08   0.4277733E-03
     7690.00  0.4321065E-03   0.9304169E-08   0.4321158E-03
     7710.00  0.4273564E-03   0.9274418E-08   0.4273657E-03
     7730.00  0.4290694E-03   0.9244810E-08   0.4290786E-03
     7750.00  0.4265524E-03   0.9215344E-08   0.4265616E-03
     7770.00  0.4280227E-03   0.9186019E-08   0.4280319E-03
     7790.00  0.4265571E-03   0.9156835E-08   0.4265663E-03
     7810.00  0.4265518E-03   0.9127790E-08   0.4265609E-03
     7830.00  0.4238040E-03   0.9098883E-08   0.4238131E-03
     7850.00  0.4227324E-03   0.9070114E-08   0.4227415E-03
     7870.00  0.4230842E-03   0.8954693E-08   0.4230932E-03
     7890.00  0.4210322E-03   0.8926596E-08   0.4210411E-03
     7910.00  0.4171499E-03   0.8898632E-08   0.4171588E-03
     7930.00  0.4162160E-03   0.8870799E-08   0.4162249E-03
     7950.00  0.4141234E-03   0.8843097E-08   0.4141322E-03
     7970.00  0.4165966E-03   0.8815525E-08   0.4166054E-03
     7990.00  0.4152151E-03   0.8788083E-08   0.4152239E-03
     8010.00  0.4129325E-03   0.8760768E-08   0.4129413E-03
     8030.00  0.4127894E-03   0.8733581E-08   0.4127981E-03
     8050.00  0.4096616E-03   0.8706522E-08   0.4096703E-03
     8070.00  0.4095528E-03   0.8679588E-08   0.4095615E-03
     8090.00  0.4077903E-03   0.8652779E-08   0.4077990E-03
     8110.00  0.4077857E-03   0.8626096E-08   0.4077943E-03
     8130.00  0.4073771E-03   0.8599535E-08   0.4073857E-03
     8150.00  0.4062984E-03   0.8573098E-08   0.4063070E-03
     8170.00  0.4052351E-03   0.8546782E-08   0.4052436E-03
     8190.00  0.3982255E-03   0.8520589E-08   0.3982340E-03
     8210.00  0.4002382E-03   0.7953825E-08   0.4002462E-03
     8230.00  0.4000179E-03   0.5830428E-08   0.4000237E-03
     8250.00  0.4001265E-03   0.5812426E-08   0.4001323E-03
     8270.00  0.4003650E-03   0.5794516E-08   0.4003708E-03
     8290.00  0.3985574E-03   0.5757626E-08   0.3985632E-03
     8310.00  0.3953250E-03   0.5740003E-08   0.3953307E-03
     8330.00  0.3905064E-03   0.5722470E-08   0.3905121E-03
     8350.00  0.3931312E-03   0.5705025E-08   0.3931369E-03
     8370.00  0.3902891E-03   0.5687667E-08   0.3902948E-03
     8390.00  0.3800510E-03   0.5670395E-08   0.3800567E-03
     8410.00  0.3874203E-03   0.5653209E-08   0.3874260E-03
     8430.00  0.3809893E-03   0.5636108E-08   0.3809949E-03
     8450.00  0.3873413E-03   0.5619091E-08   0.3873469E-03
     8470.00  0.3806439E-03   0.5602158E-08   0.3806495E-03
     8490.00  0.3846292E-03   0.5585309E-08   0.3846348E-03
     8510.00  0.3684312E-03   0.5568542E-08   0.3684368E-03
     8530.00  0.3846945E-03   0.5551858E-08   0.3847001E-03
     8550.00  0.3462191E-03   0.5535254E-08   0.3462246E-03
     8570.00  0.3874701E-03   0.5518732E-08   0.3874756E-03
     8590.00  0.3778972E-03   0.5502290E-08   0.3779027E-03
     8610.00  0.3743596E-03   0.5485928E-08   0.3743651E-03
     8630.00  0.3854179E-03   0.5469645E-08   0.3854234E-03
     8650.00  0.3803033E-03   0.5453441E-08   0.3803088E-03
     8670.00  0.3394589E-03   0.5437315E-08   0.3394643E-03
     8690.00  0.3740038E-03   0.5421267E-08   0.3740092E-03
     8710.00  0.3831724E-03   0.5405295E-08   0.3831778E-03
     8730.00  0.3788228E-03   0.5389400E-08   0.3788282E-03
     8750.00  0.3590668E-03   0.5373581E-08   0.3590722E-03
     8770.00  0.3737359E-03   0.5357838E-08   0.3737413E-03
     8790.00  0.3788292E-03   0.5342169E-08   0.3788345E-03
     8810.00  0.3753671E-03   0.5326575E-08   0.3753724E-03
     8830.00  0.3724129E-03   0.5311054E-08   0.3724182E-03
     8850.00  0.3655799E-03   0.5295607E-08   0.3655852E-03
     8870.00  0.3524312E-03   0.5280233E-08   0.3524365E-03
     8890.00  0.3708071E-03   0.5264932E-08   0.3708124E-03
     8910.00  0.3735538E-03   0.5249702E-08   0.3735590E-03
     8930.00  0.3725170E-03   0.5234544E-08   0.3725222E-03
     8950.00  0.3701638E-03   0.5219456E-08   0.3701690E-03
     8970.00  0.3692071E-03   0.5204439E-08   0.3692123E-03
     8990.00  0.3650362E-03   0.5189493E-08   0.3650414E-03
     9010.00  0.3427141E-03   0.5174615E-08   0.3427193E-03
     9030.00  0.3535582E-03   0.5159807E-08   0.3535634E-03
     9050.00  0.3632773E-03   0.5145067E-08   0.3632824E-03
     9070.00  0.3632738E-03   0.5130396E-08   0.3632789E-03
     9090.00  0.3585186E-03   0.5115792E-08   0.3585237E-03
     9110.00  0.3608307E-03   0.5101255E-08   0.3608358E-03
     9130.00  0.3597935E-03   0.5086787E-08   0.3597986E-03
     9150.00  0.3594206E-03   0.5072386E-08   0.3594257E-03
     9170.00  0.3578375E-03   0.5058050E-08   0.3578426E-03
     9190.00  0.3557980E-03   0.5043780E-08   0.3558030E-03
     9210.00  0.3486748E-03   0.5029576E-08   0.3486798E-03
     9230.00  0.3326368E-03   0.5015435E-08   0.3326418E-03
     9250.00  0.3447299E-03   0.5001359E-08   0.3447349E-03
     9270.00  0.3496872E-03   0.4987347E-08   0.3496922E-03
     9290.00  0.3497979E-03   0.4973398E-08   0.3498029E-03
     9310.00  0.3503124E-03   0.4959512E-08   0.3503174E-03
     9330.00  0.3493138E-03   0.4945688E-08   0.3493187E-03
     9350.00  0.3477331E-03   0.4931927E-08   0.3477380E-03
     9370.00  0.3444225E-03   0.4918228E-08   0.3444274E-03
     9390.00  0.3456738E-03   0.4904590E-08   0.3456787E-03
     9410.00  0.3423880E-03   0.4891012E-08   0.3423929E-03
     9430.00  0.3432885E-03   0.4877496E-08   0.3432934E-03
     9450.00  0.3407553E-03   0.4864039E-08   0.3407602E-03
     9470.00  0.3405556E-03   0.4850643E-08   0.3405605E-03
     9490.00  0.3388583E-03   0.4837306E-08   0.3388631E-03
     9510.00  0.3361198E-03   0.4824028E-08   0.3361246E-03
     9530.00  0.3298468E-03   0.4810808E-08   0.3298516E-03
     9550.00  0.3136497E-03   0.4797648E-08   0.3136545E-03
     9570.00  0.3277033E-03   0.4784545E-08   0.3277081E-03
     9590.00  0.3318495E-03   0.4771500E-08   0.3318543E-03
     9610.00  0.3296149E-03   0.4758512E-08   0.3296197E-03
     9630.00  0.3303347E-03   0.4745581E-08   0.3303394E-03
     9650.00  0.3253991E-03   0.4732706E-08   0.3254038E-03
     9670.00  0.3249753E-03   0.4719888E-08   0.3249800E-03
     9690.00  0.3262096E-03   0.4707125E-08   0.3262143E-03
     9710.00  0.3238018E-03   0.4694419E-08   0.3238065E-03
     9730.00  0.3223659E-03   0.4681767E-08   0.3223706E-03
     9750.00  0.3215843E-03   0.4669170E-08   0.3215890E-03
     9770.00  0.3214096E-03   0.4656628E-08   0.3214143E-03
     9790.00  0.3174427E-03   0.4644140E-08   0.3174473E-03
     9810.00  0.3207912E-03   0.4631705E-08   0.3207958E-03
     9830.00  0.3194153E-03   0.4619324E-08   0.3194199E-03
     9850.00  0.3185886E-03   0.4606997E-08   0.3185932E-03
     9870.00  0.3169453E-03   0.4594723E-08   0.3169499E-03
     9890.00  0.3157134E-03   0.4582501E-08   0.3157180E-03
     9910.00  0.3136335E-03   0.4570331E-08   0.3136381E-03
     9930.00  0.3129323E-03   0.4558214E-08   0.3129369E-03
     9950.00  0.3120511E-03   0.4546147E-08   0.3120556E-03
     9970.00  0.3107229E-03   0.4534133E-08   0.3107274E-03
     9990.00  0.3091282E-03   0.4522168E-08   0.3091327E-03
    10025.00  0.3022100E-03   0.4501354E-08   0.3022145E-03
    10075.00  0.2972836E-03   0.4471885E-08   0.2972881E-03
    10125.00  0.3015298E-03   0.4442725E-08   0.3015342E-03
    10175.00  0.2989102E-03   0.4413950E-08   0.2989146E-03
    10225.00  0.2965140E-03   0.4385488E-08   0.2965184E-03
    10275.00  0.2943346E-03   0.4357319E-08   0.2943390E-03
    10325.00  0.2901557E-03   0.4329439E-08   0.2901600E-03
    10375.00  0.2877051E-03   0.4301842E-08   0.2877094E-03
    10425.00  0.2861430E-03   0.4274527E-08   0.2861473E-03
    10475.00  0.2828586E-03   0.4247487E-08   0.2828628E-03
    10525.00  0.2809777E-03   0.4220721E-08   0.2809819E-03
    10575.00  0.2776619E-03   0.4194223E-08   0.2776661E-03
    10625.00  0.2751919E-03   0.4167990E-08   0.2751961E-03
    10675.00  0.2719059E-03   0.4142019E-08   0.2719100E-03
    10725.00  0.2701456E-03   0.4116306E-08   0.2701497E-03
    10775.00  0.2670828E-03   0.4090847E-08   0.2670869E-03
    10825.00  0.2640277E-03   0.4065639E-08   0.2640318E-03
    10875.00  0.2615235E-03   0.4040678E-08   0.2615275E-03
    10925.00  0.2531002E-03   0.4015962E-08   0.2531042E-03
    10975.00  0.2550013E-03   0.3991487E-08   0.2550053E-03
    11025.00  0.2556383E-03   0.3967250E-08   0.2556423E-03
    11075.00  0.2538260E-03   0.3943247E-08   0.2538299E-03
    11125.00  0.2514050E-03   0.3919475E-08   0.2514089E-03
    11175.00  0.2487766E-03   0.3746076E-08   0.2487803E-03
    11225.00  0.2469663E-03   0.3723692E-08   0.2469700E-03
    11275.00  0.2439666E-03   0.3701523E-08   0.2439703E-03
    11325.00  0.2421683E-03   0.3679566E-08   0.2421720E-03
    11375.00  0.2393037E-03   0.3657817E-08   0.2393074E-03
    11425.00  0.2362009E-03   0.3636275E-08   0.2362045E-03
    11475.00  0.2360198E-03   0.3614936E-08   0.2360234E-03
    11525.00  0.2340355E-03   0.3593798E-08   0.2340391E-03
    11575.00  0.2315730E-03   0.3572858E-08   0.2315766E-03
    11625.00  0.2277055E-03   0.3552115E-08   0.2277091E-03
    11675.00  0.2268101E-03   0.3531564E-08   0.2268136E-03
    11725.00  0.2259730E-03   0.3511205E-08   0.2259765E-03
    11775.00  0.2227719E-03   0.3491034E-08   0.2227754E-03
    11825.00  0.2207843E-03   0.3471049E-08   0.2207878E-03
    11875.00  0.2176477E-03   0.3451248E-08   0.2176512E-03
    11925.00  0.2181844E-03   0.3431629E-08   0.2181878E-03
    11975.00  0.2137354E-03   0.3412188E-08   0.2137388E-03
    12025.00  0.2138604E-03   0.3392925E-08   0.2138638E-03
    12075.00  0.2116377E-03   0.3373836E-08   0.2116411E-03
    12125.00  0.2106303E-03   0.3354920E-08   0.2106337E-03
    12175.00  0.2091011E-03   0.3336174E-08   0.2091044E-03
    12225.00  0.2073442E-03   0.3317597E-08   0.2073475E-03
    12275.00  0.2055023E-03   0.3299186E-08   0.2055056E-03
    12325.00  0.2039855E-03   0.3280939E-08   0.2039888E-03
    12375.00  0.2023237E-03   0.3262854E-08   0.2023270E-03
    12425.00  0.2005996E-03   0.3244930E-08   0.2006028E-03
    12475.00  0.1990961E-03   0.3227164E-08   0.1990993E-03
    12525.00  0.1973944E-03   0.3208659E-08   0.1973976E-03
    12575.00  0.1959972E-03   0.3191214E-08   0.1960004E-03
    12625.00  0.1943663E-03   0.3173922E-08   0.1943695E-03
    12675.00  0.1927965E-03   0.3156781E-08   0.1927997E-03
    12725.00  0.1912903E-03   0.3139789E-08   0.1912934E-03
    12775.00  0.1889837E-03   0.3122945E-08   0.1889868E-03
    12825.00  0.1825652E-03   0.3106245E-08   0.1825683E-03
    12875.00  0.1860062E-03   0.3089690E-08   0.1860093E-03
    12925.00  0.1852655E-03   0.3073276E-08   0.1852686E-03
    12975.00  0.1845503E-03   0.3057003E-08   0.1845534E-03
    13025.00  0.1831982E-03   0.3040869E-08   0.1832012E-03
    13075.00  0.1819447E-03   0.3024858E-08   0.1819477E-03
    13125.00  0.1799805E-03   0.3008980E-08   0.1799835E-03
    13175.00  0.1788982E-03   0.2993236E-08   0.1789012E-03
    13225.00  0.1781391E-03   0.2977624E-08   0.1781421E-03
    13275.00  0.1762394E-03   0.2962142E-08   0.1762424E-03
    13325.00  0.1755472E-03   0.2946790E-08   0.1755501E-03
    13375.00  0.1744322E-03   0.2931565E-08   0.1744351E-03
    13425.00  0.1734221E-03   0.2916467E-08   0.1734250E-03
    13475.00  0.1722674E-03   0.2901494E-08   0.1722703E-03
    13525.00  0.1711487E-03   0.2886644E-08   0.1711516E-03
    13575.00  0.1697085E-03   0.2871916E-08   0.1697114E-03
    13625.00  0.1680473E-03   0.2856930E-08   0.1680502E-03
    13675.00  0.1677695E-03   0.2842445E-08   0.1677723E-03
    13725.00  0.1668661E-03   0.2828078E-08   0.1668689E-03
    13775.00  0.1658688E-03   0.2813828E-08   0.1658716E-03
    13825.00  0.1649207E-03   0.2799693E-08   0.1649235E-03
    13875.00  0.1632689E-03   0.2785673E-08   0.1632717E-03
    13925.00  0.1630589E-03   0.2771765E-08   0.1630617E-03
    13975.00  0.1621235E-03   0.2757969E-08   0.1621263E-03
    14025.00  0.1607588E-03   0.2744284E-08   0.1607615E-03
    14075.00  0.1602909E-03   0.2730707E-08   0.1602936E-03
    14125.00  0.1592519E-03   0.2710488E-08   0.1592546E-03
    14175.00  0.1585987E-03   0.2697182E-08   0.1586014E-03
    14225.00  0.1573597E-03   0.2683982E-08   0.1573624E-03
    14275.00  0.1562222E-03   0.2670885E-08   0.1562249E-03
    14325.00  0.1559787E-03   0.2657892E-08   0.1559814E-03
    14375.00  0.1553748E-03   0.2645000E-08   0.1553774E-03
    14425.00  0.1537478E-03   0.2632209E-08   0.1537504E-03
    14475.00  0.1539014E-03   0.2619518E-08   0.1539040E-03
    14525.00  0.1526673E-03   0.2606926E-08   0.1526699E-03
    14570.00  0.1519667E-03   0.2595676E-08   0.1519693E-03
    14620.00  0.1518078E-03   0.2219651E-08   0.1518100E-03
    14675.00  0.1510168E-03   0.2208249E-08   0.1510190E-03
    14725.00  0.1499289E-03   0.2196334E-08   0.1499311E-03
    14775.00  0.1496111E-03   0.2186139E-08   0.1496133E-03
    14825.00  0.1489576E-03   0.2176022E-08   0.1489598E-03
    14875.00  0.1473330E-03   0.2165983E-08   0.1473352E-03
    14925.00  0.1479058E-03   0.2156021E-08   0.1479080E-03
    14975.00  0.1471104E-03   0.2146135E-08   0.1471125E-03
    15025.00  0.1449653E-03   0.2136323E-08   0.1449674E-03
    15075.00  0.1448280E-03   0.2126587E-08   0.1448301E-03
    15125.00  0.1455560E-03   0.2116924E-08   0.1455581E-03
    15175.00  0.1449605E-03   0.2107334E-08   0.1449626E-03
    15225.00  0.1443487E-03   0.2097816E-08   0.1443508E-03
    15275.00  0.1437717E-03   0.2088369E-08   0.1437738E-03
    15325.00  0.1432286E-03   0.2078993E-08   0.1432307E-03
    15375.00  0.1431134E-03   0.2069687E-08   0.1431155E-03
    15425.00  0.1425048E-03   0.2060450E-08   0.1425069E-03
    15475.00  0.1424344E-03   0.2051282E-08   0.1424365E-03
    15525.00  0.1417606E-03   0.2042181E-08   0.1417626E-03
    15575.00  0.1403864E-03   0.2033148E-08   0.1403884E-03
    15625.00  0.1409595E-03   0.2024180E-08   0.1409615E-03
    15675.00  0.1400726E-03   0.2015279E-08   0.1400746E-03
    15725.00  0.1390637E-03   0.2006443E-08   0.1390657E-03
    15775.00  0.1380285E-03   0.1997671E-08   0.1380305E-03
    15825.00  0.1385766E-03   0.1988962E-08   0.1385786E-03
    15875.00  0.1363398E-03   0.1980317E-08   0.1363418E-03
    15925.00  0.1381179E-03   0.1971735E-08   0.1381199E-03
    15975.00  0.1374267E-03   0.1963214E-08   0.1374287E-03
    16050.00  0.1366574E-03   0.1950547E-08   0.1366594E-03
    16150.00  0.1348044E-03   0.1933870E-08   0.1348063E-03
    16250.00  0.1344984E-03   0.1917428E-08   0.1345003E-03
    16350.00  0.1325909E-03   0.1901219E-08   0.1325928E-03
    16450.00  0.1291276E-03   0.1885238E-08   0.1291295E-03
    16550.00  0.1286161E-03   0.1869479E-08   0.1286180E-03
    16650.00  0.1258573E-03   0.1853939E-08   0.1258592E-03
    16750.00  0.1230119E-03   0.1838614E-08   0.1230137E-03
    16850.00  0.1200598E-03   0.1823499E-08   0.1200616E-03
    16950.00  0.1192948E-03   0.1808591E-08   0.1192966E-03
    17050.00  0.1168593E-03   0.1793886E-08   0.1168611E-03
    17150.00  0.1147069E-03   0.1779379E-08   0.1147087E-03
    17250.00  0.1126084E-03   0.1765068E-08   0.1126102E-03
    17350.00  0.1092181E-03   0.1750948E-08   0.1092199E-03
    17450.00  0.1084029E-03   0.1737017E-08   0.1084046E-03
    17550.00  0.1067302E-03   0.1723270E-08   0.1067319E-03
    17650.00  0.1048529E-03   0.1709704E-08   0.1048546E-03
    17750.00  0.1029499E-03   0.1696316E-08   0.1029516E-03
    17850.00  0.1011632E-03   0.1683103E-08   0.1011649E-03
    17950.00  0.9936854E-04   0.1670062E-08   0.9937021E-04
    18050.00  0.9746541E-04   0.1657189E-08   0.9746707E-04
    18150.00  0.9474691E-04   0.1644482E-08   0.9474855E-04
    18250.00  0.9382101E-04   0.1631938E-08   0.9382264E-04
    18350.00  0.9252101E-04   0.1619565E-08   0.9252263E-04
    18450.00  0.9078642E-04   0.1607348E-08   0.9078803E-04
    18550.00  0.8934364E-04   0.1569376E-08   0.8934521E-04
    18650.00  0.8762829E-04   0.1557688E-08   0.8762985E-04
    18750.00  0.8462644E-04   0.1546145E-08   0.8462799E-04
    18850.00  0.8469058E-04   0.1534746E-08   0.8469211E-04
    18950.00  0.8300627E-04   0.1523486E-08   0.8300779E-04
    19050.00  0.8204595E-04   0.1512364E-08   0.8204746E-04
    19150.00  0.8061289E-04   0.1501378E-08   0.8061439E-04
    19250.00  0.7930635E-04   0.1490526E-08   0.7930784E-04
    19350.00  0.7769558E-04   0.1479804E-08   0.7769706E-04
    19450.00  0.7540769E-04   0.1469212E-08   0.7540916E-04
    19550.00  0.7517475E-04   0.1458746E-08   0.7517621E-04
    19650.00  0.7413666E-04   0.1448405E-08   0.7413811E-04
    19750.00  0.7248259E-04   0.1438186E-08   0.7248403E-04
    19850.00  0.7149807E-04   0.1428089E-08   0.7149950E-04
    19950.00  0.7050923E-04   0.1418110E-08   0.7051065E-04
    20050.00  0.6953883E-04   0.1408248E-08   0.6954024E-04
    20150.00  0.6844009E-04   0.1398501E-08   0.6844149E-04
    20250.00  0.6726570E-04   0.1388765E-08   0.6726709E-04
    20350.00  0.6617120E-04   0.1379244E-08   0.6617258E-04
    20450.00  0.6522666E-04   0.1369832E-08   0.6522803E-04
    20550.00  0.6418211E-04   0.1360528E-08   0.6418347E-04
    20650.00  0.6308306E-04   0.1351331E-08   0.6308441E-04
    20750.00  0.6216564E-04   0.1342238E-08   0.6216698E-04
    20850.00  0.6120975E-04   0.1333247E-08   0.6121108E-04
    20950.00  0.6017679E-04   0.1324358E-08   0.6017811E-04
    21050.00  0.5932764E-04   0.1315569E-08   0.5932896E-04
    21150.00  0.5837934E-04   0.1306878E-08   0.5838065E-04
    21250.00  0.5749324E-04   0.1298283E-08   0.5749454E-04
    21350.00  0.5663120E-04   0.1289784E-08   0.5663249E-04
    21450.00  0.5577450E-04   0.1281378E-08   0.5577578E-04
    21550.00  0.5485900E-04   0.1273015E-08   0.5486027E-04
    21650.00  0.5344782E-04   0.1264793E-08   0.5344908E-04
    21750.00  0.5312457E-04   0.1256661E-08   0.5312583E-04
    21850.00  0.5239550E-04   0.1248617E-08   0.5239675E-04
    21950.00  0.5165381E-04   0.1240661E-08   0.5165505E-04
    22050.00  0.5071073E-04   0.1232789E-08   0.5071196E-04
    22150.00  0.5013559E-04   0.1225002E-08   0.5013682E-04
    22250.00  0.4926286E-04   0.1216360E-08   0.4926408E-04
    22350.00  0.4860505E-04   0.1208748E-08   0.4860626E-04
    22450.00  0.4790754E-04   0.1201216E-08   0.4790874E-04
    22550.00  0.4720931E-04   0.1193764E-08   0.4721050E-04
    22650.00  0.4649237E-04   0.1186391E-08   0.4649356E-04
    22750.00  0.4582702E-04   0.1179094E-08   0.4582820E-04
    22850.00  0.4512698E-04   0.1093867E-08   0.4512807E-04
    22950.00  0.4155771E-04   0.1087069E-08   0.4155880E-04
    23050.00  0.4247362E-04   0.1080580E-08   0.4247470E-04
    23150.00  0.4212366E-04   0.1074158E-08   0.4212473E-04
    23250.00  0.3887715E-04   0.1067802E-08   0.3887822E-04
    23350.00  0.4006570E-04   0.1061510E-08   0.4006676E-04
    23450.00  0.3996056E-04   0.1055282E-08   0.3996162E-04
    23550.00  0.3692223E-04   0.1049116E-08   0.3692328E-04
    23650.00  0.3805517E-04   0.1043013E-08   0.3805621E-04
    23750.00  0.3799589E-04   0.1036970E-08   0.3799693E-04
    23850.00  0.3538735E-04   0.1030988E-08   0.3538838E-04
    23950.00  0.3621732E-04   0.1025065E-08   0.3621835E-04
    24050.00  0.3622424E-04   0.1019200E-08   0.3622526E-04
    24150.00  0.3421808E-04   0.1013394E-08   0.3421909E-04
    24250.00  0.3471320E-04   0.1007644E-08   0.3471421E-04
    24350.00  0.3466113E-04   0.1001950E-08   0.3466213E-04
    24450.00  0.3335441E-04   0.9963117E-09   0.3335541E-04
    24550.00  0.3304245E-04   0.9907281E-09   0.3304344E-04
    24650.00  0.3332991E-04   0.9851984E-09   0.3333090E-04
    24750.00  0.3243513E-04   0.9797219E-09   0.3243611E-04
    24850.00  0.3172791E-04   0.9742978E-09   0.3172888E-04
    24950.00  0.3183603E-04   0.9689256E-09   0.3183700E-04
    25050.00  0.3184550E-04   0.9636045E-09   0.3184646E-04
    25150.00  0.3057114E-04   0.9583337E-09   0.3057210E-04
    25250.00  0.3061847E-04   0.9531128E-09   0.3061942E-04
    25350.00  0.3048316E-04   0.9479409E-09   0.3048411E-04
    25450.00  0.2990364E-04   0.9428175E-09   0.2990458E-04
    25550.00  0.2956503E-04   0.9377420E-09   0.2956597E-04
    25650.00  0.2921316E-04   0.9327136E-09   0.2921409E-04
    25750.00  0.2904265E-04   0.9277319E-09   0.2904358E-04
    25850.00  0.2835652E-04   0.9227961E-09   0.2835744E-04
    25950.00  0.2825582E-04   0.9179058E-09   0.2825674E-04
    26050.00  0.2792107E-04   0.9130603E-09   0.2792198E-04
    26150.00  0.2746122E-04   0.9082591E-09   0.2746213E-04
    26250.00  0.2697214E-04   0.9035016E-09   0.2697304E-04
    26350.00  0.2690338E-04   0.8987872E-09   0.2690428E-04
    26450.00  0.2668438E-04   0.8941154E-09   0.2668527E-04
    26550.00  0.2630453E-04   0.8894857E-09   0.2630542E-04
    26650.00  0.2581124E-04   0.8848975E-09   0.2581212E-04
    26750.00  0.2565180E-04   0.8803504E-09   0.2565268E-04
    26850.00  0.2540038E-04   0.8758438E-09   0.2540126E-04
    26950.00  0.2507951E-04   0.8713771E-09   0.2508038E-04
    27050.00  0.2481815E-04   0.8669500E-09   0.2481902E-04
    27150.00  0.2449816E-04   0.8625619E-09   0.2449902E-04
    27250.00  0.2422918E-04   0.8582124E-09   0.2423004E-04
    27350.00  0.2387446E-04   0.8539009E-09   0.2387531E-04
    27450.00  0.2361495E-04   0.8496271E-09   0.2361580E-04
    27550.00  0.2322996E-04   0.8453904E-09   0.2323081E-04
    27650.00  0.2298662E-04   0.8347787E-09   0.2298745E-04
    27750.00  0.2275717E-04   0.8306556E-09   0.2275800E-04
    27850.00  0.2248818E-04   0.8265680E-09   0.2248901E-04
    27950.00  0.2223574E-04   0.8225154E-09   0.2223656E-04
    28050.00  0.2195142E-04   0.8184975E-09   0.2195224E-04
    28150.00  0.2167201E-04   0.8145137E-09   0.2167282E-04
    28250.00  0.2141588E-04   0.8105637E-09   0.2141669E-04
    28350.00  0.2115381E-04   0.8066471E-09   0.2115462E-04
    28450.00  0.2088140E-04   0.8027634E-09   0.2088220E-04
    28550.00  0.2061930E-04   0.7989124E-09   0.2062010E-04
    28650.00  0.2032486E-04   0.7950936E-09   0.2032566E-04
    28750.00  0.1997814E-04   0.7913067E-09   0.1997893E-04
    28850.00  0.1985562E-04   0.7875512E-09   0.1985641E-04
    28950.00  0.1962707E-04   0.7838269E-09   0.1962785E-04
    29050.00  0.1938972E-04   0.7801333E-09   0.1939050E-04
    29150.00  0.1914681E-04   0.7764701E-09   0.1914759E-04
    29250.00  0.1890260E-04   0.7728370E-09   0.1890337E-04
    29350.00  0.1869050E-04   0.7692336E-09   0.1869127E-04
    29450.00  0.1845588E-04   0.7656595E-09   0.1845665E-04
    29550.00  0.1823504E-04   0.7621145E-09   0.1823580E-04
    29650.00  0.1801024E-04   0.7585982E-09   0.1801100E-04
    29750.00  0.1779786E-04   0.7550923E-09   0.1779862E-04
    29850.00  0.1758034E-04   0.7516324E-09   0.1758109E-04
    29950.00  0.1737366E-04   0.7482003E-09   0.1737441E-04
    30050.00  0.1715848E-04   0.7447956E-09   0.1715922E-04
    30150.00  0.1695443E-04   0.7414181E-09   0.1695517E-04
    30250.00  0.1674279E-04   0.7380673E-09   0.1674353E-04
    30350.00  0.1643942E-04   0.7347431E-09   0.1644015E-04
    30450.00  0.1629732E-04   0.7314452E-09   0.1629805E-04
    30550.00  0.1615253E-04   0.7281732E-09   0.1615326E-04
    30650.00  0.1596647E-04   0.7249268E-09   0.1596719E-04
    30750.00  0.1578033E-04   0.7217059E-09   0.1578105E-04
    30850.00  0.1559254E-04   0.7185100E-09   0.1559326E-04
    30950.00  0.1541251E-04   0.7153390E-09   0.1541323E-04
    31050.00  0.1523536E-04   0.7121925E-09   0.1523607E-04
    31150.00  0.1503245E-04   0.7090704E-09   0.1503316E-04
    31250.00  0.1488498E-04   0.7059723E-09   0.1488569E-04
    31350.00  0.1470990E-04   0.7028889E-09   0.1471060E-04
    31450.00  0.1454030E-04   0.6998382E-09   0.1454100E-04
    31550.00  0.1436222E-04   0.6968108E-09   0.1436292E-04
    31650.00  0.1420331E-04   0.6938064E-09   0.1420400E-04
    31750.00  0.1404454E-04   0.6908248E-09   0.1404523E-04
    31850.00  0.1388448E-04   0.6878657E-09   0.1388517E-04
    31950.00  0.1373002E-04   0.6849289E-09   0.1373070E-04
    32100.00  0.1349444E-04   0.6803746E-09   0.1349512E-04
    32300.00  0.1318952E-04   0.6746348E-09   0.1319019E-04
    32500.00  0.1289826E-04   0.6689800E-09   0.1289893E-04
    32700.00  0.1260801E-04   0.6634085E-09   0.1260867E-04
    32900.00  0.1227008E-04   0.6359125E-09   0.1227072E-04
    33100.00  0.1204288E-04   0.6306898E-09   0.1204351E-04
    33300.00  0.1179266E-04   0.6255923E-09   0.1179329E-04
    33500.00  0.1154202E-04   0.6205676E-09   0.1154264E-04
    33700.00  0.1129297E-04   0.6156145E-09   0.1129359E-04
    33900.00  0.1104030E-04   0.6107313E-09   0.1104091E-04
    34100.00  0.1080763E-04   0.6059169E-09   0.1080824E-04
    34300.00  0.1058894E-04   0.6011697E-09   0.1058954E-04
    34500.00  0.1036835E-04   0.5964885E-09   0.1036895E-04
    34700.00  0.1015053E-04   0.5918720E-09   0.1015112E-04
    34900.00  0.9938583E-05   0.5873189E-09   0.9939170E-05
    35100.00  0.9734162E-05   0.5828281E-09   0.9734745E-05
    35300.00  0.9536131E-05   0.5783983E-09   0.9536709E-05
    35500.00  0.9339659E-05   0.5740283E-09   0.9340233E-05
    35700.00  0.9147898E-05   0.5697171E-09   0.9148468E-05
    35900.00  0.8967201E-05   0.5654635E-09   0.8967766E-05
    36100.00  0.8785066E-05   0.5612665E-09   0.8785627E-05
    36300.00  0.8612275E-05   0.5571249E-09   0.8612832E-05
    36500.00  0.8434401E-05   0.5530378E-09   0.8434954E-05
    36700.00  0.8272621E-05   0.5490042E-09   0.8273170E-05
    36900.00  0.8099256E-05   0.5450230E-09   0.8099801E-05
    37100.00  0.7948744E-05   0.5410934E-09   0.7949285E-05
    37300.00  0.7780017E-05   0.5372143E-09   0.7780554E-05
    37500.00  0.7610375E-05   0.5333849E-09   0.7610908E-05
    37700.00  0.7495155E-05   0.5296042E-09   0.7495685E-05
    37900.00  0.7352650E-05   0.5258715E-09   0.7353176E-05
    38100.00  0.7202645E-05   0.5221858E-09   0.7203167E-05
    38300.00  0.7068387E-05   0.5185463E-09   0.7068906E-05
    38500.00  0.6941098E-05   0.5149522E-09   0.6941613E-05
    38700.00  0.6804181E-05   0.5094175E-09   0.6804690E-05
    38900.00  0.6674151E-05   0.5059307E-09   0.6674657E-05
    39100.00  0.6542126E-05   0.5024868E-09   0.6542628E-05
    39300.00  0.6432029E-05   0.4990849E-09   0.6432528E-05
    39500.00  0.6311523E-05   0.4957243E-09   0.6312019E-05
    39700.00  0.6198653E-05   0.4924044E-09   0.6199145E-05
    39900.00  0.6078478E-05   0.4891243E-09   0.6078967E-05
    40100.00  0.5962125E-05   0.4858836E-09   0.5962611E-05
    40300.00  0.5852652E-05   0.4826814E-09   0.5853135E-05
    40500.00  0.5727982E-05   0.4795172E-09   0.5728462E-05
    40700.00  0.5647365E-05   0.4763903E-09   0.5647841E-05
    40900.00  0.5548168E-05   0.4733000E-09   0.5548641E-05
    41100.00  0.5448820E-05   0.4702420E-09   0.5449290E-05
    41300.00  0.5349961E-05   0.4672233E-09   0.5350428E-05
    41500.00  0.5254570E-05   0.4642396E-09   0.5255034E-05
    41700.00  0.5146271E-05   0.4612902E-09   0.5146732E-05
    41900.00  0.5070494E-05   0.4583746E-09   0.5070952E-05
    42100.00  0.4978852E-05   0.4554923E-09   0.4979307E-05
    42300.00  0.4894367E-05   0.4526426E-09   0.4894820E-05
    42500.00  0.4809986E-05   0.4498251E-09   0.4810436E-05
    42700.00  0.4729035E-05   0.4470393E-09   0.4729482E-05
    42900.00  0.4508651E-05   0.4442846E-09   0.4509095E-05
    43100.00  0.4309536E-05   0.4415582E-09   0.4309978E-05
    43300.00  0.4296772E-05   0.4388643E-09   0.4297211E-05
    43500.00  0.4085294E-05   0.4362000E-09   0.4085730E-05
    43700.00  0.3957335E-05   0.4335650E-09   0.3957769E-05
    43900.00  0.3886848E-05   0.4309100E-09   0.3887279E-05
    44100.00  0.3713161E-05   0.4283330E-09   0.3713589E-05
    44300.00  0.3644372E-05   0.4257839E-09   0.3644798E-05
    44500.00  0.3569199E-05   0.4232622E-09   0.3569622E-05
    44700.00  0.3432996E-05   0.4190588E-09   0.3433415E-05
    44900.00  0.3433524E-05   0.4107705E-09   0.3433935E-05
    45100.00  0.3332175E-05   0.4083905E-09   0.3332583E-05
    45300.00  0.3241625E-05   0.4060356E-09   0.3242031E-05
    45500.00  0.3226163E-05   0.4037054E-09   0.3226567E-05
    45700.00  0.3197446E-05   0.4013996E-09   0.3197847E-05
    45900.00  0.3070777E-05   0.3991178E-09   0.3071176E-05
    46100.00  0.3091572E-05   0.3968596E-09   0.3091969E-05
    46300.00  0.3032226E-05   0.3946247E-09   0.3032621E-05
    46500.00  0.3005247E-05   0.3924127E-09   0.3005639E-05
    46700.00  0.2983722E-05   0.3902234E-09   0.2984112E-05
    46900.00  0.2938004E-05   0.3880563E-09   0.2938392E-05
    47100.00  0.2888856E-05   0.3859113E-09   0.2889242E-05
    47300.00  0.2898932E-05   0.3837878E-09   0.2899316E-05
    47500.00  0.2821477E-05   0.3816858E-09   0.2821859E-05
    47700.00  0.2794990E-05   0.3796047E-09   0.2795370E-05
    47900.00  0.2764415E-05   0.3775444E-09   0.2764793E-05
    48100.00  0.2688648E-05   0.3755046E-09   0.2689024E-05
    48300.00  0.2704470E-05   0.3734848E-09   0.2704843E-05
    48500.00  0.2654318E-05   0.3714850E-09   0.2654689E-05
    48700.00  0.2592479E-05   0.3695048E-09   0.2592849E-05
    48900.00  0.2560075E-05   0.3675439E-09   0.2560443E-05
    49100.00  0.2531328E-05   0.3656020E-09   0.2531694E-05
    49300.00  0.2488742E-05   0.3636790E-09   0.2489106E-05
    49500.00  0.2448263E-05   0.3617744E-09   0.2448625E-05
    49700.00  0.2428734E-05   0.3598882E-09   0.2429094E-05
    49900.00  0.2395906E-05   0.3580200E-09   0.2396264E-05
    50100.00  0.2364361E-05   0.3561695E-09   0.2364717E-05
    50300.00  0.2335375E-05   0.3543366E-09   0.2335729E-05
    50500.00  0.2279064E-05   0.3525211E-09   0.2279417E-05
    50700.00  0.2260101E-05   0.3507225E-09   0.2260452E-05
    50900.00  0.2241896E-05   0.3489409E-09   0.2242245E-05
    51100.00  0.2194825E-05   0.3471759E-09   0.2195172E-05
    51300.00  0.2175160E-05   0.3454272E-09   0.2175505E-05
    51500.00  0.2140194E-05   0.3429610E-09   0.2140537E-05
    51700.00  0.2136576E-05   0.3412498E-09   0.2136917E-05
    51900.00  0.2088965E-05   0.3395544E-09   0.2089305E-05
    52100.00  0.2068246E-05   0.3378744E-09   0.2068584E-05
    52300.00  0.2036622E-05   0.3362097E-09   0.2036958E-05
    52500.00  0.2022453E-05   0.3345601E-09   0.2022788E-05
    52700.00  0.2008491E-05   0.3329254E-09   0.2008824E-05
    52900.00  0.1959403E-05   0.3313055E-09   0.1959734E-05
    53100.00  0.1939479E-05   0.3297000E-09   0.1939809E-05
    53300.00  0.1920220E-05   0.3281089E-09   0.1920548E-05
    53500.00  0.1900257E-05   0.3265320E-09   0.1900584E-05
    53700.00  0.1878968E-05   0.3249690E-09   0.1879293E-05
    53900.00  0.1858224E-05   0.3234198E-09   0.1858547E-05
    54100.00  0.1834556E-05   0.3218843E-09   0.1834878E-05
    54300.00  0.1799809E-05   0.3203613E-09   0.1800129E-05
    54500.00  0.1790534E-05   0.3188525E-09   0.1790853E-05
    54700.00  0.1765866E-05   0.3173568E-09   0.1766183E-05
    54900.00  0.1741871E-05   0.3158741E-09   0.1742187E-05
    55100.00  0.1720934E-05   0.3144041E-09   0.1721248E-05
    55300.00  0.1718470E-05   0.3129468E-09   0.1718783E-05
    55500.00  0.1675053E-05   0.3115020E-09   0.1675365E-05
    55700.00  0.1671587E-05   0.3100696E-09   0.1671897E-05
    55900.00  0.1643585E-05   0.3086493E-09   0.1643894E-05
    56100.00  0.1626046E-05   0.3072410E-09   0.1626353E-05
    56300.00  0.1600141E-05   0.3058446E-09   0.1600447E-05
    56500.00  0.1589936E-05   0.3044593E-09   0.1590240E-05
    56700.00  0.1569495E-05   0.3030862E-09   0.1569798E-05
    56900.00  0.1542788E-05   0.3017246E-09   0.1543090E-05
    57100.00  0.1533551E-05   0.3003743E-09   0.1533851E-05
    57300.00  0.1513231E-05   0.2990352E-09   0.1513530E-05
    57500.00  0.1495175E-05   0.2976920E-09   0.1495473E-05
    57700.00  0.1475327E-05   0.2963750E-09   0.1475623E-05
    57900.00  0.1462927E-05   0.2950689E-09   0.1463222E-05
    58100.00  0.1440423E-05   0.2937735E-09   0.1440717E-05
    58300.00  0.1424133E-05   0.2924886E-09   0.1424425E-05
    58500.00  0.1408935E-05   0.2882305E-09   0.1409223E-05
    58700.00  0.1388342E-05   0.2869809E-09   0.1388629E-05
    58900.00  0.1372520E-05   0.2857460E-09   0.1372806E-05
    59100.00  0.1353170E-05   0.2845210E-09   0.1353455E-05
    59300.00  0.1340503E-05   0.2833058E-09   0.1340786E-05
    59500.00  0.1324181E-05   0.2821002E-09   0.1324463E-05
    59700.00  0.1311073E-05   0.2809041E-09   0.1311354E-05
    59900.00  0.1294624E-05   0.2797175E-09   0.1294904E-05
    60100.00  0.1279948E-05   0.2785403E-09   0.1280227E-05
    60300.00  0.1264042E-05   0.2773722E-09   0.1264319E-05
    60500.00  0.1246278E-05   0.2762133E-09   0.1246554E-05
    60700.00  0.1231839E-05   0.2750635E-09   0.1232114E-05
    60900.00  0.1218152E-05   0.2739225E-09   0.1218426E-05
    61100.00  0.1201951E-05   0.2727904E-09   0.1202224E-05
    61300.00  0.1189104E-05   0.2716670E-09   0.1189376E-05
    61500.00  0.1175295E-05   0.2705522E-09   0.1175566E-05
    61700.00  0.1162496E-05   0.2694460E-09   0.1162765E-05
    61900.00  0.1148964E-05   0.2683482E-09   0.1149232E-05
    62100.00  0.1135738E-05   0.2672587E-09   0.1136005E-05
    62300.00  0.1121573E-05   0.2661775E-09   0.1121839E-05
    62500.00  0.1106829E-05   0.2651045E-09   0.1107094E-05
    62700.00  0.1094344E-05   0.2640396E-09   0.1094608E-05
    62900.00  0.1081515E-05   0.2629826E-09   0.1081778E-05
    63100.00  0.1069014E-05   0.2619336E-09   0.1069276E-05
    63300.00  0.1057555E-05   0.2608923E-09   0.1057816E-05
    63500.00  0.1044168E-05   0.2598589E-09   0.1044428E-05
    63700.00  0.1033689E-05   0.2588330E-09   0.1033948E-05
    63900.00  0.1019158E-05   0.2578148E-09   0.1019416E-05
    64200.00  0.1002699E-05   0.2563014E-09   0.1002955E-05
    64600.00  0.9794190E-06   0.2543094E-09   0.9796733E-06
    65000.00  0.9572201E-06   0.2523462E-09   0.9574724E-06
    65400.00  0.9350645E-06   0.2504113E-09   0.9353149E-06
    65800.00  0.9142838E-06   0.2485041E-09   0.9145323E-06
    66200.00  0.8931506E-06   0.2463188E-09   0.8933969E-06
    66600.00  0.8729114E-06   0.2444688E-09   0.8731559E-06
    67000.00  0.8536093E-06   0.2426449E-09   0.8538519E-06
    67400.00  0.8342507E-06   0.2408463E-09   0.8344915E-06
    67800.00  0.8156331E-06   0.2390727E-09   0.8158722E-06
    68200.00  0.7975353E-06   0.2373236E-09   0.7977726E-06
    68600.00  0.7798329E-06   0.2355985E-09   0.7800685E-06
    69000.00  0.7625776E-06   0.2338968E-09   0.7628115E-06
    69400.00  0.7459122E-06   0.2322177E-09   0.7461444E-06
    69800.00  0.7295636E-06   0.2305616E-09   0.7297942E-06
    70200.00  0.7136931E-06   0.2289277E-09   0.7139220E-06
    70600.00  0.6984015E-06   0.2273156E-09   0.6986288E-06
    71000.00  0.6832581E-06   0.2257247E-09   0.6834838E-06
    71400.00  0.6686263E-06   0.2241548E-09   0.6688505E-06
    71800.00  0.6543919E-06   0.2226052E-09   0.6546145E-06
    72200.00  0.6405737E-06   0.2210759E-09   0.6407948E-06
    72600.00  0.6269728E-06   0.2195663E-09   0.6271924E-06
    73000.00  0.6138774E-06   0.2180706E-09   0.6140955E-06
    73400.00  0.6010450E-06   0.2165995E-09   0.6012616E-06
    73800.00  0.5885544E-06   0.2151470E-09   0.5887695E-06
    74200.00  0.5763783E-06   0.2124018E-09   0.5765907E-06
    74600.00  0.5635016E-06   0.2109992E-09   0.5637126E-06
    75000.00  0.5519833E-06   0.2096140E-09   0.5521929E-06
    75400.00  0.5416512E-06   0.2082459E-09   0.5418594E-06
    75800.00  0.5307942E-06   0.2068947E-09   0.5310011E-06
    76200.00  0.5201679E-06   0.2055601E-09   0.5203735E-06
    76600.00  0.5096581E-06   0.2042417E-09   0.5098623E-06
    77000.00  0.4995434E-06   0.2029393E-09   0.4997463E-06
    77400.00  0.4895432E-06   0.2016526E-09   0.4897449E-06
    77800.00  0.4798194E-06   0.2003813E-09   0.4800198E-06
    78200.00  0.4703463E-06   0.1991251E-09   0.4705454E-06
    78600.00  0.4611714E-06   0.1978839E-09   0.4613693E-06
    79000.00  0.4522445E-06   0.1966573E-09   0.4524412E-06
    79400.00  0.4434506E-06   0.1954451E-09   0.4436460E-06
    79800.00  0.4349404E-06   0.1942470E-09   0.4351346E-06
    80200.00  0.4264745E-06   0.1930629E-09   0.4266676E-06
    80600.00  0.4184420E-06   0.1918924E-09   0.4186339E-06
    81000.00  0.4104529E-06   0.1907354E-09   0.4106436E-06
    81400.00  0.4026743E-06   0.1895916E-09   0.4028639E-06
    81800.00  0.3950735E-06   0.1884608E-09   0.3952620E-06
    82200.00  0.3876181E-06   0.1873428E-09   0.3878054E-06
    82600.00  0.3804878E-06   0.1860966E-09   0.3806739E-06
    83000.00  0.3733445E-06   0.1850049E-09   0.3735295E-06
    83400.00  0.3664723E-06   0.1839253E-09   0.3666562E-06
    83800.00  0.3596886E-06   0.1828576E-09   0.3598715E-06
    84200.00  0.3531356E-06   0.1818018E-09   0.3533174E-06
    84600.00  0.3466004E-06   0.1807575E-09   0.3467812E-06
    85000.00  0.3404347E-06   0.1797246E-09   0.3406144E-06
    85400.00  0.3341850E-06   0.1787030E-09   0.3343637E-06
    85800.00  0.3282120E-06   0.1776924E-09   0.3283897E-06
    86200.00  0.3223286E-06   0.1766924E-09   0.3225053E-06
    86600.00  0.3165876E-06   0.1757034E-09   0.3167633E-06
    87000.00  0.3109245E-06   0.1747249E-09   0.3110992E-06
    87400.00  0.3054232E-06   0.1737568E-09   0.3055970E-06
    87800.00  0.3001122E-06   0.1727989E-09   0.3002850E-06
    88200.00  0.2948132E-06   0.1718510E-09   0.2949851E-06
    88600.00  0.2896732E-06   0.1709131E-09   0.2898441E-06
    89000.00  0.2845674E-06   0.1699848E-09   0.2847374E-06
    89400.00  0.2797264E-06   0.1690662E-09   0.2798955E-06
    89800.00  0.2748471E-06   0.1681570E-09   0.2750153E-06
    90200.00  0.2701745E-06   0.1672550E-09   0.2703418E-06
    90600.00  0.2655978E-06   0.1663645E-09   0.2657642E-06
    91000.00  0.2610027E-06   0.1654830E-09   0.2611682E-06
    91400.00  0.2566436E-06   0.1639810E-09   0.2568076E-06
    91800.00  0.2522964E-06   0.1631218E-09   0.2524595E-06
    92200.00  0.2480473E-06   0.1622718E-09   0.2482096E-06
    92600.00  0.2438939E-06   0.1614303E-09   0.2440553E-06
    93000.00  0.2398664E-06   0.1605972E-09   0.2400270E-06
    93400.00  0.2357921E-06   0.1597723E-09   0.2359519E-06
    93800.00  0.2319752E-06   0.1589554E-09   0.2321342E-06
    94200.00  0.2281574E-06   0.1581466E-09   0.2283155E-06
    94600.00  0.2244359E-06   0.1573456E-09   0.2245932E-06
    95000.00  0.2208115E-06   0.1565524E-09   0.2209681E-06
    95400.00  0.2171509E-06   0.1557669E-09   0.2173067E-06
    95800.00  0.2136250E-06   0.1549889E-09   0.2137800E-06
    96200.00  0.2102649E-06   0.1542183E-09   0.2104191E-06
    96600.00  0.2068456E-06   0.1534551E-09   0.2069991E-06
    97000.00  0.2035323E-06   0.1526991E-09   0.2036850E-06
    97400.00  0.2002951E-06   0.1519503E-09   0.2004471E-06
    97800.00  0.1971154E-06   0.1512085E-09   0.1972666E-06
    98200.00  0.1940019E-06   0.1504736E-09   0.1941524E-06
    98600.00  0.1909722E-06   0.1497456E-09   0.1911219E-06
    99000.00  0.1879643E-06   0.1490243E-09   0.1881133E-06
    99400.00  0.1849561E-06   0.1483097E-09   0.1851044E-06
    99800.00  0.1821468E-06   0.1476017E-09   0.1822944E-06
   100200.00  0.1793056E-06   0.3127346E-10   0.1793369E-06
   200000.00  0.1183081E-07   0.7849670E-11   0.1183866E-07
   400000.00  0.7517052E-09   0.1962417E-11   0.7536676E-09
   600000.00  0.1485257E-09   0.8721855E-12   0.1493979E-09
   800000.00  0.4688361E-10   0.4906044E-12   0.4737421E-10
  1000000.00  0.1914282E-10   0.3139868E-12   0.1945681E-10
  1200000.00  0.9196055E-11   0.2180464E-12   0.9414101E-11
  1400000.00  0.4942494E-11   0.1601973E-12   0.5102691E-11
  1600000.00  0.2887942E-11   0.1226511E-12   0.3010593E-11
