       91.00  0.5434130E-30   0.0000000E+00   0.5434130E-30
       94.00  0.5434130E-30   0.0000000E+00   0.5434130E-30
       96.00  0.5434130E-30   0.0000000E+00   0.5434130E-30
       98.00  0.5434130E-30   0.0000000E+00   0.5434130E-30
      100.00  0.5434130E-30   0.0000000E+00   0.5434130E-30
      102.00  0.5434130E-30   0.0000000E+00   0.5434130E-30
      104.00  0.5434130E-30   0.0000000E+00   0.5434130E-30
      106.00  0.5434130E-30   0.0000000E+00   0.5434130E-30
      108.00  0.5434130E-30   0.0000000E+00   0.5434130E-30
      110.00  0.5434130E-30   0.0000000E+00   0.5434130E-30
      114.00  0.5434130E-30   0.0000000E+00   0.5434130E-30
      118.00  0.5434130E-30   0.0000000E+00   0.5434130E-30
      121.00  0.5434130E-30   0.0000000E+00   0.5434130E-30
      125.00  0.5434130E-30   0.0000000E+00   0.5434130E-30
      127.00  0.5434130E-30   0.0000000E+00   0.5434130E-30
      128.00  0.5434130E-30   0.0000000E+00   0.5434130E-30
      131.00  0.5434130E-30   0.0000000E+00   0.5434130E-30
      132.00  0.5434130E-30   0.0000000E+00   0.5434130E-30
      134.00  0.5434130E-30   0.0000000E+00   0.5434130E-30
      137.00  0.5434130E-30   0.0000000E+00   0.5434130E-30
      140.00  0.5434130E-30   0.0000000E+00   0.5434130E-30
      143.00  0.5434130E-30   0.0000000E+00   0.5434130E-30
      147.00  0.5434130E-30   0.0000000E+00   0.5434130E-30
      151.00  0.5434130E-30   0.0000000E+00   0.5434130E-30
      155.00  0.5434130E-30   0.0000000E+00   0.5434130E-30
      159.00  0.5434130E-30   0.0000000E+00   0.5434130E-30
      162.00  0.5434130E-30   0.0000000E+00   0.5434130E-30
      166.00  0.5434130E-30   0.0000000E+00   0.5434130E-30
      170.00  0.5434130E-30   0.0000000E+00   0.5434130E-30
      173.00  0.5434130E-30   0.0000000E+00   0.5434130E-30
      177.00  0.5434130E-30   0.0000000E+00   0.5434130E-30
      180.00  0.5434130E-30   0.0000000E+00   0.5434130E-30
      182.00  0.5434130E-30   0.0000000E+00   0.5434130E-30
      186.00  0.5434130E-30   0.0000000E+00   0.5434130E-30
      191.00  0.5434130E-30   0.0000000E+00   0.5434130E-30
      194.00  0.5434130E-30   0.0000000E+00   0.5434130E-30
      198.00  0.5434130E-30   0.0000000E+00   0.5434130E-30
      202.00  0.5434130E-30   0.0000000E+00   0.5434130E-30
      205.00  0.5434130E-30   0.0000000E+00   0.5434130E-30
      210.00  0.5434130E-30   0.0000000E+00   0.5434130E-30
      216.00  0.5434130E-30   0.0000000E+00   0.5434130E-30
      220.00  0.5434130E-30   0.0000000E+00   0.5434130E-30
      223.00  0.5434130E-30   0.0000000E+00   0.5434130E-30
      227.00  0.5434130E-30   0.0000000E+00   0.5434130E-30
      228.00  0.5434130E-30   0.0000000E+00   0.5434130E-30
      228.00  0.5791615E-18   0.0000000E+00   0.5791615E-18
      230.00  0.2073246E-17   0.0000000E+00   0.2073246E-17
      234.00  0.5061415E-17   0.0000000E+00   0.5061415E-17
      240.00  0.1365814E-16   0.0000000E+00   0.1365814E-16
      246.00  0.3769911E-16   0.0000000E+00   0.3769911E-16
      252.00  0.9073149E-16   0.0000000E+00   0.9073149E-16
      257.00  0.1633438E-15   0.0000000E+00   0.1633438E-15
      260.00  0.2733003E-15   0.0000000E+00   0.2733003E-15
      264.00  0.4644640E-15   0.0000000E+00   0.4644640E-15
      269.00  0.8269364E-15   0.0000000E+00   0.8269364E-15
      274.00  0.1534381E-14   0.0000000E+00   0.1534381E-14
      279.00  0.2813561E-14   0.0000000E+00   0.2813561E-14
      284.00  0.5563201E-14   0.0000000E+00   0.5563201E-14
      290.00  0.1076354E-13   0.0000000E+00   0.1076354E-13
      296.00  0.2034056E-13   0.0000000E+00   0.2034056E-13
      301.00  0.3377389E-13   0.0000000E+00   0.3377389E-13
      308.00  0.6853934E-13   0.0000000E+00   0.6853934E-13
      318.00  0.1800534E-12   0.0000000E+00   0.1800534E-12
      328.00  0.4188329E-12   0.0000000E+00   0.4188329E-12
      338.00  0.9783948E-12   0.0000000E+00   0.9783948E-12
      348.00  0.2111981E-11   0.0000000E+00   0.2111981E-11
      353.30  0.2945518E-11   0.0000000E+00   0.2945518E-11
      353.30  0.4104856E-11   0.0000000E+00   0.4104856E-11
      357.00  0.6650105E-11   0.0000000E+00   0.6650105E-11
      366.00  0.1284123E-10   0.0000000E+00   0.1284123E-10
      375.00  0.2179161E-10   0.0000000E+00   0.2179161E-10
      385.00  0.3945490E-10   0.0000000E+00   0.3945490E-10
      395.00  0.7209913E-10   0.0000000E+00   0.7209913E-10
      405.00  0.1213292E-09   0.0000000E+00   0.1213292E-09
      414.00  0.1936502E-09   0.0000000E+00   0.1936502E-09
      422.00  0.2877556E-09   0.0000000E+00   0.2877556E-09
      430.00  0.4286726E-09   0.0000000E+00   0.4286726E-09
      441.00  0.7035622E-09   0.0000000E+00   0.7035622E-09
      451.00  0.1058743E-08   0.0000000E+00   0.1058743E-08
      460.00  0.1505296E-08   0.0000000E+00   0.1505296E-08
      470.00  0.2252226E-08   0.0000000E+00   0.2252226E-08
      480.00  0.3265075E-08   0.0000000E+00   0.3265075E-08
      490.00  0.4713583E-08   0.0000000E+00   0.4713583E-08
      500.00  0.6619781E-08   0.0000000E+00   0.6619781E-08
      504.60  0.7510414E-08   0.0000000E+00   0.7510414E-08
      504.60  0.5787148E-06   0.0000000E+00   0.5787148E-06
      506.00  0.8157554E-07   0.0000000E+00   0.8157554E-07
      512.00  0.1075854E-05   0.0000000E+00   0.1075854E-05
      520.00  0.1307300E-05   0.0000000E+00   0.1307300E-05
      530.00  0.1686865E-05   0.0000000E+00   0.1686865E-05
      540.00  0.1795395E-05   0.0000000E+00   0.1795395E-05
      550.00  0.3037857E-05   0.0000000E+00   0.3037857E-05
      560.00  0.3675980E-05   0.0000000E+00   0.3675980E-05
      570.00  0.4738529E-05   0.0000000E+00   0.4738529E-05
      580.00  0.4554254E-05   0.0000000E+00   0.4554254E-05
      590.00  0.6450928E-05   0.0000000E+00   0.6450928E-05
      600.00  0.7940550E-05   0.0000000E+00   0.7940550E-05
      610.00  0.9942986E-05   0.0000000E+00   0.9942986E-05
      620.00  0.1119968E-04   0.0000000E+00   0.1119968E-04
      630.00  0.1294128E-04   0.0000000E+00   0.1294128E-04
      640.00  0.1346895E-04   0.0000000E+00   0.1346895E-04
      650.00  0.1604067E-04   0.0000000E+00   0.1604067E-04
      658.00  0.1872682E-04   0.0000000E+00   0.1872682E-04
      665.00  0.1984257E-04   0.0000000E+00   0.1984257E-04
      675.00  0.2051613E-04   0.0000000E+00   0.2051613E-04
      685.00  0.2221149E-04   0.0000000E+00   0.2221149E-04
      695.00  0.2850640E-04   0.0000000E+00   0.2850640E-04
      705.00  0.3011242E-04   0.0000000E+00   0.3011242E-04
      716.00  0.3445228E-04   0.0000000E+00   0.3445228E-04
      726.00  0.3723973E-04   0.0000000E+00   0.3723973E-04
      735.00  0.3938776E-04   0.0000000E+00   0.3938776E-04
      745.00  0.4607789E-04   0.0000000E+00   0.4607789E-04
      755.00  0.5099888E-04   0.0000000E+00   0.5099888E-04
      765.00  0.5643348E-04   0.0000000E+00   0.5643348E-04
      775.00  0.6204841E-04   0.0000000E+00   0.6204841E-04
      785.00  0.6780735E-04   0.0000000E+00   0.6780735E-04
      795.00  0.7191012E-04   0.0000000E+00   0.7191012E-04
      805.00  0.7668998E-04   0.0000000E+00   0.7668998E-04
      815.00  0.8117980E-04   0.0000000E+00   0.8117980E-04
      825.00  0.9026149E-04   0.0000000E+00   0.9026149E-04
      835.00  0.7982164E-04   0.0000000E+00   0.7982164E-04
      845.00  0.9802493E-04   0.0000000E+00   0.9802493E-04
      855.00  0.1028557E-03   0.0000000E+00   0.1028557E-03
      865.00  0.1120577E-03   0.0000000E+00   0.1120577E-03
      875.00  0.1221664E-03   0.0000000E+00   0.1221664E-03
      885.00  0.1351942E-03   0.0000000E+00   0.1351942E-03
      895.00  0.1442424E-03   0.0000000E+00   0.1442424E-03
      905.00  0.1420347E-03   0.0000000E+00   0.1420347E-03
      912.40  0.1331544E-03   0.1729744E-16   0.1331544E-03
      912.40  0.1282725E-02   0.1729834E-16   0.1282725E-02
      915.00  0.2567095E-03   0.1981525E-16   0.2567095E-03
      925.00  0.2308741E-02   0.3316031E-16   0.2308741E-02
      935.00  0.5925765E-02   0.5487223E-16   0.5925765E-02
      945.00  0.1292989E-01   0.8981683E-16   0.1292989E-01
      955.00  0.1950718E-01   0.1454734E-15   0.1950718E-01
      965.00  0.1996548E-01   0.2332243E-15   0.1996548E-01
      975.00  0.2301565E-02   0.3702247E-15   0.2301565E-02
      985.00  0.1317498E-01   0.5820907E-15   0.1317498E-01
      995.00  0.1596715E-01   0.9067258E-15   0.1596715E-01
     1005.00  0.2642650E-01   0.1399725E-14   0.2642650E-01
     1015.00  0.2611369E-01   0.2141944E-14   0.2611369E-01
     1025.00  0.1125082E-01   0.3250002E-14   0.1125082E-01
     1035.00  0.1635706E-01   0.4890772E-14   0.1635706E-01
     1045.00  0.3463130E-01   0.7301181E-14   0.3463130E-01
     1055.00  0.3267354E-01   0.1081509E-13   0.3267354E-01
     1065.00  0.2341243E-01   0.1589955E-13   0.2341243E-01
     1075.00  0.2906674E-01   0.2320327E-13   0.2906674E-01
     1085.00  0.2084828E-01   0.3362112E-13   0.2084828E-01
     1095.00  0.3069443E-01   0.4837931E-13   0.3069443E-01
     1105.00  0.2723008E-01   0.6914712E-13   0.2723008E-01
     1115.00  0.2454729E-01   0.9818270E-13   0.2454729E-01
     1125.00  0.2059313E-01   0.1385221E-12   0.2059313E-01
     1135.00  0.2916603E-01   0.1942229E-12   0.2916603E-01
     1145.00  0.2571432E-01   0.2706764E-12   0.2571432E-01
     1155.00  0.2737734E-01   0.3750059E-12   0.2737734E-01
     1165.00  0.2739730E-01   0.5165709E-12   0.2739730E-01
     1175.00  0.1570823E-01   0.7076040E-12   0.1570823E-01
     1185.00  0.2705329E-01   0.9640092E-12   0.2705329E-01
     1195.00  0.1935611E-01   0.1306359E-11   0.1935611E-01
     1205.00  0.1095290E-01   0.1761135E-11   0.1095290E-01
     1215.00  0.9889555E-02   0.2362259E-11   0.9889555E-02
     1225.00  0.2018566E-01   0.5759688E-06   0.2018624E-01
     1235.00  0.2814146E-01   0.1098501E-05   0.2814256E-01
     1245.00  0.2893349E-01   0.1542527E-05   0.2893503E-01
     1255.00  0.2692249E-01   0.1921638E-05   0.2692441E-01
     1265.00  0.2437867E-01   0.2245908E-05   0.2438092E-01
     1275.00  0.2882205E-01   0.2523303E-05   0.2882457E-01
     1285.00  0.2926174E-01   0.2760324E-05   0.2926450E-01
     1295.00  0.2036888E-01   0.2962385E-05   0.2037184E-01
     1305.00  0.2164629E-01   0.3134049E-05   0.2164942E-01
     1315.00  0.2780557E-01   0.3279201E-05   0.2780885E-01
     1325.00  0.2525960E-01   0.3401170E-05   0.2526300E-01
     1335.00  0.2193395E-01   0.3502827E-05   0.2193745E-01
     1345.00  0.2634424E-01   0.3586658E-05   0.2634783E-01
     1355.00  0.2517379E-01   0.3654824E-05   0.2517744E-01
     1365.00  0.2163814E-01   0.3709210E-05   0.2164185E-01
     1375.00  0.2203170E-01   0.3751466E-05   0.2203545E-01
     1385.00  0.2195516E-01   0.3783038E-05   0.2195894E-01
     1395.00  0.1690917E-01   0.3805197E-05   0.1691298E-01
     1405.00  0.1809470E-01   0.3819064E-05   0.1809852E-01
     1415.00  0.1920491E-01   0.3825627E-05   0.1920874E-01
     1425.00  0.1961068E-01   0.3825759E-05   0.1961451E-01
     1435.00  0.1990124E-01   0.3820235E-05   0.1990506E-01
     1442.00  0.2072638E-01   0.3813374E-05   0.2073019E-01
     1447.00  0.2052838E-01   0.3807101E-05   0.2053219E-01
     1455.00  0.1976639E-01   0.3794887E-05   0.1977018E-01
     1465.00  0.1767466E-01   0.3776215E-05   0.1767844E-01
     1475.00  0.1808672E-01   0.3754209E-05   0.1809047E-01
     1485.00  0.1803573E-01   0.3729301E-05   0.1803946E-01
     1495.00  0.1789648E-01   0.3701876E-05   0.1790018E-01
     1505.00  0.1609690E-01   0.3672281E-05   0.1610057E-01
     1512.00  0.1379542E-01   0.3650441E-05   0.1379907E-01
     1517.00  0.1475157E-01   0.3634337E-05   0.1475520E-01
     1525.00  0.1505193E-01   0.3607792E-05   0.1505554E-01
     1535.00  0.1250563E-01   0.3573430E-05   0.1250920E-01
     1545.00  0.1284666E-01   0.3537970E-05   0.1285020E-01
     1555.00  0.1246670E-01   0.3501619E-05   0.1247020E-01
     1565.00  0.1316200E-01   0.3464568E-05   0.1316546E-01
     1575.00  0.1407146E-01   0.3426993E-05   0.1407489E-01
     1585.00  0.1459849E-01   0.3389054E-05   0.1460188E-01
     1595.00  0.1448251E-01   0.3350903E-05   0.1448586E-01
     1605.00  0.1476417E-01   0.3312682E-05   0.1476748E-01
     1615.00  0.1482299E-01   0.3274525E-05   0.1482626E-01
     1625.00  0.1399024E-01   0.3236561E-05   0.1399348E-01
     1635.00  0.1518958E-01   0.3198915E-05   0.1519278E-01
     1645.00  0.1516305E-01   0.3161711E-05   0.1516621E-01
     1655.00  0.1431489E-01   0.3125071E-05   0.1431802E-01
     1665.00  0.1545147E-01   0.3089116E-05   0.1545456E-01
     1672.00  0.1441140E-01   0.3064423E-05   0.1441446E-01
     1677.00  0.1542018E-01   0.3047053E-05   0.1542323E-01
     1685.00  0.1578923E-01   0.3019770E-05   0.1579225E-01
     1695.00  0.1463495E-01   0.2986640E-05   0.1463794E-01
     1705.00  0.1407883E-01   0.2954724E-05   0.1408178E-01
     1715.00  0.1298277E-01   0.2924170E-05   0.1298569E-01
     1725.00  0.1288834E-01   0.2895136E-05   0.1289124E-01
     1735.00  0.1382855E-01   0.2867792E-05   0.1383142E-01
     1745.00  0.1323634E-01   0.2842319E-05   0.1323918E-01
     1755.00  0.1386371E-01   0.2818914E-05   0.1386653E-01
     1765.00  0.1302580E-01   0.2797791E-05   0.1302860E-01
     1775.00  0.1260473E-01   0.2779181E-05   0.1260751E-01
     1785.00  0.1301658E-01   0.2763337E-05   0.1301934E-01
     1795.00  0.1378242E-01   0.2750523E-05   0.1378517E-01
     1805.00  0.1394001E-01   0.2741039E-05   0.1394275E-01
     1815.00  0.1198692E-01   0.2735214E-05   0.1198966E-01
     1825.00  0.1271608E-01   0.2733401E-05   0.1271881E-01
     1835.00  0.1204765E-01   0.2735986E-05   0.1205039E-01
     1845.00  0.1084406E-01   0.2743390E-05   0.1084680E-01
     1855.00  0.1053107E-01   0.2756067E-05   0.1053383E-01
     1865.00  0.1084387E-01   0.2774517E-05   0.1084664E-01
     1875.00  0.1216961E-01   0.2799278E-05   0.1217241E-01
     1885.00  0.1060823E-01   0.2830937E-05   0.1061106E-01
     1895.00  0.9790229E-02   0.2870130E-05   0.9793099E-02
     1905.00  0.1099237E-01   0.2917547E-05   0.1099529E-01
     1915.00  0.9955598E-02   0.2973936E-05   0.9958572E-02
     1925.00  0.9632348E-02   0.3040103E-05   0.9635388E-02
     1935.00  0.1037347E-01   0.3116922E-05   0.1037659E-01
     1945.00  0.1056234E-01   0.3205363E-05   0.1056555E-01
     1955.00  0.9502934E-02   0.3306465E-05   0.9506240E-02
     1967.00  0.1066625E-01   0.3446016E-05   0.1066970E-01
     1976.00  0.1105595E-01   0.3564893E-05   0.1105951E-01
     1984.00  0.1021037E-01   0.3681631E-05   0.1021405E-01
     1995.00  0.9911590E-02   0.3860495E-05   0.9915450E-02
     2005.00  0.1049822E-01   0.4043031E-05   0.1050226E-01
     2015.00  0.1005264E-01   0.4246175E-05   0.1005689E-01
     2025.00  0.1068191E-01   0.4471619E-05   0.1068638E-01
     2035.00  0.9603842E-02   0.4721146E-05   0.9608563E-02
     2045.00  0.1000376E-01   0.4996702E-05   0.1000876E-01
     2055.00  0.9586153E-02   0.1787485E-05   0.9587940E-02
     2065.00  0.9539149E-02   0.1763597E-05   0.9540913E-02
     2074.00  0.1029380E-01   0.1742441E-05   0.1029554E-01
     2078.00  0.9089333E-02   0.1733142E-05   0.9091066E-02
     2085.00  0.9772638E-02   0.1717021E-05   0.9774355E-02
     2095.00  0.9131004E-02   0.1694324E-05   0.9132698E-02
     2105.00  0.9409388E-02   0.1672018E-05   0.9411060E-02
     2115.00  0.9481695E-02   0.1650097E-05   0.9483345E-02
     2125.00  0.9575127E-02   0.1628559E-05   0.9576756E-02
     2135.00  0.9186797E-02   0.1607400E-05   0.9188404E-02
     2145.00  0.8891166E-02   0.1586616E-05   0.8892753E-02
     2155.00  0.9339799E-02   0.1566206E-05   0.9341365E-02
     2165.00  0.9241343E-02   0.1546164E-05   0.9242889E-02
     2175.00  0.9136849E-02   0.1526490E-05   0.9138375E-02
     2185.00  0.8709723E-02   0.1507181E-05   0.8711230E-02
     2195.00  0.9053948E-02   0.1488234E-05   0.9055436E-02
     2205.00  0.8894876E-02   0.1469646E-05   0.8896346E-02
     2215.00  0.8588312E-02   0.1451416E-05   0.8589763E-02
     2225.00  0.8258263E-02   0.1433542E-05   0.8259697E-02
     2235.00  0.8477117E-02   0.1416022E-05   0.8478533E-02
     2245.00  0.8377976E-02   0.1398854E-05   0.8379375E-02
     2255.00  0.7997937E-02   0.1382038E-05   0.7999319E-02
     2265.00  0.8237040E-02   0.1365572E-05   0.8238406E-02
     2275.00  0.8250108E-02   0.1349455E-05   0.8251457E-02
     2285.00  0.8325144E-02   0.1333688E-05   0.8326478E-02
     2295.00  0.7786740E-02   0.1318269E-05   0.7788058E-02
     2305.00  0.7891166E-02   0.1303198E-05   0.7892469E-02
     2315.00  0.7493745E-02   0.1288476E-05   0.7495033E-02
     2325.00  0.5765456E-02   0.1274103E-05   0.5766730E-02
     2335.00  0.6991643E-02   0.1260079E-05   0.6992903E-02
     2345.00  0.7016098E-02   0.1246406E-05   0.7017344E-02
     2355.00  0.7148481E-02   0.1233085E-05   0.7149714E-02
     2365.00  0.6899872E-02   0.1220117E-05   0.6901092E-02
     2375.00  0.6892485E-02   0.1207504E-05   0.6893693E-02
     2385.00  0.6686463E-02   0.1195247E-05   0.6687658E-02
     2395.00  0.6895716E-02   0.1183349E-05   0.6896899E-02
     2405.00  0.6574176E-02   0.1171813E-05   0.6575348E-02
     2415.00  0.6676163E-02   0.1160642E-05   0.6677324E-02
     2425.00  0.6759021E-02   0.1149838E-05   0.6760171E-02
     2435.00  0.6447898E-02   0.1139406E-05   0.6449037E-02
     2445.00  0.6673986E-02   0.1129347E-05   0.6675115E-02
     2455.00  0.6619998E-02   0.1119667E-05   0.6621118E-02
     2465.00  0.6501618E-02   0.1110370E-05   0.6502728E-02
     2475.00  0.6324080E-02   0.1101460E-05   0.6325181E-02
     2485.00  0.6441222E-02   0.1092942E-05   0.6442315E-02
     2495.00  0.5918160E-02   0.1084821E-05   0.5919245E-02
     2505.00  0.6378400E-02   0.1077103E-05   0.6379477E-02
     2513.00  0.5940398E-02   0.1071222E-05   0.5941469E-02
     2518.00  0.6241739E-02   0.1067680E-05   0.6242807E-02
     2525.00  0.5985078E-02   0.1062897E-05   0.5986141E-02
     2535.00  0.5951474E-02   0.1056422E-05   0.5952530E-02
     2545.00  0.5751900E-02   0.1050376E-05   0.5752950E-02
     2555.00  0.5954958E-02   0.1044765E-05   0.5956003E-02
     2565.00  0.5876327E-02   0.1039596E-05   0.5877367E-02
     2575.00  0.6030352E-02   0.1034877E-05   0.6031387E-02
     2585.00  0.5968824E-02   0.1030616E-05   0.5969855E-02
     2595.00  0.5919532E-02   0.1026821E-05   0.5920559E-02
     2605.00  0.5778524E-02   0.9328076E-06   0.5779457E-02
     2615.00  0.5713198E-02   0.9252029E-06   0.5714123E-02
     2625.00  0.5721138E-02   0.9178880E-06   0.5722056E-02
     2635.00  0.5721662E-02   0.9108663E-06   0.5722573E-02
     2645.00  0.5831336E-02   0.9041413E-06   0.5832240E-02
     2655.00  0.5821266E-02   0.8977168E-06   0.5822164E-02
     2665.00  0.5507370E-02   0.8915966E-06   0.5508262E-02
     2675.00  0.5634223E-02   0.8857851E-06   0.5635109E-02
     2685.00  0.5565642E-02   0.8802868E-06   0.5566522E-02
     2695.00  0.5385868E-02   0.8751062E-06   0.5386743E-02
     2705.00  0.5338884E-02   0.8702484E-06   0.5339754E-02
     2715.00  0.5266221E-02   0.8657184E-06   0.5267087E-02
     2725.00  0.5251018E-02   0.8615218E-06   0.5251880E-02
     2735.00  0.5331770E-02   0.8576642E-06   0.5332628E-02
     2745.00  0.5002799E-02   0.8541515E-06   0.5003653E-02
     2755.00  0.4997524E-02   0.8509898E-06   0.4998375E-02
     2765.00  0.5024684E-02   0.8481857E-06   0.5025532E-02
     2775.00  0.5127551E-02   0.8457458E-06   0.5128397E-02
     2785.00  0.5052085E-02   0.8436770E-06   0.5052929E-02
     2795.00  0.4646432E-02   0.8419865E-06   0.4647274E-02
     2805.00  0.4800764E-02   0.8406818E-06   0.4801605E-02
     2815.00  0.4981516E-02   0.8397706E-06   0.4982356E-02
     2825.00  0.4942303E-02   0.8392608E-06   0.4943142E-02
     2835.00  0.4673064E-02   0.8391609E-06   0.4673903E-02
     2845.00  0.4683630E-02   0.8394792E-06   0.4684469E-02
     2855.00  0.4659939E-02   0.8402217E-06   0.4660779E-02
     2865.00  0.4759690E-02   0.8413971E-06   0.4760531E-02
     2875.00  0.4677931E-02   0.8430170E-06   0.4678774E-02
     2885.00  0.4646816E-02   0.8450911E-06   0.4647661E-02
     2895.00  0.4576128E-02   0.8476292E-06   0.4576976E-02
     2910.00  0.4592096E-02   0.8523284E-06   0.4592948E-02
     2930.00  0.4496892E-02   0.8603146E-06   0.4497752E-02
     2950.00  0.4376249E-02   0.8703476E-06   0.4377119E-02
     2970.00  0.4339660E-02   0.8825192E-06   0.4340543E-02
     2990.00  0.4266096E-02   0.8969259E-06   0.4266993E-02
     3010.00  0.4178567E-02   0.9136687E-06   0.4179481E-02
     3030.00  0.4168314E-02   0.9328532E-06   0.4169247E-02
     3050.00  0.4090859E-02   0.9545900E-06   0.4091814E-02
     3070.00  0.4021320E-02   0.9789941E-06   0.4022299E-02
     3090.00  0.3931663E-02   0.1006185E-05   0.3932669E-02
     3110.00  0.3872799E-02   0.1036285E-05   0.3873835E-02
     3130.00  0.3802560E-02   0.1044635E-05   0.3803605E-02
     3150.00  0.3755026E-02   0.1079091E-05   0.3756105E-02
     3170.00  0.3664042E-02   0.1116750E-05   0.3665159E-02
     3190.00  0.3566890E-02   0.1157749E-05   0.3568048E-02
     3210.00  0.3553719E-02   0.1202231E-05   0.3554921E-02
     3230.00  0.3487434E-02   0.1250344E-05   0.3488684E-02
     3250.00  0.3444363E-02   0.1302238E-05   0.3445665E-02
     3270.00  0.3389559E-02   0.1358053E-05   0.3390917E-02
     3290.00  0.3334412E-02   0.1417950E-05   0.3335830E-02
     3310.00  0.3290626E-02   0.1482102E-05   0.3292108E-02
     3330.00  0.3226637E-02   0.1550677E-05   0.3228188E-02
     3350.00  0.3168623E-02   0.1623848E-05   0.3170247E-02
     3370.00  0.3115300E-02   0.1701791E-05   0.3117002E-02
     3390.00  0.3069999E-02   0.1784686E-05   0.3071784E-02
     3410.00  0.3028626E-02   0.1872718E-05   0.3030499E-02
     3430.00  0.2942674E-02   0.1765884E-05   0.2944440E-02
     3450.00  0.2906412E-02   0.1851462E-05   0.2908263E-02
     3470.00  0.2875874E-02   0.1942057E-05   0.2877816E-02
     3490.00  0.2832470E-02   0.2037842E-05   0.2834508E-02
     3510.00  0.2799083E-02   0.2138999E-05   0.2801222E-02
     3530.00  0.2762397E-02   0.2245738E-05   0.2764643E-02
     3550.00  0.2725689E-02   0.2358217E-05   0.2728047E-02
     3570.00  0.2680086E-02   0.2476625E-05   0.2682563E-02
     3590.00  0.2611727E-02   0.2601153E-05   0.2614328E-02
     3610.00  0.2575645E-02   0.2731992E-05   0.2578377E-02
     3630.00  0.2548481E-02   0.2869339E-05   0.2551350E-02
     3640.00  0.2545364E-02   0.2940515E-05   0.2548305E-02
     3650.00  0.2531217E-02   0.3456762E-06   0.2531563E-02
     3670.00  0.2480972E-02   0.3426183E-06   0.2481315E-02
     3690.00  0.2316131E-02   0.3006105E-06   0.2316432E-02
     3710.00  0.2347572E-02   0.2957294E-06   0.2347868E-02
     3730.00  0.2334754E-02   0.2909716E-06   0.2335045E-02
     3750.00  0.2631344E-02   0.2863344E-06   0.2631630E-02
     3770.00  0.2650950E-02   0.2818154E-06   0.2651232E-02
     3790.00  0.2857375E-02   0.2774119E-06   0.2857652E-02
     3810.00  0.3054484E-02   0.2731216E-06   0.3054757E-02
     3830.00  0.2621915E-02   0.2689423E-06   0.2622184E-02
     3850.00  0.3113620E-02   0.2648716E-06   0.3113885E-02
     3870.00  0.3179143E-02   0.2609075E-06   0.3179404E-02
     3890.00  0.2441191E-02   0.2570478E-06   0.2441448E-02
     3910.00  0.3161872E-02   0.2532906E-06   0.3162125E-02
     3930.00  0.3006927E-02   0.2496340E-06   0.3007177E-02
     3950.00  0.3044457E-02   0.2460761E-06   0.3044703E-02
     3970.00  0.2258645E-02   0.2426152E-06   0.2258888E-02
     3990.00  0.2952800E-02   0.2392498E-06   0.2953039E-02
     4010.00  0.3000376E-02   0.2359780E-06   0.3000612E-02
     4030.00  0.2883814E-02   0.2327981E-06   0.2884047E-02
     4050.00  0.2922210E-02   0.2297087E-06   0.2922440E-02
     4070.00  0.2806944E-02   0.2267081E-06   0.2807171E-02
     4090.00  0.2559942E-02   0.2237950E-06   0.2560166E-02
     4110.00  0.2200424E-02   0.2209681E-06   0.2200645E-02
     4130.00  0.2650212E-02   0.2182258E-06   0.2650430E-02
     4150.00  0.2676420E-02   0.2155671E-06   0.2676636E-02
     4170.00  0.2659193E-02   0.2129906E-06   0.2659406E-02
     4190.00  0.2637628E-02   0.2104952E-06   0.2637838E-02
     4210.00  0.2608564E-02   0.2080796E-06   0.2608772E-02
     4230.00  0.2549762E-02   0.2057428E-06   0.2549968E-02
     4250.00  0.2505750E-02   0.2034837E-06   0.2505953E-02
     4270.00  0.2415491E-02   0.2013013E-06   0.2415692E-02
     4290.00  0.2422007E-02   0.1991946E-06   0.2422206E-02
     4310.00  0.2337522E-02   0.1971626E-06   0.2337719E-02
     4330.00  0.2082554E-02   0.1952043E-06   0.2082749E-02
     4350.00  0.1882946E-02   0.1933190E-06   0.1883139E-02
     4370.00  0.2253481E-02   0.1915057E-06   0.2253673E-02
     4390.00  0.2232356E-02   0.1897637E-06   0.2232546E-02
     4410.00  0.2228530E-02   0.1880920E-06   0.2228718E-02
     4430.00  0.2192028E-02   0.1864899E-06   0.2192214E-02
     4450.00  0.2184492E-02   0.1849568E-06   0.2184677E-02
     4470.00  0.2098810E-02   0.1834917E-06   0.2098993E-02
     4490.00  0.2113536E-02   0.1820942E-06   0.2113718E-02
     4510.00  0.2118267E-02   0.1807634E-06   0.2118448E-02
     4530.00  0.2064965E-02   0.1794988E-06   0.2065144E-02
     4550.00  0.2039419E-02   0.1782998E-06   0.2039597E-02
     4570.00  0.2032585E-02   0.1771656E-06   0.2032762E-02
     4590.00  0.1987302E-02   0.1760957E-06   0.1987478E-02
     4610.00  0.1959787E-02   0.1750897E-06   0.1959962E-02
     4630.00  0.1920348E-02   0.1741468E-06   0.1920522E-02
     4650.00  0.1896346E-02   0.1732667E-06   0.1896519E-02
     4670.00  0.1885521E-02   0.1724487E-06   0.1885693E-02
     4690.00  0.1865669E-02   0.1716924E-06   0.1865841E-02
     4710.00  0.1794310E-02   0.1709974E-06   0.1794481E-02
     4730.00  0.1802095E-02   0.1703631E-06   0.1802265E-02
     4750.00  0.1785643E-02   0.1697891E-06   0.1785813E-02
     4770.00  0.1768467E-02   0.1692750E-06   0.1768636E-02
     4790.00  0.1742142E-02   0.1688203E-06   0.1742311E-02
     4810.00  0.1700727E-02   0.1684245E-06   0.1700895E-02
     4830.00  0.1673981E-02   0.1680872E-06   0.1674149E-02
     4850.00  0.1508260E-02   0.1678081E-06   0.1508428E-02
     4870.00  0.1323691E-02   0.1675869E-06   0.1323859E-02
     4890.00  0.1606165E-02   0.1674232E-06   0.1606332E-02
     4910.00  0.1608111E-02   0.1673166E-06   0.1608278E-02
     4930.00  0.1564193E-02   0.1672669E-06   0.1564360E-02
     4950.00  0.1568221E-02   0.1672736E-06   0.1568388E-02
     4970.00  0.1548392E-02   0.1673364E-06   0.1548559E-02
     4990.00  0.1519264E-02   0.1674551E-06   0.1519431E-02
     5010.00  0.1451370E-02   0.1676293E-06   0.1451538E-02
     5030.00  0.1475716E-02   0.1678588E-06   0.1475884E-02
     5050.00  0.1436823E-02   0.1681431E-06   0.1436991E-02
     5070.00  0.1451131E-02   0.1684823E-06   0.1451299E-02
     5090.00  0.1430629E-02   0.1688764E-06   0.1430798E-02
     5110.00  0.1414715E-02   0.1693247E-06   0.1414884E-02
     5130.00  0.1383699E-02   0.1698268E-06   0.1383869E-02
     5150.00  0.1360644E-02   0.1703824E-06   0.1360814E-02
     5170.00  0.1341309E-02   0.1709913E-06   0.1341480E-02
     5190.00  0.1326548E-02   0.1716533E-06   0.1326720E-02
     5210.00  0.1307608E-02   0.1723680E-06   0.1307780E-02
     5230.00  0.1311787E-02   0.1731352E-06   0.1311960E-02
     5250.00  0.1305445E-02   0.1739548E-06   0.1305619E-02
     5270.00  0.1273321E-02   0.1748264E-06   0.1273496E-02
     5290.00  0.1283987E-02   0.1757498E-06   0.1284163E-02
     5310.00  0.1270320E-02   0.1767247E-06   0.1270497E-02
     5330.00  0.1240098E-02   0.1777510E-06   0.1240276E-02
     5350.00  0.1235571E-02   0.1788285E-06   0.1235750E-02
     5370.00  0.1224160E-02   0.1799564E-06   0.1224340E-02
     5390.00  0.1210328E-02   0.1811340E-06   0.1210509E-02
     5410.00  0.1194498E-02   0.1823620E-06   0.1194680E-02
     5430.00  0.1180785E-02   0.1836400E-06   0.1180969E-02
     5450.00  0.1156046E-02   0.1849678E-06   0.1156231E-02
     5470.00  0.1140357E-02   0.1863453E-06   0.1140543E-02
     5490.00  0.1134215E-02   0.1877722E-06   0.1134403E-02
     5510.00  0.1118648E-02   0.1892482E-06   0.1118837E-02
     5530.00  0.1118705E-02   0.1907733E-06   0.1118896E-02
     5550.00  0.1108876E-02   0.1923471E-06   0.1109068E-02
     5570.00  0.1095991E-02   0.1939694E-06   0.1096185E-02
     5590.00  0.1085642E-02   0.1956400E-06   0.1085838E-02
     5610.00  0.1060868E-02   0.1973587E-06   0.1061065E-02
     5630.00  0.1053938E-02   0.1991253E-06   0.1054137E-02
     5650.00  0.1040556E-02   0.2009395E-06   0.1040757E-02
     5670.00  0.1025646E-02   0.2028012E-06   0.1025849E-02
     5690.00  0.1027911E-02   0.2047101E-06   0.1028116E-02
     5710.00  0.1014298E-02   0.1070626E-06   0.1014405E-02
     5730.00  0.1020736E-02   0.1070026E-06   0.1020843E-02
     5750.00  0.1000926E-02   0.1069640E-06   0.1001033E-02
     5770.00  0.9886982E-03   0.1069465E-06   0.9888051E-03
     5790.00  0.9760304E-03   0.1069500E-06   0.9761374E-03
     5810.00  0.9677688E-03   0.1069742E-06   0.9678758E-03
     5830.00  0.9631352E-03   0.1070190E-06   0.9632422E-03
     5850.00  0.9483048E-03   0.1070841E-06   0.9484119E-03
     5870.00  0.9120832E-03   0.1071693E-06   0.9121904E-03
     5890.00  0.8904556E-03   0.1072744E-06   0.8905629E-03
     5910.00  0.9038972E-03   0.1073992E-06   0.9040046E-03
     5930.00  0.8979533E-03   0.1075435E-06   0.8980608E-03
     5950.00  0.8859463E-03   0.1077071E-06   0.8860540E-03
     5970.00  0.8872309E-03   0.1078899E-06   0.8873388E-03
     5990.00  0.8739246E-03   0.1080916E-06   0.8740327E-03
     6010.00  0.8707466E-03   0.1083121E-06   0.8708549E-03
     6030.00  0.8713296E-03   0.1085512E-06   0.8714382E-03
     6050.00  0.8694503E-03   0.1088086E-06   0.8695591E-03
     6070.00  0.8667794E-03   0.1090842E-06   0.8668885E-03
     6090.00  0.8541099E-03   0.1093779E-06   0.8542193E-03
     6110.00  0.8481542E-03   0.1096894E-06   0.8482639E-03
     6130.00  0.8283947E-03   0.1100186E-06   0.8285047E-03
     6150.00  0.8105267E-03   0.1103653E-06   0.8106371E-03
     6170.00  0.7844912E-03   0.1107294E-06   0.7846019E-03
     6190.00  0.7827096E-03   0.1111106E-06   0.7828207E-03
     6210.00  0.7696203E-03   0.1115088E-06   0.7697318E-03
     6230.00  0.7560129E-03   0.1119238E-06   0.7561248E-03
     6250.00  0.7451959E-03   0.1123555E-06   0.7453083E-03
     6270.00  0.7486962E-03   0.1128038E-06   0.7488090E-03
     6290.00  0.7495312E-03   0.1132684E-06   0.7496445E-03
     6310.00  0.7423712E-03   0.1137491E-06   0.7424849E-03
     6330.00  0.7396405E-03   0.1142459E-06   0.7397547E-03
     6350.00  0.7272397E-03   0.1147586E-06   0.7273545E-03
     6370.00  0.7255139E-03   0.1152870E-06   0.7256292E-03
     6390.00  0.7250909E-03   0.1158310E-06   0.7252067E-03
     6410.00  0.7151355E-03   0.1163904E-06   0.7152519E-03
     6430.00  0.7120626E-03   0.1169651E-06   0.7121796E-03
     6450.00  0.7037661E-03   0.1175549E-06   0.7038837E-03
     6470.00  0.6994352E-03   0.1181597E-06   0.6995534E-03
     6490.00  0.6897529E-03   0.1187793E-06   0.6898717E-03
     6510.00  0.6925868E-03   0.1194136E-06   0.6927062E-03
     6530.00  0.6812862E-03   0.1200610E-06   0.6814063E-03
     6550.00  0.6415651E-03   0.1207224E-06   0.6416858E-03
     6570.00  0.5626180E-03   0.1213979E-06   0.5627394E-03
     6590.00  0.6486943E-03   0.1220875E-06   0.6488164E-03
     6610.00  0.6573319E-03   0.1227909E-06   0.6574547E-03
     6630.00  0.6499768E-03   0.1235080E-06   0.6501003E-03
     6650.00  0.6452494E-03   0.1228062E-06   0.6453722E-03
     6670.00  0.6267972E-03   0.1235360E-06   0.6269207E-03
     6690.00  0.6127744E-03   0.1242790E-06   0.6128987E-03
     6710.00  0.6016891E-03   0.1250353E-06   0.6018141E-03
     6730.00  0.5943235E-03   0.1258045E-06   0.5944493E-03
     6750.00  0.5884876E-03   0.1265867E-06   0.5886142E-03
     6770.00  0.5841932E-03   0.1273816E-06   0.5843206E-03
     6790.00  0.5747844E-03   0.1281892E-06   0.5749126E-03
     6810.00  0.5762606E-03   0.1290093E-06   0.5763896E-03
     6830.00  0.5752963E-03   0.1298418E-06   0.5754261E-03
     6850.00  0.5718376E-03   0.1306865E-06   0.5719683E-03
     6870.00  0.5718791E-03   0.1315433E-06   0.5720106E-03
     6890.00  0.5745046E-03   0.1324122E-06   0.5746370E-03
     6910.00  0.5782908E-03   0.1332929E-06   0.5784241E-03
     6930.00  0.5744796E-03   0.1341853E-06   0.5746138E-03
     6950.00  0.5806296E-03   0.1350894E-06   0.5807647E-03
     6970.00  0.5874422E-03   0.1360049E-06   0.5875782E-03
     6990.00  0.5907373E-03   0.1369318E-06   0.5908742E-03
     7010.00  0.5966988E-03   0.1378700E-06   0.5968367E-03
     7030.00  0.5959121E-03   0.1388194E-06   0.5960509E-03
     7050.00  0.5876716E-03   0.1397799E-06   0.5878114E-03
     7070.00  0.5627934E-03   0.1407512E-06   0.5629342E-03
     7090.00  0.5294492E-03   0.1417333E-06   0.5295909E-03
     7110.00  0.5026286E-03   0.1427260E-06   0.5027713E-03
     7130.00  0.4972276E-03   0.1437292E-06   0.4973713E-03
     7150.00  0.4924907E-03   0.1447427E-06   0.4926354E-03
     7170.00  0.4907193E-03   0.1457666E-06   0.4908651E-03
     7190.00  0.4880252E-03   0.1468006E-06   0.4881720E-03
     7210.00  0.4877737E-03   0.1478446E-06   0.4879215E-03
     7230.00  0.4887077E-03   0.1488985E-06   0.4888566E-03
     7250.00  0.4988106E-03   0.1499622E-06   0.4989606E-03
     7270.00  0.5064093E-03   0.1510356E-06   0.5065603E-03
     7290.00  0.5112227E-03   0.1521186E-06   0.5113748E-03
     7310.00  0.5312948E-03   0.1532111E-06   0.5314480E-03
     7330.00  0.5359207E-03   0.1543129E-06   0.5360750E-03
     7350.00  0.5543431E-03   0.1554239E-06   0.5544985E-03
     7370.00  0.5727500E-03   0.1565440E-06   0.5729065E-03
     7390.00  0.5720274E-03   0.1576732E-06   0.5721851E-03
     7410.00  0.5894047E-03   0.1588112E-06   0.5895635E-03
     7430.00  0.6008696E-03   0.1599581E-06   0.6010296E-03
     7450.00  0.6006200E-03   0.1605528E-06   0.6007806E-03
     7470.00  0.6178853E-03   0.1617121E-06   0.6180470E-03
     7490.00  0.6224128E-03   0.1628800E-06   0.6225757E-03
     7510.00  0.6288252E-03   0.1640562E-06   0.6289893E-03
     7530.00  0.6449001E-03   0.1652407E-06   0.6450653E-03
     7550.00  0.6487966E-03   0.1664334E-06   0.6489630E-03
     7570.00  0.6491769E-03   0.1676341E-06   0.6493445E-03
     7590.00  0.6289708E-03   0.1688428E-06   0.6291396E-03
     7610.00  0.5996102E-03   0.1700587E-06   0.5997803E-03
     7630.00  0.5465555E-03   0.1712815E-06   0.5467268E-03
     7650.00  0.5040741E-03   0.1725120E-06   0.5042466E-03
     7670.00  0.4796908E-03   0.1737499E-06   0.4798645E-03
     7690.00  0.4683200E-03   0.1749952E-06   0.4684950E-03
     7710.00  0.4660131E-03   0.1762478E-06   0.4661893E-03
     7730.00  0.4594963E-03   0.1775076E-06   0.4596738E-03
     7750.00  0.4602978E-03   0.1787745E-06   0.4604766E-03
     7770.00  0.4509341E-03   0.1800483E-06   0.4511141E-03
     7790.00  0.4675698E-03   0.1813290E-06   0.4677511E-03
     7810.00  0.4668987E-03   0.1826165E-06   0.4670813E-03
     7830.00  0.4632725E-03   0.1839107E-06   0.4634564E-03
     7850.00  0.4504477E-03   0.1852114E-06   0.4506329E-03
     7870.00  0.4649230E-03   0.1808780E-06   0.4651039E-03
     7890.00  0.4620032E-03   0.1821478E-06   0.4621853E-03
     7910.00  0.4566376E-03   0.1834238E-06   0.4568210E-03
     7930.00  0.4688471E-03   0.1847061E-06   0.4690318E-03
     7950.00  0.4744195E-03   0.1859944E-06   0.4746055E-03
     7970.00  0.4828057E-03   0.1872887E-06   0.4829930E-03
     7990.00  0.4898264E-03   0.1885889E-06   0.4900150E-03
     8010.00  0.5155448E-03   0.1898949E-06   0.5157347E-03
     8030.00  0.5175512E-03   0.1912067E-06   0.5177424E-03
     8050.00  0.5282024E-03   0.1925241E-06   0.5283949E-03
     8070.00  0.5490509E-03   0.1938470E-06   0.5492447E-03
     8090.00  0.5570591E-03   0.1951754E-06   0.5572543E-03
     8110.00  0.5694638E-03   0.1965091E-06   0.5696603E-03
     8130.00  0.5985007E-03   0.1978481E-06   0.5986985E-03
     8150.00  0.6153296E-03   0.1991924E-06   0.6155288E-03
     8170.00  0.6279797E-03   0.2005417E-06   0.6281802E-03
     8190.00  0.6243578E-03   0.2018960E-06   0.6245597E-03
     8210.00  0.6005346E-03   0.1690754E-06   0.6007037E-03
     8230.00  0.6043761E-03   0.3588647E-07   0.6044120E-03
     8250.00  0.5951366E-03   0.3585041E-07   0.5951725E-03
     8270.00  0.5972511E-03   0.3581640E-07   0.5972869E-03
     8290.00  0.5896027E-03   0.3436067E-07   0.5896371E-03
     8310.00  0.5658892E-03   0.3432028E-07   0.5659235E-03
     8330.00  0.5544018E-03   0.3428183E-07   0.5544361E-03
     8350.00  0.5541851E-03   0.3424532E-07   0.5542193E-03
     8370.00  0.5544328E-03   0.3421070E-07   0.5544670E-03
     8390.00  0.5409475E-03   0.3417796E-07   0.5409817E-03
     8410.00  0.5448590E-03   0.3414707E-07   0.5448931E-03
     8430.00  0.4863394E-03   0.3411800E-07   0.4863735E-03
     8450.00  0.4141158E-03   0.3409073E-07   0.4141499E-03
     8470.00  0.4261529E-03   0.3406524E-07   0.4261870E-03
     8490.00  0.4322841E-03   0.3404149E-07   0.4323181E-03
     8510.00  0.4162137E-03   0.3401947E-07   0.4162477E-03
     8530.00  0.4377084E-03   0.3399915E-07   0.4377424E-03
     8550.00  0.4136005E-03   0.3398051E-07   0.4136345E-03
     8570.00  0.4758647E-03   0.3396353E-07   0.4758987E-03
     8590.00  0.4710835E-03   0.3394818E-07   0.4711174E-03
     8610.00  0.4926378E-03   0.3393444E-07   0.4926717E-03
     8630.00  0.5297673E-03   0.3392229E-07   0.5298012E-03
     8650.00  0.5238223E-03   0.3391171E-07   0.5238562E-03
     8670.00  0.4619384E-03   0.3390267E-07   0.4619723E-03
     8690.00  0.5501074E-03   0.3389515E-07   0.5501413E-03
     8710.00  0.5843405E-03   0.3388914E-07   0.5843744E-03
     8730.00  0.5911344E-03   0.3388460E-07   0.5911683E-03
     8750.00  0.5632066E-03   0.3388153E-07   0.5632405E-03
     8770.00  0.5996271E-03   0.3387990E-07   0.5996610E-03
     8790.00  0.6317360E-03   0.3387969E-07   0.6317699E-03
     8810.00  0.6280108E-03   0.3388088E-07   0.6280447E-03
     8830.00  0.6282939E-03   0.3388345E-07   0.6283278E-03
     8850.00  0.6099592E-03   0.3388738E-07   0.6099931E-03
     8870.00  0.5617594E-03   0.3389266E-07   0.5617933E-03
     8890.00  0.5930801E-03   0.3389925E-07   0.5931140E-03
     8910.00  0.6089777E-03   0.3390715E-07   0.6090116E-03
     8930.00  0.6031358E-03   0.3391634E-07   0.6031697E-03
     8950.00  0.6088512E-03   0.3392680E-07   0.6088851E-03
     8970.00  0.6117124E-03   0.3393851E-07   0.6117463E-03
     8990.00  0.6109976E-03   0.3395145E-07   0.6110316E-03
     9010.00  0.5771792E-03   0.3396560E-07   0.5772132E-03
     9030.00  0.6094429E-03   0.3398095E-07   0.6094769E-03
     9050.00  0.6492748E-03   0.3399748E-07   0.6493088E-03
     9070.00  0.6573224E-03   0.3401517E-07   0.6573564E-03
     9090.00  0.6469748E-03   0.3403401E-07   0.6470088E-03
     9110.00  0.6551356E-03   0.3405398E-07   0.6551697E-03
     9130.00  0.6664389E-03   0.3407508E-07   0.6664730E-03
     9150.00  0.6593846E-03   0.3409729E-07   0.6594187E-03
     9170.00  0.6562300E-03   0.3412057E-07   0.6562641E-03
     9190.00  0.6580855E-03   0.3414492E-07   0.6581196E-03
     9210.00  0.6013191E-03   0.3417032E-07   0.6013533E-03
     9230.00  0.5427829E-03   0.3419676E-07   0.5428171E-03
     9250.00  0.5680179E-03   0.3422421E-07   0.5680521E-03
     9270.00  0.5729099E-03   0.3425267E-07   0.5729442E-03
     9290.00  0.5565630E-03   0.3428212E-07   0.5565973E-03
     9310.00  0.5622864E-03   0.3431253E-07   0.5623207E-03
     9330.00  0.5699749E-03   0.3434391E-07   0.5700092E-03
     9350.00  0.5619562E-03   0.3437624E-07   0.5619906E-03
     9370.00  0.5552574E-03   0.3440949E-07   0.5552918E-03
     9390.00  0.5736498E-03   0.3444367E-07   0.5736842E-03
     9410.00  0.5673167E-03   0.3447874E-07   0.5673512E-03
     9430.00  0.5778961E-03   0.3451471E-07   0.5779306E-03
     9450.00  0.5774116E-03   0.3455155E-07   0.5774462E-03
     9470.00  0.5933182E-03   0.3458925E-07   0.5933528E-03
     9490.00  0.5946729E-03   0.3462781E-07   0.5947075E-03
     9510.00  0.5822411E-03   0.3466719E-07   0.5822758E-03
     9530.00  0.5858251E-03   0.3470741E-07   0.5858598E-03
     9550.00  0.5615118E-03   0.3474843E-07   0.5615465E-03
     9570.00  0.5906414E-03   0.3479025E-07   0.5906762E-03
     9590.00  0.6107622E-03   0.3483286E-07   0.6107970E-03
     9610.00  0.6056186E-03   0.3487624E-07   0.6056535E-03
     9630.00  0.6151619E-03   0.3492037E-07   0.6151968E-03
     9650.00  0.6054294E-03   0.3496526E-07   0.6054644E-03
     9670.00  0.6057694E-03   0.3501090E-07   0.6058044E-03
     9690.00  0.6183109E-03   0.3505725E-07   0.6183460E-03
     9710.00  0.6078492E-03   0.3510431E-07   0.6078843E-03
     9730.00  0.6038696E-03   0.3515208E-07   0.6039048E-03
     9750.00  0.6028815E-03   0.3520052E-07   0.6029167E-03
     9770.00  0.6065406E-03   0.3524967E-07   0.6065758E-03
     9790.00  0.6000328E-03   0.3529946E-07   0.6000681E-03
     9810.00  0.6145344E-03   0.3534992E-07   0.6145697E-03
     9830.00  0.6064716E-03   0.3540103E-07   0.6065070E-03
     9850.00  0.6153954E-03   0.3545278E-07   0.6154309E-03
     9870.00  0.6121114E-03   0.3550515E-07   0.6121469E-03
     9890.00  0.6108942E-03   0.3555813E-07   0.6109298E-03
     9910.00  0.6072896E-03   0.3561171E-07   0.6073252E-03
     9930.00  0.6099663E-03   0.3566589E-07   0.6100020E-03
     9950.00  0.6099838E-03   0.3572065E-07   0.6100195E-03
     9970.00  0.6116467E-03   0.3577598E-07   0.6116825E-03
     9990.00  0.6096311E-03   0.3583189E-07   0.6096669E-03
    10025.00  0.5993183E-03   0.3593104E-07   0.5993542E-03
    10075.00  0.5880653E-03   0.3607553E-07   0.5881014E-03
    10125.00  0.6022940E-03   0.3622323E-07   0.6023302E-03
    10175.00  0.5941170E-03   0.3637433E-07   0.5941534E-03
    10225.00  0.5916291E-03   0.3652838E-07   0.5916656E-03
    10275.00  0.5896655E-03   0.3668517E-07   0.5897022E-03
    10325.00  0.5803343E-03   0.3684456E-07   0.5803711E-03
    10375.00  0.5735025E-03   0.3700643E-07   0.5735395E-03
    10425.00  0.5740354E-03   0.3717065E-07   0.5740726E-03
    10475.00  0.5686573E-03   0.3733710E-07   0.5686946E-03
    10525.00  0.5646754E-03   0.3750567E-07   0.5647129E-03
    10575.00  0.5539196E-03   0.3767624E-07   0.5539573E-03
    10625.00  0.5515730E-03   0.3784871E-07   0.5516108E-03
    10675.00  0.5428478E-03   0.3802295E-07   0.5428858E-03
    10725.00  0.5440097E-03   0.3819887E-07   0.5440479E-03
    10775.00  0.5390244E-03   0.3837637E-07   0.5390628E-03
    10825.00  0.5281976E-03   0.3855535E-07   0.5282362E-03
    10875.00  0.5212636E-03   0.3873572E-07   0.5213023E-03
    10925.00  0.5067867E-03   0.3891737E-07   0.5068256E-03
    10975.00  0.5023971E-03   0.3910023E-07   0.5024362E-03
    11025.00  0.4972225E-03   0.3928419E-07   0.4972618E-03
    11075.00  0.4891386E-03   0.3946918E-07   0.4891781E-03
    11125.00  0.4872126E-03   0.3965512E-07   0.4872523E-03
    11175.00  0.4830218E-03   0.3036697E-07   0.4830522E-03
    11225.00  0.4808830E-03   0.3046960E-07   0.4809135E-03
    11275.00  0.4752470E-03   0.3057335E-07   0.4752776E-03
    11325.00  0.4731973E-03   0.3067816E-07   0.4732280E-03
    11375.00  0.4699045E-03   0.3078395E-07   0.4699353E-03
    11425.00  0.4661578E-03   0.3089066E-07   0.4661887E-03
    11475.00  0.4678963E-03   0.3099823E-07   0.4679273E-03
    11525.00  0.4661928E-03   0.3110660E-07   0.4662239E-03
    11575.00  0.4602253E-03   0.3121572E-07   0.4602565E-03
    11625.00  0.4528878E-03   0.3132553E-07   0.4529191E-03
    11675.00  0.4520131E-03   0.3143598E-07   0.4520445E-03
    11725.00  0.4526008E-03   0.3154701E-07   0.4526323E-03
    11775.00  0.4448787E-03   0.3165857E-07   0.4449104E-03
    11825.00  0.4411017E-03   0.3177061E-07   0.4411335E-03
    11875.00  0.4319188E-03   0.3188309E-07   0.4319507E-03
    11925.00  0.4362969E-03   0.3199597E-07   0.4363289E-03
    11975.00  0.4227308E-03   0.3210918E-07   0.4227629E-03
    12025.00  0.4298537E-03   0.3222269E-07   0.4298859E-03
    12075.00  0.4252257E-03   0.3233646E-07   0.4252580E-03
    12125.00  0.4237985E-03   0.3245045E-07   0.4238310E-03
    12175.00  0.4223109E-03   0.3256461E-07   0.4223435E-03
    12225.00  0.4189060E-03   0.3267892E-07   0.4189387E-03
    12275.00  0.4144858E-03   0.3279332E-07   0.4145186E-03
    12325.00  0.4103303E-03   0.3290779E-07   0.4103632E-03
    12375.00  0.4091363E-03   0.3302228E-07   0.4091693E-03
    12425.00  0.4038477E-03   0.3313677E-07   0.4038808E-03
    12475.00  0.4005329E-03   0.3325123E-07   0.4005662E-03
    12525.00  0.3969796E-03   0.3327026E-07   0.3970129E-03
    12575.00  0.3950356E-03   0.3338432E-07   0.3950690E-03
    12625.00  0.3920499E-03   0.3349827E-07   0.3920834E-03
    12675.00  0.3877525E-03   0.3361206E-07   0.3877861E-03
    12725.00  0.3870022E-03   0.3372567E-07   0.3870359E-03
    12775.00  0.3853704E-03   0.3383907E-07   0.3854042E-03
    12825.00  0.3699766E-03   0.3395224E-07   0.3700106E-03
    12875.00  0.3785610E-03   0.3406515E-07   0.3785951E-03
    12925.00  0.3723617E-03   0.3417778E-07   0.3723959E-03
    12975.00  0.3765319E-03   0.3429011E-07   0.3765662E-03
    13025.00  0.3710861E-03   0.3440210E-07   0.3711205E-03
    13075.00  0.3724609E-03   0.3451323E-07   0.3724954E-03
    13125.00  0.3642151E-03   0.3462392E-07   0.3642497E-03
    13175.00  0.3639562E-03   0.3473418E-07   0.3639909E-03
    13225.00  0.3634883E-03   0.3484400E-07   0.3635231E-03
    13275.00  0.3578104E-03   0.3495335E-07   0.3578454E-03
    13325.00  0.3595470E-03   0.3506222E-07   0.3595821E-03
    13375.00  0.3550024E-03   0.3517058E-07   0.3550376E-03
    13425.00  0.3564600E-03   0.3527843E-07   0.3564953E-03
    13475.00  0.3532170E-03   0.3538574E-07   0.3532524E-03
    13525.00  0.3517370E-03   0.3549250E-07   0.3517725E-03
    13575.00  0.3471726E-03   0.3559869E-07   0.3472082E-03
    13625.00  0.3454937E-03   0.3566336E-07   0.3455294E-03
    13675.00  0.3473712E-03   0.3576827E-07   0.3474070E-03
    13725.00  0.3489488E-03   0.3587257E-07   0.3489847E-03
    13775.00  0.3480502E-03   0.3597627E-07   0.3480862E-03
    13825.00  0.3483616E-03   0.3607932E-07   0.3483977E-03
    13875.00  0.3430158E-03   0.3618174E-07   0.3430520E-03
    13925.00  0.3303363E-03   0.3628350E-07   0.3303726E-03
    13975.00  0.3294882E-03   0.3638460E-07   0.3295246E-03
    14025.00  0.3246300E-03   0.3648501E-07   0.3246665E-03
    14075.00  0.3250184E-03   0.3658475E-07   0.3250550E-03
    14125.00  0.3190133E-03   0.3624501E-07   0.3190495E-03
    14175.00  0.3192571E-03   0.3634272E-07   0.3192934E-03
    14225.00  0.3161104E-03   0.3643974E-07   0.3161468E-03
    14275.00  0.3113125E-03   0.3653606E-07   0.3113490E-03
    14325.00  0.3174646E-03   0.3663167E-07   0.3175012E-03
    14375.00  0.3175140E-03   0.3672655E-07   0.3175507E-03
    14425.00  0.3120671E-03   0.3682072E-07   0.3121039E-03
    14475.00  0.3168931E-03   0.3691415E-07   0.3169300E-03
    14525.00  0.3146725E-03   0.3700684E-07   0.3147095E-03
    14570.00  0.3159354E-03   0.3708963E-07   0.3159725E-03
    14620.00  0.3107539E-03   0.1408193E-07   0.3107680E-03
    14675.00  0.3096018E-03   0.1409233E-07   0.3096159E-03
    14725.00  0.3064797E-03   0.1396148E-07   0.3064937E-03
    14775.00  0.3097274E-03   0.1397100E-07   0.3097414E-03
    14825.00  0.3105615E-03   0.1398060E-07   0.3105755E-03
    14875.00  0.3099337E-03   0.1399027E-07   0.3099477E-03
    14925.00  0.3170409E-03   0.1400000E-07   0.3170549E-03
    14975.00  0.3139998E-03   0.1400980E-07   0.3140138E-03
    15025.00  0.3144878E-03   0.1401964E-07   0.3145018E-03
    15075.00  0.3132655E-03   0.1402952E-07   0.3132795E-03
    15125.00  0.3173784E-03   0.1403945E-07   0.3173924E-03
    15175.00  0.3185636E-03   0.1404940E-07   0.3185776E-03
    15225.00  0.3195332E-03   0.1405942E-07   0.3195473E-03
    15275.00  0.3217475E-03   0.1406951E-07   0.3217616E-03
    15325.00  0.3202946E-03   0.1407960E-07   0.3203087E-03
    15375.00  0.3227767E-03   0.1408970E-07   0.3227908E-03
    15425.00  0.3226866E-03   0.1409980E-07   0.3227007E-03
    15475.00  0.3236079E-03   0.1410990E-07   0.3236220E-03
    15525.00  0.3203362E-03   0.1411998E-07   0.3203503E-03
    15575.00  0.2959557E-03   0.1413005E-07   0.2959698E-03
    15625.00  0.2951144E-03   0.1414010E-07   0.2951285E-03
    15675.00  0.3022720E-03   0.1415012E-07   0.3022862E-03
    15725.00  0.3158016E-03   0.1416011E-07   0.3158158E-03
    15775.00  0.2810065E-03   0.1417007E-07   0.2810207E-03
    15825.00  0.2750745E-03   0.1417999E-07   0.2750887E-03
    15875.00  0.2840687E-03   0.1418987E-07   0.2840829E-03
    15925.00  0.2966943E-03   0.1419971E-07   0.2967085E-03
    15975.00  0.2795925E-03   0.1420950E-07   0.2796067E-03
    16050.00  0.2767485E-03   0.1422408E-07   0.2767627E-03
    16150.00  0.2883432E-03   0.1424331E-07   0.2883574E-03
    16250.00  0.2717578E-03   0.1426229E-07   0.2717721E-03
    16350.00  0.2956315E-03   0.1428099E-07   0.2956458E-03
    16450.00  0.2679951E-03   0.1429939E-07   0.2680094E-03
    16550.00  0.2893561E-03   0.1431746E-07   0.2893704E-03
    16650.00  0.2703950E-03   0.1433519E-07   0.2704093E-03
    16750.00  0.2832195E-03   0.1435255E-07   0.2832339E-03
    16850.00  0.2719880E-03   0.1436954E-07   0.2720024E-03
    16950.00  0.2783004E-03   0.1438614E-07   0.2783148E-03
    17050.00  0.2760789E-03   0.1440233E-07   0.2760933E-03
    17150.00  0.2734215E-03   0.1441811E-07   0.2734359E-03
    17250.00  0.2731898E-03   0.1443345E-07   0.2732042E-03
    17350.00  0.2616546E-03   0.1444835E-07   0.2616690E-03
    17450.00  0.2664532E-03   0.1446280E-07   0.2664677E-03
    17550.00  0.2597521E-03   0.1447679E-07   0.2597666E-03
    17650.00  0.2597564E-03   0.1449031E-07   0.2597709E-03
    17750.00  0.2538525E-03   0.1450335E-07   0.2538670E-03
    17850.00  0.2538618E-03   0.1451592E-07   0.2538763E-03
    17950.00  0.2505358E-03   0.1452800E-07   0.2505503E-03
    18050.00  0.2432334E-03   0.1453959E-07   0.2432479E-03
    18150.00  0.2436032E-03   0.1455068E-07   0.2436178E-03
    18250.00  0.2395948E-03   0.1456131E-07   0.2396094E-03
    18350.00  0.2347791E-03   0.1457179E-07   0.2347937E-03
    18450.00  0.2329947E-03   0.1458175E-07   0.2330093E-03
    18550.00  0.2312620E-03   0.1294113E-07   0.2312749E-03
    18650.00  0.2265009E-03   0.1294646E-07   0.2265138E-03
    18750.00  0.2243271E-03   0.1295140E-07   0.2243401E-03
    18850.00  0.2201908E-03   0.1295593E-07   0.2202038E-03
    18950.00  0.2127023E-03   0.1296006E-07   0.2127153E-03
    19050.00  0.2156828E-03   0.1296379E-07   0.2156958E-03
    19150.00  0.2103876E-03   0.1296712E-07   0.2104006E-03
    19250.00  0.2083995E-03   0.1297004E-07   0.2084125E-03
    19350.00  0.2019315E-03   0.1297255E-07   0.2019445E-03
    19450.00  0.1977979E-03   0.1297466E-07   0.1978109E-03
    19550.00  0.1972344E-03   0.1297637E-07   0.1972474E-03
    19650.00  0.1933898E-03   0.1297767E-07   0.1934028E-03
    19750.00  0.1879500E-03   0.1297858E-07   0.1879630E-03
    19850.00  0.1868531E-03   0.1297908E-07   0.1868661E-03
    19950.00  0.1846393E-03   0.1297919E-07   0.1846523E-03
    20050.00  0.1842462E-03   0.1297890E-07   0.1842592E-03
    20150.00  0.1813604E-03   0.1297822E-07   0.1813734E-03
    20250.00  0.1761885E-03   0.1296477E-07   0.1762015E-03
    20350.00  0.1746499E-03   0.1296334E-07   0.1746629E-03
    20450.00  0.1743701E-03   0.1296153E-07   0.1743831E-03
    20550.00  0.1707751E-03   0.1295933E-07   0.1707881E-03
    20650.00  0.1681062E-03   0.1295676E-07   0.1681192E-03
    20750.00  0.1663271E-03   0.1295381E-07   0.1663401E-03
    20850.00  0.1633253E-03   0.1295049E-07   0.1633383E-03
    20950.00  0.1605760E-03   0.1294680E-07   0.1605889E-03
    21050.00  0.1601186E-03   0.1294275E-07   0.1601315E-03
    21150.00  0.1570169E-03   0.1293833E-07   0.1570298E-03
    21250.00  0.1544159E-03   0.1293356E-07   0.1544288E-03
    21350.00  0.1538600E-03   0.1292843E-07   0.1538729E-03
    21450.00  0.1513685E-03   0.1292295E-07   0.1513814E-03
    21550.00  0.1484879E-03   0.1291133E-07   0.1485008E-03
    21650.00  0.1466812E-03   0.1290519E-07   0.1466941E-03
    21750.00  0.1439238E-03   0.1289872E-07   0.1439367E-03
    21850.00  0.1424456E-03   0.1289191E-07   0.1424585E-03
    21950.00  0.1409708E-03   0.1288477E-07   0.1409837E-03
    22050.00  0.1372288E-03   0.1287731E-07   0.1372417E-03
    22150.00  0.1378856E-03   0.1286952E-07   0.1378985E-03
    22250.00  0.1338442E-03   0.1279996E-07   0.1338570E-03
    22350.00  0.1323585E-03   0.1279175E-07   0.1323713E-03
    22450.00  0.1307034E-03   0.1278323E-07   0.1307162E-03
    22550.00  0.1297952E-03   0.1277441E-07   0.1298080E-03
    22650.00  0.1262759E-03   0.1276529E-07   0.1262887E-03
    22750.00  0.1267388E-03   0.1275587E-07   0.1267516E-03
    22850.00  0.1238684E-03   0.7812621E-08   0.1238762E-03
    22950.00  0.1008027E-03   0.7780407E-08   0.1008105E-03
    23050.00  0.1091219E-03   0.7772006E-08   0.1091297E-03
    23150.00  0.1083977E-03   0.7763503E-08   0.1084055E-03
    23250.00  0.9026197E-04   0.7754901E-08   0.9026972E-04
    23350.00  0.9988638E-04   0.7746199E-08   0.9989413E-04
    23450.00  0.9150732E-04   0.7737398E-08   0.9151506E-04
    23550.00  0.8029556E-04   0.7728500E-08   0.8030329E-04
    23650.00  0.9050980E-04   0.7719506E-08   0.9051752E-04
    23750.00  0.8336925E-04   0.7710416E-08   0.8337696E-04
    23850.00  0.7623148E-04   0.7701232E-08   0.7623918E-04
    23950.00  0.8402066E-04   0.7691954E-08   0.8402835E-04
    24050.00  0.8010344E-04   0.7682584E-08   0.8011112E-04
    24150.00  0.7332412E-04   0.7673122E-08   0.7333179E-04
    24250.00  0.7910627E-04   0.7663570E-08   0.7911393E-04
    24350.00  0.7514996E-04   0.7653930E-08   0.7515761E-04
    24450.00  0.7210686E-04   0.7644201E-08   0.7211450E-04
    24550.00  0.7253346E-04   0.7634386E-08   0.7254109E-04
    24650.00  0.7298631E-04   0.7624486E-08   0.7299393E-04
    24750.00  0.7015366E-04   0.7614501E-08   0.7016127E-04
    24850.00  0.6177704E-04   0.7604433E-08   0.6178464E-04
    24950.00  0.6017568E-04   0.7594283E-08   0.6018327E-04
    25050.00  0.6212004E-04   0.7584053E-08   0.6212762E-04
    25150.00  0.5791341E-04   0.7573743E-08   0.5792098E-04
    25250.00  0.6085646E-04   0.7563356E-08   0.6086402E-04
    25350.00  0.6035223E-04   0.7552891E-08   0.6035978E-04
    25450.00  0.6046698E-04   0.7542351E-08   0.6047452E-04
    25550.00  0.6003590E-04   0.7531737E-08   0.6004343E-04
    25650.00  0.6030977E-04   0.7521050E-08   0.6031729E-04
    25750.00  0.6138027E-04   0.7510290E-08   0.6138778E-04
    25850.00  0.5944504E-04   0.7499461E-08   0.5945254E-04
    25950.00  0.5973969E-04   0.7488562E-08   0.5974718E-04
    26050.00  0.6071648E-04   0.7477595E-08   0.6072396E-04
    26150.00  0.5963673E-04   0.7466562E-08   0.5964420E-04
    26250.00  0.5891240E-04   0.7455463E-08   0.5891986E-04
    26350.00  0.5937628E-04   0.7444300E-08   0.5938372E-04
    26450.00  0.5908009E-04   0.7433074E-08   0.5908752E-04
    26550.00  0.5845344E-04   0.7421786E-08   0.5846086E-04
    26650.00  0.5753539E-04   0.7410438E-08   0.5754280E-04
    26750.00  0.5891022E-04   0.7399030E-08   0.5891762E-04
    26850.00  0.5842764E-04   0.7387565E-08   0.5843503E-04
    26950.00  0.5655005E-04   0.7376043E-08   0.5655743E-04
    27050.00  0.5761133E-04   0.7364465E-08   0.5761869E-04
    27150.00  0.5700937E-04   0.7352833E-08   0.5701672E-04
    27250.00  0.5741370E-04   0.7341148E-08   0.5742104E-04
    27350.00  0.5536957E-04   0.7329411E-08   0.5537690E-04
    27450.00  0.5617971E-04   0.7317624E-08   0.5618703E-04
    27550.00  0.5636485E-04   0.7305786E-08   0.5637216E-04
    27650.00  0.5554986E-04   0.6888133E-08   0.5555675E-04
    27750.00  0.5410482E-04   0.6876763E-08   0.5411170E-04
    27850.00  0.5493082E-04   0.6865353E-08   0.5493769E-04
    27950.00  0.5505617E-04   0.6853903E-08   0.5506302E-04
    28050.00  0.5453544E-04   0.6842415E-08   0.5454228E-04
    28150.00  0.5319380E-04   0.6830889E-08   0.5320063E-04
    28250.00  0.5338764E-04   0.6819327E-08   0.5339446E-04
    28350.00  0.5346805E-04   0.6807729E-08   0.5347486E-04
    28450.00  0.5291796E-04   0.6796098E-08   0.5292476E-04
    28550.00  0.5222434E-04   0.6784432E-08   0.5223112E-04
    28650.00  0.5191633E-04   0.6772734E-08   0.5192310E-04
    28750.00  0.5156893E-04   0.6761004E-08   0.5157569E-04
    28850.00  0.5121947E-04   0.6749244E-08   0.5122622E-04
    28950.00  0.5073605E-04   0.6737454E-08   0.5074279E-04
    29050.00  0.5023929E-04   0.6725635E-08   0.5024602E-04
    29150.00  0.5002671E-04   0.6713788E-08   0.5003342E-04
    29250.00  0.4902811E-04   0.6701914E-08   0.4903481E-04
    29350.00  0.4929155E-04   0.6690014E-08   0.4929824E-04
    29450.00  0.4861308E-04   0.6678089E-08   0.4861976E-04
    29550.00  0.4816530E-04   0.6666139E-08   0.4817197E-04
    29650.00  0.4806135E-04   0.6654165E-08   0.4806800E-04
    29750.00  0.4769130E-04   0.6639769E-08   0.4769794E-04
    29850.00  0.4701043E-04   0.6627755E-08   0.4701706E-04
    29950.00  0.4668568E-04   0.6615720E-08   0.4669230E-04
    30050.00  0.4624466E-04   0.6603665E-08   0.4625126E-04
    30150.00  0.4604934E-04   0.6591590E-08   0.4605593E-04
    30250.00  0.4548500E-04   0.6579497E-08   0.4549158E-04
    30350.00  0.4494871E-04   0.6567385E-08   0.4495528E-04
    30450.00  0.4476936E-04   0.6555257E-08   0.4477592E-04
    30550.00  0.4431039E-04   0.6543112E-08   0.4431693E-04
    30650.00  0.4393368E-04   0.6530952E-08   0.4394021E-04
    30750.00  0.4359294E-04   0.6518777E-08   0.4359946E-04
    30850.00  0.4293934E-04   0.6506588E-08   0.4294585E-04
    30950.00  0.4261691E-04   0.6494386E-08   0.4262340E-04
    31050.00  0.4241841E-04   0.6482171E-08   0.4242489E-04
    31150.00  0.4171966E-04   0.6469944E-08   0.4172613E-04
    31250.00  0.4148904E-04   0.6457706E-08   0.4149550E-04
    31350.00  0.4102645E-04   0.6444214E-08   0.4103289E-04
    31450.00  0.4061212E-04   0.6431961E-08   0.4061855E-04
    31550.00  0.4020112E-04   0.6419698E-08   0.4020754E-04
    31650.00  0.3961538E-04   0.6407426E-08   0.3962179E-04
    31750.00  0.3944723E-04   0.6395147E-08   0.3945363E-04
    31850.00  0.3899510E-04   0.6382860E-08   0.3900148E-04
    31950.00  0.3862026E-04   0.6370567E-08   0.3862663E-04
    32100.00  0.3794473E-04   0.6339751E-08   0.3795107E-04
    32300.00  0.3708280E-04   0.6315233E-08   0.3708912E-04
    32500.00  0.3631421E-04   0.6290699E-08   0.3632050E-04
    32700.00  0.3548957E-04   0.6266152E-08   0.3549584E-04
    32900.00  0.3470592E-04   0.4849360E-08   0.3471077E-04
    33100.00  0.3395179E-04   0.4824798E-08   0.3395661E-04
    33300.00  0.3322829E-04   0.4805751E-08   0.3323310E-04
    33500.00  0.3262170E-04   0.4786721E-08   0.3262649E-04
    33700.00  0.3187867E-04   0.4767711E-08   0.3188344E-04
    33900.00  0.3118849E-04   0.4748723E-08   0.3119324E-04
    34100.00  0.3047783E-04   0.4729760E-08   0.3048256E-04
    34300.00  0.2991369E-04   0.4710823E-08   0.2991840E-04
    34500.00  0.2931687E-04   0.4691915E-08   0.2932156E-04
    34700.00  0.2868555E-04   0.4673038E-08   0.2869022E-04
    34900.00  0.2811559E-04   0.4654195E-08   0.2812024E-04
    35100.00  0.2757654E-04   0.4635386E-08   0.2758118E-04
    35300.00  0.2692817E-04   0.4616614E-08   0.2693279E-04
    35500.00  0.2644810E-04   0.4597880E-08   0.2645270E-04
    35700.00  0.2588391E-04   0.4579187E-08   0.2588849E-04
    35900.00  0.2535646E-04   0.4560537E-08   0.2536102E-04
    36100.00  0.2490124E-04   0.4541930E-08   0.2490578E-04
    36300.00  0.2440469E-04   0.4523368E-08   0.2440921E-04
    36500.00  0.2384825E-04   0.4504854E-08   0.2385275E-04
    36700.00  0.2337631E-04   0.4486388E-08   0.2338080E-04
    36900.00  0.2280615E-04   0.4467971E-08   0.2281062E-04
    37100.00  0.2229343E-04   0.4449606E-08   0.2229788E-04
    37300.00  0.2196609E-04   0.4431294E-08   0.2197052E-04
    37500.00  0.2139502E-04   0.4413035E-08   0.2139943E-04
    37700.00  0.2113463E-04   0.4394832E-08   0.2113902E-04
    37900.00  0.2070795E-04   0.4376684E-08   0.2071233E-04
    38100.00  0.2036821E-04   0.4358594E-08   0.2037257E-04
    38300.00  0.2001269E-04   0.4340563E-08   0.2001703E-04
    38500.00  0.1965758E-04   0.4322590E-08   0.1966190E-04
    38700.00  0.1919564E-04   0.4178622E-08   0.1919982E-04
    38900.00  0.1886742E-04   0.4161321E-08   0.1887158E-04
    39100.00  0.1854830E-04   0.4144081E-08   0.1855244E-04
    39300.00  0.1822512E-04   0.4126902E-08   0.1822925E-04
    39500.00  0.1777601E-04   0.4109786E-08   0.1778012E-04
    39700.00  0.1745761E-04   0.4092733E-08   0.1746170E-04
    39900.00  0.1703645E-04   0.4075743E-08   0.1704053E-04
    40100.00  0.1680700E-04   0.4058819E-08   0.1681106E-04
    40300.00  0.1657336E-04   0.4041959E-08   0.1657740E-04
    40500.00  0.1623696E-04   0.4025165E-08   0.1624099E-04
    40700.00  0.1597612E-04   0.4008437E-08   0.1598013E-04
    40900.00  0.1570494E-04   0.3991776E-08   0.1570893E-04
    41100.00  0.1543882E-04   0.3974591E-08   0.1544279E-04
    41300.00  0.1519866E-04   0.3958067E-08   0.1520262E-04
    41500.00  0.1491343E-04   0.3941611E-08   0.1491737E-04
    41700.00  0.1463969E-04   0.3925224E-08   0.1464362E-04
    41900.00  0.1438097E-04   0.3908906E-08   0.1438488E-04
    42100.00  0.1412371E-04   0.3892657E-08   0.1412760E-04
    42300.00  0.1395499E-04   0.3876478E-08   0.1395887E-04
    42500.00  0.1367073E-04   0.3860368E-08   0.1367459E-04
    42700.00  0.1347766E-04   0.3844329E-08   0.1348150E-04
    42900.00  0.1265649E-04   0.3828361E-08   0.1266032E-04
    43100.00  0.1178051E-04   0.3812154E-08   0.1178432E-04
    43300.00  0.1181887E-04   0.3796326E-08   0.1182267E-04
    43500.00  0.1120502E-04   0.3780569E-08   0.1120880E-04
    43700.00  0.1084250E-04   0.3764884E-08   0.1084626E-04
    43900.00  0.1053015E-04   0.3746076E-08   0.1053390E-04
    44100.00  0.1004445E-04   0.3730559E-08   0.1004818E-04
    44300.00  0.9936604E-05   0.3715115E-08   0.9940319E-05
    44500.00  0.9714134E-05   0.3699742E-08   0.9717834E-05
    44700.00  0.9365576E-05   0.3576713E-08   0.9369153E-05
    44900.00  0.9380617E-05   0.3192475E-08   0.9383809E-05
    45100.00  0.9122367E-05   0.3179459E-08   0.9125546E-05
    45300.00  0.8896262E-05   0.3166505E-08   0.8899429E-05
    45500.00  0.8871578E-05   0.3153614E-08   0.8874732E-05
    45700.00  0.8722683E-05   0.3140784E-08   0.8725824E-05
    45900.00  0.8462851E-05   0.3128017E-08   0.8465979E-05
    46100.00  0.8498184E-05   0.3115311E-08   0.8501299E-05
    46300.00  0.8301912E-05   0.3102668E-08   0.8305015E-05
    46500.00  0.8202827E-05   0.3090086E-08   0.8205917E-05
    46700.00  0.8176560E-05   0.3077566E-08   0.8179638E-05
    46900.00  0.7999527E-05   0.3065108E-08   0.8002592E-05
    47100.00  0.7854334E-05   0.3052711E-08   0.7857387E-05
    47300.00  0.7881878E-05   0.3040376E-08   0.7884918E-05
    47500.00  0.7697643E-05   0.3028102E-08   0.7700671E-05
    47700.00  0.7600957E-05   0.3015890E-08   0.7603973E-05
    47900.00  0.7533088E-05   0.3003739E-08   0.7536092E-05
    48100.00  0.7338000E-05   0.2991649E-08   0.7340992E-05
    48300.00  0.7376885E-05   0.2979620E-08   0.7379865E-05
    48500.00  0.7243025E-05   0.2967651E-08   0.7245993E-05
    48700.00  0.7094977E-05   0.2955744E-08   0.7097933E-05
    48900.00  0.6999815E-05   0.2943896E-08   0.7002759E-05
    49100.00  0.6917953E-05   0.2932110E-08   0.6920885E-05
    49300.00  0.6822613E-05   0.2920383E-08   0.6825533E-05
    49500.00  0.6680528E-05   0.2908716E-08   0.6683437E-05
    49700.00  0.6685666E-05   0.2897109E-08   0.6688563E-05
    49900.00  0.6584521E-05   0.2885562E-08   0.6587407E-05
    50100.00  0.6500169E-05   0.2874074E-08   0.6503043E-05
    50300.00  0.6413706E-05   0.2862646E-08   0.6416569E-05
    50500.00  0.6278930E-05   0.2851277E-08   0.6281781E-05
    50700.00  0.6251605E-05   0.2839966E-08   0.6254445E-05
    50900.00  0.6149943E-05   0.2828714E-08   0.6152772E-05
    51100.00  0.6063248E-05   0.2817521E-08   0.6066066E-05
    51300.00  0.6003457E-05   0.2806386E-08   0.6006263E-05
    51500.00  0.5900896E-05   0.2748909E-08   0.5903645E-05
    51700.00  0.5891051E-05   0.2738093E-08   0.5893789E-05
    51900.00  0.5798318E-05   0.2727333E-08   0.5801045E-05
    52100.00  0.5739897E-05   0.2716630E-08   0.5742614E-05
    52300.00  0.5641356E-05   0.2705983E-08   0.5644062E-05
    52500.00  0.5601400E-05   0.2695391E-08   0.5604095E-05
    52700.00  0.5594070E-05   0.2684855E-08   0.5596755E-05
    52900.00  0.5465944E-05   0.2674375E-08   0.5468618E-05
    53100.00  0.5371235E-05   0.2663950E-08   0.5373899E-05
    53300.00  0.5352868E-05   0.2653579E-08   0.5355522E-05
    53500.00  0.5282312E-05   0.2643263E-08   0.5284955E-05
    53700.00  0.5222690E-05   0.2633002E-08   0.5225323E-05
    53900.00  0.5174309E-05   0.2622795E-08   0.5176932E-05
    54100.00  0.5117354E-05   0.2612642E-08   0.5119967E-05
    54300.00  0.5024919E-05   0.2602354E-08   0.5027521E-05
    54500.00  0.5018277E-05   0.2592305E-08   0.5020869E-05
    54700.00  0.4912392E-05   0.2582310E-08   0.4914974E-05
    54900.00  0.4896261E-05   0.2572368E-08   0.4898833E-05
    55100.00  0.4801690E-05   0.2562479E-08   0.4804252E-05
    55300.00  0.4854419E-05   0.2552642E-08   0.4856972E-05
    55500.00  0.4709488E-05   0.2542858E-08   0.4712031E-05
    55700.00  0.4703348E-05   0.2533125E-08   0.4705881E-05
    55900.00  0.4628818E-05   0.2523445E-08   0.4631341E-05
    56100.00  0.4620681E-05   0.2513815E-08   0.4623195E-05
    56300.00  0.4516903E-05   0.2504237E-08   0.4519407E-05
    56500.00  0.4506813E-05   0.2494632E-08   0.4509308E-05
    56700.00  0.4451443E-05   0.2485151E-08   0.4453928E-05
    56900.00  0.4359336E-05   0.2475720E-08   0.4361812E-05
    57100.00  0.4359817E-05   0.2466340E-08   0.4362283E-05
    57300.00  0.4312320E-05   0.2457010E-08   0.4314777E-05
    57500.00  0.4253653E-05   0.2446741E-08   0.4256100E-05
    57700.00  0.4208878E-05   0.2437520E-08   0.4211316E-05
    57900.00  0.4186004E-05   0.2428348E-08   0.4188432E-05
    58100.00  0.4125209E-05   0.2419225E-08   0.4127628E-05
    58300.00  0.4082225E-05   0.2410151E-08   0.4084635E-05
    58500.00  0.4035884E-05   0.2212947E-08   0.4038097E-05
    58700.00  0.3969250E-05   0.2204260E-08   0.3971454E-05
    58900.00  0.3935592E-05   0.2196128E-08   0.3937788E-05
    59100.00  0.3885159E-05   0.2188039E-08   0.3887347E-05
    59300.00  0.3858758E-05   0.2179993E-08   0.3860938E-05
    59500.00  0.3799184E-05   0.2171989E-08   0.3801356E-05
    59700.00  0.3779260E-05   0.2164028E-08   0.3781424E-05
    59900.00  0.3738171E-05   0.2156108E-08   0.3740327E-05
    60100.00  0.3694528E-05   0.2148231E-08   0.3696676E-05
    60300.00  0.3650066E-05   0.2140395E-08   0.3652206E-05
    60500.00  0.3596332E-05   0.2132601E-08   0.3598465E-05
    60700.00  0.3560228E-05   0.2124848E-08   0.3562353E-05
    60900.00  0.3515742E-05   0.2117136E-08   0.3517859E-05
    61100.00  0.3475127E-05   0.2109464E-08   0.3477236E-05
    61300.00  0.3449080E-05   0.2101833E-08   0.3451182E-05
    61500.00  0.3416891E-05   0.2094242E-08   0.3418985E-05
    61700.00  0.3391068E-05   0.2086692E-08   0.3393155E-05
    61900.00  0.3343812E-05   0.2079181E-08   0.3345891E-05
    62100.00  0.3317989E-05   0.2071709E-08   0.3320061E-05
    62300.00  0.3270295E-05   0.2064277E-08   0.3272359E-05
    62500.00  0.3222112E-05   0.2056884E-08   0.3224169E-05
    62700.00  0.3188720E-05   0.2049530E-08   0.3190770E-05
    62900.00  0.3157834E-05   0.2042214E-08   0.3159876E-05
    63100.00  0.3122944E-05   0.2034937E-08   0.3124979E-05
    63300.00  0.3101988E-05   0.2027698E-08   0.3104016E-05
    63500.00  0.3060408E-05   0.2020497E-08   0.3062428E-05
    63700.00  0.3040517E-05   0.2013334E-08   0.3042530E-05
    63900.00  0.2991190E-05   0.2006208E-08   0.2993196E-05
    64200.00  0.2953841E-05   0.1995590E-08   0.2955837E-05
    64600.00  0.2883325E-05   0.1981561E-08   0.2885307E-05
    65000.00  0.2823628E-05   0.1967678E-08   0.2825596E-05
    65400.00  0.2761247E-05   0.1953939E-08   0.2763201E-05
    65800.00  0.2707799E-05   0.1940344E-08   0.2709739E-05
    66200.00  0.2647389E-05   0.1907582E-08   0.2649297E-05
    66600.00  0.2591881E-05   0.1894421E-08   0.2593775E-05
    67000.00  0.2538706E-05   0.1881396E-08   0.2540587E-05
    67400.00  0.2481435E-05   0.1868505E-08   0.2483304E-05
    67800.00  0.2429207E-05   0.1855747E-08   0.2431063E-05
    68200.00  0.2376434E-05   0.1843120E-08   0.2378277E-05
    68600.00  0.2329825E-05   0.1830622E-08   0.2331656E-05
    69000.00  0.2279794E-05   0.1818252E-08   0.2281612E-05
    69400.00  0.2233025E-05   0.1805934E-08   0.2234831E-05
    69800.00  0.2185822E-05   0.1793814E-08   0.2187616E-05
    70200.00  0.2139622E-05   0.1781817E-08   0.2141404E-05
    70600.00  0.2097524E-05   0.1769942E-08   0.2099294E-05
    71000.00  0.2053091E-05   0.1758187E-08   0.2054849E-05
    71400.00  0.2011866E-05   0.1746551E-08   0.2013613E-05
    71800.00  0.1969628E-05   0.1735020E-08   0.1971363E-05
    72200.00  0.1931315E-05   0.1723616E-08   0.1933039E-05
    72600.00  0.1891060E-05   0.1712328E-08   0.1892772E-05
    73000.00  0.1852617E-05   0.1700798E-08   0.1854318E-05
    73400.00  0.1814698E-05   0.1689737E-08   0.1816388E-05
    73800.00  0.1778436E-05   0.1678786E-08   0.1780115E-05
    74200.00  0.1740466E-05   0.1585235E-08   0.1742051E-05
    74600.00  0.1704198E-05   0.1575129E-08   0.1705773E-05
    75000.00  0.1670922E-05   0.1565123E-08   0.1672487E-05
    75400.00  0.1638703E-05   0.1555216E-08   0.1640258E-05
    75800.00  0.1608299E-05   0.1545406E-08   0.1609844E-05
    76200.00  0.1577635E-05   0.1535692E-08   0.1579171E-05
    76600.00  0.1546653E-05   0.1526074E-08   0.1548179E-05
    77000.00  0.1515930E-05   0.1516549E-08   0.1517447E-05
    77400.00  0.1486786E-05   0.1507116E-08   0.1488293E-05
    77800.00  0.1458192E-05   0.1497775E-08   0.1459690E-05
    78200.00  0.1429675E-05   0.1488525E-08   0.1431164E-05
    78600.00  0.1403134E-05   0.1479364E-08   0.1404613E-05
    79000.00  0.1376325E-05   0.1470291E-08   0.1377795E-05
    79400.00  0.1350058E-05   0.1461305E-08   0.1351519E-05
    79800.00  0.1324636E-05   0.1452406E-08   0.1326088E-05
    80200.00  0.1298286E-05   0.1443592E-08   0.1299730E-05
    80600.00  0.1274092E-05   0.1434861E-08   0.1275527E-05
    81000.00  0.1251548E-05   0.1426214E-08   0.1252974E-05
    81400.00  0.1227904E-05   0.1417649E-08   0.1229322E-05
    81800.00  0.1206020E-05   0.1409164E-08   0.1207429E-05
    82200.00  0.1183676E-05   0.1400760E-08   0.1185077E-05
    82600.00  0.1161598E-05   0.1383547E-08   0.1162982E-05
    83000.00  0.1140382E-05   0.1375363E-08   0.1141757E-05
    83400.00  0.1119308E-05   0.1367255E-08   0.1120675E-05
    83800.00  0.1098888E-05   0.1359224E-08   0.1100247E-05
    84200.00  0.1080026E-05   0.1351267E-08   0.1081377E-05
    84600.00  0.1060019E-05   0.1343384E-08   0.1061362E-05
    85000.00  0.1041063E-05   0.1335574E-08   0.1042399E-05
    85400.00  0.1022788E-05   0.1327836E-08   0.1024116E-05
    85800.00  0.1004840E-05   0.1320169E-08   0.1006160E-05
    86200.00  0.9878070E-06   0.1312549E-08   0.9891195E-06
    86600.00  0.9707261E-06   0.1305022E-08   0.9720311E-06
    87000.00  0.9534909E-06   0.1297564E-08   0.9547885E-06
    87400.00  0.9372346E-06   0.1290174E-08   0.9385248E-06
    87800.00  0.9206022E-06   0.1282851E-08   0.9218851E-06
    88200.00  0.9045067E-06   0.1275595E-08   0.9057823E-06
    88600.00  0.8887504E-06   0.1268404E-08   0.8900188E-06
    89000.00  0.8740417E-06   0.1261266E-08   0.8753030E-06
    89400.00  0.8594473E-06   0.1254204E-08   0.8607015E-06
    89800.00  0.8438630E-06   0.1247206E-08   0.8451102E-06
    90200.00  0.8306694E-06   0.1240125E-08   0.8319095E-06
    90600.00  0.8167372E-06   0.1233254E-08   0.8179705E-06
    91000.00  0.8018267E-06   0.1226443E-08   0.8030531E-06
    91400.00  0.7890180E-06   0.1179923E-08   0.7901979E-06
    91800.00  0.7766052E-06   0.1173415E-08   0.7777786E-06
    92200.00  0.7639236E-06   0.1167044E-08   0.7650906E-06
    92600.00  0.7513900E-06   0.1160729E-08   0.7525507E-06
    93000.00  0.7392147E-06   0.1154469E-08   0.7403692E-06
    93400.00  0.7269007E-06   0.1148263E-08   0.7280490E-06
    93800.00  0.7153102E-06   0.1142112E-08   0.7164523E-06
    94200.00  0.7036401E-06   0.1136014E-08   0.7047761E-06
    94600.00  0.6920301E-06   0.1129969E-08   0.6931601E-06
    95000.00  0.6810229E-06   0.1123976E-08   0.6821469E-06
    95400.00  0.6703411E-06   0.1118034E-08   0.6714591E-06
    95800.00  0.6597760E-06   0.1112144E-08   0.6608881E-06
    96200.00  0.6492563E-06   0.1106304E-08   0.6503626E-06
    96600.00  0.6389558E-06   0.1100514E-08   0.6400563E-06
    97000.00  0.6288518E-06   0.1094773E-08   0.6299466E-06
    97400.00  0.6181884E-06   0.1089081E-08   0.6192775E-06
    97800.00  0.6090916E-06   0.1083437E-08   0.6101750E-06
    98200.00  0.5998283E-06   0.1077841E-08   0.6009061E-06
    98600.00  0.5905577E-06   0.1072292E-08   0.5916300E-06
    99000.00  0.5818511E-06   0.1066789E-08   0.5829179E-06
    99400.00  0.5727930E-06   0.1061333E-08   0.5738543E-06
    99800.00  0.5639092E-06   0.1055922E-08   0.5649651E-06
   100200.00  0.5552117E-06   0.3120683E-09   0.5555238E-06
   200000.00  0.3778571E-07   0.7832946E-10   0.3786404E-07
   400000.00  0.2444131E-08   0.1958236E-10   0.2463713E-08
   600000.00  0.4865154E-09   0.8703273E-11   0.4952187E-09
   800000.00  0.1542988E-09   0.4895591E-11   0.1591944E-09
  1000000.00  0.6324208E-10   0.3133178E-11   0.6637526E-10
  1200000.00  0.3047835E-10   0.2175818E-11   0.3265417E-10
  1400000.00  0.1643306E-10   0.1598560E-11   0.1803162E-10
  1600000.00  0.9625189E-11   0.1223898E-11   0.1084909E-10
